landscape/exported_ascii_MS_HABMAT_PATCHES_ONLY_DIST/simulation_000007_p030_h015_HABMAT_patch_more_500pix_edge_dist_modified.asc
ncols         512
nrows         512
xllcorner     0
yllcorner     0
cellsize      10
NODATA_value  -99
[rows 220 to 241 of 512, columns 50 to 99 of 512]
971.4422267947795717 962.0810776644555062 952.7329111561119817 943.3981132056603656 934.0770846134702197 924.7702417357513696 915.4780172128656659 906.2008607367353079 896.9392398596462499 887.6936408468858417 878.4645695758025568 869.2525524840292519 860.0581375697807971 850.8818954473058511 841.7244204607586653 832.5863318599459717 823.4682750416071713 814.3709228600932875 805.2949770115295678 796.2411694957753525 787.2102641607259557 778.2030583337487997 769.2203845452875157 760.2631123499285195 751.3321502504734326 742.42844773082345 733.5529974037322063 724.7068372797375559 715.8910531638176735 707.1067811865475505 698.3552104767314859 689.6375859826666783 680.9552114493287718 672.3094525588644501 663.7017402418047141 655.133574166368021 646.6065264130884316 638.1222453417526594 629.682459657246568 621.2889826803626647 612.9437168288782232 604.6486583132389114 596.4059020499378221 588.2176467941096689 580.0862004909270127 572.0139858430036384 564.0035460881429117 556.0575509783137704 548.178802946629844 540.3702434442518552
967.9876032264049854 958.5927185202274359 949.2101980067428713 939.8404119849284371 930.4837451562493698 921.1405973031478425 911.8113840043893106 902.4965373894793856 893.1965069345043275 883.9117603018979707 874.6427842267950155 865.3900854527973934 856.1541917201597016 846.9356528095862586 837.7350416450299235 828.5529554590943917 819.3900170248597306 810.246875958186024 801.1242100947891913 792.0227269466450934 782.943165242535315 773.8862965578341573 764.8529270389177555 755.8438992278762498 746.8600939935136012 737.9024325749305717 728.9718787443038082 720.0694410957876244 711.1961754677819272 702.3531875061150913 693.5416353759881076 684.7627326307996327 676.0177512462228151 667.308024828114867 658.6349520030045142 650 641.4047084329830568 632.8506932918695611 624.3396511515186376 615.8733636065128394 607.4537019394975914 599.0826320300063799 590.762219509677152 582.4946351684279762 574.2821606144491398 566.1271941887264347 558.0322571321481746 550 542.0332093147061414 534.1348144429456397
964.6242791885346151 955.1963149007642642 945.7801012920498351 936.3759928575700542 926.9843580125826747 917.605579756356974 908.2400563727632061 898.888202169769329 889.5504482602434564 880.2272433866154415 870.9190547921201642 861.6263691415206267 852.3496934944014356 843.0895563343196955 833.8465086573187364 824.6211251235321242 815.4140052758475576 806.2257748298549132 797.0570870395670227 787.9086241436883711 778.7810988975014652 769.6752561957542866 760.5918747922568173 751.5317691222373924 742.4957912338628603 733.4848328356899856 724.4998274671982017 715.5417527999327376 706.6116330771804996 697.7105417004962646 688.839603971780889 680 671.1929677819933886 662.4198064671677457 653.6818798161687027 644.9806198638839305 636.3175307973212966 627.6941930590086258 619.1122676865642234 610.5735008989498738 602.0797289396148244 593.6328831862332436 585.2349955359812839 576.8882040742382742 568.5947590331800257 560.3570290448759579 552.1775076911409315 544.0588203494177151 536.0037313302958637 528.0151512977633956
961.3532129243652662 951.8928511129811341 942.4436322666730348 933.0058949438637228 923.5799911215053726 914.1662868428260253 904.765162901401709 895.3770155638350161 886.0022573334674689 876.6413177577246643 867.2946442818611104 857.9627031520659557 848.6459803710849883 839.3449827097317666 830.0602387778852744 820.7923001588160332 811.5417426109393091 802.309167341368493 793.0952023559340205 783.9005038906404934 774.7257579298625387 765.571681816928276 756.4390259630977198 747.3285756613352078 738.2411530116700078 729.1776189653656957 720.1388754955532931 711.125867902440973 702.1395872616783436 693.1810730249347898 684.2514157822400875 675.3517601961217451 666.483308118065338 657.6473218982952176 648.8451279003334093 640.0781202322103809 631.3477647065839164 622.6556030423238326 614.0032573203500306 605.3924347066124483 596.8249324550708934 588.3026432033091169 579.8275605729689914 571.4017850864661341 563.0275304103698772 554.7071299343465398 546.443043692570086 538.2378656319156107 530.0943312279429165 522.0153254455275373
958.1753492967766306 948.6832980505138266 939.2017887546850261 929.7311439335567229 920.2716990106780486 910.8238029388560335 901.3878188659973603 891.9641248391103545 882.5531145489204619 873.1551981177229891 863.7708029332781052 854.4003745317530729 845.0443775329198388 835.7032966310471238 826.3776376451628494 817.0679286326198962 807.7747210701755876 798.4985911070851898 789.2401408950256609 780 770.7788269017254379 761.5773105863908086 752.3961722390671412 743.2361670424818385 734.0980860893181443 724.9827584156743114 715.8910531638176735 706.8238818828916692 697.782200976780473 688.7670143089026169 679.7793759742935435 670.8203932499369557 661.8912297349164646 652.9931086925803356 644.1273166075166046 635.2952069707436067 626.4982043070833697 617.7378084592199912 609.0155991434045291 600.3332407921453751 591.69248769948058 583.0951894845300103 574.543296888929035 566.0388679233961966 557.5840743780260027 549.1812087098392112 540.8326913195984389 532.5410782277739372 524.3090691567331305 516.1395160225575864
955.0916186418976395 945.568612000208077 936.0555539069249562 926.5527507918801575 917.0605214488300589 907.5791976461338209 898.1091247727082418 888.6506625215557733 879.204185613330651 869.7700845625813599 860.3487664894975069 850.9406559801923322 841.5461959987699174 832.165848854661931 822.8000972289685251 813.449445263809821 804.1144197189850047 794.7955712005446003 785.4934754662192518 776.2087348130012288 766.9419795525603831 757.6938695805846464 748.4650960465692151 739.2563831310487785 730.0684899377591819 720.9022125087424229 711.7583859709698118 702.6378868236469089 693.5416353759881076 684.4705983459041363 675.4257916307312826 666.4082832618454404 657.4191965557440653 648.4597134749390079 639.5310782127792208 630.6346010171024545 621.7716622683925607 612.9437168288782232 604.1522986797285739 595.3990258641678111 586.6856057549051684 578.0138406647370175 569.3856338194703994 560.8029957123981148 552.2680508593630293 543.7830449729009388 535.3503525729669263 526.972485050215937 518.6520991955975433 510.3920062069938126
952.1029356114810298 942.5497334358542503 933.0058949438637228 923.4717104492156068 913.9474820797964867 904.4335243676010805 894.9301648732151762 885.4377448471461776 875.956619930462125 866.4871608973787716 857.0297544426331342 847.5848040166836199 838.1527307120104524 828.7339742040264809 819.3289937503737974 809.938269252663531 800.5623023850173468 791.2016177940993202 781.8567643756751977 772.5283166331186067 763.2168761236873706 753.9230729988305484 744.6475676452586185 735.3910524340094526 726.1542535852832998 716.9379331573968557 707.7428911688198241 698.5699678629192704 689.4200461257273673 680.2940540677979016 671.1929677819933886 662.1178142898739907 653.069674690227771 644.0496875241847192 635.0590523722970602 626.0990336999410601 617.1709649683789394 608.2762530298219872 599.4163828258283502 590.5929224093359835 581.8075283115542788 573.0619512757760958 564.358042380898496 555.6977595779922012 547.0831746635972195 538.5164807134503917 530 521.5361924162118612 513.1276644266999938 504.7771785649584899
949.2101980067428713 939.6275858019495217 930.0537618869136622 920.4890004774636054 910.9335870413385692 901.3878188659973603 891.8520056601319084 882.3264701911645034 872.8115489611717521 863.3075929238663093 853.8149682454624099 844.3340571124678036 834.8652585896720666 825.408989531856264 815.965685553013941 806.5358020571684392 797.119815335185308 787.7182237323191885 778.3315488916018694 768.9603370785778225 759.6051605933176916 750.26661927610769 740.9453421137081932 731.6419889536138044 722.3572523343279954 713.0918594402827466 703.8465741907109532 694.6221994724902515 685.4195795277516936 676.2396025078685398 667.0832032063167389 657.9513659838393096 648.8451279003334093 639.765582068932531 630.7138812488591384 621.691241694782093 612.698947281615574 603.738353924943226 594.8108943185220596 585.9180830116100651 577.061521850140366 568.2429058070149495 559.4640292279746063 550.7267925205745769 542.0332093147061414 533.3854141237834483 524.7856705360770775 516.2363799656122865 507.7400909914441627 499.29950931279717
946.4142856064673879 936.8030742904295494 927.200086281273002 917.605579756356974 908.0198235721509263 898.4430978086480764 888.8756943465155018 879.3179174792243202 869.7700845625813599 860.232526704262682 850.7055894961546301 841.1896337925236367 831.6850365372698661 822.1921916437786422 812.7115109311544074 803.2434251209281229 793.7883848986454041 784.3468620451030802 774.9193506423748659 765.5063683601855473 756.1084578286371425 746.7261881037787816 737.3601562330310344 728.0109889280518018 718.6793443532379797 709.3659140387279649 700.0714249274855092 690.7966415668217905 681.5423684555495356 672.3094525588644501 663.0987860040161195 653.9113089708725965 644.7480127925948636 635.6099432828281124 626.4982043070833697 617.4139616173252989 608.3584469702052502 599.3329625508679328 590.338885725817704 581.3776741499452783 572.4508712544684386 563.5601121442148269 554.7071299343465398 545.8937625582472037 537.1219600798314104 528.3937925449162094 519.7114584074513459 511.0772935672255244 502.4937810560444973 493.9635614091387765
943.7160589923221323 934.0770846134702197 924.4457799135652749 914.8223871331528017 905.2071586106685572 895.6003573022958335 886.0022573334674689 876.4131445842194807 866.8333173107733955 857.2630868059115983 847.7027781009096543 838.1527307120104524 828.6132994346638725 819.0848551890090903 809.5677859203638036 800.0624975587844574 790.5694150420948745 781.0889834071404039 771.6216689544170322 762.1679604916490689 752.7283706623525177 743.3034373659252196 733.8937252763508923 724.4998274671982017 715.12236715124493 705.7619995437555644 696.4194138592059744 687.0953354520753464 677.7905281132217397 668.5057965343307842 659.2419889539803535 650 640.7807737440317624 631.5853069855251078 622.4146527838174734 613.2699242584785679 604.1522986797285739 595.0630218724736551 586.0034129593444732 576.9748694700662099 567.9788728465171062 559.0169943749474442 550.0909015790026615 541.2023651093923036 532.3532661682465914 523.5456045083369645 514.7815070493500116 506.063237155199829 497.3932046178355222 488.7739763939974864
941.1163583744573771 931.4504817756014745 921.7917335276987387 912.1403400793103629 902.4965373894793856 892.8605714219886522 883.2326986700617226 873.6131867136622304 864.0023148117139726 854.4003745317530729 844.8076704197234221 835.2245207128439688 825.6512580987205183 816.0882305241266295 806.5358020571684392 796.9943538068509952 787.464284904401211 777.9460135510689724 768.4399781375250313 758.9466384404109931 749.4664769020693029 740 730.547739713155238 721.1102550927978427 711.6881339463234326 702.2819946431775406 692.8924880528003314 683.5202996254024583 674.1661516273269399 664.8308055437864823 655.5150646628954973 646.21977685614047 636.9458375717671288 627.6941930590086258 618.4658438426490648 609.2618484691126923 600.0833275470998842 590.9314681077662499 581.8075283115542788 572.7128425310540933 563.6488268416781011 554.6169849544819499 545.6189146281495823 536.6563145999494964 527.7309920783504822 518.844870842913906 510 501.1985634456667071 492.4428900898052461 483.7354648979130047
938.6160024205852324 928.9241088485108548 919.2388155425118157 909.5603333479313051 899.8888820293313984 890.2246907382427707 880.5679985100525755 870.9190547921201642 861.2781200053790371 851.645466141868269 842.0213774008353766 832.4061508662703091 822.8000972289685251 813.2035415564789673 803.6168241145776392 794.0403012442126283 784.4743462982074789 774.9193506423748659 765.3757247260981558 755.8438992278762498 746.3243262818116364 736.8174807915457905 727.3238618387272254 717.8439941937244839 708.3784299369934843 698.9277502002621532 689.4925670375279196 680.0735254367721154 670.6713054842886095 661.2866246946175579 651.9202405202648833 642.572953056693791 633.2456079595025358 623.9390995922599359 614.6543744251723638 605.3924347066124483 596.1543424315551647 586.9412236331675103 577.7542730261715178 568.5947590331800257 559.4640292279746063 550.3635162326805812 541.2947441089743279 532.2593352868506145 523.2590180780451874 514.2956348249516623 505.3711507397310925 496.4876634922563881 487.6474136094643654 478.8527957525151351
936.215787091843481 926.4987857520375201 916.787870774913813 907.0832376358853253 897.3850901368932682 887.6936408468858417 878.0091115700337241 868.3317338436963837 858.6617494683223413 848.9994110716449995 839.3449827097317666 829.6987405076615687 820.0609733428362915 810.4319835741923725 800.8120878208569593 791.2016177940993202 781.6009211867652766 772.0103626247513375 762.430324685475739 752.8612089887484444 743.3034373659252196 733.7574531137656777 724.2237223399962431 714.7027354082255215 705.195008490559303 695.7010852370434577 686.2215385719105143 676.756972627545224 667.308024828114867 657.8753681359411303 648.4597134749390079 639.0618123468183285 629.682459657246568 620.3224967708329132 610.9828148156051384 601.6643582596528859 592.3681287847954309 583.0951894845300103 573.8466694161429587 564.6237685397242103 555.4277630799526833 546.2600113499065628 537.1219600798314104 528.0151512977633956 518.9412298131649095 509.9019513592784847 500.8991914547277702 491.9349550499537145 483.0113870293328659 474.1307836451879325
933.9164844888433663 924.1753080449617528 914.4397191723464857 904.7098982546835941 894.9860334105778747 885.2683209061532352 875.5569655939012819 865.8521813797086679 856.1541917201597016 846.463230152379424 836.7795408588812052 827.103379270088567 817.4350127074322927 807.7747210701755876 798.1227975693965391 788.4795495128582843 778.8452991448301646 769.2203845452875157 759.6051605933176916 750 740.4052944165107419 730.8214556237385295 721.2489168102785015 711.6881339463234326 702.1395872616783436 692.6037828369117051 683.081254317522621 673.5725647619564143 664.07830863535969 654.5991139621256707 645.1356446515725338 635.6886030125127718 626.2587324740470649 616.8468205316454487 607.4537019394975914 598.0802621722272079 588.7274411814009909 579.3962374748389266 570.0877125495690052 560.8029957123981148 551.5432893255070894 542.3098745182498988 533.1041174104735774 523.9274758971894244 514.7815070493500116 505.6678751908212917 496.5883607174054646 487.5448697299562468 478.5394445602159408 469.5742752749558235
931.7188417113824244 921.95444572928875 912.1951545584968244 902.4411338142782597 892.6925562588724006 882.949602185764661 873.2124598286490027 863.4813257969161668 853.7564055396597951 844.0379138403677644 834.3260753446460285 824.6211251235321242 814.9233092751734375 805.232885567895778 795.5501241279521309 785.875308175539999 776.2087348130012288 766.5507158694720147 756.9015788066503774 747.2616676907762212 737.6313442364011053 728.0109889280518018 718.4010022264724284 708.8018058667739751 699.2138442565335481 689.6375859826666783 680.0735254367721154 670.5221845696083847 660.9841147864297 651.4598989960932158 641.9501538281613193 632.4555320336759223 622.9767250869008421 613.5144660071186991 604.0695324215582787 594.6427498927401984 585.2349955359812839 575.8472019555186989 566.4803615307419022 557.135531087364825 547.8138369920934565 538.5164807134503917 529.2447448959696885 520 510.7837115648853796 501.5974481593780752 492.4428900898052461 483.3218389437828932 474.2362280551750473 465.1881339845202774
929.6235797353679118 919.8369420718000811 910.0549433962764851 900.2777349240622016 890.5054744357274785 880.7383266328314448 870.9764635166669677 861.2200647918045888 851.4693182963200115 841.7244204607586653 831.9855767980596966 822.2530024268686475 812.5269226308749921 802.8075734570520581 793.0952023559340205 783.3900688673554669 773.6924453553879175 764.0026177965622765 754.3208866258444232 744.6475676452586185 734.9829930005183769 725.327512231543551 715.6814934033155851 706.0453243241540804 696.4194138592059744 686.8041933477110206 677.2001181334804869 667.6076692189807318 658.0273550544840191 648.4597134749390079 638.9053137985315516 629.3647591023825498 619.8386886924694181 610.327780786685139 600.8327554319920409 591.3543776789007325 581.8934610390462012 572.4508712544684386 563.0275304103698772 553.6244214266563404 544.2425929675110865 534.8831648126532627 525.547333738836528 516.2363799656122865 506.951674225463023 497.6946855251721331 488.466989672792522 479.2702786528703314 470.1063709417263112 460.977222864644375
927.6313923105448112 917.8235124467012156 908.0198235721509263 898.2204629154248323 888.4255736976508615 878.635305459551887 868.8498144098323337 859.06926379658114 849.2938243034620882 839.5236744726142888 829.7590011563598864 820 810.246875958186024 800.4998438475799958 790.7591289387685265 781.0249675906654829 771.2976079309464694 761.5773105863908086 751.8643494673756322 742.1590126111789232 732.4616030891994569 722.7724399837060218 713.0918594402827466 703.4202158027590031 693.7578828380978848 684.105255059482829 674.462749156689938 664.8308055437864823 655.2098900352466444 645.6004956627589308 636.0031446463137854 626.4183905346329766 616.8468205316454487 607.2890580275590082 597.7457653551382464 588.2176467941096689 578.7054518492114994 569.2099788303082732 559.7320787662612247 550.2726596879041381 540.8326913195984389 531.413210223456872 522.0153254455275373 512.6402247190518437 503.2891812864647818 493.9635614091387765 484.6648326421053525 475.3945729601884977 466.1544808322665858 456.9463863518345192
925.7429448826493399 915.9148432032313849 906.0905032059436053 896.2700485902672654 886.4536084872123638 876.6413177577246643 866.8333173107733955 857.0297544426331342 847.2307831990053728 837.4365647617734112 827.6472678623424599 817.8630692236935147 808.0841540334769206 798.3107164506812978 788.5429601486529236 778.7810988975014652 769.0253571892152422 759.2759709091286595 749.5331880577404036 739.7972695272671899 730.0684899377591819 720.3471385380801166 710.6335201775947326 700.9279563550022658 691.23078635141826 681.5423684555495356 671.8630812896329871 662.1933252457321259 652.5335240430180193 642.8841264178172423 633.2456079595025358 623.6184731067545499 614.0032573203500306 604.4005294504629546 594.8108943185220596 585.2349955359812839 575.6735185849702248 566.1271941887264347 556.5968020030298931 547.0831746635972195 537.5872022286245056 528.1098370604357797 518.6520991955975433 509.2150822589605923 499.7999599839919824 490.4079934095691442 481.0405388322277531 471.6990566028301828 462.3851208678756848 453.100430368367654
923.9588735436226443 914.1115905621151114 904.267659490264009 894.4271909999158652 884.5903006477066128 874.7571091451615075 864.9277426467484702 855.1023330572779741 845.2810183601663994 835.4639429682168839 825.6512580987205183 815.8431221748455755 806.0397012554655021 796.2411694957753525 786.4477096412704213 776.6595135579040061 766.8767828015137411 757.0997292299080073 747.3285756613352078 737.5635565834310228 727.8049189171505304 718.0529228406496713 708.3078426785912143 698.5699678629192704 688.839603971780889 679.1170738539857439 669.4027188471824275 659.6969000988257221 650 640.3124237432848531 630.6346010171024545 620.966987850400983 611.3100686231169902 601.6643582596528859 592.0304046246274083 582.408791142441487 572.8001396647874799 563.2051136131489102 553.6244214266563404 544.0588203494177151 534.5091205957106695 524.976189936267474 515.4609587543949374 505.964425626940681 496.4876634922563881 487.0318264754368442 477.5981574503821321 468.1879964287850271 458.802789878178487 449.4441010848846645
922.2797840135064007 912.4143795447329239 902.551937563706133 892.6925562588724006 882.8363381737297004 872.9833904490966461 863.1338250816033906 853.2877591996734736 843.4453153583817766 833.6066218546970958 823.7718130647588168 813.9410298049853054 804.1144197189850047 794.2921376924235801 784.4743462982074789 774.6612162745725527 764.8529270389177555 755.0496672405067784 745.2516353554683519 735.4590403278757549 725.6721022610694263 715.8910531638176735 706.1161377563892074 696.3476143421473807 686.5857557508749096 676.8308503607086095 667.0832032063167389 657.3431371817918034 647.6109943476870967 637.88713735268243 628.1719509815764013 618.4658438426490648 608.7692502089769278 599.0826320300063799 589.4064811316550276 579.741321625429805 570.0877125495690052 560.4462507680821091 550.8175741568164767 541.2023651093923036 531.6013544000804814 522.0153254455275373 512.4451190127582549 502.8916384272063169 493.3558553417603889 483.8388161361177708 474.3416490252569133 464.8655719667783615 455.4119014694280168 445.9820624195551773
920.7062506576133956 910.8238029388560335 900.9439494219382141 891.0667763978185576 881.1923740024082008 871.3208364316785719 861.4522621712708315 851.5867542417507821 841.7244204607586653 831.8653737234168375 822.0097323024831439 812.1576201698781006 802.309167341368493 792.4645102463579178 782.6237921249263536 772.7871634544662811 762.9547824084989998 753.1268153505092187 743.3034373659252196 733.4848328356899856 723.6711960552250957 713.8627319029898217 704.0596565632772581 694.2621983083912482 684.4705983459041363 674.6851117373199713 664.9060083951716251 655.133574166368021 645.3681120105021591 635.6099432828281124 625.8594091327540809 616.1168720299745019 606.3827174318212201 596.6573556070519544 586.9412236331675103 577.2347875864725211 567.5385449465084093 557.8530272392541747 548.178802946629844 538.5164807134503917 528.8667128870940815 519.2301994298867385 509.6076922496362727 500 490.4079934095691442 480.8326112068523344 471.2748667179271251 461.7358552246078034 452.2167621838005402 442.7188724235730888
919.2388155425118157 909.3404203047393821 899.4442728707543893 889.5504482602434564 879.6590248499699101 869.7700845625813599 859.8837130682264842 850 840.1190391843289262 830.2409288875127231 820.3657720797473303 810.4936767180852257 800.6247560499238034 790.7591289387685265 780.8969202141854566 771.038261048049435 761.1832893594025791 751.3321502504734326 741.4849964766650601 731.6419889536138044 721.8032973047435235 711.9691004531025555 702.1395872616783436 692.3149572268390557 682.4954212300622203 672.6812023536855349 662.8725367670620017 653.069674690227771 643.272881443015649 633.4824385884742242 623.6986451805070146 613.9218191268331566 604.1522986797285739 594.3904440685431609 584.6366392897386959 574.8912940721924087 565.1548460377916854 555.4277630799526833 545.7105459856901462 536.0037313302958637 526.3078946776306566 516.6236541235796267 506.951674225463023 497.2926703662542423 487.6474136094643654 478.0167361086848246 468.4015371452147747 458.802789878178487 449.2215489043240382 439.6589587396121601
