landscape/exported_ascii_MS_HABMAT_PATCHES_ONLY_DIST/simulation_000034_p069_h089_HABMAT_patch_more_500pix_edge_dist_modified.asc
ncols         512
nrows         512
xllcorner     0
yllcorner     0
cellsize      10
NODATA_value  -99
[rows 418 to 436 of 512, columns 396 to 439 of 512]
100 106.3014581273464927 98.9949493661166571 92.1954445729288778 86.0232526704262739 78.1024967590665398 70.7106781186547551 64.0312423743284853 58.3095189484530039 53.8516480713450392 50.9901951359278485 50 50.9901951359278485 50.9901951359278485 50 50 44.7213595499957961 41.2310562561766076 40 40 40 41.2310562561766076 31.6227766016837926 22.3606797749978981 14.142135623730951 10 10 -10 -10 10 20 30 40 50 60 70 80 90 100 110 120 130 140 150
92.1954445729288778 98.9949493661166571 92.1954445729288778 84.8528137423857061 78.1024967590665398 72.1110255092797843 64.0312423743284853 56.568542494923804 50 44.7213595499957961 41.2310562561766076 40 41.2310562561766076 41.2310562561766076 40 40 36.0555127546398921 31.6227766016837926 30 30 30 31.6227766016837926 30 20 10 -10 -10 -14.142135623730951 -10 10 20 30 40 50 60 70 80 90 100 110 120 130 140 150
84.8528137423857061 92.1954445729288778 86.0232526704262739 78.1024967590665398 70.7106781186547551 64.0312423743284853 58.3095189484530039 50 42.426406871192853 36.0555127546398921 31.6227766016837926 30 31.6227766016837926 31.6227766016837926 30 30 28.284271247461902 22.3606797749978981 20 20 20 22.3606797749978981 28.284271247461902 20 10 -10 10 -10 -10 10 20 30 40 50 60 70 80 90 100 110 120 130 140 150
78.1024967590665398 86.0232526704262739 80.6225774829854913 72.1110255092797843 64.0312423743284853 56.568542494923804 50 44.7213595499957961 36.0555127546398921 28.284271247461902 22.3606797749978981 20 22.3606797749978981 22.3606797749978981 20 20 20 14.142135623730951 10 10 10 14.142135623730951 20 14.142135623730951 10 -10 -10 -14.142135623730951 -10 10 20 30 40 50 60 70 80 90 100 110 120 130 140 150
72.1110255092797843 80.6225774829854913 76.1577310586390865 67.082039324993687 58.3095189484530039 50 42.426406871192853 36.0555127546398921 31.6227766016837926 22.3606797749978981 14.142135623730951 10 14.142135623730951 14.142135623730951 10 10 10 10 -10 -10 -10 10 10 10 -10 -14.142135623730951 -20 -10 10 14.142135623730951 22.3606797749978981 31.6227766016837926 41.2310562561766076 50.9901951359278485 60.8276253029821987 70.7106781186547551 80.6225774829854913 90.553851381374173 100.4987562112088995 110.4536101718726115 120.4159457879229507 130.3840481040529653 140.3566884761820006 150
67.082039324993687 76.1577310586390865 72.8010988928051859 63.2455532033675851 53.8516480713450392 44.7213595499957961 36.0555127546398921 28.284271247461902 22.3606797749978981 20 10 -10 10 10 -10 -10 -10 -10 -14.142135623730951 -20 -14.142135623730951 -10 -10 -10 -14.142135623730951 -22.3606797749978981 -22.3606797749978981 -14.142135623730951 -10 10 20 30 40 50 60 70 80 90 100 110 120 130 136.0147050873544288 142.1267040355189408
63.2455532033675851 72.8010988928051859 70.7106781186547551 60.8276253029821987 50.9901951359278485 41.2310562561766076 31.6227766016837926 22.3606797749978981 14.142135623730951 10 10 -10 -10 -10 -14.142135623730951 -20 -20 -20 -22.3606797749978981 -28.284271247461902 -22.3606797749978981 -20 -20 -20 -22.3606797749978981 -28.284271247461902 -28.284271247461902 -20 -10 10 20 30 40 50 60 70 80 90 100 110 116.6190378969060077 122.0655561573370278 128.0624847486569706 134.5362404707371127
60.8276253029821987 70.7106781186547551 64.0312423743284853 56.568542494923804 50 40 30 20 10 -10 10 10 -10 -20 -22.3606797749978981 -28.284271247461902 -30 -30 -31.6227766016837926 -36.0555127546398921 -31.6227766016837926 -30 -30 -30 -31.6227766016837926 -31.6227766016837926 -22.3606797749978981 -14.142135623730951 -10 10 20 30 40 50 60 70 80 90 98.4885780179610464 102.956301409870008 108.1665382639196764 114.0175425099137954 120.4159457879229507 127.2792206135785591
60 64.0312423743284853 58.3095189484530039 50 42.426406871192853 36.0555127546398921 30 20 10 -10 -10 -10 -14.142135623730951 -22.3606797749978981 -31.6227766016837926 -36.0555127546398921 -40 -40 -41.2310562561766076 -44.7213595499957961 -41.2310562561766076 -40 -40 -40 -36.0555127546398921 -28.284271247461902 -20 -10 10 14.142135623730951 22.3606797749978981 31.6227766016837926 41.2310562561766076 50.9901951359278485 60.8276253029821987 70.7106781186547551 80.6225774829854913 85.4400374531753073 89.4427190999915922 94.3398113205660422 100 106.3014581273464927 113.1370849898476081 120.4159457879229507
60 56.568542494923804 50 44.7213595499957961 36.0555127546398921 28.284271247461902 22.3606797749978981 20 14.142135623730951 10 -10 10 -10 -20 -30 -40 -50 -50 -50.9901951359278485 -53.8516480713450392 -50.9901951359278485 -50 -50 -41.2310562561766076 -31.6227766016837926 -22.3606797749978981 -14.142135623730951 -10 10 20 28.284271247461902 36.0555127546398921 44.7213595499957961 53.8516480713450392 63.2455532033675851 70.7106781186547551 72.8010988928051859 76.1577310586390865 80.6225774829854913 86.0232526704262739 92.1954445729288778 98.9949493661166571 106.3014581273464927 114.0175425099137954
56.568542494923804 50 42.426406871192853 36.0555127546398921 31.6227766016837926 22.3606797749978981 14.142135623730951 10 14.142135623730951 14.142135623730951 10 -10 -14.142135623730951 -22.3606797749978981 -31.6227766016837926 -41.2310562561766076 -50.9901951359278485 -60 -60.8276253029821987 -63.2455532033675851 -56.568542494923804 -50 -44.7213595499957961 -36.0555127546398921 -28.284271247461902 -20 -10 10 14.142135623730951 22.3606797749978981 31.6227766016837926 41.2310562561766076 44.7213595499957961 50 56.568542494923804 60.8276253029821987 63.2455532033675851 67.082039324993687 72.1110255092797843 78.1024967590665398 84.8528137423857061 92.1954445729288778 100 108.1665382639196764
50 42.426406871192853 36.0555127546398921 28.284271247461902 22.3606797749978981 20 10 -10 10 14.142135623730951 10 -10 -20 -28.284271247461902 -36.0555127546398921 -44.7213595499957961 -53.8516480713450392 -58.3095189484530039 -64.0312423743284853 -58.3095189484530039 -50 -42.426406871192853 -36.0555127546398921 -31.6227766016837926 -22.3606797749978981 -14.142135623730951 -10 10 20 22.3606797749978981 28.284271247461902 31.6227766016837926 36.0555127546398921 42.426406871192853 50 50.9901951359278485 53.8516480713450392 58.3095189484530039 64.0312423743284853 70.7106781186547551 78.1024967590665398 86.0232526704262739 94.3398113205660422 102.956301409870008
41.2310562561766076 36.0555127546398921 28.284271247461902 22.3606797749978981 14.142135623730951 10 10 -10 -10 10 -10 -14.142135623730951 -22.3606797749978981 -31.6227766016837926 -40 -41.2310562561766076 -44.7213595499957961 -50 -56.568542494923804 -53.8516480713450392 -44.7213595499957961 -36.0555127546398921 -28.284271247461902 -22.3606797749978981 -20 -10 10 10 10 14.142135623730951 20 22.3606797749978981 28.284271247461902 36.0555127546398921 40 41.2310562561766076 44.7213595499957961 50 56.568542494923804 64.0312423743284853 72.1110255092797843 80.6225774829854913 89.4427190999915922 98.4885780179610464
31.6227766016837926 30 22.3606797749978981 14.142135623730951 10 -10 -10 -14.142135623730951 -10 10 -10 -20 -28.284271247461902 -31.6227766016837926 -30 -31.6227766016837926 -36.0555127546398921 -42.426406871192853 -50 -50.9901951359278485 -41.2310562561766076 -31.6227766016837926 -22.3606797749978981 -14.142135623730951 -10 -10 10 -10 -10 10 10 14.142135623730951 22.3606797749978981 28.284271247461902 30 31.6227766016837926 36.0555127546398921 42.426406871192853 50 58.3095189484530039 67.082039324993687 76.1577310586390865 85.4400374531753073 94.8683298050513741
22.3606797749978981 20 20 10 -10 10 10 -10 -14.142135623730951 -10 -14.142135623730951 -22.3606797749978981 -28.284271247461902 -22.3606797749978981 -20 -22.3606797749978981 -28.284271247461902 -36.0555127546398921 -44.7213595499957961 -50 -40 -30 -20 -10 10 -10 -10 -14.142135623730951 -14.142135623730951 -10 -10 10 14.142135623730951 22.3606797749978981 20 22.3606797749978981 28.284271247461902 36.0555127546398921 44.7213595499957961 53.8516480713450392 63.2455532033675851 72.8010988928051859 82.4621125123532153 92.1954445729288778
14.142135623730951 10 10 10 -10 -10 -10 -14.142135623730951 -22.3606797749978981 -20 -22.3606797749978981 -28.284271247461902 -22.3606797749978981 -14.142135623730951 -10 -14.142135623730951 -22.3606797749978981 -31.6227766016837926 -41.2310562561766076 -44.7213595499957961 -36.0555127546398921 -28.284271247461902 -20 -10 10 10 -10 -14.142135623730951 -10 10 -10 -10 10 14.142135623730951 10 14.142135623730951 22.3606797749978981 31.6227766016837926 41.2310562561766076 50.9901951359278485 60.8276253029821987 70.7106781186547551 80.6225774829854913 90.553851381374173
10 -10 -10 -10 -14.142135623730951 -10 10 -10 -20 -20 -20 -22.3606797749978981 -20 -10 10 -10 -20 -30 -40 -41.2310562561766076 -31.6227766016837926 -22.3606797749978981 -14.142135623730951 -10 -10 -10 10 -10 -14.142135623730951 -10 -14.142135623730951 -10 10 10 -10 10 20 30 40 50 60 70 80 90
10 10 -10 -20 -22.3606797749978981 -14.142135623730951 -10 -10 -10 -10 -10 -14.142135623730951 -22.3606797749978981 -14.142135623730951 -10 -14.142135623730951 -22.3606797749978981 -31.6227766016837926 -41.2310562561766076 -40 -30 -20 -10 10 10 -10 -10 -14.142135623730951 -22.3606797749978981 -20 -20 -10 10 -10 -10 10 20 30 40 50 60 70 80 90
10 -10 -14.142135623730951 -22.3606797749978981 -28.284271247461902 -20 -10 10 10 10 10 -10 -20 -22.3606797749978981 -20 -22.3606797749978981 -28.284271247461902 -36.0555127546398921 -44.7213595499957961 -40 -30 -20 -10 10 10 -10 -20 -22.3606797749978981 -28.284271247461902 -22.3606797749978981 -20 -14.142135623730951 -10 -10 10 14.142135623730951 22.3606797749978981 31.6227766016837926 41.2310562561766076 50.9901951359278485 60.8276253029821987 70.7106781186547551 80.6225774829854913 90.553851381374173
