landscape/exported_ascii_MS_HABMAT_PATCHES_ONLY_DIST/simulation_000034_p069_h089_HABMAT_patch_more_500pix_edge_dist_modified.asc
ncols         512
nrows         512
xllcorner     0
yllcorner     0
cellsize      10
NODATA_value  -99
[rows 456 to 474 of 512, columns 88 to 131 of 512]
270.1851217221259276 276.5863337187865909 281.6025568065744551 284.4292530665578624 286.3564212655270467 288.6173937932362605 291.2043955712207435 294.1088233970548345 297.3213749463700992 300.8321791298264429 302.6549190084311363 294.1088233970548345 284.6049894151541366 275.136329843952069 265.706605111728436 256.3201123595259219 246.9817807045693883 237.6972864800942489 228.4731931759172596 219.3171219946130748 210.23796041628637 201.2461179749810753 192.3538406167134553 183.5755975068582018 174.6424919657298176 165.5294535724684977 156.524758424985265 147.6482306023339959 138.9244398944980503 130.3840481040529653 122.0655561573370278 114.0175425099137954 106.3014581273464927 98.9949493661166571 92.1954445729288778 84.8528137423857061 78.1024967590665398 72.1110255092797843 67.082039324993687 63.2455532033675851 60.8276253029821987 60 60 60.8276253029821987
278.0287754891568852 284.2534080710378817 290.6888370749726391 294.1088233970548345 296.1418578992169159 298.3286778035259772 300.8321791298264429 303.6445290137795041 306.7572330035593495 310.1612483854164566 306.7572330035593495 297.3213749463700992 287.9236009777593495 278.5677655436824125 269.2582403567251959 260 250.7987240796890376 241.6609194718914466 232.5940669922601387 223.6067977499789663 214.7091055358388871 205.912602819740016 196.9771560359220928 187.8829422805593481 178.8854381999831844 170 161.2451549659709826 152.6433752247374684 144.2220510185595685 136.0147050873544288 128.0624847486569706 120.4159457879229507 113.1370849898476081 106.3014581273464927 98.9949493661166571 92.1954445729288778 86.0232526704262739 80.6225774829854913 76.1577310586390865 72.8010988928051859 70.7106781186547551 70 70 70.7106781186547551
286.0069929215018192 292.0616373302046895 298.3286778035259772 303.6445290137795041 305.9411708155670908 308.0584360149872509 310.4834939252004915 313.2091952673164883 316.2277660168379612 319.5309061734091642 310.1612483854164566 300.8321791298264429 291.5475947422650052 282.3118842698621052 273.1300056749532814 264.0075756488816978 254.9509756796392423 245.9674775249768572 237.0653918225939663 228.2542442102665348 219.3171219946130748 210.23796041628637 201.2461179749810753 192.3538406167134553 183.5755975068582018 174.9285568453590258 166.4331697709323805 158.1138830084189806 150 142.1267040355189408 134.5362404707371127 127.2792206135785591 120.4159457879229507 113.1370849898476081 106.3014581273464927 100 94.3398113205660422 89.4427190999915922 85.4400374531753073 82.4621125123532153 80.6225774829854913 80 80 80.6225774829854913
294.1088233970548345 300 306.104557300279339 312.4099870362661591 315.7530680769388596 317.8049716414140562 320.1562118716424266 322.8002478313794654 325.7299494980466079 323.109888428070235 313.8470965295043129 304.6309242345563462 295.4657340538831249 286.3564212655270467 277.3084924772409749 268.3281572999747482 259.422435421456953 250.5992817228333536 241.6609194718914466 232.5940669922601387 223.6067977499789663 214.7091055358388871 205.912602819740016 197.2308292331601933 188.6796226411320845 180.2775637731994607 172.0465053408525478 164.0121946685672469 156.2049935181330795 148.6606874731850496 141.4213562373095101 134.5362404707371127 127.2792206135785591 120.4159457879229507 114.0175425099137954 108.1665382639196764 102.956301409870008 98.4885780179610464 94.8683298050513741 92.1954445729288778 90.553851381374173 90 90 90.553851381374173
302.3243291566194557 308.0584360149872509 314.006369362151645 320.1562118716424266 325.5764119219941222 327.5667870831840105 329.8484500494128611 332.4154027718932412 335.2610922848041923 326.9556544854362983 317.8049716414140562 308.7069808086626495 299.6664812754339664 290.6888370749726391 281.7800560721074135 272.9468812791236019 264.0075756488816978 254.9509756796392423 245.9674775249768572 237.0653918225939663 228.2542442102665348 219.5449840010014952 210.9502310972898727 202.4845673131658828 194.1648783894760015 186.0107523773827438 178.0449381476485655 170.2938636592640194 162.7882059609970611 155.5634918610404611 148.6606874731850496 141.4213562373095101 134.5362404707371127 128.0624847486569706 122.0655561573370278 116.6190378969060077 111.8033988749894831 107.7032961426900783 104.4030650891054961 101.9803902718556969 100.4987562112088995 100 100 100.4987562112088995
310.6444913401813324 316.2277660168379612 322.0248437620923596 328.0243893371344939 334.2154993413680586 337.3425558686599857 339.5585369269928719 342.0526275297414145 340.1470270338989508 331.0589071449369953 322.0248437620923596 313.0495168499705301 304.1381265149109936 295.2964612046679918 286.3564212655270467 277.3084924772409749 268.3281572999747482 259.422435421456953 250.5992817228333536 241.8677324489565024 233.2380757938120155 224.7220505424423322 216.3330765278393528 208.0865204668481283 200 192.0937271229854559 184.3908891458577557 176.9180601295413169 169.7056274847714121 162.7882059609970611 155.5634918610404611 148.6606874731850496 142.1267040355189408 136.0147050873544288 130.3840481040529653 125.2996408614166768 120.8304597359457233 117.0469991071962568 114.0175425099137954 111.8033988749894831 110.4536101718726115 110 110 110.4536101718726115
319.0611226708763297 324.4996147917590292 330.1514803843835466 336.0059523282288296 342.0526275297414145 347.1310991541956241 349.2849839314596352 351.7101079013795015 344.3835071544513085 335.4101966249684779 326.4965543462901678 317.6476034853718033 308.7069808086626495 299.6664812754339664 290.6888370749726391 281.7800560721074135 272.9468812791236019 264.1968962724581047 255.5386467836127622 246.9817807045693883 238.5372088375312671 230.2172886644267749 222.0360331117451835 214.0093455903269728 206.1552812808830311 198.4943324127920903 191.0497317454280051 183.8477631085023631 176.9180601295413169 169.7056274847714121 162.7882059609970611 156.2049935181330795 150 144.2220510185595685 138.9244398944980503 134.1640786499873741 130 126.4911064067351703 123.6931687685298158 121.6552506059643974 120.4159457879229507 120 120 120.4159457879229507
327.5667870831840105 332.866339541864761 338.378486313772612 344.0930106817050955 350 356.089876295297131 359.0264614203248357 357.7708763999663688 348.8552708502481323 340 331.0589071449369953 322.0248437620923596 313.0495168499705301 304.1381265149109936 295.2964612046679918 286.5309756378880479 277.8488797889961006 269.2582403567251959 260.7680962081059306 252.388589282479245 244.1311123146740556 236.0084744241189298 228.0350850198275907 220.2271554554524187 212.6029162546929854 205.1828452868319062 197.9898987322333141 191.0497317454280051 183.8477631085023631 176.9180601295413169 170.2938636592640194 164.0121946685672469 158.1138830084189806 152.6433752247374684 147.6482306023339959 143.1782106327635233 139.2838827718412062 136.0147050873544288 133.4166406412633421 131.5294643796590606 130.3840481040529653 130 130 130.3840481040529653
336.1547262794322251 341.3209633175202384 346.6987164671943447 352.2782990761707538 358.0502757993631349 364.0054944640259009 368.7817782917155114 362.353418639868778 353.4119409414458346 344.3835071544513085 335.4101966249684779 326.4965543462901678 317.6476034853718033 308.8689042296099956 300.1666203960726875 291.5475947422650052 283.0194339616980983 274.5906043549196056 266.2705391138869686 258.0697580112787932 250 242.0743687382041003 234.3074902771996335 226.7156809750926811 219.3171219946130748 212.1320343559642652 205.1828452868319062 197.9898987322333141 191.0497317454280051 184.3908891458577557 178.0449381476485655 172.0465053408525478 166.4331697709323805 161.2451549659709826 156.524758424985265 152.3154621172781731 148.6606874731850496 145.6021977856103717 143.1782106327635233 141.4213562373095101 140.3566884761820006 140 140 140.3566884761820006
344.8187929913333392 349.8571136907180517 355.1056180912940476 360.5551275463989214 366.1966684720110834 372.0215047547654876 375.7658845611186962 366.7424164178449928 357.7708763999663688 348.8552708502481323 340 331.2099032335838729 322.4903099319419653 313.8470965295043129 305.2867504494749369 296.8164415931166218 288.4441020371191371 280.1785145224379789 272.0294101747088575 264.0075756488816978 256.1249694973139412 248.3948469674844262 240.8318915758459013 233.4523505985750376 226.2741699796952162 219.3171219946130748 212.1320343559642652 205.1828452868319062 198.4943324127920903 192.0937271229854559 186.0107523773827438 180.2775637731994607 174.9285568453590258 170 165.5294535724684977 161.5549442140351175 158.1138830084189806 155.2417469626002458 152.9705854077835454 151.3274595042155681 150.3329637837290704 150 150 150.3329637837290704
353.5533905932737753 358.4689665786984278 363.5931792539568619 368.9173349139343259 374.4329045369810842 380.1315561749642598 380.1315561749642598 371.214223865411725 362.353418639868778 353.5533905932737753 344.8187929913333392 336.1547262794322251 327.5667870831840105 319.0611226708763297 310.6444913401813324 302.3243291566194557 294.1088233970548345 286.0069929215018192 278.0287754891568852 270.1851217221259276 262.488094968133737 254.9509756796392423 247.5883680627989349 240.4163056034261672 233.4523505985750376 226.2741699796952162 219.3171219946130748 212.6029162546929854 206.1552812808830311 200 194.1648783894760015 188.6796226411320845 183.5755975068582018 178.8854381999831844 174.6424919657298176 170.8800749063506146 167.6305461424020962 164.9242250247064305 162.7882059609970611 161.2451549659709826 160.3121954188139853 160 160 160.3121954188139853
362.353418639868778 367.1511950137164035 372.1558813185678787 377.359245282264169 382.7531841800927737 388.3297567789520031 384.7076812334269107 375.8989225842500446 367.1511950137164035 358.4689665786984278 349.8571136907180517 341.3209633175202384 332.866339541864761 324.4996147917590292 316.2277660168379612 308.0584360149872509 300 292.0616373302046895 284.2534080710378817 276.5863337187865909 269.0724809414742253 261.7250465660480359 254.5584412271571182 247.5883680627989349 240.4163056034261672 233.4523505985750376 226.7156809750926811 220.2271554554524187 214.0093455903269728 208.0865204668481283 202.4845673131658828 197.2308292331601933 192.3538406167134553 187.8829422805593481 183.8477631085023631 180.2775637731994607 177.2004514666934938 174.6424919657298176 172.6267650163206895 171.1724276862368868 170.2938636592640194 170 170 170.2938636592640194
371.214223865411725 375.8989225842500446 380.7886552931954043 385.8756276314947513 391.1521443121588959 396.6106403010388135 389.4868418830089354 380.7886552931954043 372.1558813185678787 363.5931792539568619 355.1056180912940476 346.6987164671943447 338.378486313772612 330.1514803843835466 322.0248437620923596 314.006369362151645 306.104557300279339 298.3286778035259772 290.6888370749726391 283.1960451701258989 275.862284482674454 268.7005768508880692 261.7250465660480359 254.5584412271571182 247.5883680627989349 240.8318915758459013 234.3074902771996335 228.0350850198275907 222.0360331117451835 216.3330765278393528 210.9502310972898727 205.912602819740016 201.2461179749810753 196.9771560359220928 193.1320791582796517 189.7366596101027483 186.8154169226940553 184.3908891458577557 182.4828759089465962 181.107702762748346 180.2775637731994607 180 180 180.2775637731994607
380.1315561749642598 384.7076812334269107 389.4868418830089354 394.4616584663203867 399.6248240537616994 403.1128874149274566 394.4616584663203867 385.8756276314947513 377.359245282264169 368.9173349139343259 360.5551275463989214 352.2782990761707538 344.0930106817050955 336.0059523282288296 328.0243893371344939 320.1562118716424266 312.4099870362661591 304.7950130825634005 297.3213749463700992 290 282.8427124746190202 275.862284482674454 268.7005768508880692 261.7250465660480359 254.9509756796392423 248.3948469674844262 242.0743687382041003 236.0084744241189298 230.2172886644267749 224.7220505424423322 219.5449840010014952 214.7091055358388871 210.23796041628637 206.1552812808830311 202.4845673131658828 199.2485884517127488 196.4688270438849997 194.1648783894760015 192.3538406167134553 191.0497317454280051 190.2629759044044704 190 190 190.2629759044044704
389.1015291668743998 393.5733730830885406 398.246155034797539 403.1128874149274566 408.1666326391710413 408.1666326391710413 399.6248240537616994 391.1521443121588959 382.7531841800927737 374.4329045369810842 366.1966684720110834 358.0502757993631349 350 342.0526275297414145 334.2154993413680586 326.4965543462901678 318.9043743820394639 311.4482300479487549 304.1381265149109936 296.9848480983499712 290 282.8427124746190202 275.862284482674454 269.0724809414742253 262.488094968133737 256.1249694973139412 250 244.1311123146740556 238.5372088375312671 233.2380757938120155 228.2542442102665348 223.6067977499789663 219.3171219946130748 215.4065922853801567 211.896201004170905 208.8061301782109922 206.1552812808830311 203.9607805437113939 202.2374841615668402 200.9975124224177989 200.2498439450078536 200 200 200.2498439450078536
398.1205847478876763 402.4922359499621507 407.0626487409523975 411.825205639480032 416.7733196834941509 413.4005321718877326 404.9691346263317655 396.6106403010388135 388.3297567789520031 380.1315561749642598 372.0215047547654876 364.0054944640259009 356.089876295297131 348.2814953453599855 340.5877273185280387 333.0165161069342616 325.5764119219941222 318.2766092567909482 311.1269837220809222 304.1381265149109936 296.9848480983499712 290 283.1960451701258989 276.5863337187865909 270.1851217221259276 264.0075756488816978 258.0697580112787932 252.388589282479245 246.9817807045693883 241.8677324489565024 237.0653918225939663 232.5940669922601387 228.4731931759172596 224.7220505424423322 221.3594362117865444 218.4032966784155576 215.8703314492290417 213.7755832643194935 212.1320343559642652 210.9502310972898727 210.23796041628637 210 210 210.23796041628637
407.1854614300466437 411.460812228819691 415.9326868617084187 420.5948168962618183 425.4409477236529256 418.8078318274384628 410.4875150354758375 402.2437072223753489 394.0812099047606125 386.0051813123756688 378.0211634287159654 370.1351104664349236 362.353418639868778 354.6829570193639825 347.1310991541956241 339.7057550292605583 332.4154027718932412 325.2691193458118732 318.2766092567909482 311.1269837220809222 304.1381265149109936 297.3213749463700992 290.6888370749726391 284.2534080710378817 278.0287754891568852 272.0294101747088575 266.2705391138869686 260.7680962081059306 255.5386467836127622 250.5992817228333536 245.9674775249768572 241.6609194718914466 237.6972864800942489 234.0939982143925135 230.8679276123039017 228.0350850198275907 225.6102834535695649 223.6067977499789663 222.0360331117451835 220.9072203437452231 220.2271554554524187 220 220 220.2271554554524187
416.2931659299729859 420.47592083257274 424.8529157249600416 429.4182110716777743 432.6661530556787056 424.3819034784588666 416.1730409336962566 408.0441152620633147 400 392.0459156782531522 384.1874542459709119 376.4306044943742222 368.7817782917155114 361.2478373637688378 353.8361202590826338 346.554469023269121 339.4112549695428243 332.4154027718932412 325.2691193458118732 318.2766092567909482 311.4482300479487549 304.7950130825634005 298.3286778035259772 292.0616373302046895 286.0069929215018192 280.1785145224379789 274.5906043549196056 269.2582403567251959 264.1968962724581047 259.422435421456953 254.9509756796392423 250.7987240796890376 246.9817807045693883 243.5159132377184221 240.4163056034261672 237.6972864800942489 235.3720459187964025 233.4523505985750376 231.9482700948640286 230.8679276123039017 230.2172886644267749 230 230 230.2172886644267749
425.4409477236529256 429.53463189829057 433.8202392696772449 438.2921400162225041 438.2921400162225041 430.116263352131341 422.0189569201838822 414.0048308896890035 406.0788100849390503 398.246155034797539 390.5124837953327415 382.8837943815329368 375.3664875824691762 367.9673898594819548 360.6937759374286543 353.5533905932737753 346.554469023269121 339.4112549695428243 332.4154027718932412 325.5764119219941222 318.9043743820394639 312.4099870362661591 306.104557300279339 300 294.1088233970548345 288.4441020371191371 283.0194339616980983 277.8488797889961006 272.9468812791236019 268.3281572999747482 264.0075756488816978 260 256.3201123595259219 252.9822128134703405 250 247.3863375370596316 245.1530134426252516 243.3105012119287949 241.8677324489565024 240.8318915758459013 240.2082429892862763 240 240 240.2082429892862763
