landscape/exported_ascii_MS_HABMAT_PATCHES_ONLY_DIST/simulation_000076_p052_h045_HABMAT_patch_more_500pix_edge_dist_modified.asc
ncols         512
nrows         512
xllcorner     0
yllcorner     0
cellsize      10
NODATA_value  -99
[rows 350 to 374 of 512, columns 165 to 219 of 512]
10 20 22.3606797749978981 28.284271247461902 36.0555127546398921 44.7213595499957961 50 56.568542494923804 60.8276253029821987 63.2455532033675851 67.082039324993687 63.2455532033675851 60.8276253029821987 58.3095189484530039 53.8516480713450392 44.7213595499957961 36.0555127546398921 28.284271247461902 22.3606797749978981 14.142135623730951 10 14.142135623730951 14.142135623730951 10 -10 -14.142135623730951 -10 -14.142135623730951 -22.3606797749978981 -20 -22.3606797749978981 -14.142135623730951 -10 -14.142135623730951 -10 10 -10 10 -10 -14.142135623730951 -10 -14.142135623730951 -22.3606797749978981 -22.3606797749978981 -14.142135623730951 -10 -14.142135623730951 -10 10 10 10 -10 -10 -10 -10
10 10 14.142135623730951 22.3606797749978981 31.6227766016837926 36.0555127546398921 42.426406871192853 50 50.9901951359278485 53.8516480713450392 58.3095189484530039 53.8516480713450392 50.9901951359278485 50 44.7213595499957961 41.2310562561766076 31.6227766016837926 22.3606797749978981 14.142135623730951 10 -10 10 14.142135623730951 10 -10 -10 10 -10 -20 -28.284271247461902 -20 -10 10 -10 -14.142135623730951 -10 -10 -10 -14.142135623730951 -20 -20 -22.3606797749978981 -28.284271247461902 -20 -10 10 -10 10 -10 10 10 -10 -10 -10 10
-10 -10 10 20 22.3606797749978981 28.284271247461902 36.0555127546398921 40 41.2310562561766076 44.7213595499957961 50 44.7213595499957961 41.2310562561766076 40 36.0555127546398921 31.6227766016837926 30 20 10 -10 -14.142135623730951 -10 10 10 -10 -14.142135623730951 -10 -14.142135623730951 -22.3606797749978981 -22.3606797749978981 -14.142135623730951 -10 -10 -14.142135623730951 -10 10 10 -10 -10 -10 -14.142135623730951 -22.3606797749978981 -22.3606797749978981 -14.142135623730951 -10 10 -10 10 10 -10 -10 10 10 -10 10
-20 -10 10 10 14.142135623730951 22.3606797749978981 31.6227766016837926 30 31.6227766016837926 36.0555127546398921 42.426406871192853 36.0555127546398921 31.6227766016837926 30 28.284271247461902 22.3606797749978981 20 20 10 -10 -10 10 10 -10 -14.142135623730951 -22.3606797749978981 -14.142135623730951 -10 -14.142135623730951 -20 -10 10 -10 -20 -14.142135623730951 -10 -10 10 10 10 -10 -20 -20 -10 10 -10 -10 10 10 -10 -10 10 14.142135623730951 10 14.142135623730951
-14.142135623730951 -10 10 -10 10 20 22.3606797749978981 20 22.3606797749978981 28.284271247461902 36.0555127546398921 28.284271247461902 22.3606797749978981 20 22.3606797749978981 14.142135623730951 10 10 10 -10 -10 10 10 -10 -20 -20 -10 10 -10 -14.142135623730951 -14.142135623730951 -10 -14.142135623730951 -20 -22.3606797749978981 -20 -10 10 10 10 -10 -14.142135623730951 -20 -14.142135623730951 -10 -10 -10 -10 10 10 10 -10 10 20 22.3606797749978981
-10 10 10 -10 10 14.142135623730951 14.142135623730951 10 14.142135623730951 22.3606797749978981 31.6227766016837926 22.3606797749978981 14.142135623730951 10 14.142135623730951 10 -10 -10 10 -10 -10 -10 10 -10 -20 -22.3606797749978981 -14.142135623730951 -10 10 -10 -14.142135623730951 -10 -10 -10 -14.142135623730951 -22.3606797749978981 -14.142135623730951 -10 -10 10 10 -10 -10 -10 10 10 10 10 14.142135623730951 20 10 -10 10 20 30
10 -10 -10 -14.142135623730951 -10 10 10 -10 10 20 22.3606797749978981 20 10 -10 10 14.142135623730951 10 10 -10 10 10 -10 10 -10 -20 -22.3606797749978981 -20 -10 10 10 -10 10 10 10 -10 -20 -22.3606797749978981 -14.142135623730951 -10 10 10 10 10 10 14.142135623730951 20 20 20 22.3606797749978981 20 14.142135623730951 10 14.142135623730951 22.3606797749978981 31.6227766016837926
10 -10 -20 -22.3606797749978981 -14.142135623730951 -10 10 -10 10 10 14.142135623730951 10 10 -10 -10 10 -10 -10 -10 10 -10 -14.142135623730951 -10 -10 -10 -14.142135623730951 -10 -14.142135623730951 -10 10 10 14.142135623730951 10 10 -10 -20 -20 -10 10 -10 -10 -10 -10 -10 10 14.142135623730951 10 14.142135623730951 14.142135623730951 10 14.142135623730951 20 22.3606797749978981 20 22.3606797749978981
-10 -14.142135623730951 -22.3606797749978981 -28.284271247461902 -22.3606797749978981 -14.142135623730951 -10 -14.142135623730951 -10 -10 10 -10 -10 -14.142135623730951 -14.142135623730951 -10 -14.142135623730951 -20 -10 10 10 -10 10 10 10 -10 10 -10 10 10 -10 10 -10 -10 -14.142135623730951 -22.3606797749978981 -22.3606797749978981 -14.142135623730951 -10 -10 -14.142135623730951 -20 -10 10 14.142135623730951 10 -10 10 10 -10 10 10 14.142135623730951 10 14.142135623730951
-20 -22.3606797749978981 -28.284271247461902 -36.0555127546398921 -28.284271247461902 -22.3606797749978981 -20 -22.3606797749978981 -14.142135623730951 -10 10 10 10 -10 -14.142135623730951 -10 -14.142135623730951 -22.3606797749978981 -14.142135623730951 -10 -10 -10 10 20 14.142135623730951 10 14.142135623730951 10 -10 -10 -10 10 -10 -20 -22.3606797749978981 -22.3606797749978981 -14.142135623730951 -10 10 10 -10 -14.142135623730951 -10 -10 10 10 -10 -10 -10 -14.142135623730951 -10 -10 10 -10 10
-22.3606797749978981 -31.6227766016837926 -36.0555127546398921 -42.426406871192853 -36.0555127546398921 -31.6227766016837926 -30 -20 -10 10 10 10 -10 10 -10 10 -10 -14.142135623730951 -14.142135623730951 -10 -10 -10 10 14.142135623730951 22.3606797749978981 20 14.142135623730951 10 -10 -10 10 10 -10 -10 -14.142135623730951 -20 -10 10 10 14.142135623730951 10 -10 10 -10 -10 10 -10 -20 -20 -20 -20 -14.142135623730951 -10 -10 10
-28.284271247461902 -36.0555127546398921 -44.7213595499957961 -50 -44.7213595499957961 -40 -30 -20 -10 10 -10 10 10 10 -10 10 10 -10 -10 10 10 -10 -10 10 20 14.142135623730951 10 -10 -14.142135623730951 -14.142135623730951 -10 10 -10 10 -10 -20 -14.142135623730951 -10 -10 10 -10 -10 -10 -14.142135623730951 -10 10 -10 -20 -14.142135623730951 -10 -14.142135623730951 -22.3606797749978981 -20 -14.142135623730951 -10
-36.0555127546398921 -42.426406871192853 -50 -58.3095189484530039 -50 -40 -30 -20 -10 10 -10 10 -10 -10 -10 10 -10 -10 -10 -10 -10 -14.142135623730951 -10 10 20 10 -10 -14.142135623730951 -10 -10 10 10 -10 10 -10 -20 -22.3606797749978981 -20 -14.142135623730951 -10 -10 10 -10 -14.142135623730951 -14.142135623730951 -10 -14.142135623730951 -20 -10 10 -10 -20 -20 -20 -10
-42.426406871192853 -50 -56.568542494923804 -60.8276253029821987 -50.9901951359278485 -41.2310562561766076 -31.6227766016837926 -22.3606797749978981 -14.142135623730951 -10 -10 -10 -10 10 -10 -10 -10 10 10 10 -10 -10 10 14.142135623730951 20 10 -10 -10 10 -10 -10 -10 -10 10 -10 -20 -30 -20 -10 10 -10 -10 10 -10 -14.142135623730951 -20 -22.3606797749978981 -20 -10 10 -10 -10 -10 -14.142135623730951 -10
-44.7213595499957961 -50 -53.8516480713450392 -58.3095189484530039 -50 -40 -30 -20 -10 10 10 -10 10 10 -10 10 -10 10 20 14.142135623730951 10 -10 10 20 20 14.142135623730951 10 -10 -10 -10 10 -10 -10 -10 -14.142135623730951 -22.3606797749978981 -30 -20 -10 10 -10 10 -10 10 -10 -20 -30 -22.3606797749978981 -14.142135623730951 -10 -10 10 10 -10 10
-36.0555127546398921 -41.2310562561766076 -44.7213595499957961 -50 -50.9901951359278485 -41.2310562561766076 -31.6227766016837926 -22.3606797749978981 -14.142135623730951 -10 -10 10 -10 10 -10 10 10 14.142135623730951 20 20 14.142135623730951 10 14.142135623730951 14.142135623730951 10 10 -10 -14.142135623730951 -20 -14.142135623730951 -10 -10 10 -10 -20 -28.284271247461902 -30 -20 -10 10 10 10 -10 -10 -14.142135623730951 -22.3606797749978981 -31.6227766016837926 -28.284271247461902 -22.3606797749978981 -20 -14.142135623730951 -10 -10 10 10
-28.284271247461902 -31.6227766016837926 -36.0555127546398921 -42.426406871192853 -50 -44.7213595499957961 -36.0555127546398921 -28.284271247461902 -22.3606797749978981 -20 -14.142135623730951 -10 -10 10 -10 -10 -10 10 10 10 10 10 10 10 -10 10 -10 -20 -28.284271247461902 -20 -10 10 -10 -14.142135623730951 -22.3606797749978981 -31.6227766016837926 -28.284271247461902 -22.3606797749978981 -14.142135623730951 -10 -10 10 10 -10 -20 -28.284271247461902 -36.0555127546398921 -36.0555127546398921 -31.6227766016837926 -28.284271247461902 -22.3606797749978981 -20 -14.142135623730951 -10 -10
-20 -22.3606797749978981 -28.284271247461902 -36.0555127546398921 -44.7213595499957961 -44.7213595499957961 -41.2310562561766076 -36.0555127546398921 -31.6227766016837926 -28.284271247461902 -22.3606797749978981 -14.142135623730951 -10 -10 10 10 10 10 -10 -10 -10 -10 -10 10 -10 -10 -14.142135623730951 -22.3606797749978981 -31.6227766016837926 -22.3606797749978981 -14.142135623730951 -10 -14.142135623730951 -22.3606797749978981 -28.284271247461902 -31.6227766016837926 -22.3606797749978981 -14.142135623730951 -10 -10 -10 10 -10 -14.142135623730951 -22.3606797749978981 -31.6227766016837926 -41.2310562561766076 -44.7213595499957961 -41.2310562561766076 -36.0555127546398921 -28.284271247461902 -20 -10 10 10
-10 -14.142135623730951 -22.3606797749978981 -31.6227766016837926 -41.2310562561766076 -36.0555127546398921 -31.6227766016837926 -30 -30 -30 -20 -10 10 10 -10 -10 -10 -10 -14.142135623730951 -20 -20 -20 -14.142135623730951 -10 -10 -14.142135623730951 -22.3606797749978981 -20 -22.3606797749978981 -28.284271247461902 -22.3606797749978981 -20 -22.3606797749978981 -28.284271247461902 -31.6227766016837926 -30 -20 -10 10 10 -10 -10 -14.142135623730951 -22.3606797749978981 -28.284271247461902 -36.0555127546398921 -44.7213595499957961 -42.426406871192853 -36.0555127546398921 -31.6227766016837926 -22.3606797749978981 -14.142135623730951 -10 -10 -10
10 -10 -20 -30 -36.0555127546398921 -28.284271247461902 -22.3606797749978981 -20 -20 -22.3606797749978981 -22.3606797749978981 -14.142135623730951 -10 10 10 -10 -10 -14.142135623730951 -10 -14.142135623730951 -22.3606797749978981 -28.284271247461902 -20 -10 10 -10 -14.142135623730951 -10 -14.142135623730951 -22.3606797749978981 -31.6227766016837926 -30 -31.6227766016837926 -28.284271247461902 -22.3606797749978981 -20 -22.3606797749978981 -14.142135623730951 -10 10 10 -10 -20 -28.284271247461902 -36.0555127546398921 -40 -41.2310562561766076 -36.0555127546398921 -28.284271247461902 -22.3606797749978981 -20 -10 10 10 -10
-10 -14.142135623730951 -22.3606797749978981 -31.6227766016837926 -31.6227766016837926 -22.3606797749978981 -14.142135623730951 -10 -10 -14.142135623730951 -22.3606797749978981 -22.3606797749978981 -14.142135623730951 -10 10 10 10 -10 10 -10 -20 -28.284271247461902 -22.3606797749978981 -14.142135623730951 -10 -14.142135623730951 -10 10 -10 -20 -30 -40 -31.6227766016837926 -22.3606797749978981 -14.142135623730951 -10 -14.142135623730951 -22.3606797749978981 -14.142135623730951 -10 -10 -14.142135623730951 -22.3606797749978981 -31.6227766016837926 -31.6227766016837926 -30 -31.6227766016837926 -28.284271247461902 -22.3606797749978981 -14.142135623730951 -10 -10 10 14.142135623730951 10
-14.142135623730951 -22.3606797749978981 -28.284271247461902 -30 -30 -20 -10 10 10 -10 -20 -22.3606797749978981 -20 -10 10 20 14.142135623730951 10 10 -10 -14.142135623730951 -22.3606797749978981 -28.284271247461902 -22.3606797749978981 -20 -22.3606797749978981 -14.142135623730951 -10 -14.142135623730951 -22.3606797749978981 -31.6227766016837926 -36.0555127546398921 -28.284271247461902 -20 -10 10 -10 -20 -22.3606797749978981 -20 -20 -22.3606797749978981 -28.284271247461902 -28.284271247461902 -22.3606797749978981 -20 -22.3606797749978981 -22.3606797749978981 -14.142135623730951 -10 10 -10 10 10 -10
-10 -20 -22.3606797749978981 -20 -22.3606797749978981 -20 -10 10 -10 -14.142135623730951 -22.3606797749978981 -14.142135623730951 -10 -10 10 10 14.142135623730951 20 14.142135623730951 10 -10 -20 -20 -22.3606797749978981 -28.284271247461902 -28.284271247461902 -22.3606797749978981 -20 -22.3606797749978981 -28.284271247461902 -36.0555127546398921 -31.6227766016837926 -22.3606797749978981 -14.142135623730951 -10 -10 -14.142135623730951 -22.3606797749978981 -31.6227766016837926 -30 -30 -31.6227766016837926 -31.6227766016837926 -22.3606797749978981 -14.142135623730951 -10 -14.142135623730951 -14.142135623730951 -10 10 -10 -10 -10 10 -10
-14.142135623730951 -22.3606797749978981 -14.142135623730951 -10 -14.142135623730951 -20 -14.142135623730951 -10 -14.142135623730951 -22.3606797749978981 -20 -10 10 -10 10 -10 10 20 14.142135623730951 10 -10 -10 -10 -14.142135623730951 -22.3606797749978981 -31.6227766016837926 -31.6227766016837926 -30 -31.6227766016837926 -36.0555127546398921 -40 -30 -20 -10 10 -10 -20 -28.284271247461902 -22.3606797749978981 -20 -22.3606797749978981 -28.284271247461902 -30 -20 -10 10 -10 -10 10 14.142135623730951 10 10 -10 -10 -10
-10 -14.142135623730951 -10 10 -10 -10 -10 10 -10 -20 -22.3606797749978981 -14.142135623730951 -10 -14.142135623730951 -10 -10 10 14.142135623730951 10 -10 10 10 10 -10 -20 -22.3606797749978981 -28.284271247461902 -36.0555127546398921 -41.2310562561766076 -44.7213595499957961 -41.2310562561766076 -31.6227766016837926 -22.3606797749978981 -14.142135623730951 -10 -14.142135623730951 -22.3606797749978981 -20 -14.142135623730951 -10 -14.142135623730951 -22.3606797749978981 -28.284271247461902 -22.3606797749978981 -14.142135623730951 -10 -10 -10 -10 10 10 -10 -10 10 -10
