landscape/exported_ascii_MS_HABMAT_PATCHES_ONLY_DIST/simulation_000007_p030_h015_HABMAT_patch_more_500pix_edge_dist_modified.asc
ncols         512
nrows         512
xllcorner     0
yllcorner     0
cellsize      10
NODATA_value  -99
[rows 484 to 505 of 512, columns 300 to 349 of 512]
233.4523505985750376 235.3720459187964025 237.6972864800942489 240.4163056034261672 243.5159132377184221 246.9817807045693883 250.7987240796890376 254.9509756796392423 259.422435421456953 264.1968962724581047 269.2582403567251959 274.5906043549196056 280.1785145224379789 286.0069929215018192 292.0616373302046895 298.3286778035259772 304.7950130825634005 311.4482300479487549 318.2766092567909482 325.2691193458118732 332.4154027718932412 339.7057550292605583 347.1310991541956241 354.6829570193639825 361.2478373637688378 367.9673898594819548 374.8332962798262429 375.3664875824691762 368.7817782917155114 362.353418639868778 356.089876295297131 350 344.0930106817050955 338.378486313772612 332.866339541864761 327.5667870831840105 322.4903099319419653 317.6476034853718033 313.0495168499705301 308.7069808086626495 304.6309242345563462 300.8321791298264429 297.3213749463700992 294.1088233970548345 291.2043955712207435 288.6173937932362605 286.3564212655270467 280.1785145224379789 270.1851217221259276 260.1922366251537255
243.3105012119287949 245.1530134426252516 247.3863375370596316 250 252.9822128134703405 256.3201123595259219 260 264.0075756488816978 268.3281572999747482 272.9468812791236019 277.8488797889961006 283.0194339616980983 288.4441020371191371 294.1088233970548345 300 306.104557300279339 312.4099870362661591 318.9043743820394639 325.5764119219941222 332.4154027718932412 339.4112549695428243 346.554469023269121 353.8361202590826338 361.2478373637688378 368.7817782917155114 375.3664875824691762 382.0994634908560101 382.8837943815329368 376.4306044943742222 370.1351104664349236 364.0054944640259009 358.0502757993631349 352.2782990761707538 346.6987164671943447 341.3209633175202384 336.1547262794322251 331.2099032335838729 326.4965543462901678 322.0248437620923596 317.8049716414140562 313.8470965295043129 310.1612483854164566 306.7572330035593495 303.6445290137795041 300.8321791298264429 298.3286778035259772 290.6888370749726391 280.7133769523640012 270.7397274136176861 260.7680962081059306
253.179778023443248 254.9509756796392423 257.0992026436488231 259.6150997149433692 262.488094968133737 265.706605111728436 269.2582403567251959 273.1300056749532814 277.3084924772409749 281.7800560721074135 286.5309756378880479 291.5475947422650052 296.8164415931166218 302.3243291566194557 308.0584360149872509 314.006369362151645 320.1562118716424266 326.4965543462901678 333.0165161069342616 339.7057550292605583 346.554469023269121 353.5533905932737753 360.6937759374286543 367.9673898594819548 375.3664875824691762 382.8837943815329368 389.4868418830089354 390.5124837953327415 384.1874542459709119 378.0211634287159654 372.0215047547654876 366.1966684720110834 360.5551275463989214 355.1056180912940476 349.8571136907180517 344.8187929913333392 340 335.4101966249684779 331.0589071449369953 326.9556544854362983 323.109888428070235 319.5309061734091642 316.2277660168379612 313.2091952673164883 310.4834939252004915 301.4962686336266984 291.5475947422650052 281.6025568065744551 271.6615541441224764 261.7250465660480359
263.0589287593181211 264.7640458974745457 266.8332812825266842 269.2582403567251959 272.0294101747088575 275.136329843952069 278.5677655436824125 282.3118842698621052 286.3564212655270467 290.6888370749726391 295.2964612046679918 300.1666203960726875 305.2867504494749369 310.6444913401813324 316.2277660168379612 322.0248437620923596 328.0243893371344939 334.2154993413680586 340.5877273185280387 347.1310991541956241 353.8361202590826338 360.6937759374286543 367.6955262170047263 374.8332962798262429 382.0994634908560101 389.4868418830089354 396.9886648255841806 398.246155034797539 392.0459156782531522 386.0051813123756688 380.1315561749642598 374.4329045369810842 368.9173349139343259 363.5931792539568619 358.4689665786984278 353.5533905932737753 348.8552708502481323 344.3835071544513085 340.1470270338989508 336.1547262794322251 332.4154027718932412 328.9376840679705651 325.7299494980466079 319.5309061734091642 310.1612483854164566 300.8321791298264429 291.5475947422650052 282.3118842698621052 272.9468812791236019 263.0589287593181211
272.9468812791236019 274.5906043549196056 276.5863337187865909 278.9265136196270873 281.6025568065744551 284.6049894151541366 287.9236009777593495 291.5475947422650052 295.4657340538831249 299.6664812754339664 304.1381265149109936 308.8689042296099956 313.8470965295043129 319.0611226708763297 324.4996147917590292 330.1514803843835466 336.0059523282288296 342.0526275297414145 348.2814953453599855 354.6829570193639825 361.2478373637688378 367.9673898594819548 374.8332962798262429 381.8376618407356773 388.9730067755344862 396.2322551231789589 403.6087214122113096 406.0788100849390503 400 394.0812099047606125 388.3297567789520031 382.7531841800927737 377.359245282264169 372.1558813185678787 367.1511950137164035 362.353418639868778 357.7708763999663688 353.4119409414458346 349.2849839314596352 345.3983207834108953 341.7601498127012292 335.2610922848041923 325.7299494980466079 316.2277660168379612 306.7572330035593495 297.3213749463700992 287.9236009777593495 278.5677655436824125 269.2582403567251959 260
282.8427124746190202 284.4292530665578624 286.3564212655270467 288.6173937932362605 291.2043955712207435 294.1088233970548345 297.3213749463700992 300.8321791298264429 304.6309242345563462 308.7069808086626495 313.0495168499705301 317.6476034853718033 322.4903099319419653 327.5667870831840105 332.866339541864761 338.378486313772612 344.0930106817050955 350 356.089876295297131 362.353418639868778 368.7817782917155114 375.3664875824691762 382.0994634908560101 388.9730067755344862 395.9797974644666283 403.1128874149274566 410.3656905736638123 414.0048308896890035 408.0441152620633147 402.2437072223753489 396.6106403010388135 391.1521443121588959 385.8756276314947513 380.7886552931954043 375.8989225842500446 371.214223865411725 366.7424164178449928 362.4913792078371557 358.4689665786984278 351.7101079013795015 342.0526275297414145 332.4154027718932412 322.8002478313794654 313.2091952673164883 303.6445290137795041 294.1088233970548345 284.6049894151541366 275.136329843952069 265.706605111728436 256.3201123595259219
292.7456233660889211 294.2787793912432335 296.1418578992169159 298.3286778035259772 300.8321791298264429 303.6445290137795041 306.7572330035593495 310.1612483854164566 313.8470965295043129 317.8049716414140562 322.0248437620923596 326.4965543462901678 331.2099032335838729 336.1547262794322251 341.3209633175202384 346.6987164671943447 352.2782990761707538 358.0502757993631349 364.0054944640259009 370.1351104664349236 376.4306044943742222 382.8837943815329368 389.4868418830089354 396.2322551231789589 403.1128874149274566 410.1219330881975793 417.2529209005012945 422.0189569201838822 416.1730409336962566 410.4875150354758375 404.9691346263317655 399.6248240537616994 394.4616584663203867 389.4868418830089354 384.7076812334269107 380.1315561749642598 375.7658845611186962 368.7817782917155114 359.0264614203248357 349.2849839314596352 339.5585369269928719 329.8484500494128611 320.1562118716424266 310.4834939252004915 300.8321791298264429 291.2043955712207435 281.6025568065744551 272.0294101747088575 262.488094968133737 252.9822128134703405
302.6549190084311363 304.1381265149109936 305.9411708155670908 308.0584360149872509 310.4834939252004915 313.2091952673164883 316.2277660168379612 319.5309061734091642 323.109888428070235 326.9556544854362983 331.0589071449369953 335.4101966249684779 340 344.8187929913333392 349.8571136907180517 355.1056180912940476 360.5551275463989214 366.1966684720110834 372.0215047547654876 378.0211634287159654 384.1874542459709119 390.5124837953327415 396.9886648255841806 403.6087214122113096 410.3656905736638123 417.2529209005012945 424.2640687119285303 430.116263352131341 424.3819034784588666 418.8078318274384628 413.4005321718877326 408.1666326391710413 403.1128874149274566 398.246155034797539 393.5733730830885406 386.3935817272331406 376.5634076752546093 366.7424164178449928 356.9313659514949109 347.1310991541956241 337.3425558686599857 327.5667870831840105 317.8049716414140562 308.0584360149872509 298.3286778035259772 288.6173937932362605 278.9265136196270873 269.2582403567251959 259.6150997149433692 250
312.5699921617556925 314.006369362151645 315.7530680769388596 317.8049716414140562 320.1562118716424266 322.8002478313794654 325.7299494980466079 328.9376840679705651 332.4154027718932412 336.1547262794322251 340.1470270338989508 344.3835071544513085 348.8552708502481323 353.5533905932737753 358.4689665786984278 363.5931792539568619 368.9173349139343259 374.4329045369810842 380.1315561749642598 386.0051813123756688 392.0459156782531522 398.246155034797539 404.5985664828781978 411.0960958218893211 417.7319714841084419 424.4997055358224998 431.3930922024597976 438.2921400162225041 432.6661530556787056 427.2001872658765365 421.9004621945797453 416.7733196834941509 411.825205639480032 404.4749683231336803 394.5883931389771533 384.7076812334269107 374.8332962798262429 364.9657518178931923 355.1056180912940476 345.253530032641379 335.4101966249684779 325.5764119219941222 315.7530680769388596 305.9411708155670908 296.1418578992169159 286.3564212655270467 276.5863337187865909 266.8332812825266842 257.0992026436488231 247.3863375370596316
322.4903099319419653 323.8826948140329591 325.5764119219941222 327.5667870831840105 329.8484500494128611 332.4154027718932412 335.2610922848041923 338.378486313772612 341.7601498127012292 345.3983207834108953 349.2849839314596352 353.4119409414458346 357.7708763999663688 362.353418639868778 367.1511950137164035 372.1558813185678787 377.359245282264169 382.7531841800927737 388.3297567789520031 394.0812099047606125 400 406.0788100849390503 412.3105625617660621 418.6884283091664543 425.2058325093859708 431.8564576337836911 438.6342439892261496 445.5333881989092788 441.02154142399894 435.6604182158392859 430.4648650006176922 422.9657196511320194 413.0375285612676635 403.1128874149274566 393.192065026750015 383.2753579347360073 373.3630940518893908 363.4556369077249656 353.5533905932737753 343.6568055487916808 333.7663853655727166 323.8826948140329591 314.006369362151645 304.1381265149109936 294.2787793912432335 284.4292530665578624 274.5906043549196056 264.7640458974745457 254.9509756796392423 245.1530134426252516
332.4154027718932412 333.7663853655727166 335.4101966249684779 337.3425558686599857 339.5585369269928719 342.0526275297414145 344.8187929913333392 347.8505426185217289 351.1409973215887703 354.6829570193639825 358.4689665786984278 362.4913792078371557 366.7424164178449928 371.214223865411725 375.8989225842500446 380.7886552931954043 385.8756276314947513 391.1521443121588959 396.6106403010388135 402.2437072223753489 408.0441152620633147 414.0048308896890035 420.1190307520000715 426.3801121065568509 432.7817001676480118 439.3176527297759435 445.9820624195551773 452.7692569068708508 449.4441010848846645 441.4748010928823305 431.7406628984580834 421.9004621945797453 411.9465984809195902 401.9950248448355978 392.0459156782531522 382.0994634908560101 372.1558813185678787 362.215405525496692 352.2782990761707538 342.3448553724737735 332.4154027718932412 322.4903099319419653 312.5699921617556925 302.6549190084311363 292.7456233660889211 282.8427124746190202 272.9468812791236019 263.0589287593181211 253.179778023443248 243.3105012119287949
342.3448553724737735 343.6568055487916808 345.253530032641379 347.1310991541956241 349.2849839314596352 351.7101079013795015 354.4009029333869876 357.3513677041127607 360.5551275463989214 364.0054944640259009 367.6955262170047263 371.6180835212409193 375.7658845611186962 380.1315561749642598 384.7076812334269107 389.4868418830089354 394.4616584663203867 399.6248240537616994 404.9691346263317655 410.4875150354758375 416.1730409336962566 422.0189569201838822 428.0186911806539456 434.1658669218481919 440.4543109109048373 446.8780594300865801 453.4313619501853623 458.9117562233506078 449.1102314577124162 439.3176527297759435 429.53463189829057 419.7618372363071444 410 400.2499219237899979 390.5124837953327415 380.7886552931954043 371.0795063055894616 361.2478373637688378 351.2833614050059055 341.3209633175202384 331.3608305156178062 321.4031735997639316 311.4482300479487549 301.4962686336266984 291.5475947422650052 281.6025568065744551 271.6615541441224764 261.7250465660480359 251.7935662402834396 241.8677324489565024
352.2782990761707538 353.5533905932737753 355.1056180912940476 356.9313659514949109 359.0264614203248357 361.3862199918530109 364.0054944640259009 366.8787265568828388 370 373.3630940518893908 376.9615364994152742 380.7886552931954043 384.8376280978771433 389.1015291668743998 393.5733730830885406 398.246155034797539 403.1128874149274566 408.1666326391710413 413.4005321718877326 418.8078318274384628 424.3819034784588666 430.116263352131341 436.0045871318328068 442.0407221060068537 448.2186966202993972 454.5327270945404621 460.977222864644375 457.0557952810575557 447.2135954999579326 437.3785545725807538 427.5511665286389871 417.7319714841084419 407.9215610874227878 398.1205847478876763 388.3297567789520031 378.5498646149540036 368.7817782917155114 359.0264614203248357 349.2849839314596352 339.5585369269928719 329.8484500494128611 320.1562118716424266 310.4834939252004915 300.6659275674581409 290.6888370749726391 280.7133769523640012 270.7397274136176861 260.7680962081059306 250.7987240796890376 240.8318915758459013
362.215405525496692 363.4556369077249656 364.9657518178931923 366.7424164178449928 368.7817782917155114 371.0795063055894616 373.6308338453881106 376.4306044943742222 379.4733192202054965 382.7531841800927737 386.2641583165593033 390 393.9543120718441855 398.1205847478876763 402.4922359499621507 407.0626487409523975 411.825205639480032 416.7733196834941509 421.9004621945797453 427.2001872658765365 432.6661530556787056 438.2921400162225041 444.0720662234903671 450 456.0701700396551814 462.2769732530488227 465.2956049652736397 455.4119014694280168 445.5333881989092788 435.6604182158392859 425.793377120875391 415.9326868617084187 406.0788100849390503 396.2322551231789589 386.3935817272331406 376.5634076752546093 366.7424164178449928 356.9313659514949109 347.1310991541956241 337.3425558686599857 327.5667870831840105 317.8049716414140562 308.0584360149872509 298.3286778035259772 288.6173937932362605 278.9265136196270873 269.2582403567251959 259.6150997149433692 250 240.2082429892862763
372.1558813185678787 373.3630940518893908 374.8332962798262429 376.5634076752546093 378.5498646149540036 380.7886552931954043 383.2753579347360073 386.0051813123756688 388.9730067755344862 392.1734310225515401 395.6008088970496601 399.2492955535425949 403.1128874149274566 407.1854614300466437 411.460812228819691 415.9326868617084187 420.5948168962618183 425.4409477236529256 430.4648650006176922 435.6604182158392859 441.02154142399894 446.5422712353221186 452.2167621838005402 458.0392996239514787 464.004310324807193 470.1063709417263112 463.8965401897280572 453.982378512646676 444.0720662234903671 434.1658669218481919 424.2640687119285303 414.3669871020132405 404.4749683231336803 394.5883931389771533 384.7076812334269107 374.8332962798262429 364.9657518178931923 355.1056180912940476 345.253530032641379 335.4101966249684779 325.5764119219941222 315.7530680769388596 305.9411708155670908 296.1418578992169159 286.3564212655270467 276.5863337187865909 266.8332812825266842 257.0992026436488231 247.3863375370596316 237.6972864800942489
382.0994634908560101 383.2753579347360073 384.7076812334269107 386.3935817272331406 388.3297567789520031 390.5124837953327415 392.9376540877699995 395.6008088970496601 398.4971769034254976 401.6217125604640614 404.9691346263317655 408.5339643163099481 412.3105625617660621 416.2931659299729859 420.47592083257274 424.8529157249600416 429.4182110716777743 434.1658669218481919 439.0899680020029905 444.1846462902561825 449.4441010848846645 454.8626166217663354 460.4345773288535497 466.1544808322665858 472.0169488482378597 472.6520919238589613 462.709412050370986 452.7692569068708508 442.8317965096905482 432.8972164382672645 422.9657196511320194 413.0375285612676635 403.1128874149274566 393.192065026750015 383.2753579347360073 373.3630940518893908 363.4556369077249656 353.5533905932737753 343.6568055487916808 333.7663853655727166 323.8826948140329591 314.006369362151645 304.1381265149109936 294.2787793912432335 284.4292530665578624 274.5906043549196056 264.7640458974745457 254.9509756796392423 245.1530134426252516 235.3720459187964025
392.0459156782531522 393.192065026750015 394.5883931389771533 396.2322551231789589 398.1205847478876763 400.2499219237899979 402.616442783947889 405.2159917870961863 408.0441152620633147 411.0960958218893211 414.3669871020132405 417.8516483155235619 421.5447781671598477 425.4409477236529256 429.53463189829057 433.8202392696772449 438.2921400162225041 442.944691807002016 447.772263544762211 452.7692569068708508 457.9301256742124338 463.24939287601876 468.7216658103185978 474.3416490252569133 480.1041553663121704 471.6990566028301828 461.7358552246078034 451.7742799230607034 441.8144406874904462 431.8564576337836911 421.9004621945797453 411.9465984809195902 401.9950248448355978 392.0459156782531522 382.0994634908560101 372.1558813185678787 362.215405525496692 352.2782990761707538 342.3448553724737735 332.4154027718932412 322.4903099319419653 312.5699921617556925 302.6549190084311363 292.7456233660889211 282.8427124746190202 272.9468812791236019 263.0589287593181211 253.179778023443248 243.3105012119287949 233.4523505985750376
401.9950248448355978 403.1128874149274566 404.4749683231336803 406.0788100849390503 407.9215610874227878 410 412.3105625617660621 414.8493702538307843 417.6122603564219844 420.5948168962618183 423.79240200834181 427.2001872658765365 430.8131845707603134 434.626276242014626 438.6342439892261496 442.8317965096905482 447.2135954999579326 451.7742799230607034 456.5084884205330695 461.410879802373131 466.476151587624031 471.6990566028301828 477.0744176750625343 482.5971404805461589 480.936586256441899 470.9564735726646632 460.977222864644375 450.9988913511872397 441.02154142399894 431.0452412450460997 421.0700654285460018 411.0960958218893211 401.1234224026316042 391.1521443121588959 381.1823710509183343 371.214223865411725 361.2478373637688378 351.2833614050059055 341.3209633175202384 331.3608305156178062 321.4031735997639316 311.4482300479487549 301.4962686336266984 291.5475947422650052 281.6025568065744551 271.6615541441224764 261.7250465660480359 251.7935662402834396 241.8677324489565024 231.9482700948640286
411.9465984809195902 413.0375285612676635 414.3669871020132405 415.9326868617084187 417.7319714841084419 419.7618372363071444 422.0189569201838822 424.4997055358224998 427.2001872658765365 430.116263352131341 433.2435804486893858 436.5775990588614945 440.1136216933077208 443.8468204234429209 447.772263544762211 451.8849411078001594 456.1797891182817466 460.6517122512408378 465.2956049652736397 470.1063709417263112 475.0789408087881043 480.2082881417187536 485.4894437575342181 490.4079934095691442 480.4164859785725525 470.4253394535630264 460.4345773288535497 450.4442251822082994 440.4543109109048373 430.4648650006176922 420.47592083257274 410.4875150354758375 400.4996878900157071 390.5124837953327415 380.5259518088089408 370.5401462729781201 360.5551275463989214 350.5709628591620799 340.5877273185280387 330.6055050963307735 320.6243908376279705 310.6444913401813324 300.6659275674581409 290.6888370749726391 280.7133769523640012 270.7397274136176861 260.7680962081059306 250.7987240796890376 240.8318915758459013 230.8679276123039017
421.9004621945797453 422.9657196511320194 424.2640687119285303 425.793377120875391 427.5511665286389871 429.53463189829057 431.7406628984580834 434.1658669218481919 436.8065933568311152 439.6589587396121601 442.7188724235730888 445.9820624195551773 449.4441010848846645 453.100430368367654 456.9463863518345192 460.977222864644375 465.1881339845202774 469.5742752749558235 474.1307836451879325 478.8527957525151351 483.7354648979130047 488.7739763939974864 493.9635614091387765 490.1020301937138584 480.1041553663121704 470.1063709417263112 460.108682813093651 450.1110973970759801 440.1136216933077208 430.116263352131341 420.1190307520000715 410.1219330881975793 400.1249804748511565 390.1281840626231769 380.1315561749642598 370.1351104664349236 360.1388621073821241 350.1428280002319298 340.1470270338989508 330.1514803843835466 320.1562118716424266 310.1612483854164566 300.1666203960726875 290.1723625709381622 280.1785145224379789 270.1851217221259276 260.1922366251537255 250.1999200639360765 240.2082429892862763 230.2172886644267749
431.8564576337836911 432.8972164382672645 434.1658669218481919 435.6604182158392859 437.3785545725807538 439.3176527297759435 441.4748010928823305 443.8468204234429209 446.4302857109943261 449.2215489043240382 452.2167621838005402 455.4119014694280168 458.802789878178487 462.3851208678756848 466.1544808322665858 470.1063709417263112 474.2362280551750473 478.5394445602159408 483.0113870293328659 487.6474136094643654 492.4428900898052461 497.3932046178355222 500 490 480 470 460 450 440 430 420 410 400 390 380 370 360 350 340 330 320 310 300 290 280 270 260 250 240 230
441.8144406874904462 442.8317965096905482 444.0720662234903671 445.5333881989092788 447.2135954999579326 449.1102314577124162 451.2205669071391299 453.5416188179426626 456.0701700396551814 458.802789878178487 461.7358552246078034 464.8655719667783615 468.1879964287850271 471.6990566028301828 475.3945729601884977 479.2702786528703314 483.3218389437828932 487.5448697299562468 491.9349550499537145 496.4876634922563881 501.1985634456667071 506.063237155199829 500 490 480 470 460 450 440 430 420 410 400 390 380 370 360 350 340 330 320 310 300 290 280 270 260 250 240 230
