landscape/exported_ascii_MS_HABMAT_PATCHES_ONLY_DIST/simulation_000091_p032_h053_HABMAT_patch_more_500pix_edge_dist_modified.asc
ncols         512
nrows         512
xllcorner     0
yllcorner     0
cellsize      10
NODATA_value  -99
[rows 300 to 319 of 512, columns 132 to 175 of 512]
250 247.3863375370596316 245.1530134426252516 243.3105012119287949 241.8677324489565024 240.8318915758459013 240.2082429892862763 240 240.2082429892862763 240 240.2082429892862763 240.8318915758459013 241.8677324489565024 243.3105012119287949 245.1530134426252516 247.3863375370596316 250 252.9822128134703405 256.3201123595259219 260 264.0075756488816978 268.3281572999747482 272.9468812791236019 277.8488797889961006 283.0194339616980983 288.4441020371191371 294.1088233970548345 300 306.104557300279339 312.4099870362661591 318.9043743820394639 325.5764119219941222 332.4154027718932412 339.4112549695428243 346.554469023269121 353.8361202590826338 361.2478373637688378 368.7817782917155114 376.4306044943742222 384.1874542459709119 392.0459156782531522 400 408.0441152620633147 416.1730409336962566
240.4163056034261672 237.6972864800942489 235.3720459187964025 233.4523505985750376 231.9482700948640286 230.8679276123039017 230.2172886644267749 230 230.2172886644267749 230 230.2172886644267749 230.8679276123039017 231.9482700948640286 233.4523505985750376 235.3720459187964025 237.6972864800942489 240.4163056034261672 243.5159132377184221 246.9817807045693883 250.7987240796890376 254.9509756796392423 259.422435421456953 264.1968962724581047 269.2582403567251959 274.5906043549196056 280.1785145224379789 286.0069929215018192 292.0616373302046895 298.3286778035259772 304.7950130825634005 311.4482300479487549 318.2766092567909482 325.2691193458118732 332.4154027718932412 339.7057550292605583 347.1310991541956241 354.6829570193639825 362.353418639868778 370.1351104664349236 378.0211634287159654 386.0051813123756688 394.0812099047606125 402.2437072223753489 410.4875150354758375
230.8679276123039017 228.0350850198275907 225.6102834535695649 223.6067977499789663 222.0360331117451835 220.9072203437452231 220.2271554554524187 220 220.2271554554524187 220 220.2271554554524187 220.9072203437452231 222.0360331117451835 223.6067977499789663 225.6102834535695649 228.0350850198275907 230.8679276123039017 234.0939982143925135 237.6972864800942489 241.6609194718914466 245.9674775249768572 250.5992817228333536 255.5386467836127622 260.7680962081059306 266.2705391138869686 272.0294101747088575 278.0287754891568852 284.2534080710378817 290.6888370749726391 297.3213749463700992 304.1381265149109936 311.1269837220809222 318.2766092567909482 325.5764119219941222 333.0165161069342616 340.5877273185280387 348.2814953453599855 356.089876295297131 364.0054944640259009 372.0215047547654876 380.1315561749642598 388.3297567789520031 396.6106403010388135 404.9691346263317655
221.3594362117865444 218.4032966784155576 215.8703314492290417 213.7755832643194935 212.1320343559642652 210.9502310972898727 210.23796041628637 210 210.23796041628637 210 210.23796041628637 210.9502310972898727 212.1320343559642652 213.7755832643194935 215.8703314492290417 218.4032966784155576 221.3594362117865444 224.7220505424423322 228.4731931759172596 232.5940669922601387 237.0653918225939663 241.8677324489565024 246.9817807045693883 252.388589282479245 258.0697580112787932 264.0075756488816978 270.1851217221259276 276.5863337187865909 283.1960451701258989 290 296.9848480983499712 304.1381265149109936 311.4482300479487549 318.9043743820394639 326.4965543462901678 334.2154993413680586 342.0526275297414145 350 358.0502757993631349 366.1966684720110834 374.4329045369810842 382.7531841800927737 391.1521443121588959 399.6248240537616994
211.896201004170905 208.8061301782109922 206.1552812808830311 203.9607805437113939 202.2374841615668402 200.9975124224177989 200.2498439450078536 200 200.2498439450078536 200 200.2498439450078536 200.9975124224177989 202.2374841615668402 203.9607805437113939 206.1552812808830311 208.8061301782109922 211.896201004170905 215.4065922853801567 219.3171219946130748 223.6067977499789663 228.2542442102665348 233.2380757938120155 238.5372088375312671 244.1311123146740556 250 256.1249694973139412 262.488094968133737 269.0724809414742253 275.862284482674454 282.8427124746190202 290 297.3213749463700992 304.7950130825634005 312.4099870362661591 320.1562118716424266 328.0243893371344939 336.0059523282288296 344.0930106817050955 352.2782990761707538 360.5551275463989214 368.9173349139343259 377.359245282264169 385.8756276314947513 394.4616584663203867
202.4845673131658828 199.2485884517127488 196.4688270438849997 194.1648783894760015 192.3538406167134553 191.0497317454280051 190.2629759044044704 190 190.2629759044044704 190 190.2629759044044704 191.0497317454280051 192.3538406167134553 194.1648783894760015 196.4688270438849997 199.2485884517127488 202.4845673131658828 206.1552812808830311 210.23796041628637 214.7091055358388871 219.5449840010014952 224.7220505424423322 230.2172886644267749 236.0084744241189298 242.0743687382041003 248.3948469674844262 254.9509756796392423 261.7250465660480359 268.7005768508880692 275.862284482674454 283.1960451701258989 290.6888370749726391 298.3286778035259772 306.104557300279339 314.006369362151645 322.0248437620923596 330.1514803843835466 338.378486313772612 346.6987164671943447 355.1056180912940476 363.5931792539568619 372.1558813185678787 380.7886552931954043 389.4868418830089354
193.1320791582796517 189.7366596101027483 186.8154169226940553 184.3908891458577557 182.4828759089465962 181.107702762748346 180.2775637731994607 180 180.2775637731994607 180 180.2775637731994607 181.107702762748346 182.4828759089465962 184.3908891458577557 186.8154169226940553 189.7366596101027483 193.1320791582796517 196.9771560359220928 201.2461179749810753 205.912602819740016 210.9502310972898727 216.3330765278393528 222.0360331117451835 228.0350850198275907 234.3074902771996335 240.8318915758459013 247.5883680627989349 254.5584412271571182 261.7250465660480359 269.0724809414742253 276.5863337187865909 284.2534080710378817 292.0616373302046895 300 308.0584360149872509 316.2277660168379612 324.4996147917590292 332.866339541864761 341.3209633175202384 349.8571136907180517 358.4689665786984278 367.1511950137164035 375.8989225842500446 384.7076812334269107
183.8477631085023631 180.2775637731994607 177.2004514666934938 174.6424919657298176 172.6267650163206895 171.1724276862368868 170.2938636592640194 170 170.2938636592640194 170 170.2938636592640194 171.1724276862368868 172.6267650163206895 174.6424919657298176 177.2004514666934938 180.2775637731994607 183.8477631085023631 187.8829422805593481 192.3538406167134553 197.2308292331601933 202.4845673131658828 208.0865204668481283 214.0093455903269728 220.2271554554524187 226.7156809750926811 233.4523505985750376 240.4163056034261672 247.5883680627989349 254.9509756796392423 262.488094968133737 270.1851217221259276 278.0287754891568852 286.0069929215018192 294.1088233970548345 302.3243291566194557 310.6444913401813324 319.0611226708763297 327.5667870831840105 336.1547262794322251 344.8187929913333392 353.5533905932737753 362.353418639868778 371.214223865411725 380.1315561749642598
174.6424919657298176 170.8800749063506146 167.6305461424020962 164.9242250247064305 162.7882059609970611 161.2451549659709826 160.3121954188139853 160 160.3121954188139853 160 160.3121954188139853 161.2451549659709826 162.7882059609970611 164.9242250247064305 167.6305461424020962 170.8800749063506146 174.6424919657298176 178.8854381999831844 183.5755975068582018 188.6796226411320845 194.1648783894760015 200 206.1552812808830311 212.6029162546929854 219.3171219946130748 226.2741699796952162 233.4523505985750376 240.8318915758459013 248.3948469674844262 256.1249694973139412 264.0075756488816978 272.0294101747088575 280.1785145224379789 288.4441020371191371 296.8164415931166218 305.2867504494749369 313.8470965295043129 322.4903099319419653 331.2099032335838729 340 348.8552708502481323 357.7708763999663688 366.7424164178449928 375.7658845611186962
164.9242250247064305 161.5549442140351175 158.1138830084189806 155.2417469626002458 152.9705854077835454 151.3274595042155681 150.3329637837290704 150 150.3329637837290704 150 150.3329637837290704 151.3274595042155681 152.9705854077835454 155.2417469626002458 158.1138830084189806 161.5549442140351175 165.5294535724684977 170 174.9285568453590258 180.2775637731994607 186.0107523773827438 192.0937271229854559 198.4943324127920903 205.1828452868319062 212.1320343559642652 219.3171219946130748 226.7156809750926811 234.3074902771996335 242.0743687382041003 250 258.0697580112787932 266.2705391138869686 274.5906043549196056 283.0194339616980983 291.5475947422650052 300.1666203960726875 308.8689042296099956 317.6476034853718033 326.4965543462901678 335.4101966249684779 344.3835071544513085 353.4119409414458346 362.4913792078371557 371.6180835212409193
155.2417469626002458 152.3154621172781731 148.6606874731850496 145.6021977856103717 143.1782106327635233 141.4213562373095101 140.3566884761820006 140 140.3566884761820006 140 140.3566884761820006 141.4213562373095101 143.1782106327635233 145.6021977856103717 148.6606874731850496 152.3154621172781731 156.524758424985265 161.2451549659709826 166.4331697709323805 172.0465053408525478 178.0449381476485655 184.3908891458577557 191.0497317454280051 197.9898987322333141 205.1828452868319062 212.6029162546929854 220.2271554554524187 228.0350850198275907 236.0084744241189298 244.1311123146740556 252.388589282479245 260.7680962081059306 269.2582403567251959 277.8488797889961006 286.5309756378880479 295.2964612046679918 304.1381265149109936 313.0495168499705301 322.0248437620923596 331.0589071449369953 340.1470270338989508 349.2849839314596352 358.4689665786984278 367.6955262170047263
145.6021977856103717 143.1782106327635233 139.2838827718412062 136.0147050873544288 133.4166406412633421 131.5294643796590606 130.3840481040529653 130 130.3840481040529653 130 130.3840481040529653 131.5294643796590606 133.4166406412633421 136.0147050873544288 139.2838827718412062 143.1782106327635233 147.6482306023339959 152.6433752247374684 158.1138830084189806 164.0121946685672469 170.2938636592640194 176.9180601295413169 183.8477631085023631 191.0497317454280051 198.4943324127920903 206.1552812808830311 214.0093455903269728 222.0360331117451835 230.2172886644267749 238.5372088375312671 246.9817807045693883 255.5386467836127622 264.1968962724581047 272.9468812791236019 281.7800560721074135 290.6888370749726391 299.6664812754339664 308.7069808086626495 317.8049716414140562 326.9556544854362983 336.1547262794322251 345.3983207834108953 354.6829570193639825 364.0054944640259009
136.0147050873544288 133.4166406412633421 130 126.4911064067351703 123.6931687685298158 121.6552506059643974 120.4159457879229507 120 120.4159457879229507 120 120.4159457879229507 121.6552506059643974 123.6931687685298158 126.4911064067351703 130 134.1640786499873741 138.9244398944980503 144.2220510185595685 150 156.2049935181330795 162.7882059609970611 169.7056274847714121 176.9180601295413169 184.3908891458577557 192.0937271229854559 200 208.0865204668481283 216.3330765278393528 224.7220505424423322 233.2380757938120155 241.8677324489565024 250.5992817228333536 259.422435421456953 268.3281572999747482 277.3084924772409749 286.3564212655270467 295.4657340538831249 304.6309242345563462 313.8470965295043129 323.109888428070235 332.4154027718932412 341.7601498127012292 351.1409973215887703 360.5551275463989214
126.4911064067351703 123.6931687685298158 120.8304597359457233 117.0469991071962568 114.0175425099137954 111.8033988749894831 110.4536101718726115 110 110.4536101718726115 110 110.4536101718726115 111.8033988749894831 114.0175425099137954 117.0469991071962568 120.8304597359457233 125.2996408614166768 130.3840481040529653 136.0147050873544288 142.1267040355189408 148.6606874731850496 155.5634918610404611 162.7882059609970611 170.2938636592640194 178.0449381476485655 186.0107523773827438 194.1648783894760015 202.4845673131658828 210.9502310972898727 219.5449840010014952 228.2542442102665348 237.0653918225939663 245.9674775249768572 254.9509756796392423 264.0075756488816978 273.1300056749532814 282.3118842698621052 291.5475947422650052 300.8321791298264429 310.1612483854164566 319.5309061734091642 328.9376840679705651 338.378486313772612 347.8505426185217289 357.3513677041127607
117.0469991071962568 114.0175425099137954 111.8033988749894831 107.7032961426900783 104.4030650891054961 101.9803902718556969 100.4987562112088995 100 100.4987562112088995 100 100.4987562112088995 101.9803902718556969 104.4030650891054961 107.7032961426900783 111.8033988749894831 116.6190378969060077 122.0655561573370278 128.0624847486569706 134.5362404707371127 141.4213562373095101 148.6606874731850496 156.2049935181330795 164.0121946685672469 172.0465053408525478 180.2775637731994607 188.6796226411320845 197.2308292331601933 205.912602819740016 214.7091055358388871 223.6067977499789663 232.5940669922601387 241.6609194718914466 250.7987240796890376 260 269.2582403567251959 278.5677655436824125 287.9236009777593495 297.3213749463700992 306.7572330035593495 316.2277660168379612 325.7299494980466079 335.2610922848041923 344.8187929913333392 354.4009029333869876
107.7032961426900783 104.4030650891054961 101.9803902718556969 98.4885780179610464 94.8683298050513741 92.1954445729288778 90.553851381374173 90 90.553851381374173 90 90.553851381374173 92.1954445729288778 94.8683298050513741 98.4885780179610464 102.956301409870008 108.1665382639196764 114.0175425099137954 120.4159457879229507 127.2792206135785591 134.5362404707371127 142.1267040355189408 150 158.1138830084189806 166.4331697709323805 174.9285568453590258 183.5755975068582018 192.3538406167134553 201.2461179749810753 210.23796041628637 219.3171219946130748 228.4731931759172596 237.6972864800942489 246.9817807045693883 256.3201123595259219 265.706605111728436 275.136329843952069 284.6049894151541366 294.1088233970548345 303.6445290137795041 313.2091952673164883 322.8002478313794654 332.4154027718932412 342.0526275297414145 351.7101079013795015
98.4885780179610464 94.8683298050513741 92.1954445729288778 89.4427190999915922 85.4400374531753073 82.4621125123532153 80.6225774829854913 80 80.6225774829854913 80 80.6225774829854913 82.4621125123532153 85.4400374531753073 89.4427190999915922 94.3398113205660422 100 106.3014581273464927 113.1370849898476081 120.4159457879229507 128.0624847486569706 136.0147050873544288 144.2220510185595685 152.6433752247374684 161.2451549659709826 170 178.8854381999831844 187.8829422805593481 196.9771560359220928 206.1552812808830311 215.4065922853801567 224.7220505424423322 234.0939982143925135 243.5159132377184221 252.9822128134703405 262.488094968133737 272.0294101747088575 281.6025568065744551 291.2043955712207435 300.8321791298264429 310.4834939252004915 320.1562118716424266 329.8484500494128611 339.5585369269928719 349.2849839314596352
89.4427190999915922 85.4400374531753073 82.4621125123532153 80.6225774829854913 76.1577310586390865 72.8010988928051859 70.7106781186547551 70 70.7106781186547551 70 70.7106781186547551 72.8010988928051859 76.1577310586390865 80.6225774829854913 86.0232526704262739 92.1954445729288778 98.9949493661166571 106.3014581273464927 114.0175425099137954 122.0655561573370278 130.3840481040529653 138.9244398944980503 147.6482306023339959 156.524758424985265 165.5294535724684977 174.6424919657298176 183.8477631085023631 193.1320791582796517 202.4845673131658828 211.896201004170905 221.3594362117865444 230.8679276123039017 240.4163056034261672 250 259.6150997149433692 269.2582403567251959 278.9265136196270873 288.6173937932362605 298.3286778035259772 308.0584360149872509 317.8049716414140562 327.5667870831840105 337.3425558686599857 347.1310991541956241
80.6225774829854913 76.1577310586390865 72.8010988928051859 70.7106781186547551 67.082039324993687 63.2455532033675851 60.8276253029821987 60 60.8276253029821987 60 60.8276253029821987 63.2455532033675851 67.082039324993687 72.1110255092797843 78.1024967590665398 84.8528137423857061 92.1954445729288778 100 108.1665382639196764 116.6190378969060077 125.2996408614166768 134.1640786499873741 143.1782106327635233 152.3154621172781731 161.5549442140351175 170.8800749063506146 180.2775637731994607 189.7366596101027483 199.2485884517127488 208.8061301782109922 218.4032966784155576 228.0350850198275907 237.6972864800942489 247.3863375370596316 257.0992026436488231 266.8332812825266842 276.5863337187865909 286.3564212655270467 296.1418578992169159 305.9411708155670908 315.7530680769388596 325.5764119219941222 335.4101966249684779 345.253530032641379
72.1110255092797843 67.082039324993687 63.2455532033675851 60.8276253029821987 58.3095189484530039 53.8516480713450392 50.9901951359278485 50 50.9901951359278485 50 50.9901951359278485 53.8516480713450392 58.3095189484530039 64.0312423743284853 70.7106781186547551 78.1024967590665398 86.0232526704262739 94.3398113205660422 102.956301409870008 111.8033988749894831 120.8304597359457233 130 139.2838827718412062 148.6606874731850496 158.1138830084189806 167.6305461424020962 177.2004514666934938 186.8154169226940553 196.4688270438849997 206.1552812808830311 215.8703314492290417 225.6102834535695649 235.3720459187964025 245.1530134426252516 254.9509756796392423 264.7640458974745457 274.5906043549196056 284.4292530665578624 294.2787793912432335 304.1381265149109936 314.006369362151645 323.8826948140329591 333.7663853655727166 343.6568055487916808
