landscape/exported_ascii_MS_HABMAT_PATCHES_ONLY_DIST/simulation_000066_p058_h060_HABMAT_patch_more_500pix_edge_dist_modified.asc
ncols         512
nrows         512
xllcorner     0
yllcorner     0
cellsize      10
NODATA_value  -99
[rows 322 to 344 of 512, columns 312 to 363 of 512]
235.3720459187964025 225.6102834535695649 215.8703314492290417 206.1552812808830311 196.4688270438849997 186.8154169226940553 177.2004514666934938 167.6305461424020962 158.1138830084189806 148.6606874731850496 139.2838827718412062 130 120.8304597359457233 111.8033988749894831 102.956301409870008 94.3398113205660422 86.0232526704262739 78.1024967590665398 70.7106781186547551 60.8276253029821987 50.9901951359278485 41.2310562561766076 31.6227766016837926 22.3606797749978981 14.142135623730951 10 10 10 -10 -10 -10 10 10 10 14.142135623730951 20 22.3606797749978981 28.284271247461902 30 30 22.3606797749978981 14.142135623730951 10 -10 -20 -22.3606797749978981 -14.142135623730951 -10 -14.142135623730951 -22.3606797749978981 -22.3606797749978981 -20
233.4523505985750376 223.6067977499789663 213.7755832643194935 203.9607805437113939 194.1648783894760015 184.3908891458577557 174.6424919657298176 164.9242250247064305 155.2417469626002458 145.6021977856103717 136.0147050873544288 126.4911064067351703 117.0469991071962568 107.7032961426900783 98.4885780179610464 89.4427190999915922 80.6225774829854913 72.1110255092797843 64.0312423743284853 56.568542494923804 50 40 30 20 10 -10 -10 -10 10 -10 -10 -10 -10 -10 10 10 14.142135623730951 20 20 20 20 10 -10 -14.142135623730951 -22.3606797749978981 -20 -10 10 -10 -14.142135623730951 -14.142135623730951 -10
223.6067977499789663 214.7091055358388871 205.912602819740016 197.2308292331601933 188.6796226411320845 180.2775637731994607 172.0465053408525478 162.7882059609970611 152.9705854077835454 143.1782106327635233 133.4166406412633421 123.6931687685298158 114.0175425099137954 104.4030650891054961 94.8683298050513741 85.4400374531753073 76.1577310586390865 67.082039324993687 58.3095189484530039 50 42.426406871192853 36.0555127546398921 28.284271247461902 20 10 -10 10 10 -10 10 10 -10 -20 -10 10 -10 10 10 10 10 14.142135623730951 10 -10 -14.142135623730951 -14.142135623730951 -10 -10 10 10 -10 -10 10
219.3171219946130748 210.23796041628637 201.2461179749810753 192.3538406167134553 183.5755975068582018 174.9285568453590258 166.4331697709323805 158.1138830084189806 150 141.4213562373095101 131.5294643796590606 121.6552506059643974 111.8033988749894831 101.9803902718556969 92.1954445729288778 82.4621125123532153 72.8010988928051859 63.2455532033675851 53.8516480713450392 44.7213595499957961 36.0555127546398921 28.284271247461902 22.3606797749978981 14.142135623730951 10 -10 10 10 -10 -10 -10 -14.142135623730951 -22.3606797749978981 -14.142135623730951 -10 -14.142135623730951 -10 -10 -10 -10 10 -10 10 -10 -10 10 -10 10 10 10 10 10
215.4065922853801567 206.1552812808830311 196.9771560359220928 187.8829422805593481 178.8854381999831844 170 161.2451549659709826 152.6433752247374684 144.2220510185595685 136.0147050873544288 128.0624847486569706 120.4159457879229507 110.4536101718726115 100.4987562112088995 90.553851381374173 80.6225774829854913 70.7106781186547551 60.8276253029821987 50.9901951359278485 41.2310562561766076 31.6227766016837926 22.3606797749978981 14.142135623730951 10 -10 10 10 14.142135623730951 10 10 10 -10 -20 -22.3606797749978981 -20 -22.3606797749978981 -20 -20 -20 -10 10 10 -10 -14.142135623730951 -14.142135623730951 -10 -14.142135623730951 -10 -10 -10 10 14.142135623730951
211.896201004170905 202.4845673131658828 193.1320791582796517 183.8477631085023631 174.6424919657298176 165.5294535724684977 156.524758424985265 147.6482306023339959 138.9244398944980503 130.3840481040529653 122.0655561573370278 114.0175425099137954 106.3014581273464927 98.9949493661166571 90 80 70 60 50 40 30 20 10 -10 10 -10 -10 10 10 -10 -10 -14.142135623730951 -22.3606797749978981 -31.6227766016837926 -30 -31.6227766016837926 -30 -22.3606797749978981 -14.142135623730951 -10 -10 -10 10 -10 -20 -20 -22.3606797749978981 -20 -20 -14.142135623730951 -10 10
208.8061301782109922 199.2485884517127488 189.7366596101027483 180.2775637731994607 170.8800749063506146 161.5549442140351175 152.3154621172781731 143.1782106327635233 134.1640786499873741 125.2996408614166768 116.6190378969060077 108.1665382639196764 100 92.1954445729288778 84.8528137423857061 78.1024967590665398 70.7106781186547551 60.8276253029821987 50.9901951359278485 41.2310562561766076 31.6227766016837926 22.3606797749978981 14.142135623730951 10 10 -10 -10 10 14.142135623730951 10 10 -10 -20 -22.3606797749978981 -20 -22.3606797749978981 -28.284271247461902 -20 -10 10 10 -10 -10 -14.142135623730951 -22.3606797749978981 -30 -30 -30 -28.284271247461902 -22.3606797749978981 -14.142135623730951 -10
206.1552812808830311 196.4688270438849997 186.8154169226940553 177.2004514666934938 167.6305461424020962 158.1138830084189806 148.6606874731850496 139.2838827718412062 130 120.8304597359457233 111.8033988749894831 102.956301409870008 94.3398113205660422 86.0232526704262739 78.1024967590665398 70.7106781186547551 64.0312423743284853 58.3095189484530039 53.8516480713450392 44.7213595499957961 36.0555127546398921 28.284271247461902 22.3606797749978981 20 14.142135623730951 10 -10 -10 10 10 -10 -10 -14.142135623730951 -14.142135623730951 -10 -14.142135623730951 -22.3606797749978981 -20 -10 10 14.142135623730951 10 -10 -20 -22.3606797749978981 -22.3606797749978981 -20 -22.3606797749978981 -20 -20 -10 10
202.4845673131658828 193.1320791582796517 183.8477631085023631 174.6424919657298176 164.9242250247064305 155.2417469626002458 145.6021977856103717 136.0147050873544288 126.4911064067351703 117.0469991071962568 107.7032961426900783 98.4885780179610464 89.4427190999915922 80.6225774829854913 72.1110255092797843 64.0312423743284853 56.568542494923804 50 44.7213595499957961 41.2310562561766076 40 36.0555127546398921 30 20 10 -10 -10 10 10 -10 -10 10 -10 -10 10 -10 -14.142135623730951 -10 -10 10 10 -10 -14.142135623730951 -10 -14.142135623730951 -14.142135623730951 -10 -14.142135623730951 -10 -10 -14.142135623730951 -10
199.2485884517127488 189.7366596101027483 180.2775637731994607 170.8800749063506146 161.5549442140351175 152.3154621172781731 143.1782106327635233 133.4166406412633421 123.6931687685298158 114.0175425099137954 104.4030650891054961 94.8683298050513741 85.4400374531753073 76.1577310586390865 67.082039324993687 58.3095189484530039 50 42.426406871192853 36.0555127546398921 31.6227766016837926 30 28.284271247461902 22.3606797749978981 20 14.142135623730951 10 -10 10 -10 -14.142135623730951 -14.142135623730951 -10 -14.142135623730951 -14.142135623730951 -10 -14.142135623730951 -10 10 10 -10 -10 -14.142135623730951 -10 10 -10 -10 10 -10 10 10 -10 -10
196.4688270438849997 186.8154169226940553 177.2004514666934938 167.6305461424020962 158.1138830084189806 148.6606874731850496 139.2838827718412062 130 120.8304597359457233 111.8033988749894831 101.9803902718556969 92.1954445729288778 82.4621125123532153 72.8010988928051859 63.2455532033675851 53.8516480713450392 44.7213595499957961 36.0555127546398921 28.284271247461902 22.3606797749978981 20 20 14.142135623730951 10 10 10 10 -10 10 -10 -20 -20 -22.3606797749978981 -22.3606797749978981 -20 -22.3606797749978981 -14.142135623730951 -10 -10 -14.142135623730951 -20 -22.3606797749978981 -14.142135623730951 -10 -14.142135623730951 -10 10 10 10 -10 10 10
194.1648783894760015 184.3908891458577557 174.6424919657298176 164.9242250247064305 155.2417469626002458 145.6021977856103717 136.0147050873544288 126.4911064067351703 117.0469991071962568 107.7032961426900783 98.4885780179610464 89.4427190999915922 80.6225774829854913 70.7106781186547551 60.8276253029821987 50.9901951359278485 41.2310562561766076 31.6227766016837926 22.3606797749978981 14.142135623730951 10 10 10 -10 -10 -10 10 10 10 -10 -14.142135623730951 -22.3606797749978981 -31.6227766016837926 -31.6227766016837926 -30 -28.284271247461902 -22.3606797749978981 -14.142135623730951 -10 -10 -14.142135623730951 -22.3606797749978981 -22.3606797749978981 -14.142135623730951 -10 10 -10 10 -10 -10 10 14.142135623730951
192.3538406167134553 182.4828759089465962 172.6267650163206895 162.7882059609970611 152.9705854077835454 143.1782106327635233 133.4166406412633421 123.6931687685298158 114.0175425099137954 104.4030650891054961 94.8683298050513741 85.4400374531753073 76.1577310586390865 67.082039324993687 58.3095189484530039 50 40 30 20 10 -10 -10 -10 10 -10 -14.142135623730951 -10 -10 10 10 -10 -20 -28.284271247461902 -22.3606797749978981 -20 -22.3606797749978981 -20 -10 10 10 -10 -20 -20 -10 10 -10 10 -10 10 -10 -10 10
191.0497317454280051 181.107702762748346 171.1724276862368868 161.2451549659709826 151.3274595042155681 141.4213562373095101 131.5294643796590606 121.6552506059643974 111.8033988749894831 101.9803902718556969 92.1954445729288778 82.4621125123532153 72.8010988928051859 63.2455532033675851 53.8516480713450392 44.7213595499957961 36.0555127546398921 28.284271247461902 22.3606797749978981 14.142135623730951 10 10 -10 10 -10 -14.142135623730951 -20 -14.142135623730951 -10 -10 -14.142135623730951 -22.3606797749978981 -22.3606797749978981 -14.142135623730951 -10 -14.142135623730951 -10 -10 -10 -10 -14.142135623730951 -14.142135623730951 -10 -14.142135623730951 -10 -14.142135623730951 -10 10 -10 -14.142135623730951 -10 10
187.8829422805593481 178.8854381999831844 170 160.3121954188139853 150.3329637837290704 140.3566884761820006 130.3840481040529653 120.4159457879229507 110.4536101718726115 100.4987562112088995 90.553851381374173 80.6225774829854913 70.7106781186547551 60.8276253029821987 50.9901951359278485 41.2310562561766076 31.6227766016837926 22.3606797749978981 14.142135623730951 10 10 -10 -14.142135623730951 -10 10 -10 -20 -22.3606797749978981 -20 -20 -22.3606797749978981 -22.3606797749978981 -14.142135623730951 -10 10 -10 10 10 -10 -20 -20 -10 10 -10 -20 -22.3606797749978981 -14.142135623730951 -10 -14.142135623730951 -10 10 14.142135623730951
183.8477631085023631 174.6424919657298176 165.5294535724684977 156.524758424985265 147.6482306023339959 138.9244398944980503 130 120 110 100 90 80 70 60 50 40 30 20 10 -10 -10 -14.142135623730951 -10 10 10 -10 -20 -14.142135623730951 -10 -14.142135623730951 -22.3606797749978981 -20 -10 10 -10 10 -10 10 -10 -20 -20 -14.142135623730951 -10 -10 -14.142135623730951 -14.142135623730951 -10 -14.142135623730951 -10 10 10 14.142135623730951
180.2775637731994607 170.8800749063506146 161.5549442140351175 152.3154621172781731 143.1782106327635233 134.1640786499873741 125.2996408614166768 116.6190378969060077 108.1665382639196764 100 90.553851381374173 80.6225774829854913 70.7106781186547551 60.8276253029821987 50.9901951359278485 41.2310562561766076 31.6227766016837926 22.3606797749978981 14.142135623730951 10 10 -10 -14.142135623730951 -10 10 -10 -20 -10 10 -10 -20 -22.3606797749978981 -14.142135623730951 -10 -14.142135623730951 -10 -14.142135623730951 -10 -14.142135623730951 -14.142135623730951 -10 -10 10 10 -10 -10 10 -10 -14.142135623730951 -10 -10 10
177.2004514666934938 167.6305461424020962 158.1138830084189806 148.6606874731850496 139.2838827718412062 130 120.8304597359457233 111.8033988749894831 102.956301409870008 94.3398113205660422 86.0232526704262739 78.1024967590665398 70.7106781186547551 63.2455532033675851 53.8516480713450392 44.7213595499957961 36.0555127546398921 28.284271247461902 22.3606797749978981 20 14.142135623730951 10 -10 -14.142135623730951 -10 -14.142135623730951 -22.3606797749978981 -14.142135623730951 -10 -14.142135623730951 -22.3606797749978981 -28.284271247461902 -22.3606797749978981 -20 -22.3606797749978981 -20 -22.3606797749978981 -20 -20 -10 10 -10 -10 -10 -14.142135623730951 -14.142135623730951 -10 10 -10 -10 10 14.142135623730951
170.2938636592640194 164.9242250247064305 155.2417469626002458 145.6021977856103717 136.0147050873544288 126.4911064067351703 117.0469991071962568 107.7032961426900783 98.4885780179610464 89.4427190999915922 80.6225774829854913 72.1110255092797843 64.0312423743284853 56.568542494923804 50 42.426406871192853 36.0555127546398921 31.6227766016837926 30 20 10 -10 -14.142135623730951 -22.3606797749978981 -20 -22.3606797749978981 -20 -10 10 -10 -20 -30 -31.6227766016837926 -30 -31.6227766016837926 -30 -30 -22.3606797749978981 -14.142135623730951 -10 -10 10 10 10 -10 -20 -14.142135623730951 -10 -10 10 -10 10
160.3121954188139853 160 152.9705854077835454 143.1782106327635233 133.4166406412633421 123.6931687685298158 114.0175425099137954 104.4030650891054961 94.8683298050513741 85.4400374531753073 76.1577310586390865 67.082039324993687 58.3095189484530039 50 42.426406871192853 36.0555127546398921 28.284271247461902 22.3606797749978981 20 20 10 -10 -20 -28.284271247461902 -30 -31.6227766016837926 -22.3606797749978981 -14.142135623730951 -10 -14.142135623730951 -22.3606797749978981 -31.6227766016837926 -36.0555127546398921 -31.6227766016837926 -28.284271247461902 -22.3606797749978981 -20 -20 -10 10 10 10 10 -10 -10 -10 -14.142135623730951 -14.142135623730951 -10 10 10 14.142135623730951
150.3329637837290704 150 150 141.4213562373095101 131.5294643796590606 121.6552506059643974 111.8033988749894831 101.9803902718556969 92.1954445729288778 82.4621125123532153 72.8010988928051859 63.2455532033675851 53.8516480713450392 44.7213595499957961 36.0555127546398921 28.284271247461902 22.3606797749978981 14.142135623730951 10 10 10 -10 -20 -30 -40 -30 -20 -10 10 -10 -20 -30 -28.284271247461902 -22.3606797749978981 -20 -14.142135623730951 -10 -14.142135623730951 -10 10 10 -10 -10 -10 10 10 -10 -10 10 -10 10 10
140.3566884761820006 140 140 139.2838827718412062 130 120.4159457879229507 110.4536101718726115 100.4987562112088995 90.553851381374173 80.6225774829854913 70.7106781186547551 60.8276253029821987 50.9901951359278485 41.2310562561766076 31.6227766016837926 22.3606797749978981 14.142135623730951 10 -10 -10 10 -10 -20 -30 -40 -31.6227766016837926 -22.3606797749978981 -14.142135623730951 -10 -14.142135623730951 -22.3606797749978981 -31.6227766016837926 -22.3606797749978981 -14.142135623730951 -10 -10 10 -10 -14.142135623730951 -10 -10 10 -10 -10 10 -10 10 -10 10 10 -10 -10
130.3840481040529653 130 130 130.3840481040529653 126.4911064067351703 117.0469991071962568 107.7032961426900783 98.4885780179610464 89.4427190999915922 80 70 60 50 40 30 20 10 -10 -14.142135623730951 -10 10 -10 -20 -30 -40 -36.0555127546398921 -28.284271247461902 -22.3606797749978981 -20 -22.3606797749978981 -28.284271247461902 -22.3606797749978981 -20 -10 10 10 10 -10 -10 -10 -14.142135623730951 -10 10 10 14.142135623730951 10 14.142135623730951 10 10 -10 -14.142135623730951 -10
