landscape/exported_ascii_MS_HABMAT_PATCHES_ONLY_DIST/simulation_000007_p030_h015_HABMAT_patch_more_500pix_edge_dist_modified.asc
ncols         512
nrows         512
xllcorner     0
yllcorner     0
cellsize      10
NODATA_value  -99
[rows 22 to 43 of 512, columns 50 to 99 of 512]
1521.1837495845136345 1511.1915828246264937 1501.1995203836163455 1491.2075643584967111 1481.2157169028419048 1471.2239802287074326 1461.2323566086263327 1451.2408483776907815 1441.2494579357176008 1431.2581877495058507 1421.2670403551894651 1411.2760183606890223 1401.2851244482687889 1391.2943613772033586 1381.3037319865604786 1371.3132391981052933 1361.322886019330781 1351.3326755466250688 1341.342610968577219 1331.3526955694346725 1321.3629327327143983 1311.3733259449804791 1301.383878799795184 1291.3945950018530766 1281.4054783713077086 1271.4165328483029498 1261.4277624977182768 1251.4391715141412078 1241.4507642270796168 1231.4625451064275694 1221.4745187681976404 1211.4866899805379035 1201.4990636700472351 1191.5116449284078044 1181.524439019354304 1171.5374513859981107 1161.5506876585282043 1151.5641536623134016 1141.5778554264268223 1131.5917991926239665 1121.6059914247962297 1111.6204388189341898 1101.6351483136329534 1091.6501271011698009 1081.6653826391968778 1071.6809226630844023 1061.6967551989598633 1051.7128885774861828 1041.7293314484334132 1031.746092796091034
1520.8221460775746436 1510.8275877809485337 1500.8331019803633808 1490.8386901338453754 1480.8443537387715878 1470.8500943332055613 1460.8559134972895208 1450.8618128546909247 1440.8677940741129078 1430.8738588708649786 1420.8800090085017018 1410.8862463005300469 1400.8925726121899515 1390.8989898623119643 1380.9055000252551508 1370.912105132929355 1360.9188072769072733 1350.9256086106295243 1340.9325113517086265 1330.9395177843357487 1320.946630261798191 1310.9538512091110078 1300.9611831257686845 1290.9686285886268706 1280.9761902549164461 1270.983870865401741 1260.9916732476865491 1250.9996003196804395 1241.0076550932310511 1231.0158406779337383 1221.0241602851272091 1211.0326172320876594 1201.0412149464314098 1191.0499569707392311 1181.0588469674150929 1171.0678887237920662 1161.0770861575040271 1151.0864433221338459 1141.0959644131601181 1131.1056537742174442 1121.1155159036914029 1111.1255554616680001 1101.1357772772619228 1091.146186356347016 1081.1567878897121773 1071.1675872616758625 1061.1785900591851259 1051.1898020814319352 1041.2012293500233682 1031.2128781197411627
1520.526224699857039 1510.5297084135750083 1500.53323855221538 1490.5368160498417183 1480.5404418657396945 1470.544116985274286 1460.5478424207815351 1450.5516192124980535 1440.5554484295284965 1430.5593311708535111 1420.5632685663811117 1410.5672617780408018 1400.5713120009277191 1390.5754204644924812 1380.5795884337853749 1370.5838172107535229 1360.5881081355958031 1350.5924625881784777 1340.5968819895115303 1330.6013678032952612 1320.6059215375341864 1310.6105447462261964 1300.6152390311287945 1290.6200060436069634 1280.6248474865697062 1270.629765116495264 1260.6347607455538764 1250.6398362438324057 1240.6449935416658263 1230.6502346320826291 1220.655561573370278 1210.660976491767542 1200.6664815842907501 1190.6720791217035185 1180.6777714516354081 1170.6835610018617899 1160.6894502837526488 1150.6954418958996484 1140.7015385279357815 1130.7077429645557913 1120.7140580897519158 1110.7204868912790516 1100.7270324653611624 1090.7336980216573465 1080.7404868885037104 1070.7474025184465063 1060.7544484940895018 1050.7616285342742231 1040.7689465006149021 1030.7764064044151837
1520.2960238058901723 1510.2979838429237134 1500.2999700059986026 1490.301982820931471 1480.3040228277432107 1470.3060905811414614 1460.308186651023334 1450.3103116229988245 1440.3124660989365111 1430.3146506975308512 1420.3168660548953994 1410.3191128251789905 1400.3213916812096613 1390.3237033151667674 1380.3260484392808394 1370.3284277865652712 1360.330842111579841 1350.3332921912278834 1340.3357788255896139 1330.3383028387929699 1320.3408650799231054 1310.3434664239753147 1300.3461077728497912 1290.3487900563939093 1280.3515142334936172 1270.3542812932146262 1260.3570922560002145 1250.3599481749245115 1240.3628501370073991 1230.3657992645926242 1220.368796716795714 1210.3718436910203309 1200.3749414245532989 1190.3780911962383016 1180.381294328235299 1170.3845521878695308 1160.3878661895771529 1150.3912377969504632 1140.3946685248927224 1130.3981599418852966 1120.4017136723773547 1110.4053313993049414 1100.409014866744883 1090.4127658827183041 1080.4165863221464861 1070.4204781299729348 1060.4244433244643915 1050.4284840006957893 1040.4326023342405279 1030.4368005850722056
1520.1315732527891669 1510.1324445226650823 1500.1333274079340754 1490.1342221424215495 1480.1351289662711679 1470.1360481261590394 1460.1369798755183638 1450.1379244747722623 1440.1388821915752487 1430.1398533010678875 1420.1408380861385012 1410.1418368376992021 1400.1428498549710184 1390.1438774457844829 1380.1449199268893153 1370.1459776242822954 1360.1470508735442309 1350.1481400201978431 1340.1492454200763405 1330.150367439711772 1320.1515064567399804 1310.152662860324881 1300.1538370516007035 1290.1550294441362894 1280.1562404644207618 1270.1574705523721605 1260.1587201618690415 1250.1599897613104986 1240.161279834199604 1230.1625908797584543 1220.1639234135714105 1210.165277968261762 1200.1666550941997684 1190.1680553602502641 1180.1694793545543689 1170.1709276853532629 1160.1724009818540253 1150.173899895141858 1140.1754250991380104 1130.1769772916097736 1120.1785571952357259 1110.1801655587257756 1100.181803158005323 1090.1834707974617231 1080.1851693112621433 1070.1868995647441807 1060.188662455885833 1050.1904589168575512 1040.1922899156675157 1030.1941564578980888
1520.0328943809076918 1510.0331122197287641 1500.0333329629711443 1490.0335566691107942 1480.0337833982034681 1470.034013211939282 1460.0342461736984205 1450.034482348609572 1440.0347218036099548 1430.0349646075092096 1420.0352108310553376 1410.0354605470033675 1400.0357138301865234 1390.0359707575914854 1380.0362314084366062 1370.036495864252629 1360.0367642089679521 1350.037036528998442 1340.0373129133381553 1330.037593453658701 1320.0378782444086028 1310.0381673829201645 1300.0384609695206564 1290.0387591076478202 1280.0390619039717421 1270.039369468521727 1260.0396819148197665 1250.0399993600203743 1240.0403219250574693 1230.0406497347962613 1220.0409829181969599 1210.041321608481212 1200.0416659433121822 1190.0420160649791796 1180.042372120594564 1170.0427342623004279 1160.0431026474834653 1150.0434774390053008 1140.0438588054407774 1130.0442469213319328 1120.0446419674531171 1110.0450441310929364 1100.0454536063498381 1090.0458705944442954 1080.046295304048499 1070.0467279516349208 1060.0471687618432952 1050.0476179678710196 1040.0480758118828817 1030.0485425454471624
1520 1510 1500 1490 1480 1470 1460 1450 1440 1430 1420 1410 1400 1390 1380 1370 1360 1350 1340 1330 1320 1310 1300 1290 1280 1270 1260 1250 1240 1230 1220 1210 1200 1190 1180 1170 1160 1150 1140 1130 1120 1110 1100 1090 1080 1070 1060 1050 1040 1030
1520 1510 1500 1490 1480 1470 1460 1450 1440 1430 1420 1410 1400 1390 1380 1370 1360 1350 1340 1330 1320 1310 1300 1290 1280 1270 1260 1250 1240 1230 1220 1210 1200 1190 1180 1170 1160 1150 1140 1130 1120 1110 1100 1090 1080 1070 1060 1050 1040 1030
1520.0328943809076918 1510.0331122197287641 1500.0333329629711443 1490.0335566691107942 1480.0337833982034681 1470.034013211939282 1460.0342461736984205 1450.034482348609572 1440.0347218036099548 1430.0349646075092096 1420.0352108310553376 1410.0354605470033675 1400.0357138301865234 1390.0359707575914854 1380.0362314084366062 1370.036495864252629 1360.0367642089679521 1350.037036528998442 1340.0373129133381553 1330.037593453658701 1320.0378782444086028 1310.0381673829201645 1300.0384609695206564 1290.0387591076478202 1280.0390619039717421 1270.039369468521727 1260.0396819148197665 1250.0399993600203743 1240.0403219250574693 1230.0406497347962613 1220.0409829181969599 1210.041321608481212 1200.0416659433121822 1190.0420160649791796 1180.042372120594564 1170.0427342623004279 1160.0431026474834653 1150.0434774390053008 1140.0438588054407774 1130.0442469213319328 1120.0446419674531171 1110.0450441310929364 1100.0454536063498381 1090.0458705944442954 1080.046295304048499 1070.0467279516349208 1060.0471687618432952 1050.0476179678710196 1040.0480758118828817 1030.0485425454471624
1520.1315732527891669 1510.1324445226650823 1500.1333274079340754 1490.1342221424215495 1480.1351289662711679 1470.1360481261590394 1460.1369798755183638 1450.1379244747722623 1440.1388821915752487 1430.1398533010678875 1420.1408380861385012 1410.1418368376992021 1400.1428498549710184 1390.1438774457844829 1380.1449199268893153 1370.1459776242822954 1360.1470508735442309 1350.1481400201978431 1340.1492454200763405 1330.150367439711772 1320.1515064567399804 1310.152662860324881 1300.1538370516007035 1290.1550294441362894 1280.1562404644207618 1270.1574705523721605 1260.1587201618690415 1250.1599897613104986 1240.161279834199604 1230.1625908797584543 1220.1639234135714105 1210.165277968261762 1200.1666550941997684 1190.1680553602502641 1180.1694793545543689 1170.1709276853532629 1160.1724009818540253 1150.173899895141858 1140.1754250991380104 1130.1769772916097736 1120.1785571952357259 1110.1801655587257756 1100.181803158005323 1090.1834707974617231 1080.1851693112621433 1070.1868995647441807 1060.188662455885833 1050.1904589168575512 1040.1922899156675157 1030.1941564578980888
1520.2960238058901723 1510.2979838429237134 1500.2999700059986026 1490.301982820931471 1480.3040228277432107 1470.3060905811414614 1460.308186651023334 1450.3103116229988245 1440.3124660989365111 1430.3146506975308512 1420.3168660548953994 1410.3191128251789905 1400.3213916812096613 1390.3237033151667674 1380.3260484392808394 1370.3284277865652712 1360.330842111579841 1350.3332921912278834 1340.3357788255896139 1330.3383028387929699 1320.3408650799231054 1310.3434664239753147 1300.3461077728497912 1290.3487900563939093 1280.3515142334936172 1270.3542812932146262 1260.3570922560002145 1250.3599481749245115 1240.3628501370073991 1230.3657992645926242 1220.368796716795714 1210.3718436910203309 1200.3749414245532989 1190.3780911962383016 1180.381294328235299 1170.3845521878695308 1160.3878661895771529 1150.3912377969504632 1140.3946685248927224 1130.3981599418852966 1120.4017136723773547 1110.4053313993049414 1100.409014866744883 1090.4127658827183041 1080.4165863221464861 1070.4204781299729348 1060.4244433244643915 1050.4284840006957893 1040.4326023342405279 1030.4368005850722056
1520.526224699857039 1510.5297084135750083 1500.53323855221538 1490.5368160498417183 1480.5404418657396945 1470.544116985274286 1460.5478424207815351 1450.5516192124980535 1440.5554484295284965 1430.5593311708535111 1420.5632685663811117 1410.5672617780408018 1400.5713120009277191 1390.5754204644924812 1380.5795884337853749 1370.5838172107535229 1360.5881081355958031 1350.5924625881784777 1340.5968819895115303 1330.6013678032952612 1320.6059215375341864 1310.6105447462261964 1300.6152390311287945 1290.6200060436069634 1280.6248474865697062 1270.629765116495264 1260.6347607455538764 1250.6398362438324057 1240.6449935416658263 1230.6502346320826291 1220.655561573370278 1210.660976491767542 1200.6664815842907501 1190.6720791217035185 1180.6777714516354081 1170.6835610018617899 1160.6894502837526488 1150.6954418958996484 1140.7015385279357815 1130.7077429645557913 1120.7140580897519158 1110.7204868912790516 1100.7270324653611624 1090.7336980216573465 1080.7404868885037104 1070.7474025184465063 1060.7544484940895018 1050.7616285342742231 1040.7689465006149021 1030.7764064044151837
1520.8221460775746436 1510.8275877809485337 1500.8331019803633808 1490.8386901338453754 1480.8443537387715878 1470.8500943332055613 1460.8559134972895208 1450.8618128546909247 1440.8677940741129078 1430.8738588708649786 1420.8800090085017018 1410.8862463005300469 1400.8925726121899515 1390.8989898623119643 1380.9055000252551508 1370.912105132929355 1360.9188072769072733 1350.9256086106295243 1340.9325113517086265 1330.9395177843357487 1320.946630261798191 1310.9538512091110078 1300.9611831257686845 1290.9686285886268706 1280.9761902549164461 1270.983870865401741 1260.9916732476865491 1250.9996003196804395 1241.0076550932310511 1231.0158406779337383 1221.0241602851272091 1211.0326172320876594 1201.0412149464314098 1191.0499569707392311 1181.0588469674150929 1171.0678887237920662 1161.0770861575040271 1151.0864433221338459 1141.0959644131601181 1131.1056537742174442 1121.1155159036914029 1111.1255554616680001 1101.1357772772619228 1091.146186356347016 1081.1567878897121773 1071.1675872616758625 1061.1785900591851259 1051.1898020814319352 1041.2012293500233682 1031.2128781197411627
1521.1837495845136345 1511.1915828246264937 1501.1995203836163455 1491.2075643584967111 1481.2157169028419048 1471.2239802287074326 1461.2323566086263327 1451.2408483776907815 1441.2494579357176008 1431.2581877495058507 1421.2670403551894651 1411.2760183606890223 1401.2851244482687889 1391.2943613772033586 1381.3037319865604786 1371.3132391981052933 1361.322886019330781 1351.3326755466250688 1341.342610968577219 1331.3526955694346725 1321.3629327327143983 1311.3733259449804791 1301.383878799795184 1291.3945950018530766 1281.4054783713077086 1271.4165328483029498 1261.4277624977182768 1251.4391715141412078 1241.4507642270796168 1231.4625451064275694 1221.4745187681976404 1211.4866899805379035 1201.4990636700472351 1191.5116449284078044 1181.524439019354304 1171.5374513859981107 1161.5506876585282043 1151.5641536623134016 1141.5778554264268223 1131.5917991926239665 1121.6059914247962297 1111.6204388189341898 1101.6351483136329534 1091.6501271011698009 1081.6653826391968778 1071.6809226630844023 1061.6967551989598633 1051.7128885774861828 1041.7293314484334132 1031.746092796091034
1521.6109883935512244 1511.6216457830973923 1501.6324450410627378 1491.6433890176297155 1481.6544806398014771 1471.6657229140046184 1461.6771189288008372 1451.6886718577093234 1441.7003849621460176 1431.7122615944867903 1421.7243052012581757 1411.7365193264640766 1401.7489076150550318 1391.7614738165443669 1381.7742217887841889 1371.7871555019021343 1361.8002790424152408 1351.8135966175218527 1341.8271125595874764 1331.8408313308314064 1321.8547575282241269 1311.8688958886098135 1301.8832512940628021 1291.8978287774928049 1281.912633528510014 1271.9276708995680565 1261.9429464123961679 1251.9584657647392305 1241.9742348374220455 1231.9902597017560311 1222.006546627308353 1212.0231020900550902 1202.0399327809370789 1192.0570456148479934 1182.0744477400735377 1172.092146548214032 1162.1101496846156351 1152.1284650593440801 1142.147100858729118 1132.1660655575224155 1122.1853679316977832 1112.2050170719426205 1102.2250223978767281 1092.2453936730519217 1082.2661410207749668 1072.2872749408154505 1062.3088063270490693 1052.3307464861036351 1042.3531071570707809 1032.3759005323593101
1522.1038072352357631 1512.1177202850312824 1502.1318184500321422 1492.1461054467822578 1482.1605850919124805 1472.1752613055280108 1462.1901381147390566 1452.2052196573320089 1442.2205101855956855 1432.2360140703067373 1422.251735804881946 1412.2676800097069645 1402.2838514366483196 1392.300254973760957 1382.316895650197921 1372.3337786413333106 1362.3509092741121549 1352.3682930326340284 1342.3859355639867772 1332.4038426843417255 1322.4220203853230942 1312.4404748406686849 1302.4592124131950186 1292.4782396620842064 1282.4975633505118822 1272.5171904536300644 1262.5371281669304153 1252.5573839150044932 1242.5779653607253294 1232.5988804148737472 1222.6201372462339805 1212.6417442921879228 1202.6637102698325634 1192.6860441876563073 1182.7087553578014649 1172.7318534089538389 1162.7553482998905565 1152.7792503337313974 1142.8035701729322682 1132.8283188550681189 1122.8535078094560049 1112.8791488746655887 1102.905254316978926 1092.9318368498559266 1082.9589096544707445 1072.9864864013898114 1063.0145812734649553 1053.0432089900205028 1043.0723848324237224 1033.1021246711284221
1522.6621424334421135 1512.6797413861270343 1502.6975743641833105 1492.7156460625715226 1482.7339613025662857 1472.752525036029283 1462.7713423498562406 1452.7904184706064825 1442.8097587693257537 1432.8293687665673133 1422.8492541376265308 1412.8694207179939895 1402.8898745090434659 1392.9106216839613808 1382.9316685939331819 1372.9530217745980281 1362.9746879527881447 1352.9966740535617191 1343.0189872075525273 1333.0416347586447046 1323.0646242719967631 1313.0879635424278149 1303.1116606031887386 1293.1357237351382992 1283.160161476345138 1273.1849826321390537 1263.2101962856379487 1253.2358118087752246 1243.2618388738551403 1233.2882874656679633 1223.315167894194019 1213.3424908079334728 1203.3702672078948126 1193.3985084622822797 1183.4272263219229444 1173.4564329364768582 1163.4861408714759818 1153.5163631262453237 1143.5471131527551734 1133.5784048754633204 1123.6102527122116044 1113.6426715962352318 1103.67567699936194 1093.7092849564733115 1083.7435120913066839 1073.7783756436892872 1063.8138934982941919 1053.8500842150176595 1043.8869670610895355 1033.9245620450265051
1523.2859219463691716 1513.3076356114772807 1503.3296378372908748 1493.3519344079613802 1483.3745312630926492 1473.3974345029923825 1463.420650394137283 1453.4441853748633093 1443.468046061290579 1433.4922392534951996 1423.5167719419396235 1413.5416513141733503 1403.5668847618198924 1393.5924798878616002 1383.6184445142382629 1373.6447866897758558 1363.6715146984629428 1353.6986370680883738 1343.7261625792659743 1333.754100274859411 1323.7824594698329292 1313.8112497615477423 1303.8404810405297667 1293.8701635017325771 1283.9003076563226386 1273.9309243440163755 1263.9620247459968141 1253.9936203984452732 1244.0257232067187942 1234.0583454602135589 1224.0914998479483984 1214.1251994749140977 1204.1594578792296488 1194.1942890501527472 1184.2297074469970539 1174.2657280190032907 1164.302366226230788 1154.3396380615195085 1144.3775600735973512 1134.416149391395038 1124.4554237496477072 1114.4954015158609764 1104.5361017187260586 1094.577544078079427 1084.6197490364997975 1074.662737792652706 1064.7065323364931828 1054.7511554864493064 1044.7966309287180593 1034.8429832588130921
1523.9750654128170027 1514.0013210033866926 1504.0279252726659251 1494.0548852033516596 1484.0822079655829384 1474.1099009232655135 1464.1379716406511307 1454.1664278891876165 1444.1952776546529549 1434.2245291445826751 1424.2541907960110166 1414.2842712835351904 1404.3147795277238856 1394.345724703884116 1384.3771162512041428 1374.4089638822936195 1364.4412775931400574 1354.4740676735011675 1344.5073447177594517 1334.5411196362590545 1324.5754036671526137 1314.6102083887831213 1304.6455457326330816 1294.6814279968643859 1284.7178678604886954 1274.754878398196297 1264.7924730958829969 1254.8306658669127955 1244.8694710691559067 1234.9089035228469129 1224.9489785293101249 1214.9897118905987554 1205.031119930103614 1195.0732195141852117 1185.116028074888618 1175.1595636338072381 1165.2038448271616744 1155.2488909321662049 1145.2947218947620058 1135.3413583587978337 1125.3888216967502558 1115.437134042075968 1105.4863183232978372 1095.5363982999379004 1085.5873986004075959 1075.6393447619884682 1065.692263273033177 1055.7461816175325566 1045.8011283222062957 1035.8571330062848119
1524.7294842036733371 1514.760707174568779 1504.7923444781342823 1494.8244044034067883 1484.8568954616469 1474.8898263938224318 1464.9232061783989138 1454.9570440394452362 1444.9913494550753512 1435.0261321662403589 1425.0614021858848446 1415.097169808490662 1405.1334456200236218 1395.1702405083044596 1385.2075656738234102 1375.2454326410249905 1365.2838532700809537 1355.3228397691821101 1345.3624047073710699 1335.4025610279470584 1325.4433220624712249 1315.4847015454038228 1305.5267136294071406 1295.5693729013510165 1285.6126943990557265 1275.6566936288147645 1265.7013865837391222 1255.746789762968092 1245.7929201917950195 1235.8397954427589411 1225.8874336577564463 1215.9358535712317462 1205.9850745345067935 1196.0351165413162562 1186.0860002546189662 1176.1377470347595136 1166.1903789690600206 1156.2439189029275894 1146.2983904725679167 1136.3538181394033018 1126.4102272262978204 1116.4676439557038066 1106.5260954898442378 1096.5856099730654023 1086.6462165764899055 1076.7079455451232661 1066.7708282475668966 1056.8348972285123182 1046.9001862641921434 1036.9667304209908707
1525.54908147853439 1515.5856953666459503 1505.6227947264878821 1495.6603892595403522 1485.6984889270097483 1475.7371039585607377 1465.7762448614043933 1455.8159224297555738 1445.8561477546788865 1435.8969322343439217 1425.9382875847047671 1415.9802258506294947 1406.0227594174996284 1396.065901023300512 1386.1096637712328175 1376.1540611428649754 1366.1991070118585867 1356.244815658294101 1346.2912017836260929 1336.3382805263045157 1326.3860674780928548 1316.4345787011218363 1306.4838307457157498 1296.5338406690354986 1286.5846260545786208 1276.6362050325849395 1266.6885963013955916 1256.7418191498204578 1246.7958934805649278 1236.8508398347796629 1226.906679417794976 1216.9634341261039481 1207.0211265756702232 1197.0797801316334699 1187.139418939494135 1177.2000679578641211 1167.2617529928752447 1157.3245007343446105 1147.3883387938017222 1137.4532957444889689 1127.5194011634566778 1117.5866856758807444 1107.6551810017410844 1097.7249200050073341 1087.7959367454909625 1077.8682665335313686 1067.9419459877021836 1058.0170130957251331 1048.0935072788115576 1038.1714694596457775
1526.4337522473747413 1516.4761785138598498 1506.5191668213185494 1496.562728387955076 1486.6068747318504393 1476.6516176810291654 1466.6969693839282627 1456.7429423202984253 1446.7895493125461144 1436.8368035375485761 1426.8847185389574861 1416.933308240017368 1406.9825869569247061 1397.0325694127534462 1387.0832707519762153 1377.1347065556078633 1367.1868928570079333 1357.2398461583716198 1347.2935834479433197 1337.3481222179959786 1327.4034804836094281 1317.4596768022920514 1307.516730294492163 1297.5746606650425292 1287.6334882255898719 1277.6932339180636973 1267.7539193392383368 1257.8155667664477733 1247.8781991845198718 1237.9418403139948168 1228.0065146407000611 1218.0722474467595475 1208.1390648431165573 1198.2069938036581789 1188.2760622010357565 1178.3462988442743153 1168.4177335182823754 1158.4903970253701573 1148.5643212288982795 1138.6395390991831391 1128.7160847617969921 1118.7939935484100715 1108.8733020503289026 1098.9540481748997536 1089.0362712049584388 1079.1200118615167867 1069.2053123698926811 1059.2922165295090053 1049.3807697875924987 1039.4710193170369621
