landscape/exported_ascii_MS_HABMAT_PATCHES_ONLY_DIST/simulation_000007_p030_h015_HABMAT_patch_more_500pix_edge_dist_modified.asc
ncols         512
nrows         512
xllcorner     0
yllcorner     0
cellsize      10
NODATA_value  -99
[rows 352 to 373 of 512, columns 250 to 299 of 512]
-10 10 10 10 10 10 10 -10 -14.142135623730951 -10 10 10 -10 -10 10 -10 -14.142135623730951 -22.3606797749978981 -30 -30 -28.284271247461902 -20 -10 10 10 14.142135623730951 22.3606797749978981 20 14.142135623730951 10 14.142135623730951 22.3606797749978981 28.284271247461902 31.6227766016837926 30 30 30 31.6227766016837926 36.0555127546398921 42.426406871192853 50 58.3095189484530039 67.082039324993687 76.1577310586390865 85.4400374531753073 94.8683298050513741 92.1954445729288778 86.0232526704262739 78.1024967590665398 70.7106781186547551
-10 10 -10 -10 -10 -10 -10 10 -10 10 14.142135623730951 14.142135623730951 10 -10 -10 -14.142135623730951 -20 -22.3606797749978981 -28.284271247461902 -28.284271247461902 -22.3606797749978981 -20 -10 10 -10 10 14.142135623730951 10 10 -10 10 14.142135623730951 22.3606797749978981 22.3606797749978981 20 20 20 22.3606797749978981 28.284271247461902 36.0555127546398921 44.7213595499957961 53.8516480713450392 63.2455532033675851 72.8010988928051859 82.4621125123532153 92.1954445729288778 92.1954445729288778 85.4400374531753073 76.1577310586390865 67.082039324993687
-14.142135623730951 -10 10 10 10 -10 -14.142135623730951 -10 10 10 14.142135623730951 10 10 10 -10 -14.142135623730951 -10 -14.142135623730951 -22.3606797749978981 -22.3606797749978981 -14.142135623730951 -10 -14.142135623730951 -10 10 10 10 -10 10 -10 -10 10 20 14.142135623730951 10 10 10 14.142135623730951 22.3606797749978981 31.6227766016837926 41.2310562561766076 50.9901951359278485 60.8276253029821987 70.7106781186547551 80.6225774829854913 85.4400374531753073 82.4621125123532153 80.6225774829854913 72.8010988928051859 63.2455532033675851
-10 10 -10 -10 -10 -14.142135623730951 -20 -14.142135623730951 -10 -10 10 -10 -10 -10 -14.142135623730951 -10 10 -10 -20 -14.142135623730951 -10 10 -10 -14.142135623730951 -10 -10 -10 -10 10 -10 10 10 14.142135623730951 10 -10 -10 -10 10 20 30 40 50 60 70 80 76.1577310586390865 72.8010988928051859 70.7106781186547551 70 60.8276253029821987
-14.142135623730951 -10 -14.142135623730951 -20 -20 -14.142135623730951 -10 -10 -14.142135623730951 -10 10 -10 -20 -20 -20 -14.142135623730951 -10 -10 -14.142135623730951 -10 10 -10 -10 -10 -14.142135623730951 -10 10 -10 -10 10 10 -10 10 10 -10 -10 10 14.142135623730951 22.3606797749978981 31.6227766016837926 41.2310562561766076 50.9901951359278485 60.8276253029821987 70.7106781186547551 70 67.082039324993687 63.2455532033675851 60.8276253029821987 60 58.3095189484530039
-10 -14.142135623730951 -14.142135623730951 -10 -10 -10 10 10 -10 10 -10 -10 -10 -10 -10 -14.142135623730951 -10 10 -10 -10 10 10 10 10 -10 -14.142135623730951 -10 -10 10 10 10 -10 -10 -10 -10 -10 10 20 28.284271247461902 36.0555127546398921 44.7213595499957961 53.8516480713450392 63.2455532033675851 60.8276253029821987 60 58.3095189484530039 53.8516480713450392 50.9901951359278485 50 50
10 -10 -10 10 10 -10 10 10 10 10 -10 10 10 10 10 -10 -10 -10 10 -10 10 14.142135623730951 10 -10 -14.142135623730951 -22.3606797749978981 -20 -14.142135623730951 -10 -10 -10 -14.142135623730951 -14.142135623730951 -10 10 10 14.142135623730951 22.3606797749978981 28.284271247461902 36.0555127546398921 42.426406871192853 50 53.8516480713450392 50.9901951359278485 50 50 44.7213595499957961 41.2310562561766076 40 40
-10 -10 10 -10 10 -10 -10 -10 10 10 -10 -10 10 10 10 10 10 10 10 -10 -10 10 -10 -14.142135623730951 -22.3606797749978981 -28.284271247461902 -28.284271247461902 -22.3606797749978981 -14.142135623730951 -10 -10 -14.142135623730951 -10 10 -10 10 10 14.142135623730951 22.3606797749978981 28.284271247461902 36.0555127546398921 44.7213595499957961 44.7213595499957961 41.2310562561766076 40 41.2310562561766076 36.0555127546398921 31.6227766016837926 30 30
10 10 14.142135623730951 10 10 -10 10 -10 10 -10 -14.142135623730951 -10 10 -10 -10 -10 -10 -10 -10 -14.142135623730951 -14.142135623730951 -10 -14.142135623730951 -22.3606797749978981 -28.284271247461902 -36.0555127546398921 -30 -20 -10 10 10 -10 10 10 -10 -10 -10 10 14.142135623730951 22.3606797749978981 31.6227766016837926 41.2310562561766076 36.0555127546398921 31.6227766016837926 30 31.6227766016837926 28.284271247461902 22.3606797749978981 20 20
10 20 22.3606797749978981 20 14.142135623730951 10 -10 -10 10 -10 -10 10 -10 10 -10 -14.142135623730951 -20 -20 -20 -22.3606797749978981 -22.3606797749978981 -20 -22.3606797749978981 -28.284271247461902 -36.0555127546398921 -41.2310562561766076 -31.6227766016837926 -22.3606797749978981 -14.142135623730951 -10 10 -10 -10 -10 -14.142135623730951 -14.142135623730951 -10 -10 10 20 30 36.0555127546398921 28.284271247461902 22.3606797749978981 20 22.3606797749978981 20 14.142135623730951 10 10
14.142135623730951 22.3606797749978981 31.6227766016837926 28.284271247461902 22.3606797749978981 14.142135623730951 10 -10 -10 -10 -14.142135623730951 -10 10 -10 10 -10 -20 -30 -30 -31.6227766016837926 -31.6227766016837926 -30 -31.6227766016837926 -36.0555127546398921 -42.426406871192853 -41.2310562561766076 -31.6227766016837926 -22.3606797749978981 -14.142135623730951 -10 -10 -14.142135623730951 -20 -20 -20 -10 10 10 14.142135623730951 22.3606797749978981 31.6227766016837926 31.6227766016837926 22.3606797749978981 14.142135623730951 10 14.142135623730951 10 10 -10 -10
22.3606797749978981 28.284271247461902 36.0555127546398921 36.0555127546398921 28.284271247461902 20 10 -10 10 10 -10 10 -10 10 -10 -14.142135623730951 -22.3606797749978981 -28.284271247461902 -36.0555127546398921 -41.2310562561766076 -41.2310562561766076 -40 -41.2310562561766076 -44.7213595499957961 -50 -40 -30 -20 -10 10 10 -10 -20 -14.142135623730951 -10 -10 10 20 22.3606797749978981 20 22.3606797749978981 22.3606797749978981 20 10 -10 10 -10 10 10 10
20 30 40 40 30 20 10 -10 -10 -10 10 10 -10 10 -10 -10 -14.142135623730951 -22.3606797749978981 -28.284271247461902 -36.0555127546398921 -40 -40 -41.2310562561766076 -40 -41.2310562561766076 -40 -31.6227766016837926 -22.3606797749978981 -14.142135623730951 -10 -10 -14.142135623730951 -14.142135623730951 -10 10 -10 10 20 14.142135623730951 10 14.142135623730951 14.142135623730951 10 10 -10 10 10 -10 -10 -10
20 30 40 41.2310562561766076 31.6227766016837926 22.3606797749978981 14.142135623730951 10 10 10 -10 -10 -14.142135623730951 -10 -10 10 -10 -14.142135623730951 -22.3606797749978981 -30 -30 -30 -31.6227766016837926 -30 -31.6227766016837926 -30 -31.6227766016837926 -28.284271247461902 -22.3606797749978981 -20 -20 -20 -10 10 10 -10 10 10 10 -10 10 10 -10 -10 -10 10 10 -10 10 10
22.3606797749978981 31.6227766016837926 41.2310562561766076 44.7213595499957961 36.0555127546398921 28.284271247461902 22.3606797749978981 20 14.142135623730951 10 -10 -10 -14.142135623730951 -10 -14.142135623730951 -10 10 -10 -20 -20 -20 -20 -22.3606797749978981 -20 -22.3606797749978981 -20 -22.3606797749978981 -22.3606797749978981 -14.142135623730951 -10 -14.142135623730951 -10 -14.142135623730951 -10 -10 -10 10 -10 10 10 -10 -10 -10 -10 -10 10 14.142135623730951 10 -10 10
28.284271247461902 36.0555127546398921 44.7213595499957961 50 42.426406871192853 36.0555127546398921 28.284271247461902 20 10 -10 -10 10 -10 10 -10 10 -10 -14.142135623730951 -14.142135623730951 -10 -10 -10 -14.142135623730951 -10 -14.142135623730951 -10 -14.142135623730951 -20 -10 10 -10 10 -10 -14.142135623730951 -20 -14.142135623730951 -10 -14.142135623730951 -10 -10 -10 -10 10 10 10 14.142135623730951 22.3606797749978981 14.142135623730951 10 14.142135623730951
36.0555127546398921 42.426406871192853 50 42.426406871192853 36.0555127546398921 31.6227766016837926 22.3606797749978981 14.142135623730951 10 -10 -10 10 10 -10 -14.142135623730951 -10 -14.142135623730951 -20 -10 10 10 10 -10 10 -10 10 -10 -20 -14.142135623730951 -10 10 14.142135623730951 10 -10 -20 -20 -20 -22.3606797749978981 -14.142135623730951 -10 10 -10 10 20 20 22.3606797749978981 28.284271247461902 22.3606797749978981 20 22.3606797749978981
41.2310562561766076 50 44.7213595499957961 36.0555127546398921 28.284271247461902 22.3606797749978981 20 10 -10 10 -10 10 -10 -14.142135623730951 -22.3606797749978981 -20 -22.3606797749978981 -20 -10 10 -10 10 -10 -10 -14.142135623730951 -10 -14.142135623730951 -14.142135623730951 -10 10 14.142135623730951 10 -10 -14.142135623730951 -14.142135623730951 -10 -14.142135623730951 -20 -10 10 10 -10 10 20 30 31.6227766016837926 36.0555127546398921 31.6227766016837926 30 31.6227766016837926
44.7213595499957961 50.9901951359278485 41.2310562561766076 31.6227766016837926 22.3606797749978981 14.142135623730951 10 10 -10 -10 -14.142135623730951 -10 -14.142135623730951 -22.3606797749978981 -28.284271247461902 -30 -30 -22.3606797749978981 -14.142135623730951 -10 -10 -10 10 -10 -14.142135623730951 -20 -14.142135623730951 -10 10 -10 10 10 -10 -14.142135623730951 -10 10 -10 -10 -10 10 -10 -10 10 20 28.284271247461902 36.0555127546398921 44.7213595499957961 41.2310562561766076 40 40
50 50 40 30 20 10 -10 10 10 10 -10 -20 -22.3606797749978981 -28.284271247461902 -28.284271247461902 -22.3606797749978981 -20 -20 -10 10 10 -10 10 10 -10 -10 -10 10 10 -10 10 -10 10 -10 10 14.142135623730951 10 10 10 10 -10 -10 10 14.142135623730951 22.3606797749978981 31.6227766016837926 41.2310562561766076 50.9901951359278485 50 41.2310562561766076
41.2310562561766076 40 36.0555127546398921 31.6227766016837926 22.3606797749978981 14.142135623730951 10 -10 -10 -10 -14.142135623730951 -20 -20 -20 -20 -14.142135623730951 -10 -10 -14.142135623730951 -10 10 10 10 -10 10 10 10 14.142135623730951 14.142135623730951 10 14.142135623730951 10 14.142135623730951 10 -10 10 20 20 20 14.142135623730951 10 -10 -10 10 20 30 40 50 53.8516480713450392 44.7213595499957961
31.6227766016837926 30 28.284271247461902 22.3606797749978981 20 20 14.142135623730951 10 -10 -20 -14.142135623730951 -10 -10 -10 -10 -10 10 10 -10 10 -10 10 14.142135623730951 10 14.142135623730951 20 20 22.3606797749978981 22.3606797749978981 20 22.3606797749978981 20 22.3606797749978981 14.142135623730951 10 14.142135623730951 22.3606797749978981 30 28.284271247461902 22.3606797749978981 14.142135623730951 10 10 14.142135623730951 22.3606797749978981 31.6227766016837926 41.2310562561766076 50.9901951359278485 58.3095189484530039 50
