landscape/exported_ascii_MS_HABMAT_PATCHES_ONLY_DIST/simulation_000041_p068_h059_HABMAT_patch_more_500pix_edge_dist_modified.asc
ncols         512
nrows         512
xllcorner     0
yllcorner     0
cellsize      10
NODATA_value  -99
[rows 396 to 417 of 512, columns 350 to 399 of 512]
22.3606797749978981 20 20 14.142135623730951 10 10 14.142135623730951 10 10 14.142135623730951 22.3606797749978981 28.284271247461902 31.6227766016837926 36.0555127546398921 42.426406871192853 50 56.568542494923804 64.0312423743284853 72.1110255092797843 80.6225774829854913 89.4427190999915922 98.4885780179610464 107.7032961426900783 117.0469991071962568 126.4911064067351703 136.0147050873544288 145.6021977856103717 155.2417469626002458 164.9242250247064305 174.6424919657298176 184.3908891458577557 194.1648783894760015 203.9607805437113939 213.7755832643194935 219.3171219946130748 223.6067977499789663 228.2542442102665348 233.2380757938120155 238.5372088375312671 244.1311123146740556 250 252.9822128134703405 243.5159132377184221 234.0939982143925135 224.7220505424423322 215.4065922853801567 206.1552812808830311 196.9771560359220928 187.8829422805593481 178.8854381999831844
31.6227766016837926 30 28.284271247461902 22.3606797749978981 20 20 22.3606797749978981 20 20 22.3606797749978981 28.284271247461902 36.0555127546398921 41.2310562561766076 44.7213595499957961 50 56.568542494923804 64.0312423743284853 70.7106781186547551 78.1024967590665398 86.0232526704262739 94.3398113205660422 102.956301409870008 111.8033988749894831 120.8304597359457233 130 139.2838827718412062 148.6606874731850496 158.1138830084189806 167.6305461424020962 177.2004514666934938 186.8154169226940553 196.4688270438849997 202.4845673131658828 206.1552812808830311 210.23796041628637 214.7091055358388871 219.5449840010014952 224.7220505424423322 230.2172886644267749 236.0084744241189298 242.0743687382041003 248.3948469674844262 240.4163056034261672 230.8679276123039017 221.3594362117865444 211.896201004170905 202.4845673131658828 193.1320791582796517 183.8477631085023631 174.6424919657298176
41.2310562561766076 40 36.0555127546398921 31.6227766016837926 30 30 31.6227766016837926 30 30 31.6227766016837926 36.0555127546398921 42.426406871192853 50 53.8516480713450392 58.3095189484530039 64.0312423743284853 70.7106781186547551 78.1024967590665398 84.8528137423857061 92.1954445729288778 100 108.1665382639196764 116.6190378969060077 125.2996408614166768 134.1640786499873741 143.1782106327635233 152.3154621172781731 161.5549442140351175 170.8800749063506146 180.2775637731994607 186.8154169226940553 189.7366596101027483 193.1320791582796517 196.9771560359220928 201.2461179749810753 205.912602819740016 210.9502310972898727 216.3330765278393528 222.0360331117451835 228.0350850198275907 234.3074902771996335 240.8318915758459013 237.6972864800942489 228.0350850198275907 218.4032966784155576 208.8061301782109922 199.2485884517127488 189.7366596101027483 180.2775637731994607 170.8800749063506146
50.9901951359278485 50 44.7213595499957961 41.2310562561766076 40 40 41.2310562561766076 40 40 41.2310562561766076 44.7213595499957961 50 56.568542494923804 63.2455532033675851 67.082039324993687 72.1110255092797843 78.1024967590665398 84.8528137423857061 92.1954445729288778 98.9949493661166571 106.3014581273464927 114.0175425099137954 122.0655561573370278 130.3840481040529653 138.9244398944980503 147.6482306023339959 156.524758424985265 165.5294535724684977 170.8800749063506146 174.6424919657298176 177.2004514666934938 180.2775637731994607 183.8477631085023631 187.8829422805593481 192.3538406167134553 197.2308292331601933 202.4845673131658828 208.0865204668481283 214.0093455903269728 220.2271554554524187 226.7156809750926811 233.4523505985750376 235.3720459187964025 225.6102834535695649 215.8703314492290417 206.1552812808830311 196.4688270438849997 186.8154169226940553 177.2004514666934938 167.6305461424020962
60.8276253029821987 58.3095189484530039 53.8516480713450392 50.9901951359278485 50 50 50.9901951359278485 50 50 50.9901951359278485 53.8516480713450392 58.3095189484530039 64.0312423743284853 70.7106781186547551 76.1577310586390865 80.6225774829854913 86.0232526704262739 92.1954445729288778 98.9949493661166571 106.3014581273464927 113.1370849898476081 120.4159457879229507 128.0624847486569706 136.0147050873544288 144.2220510185595685 152.6433752247374684 155.2417469626002458 158.1138830084189806 161.5549442140351175 164.9242250247064305 167.6305461424020962 170.8800749063506146 174.6424919657298176 178.8854381999831844 183.5755975068582018 188.6796226411320845 194.1648783894760015 200 206.1552812808830311 212.6029162546929854 219.3171219946130748 226.2741699796952162 233.4523505985750376 223.6067977499789663 213.7755832643194935 203.9607805437113939 194.1648783894760015 184.3908891458577557 174.6424919657298176 164.9242250247064305
70.7106781186547551 67.082039324993687 63.2455532033675851 60.8276253029821987 60 60 60.8276253029821987 60 60 60.8276253029821987 63.2455532033675851 67.082039324993687 72.1110255092797843 78.1024967590665398 84.8528137423857061 89.4427190999915922 94.3398113205660422 100 106.3014581273464927 113.1370849898476081 120.4159457879229507 127.2792206135785591 134.5362404707371127 140.3566884761820006 141.4213562373095101 143.1782106327635233 145.6021977856103717 148.6606874731850496 152.3154621172781731 155.2417469626002458 158.1138830084189806 161.5549442140351175 165.5294535724684977 170 174.9285568453590258 180.2775637731994607 186.0107523773827438 192.0937271229854559 198.4943324127920903 205.1828452868319062 212.1320343559642652 219.3171219946130748 226.7156809750926811 222.0360331117451835 212.1320343559642652 202.2374841615668402 192.3538406167134553 182.4828759089465962 172.6267650163206895 162.7882059609970611
80.6225774829854913 76.1577310586390865 72.8010988928051859 70.7106781186547551 70 70 70.7106781186547551 70 70 70.7106781186547551 72.8010988928051859 76.1577310586390865 80.6225774829854913 86.0232526704262739 92.1954445729288778 98.4885780179610464 102.956301409870008 108.1665382639196764 114.0175425099137954 120.4159457879229507 127.2792206135785591 130.3840481040529653 130 130.3840481040529653 131.5294643796590606 133.4166406412633421 136.0147050873544288 139.2838827718412062 143.1782106327635233 145.6021977856103717 148.6606874731850496 152.3154621172781731 156.524758424985265 161.2451549659709826 166.4331697709323805 172.0465053408525478 178.0449381476485655 184.3908891458577557 191.0497317454280051 197.9898987322333141 205.1828452868319062 212.6029162546929854 220.2271554554524187 220.9072203437452231 210.9502310972898727 200.9975124224177989 191.0497317454280051 181.107702762748346 171.1724276862368868 161.2451549659709826
89.4427190999915922 85.4400374531753073 82.4621125123532153 80.6225774829854913 80 80 80.6225774829854913 80 80 80.6225774829854913 82.4621125123532153 85.4400374531753073 89.4427190999915922 94.3398113205660422 100 106.3014581273464927 111.8033988749894831 116.6190378969060077 122.0655561573370278 123.6931687685298158 121.6552506059643974 120.4159457879229507 120 120.4159457879229507 121.6552506059643974 123.6931687685298158 126.4911064067351703 130 133.4166406412633421 136.0147050873544288 139.2838827718412062 143.1782106327635233 147.6482306023339959 152.6433752247374684 158.1138830084189806 164.0121946685672469 170.2938636592640194 176.9180601295413169 183.8477631085023631 191.0497317454280051 198.4943324127920903 206.1552812808830311 214.0093455903269728 220.2271554554524187 210.23796041628637 200.2498439450078536 190.2629759044044704 180.2775637731994607 170.2938636592640194 160.3121954188139853
98.4885780179610464 94.8683298050513741 92.1954445729288778 90.553851381374173 90 90 90.553851381374173 90 90 90.553851381374173 92.1954445729288778 94.8683298050513741 98.4885780179610464 102.956301409870008 108.1665382639196764 114.0175425099137954 120.4159457879229507 120.8304597359457233 117.0469991071962568 114.0175425099137954 111.8033988749894831 110.4536101718726115 110 110.4536101718726115 111.8033988749894831 114.0175425099137954 117.0469991071962568 120.8304597359457233 123.6931687685298158 126.4911064067351703 130 134.1640786499873741 138.9244398944980503 144.2220510185595685 150 156.2049935181330795 162.7882059609970611 169.7056274847714121 176.9180601295413169 184.3908891458577557 192.0937271229854559 200 208.0865204668481283 216.3330765278393528 210 200 190 180 170 160
107.7032961426900783 104.4030650891054961 101.9803902718556969 100.4987562112088995 100 100 100.4987562112088995 100 100 100.4987562112088995 101.9803902718556969 104.4030650891054961 107.7032961426900783 111.8033988749894831 116.6190378969060077 122.0655561573370278 116.6190378969060077 111.8033988749894831 107.7032961426900783 104.4030650891054961 101.9803902718556969 100.4987562112088995 100 100.4987562112088995 101.9803902718556969 104.4030650891054961 107.7032961426900783 111.8033988749894831 114.0175425099137954 117.0469991071962568 120.8304597359457233 125.2996408614166768 130.3840481040529653 136.0147050873544288 142.1267040355189408 148.6606874731850496 155.5634918610404611 162.7882059609970611 170.2938636592640194 178.0449381476485655 186.0107523773827438 194.1648783894760015 202.4845673131658828 210.9502310972898727 210 200 190 180 170 160
117.0469991071962568 114.0175425099137954 111.8033988749894831 110.4536101718726115 110 110 110.4536101718726115 110 110 110.4536101718726115 111.8033988749894831 114.0175425099137954 117.0469991071962568 120.4159457879229507 120.4159457879229507 114.0175425099137954 108.1665382639196764 102.956301409870008 98.4885780179610464 94.8683298050513741 92.1954445729288778 90.553851381374173 90 90.553851381374173 92.1954445729288778 94.8683298050513741 98.4885780179610464 101.9803902718556969 104.4030650891054961 107.7032961426900783 111.8033988749894831 116.6190378969060077 122.0655561573370278 128.0624847486569706 134.5362404707371127 141.4213562373095101 148.6606874731850496 156.2049935181330795 164.0121946685672469 172.0465053408525478 180.2775637731994607 188.6796226411320845 197.2308292331601933 205.1828452868319062 210.23796041628637 200.2498439450078536 190.2629759044044704 180.2775637731994607 170.2938636592640194 160.3121954188139853
126.4911064067351703 123.6931687685298158 121.6552506059643974 120.4159457879229507 120 120 120.4159457879229507 120 117.0469991071962568 114.0175425099137954 111.8033988749894831 110.4536101718726115 110 110.4536101718726115 111.8033988749894831 106.3014581273464927 100 94.3398113205660422 89.4427190999915922 85.4400374531753073 82.4621125123532153 80.6225774829854913 80 80.6225774829854913 82.4621125123532153 85.4400374531753073 89.4427190999915922 92.1954445729288778 94.8683298050513741 98.4885780179610464 102.956301409870008 108.1665382639196764 114.0175425099137954 120.4159457879229507 127.2792206135785591 134.5362404707371127 142.1267040355189408 150 158.1138830084189806 166.4331697709323805 174.9285568453590258 183.5755975068582018 191.0497317454280051 198.4943324127920903 206.1552812808830311 200.9975124224177989 191.0497317454280051 181.107702762748346 171.1724276862368868 161.2451549659709826
136.0147050873544288 133.4166406412633421 131.5294643796590606 130.3840481040529653 128.0624847486569706 122.0655561573370278 116.6190378969060077 111.8033988749894831 107.7032961426900783 104.4030650891054961 101.9803902718556969 100.4987562112088995 100 100.4987562112088995 101.9803902718556969 98.4885780179610464 92.1954445729288778 86.0232526704262739 80.6225774829854913 76.1577310586390865 72.8010988928051859 70.7106781186547551 70 70.7106781186547551 72.8010988928051859 76.1577310586390865 80.6225774829854913 82.4621125123532153 85.4400374531753073 89.4427190999915922 94.3398113205660422 100 106.3014581273464927 113.1370849898476081 120.4159457879229507 128.0624847486569706 136.0147050873544288 144.2220510185595685 152.6433752247374684 161.2451549659709826 169.7056274847714121 176.9180601295413169 184.3908891458577557 192.0937271229854559 200 202.2374841615668402 192.3538406167134553 182.4828759089465962 172.6267650163206895 162.7882059609970611
136.0147050873544288 142.1267040355189408 134.5362404707371127 127.2792206135785591 120.4159457879229507 114.0175425099137954 108.1665382639196764 102.956301409870008 98.4885780179610464 94.8683298050513741 92.1954445729288778 90.553851381374173 90 90.553851381374173 92.1954445729288778 89.4427190999915922 84.8528137423857061 78.1024967590665398 72.1110255092797843 67.082039324993687 63.2455532033675851 60.8276253029821987 60 60.8276253029821987 63.2455532033675851 67.082039324993687 70.7106781186547551 72.8010988928051859 76.1577310586390865 80.6225774829854913 86.0232526704262739 92.1954445729288778 98.9949493661166571 106.3014581273464927 114.0175425099137954 122.0655561573370278 130.3840481040529653 138.9244398944980503 147.6482306023339959 155.5634918610404611 162.7882059609970611 170.2938636592640194 178.0449381476485655 186.0107523773827438 194.1648783894760015 202.4845673131658828 194.1648783894760015 184.3908891458577557 174.6424919657298176 164.9242250247064305
133.4166406412633421 134.5362404707371127 128.0624847486569706 120.4159457879229507 113.1370849898476081 106.3014581273464927 100 94.3398113205660422 89.4427190999915922 85.4400374531753073 82.4621125123532153 80.6225774829854913 80 80.6225774829854913 82.4621125123532153 80.6225774829854913 76.1577310586390865 70.7106781186547551 64.0312423743284853 58.3095189484530039 53.8516480713450392 50.9901951359278485 50 50.9901951359278485 53.8516480713450392 58.3095189484530039 60.8276253029821987 63.2455532033675851 67.082039324993687 72.1110255092797843 78.1024967590665398 84.8528137423857061 92.1954445729288778 100 108.1665382639196764 116.6190378969060077 125.2996408614166768 134.1640786499873741 141.4213562373095101 148.6606874731850496 156.2049935181330795 164.0121946685672469 172.0465053408525478 180.2775637731994607 188.6796226411320845 197.2308292331601933 196.4688270438849997 186.8154169226940553 177.2004514666934938 167.6305461424020962
131.5294643796590606 127.2792206135785591 120.4159457879229507 114.0175425099137954 106.3014581273464927 98.9949493661166571 92.1954445729288778 86.0232526704262739 80.6225774829854913 76.1577310586390865 72.8010988928051859 70.7106781186547551 70 70.7106781186547551 72.8010988928051859 70.7106781186547551 67.082039324993687 63.2455532033675851 56.568542494923804 50 44.7213595499957961 41.2310562561766076 40 41.2310562561766076 44.7213595499957961 50 50.9901951359278485 53.8516480713450392 58.3095189484530039 64.0312423743284853 70.7106781186547551 78.1024967590665398 86.0232526704262739 94.3398113205660422 102.956301409870008 111.8033988749894831 120.4159457879229507 127.2792206135785591 134.5362404707371127 142.1267040355189408 150 158.1138830084189806 166.4331697709323805 174.9285568453590258 183.5755975068582018 192.3538406167134553 199.2485884517127488 189.7366596101027483 180.2775637731994607 170.2938636592640194
128.0624847486569706 120.4159457879229507 113.1370849898476081 106.3014581273464927 100 92.1954445729288778 84.8528137423857061 78.1024967590665398 72.1110255092797843 67.082039324993687 63.2455532033675851 60.8276253029821987 60 60.8276253029821987 63.2455532033675851 60.8276253029821987 58.3095189484530039 53.8516480713450392 50 42.426406871192853 36.0555127546398921 31.6227766016837926 30 31.6227766016837926 36.0555127546398921 40 41.2310562561766076 44.7213595499957961 50 56.568542494923804 64.0312423743284853 72.1110255092797843 80.6225774829854913 89.4427190999915922 98.4885780179610464 106.3014581273464927 113.1370849898476081 120.4159457879229507 128.0624847486569706 136.0147050873544288 144.2220510185595685 152.6433752247374684 161.2451549659709826 170 178.8854381999831844 187.8829422805593481 196.9771560359220928 190 180 170
122.0655561573370278 114.0175425099137954 106.3014581273464927 98.9949493661166571 92.1954445729288778 86.0232526704262739 78.1024967590665398 70.7106781186547551 64.0312423743284853 58.3095189484530039 53.8516480713450392 50.9901951359278485 50 50.9901951359278485 53.8516480713450392 50.9901951359278485 50 44.7213595499957961 41.2310562561766076 36.0555127546398921 28.284271247461902 22.3606797749978981 20 22.3606797749978981 28.284271247461902 30 31.6227766016837926 36.0555127546398921 42.426406871192853 50 58.3095189484530039 67.082039324993687 76.1577310586390865 85.4400374531753073 92.1954445729288778 98.9949493661166571 106.3014581273464927 114.0175425099137954 122.0655561573370278 130.3840481040529653 138.9244398944980503 147.6482306023339959 156.524758424985265 165.5294535724684977 174.6424919657298176 183.8477631085023631 193.1320791582796517 190.2629759044044704 180.2775637731994607 170.2938636592640194
116.6190378969060077 108.1665382639196764 100 92.1954445729288778 84.8528137423857061 78.1024967590665398 72.1110255092797843 64.0312423743284853 56.568542494923804 50 44.7213595499957961 41.2310562561766076 40 41.2310562561766076 44.7213595499957961 41.2310562561766076 40 36.0555127546398921 31.6227766016837926 30 22.3606797749978981 14.142135623730951 10 14.142135623730951 22.3606797749978981 20 22.3606797749978981 28.284271247461902 36.0555127546398921 44.7213595499957961 53.8516480713450392 63.2455532033675851 72.1110255092797843 78.1024967590665398 84.8528137423857061 92.1954445729288778 100 108.1665382639196764 116.6190378969060077 125.2996408614166768 134.1640786499873741 143.1782106327635233 152.3154621172781731 161.5549442140351175 170.8800749063506146 180.2775637731994607 189.7366596101027483 191.0497317454280051 181.107702762748346 171.1724276862368868
111.8033988749894831 102.956301409870008 94.3398113205660422 86.0232526704262739 78.1024967590665398 70.7106781186547551 64.0312423743284853 58.3095189484530039 50 42.426406871192853 36.0555127546398921 31.6227766016837926 30 31.6227766016837926 36.0555127546398921 31.6227766016837926 30 28.284271247461902 22.3606797749978981 20 20 10 -10 10 14.142135623730951 10 14.142135623730951 22.3606797749978981 31.6227766016837926 41.2310562561766076 50.9901951359278485 58.3095189484530039 64.0312423743284853 70.7106781186547551 78.1024967590665398 86.0232526704262739 94.3398113205660422 102.956301409870008 111.8033988749894831 120.8304597359457233 130 139.2838827718412062 148.6606874731850496 158.1138830084189806 167.6305461424020962 177.2004514666934938 186.8154169226940553 192.3538406167134553 182.4828759089465962 172.6267650163206895
107.7032961426900783 98.4885780179610464 89.4427190999915922 80.6225774829854913 72.1110255092797843 64.0312423743284853 56.568542494923804 50 44.7213595499957961 36.0555127546398921 28.284271247461902 22.3606797749978981 20 22.3606797749978981 28.284271247461902 22.3606797749978981 20 22.3606797749978981 14.142135623730951 10 14.142135623730951 10 -10 -10 10 -10 10 20 30 40 44.7213595499957961 50 56.568542494923804 64.0312423743284853 72.1110255092797843 80.6225774829854913 89.4427190999915922 98.4885780179610464 107.7032961426900783 117.0469991071962568 126.4911064067351703 136.0147050873544288 145.6021977856103717 155.2417469626002458 164.9242250247064305 174.6424919657298176 184.3908891458577557 194.1648783894760015 184.3908891458577557 174.6424919657298176
104.4030650891054961 94.8683298050513741 85.4400374531753073 76.1577310586390865 67.082039324993687 58.3095189484530039 50 42.426406871192853 36.0555127546398921 31.6227766016837926 22.3606797749978981 14.142135623730951 10 14.142135623730951 20 14.142135623730951 10 14.142135623730951 10 -10 10 10 10 10 -10 10 14.142135623730951 22.3606797749978981 28.284271247461902 31.6227766016837926 36.0555127546398921 42.426406871192853 50 58.3095189484530039 67.082039324993687 76.1577310586390865 85.4400374531753073 94.8683298050513741 104.4030650891054961 114.0175425099137954 123.6931687685298158 133.4166406412633421 143.1782106327635233 152.9705854077835454 162.7882059609970611 172.6267650163206895 182.4828759089465962 192.3538406167134553 186.8154169226940553 177.2004514666934938
