landscape/exported_ascii_MS_HABMAT_PATCHES_ONLY_DIST/simulation_000056_p051_h034_HABMAT_patch_more_500pix_edge_dist_modified.asc
ncols         512
nrows         512
xllcorner     0
yllcorner     0
cellsize      10
NODATA_value  -99
[rows 175 to 199 of 512, columns 0 to 55 of 512]
50.9901951359278485 50 50 50.9901951359278485 50 44.7213595499957961 41.2310562561766076 40 41.2310562561766076 44.7213595499957961 42.426406871192853 36.0555127546398921 31.6227766016837926 30 22.3606797749978981 14.142135623730951 10 -10 -10 -14.142135623730951 -10 10 -10 10 10 -10 -20 -22.3606797749978981 -14.142135623730951 -10 10 10 -10 -14.142135623730951 -10 10 10 -10 10 -10 10 10 14.142135623730951 10 10 10 10 -10 -10 10 20 28.284271247461902 36.0555127546398921 44.7213595499957961 50 42.426406871192853
41.2310562561766076 40 40 41.2310562561766076 42.426406871192853 36.0555127546398921 31.6227766016837926 30 31.6227766016837926 36.0555127546398921 36.0555127546398921 28.284271247461902 22.3606797749978981 20 20 10 -10 -14.142135623730951 -20 -20 -10 10 10 10 -10 -14.142135623730951 -22.3606797749978981 -14.142135623730951 -10 -10 10 -10 10 -10 10 14.142135623730951 10 -10 -10 -14.142135623730951 -10 -10 10 -10 -10 -10 10 10 -10 10 14.142135623730951 22.3606797749978981 31.6227766016837926 41.2310562561766076 44.7213595499957961 36.0555127546398921
31.6227766016837926 30 30 31.6227766016837926 36.0555127546398921 28.284271247461902 22.3606797749978981 20 22.3606797749978981 28.284271247461902 31.6227766016837926 22.3606797749978981 14.142135623730951 10 10 14.142135623730951 10 -10 -20 -20 -10 10 10 -10 -14.142135623730951 -22.3606797749978981 -20 -10 10 10 10 -10 10 -10 -10 10 10 -10 10 -10 -14.142135623730951 -10 -10 -10 -10 -10 10 14.142135623730951 10 -10 10 20 30 40 41.2310562561766076 31.6227766016837926
22.3606797749978981 20 20 22.3606797749978981 28.284271247461902 22.3606797749978981 14.142135623730951 10 14.142135623730951 22.3606797749978981 28.284271247461902 20 10 -10 -10 10 -10 -10 -14.142135623730951 -20 -14.142135623730951 -10 10 10 -10 -20 -20 -14.142135623730951 -10 -10 10 -10 -10 10 10 10 -10 10 -10 -14.142135623730951 -10 10 10 10 10 10 14.142135623730951 10 10 -10 10 20 30 40 40 30
14.142135623730951 10 10 14.142135623730951 22.3606797749978981 20 10 -10 10 14.142135623730951 22.3606797749978981 22.3606797749978981 14.142135623730951 10 10 -10 10 10 -10 -10 -14.142135623730951 -10 -10 10 -10 -14.142135623730951 -10 -14.142135623730951 -10 -10 -10 10 10 14.142135623730951 20 14.142135623730951 10 10 -10 -10 10 14.142135623730951 20 20 20 20 10 -10 10 10 14.142135623730951 22.3606797749978981 28.284271247461902 36.0555127546398921 41.2310562561766076 31.6227766016837926
10 -10 -10 10 14.142135623730951 10 10 10 -10 10 20 20 10 -10 -10 -10 10 10 -10 10 -10 10 -10 -10 -14.142135623730951 -10 10 -10 10 10 10 14.142135623730951 20 22.3606797749978981 28.284271247461902 22.3606797749978981 20 10 -10 -10 10 20 28.284271247461902 30 22.3606797749978981 14.142135623730951 10 10 -10 10 10 14.142135623730951 22.3606797749978981 31.6227766016837926 41.2310562561766076 36.0555127546398921
10 -10 10 10 10 -10 -10 10 -10 10 20 20 10 -10 10 10 -10 -10 -10 10 -10 10 -10 -20 -20 -10 10 10 -10 -10 -10 10 20 30 36.0555127546398921 31.6227766016837926 22.3606797749978981 14.142135623730951 10 10 14.142135623730951 22.3606797749978981 31.6227766016837926 30 20 10 -10 -10 -10 -10 -10 10 20 30 40 42.426406871192853
10 -10 10 -10 10 10 -10 -10 -10 10 20 14.142135623730951 10 10 10 -10 -14.142135623730951 -10 10 -10 -10 10 -10 -10 -14.142135623730951 -10 10 -10 10 10 10 14.142135623730951 22.3606797749978981 31.6227766016837926 41.2310562561766076 36.0555127546398921 28.284271247461902 22.3606797749978981 20 20 22.3606797749978981 28.284271247461902 36.0555127546398921 30 20 10 -10 10 10 10 10 14.142135623730951 22.3606797749978981 31.6227766016837926 41.2310562561766076 50
14.142135623730951 10 -10 -14.142135623730951 -10 -10 10 -10 -10 10 14.142135623730951 10 -10 -10 10 10 -10 -10 10 10 10 -10 -10 10 -10 -10 10 -10 -10 -10 10 14.142135623730951 22.3606797749978981 31.6227766016837926 41.2310562561766076 42.426406871192853 36.0555127546398921 31.6227766016837926 30 30 31.6227766016837926 36.0555127546398921 40 30 20 10 -10 10 20 20 20 22.3606797749978981 28.284271247461902 36.0555127546398921 44.7213595499957961 53.8516480713450392
20 10 -10 -20 -20 -10 10 10 -10 -10 10 -10 -10 10 10 -10 -14.142135623730951 -10 10 14.142135623730951 14.142135623730951 10 10 14.142135623730951 10 10 14.142135623730951 10 -10 -10 -10 10 20 30 40 50 44.7213595499957961 41.2310562561766076 40 40 41.2310562561766076 44.7213595499957961 41.2310562561766076 31.6227766016837926 22.3606797749978981 14.142135623730951 10 14.142135623730951 22.3606797749978981 30 30 31.6227766016837926 36.0555127546398921 42.426406871192853 50 58.3095189484530039
14.142135623730951 10 -10 -20 -22.3606797749978981 -14.142135623730951 -10 -10 10 10 -10 -10 10 10 -10 -14.142135623730951 -10 10 -10 10 10 10 -10 10 20 20 20 10 -10 10 -10 10 20 30 40 50 53.8516480713450392 50.9901951359278485 50 50 50.9901951359278485 53.8516480713450392 44.7213595499957961 36.0555127546398921 28.284271247461902 22.3606797749978981 20 22.3606797749978981 28.284271247461902 36.0555127546398921 40 41.2310562561766076 44.7213595499957961 50 56.568542494923804 64.0312423743284853
10 -10 -14.142135623730951 -22.3606797749978981 -28.284271247461902 -20 -10 10 10 -10 10 10 -10 -10 -14.142135623730951 -22.3606797749978981 -14.142135623730951 -10 -14.142135623730951 -10 -10 -10 -10 10 20 30 20 10 -10 -10 10 14.142135623730951 22.3606797749978981 31.6227766016837926 41.2310562561766076 50.9901951359278485 60.8276253029821987 60.8276253029821987 60 60 60.8276253029821987 58.3095189484530039 50 42.426406871192853 36.0555127546398921 31.6227766016837926 30 31.6227766016837926 36.0555127546398921 42.426406871192853 50 50.9901951359278485 53.8516480713450392 58.3095189484530039 64.0312423743284853 70.7106781186547551
10 -10 -20 -28.284271247461902 -22.3606797749978981 -20 -14.142135623730951 -10 -10 -14.142135623730951 -10 -10 10 -10 -20 -28.284271247461902 -22.3606797749978981 -20 -22.3606797749978981 -20 -20 -14.142135623730951 -10 10 20 30 22.3606797749978981 14.142135623730951 10 10 14.142135623730951 22.3606797749978981 28.284271247461902 36.0555127546398921 44.7213595499957961 53.8516480713450392 63.2455532033675851 70.7106781186547551 70 70 70.7106781186547551 64.0312423743284853 56.568542494923804 50 44.7213595499957961 41.2310562561766076 40 41.2310562561766076 44.7213595499957961 50 56.568542494923804 60.8276253029821987 63.2455532033675851 67.082039324993687 72.1110255092797843 78.1024967590665398
10 -10 -20 -22.3606797749978981 -14.142135623730951 -10 -14.142135623730951 -10 10 -10 -10 -10 -10 -14.142135623730951 -22.3606797749978981 -31.6227766016837926 -31.6227766016837926 -30 -28.284271247461902 -22.3606797749978981 -20 -10 10 14.142135623730951 22.3606797749978981 31.6227766016837926 28.284271247461902 22.3606797749978981 20 20 22.3606797749978981 28.284271247461902 36.0555127546398921 42.426406871192853 50 58.3095189484530039 67.082039324993687 76.1577310586390865 80 80 78.1024967590665398 70.7106781186547551 64.0312423743284853 58.3095189484530039 53.8516480713450392 50.9901951359278485 50 50.9901951359278485 53.8516480713450392 58.3095189484530039 64.0312423743284853 70.7106781186547551 72.8010988928051859 76.1577310586390865 80.6225774829854913 86.0232526704262739
10 -10 -20 -20 -10 10 -10 10 10 10 10 10 -10 -14.142135623730951 -22.3606797749978981 -28.284271247461902 -36.0555127546398921 -31.6227766016837926 -22.3606797749978981 -14.142135623730951 -10 -10 -10 10 20 30 36.0555127546398921 31.6227766016837926 30 30 31.6227766016837926 36.0555127546398921 42.426406871192853 50 56.568542494923804 64.0312423743284853 72.1110255092797843 80.6225774829854913 89.4427190999915922 90 84.8528137423857061 78.1024967590665398 72.1110255092797843 67.082039324993687 63.2455532033675851 60.8276253029821987 60 60.8276253029821987 63.2455532033675851 67.082039324993687 72.1110255092797843 78.1024967590665398 82.4621125123532153 85.4400374531753073 89.4427190999915922 94.3398113205660422
10 -10 -20 -20 -14.142135623730951 -10 -10 -10 -10 10 20 14.142135623730951 10 -10 -14.142135623730951 -22.3606797749978981 -31.6227766016837926 -28.284271247461902 -20 -10 10 10 10 14.142135623730951 22.3606797749978981 31.6227766016837926 41.2310562561766076 41.2310562561766076 40 40 41.2310562561766076 44.7213595499957961 50 56.568542494923804 64.0312423743284853 70.7106781186547551 78.1024967590665398 86.0232526704262739 94.3398113205660422 98.9949493661166571 92.1954445729288778 86.0232526704262739 80.6225774829854913 76.1577310586390865 72.8010988928051859 70.7106781186547551 70 70.7106781186547551 72.8010988928051859 76.1577310586390865 80.6225774829854913 86.0232526704262739 92.1954445729288778 94.8683298050513741 98.4885780179610464 102.956301409870008
10 -10 -14.142135623730951 -10 -10 -10 10 -10 10 14.142135623730951 14.142135623730951 10 14.142135623730951 10 -10 -20 -28.284271247461902 -22.3606797749978981 -14.142135623730951 -10 -10 10 20 22.3606797749978981 28.284271247461902 36.0555127546398921 44.7213595499957961 50.9901951359278485 50 50 50.9901951359278485 53.8516480713450392 58.3095189484530039 64.0312423743284853 70.7106781186547551 78.1024967590665398 84.8528137423857061 92.1954445729288778 100 106.3014581273464927 100 94.3398113205660422 89.4427190999915922 85.4400374531753073 82.4621125123532153 80.6225774829854913 80 80.6225774829854913 82.4621125123532153 85.4400374531753073 89.4427190999915922 94.3398113205660422 100 104.4030650891054961 107.7032961426900783 111.8033988749894831
14.142135623730951 10 -10 10 10 10 14.142135623730951 10 14.142135623730951 20 10 -10 10 10 -10 -20 -22.3606797749978981 -14.142135623730951 -10 10 -10 10 20 30 36.0555127546398921 42.426406871192853 50 58.3095189484530039 60 60 60.8276253029821987 63.2455532033675851 67.082039324993687 72.1110255092797843 78.1024967590665398 84.8528137423857061 92.1954445729288778 98.9949493661166571 106.3014581273464927 114.0175425099137954 108.1665382639196764 102.956301409870008 98.4885780179610464 94.8683298050513741 92.1954445729288778 90.553851381374173 90 90.553851381374173 92.1954445729288778 94.8683298050513741 98.4885780179610464 102.956301409870008 108.1665382639196764 114.0175425099137954 117.0469991071962568 111.8033988749894831
10 -10 10 -10 10 14.142135623730951 22.3606797749978981 20 22.3606797749978981 22.3606797749978981 14.142135623730951 10 -10 -10 -14.142135623730951 -22.3606797749978981 -14.142135623730951 -10 10 14.142135623730951 10 14.142135623730951 22.3606797749978981 31.6227766016837926 41.2310562561766076 50 56.568542494923804 64.0312423743284853 70 70 70.7106781186547551 72.8010988928051859 76.1577310586390865 80.6225774829854913 86.0232526704262739 92.1954445729288778 98.9949493661166571 106.3014581273464927 113.1370849898476081 120.4159457879229507 116.6190378969060077 111.8033988749894831 107.7032961426900783 104.4030650891054961 101.9803902718556969 100.4987562112088995 100 100.4987562112088995 101.9803902718556969 104.4030650891054961 107.7032961426900783 111.8033988749894831 116.6190378969060077 122.0655561573370278 120.4159457879229507 110.4536101718726115
14.142135623730951 10 14.142135623730951 10 -10 10 20 30 30 20 10 -10 -10 -14.142135623730951 -10 -14.142135623730951 -10 10 14.142135623730951 22.3606797749978981 20 22.3606797749978981 28.284271247461902 36.0555127546398921 44.7213595499957961 53.8516480713450392 63.2455532033675851 70.7106781186547551 78.1024967590665398 80 80.6225774829854913 82.4621125123532153 85.4400374531753073 89.4427190999915922 94.3398113205660422 100 106.3014581273464927 113.1370849898476081 120.4159457879229507 127.2792206135785591 125.2996408614166768 120.8304597359457233 117.0469991071962568 114.0175425099137954 111.8033988749894831 110.4536101718726115 110 110.4536101718726115 111.8033988749894831 114.0175425099137954 117.0469991071962568 120.8304597359457233 125.2996408614166768 130 120 110
22.3606797749978981 20 22.3606797749978981 14.142135623730951 10 14.142135623730951 22.3606797749978981 31.6227766016837926 31.6227766016837926 22.3606797749978981 14.142135623730951 10 10 -10 10 -10 -10 10 20 28.284271247461902 30 31.6227766016837926 36.0555127546398921 42.426406871192853 50 58.3095189484530039 67.082039324993687 76.1577310586390865 84.8528137423857061 90 90.553851381374173 92.1954445729288778 94.8683298050513741 98.4885780179610464 102.956301409870008 108.1665382639196764 114.0175425099137954 120.4159457879229507 127.2792206135785591 134.5362404707371127 134.1640786499873741 130 126.4911064067351703 123.6931687685298158 121.6552506059643974 120.4159457879229507 120 120.4159457879229507 121.6552506059643974 123.6931687685298158 126.4911064067351703 130 134.1640786499873741 130.3840481040529653 120.4159457879229507 110.4536101718726115
31.6227766016837926 30 28.284271247461902 22.3606797749978981 20 22.3606797749978981 28.284271247461902 36.0555127546398921 31.6227766016837926 22.3606797749978981 14.142135623730951 10 14.142135623730951 10 10 -10 -10 10 20 30 40 41.2310562561766076 44.7213595499957961 50 56.568542494923804 64.0312423743284853 72.1110255092797843 80.6225774829854913 89.4427190999915922 98.4885780179610464 100.4987562112088995 101.9803902718556969 104.4030650891054961 107.7032961426900783 111.8033988749894831 116.6190378969060077 122.0655561573370278 128.0624847486569706 134.5362404707371127 141.4213562373095101 143.1782106327635233 139.2838827718412062 136.0147050873544288 133.4166406412633421 131.5294643796590606 130.3840481040529653 130 130.3840481040529653 131.5294643796590606 133.4166406412633421 136.0147050873544288 139.2838827718412062 141.4213562373095101 131.5294643796590606 121.6552506059643974 111.8033988749894831
41.2310562561766076 40 36.0555127546398921 31.6227766016837926 30 31.6227766016837926 36.0555127546398921 40 30 20 10 -10 10 -10 -10 -10 -10 10 20 30 40 50 53.8516480713450392 58.3095189484530039 64.0312423743284853 70.7106781186547551 78.1024967590665398 86.0232526704262739 94.3398113205660422 102.956301409870008 110.4536101718726115 111.8033988749894831 114.0175425099137954 117.0469991071962568 120.8304597359457233 125.2996408614166768 130.3840481040529653 136.0147050873544288 142.1267040355189408 148.6606874731850496 152.3154621172781731 148.6606874731850496 145.6021977856103717 143.1782106327635233 141.4213562373095101 140.3566884761820006 140 140.3566884761820006 141.4213562373095101 143.1782106327635233 145.6021977856103717 148.6606874731850496 143.1782106327635233 133.4166406412633421 123.6931687685298158 114.0175425099137954
50.9901951359278485 50 44.7213595499957961 41.2310562561766076 40 41.2310562561766076 44.7213595499957961 41.2310562561766076 31.6227766016837926 22.3606797749978981 14.142135623730951 10 -10 10 -10 10 10 14.142135623730951 22.3606797749978981 31.6227766016837926 41.2310562561766076 50.9901951359278485 60.8276253029821987 67.082039324993687 72.1110255092797843 78.1024967590665398 84.8528137423857061 92.1954445729288778 100 108.1665382639196764 116.6190378969060077 121.6552506059643974 123.6931687685298158 126.4911064067351703 130 134.1640786499873741 138.9244398944980503 144.2220510185595685 150 156.2049935181330795 161.5549442140351175 158.1138830084189806 155.2417469626002458 152.9705854077835454 151.3274595042155681 150.3329637837290704 150 150.3329637837290704 151.3274595042155681 152.9705854077835454 155.2417469626002458 155.2417469626002458 145.6021977856103717 136.0147050873544288 126.4911064067351703 117.0469991071962568
60.8276253029821987 58.3095189484530039 53.8516480713450392 50.9901951359278485 50 50.9901951359278485 50 42.426406871192853 36.0555127546398921 28.284271247461902 20 10 -10 -10 -10 -10 10 14.142135623730951 22.3606797749978981 31.6227766016837926 41.2310562561766076 50.9901951359278485 60.8276253029821987 70.7106781186547551 80.6225774829854913 86.0232526704262739 92.1954445729288778 98.9949493661166571 106.3014581273464927 114.0175425099137954 122.0655561573370278 130.3840481040529653 133.4166406412633421 136.0147050873544288 139.2838827718412062 143.1782106327635233 147.6482306023339959 152.6433752247374684 158.1138830084189806 164.0121946685672469 170.2938636592640194 167.6305461424020962 164.9242250247064305 162.7882059609970611 161.2451549659709826 160.3121954188139853 160 160.3121954188139853 161.2451549659709826 162.7882059609970611 164.9242250247064305 158.1138830084189806 148.6606874731850496 139.2838827718412062 130 120.8304597359457233
