landscape/exported_ascii_MS_HABMAT_PATCHES_ONLY_DIST/simulation_000034_p069_h089_HABMAT_patch_more_500pix_edge_dist_modified.asc
ncols         512
nrows         512
xllcorner     0
yllcorner     0
cellsize      10
NODATA_value  -99
[rows 247 to 265 of 512, columns 132 to 175 of 512]
-372.1558813185678787 -380.7886552931954043 -389.4868418830089354 -398.246155034797539 -407.0626487409523975 -415.9326868617084187 -424.8529157249600416 -433.8202392696772449 -433.2435804486893858 -430.116263352131341 -427.2001872658765365 -424.4997055358224998 -422.0189569201838822 -419.7618372363071444 -417.7319714841084419 -415.9326868617084187 -414.3669871020132405 -413.0375285612676635 -411.9465984809195902 -408.5339643163099481 -404.9691346263317655 -401.6217125604640614 -396.6106403010388135 -391.1521443121588959 -385.8756276314947513 -380.7886552931954043 -375.8989225842500446 -371.214223865411725 -366.7424164178449928 -362.4913792078371557 -358.4689665786984278 -354.6829570193639825 -351.1409973215887703 -347.8505426185217289 -344.8187929913333392 -342.0526275297414145 -339.5585369269928719 -337.3425558686599857 -335.4101966249684779 -333.7663853655727166 -332.4154027718932412 -331.3608305156178062 -330.6055050963307735 -330.1514803843835466
-377.359245282264169 -385.8756276314947513 -394.4616584663203867 -403.1128874149274566 -411.825205639480032 -420.5948168962618183 -429.4182110716777743 -427.2001872658765365 -423.79240200834181 -420.5948168962618183 -417.6122603564219844 -414.8493702538307843 -412.3105625617660621 -410 -407.9215610874227878 -406.0788100849390503 -404.4749683231336803 -403.1128874149274566 -401.9950248448355978 -399.2492955535425949 -395.6008088970496601 -392.1734310225515401 -388.3297567789520031 -382.7531841800927737 -377.359245282264169 -372.1558813185678787 -367.1511950137164035 -362.353418639868778 -357.7708763999663688 -353.4119409414458346 -349.2849839314596352 -345.3983207834108953 -341.7601498127012292 -338.378486313772612 -335.2610922848041923 -332.4154027718932412 -329.8484500494128611 -327.5667870831840105 -325.5764119219941222 -323.8826948140329591 -322.4903099319419653 -321.4031735997639316 -320.6243908376279705 -320.1562118716424266
-382.7531841800927737 -391.1521443121588959 -399.6248240537616994 -408.1666326391710413 -416.7733196834941509 -425.4409477236529256 -421.5447781671598477 -417.8516483155235619 -414.3669871020132405 -411.0960958218893211 -408.0441152620633147 -405.2159917870961863 -402.616442783947889 -400.2499219237899979 -398.1205847478876763 -396.2322551231789589 -394.5883931389771533 -393.192065026750015 -392.0459156782531522 -390 -386.2641583165593033 -382.7531841800927737 -379.4733192202054965 -374.4329045369810842 -368.9173349139343259 -363.5931792539568619 -358.4689665786984278 -353.5533905932737753 -348.8552708502481323 -344.3835071544513085 -340.1470270338989508 -336.1547262794322251 -332.4154027718932412 -328.9376840679705651 -325.7299494980466079 -322.8002478313794654 -320.1562118716424266 -317.8049716414140562 -315.7530680769388596 -314.006369362151645 -312.5699921617556925 -311.4482300479487549 -310.6444913401813324 -310.1612483854164566
-388.3297567789520031 -396.6106403010388135 -404.9691346263317655 -413.4005321718877326 -420.47592083257274 -416.2931659299729859 -412.3105625617660621 -408.5339643163099481 -404.9691346263317655 -401.6217125604640614 -398.4971769034254976 -395.6008088970496601 -392.9376540877699995 -390.5124837953327415 -388.3297567789520031 -386.3935817272331406 -384.7076812334269107 -383.2753579347360073 -382.0994634908560101 -380.7886552931954043 -376.9615364994152742 -373.3630940518893908 -370 -366.1966684720110834 -360.5551275463989214 -355.1056180912940476 -349.8571136907180517 -344.8187929913333392 -340 -335.4101966249684779 -331.0589071449369953 -326.9556544854362983 -323.109888428070235 -319.5309061734091642 -316.2277660168379612 -313.2091952673164883 -310.4834939252004915 -308.0584360149872509 -305.9411708155670908 -304.1381265149109936 -302.6549190084311363 -301.4962686336266984 -300.6659275674581409 -300.1666203960726875
-394.0812099047606125 -402.2437072223753489 -410.4875150354758375 -415.9326868617084187 -411.460812228819691 -407.1854614300466437 -403.1128874149274566 -399.2492955535425949 -395.6008088970496601 -392.1734310225515401 -388.9730067755344862 -386.0051813123756688 -383.2753579347360073 -380.7886552931954043 -378.5498646149540036 -376.5634076752546093 -374.8332962798262429 -373.3630940518893908 -372.1558813185678787 -371.214223865411725 -367.6955262170047263 -364.0054944640259009 -360.5551275463989214 -357.3513677041127607 -352.2782990761707538 -346.6987164671943447 -341.3209633175202384 -336.1547262794322251 -331.2099032335838729 -326.4965543462901678 -322.0248437620923596 -317.8049716414140562 -313.8470965295043129 -310.1612483854164566 -306.7572330035593495 -303.6445290137795041 -300.8321791298264429 -298.3286778035259772 -296.1418578992169159 -294.2787793912432335 -292.7456233660889211 -291.5475947422650052 -290.6888370749726391 -290.1723625709381622
-400 -408.0441152620633147 -411.460812228819691 -407.0626487409523975 -402.4922359499621507 -398.1205847478876763 -393.9543120718441855 -390 -386.2641583165593033 -382.7531841800927737 -379.4733192202054965 -376.4306044943742222 -373.6308338453881106 -371.0795063055894616 -368.7817782917155114 -366.7424164178449928 -364.9657518178931923 -363.4556369077249656 -362.215405525496692 -361.2478373637688378 -358.4689665786984278 -354.6829570193639825 -351.1409973215887703 -347.8505426185217289 -344.0930106817050955 -338.378486313772612 -332.866339541864761 -327.5667870831840105 -322.4903099319419653 -317.6476034853718033 -313.0495168499705301 -308.7069808086626495 -304.6309242345563462 -300.8321791298264429 -297.3213749463700992 -294.1088233970548345 -291.2043955712207435 -288.6173937932362605 -286.3564212655270467 -284.4292530665578624 -282.8427124746190202 -281.6025568065744551 -280.7133769523640012 -280.1785145224379789
-406.0788100849390503 -407.0626487409523975 -402.4922359499621507 -398.1205847478876763 -393.5733730830885406 -389.1015291668743998 -384.8376280978771433 -380.7886552931954043 -376.9615364994152742 -373.3630940518893908 -370 -366.8787265568828388 -364.0054944640259009 -361.3862199918530109 -359.0264614203248357 -356.9313659514949109 -355.1056180912940476 -353.5533905932737753 -352.2782990761707538 -351.2833614050059055 -349.2849839314596352 -345.3983207834108953 -341.7601498127012292 -338.378486313772612 -335.2610922848041923 -330.1514803843835466 -324.4996147917590292 -319.0611226708763297 -313.8470965295043129 -308.8689042296099956 -304.1381265149109936 -299.6664812754339664 -295.4657340538831249 -291.5475947422650052 -287.9236009777593495 -284.6049894151541366 -281.6025568065744551 -278.9265136196270873 -276.5863337187865909 -274.5906043549196056 -272.9468812791236019 -271.6615541441224764 -270.7397274136176861 -270.1851217221259276
-402.4922359499621507 -398.1205847478876763 -393.5733730830885406 -389.1015291668743998 -384.7076812334269107 -380.1315561749642598 -375.7658845611186962 -371.6180835212409193 -367.6955262170047263 -364.0054944640259009 -360.5551275463989214 -357.3513677041127607 -354.4009029333869876 -351.7101079013795015 -349.2849839314596352 -347.1310991541956241 -345.253530032641379 -343.6568055487916808 -342.3448553724737735 -341.3209633175202384 -340.1470270338989508 -336.1547262794322251 -332.4154027718932412 -328.9376840679705651 -325.7299494980466079 -322.0248437620923596 -316.2277660168379612 -310.6444913401813324 -305.2867504494749369 -300.1666203960726875 -295.2964612046679918 -290.6888370749726391 -286.3564212655270467 -282.3118842698621052 -278.5677655436824125 -275.136329843952069 -272.0294101747088575 -269.2582403567251959 -266.8332812825266842 -264.7640458974745457 -263.0589287593181211 -261.7250465660480359 -260.7680962081059306 -260.1922366251537255
-393.5733730830885406 -389.1015291668743998 -384.7076812334269107 -380.1315561749642598 -375.7658845611186962 -371.214223865411725 -366.7424164178449928 -362.4913792078371557 -358.4689665786984278 -354.6829570193639825 -351.1409973215887703 -347.8505426185217289 -344.8187929913333392 -342.0526275297414145 -339.5585369269928719 -337.3425558686599857 -335.4101966249684779 -333.7663853655727166 -332.4154027718932412 -331.3608305156178062 -330.6055050963307735 -326.9556544854362983 -323.109888428070235 -319.5309061734091642 -316.2277660168379612 -313.2091952673164883 -308.0584360149872509 -302.3243291566194557 -296.8164415931166218 -291.5475947422650052 -286.5309756378880479 -281.7800560721074135 -277.3084924772409749 -273.1300056749532814 -269.2582403567251959 -265.706605111728436 -262.488094968133737 -259.6150997149433692 -257.0992026436488231 -254.9509756796392423 -253.179778023443248 -251.7935662402834396 -250.7987240796890376 -250.1999200639360765
-384.7076812334269107 -380.1315561749642598 -375.7658845611186962 -371.214223865411725 -366.7424164178449928 -362.353418639868778 -357.7708763999663688 -353.4119409414458346 -349.2849839314596352 -345.3983207834108953 -341.7601498127012292 -338.378486313772612 -335.2610922848041923 -332.4154027718932412 -329.8484500494128611 -327.5667870831840105 -325.5764119219941222 -323.8826948140329591 -322.4903099319419653 -321.4031735997639316 -320.6243908376279705 -317.8049716414140562 -313.8470965295043129 -310.1612483854164566 -306.7572330035593495 -303.6445290137795041 -300 -294.1088233970548345 -288.4441020371191371 -283.0194339616980983 -277.8488797889961006 -272.9468812791236019 -268.3281572999747482 -264.0075756488816978 -260 -256.3201123595259219 -252.9822128134703405 -250 -247.3863375370596316 -245.1530134426252516 -243.3105012119287949 -241.8677324489565024 -240.8318915758459013 -240.2082429892862763
-375.8989225842500446 -371.214223865411725 -366.7424164178449928 -362.353418639868778 -357.7708763999663688 -353.4119409414458346 -348.8552708502481323 -344.3835071544513085 -340.1470270338989508 -336.1547262794322251 -332.4154027718932412 -328.9376840679705651 -325.7299494980466079 -322.8002478313794654 -320.1562118716424266 -317.8049716414140562 -315.7530680769388596 -314.006369362151645 -312.5699921617556925 -311.4482300479487549 -310.6444913401813324 -308.7069808086626495 -304.6309242345563462 -300.8321791298264429 -297.3213749463700992 -294.1088233970548345 -291.2043955712207435 -286.0069929215018192 -280.1785145224379789 -274.5906043549196056 -269.2582403567251959 -264.1968962724581047 -259.422435421456953 -254.9509756796392423 -250.7987240796890376 -246.9817807045693883 -243.5159132377184221 -240.4163056034261672 -237.6972864800942489 -235.3720459187964025 -233.4523505985750376 -231.9482700948640286 -230.8679276123039017 -230.2172886644267749
-367.1511950137164035 -362.353418639868778 -357.7708763999663688 -353.4119409414458346 -348.8552708502481323 -344.3835071544513085 -340 -335.4101966249684779 -331.0589071449369953 -326.9556544854362983 -323.109888428070235 -319.5309061734091642 -316.2277660168379612 -313.2091952673164883 -310.4834939252004915 -308.0584360149872509 -305.9411708155670908 -304.1381265149109936 -302.6549190084311363 -301.4962686336266984 -300.6659275674581409 -299.6664812754339664 -295.4657340538831249 -291.5475947422650052 -287.9236009777593495 -284.6049894151541366 -281.6025568065744551 -278.0287754891568852 -272.0294101747088575 -266.2705391138869686 -260.7680962081059306 -255.5386467836127622 -250.5992817228333536 -245.9674775249768572 -241.6609194718914466 -237.6972864800942489 -234.0939982143925135 -230.8679276123039017 -228.0350850198275907 -225.6102834535695649 -223.6067977499789663 -222.0360331117451835 -220.9072203437452231 -220.2271554554524187
-358.4689665786984278 -353.5533905932737753 -348.8552708502481323 -344.3835071544513085 -340 -335.4101966249684779 -331.0589071449369953 -326.4965543462901678 -322.0248437620923596 -317.8049716414140562 -313.8470965295043129 -310.1612483854164566 -306.7572330035593495 -303.6445290137795041 -300.8321791298264429 -298.3286778035259772 -296.1418578992169159 -294.2787793912432335 -292.7456233660889211 -291.5475947422650052 -290.6888370749726391 -290.1723625709381622 -286.3564212655270467 -282.3118842698621052 -278.5677655436824125 -275.136329843952069 -272.0294101747088575 -269.2582403567251959 -264.0075756488816978 -258.0697580112787932 -252.388589282479245 -246.9817807045693883 -241.8677324489565024 -237.0653918225939663 -232.5940669922601387 -228.4731931759172596 -224.7220505424423322 -221.3594362117865444 -218.4032966784155576 -215.8703314492290417 -213.7755832643194935 -212.1320343559642652 -210.9502310972898727 -210.23796041628637
-349.8571136907180517 -344.8187929913333392 -340 -335.4101966249684779 -331.0589071449369953 -326.4965543462901678 -322.0248437620923596 -317.6476034853718033 -313.0495168499705301 -308.7069808086626495 -304.6309242345563462 -300.8321791298264429 -297.3213749463700992 -294.1088233970548345 -291.2043955712207435 -288.6173937932362605 -286.3564212655270467 -284.4292530665578624 -282.8427124746190202 -281.6025568065744551 -280.7133769523640012 -280.1785145224379789 -277.3084924772409749 -273.1300056749532814 -269.2582403567251959 -265.706605111728436 -262.488094968133737 -259.6150997149433692 -256.1249694973139412 -250 -244.1311123146740556 -238.5372088375312671 -233.2380757938120155 -228.2542442102665348 -223.6067977499789663 -219.3171219946130748 -215.4065922853801567 -211.896201004170905 -208.8061301782109922 -206.1552812808830311 -203.9607805437113939 -202.2374841615668402 -200.9975124224177989 -200.2498439450078536
-341.3209633175202384 -336.1547262794322251 -331.2099032335838729 -326.4965543462901678 -322.0248437620923596 -317.6476034853718033 -313.0495168499705301 -308.7069808086626495 -304.1381265149109936 -299.6664812754339664 -295.4657340538831249 -291.5475947422650052 -287.9236009777593495 -284.6049894151541366 -281.6025568065744551 -278.9265136196270873 -276.5863337187865909 -274.5906043549196056 -272.9468812791236019 -271.6615541441224764 -270.7397274136176861 -270.1851217221259276 -268.3281572999747482 -264.0075756488816978 -260 -256.3201123595259219 -252.9822128134703405 -250 -247.3863375370596316 -242.0743687382041003 -236.0084744241189298 -230.2172886644267749 -224.7220505424423322 -219.5449840010014952 -214.7091055358388871 -210.23796041628637 -206.1552812808830311 -202.4845673131658828 -199.2485884517127488 -196.4688270438849997 -194.1648783894760015 -192.3538406167134553 -191.0497317454280051 -190.2629759044044704
-332.866339541864761 -327.5667870831840105 -322.4903099319419653 -317.6476034853718033 -313.0495168499705301 -308.7069808086626495 -304.1381265149109936 -299.6664812754339664 -295.2964612046679918 -290.6888370749726391 -286.3564212655270467 -282.3118842698621052 -278.5677655436824125 -275.136329843952069 -272.0294101747088575 -269.2582403567251959 -266.8332812825266842 -264.7640458974745457 -263.0589287593181211 -261.7250465660480359 -260.7680962081059306 -260.1922366251537255 -259.422435421456953 -254.9509756796392423 -250.7987240796890376 -246.9817807045693883 -243.5159132377184221 -240.4163056034261672 -237.6972864800942489 -234.3074902771996335 -228.0350850198275907 -222.0360331117451835 -216.3330765278393528 -210.9502310972898727 -205.912602819740016 -201.2461179749810753 -196.9771560359220928 -193.1320791582796517 -189.7366596101027483 -186.8154169226940553 -184.3908891458577557 -182.4828759089465962 -181.107702762748346 -180.2775637731994607
-324.4996147917590292 -319.0611226708763297 -313.8470965295043129 -308.8689042296099956 -304.1381265149109936 -299.6664812754339664 -295.2964612046679918 -290.6888370749726391 -286.3564212655270467 -281.7800560721074135 -277.3084924772409749 -273.1300056749532814 -269.2582403567251959 -265.706605111728436 -262.488094968133737 -259.6150997149433692 -257.0992026436488231 -254.9509756796392423 -253.179778023443248 -251.7935662402834396 -250.7987240796890376 -250.1999200639360765 -250 -245.9674775249768572 -241.6609194718914466 -237.6972864800942489 -234.0939982143925135 -230.8679276123039017 -228.0350850198275907 -225.6102834535695649 -220.2271554554524187 -214.0093455903269728 -208.0865204668481283 -202.4845673131658828 -197.2308292331601933 -192.3538406167134553 -187.8829422805593481 -183.8477631085023631 -180.2775637731994607 -177.2004514666934938 -174.6424919657298176 -172.6267650163206895 -171.1724276862368868 -170.2938636592640194
-316.2277660168379612 -310.6444913401813324 -305.2867504494749369 -300.1666203960726875 -295.2964612046679918 -290.6888370749726391 -286.3564212655270467 -281.7800560721074135 -277.3084924772409749 -272.9468812791236019 -268.3281572999747482 -264.0075756488816978 -260 -256.3201123595259219 -252.9822128134703405 -250 -247.3863375370596316 -245.1530134426252516 -243.3105012119287949 -241.8677324489565024 -240.8318915758459013 -240.2082429892862763 -240 -237.0653918225939663 -232.5940669922601387 -228.4731931759172596 -224.7220505424423322 -221.3594362117865444 -218.4032966784155576 -215.8703314492290417 -212.6029162546929854 -206.1552812808830311 -200 -194.1648783894760015 -188.6796226411320845 -183.5755975068582018 -178.8854381999831844 -174.6424919657298176 -170.8800749063506146 -167.6305461424020962 -164.9242250247064305 -162.7882059609970611 -161.2451549659709826 -160.3121954188139853
-308.0584360149872509 -302.3243291566194557 -296.8164415931166218 -291.5475947422650052 -286.5309756378880479 -281.7800560721074135 -277.3084924772409749 -272.9468812791236019 -268.3281572999747482 -264.0075756488816978 -259.422435421456953 -254.9509756796392423 -250.7987240796890376 -246.9817807045693883 -243.5159132377184221 -240.4163056034261672 -237.6972864800942489 -235.3720459187964025 -233.4523505985750376 -231.9482700948640286 -230.8679276123039017 -230.2172886644267749 -230 -228.0350850198275907 -223.6067977499789663 -219.3171219946130748 -215.4065922853801567 -211.896201004170905 -208.8061301782109922 -206.1552812808830311 -203.9607805437113939 -198.4943324127920903 -192.0937271229854559 -186.0107523773827438 -180.2775637731994607 -174.9285568453590258 -170 -165.5294535724684977 -161.5549442140351175 -158.1138830084189806 -155.2417469626002458 -152.9705854077835454 -151.3274595042155681 -150.3329637837290704
