landscape/exported_ascii_MS_HABMAT_PATCHES_ONLY_DIST/simulation_000079_p034_h071_HABMAT_patch_more_500pix_edge_dist_modified.asc
ncols         512
nrows         512
xllcorner     0
yllcorner     0
cellsize      10
NODATA_value  -99
[rows 315 to 335 of 512, columns 188 to 234 of 512]
319.5309061734091642 310.1612483854164566 300.8321791298264429 291.5475947422650052 282.3118842698621052 273.1300056749532814 264.0075756488816978 254.9509756796392423 245.9674775249768572 237.0653918225939663 228.2542442102665348 219.5449840010014952 210.9502310972898727 202.4845673131658828 194.1648783894760015 186.0107523773827438 178.0449381476485655 170.2938636592640194 162.7882059609970611 155.5634918610404611 148.6606874731850496 142.1267040355189408 136.0147050873544288 130.3840481040529653 125.2996408614166768 120.8304597359457233 116.6190378969060077 111.8033988749894831 106.3014581273464927 100 94.3398113205660422 89.4427190999915922 85.4400374531753073 82.4621125123532153 80.6225774829854913 80 80.6225774829854913 82.4621125123532153 85.4400374531753073 89.4427190999915922 94.3398113205660422 98.4885780179610464 98.4885780179610464 94.8683298050513741 92.1954445729288778 84.8528137423857061 78.1024967590665398
323.109888428070235 313.8470965295043129 304.6309242345563462 295.4657340538831249 286.3564212655270467 277.3084924772409749 268.3281572999747482 259.422435421456953 250.5992817228333536 241.8677324489565024 233.2380757938120155 224.7220505424423322 216.3330765278393528 208.0865204668481283 200 192.0937271229854559 184.3908891458577557 176.9180601295413169 169.7056274847714121 162.7882059609970611 156.2049935181330795 150 144.2220510185595685 138.9244398944980503 134.1640786499873741 130 125.2996408614166768 120.4159457879229507 114.0175425099137954 108.1665382639196764 102.956301409870008 98.4885780179610464 94.8683298050513741 92.1954445729288778 90.553851381374173 90 90.553851381374173 92.1954445729288778 94.8683298050513741 98.4885780179610464 102.956301409870008 107.7032961426900783 107.7032961426900783 104.4030650891054961 98.9949493661166571 92.1954445729288778 86.0232526704262739
326.9556544854362983 317.8049716414140562 308.7069808086626495 299.6664812754339664 290.6888370749726391 281.7800560721074135 272.9468812791236019 264.1968962724581047 255.5386467836127622 246.9817807045693883 238.5372088375312671 230.2172886644267749 222.0360331117451835 214.0093455903269728 206.1552812808830311 198.4943324127920903 191.0497317454280051 183.8477631085023631 176.9180601295413169 170.2938636592640194 164.0121946685672469 158.1138830084189806 152.6433752247374684 147.6482306023339959 143.1782106327635233 138.9244398944980503 134.1640786499873741 128.0624847486569706 122.0655561573370278 116.6190378969060077 111.8033988749894831 107.7032961426900783 104.4030650891054961 101.9803902718556969 100.4987562112088995 100 100.4987562112088995 101.9803902718556969 104.4030650891054961 107.7032961426900783 111.8033988749894831 116.6190378969060077 117.0469991071962568 113.1370849898476081 106.3014581273464927 100 94.3398113205660422
331.0589071449369953 322.0248437620923596 313.0495168499705301 304.1381265149109936 295.2964612046679918 286.5309756378880479 277.8488797889961006 269.2582403567251959 260.7680962081059306 252.388589282479245 244.1311123146740556 236.0084744241189298 228.0350850198275907 220.2271554554524187 212.6029162546929854 205.1828452868319062 197.9898987322333141 191.0497317454280051 184.3908891458577557 178.0449381476485655 172.0465053408525478 166.4331697709323805 161.2451549659709826 156.524758424985265 152.3154621172781731 147.6482306023339959 142.1267040355189408 136.0147050873544288 130.3840481040529653 125.2996408614166768 120.8304597359457233 117.0469991071962568 114.0175425099137954 111.8033988749894831 110.4536101718726115 110 110.4536101718726115 111.8033988749894831 114.0175425099137954 117.0469991071962568 120.8304597359457233 125.2996408614166768 126.4911064067351703 120.4159457879229507 114.0175425099137954 108.1665382639196764 100
335.4101966249684779 326.4965543462901678 317.6476034853718033 308.8689042296099956 300.1666203960726875 291.5475947422650052 283.0194339616980983 274.5906043549196056 266.2705391138869686 258.0697580112787932 250 242.0743687382041003 234.3074902771996335 226.7156809750926811 219.3171219946130748 212.1320343559642652 205.1828452868319062 198.4943324127920903 192.0937271229854559 186.0107523773827438 180.2775637731994607 174.9285568453590258 170 165.5294535724684977 161.2451549659709826 156.2049935181330795 150 144.2220510185595685 138.9244398944980503 134.1640786499873741 130 126.4911064067351703 123.6931687685298158 121.6552506059643974 120.4159457879229507 120 120.4159457879229507 121.6552506059643974 123.6931687685298158 126.4911064067351703 130 134.1640786499873741 130 120.8304597359457233 111.8033988749894831 102.956301409870008 94.3398113205660422
340 331.2099032335838729 322.4903099319419653 313.8470965295043129 305.2867504494749369 296.8164415931166218 288.4441020371191371 280.1785145224379789 272.0294101747088575 264.0075756488816978 256.1249694973139412 248.3948469674844262 240.8318915758459013 233.4523505985750376 226.2741699796952162 219.3171219946130748 212.6029162546929854 206.1552812808830311 200 194.1648783894760015 188.6796226411320845 183.5755975068582018 178.8854381999831844 174.6424919657298176 170 164.0121946685672469 158.1138830084189806 152.6433752247374684 147.6482306023339959 143.1782106327635233 139.2838827718412062 136.0147050873544288 133.4166406412633421 131.5294643796590606 130.3840481040529653 130 130.3840481040529653 131.5294643796590606 133.4166406412633421 136.0147050873544288 139.2838827718412062 136.0147050873544288 126.4911064067351703 117.0469991071962568 107.7032961426900783 98.4885780179610464 89.4427190999915922
344.8187929913333392 336.1547262794322251 327.5667870831840105 319.0611226708763297 310.6444913401813324 302.3243291566194557 294.1088233970548345 286.0069929215018192 278.0287754891568852 270.1851217221259276 262.488094968133737 254.9509756796392423 247.5883680627989349 240.4163056034261672 233.4523505985750376 226.7156809750926811 220.2271554554524187 214.0093455903269728 208.0865204668481283 202.4845673131658828 197.2308292331601933 192.3538406167134553 187.8829422805593481 183.5755975068582018 178.0449381476485655 172.0465053408525478 166.4331697709323805 161.2451549659709826 156.524758424985265 152.3154621172781731 148.6606874731850496 145.6021977856103717 143.1782106327635233 141.4213562373095101 140.3566884761820006 140 140.3566884761820006 141.4213562373095101 143.1782106327635233 145.6021977856103717 143.1782106327635233 133.4166406412633421 123.6931687685298158 114.0175425099137954 104.4030650891054961 94.8683298050513741 85.4400374531753073
349.8571136907180517 341.3209633175202384 332.866339541864761 324.4996147917590292 316.2277660168379612 308.0584360149872509 300 292.0616373302046895 284.2534080710378817 276.5863337187865909 269.0724809414742253 261.7250465660480359 254.5584412271571182 247.5883680627989349 240.8318915758459013 234.3074902771996335 228.0350850198275907 222.0360331117451835 216.3330765278393528 210.9502310972898727 205.912602819740016 201.2461179749810753 196.9771560359220928 192.0937271229854559 186.0107523773827438 180.2775637731994607 174.9285568453590258 170 165.5294535724684977 161.5549442140351175 158.1138830084189806 155.2417469626002458 152.9705854077835454 151.3274595042155681 150.3329637837290704 150 150.3329637837290704 151.3274595042155681 152.9705854077835454 151.3274595042155681 141.4213562373095101 131.5294643796590606 121.6552506059643974 111.8033988749894831 101.9803902718556969 92.1954445729288778 82.4621125123532153
355.1056180912940476 346.6987164671943447 338.378486313772612 330.1514803843835466 322.0248437620923596 314.006369362151645 306.104557300279339 298.3286778035259772 290.6888370749726391 283.1960451701258989 275.862284482674454 268.7005768508880692 261.7250465660480359 254.9509756796392423 248.3948469674844262 242.0743687382041003 236.0084744241189298 230.2172886644267749 224.7220505424423322 219.5449840010014952 214.7091055358388871 210.23796041628637 206.1552812808830311 200 194.1648783894760015 188.6796226411320845 183.5755975068582018 178.8854381999831844 174.6424919657298176 170.8800749063506146 167.6305461424020962 164.9242250247064305 162.7882059609970611 161.2451549659709826 160.3121954188139853 160 160.3121954188139853 161.2451549659709826 160.3121954188139853 150.3329637837290704 140.3566884761820006 130.3840481040529653 120.4159457879229507 110.4536101718726115 100.4987562112088995 90.553851381374173 80.6225774829854913
360.5551275463989214 352.2782990761707538 344.0930106817050955 336.0059523282288296 328.0243893371344939 320.1562118716424266 312.4099870362661591 304.7950130825634005 297.3213749463700992 290 282.8427124746190202 275.862284482674454 269.0724809414742253 262.488094968133737 256.1249694973139412 250 244.1311123146740556 238.5372088375312671 233.2380757938120155 228.2542442102665348 223.6067977499789663 219.3171219946130748 214.0093455903269728 208.0865204668481283 202.4845673131658828 197.2308292331601933 192.3538406167134553 187.8829422805593481 183.8477631085023631 180.2775637731994607 177.2004514666934938 174.6424919657298176 172.6267650163206895 171.1724276862368868 170.2938636592640194 170 170.2938636592640194 170 160 150 140 130 120 110 100 90 80
366.1966684720110834 358.0502757993631349 350 342.0526275297414145 334.2154993413680586 326.4965543462901678 318.9043743820394639 311.4482300479487549 304.1381265149109936 296.9848480983499712 290 283.1960451701258989 276.5863337187865909 270.1851217221259276 264.0075756488816978 258.0697580112787932 252.388589282479245 246.9817807045693883 241.8677324489565024 237.0653918225939663 232.5940669922601387 228.0350850198275907 222.0360331117451835 216.3330765278393528 210.9502310972898727 205.912602819740016 201.2461179749810753 196.9771560359220928 193.1320791582796517 189.7366596101027483 186.8154169226940553 184.3908891458577557 182.4828759089465962 181.107702762748346 180.2775637731994607 180 180.2775637731994607 170.2938636592640194 160.3121954188139853 150.3329637837290704 140.3566884761820006 130.3840481040529653 120.4159457879229507 110.4536101718726115 100.4987562112088995 90.553851381374173 80.6225774829854913
372.0215047547654876 364.0054944640259009 356.089876295297131 348.2814953453599855 340.5877273185280387 333.0165161069342616 325.5764119219941222 318.2766092567909482 311.1269837220809222 304.1381265149109936 297.3213749463700992 290.6888370749726391 284.2534080710378817 278.0287754891568852 272.0294101747088575 266.2705391138869686 260.7680962081059306 255.5386467836127622 250.5992817228333536 245.9674775249768572 241.6609194718914466 236.0084744241189298 230.2172886644267749 224.7220505424423322 219.5449840010014952 214.7091055358388871 210.23796041628637 206.1552812808830311 202.4845673131658828 199.2485884517127488 196.4688270438849997 194.1648783894760015 192.3538406167134553 191.0497317454280051 190.2629759044044704 190 181.107702762748346 171.1724276862368868 161.2451549659709826 151.3274595042155681 141.4213562373095101 131.5294643796590606 121.6552506059643974 111.8033988749894831 101.9803902718556969 92.1954445729288778 82.4621125123532153
378.0211634287159654 370.1351104664349236 362.353418639868778 354.6829570193639825 347.1310991541956241 339.7057550292605583 332.4154027718932412 325.2691193458118732 318.2766092567909482 311.4482300479487549 304.7950130825634005 298.3286778035259772 292.0616373302046895 286.0069929215018192 280.1785145224379789 274.5906043549196056 269.2582403567251959 264.1968962724581047 259.422435421456953 254.9509756796392423 250 244.1311123146740556 238.5372088375312671 233.2380757938120155 228.2542442102665348 223.6067977499789663 219.3171219946130748 215.4065922853801567 211.896201004170905 208.8061301782109922 206.1552812808830311 203.9607805437113939 202.2374841615668402 200.9975124224177989 200.2498439450078536 192.3538406167134553 182.4828759089465962 172.6267650163206895 162.7882059609970611 152.9705854077835454 143.1782106327635233 133.4166406412633421 123.6931687685298158 114.0175425099137954 104.4030650891054961 94.8683298050513741 85.4400374531753073
384.1874542459709119 376.4306044943742222 368.7817782917155114 361.2478373637688378 353.8361202590826338 346.554469023269121 339.4112549695428243 332.4154027718932412 325.5764119219941222 318.9043743820394639 312.4099870362661591 306.104557300279339 300 294.1088233970548345 288.4441020371191371 283.0194339616980983 277.8488797889961006 272.9468812791236019 268.3281572999747482 264.0075756488816978 258.0697580112787932 252.388589282479245 246.9817807045693883 241.8677324489565024 237.0653918225939663 232.5940669922601387 228.4731931759172596 224.7220505424423322 221.3594362117865444 218.4032966784155576 215.8703314492290417 213.7755832643194935 212.1320343559642652 210.9502310972898727 203.9607805437113939 194.1648783894760015 184.3908891458577557 174.6424919657298176 164.9242250247064305 155.2417469626002458 145.6021977856103717 136.0147050873544288 126.4911064067351703 117.0469991071962568 107.7032961426900783 98.4885780179610464 89.4427190999915922
390.5124837953327415 382.8837943815329368 375.3664875824691762 367.9673898594819548 360.6937759374286543 353.5533905932737753 346.554469023269121 339.7057550292605583 333.0165161069342616 326.4965543462901678 320.1562118716424266 314.006369362151645 308.0584360149872509 302.3243291566194557 296.8164415931166218 291.5475947422650052 286.5309756378880479 281.7800560721074135 277.3084924772409749 272.0294101747088575 266.2705391138869686 260.7680962081059306 255.5386467836127622 250.5992817228333536 245.9674775249768572 241.6609194718914466 237.6972864800942489 234.0939982143925135 230.8679276123039017 228.0350850198275907 225.6102834535695649 223.6067977499789663 222.0360331117451835 215.8703314492290417 206.1552812808830311 196.4688270438849997 186.8154169226940553 177.2004514666934938 167.6305461424020962 158.1138830084189806 148.6606874731850496 139.2838827718412062 130 120.8304597359457233 111.8033988749894831 102.956301409870008 94.3398113205660422
396.9886648255841806 389.4868418830089354 382.0994634908560101 374.8332962798262429 367.6955262170047263 360.6937759374286543 353.8361202590826338 347.1310991541956241 340.5877273185280387 334.2154993413680586 328.0243893371344939 322.0248437620923596 316.2277660168379612 310.6444913401813324 305.2867504494749369 300.1666203960726875 295.2964612046679918 290.6888370749726391 286.0069929215018192 280.1785145224379789 274.5906043549196056 269.2582403567251959 264.1968962724581047 259.422435421456953 254.9509756796392423 250.7987240796890376 246.9817807045693883 243.5159132377184221 240.4163056034261672 237.6972864800942489 235.3720459187964025 233.4523505985750376 228.0350850198275907 218.4032966784155576 208.8061301782109922 199.2485884517127488 189.7366596101027483 180.2775637731994607 170.8800749063506146 161.5549442140351175 152.3154621172781731 143.1782106327635233 134.1640786499873741 125.2996408614166768 116.6190378969060077 107.7032961426900783 98.4885780179610464
403.6087214122113096 396.2322551231789589 388.9730067755344862 381.8376618407356773 374.8332962798262429 367.9673898594819548 361.2478373637688378 354.6829570193639825 348.2814953453599855 342.0526275297414145 336.0059523282288296 330.1514803843835466 324.4996147917590292 319.0611226708763297 313.8470965295043129 308.8689042296099956 304.1381265149109936 299.6664812754339664 294.1088233970548345 288.4441020371191371 283.0194339616980983 277.8488797889961006 272.9468812791236019 268.3281572999747482 264.0075756488816978 260 256.3201123595259219 252.9822128134703405 250 247.3863375370596316 245.1530134426252516 240.4163056034261672 230.8679276123039017 221.3594362117865444 211.896201004170905 202.4845673131658828 193.1320791582796517 183.8477631085023631 174.6424919657298176 165.5294535724684977 156.524758424985265 147.6482306023339959 138.9244398944980503 130.3840481040529653 120.4159457879229507 110.4536101718726115 100.4987562112088995
410.3656905736638123 403.1128874149274566 395.9797974644666283 388.9730067755344862 382.0994634908560101 375.3664875824691762 368.7817782917155114 362.353418639868778 356.089876295297131 350 344.0930106817050955 338.378486313772612 332.866339541864761 327.5667870831840105 322.4903099319419653 317.6476034853718033 313.0495168499705301 308.0584360149872509 302.3243291566194557 296.8164415931166218 291.5475947422650052 286.5309756378880479 281.7800560721074135 277.3084924772409749 273.1300056749532814 269.2582403567251959 265.706605111728436 262.488094968133737 259.6150997149433692 257.0992026436488231 252.9822128134703405 243.5159132377184221 234.0939982143925135 224.7220505424423322 215.4065922853801567 206.1552812808830311 196.9771560359220928 187.8829422805593481 178.8854381999831844 170 161.2451549659709826 151.3274595042155681 141.4213562373095101 131.5294643796590606 121.6552506059643974 111.8033988749894831 101.9803902718556969
417.2529209005012945 410.1219330881975793 403.1128874149274566 396.2322551231789589 389.4868418830089354 382.8837943815329368 376.4306044943742222 370.1351104664349236 364.0054944640259009 358.0502757993631349 352.2782990761707538 346.6987164671943447 341.3209633175202384 336.1547262794322251 331.2099032335838729 326.4965543462901678 322.0248437620923596 316.2277660168379612 310.6444913401813324 305.2867504494749369 300.1666203960726875 295.2964612046679918 290.6888370749726391 286.3564212655270467 282.3118842698621052 278.5677655436824125 275.136329843952069 272.0294101747088575 269.2582403567251959 265.706605111728436 256.3201123595259219 246.9817807045693883 237.6972864800942489 228.4731931759172596 219.3171219946130748 210.23796041628637 201.2461179749810753 192.3538406167134553 182.4828759089465962 172.6267650163206895 162.7882059609970611 152.9705854077835454 143.1782106327635233 133.4166406412633421 123.6931687685298158 114.0175425099137954 104.4030650891054961
424.2640687119285303 417.2529209005012945 410.3656905736638123 403.6087214122113096 396.9886648255841806 390.5124837953327415 384.1874542459709119 378.0211634287159654 372.0215047547654876 366.1966684720110834 360.5551275463989214 355.1056180912940476 349.8571136907180517 344.8187929913333392 340 335.4101966249684779 330.1514803843835466 324.4996147917590292 319.0611226708763297 313.8470965295043129 308.8689042296099956 304.1381265149109936 299.6664812754339664 295.4657340538831249 291.5475947422650052 287.9236009777593495 284.6049894151541366 281.6025568065744551 278.5677655436824125 269.2582403567251959 260 250.7987240796890376 241.6609194718914466 232.5940669922601387 223.6067977499789663 213.7755832643194935 203.9607805437113939 194.1648783894760015 184.3908891458577557 174.6424919657298176 164.9242250247064305 155.2417469626002458 145.6021977856103717 136.0147050873544288 126.4911064067351703 117.0469991071962568 107.7032961426900783
431.3930922024597976 424.4997055358224998 417.7319714841084419 411.0960958218893211 404.5985664828781978 398.246155034797539 392.0459156782531522 386.0051813123756688 380.1315561749642598 374.4329045369810842 368.9173349139343259 363.5931792539568619 358.4689665786984278 353.5533905932737753 348.8552708502481323 344.0930106817050955 338.378486313772612 332.866339541864761 327.5667870831840105 322.4903099319419653 317.6476034853718033 313.0495168499705301 308.7069808086626495 304.6309242345563462 300.8321791298264429 297.3213749463700992 294.1088233970548345 291.2043955712207435 282.3118842698621052 273.1300056749532814 264.0075756488816978 254.9509756796392423 245.1530134426252516 235.3720459187964025 225.6102834535695649 215.8703314492290417 206.1552812808830311 196.4688270438849997 186.8154169226940553 177.2004514666934938 167.6305461424020962 158.1138830084189806 148.6606874731850496 139.2838827718412062 130 120.8304597359457233 111.8033988749894831
