landscape/exported_ascii_MS_HABMAT_PATCHES_ONLY_DIST/simulation_000001_p029_h059_HABMAT_patch_more_500pix_edge_dist_modified.asc
ncols         512
nrows         512
xllcorner     0
yllcorner     0
cellsize      10
NODATA_value  -99
[rows 294 to 314 of 512, columns 414 to 459 of 512]
686.0029154456998413 691.1584478250989605 696.4194138592059744 701.7834423809099462 707.2481884034768882 712.8113354878694281 718.4705978674422795 724.2237223399962431 730.0684899377591819 736.0027173862879408 742.0242583635658775 748.1310045707235759 754.3208866258444232 760.5918747922568173 766.9419795525603831 773.3692520394122312 779.8717843338096145 786.4477096412704213 793.0952023559340205 799.8124780221924084 806.5977932030313013 813.449445263809821 820.3657720797473303 827.3451516749221355 834.3860018001261096 841.4867794564570431 848.6459803710849883 855.8621384311844622 863.1338250816033906 870.4596486914255138 877.8382538941897337 885.2683209061532352 892.7485648266257385 900.2777349240622016 907.854613911280353 915.4780172128656659 923.1467922275417095 930.8598175880190411 938.6160024205852324 946.4142856064673879 954.2536350467835291 962.1330469326994717 970.0515450222220579 978.0081799248920333 986.0020283954795559 994.0321926376428792
694.6221994724902515 699.7142273814361033 704.9113419430843805 710.2112361825880953 715.6116265125937161 721.1102550927978427 726.7048919609665063 732.3933369440221668 738.1734213584230702 744.0430095095309753 750 756.0423268574319309 762.1679604916490689 768.3749084919418237 774.6612162745725527 781.0249675906654829 787.464284904401211 793.9773296511683611 800.5623023850173468 807.2174428244226192 813.9410298049853054 820.7313811473276246 827.5868534480232483 834.5058418010025889 841.4867794564570431 848.5281374238570606 855.6284240252891777 862.7861844049195952 870 877.2684879784522991 884.5903006477066128 891.9641248391103545 899.3886812718959618 906.8627239003707246 914.3850392476902016 921.95444572928875 929.5697929687689793 937.229961108798534 944.9338601193206841 952.6804291051643077 960.4686356149272797 968.2974749528164011 976.1659694949420327 984.0731680114034816 992.0181449953422543 1000
703.2780389006896939 708.3078426785912143 713.442359269478743 718.6793443532379797 724.0165743959180418 729.4518489934753234 734.9829930005183769 740.6078584514209524 746.3243262818116364 752.1303078589506868 758.0237463298890361 764.0026177965622765 770.0649323271381945 776.2087348130012288 782.4321056807420973 788.7331614684397891 795.1100552753688362 801.5609770940698127 808.0841540334769206 814.6778504415103725 821.3403679352427389 828.0700453464066868 834.8652585896720666 841.7244204607586653 848.6459803710849883 855.6284240252891777 862.6702730475880117 869.7700845625813599 876.9264507357501088 884.1379982785492757 891.4033879226620911 898.7213138676527251 906.0905032059436053 913.509715328742459 920.9777413162599942 928.4934033152846951 936.0555539069249562 943.6630754670864007 951.3148795220223519 959.0099061010788546 966.7471230885562363 974.5255255764211597 982.3441352194249703 990.2019995940222543 998.098191562333227 1006.0318086422515762
711.9691004531025555 716.9379331573968557 722.0110802473878948 727.1863585079137238 732.4616030891994569 737.8346698278686517 743.3034373659252196 748.8658090739621684 754.5197147855051298 760.2631123499285195 766.0939890117922459 772.0103626247513375 778.0102827083970851 784.0918313565063045 790.2531240052138628 796.4923100695950779 802.8075734570520581 809.1971329657563956 815.6592425762121366 822.1921916437786422 828.7943049997387561 835.4639429682168839 842.1995013059554367 848.9994110716449995 855.8621384311844622 862.7861844049195952 869.7700845625813599 876.8124086713189627 883.9117603018979707 891.0667763978185576 898.2761268117949385 905.5385138137417016 912.8526715741155613 920.217365626187302 927.6313923105448112 935.0935782048767351 942.6027795418385722 950.1578816175762086 957.7577981932593048 965.4014708917735561 973.0878685915265578 980.8159868191382884 988.5848471426213564 996.3934965664921037 1004.2410069301093927 1012.126474310399658
720.6941098690899707 725.6031973468694787 730.6161783043131663 735.7309290766563663 740.9453421137081932 746.2573282722254362 751.6648189186454374 757.1657678474377917 762.7581530209952234 768.4399781375250313 774.2092740338364365 780.0640999302556793 786.0025445251434348 792.0227269466450934 798.1227975693965391 804.3009387039156763 810.5553651663777828 816.8843247363729461 823.2860985101108326 829.7590011563598864 836.3013810822029654 842.9116205154606405 849.5881355103778105 856.3293758829017861 863.1338250816033906 870 876.9264507357501088 883.9117603018979707 890.9545442950499137 898.0534505250786879 905.2071586106685572 912.4143795447329239 919.6738552334735459 926.9843580125826747 934.3446901438462646 941.7536832951597034 949.2101980067428713 956.7131231461183916 964.2613753542137829 971.8538984847465372 979.4896630388705034 987.1676655968832392 994.8869282486326711 1002.6464980241041758 1010.4454463255302699 1018.2828683622248036
729.4518489934753234 734.3023900274328071 739.2563831310487785 744.3117626371357574 749.4664769020693029 754.7184905645283379 760.0657866263945834 765.5063683601855473 771.038261048049435 776.6595135579040061 782.3681997627460305 788.162419809521225 794.0403012442126283 800 806.0397012554655021 812.1576201698781006 818.3520025025906079 824.6211251235321242 830.9632964216891651 837.3768566183329085 843.860177991591172 850.4116650187719415 857.0297544426331342 863.7129152675673822 870.4596486914255138 877.2684879784522991 884.1379982785492757 891.0667763978185576 898.0534505250786879 905.0966799187808647 912.1951545584968244 919.3475947648962574 926.5527507918801575 933.8094023943001503 941.1163583744573771 948.4724561103500946 955.8765610684258718 963.3275663033836054 970.8243919473799224 978.3659846908007012 985.9513172565874584 993.5793878699377046 1001.2492197250393247 1008.9598604503551087 1016.7103815738284993 1024.499877989255765
738.2411530116700078 743.0343195303969424 747.9304780526061904 752.9276193632426839 758.0237463298890361 763.2168761236873706 768.5050422736339897 773.8862965578341573 779.3587107359486481 784.9203781276162317 790.5694150420948745 796.3039620647382435 802.1221852062191147 808.0222769206304747 814.0024569987488121 820.0609733428362915 826.196102629393863 832.4061508662703091 838.6894538504701586 845.0443775329198388 851.4693182963200115 857.9627031520659557 864.5229898620394806 871.1486669908873637 877.8382538941897337 884.5903006477066128 891.4033879226620911 898.2761268117949385 905.2071586106685572 912.1951545584968244 919.2388155425118157 926.3368717696602062 933.4880824091970908 940.6912352095133656 947.9451460923253308 955.2486587271399685 962.6006440887103963 970 977.4456506629920796 984.936546179498805 992.4716620639603661 1000.0499987500625139 1007.6705810928490337 1015.3324578678650596 1023.0347012687301458 1030.7764064044151837
747.0609078247904336 751.7978451685000891 756.6372975210778122 761.5773105863908086 766.6159403508382866 771.7512552629895026 776.9813382572325509 782.3042886243177918 787.7182237323191885 793.221280602077627 798.811617341660849 804.4874144447506978 810.246875958186024 816.0882305241266295 822.0097323024831439 828.0096617793780069 834.0863264674705988 840.238061504000143 846.463230152379424 852.7602242131137018 859.1274643497320085 865.5634003352960235 872.0665112249180311 878.635305459551887 885.2683209061532352 891.9641248391103545 898.7213138676527251 905.5385138137417016 912.4143795447329239 919.3475947648962574 926.3368717696602062 933.3809511662427667 940.4786015641185486 947.6286192385706499 954.8298277703729582 962.0810776644555062 969.3812459502195225 976.7292357659823665 984.1239759298622403 991.5644204992431696 999.0495483208027281 1006.5783625729295636 1014.1498903022176137 1021.7631819555840593 1029.4173109094290339 1037.1113729971339126
755.9100475585703407 760.5918747922568173 765.3757247260981558 770.2596964660684762 775.2418977325722835 780.3204469959761127 785.4934754662192518 790.7591289387685265 796.1155694998057015 801.5609770940698127 807.0935509592428616 812.7115109311544074 818.4130986244049382 824.1965784932621091 830.0602387778852744 836.0023923410745965 842.0213774008353766 848.1155581640982746 854.2833253669417672 860.5230967266363677 866.8333173107733955 873.2124598286490027 879.6590248499699101 886.1715409558129295 892.7485648266257385 899.3886812718959618 906.0905032059436053 912.8526715741155613 919.6738552334735459 926.5527507918801575 933.4880824091970908 940.4786015641185486 947.5230867899737177 954.6203433826455012 961.7692030835672767 968.9685237405805083 976.2171889492624359 983.5141076771598136 990.8582138732059548 998.2484660644362293 1005.6838469419701596 1013.1633629380802404 1020.6860437960342551 1028.2509421342631413 1035.8571330062848119 1043.5037134576953122
764.7875521999557122 769.4153624668538214 774.1446893184761393 778.9736837660178708 783.9005038906404934 788.9233169326407733 794.0403012442126283 799.2496481075233987 804.5495634204271482 809.938269252663531 815.4140052758475576 820.975030070951675 826.6196223173026283 832.3460818673925132 838.1527307120104524 844.0379138403677644 850 856.0373823613078912 862.1484790916236989 868.3317338436963837 874.5856161634491173 880.9086218218096747 887.2992730753248907 893.7561188601731601 900.2777349240622016 906.8627239003707246 913.509715328742459 920.217365626187302 926.9843580125826747 933.8094023943001503 940.6912352095133656 947.6286192385706499 954.6203433826455012 961.6652224137046687 968.7620966986683015 975.9098319004681343 983.1073186585480244 990.3534722511957398 997.6472322419383545 1004.9875621120889946 1012.3734488813897769 1019.8039027185569694 1027.2779565434079814 1034.7946656221222383 1042.3531071570707809 1049.9523798725349479
773.6924453553879175 778.267306264370859 782.943165242535315 787.7182237323191885 792.590688817374371 797.5587752636165533 802.620707432844597 807.7747210701755876 813.0190649671137635 818.3520025025906079 823.7718130647588168 829.276793356717576 834.8652585896720666 840.5355435673139937 846.2860036654275291 852.1150157109074144 858.0209787645054575 864.0023148117139726 870.0574693662482559 876.1849119906139549 882.383136738231201 888.6506625215557733 894.9860334105778747 901.3878188659973603 907.854613911280353 914.3850392476902016 920.9777413162599942 927.6313923105448112 934.3446901438462646 941.1163583744573771 947.9451460923253308 954.8298277703729582 961.7692030835672767 968.7620966986683015 975.8073580374356197 982.9038610159184373 990.0505037623080398 997.2462083156797235 1004.4899203078147139 1011.7806086301516189 1019.1172650877817887 1026.4989040422790367 1033.9245620450265051 1041.3932974625868155 1048.904190095549211 1056.4563407921787075
782.6237921249263536 787.1467461661770812 791.7701686727026527 796.4923100695950779 801.311425102625094 806.2257748298549132 811.2336284942828115 816.3332652783420826 821.5229759416348543 826.8010643437754652 832.165848854661931 837.6156636548769256 843.14885992925349 848.7638069569177333 854.4588931013591946 860.232526704262682 866.0831368869850166 872.0091742636656136 878.0091115700337241 884.0814442120137073 890.2246907382427707 896.4373932405987944 902.7181176868003831 909.0654541890809242 915.4780172128656659 921.95444572928875 928.4934033152846951 935.0935782048767351 941.7536832951597034 948.4724561103500946 955.2486587271399685 962.0810776644555062 968.9685237405805083 975.9098319004681343 982.9038610159184373 989.9494936611665707 997.045635866282737 1004.1912168506553371 1011.3851887386921362 1018.626526259747493 1025.9142264341594455 1033.2473082471592534 1040.6248123122954894 1048.0458005259122274 1055.5093557141026395 1063.0145812734649553
791.5806970865320409 796.0527620704547189 800.6247560499238034 805.2949770115295678 810.061726043145427 814.9233092751734375 819.8780397107852878 824.9242389456137516 830.0602387778852744 835.2843827104634329 840.5950273467003626 845.9905436823747777 851.4693182963200115 857.0297544426331342 862.6702730475880117 868.3893136145792369 874.185335040573591 880.0568163476719974 886.0022573334674689 892.0201791439474164 898.1091247727082418 904.267659490264009 910.4943712072030166 916.787870774913813 923.1467922275417095 929.5697929687689793 936.0555539069249562 942.6027795418385722 949.2101980067428713 955.8765610684258718 962.6006440887103963 969.3812459502195225 976.2171889492624359 983.1073186585480244 990.0505037623080398 997.045635866282737 1004.0916292848975218 1011.1874208078342008 1018.331969448077416 1025.5242561733973616 1032.7632836231157398 1040.0480758118828817 1047.3776778220928918 1054.7511554864493064 1062.1675950620974618 1069.6261028976434773
800.5623023850173468 804.9844718999243014 809.5060222135472259 814.1252974819047949 818.8406438373708625 823.650411278960064 828.5529554590943917 833.5466393669883018 838.6298349093001434 843.8009243891594906 849.0583018850943517 854.4003745317530729 859.8255637046388529 865.3323061113574113 870.9190547921201642 876.5842800324450081 882.3264701911645034 888.1441324469807341 894.0357934669059432 900 906.035319399856462 912.1403400793103629 918.3136719008380169 924.5539465060976454 930.8598175880190411 937.229961108798534 943.6630754670864007 950.1578816175762086 956.7131231461183916 963.3275663033836054 970 976.7292357659823665 983.5141076771598136 990.3534722511957398 997.2462083156797235 1004.1912168506553371 1011.1874208078342008 1018.2337649086284728 1025.3292154230268807 1032.4727599312245729 1039.6634070698073629 1046.9001862641921434 1054.1821474489122465 1061.5083607772478445 1068.8779163215974677 1076.2899237658969014
809.5677859203638036 813.9410298049853054 818.4130986244049382 822.9823813423954562 827.6472678623424599 832.4061508662703091 837.2574275573791738 842.1995013059554367 847.2307831990053728 852.3496934944014356 857.5546629807338377 862.8441342444184556 868.2165628459296158 873.6704184073076931 879.204185613330651 884.8163651289457903 890.5054744357274785 896.2700485902672654 902.1086409075128358 908.0198235721509263 914.002188181188103 920.0543462209175232 926.1749294814668474 932.3625904121207668 938.6160024205852324 944.9338601193206841 951.3148795220223519 957.7577981932593048 964.2613753542137829 970.8243919473799224 977.4456506629920796 984.1239759298622403 990.8582138732059548 997.6472322419383545 1004.4899203078147139 1011.3851887386921362 1018.331969448077416 1025.3292154230268807 1032.3759005323593101 1039.4710193170369621 1046.613586764475258 1053.8026380684382275 1061.0372283760830214 1068.3164325236225523 1075.6393447619884682 1083.0050784737807135
818.5963596303125769 822.9216244576393819 827.3451516749221355 831.8653737234168375 836.480723029526871 841.1896337925236367 845.9905436823747777 850.8818954473058511 855.8621384311844622 860.9297300012353844 866.0831368869850166 871.3208364316785719 876.6413177577246643 882.04308284799788 887.5246475450695698 893.0845424706442373 898.7213138676527251 904.4335243676010805 910.2197536858888043 916.0785992479029574 922.0086767487603083 928.0086206496143859 934.0770846134702197 940.2127418834526225 946.4142856064673879 952.6804291051643077 959.0099061010788546 965.4014708917735561 971.8538984847465372 978.3659846908007012 984.936546179498805 991.5644204992431696 998.2484660644362293 1004.9875621120889946 1011.7806086301516189 1018.626526259747493 1025.5242561733973616 1032.4727599312245729 1039.4710193170369621 1046.5180361560903748 1053.6128321162379962 1060.7544484940895018 1067.9419459877021836 1075.1744044572490111 1082.450922675019001 1089.7706180660222799
827.6472678623424599 831.9254774317228112 836.3013810822029654 840.7734534343957193 845.3401682163222404 850 854.7514258543239976 859.5929269136642006 864.5229898620394806 869.5401083331348673 874.6427842267950155 879.8295289429652257 885.0988645343524013 890.4493247793498085 895.8794561770015434 901.3878188659973603 906.9729874698584808 912.6335518706289349 918.3681179135086268 924.1753080449617528 930.0537618869136622 936.0021367496977973 942.0191080864549349 948.1033698917011634 954.2536350467835291 960.4686356149272797 966.7471230885562363 973.0878685915265578 979.4896630388705034 985.9513172565874584 992.4716620639603661 999.0495483208027281 1005.6838469419701596 1012.3734488813897769 1019.1172650877817887 1025.9142264341594455 1032.7632836231157398 1039.6634070698073629 1046.613586764475258 1053.6128321162379962 1060.6601717798212121 1067.7546534667972082 1074.895343742822206 1082.0813278122859629 1089.3117092916977526 1096.5856099730654023
836.7197858303578641 840.95184166514548 845.2810183601663994 849.7058314499200833 854.2247947700885788 858.8364221433555485 863.5392289873112759 868.3317338436963837 873.2124598286490027 878.179936004005981 883.2326986700617226 888.369292580512365 893.5882720806042698 898.888202169769329 904.267659490264009 909.7252332435326707 915.2595260361948704 920.8691546577070994 926.5527507918801575 932.3089616645331716 938.1364506296512218 944.0338976964757194 950 956.0334722173696491 962.1330469326994717 968.2974749528164011 974.5255255764211597 980.8159868191382884 987.1676655968832392 993.5793878699377046 1000.0499987500625139 1006.5783625729295636 1013.1633629380802404 1019.8039027185569694 1026.4989040422790367 1033.2473082471592534 1040.0480758118828817 1046.9001862641921434 1053.8026380684382275 1060.7544484940895018 1067.7546534667972082 1074.8023074035522768 1081.896483033381628 1089.0362712049584388 1096.2207806824317231 1103.449137930697816
845.813218151620049 850 854.2833253669417672 858.6617494683223413 863.1338250816033906 867.6981041814025275 872.3531395025755728 877.0974860299166949 881.9297024139735868 886.8483523128404613 891.8520056601319084 896.9392398596462499 902.1086409075128358 907.3588044428730655 912.6883367283708139 918.095855561934286 923.5799911215053726 929.1393867445293608 934.7726996441434721 940.4786015641185486 946.2557793746889274 952.1029356114810298 958.0187889597990534 964.0020746865641286 970.0515450222220579 976.1659694949420327 982.3441352194249703 988.5848471426213564 994.8869282486326711 1001.2492197250393247 1007.6705810928490337 1014.1498903022176137 1020.6860437960342551 1027.2779565434079814 1033.9245620450265051 1040.6248123122954894 1047.3776778220928918 1054.1821474489122465 1061.0372283760830214 1067.9419459877021836 1074.895343742822206 1081.896483033381628 1088.9444430272831141 1096.03832049796506 1103.1772296417288999 1110.3603018840326513
854.9268974596600401 859.06926379658114 863.3075929238663093 867.6404785393544898 872.0665112249180311 876.5842800324450081 881.1923740024082008 885.8893836140040321 890.6739021662192499 895.5445270895244221 900.4998611882181194 905.5385138137417016 910.6591019695570139 915.8602513484248675 921.1405973031478425 926.4987857520375201 931.9334740205440539 937.4433316206371956 943.027040969663858 948.6832980505138266 954.4108130150244733 960.2083107326243407 966.0745312862770788 972.0082304178292816 978.0081799248920333 984.0731680114034816 990.2019995940222543 996.3934965664921037 1002.6464980241041758 1008.9598604503551087 1015.3324578678650596 1021.7631819555840593 1028.2509421342631413 1034.7946656221222383 1041.3932974625868155 1048.0458005259122274 1054.7511554864493064 1061.5083607772478445 1068.3164325236225523 1075.1744044572490111 1082.0813278122859629 1089.0362712049584388 1096.03832049796506 1103.0865786510141788 1110.1801655587257756 1117.318217877073721
864.0601830891179134 868.1589716175258218 872.3531395025755728 876.6413177577246643 881.0221336606703062 885.4942122905151791 890.0561780022652556 894.7066558375431669 899.4442728707543893 904.267659490264009 909.1754506144565084 914.1662868428260253 919.2388155425118157 924.3916918709297761 929.6235797353679118 934.9331526906081535 940.3190947758106404 945.7801012920498351 951.3148795220223519 956.9221493935648368 962.6006440887103963 968.3491106000975606 974.1663102366043177 980.051019080129322 986.0020283954795559 992.0181449953422543 998.098191562333227 1004.2410069301093927 1010.4454463255302699 1016.7103815738284993 1023.0347012687301458 1029.4173109094290339 1035.8571330062848119 1042.3531071570707809 1048.904190095549211 1055.5093557141026395 1062.1675950620974618 1068.8779163215974677 1075.6393447619884682 1082.450922675019001 1089.3117092916977526 1096.2207806824317231 1103.1772296417288999 1110.1801655587257756 1117.2287142747450162 1122.1853679316977832
