landscape/exported_ascii_MS_HABMAT_PATCHES_ONLY_DIST/simulation_000094_p039_h065_HABMAT_patch_more_500pix_edge_dist_modified.asc
ncols         512
nrows         512
xllcorner     0
yllcorner     0
cellsize      10
NODATA_value  -99
[rows 308 to 329 of 512, columns 50 to 99 of 512]
-44.7213595499957961 -50 -44.7213595499957961 -41.2310562561766076 -40 -41.2310562561766076 -40 -36.0555127546398921 -31.6227766016837926 -30 -31.6227766016837926 -36.0555127546398921 -36.0555127546398921 -31.6227766016837926 -30 -31.6227766016837926 -28.284271247461902 -22.3606797749978981 -20 -22.3606797749978981 -22.3606797749978981 -14.142135623730951 -10 10 -10 10 10 10 10 -10 -20 -30 -31.6227766016837926 -22.3606797749978981 -14.142135623730951 -10 -10 -14.142135623730951 -20 -20 -14.142135623730951 -10 -14.142135623730951 -22.3606797749978981 -28.284271247461902 -36.0555127546398921 -44.7213595499957961 -53.8516480713450392 -63.2455532033675851 -67.082039324993687
-50 -58.3095189484530039 -53.8516480713450392 -50.9901951359278485 -50 -50.9901951359278485 -50 -44.7213595499957961 -41.2310562561766076 -40 -41.2310562561766076 -44.7213595499957961 -44.7213595499957961 -41.2310562561766076 -40 -41.2310562561766076 -36.0555127546398921 -31.6227766016837926 -30 -30 -20 -10 10 -10 -10 10 10 -10 -10 -14.142135623730951 -22.3606797749978981 -31.6227766016837926 -36.0555127546398921 -28.284271247461902 -22.3606797749978981 -20 -20 -22.3606797749978981 -28.284271247461902 -20 -10 10 -10 -20 -30 -40 -50 -58.3095189484530039 -67.082039324993687 -76.1577310586390865
-56.568542494923804 -64.0312423743284853 -63.2455532033675851 -60.8276253029821987 -60 -60.8276253029821987 -58.3095189484530039 -53.8516480713450392 -50.9901951359278485 -50 -50.9901951359278485 -53.8516480713450392 -53.8516480713450392 -50.9901951359278485 -50 -50 -44.7213595499957961 -41.2310562561766076 -40 -31.6227766016837926 -22.3606797749978981 -14.142135623730951 -10 -14.142135623730951 -14.142135623730951 -10 -10 -14.142135623730951 -20 -22.3606797749978981 -28.284271247461902 -36.0555127546398921 -42.426406871192853 -36.0555127546398921 -31.6227766016837926 -30 -30 -31.6227766016837926 -31.6227766016837926 -22.3606797749978981 -14.142135623730951 -10 -14.142135623730951 -22.3606797749978981 -31.6227766016837926 -41.2310562561766076 -50.9901951359278485 -60.8276253029821987 -70.7106781186547551 -80.6225774829854913
-64.0312423743284853 -70.7106781186547551 -72.8010988928051859 -70.7106781186547551 -70 -70.7106781186547551 -67.082039324993687 -63.2455532033675851 -60.8276253029821987 -60 -60.8276253029821987 -63.2455532033675851 -63.2455532033675851 -60.8276253029821987 -60 -58.3095189484530039 -53.8516480713450392 -50.9901951359278485 -44.7213595499957961 -36.0555127546398921 -28.284271247461902 -22.3606797749978981 -20 -22.3606797749978981 -22.3606797749978981 -20 -20 -22.3606797749978981 -28.284271247461902 -31.6227766016837926 -36.0555127546398921 -42.426406871192853 -50 -44.7213595499957961 -41.2310562561766076 -40 -40 -41.2310562561766076 -36.0555127546398921 -28.284271247461902 -22.3606797749978981 -20 -22.3606797749978981 -28.284271247461902 -36.0555127546398921 -44.7213595499957961 -53.8516480713450392 -63.2455532033675851 -72.8010988928051859 -82.4621125123532153
-72.1110255092797843 -78.1024967590665398 -82.4621125123532153 -80.6225774829854913 -80 -80.6225774829854913 -76.1577310586390865 -72.8010988928051859 -70.7106781186547551 -70 -70.7106781186547551 -72.8010988928051859 -72.8010988928051859 -70.7106781186547551 -70 -67.082039324993687 -63.2455532033675851 -58.3095189484530039 -50 -42.426406871192853 -36.0555127546398921 -31.6227766016837926 -30 -31.6227766016837926 -31.6227766016837926 -30 -30 -31.6227766016837926 -36.0555127546398921 -41.2310562561766076 -44.7213595499957961 -50 -56.568542494923804 -53.8516480713450392 -50.9901951359278485 -50 -50 -50 -42.426406871192853 -36.0555127546398921 -31.6227766016837926 -30 -31.6227766016837926 -36.0555127546398921 -42.426406871192853 -50 -58.3095189484530039 -67.082039324993687 -76.1577310586390865 -85.4400374531753073
-72.1110255092797843 -80.6225774829854913 -89.4427190999915922 -90.553851381374173 -90 -89.4427190999915922 -85.4400374531753073 -82.4621125123532153 -80.6225774829854913 -80 -80.6225774829854913 -82.4621125123532153 -82.4621125123532153 -80.6225774829854913 -80 -76.1577310586390865 -72.1110255092797843 -64.0312423743284853 -56.568542494923804 -50 -44.7213595499957961 -41.2310562561766076 -40 -41.2310562561766076 -41.2310562561766076 -40 -40 -41.2310562561766076 -44.7213595499957961 -50 -53.8516480713450392 -58.3095189484530039 -60.8276253029821987 -60 -60.8276253029821987 -60 -60 -56.568542494923804 -50 -44.7213595499957961 -41.2310562561766076 -40 -41.2310562561766076 -44.7213595499957961 -50 -56.568542494923804 -64.0312423743284853 -72.1110255092797843 -80.6225774829854913 -89.4427190999915922
-67.082039324993687 -76.1577310586390865 -85.4400374531753073 -94.8683298050513741 -100 -98.4885780179610464 -94.8683298050513741 -92.1954445729288778 -90.553851381374173 -90 -90.553851381374173 -92.1954445729288778 -92.1954445729288778 -90.553851381374173 -89.4427190999915922 -85.4400374531753073 -78.1024967590665398 -70.7106781186547551 -64.0312423743284853 -58.3095189484530039 -53.8516480713450392 -50.9901951359278485 -50 -50.9901951359278485 -50.9901951359278485 -50 -50 -50.9901951359278485 -53.8516480713450392 -53.8516480713450392 -50.9901951359278485 -50 -50.9901951359278485 -50 -50.9901951359278485 -53.8516480713450392 -58.3095189484530039 -58.3095189484530039 -53.8516480713450392 -50.9901951359278485 -50 -50 -50.9901951359278485 -53.8516480713450392 -58.3095189484530039 -64.0312423743284853 -70.7106781186547551 -78.1024967590665398 -86.0232526704262739 -85.4400374531753073
-63.2455532033675851 -72.8010988928051859 -82.4621125123532153 -92.1954445729288778 -101.9803902718556969 -107.7032961426900783 -104.4030650891054961 -101.9803902718556969 -100.4987562112088995 -100 -100.4987562112088995 -101.9803902718556969 -101.9803902718556969 -100.4987562112088995 -98.4885780179610464 -92.1954445729288778 -84.8528137423857061 -78.1024967590665398 -72.1110255092797843 -67.082039324993687 -63.2455532033675851 -60.8276253029821987 -60 -60.8276253029821987 -60.8276253029821987 -60 -60 -56.568542494923804 -50 -44.7213595499957961 -41.2310562561766076 -40 -41.2310562561766076 -40 -41.2310562561766076 -44.7213595499957961 -50 -50 -44.7213595499957961 -41.2310562561766076 -40 -41.2310562561766076 -44.7213595499957961 -50 -56.568542494923804 -64.0312423743284853 -72.1110255092797843 -80.6225774829854913 -80.6225774829854913 -76.1577310586390865
-60.8276253029821987 -70.7106781186547551 -80.6225774829854913 -90.553851381374173 -100.4987562112088995 -110.4536101718726115 -114.0175425099137954 -111.8033988749894831 -110.4536101718726115 -110 -110.4536101718726115 -111.8033988749894831 -111.8033988749894831 -110.4536101718726115 -106.3014581273464927 -98.9949493661166571 -92.1954445729288778 -86.0232526704262739 -80.6225774829854913 -76.1577310586390865 -72.8010988928051859 -70.7106781186547551 -70 -70.7106781186547551 -70.7106781186547551 -64.0312423743284853 -56.568542494923804 -50 -42.426406871192853 -36.0555127546398921 -31.6227766016837926 -30 -31.6227766016837926 -30 -31.6227766016837926 -36.0555127546398921 -42.426406871192853 -42.426406871192853 -36.0555127546398921 -31.6227766016837926 -30 -31.6227766016837926 -36.0555127546398921 -42.426406871192853 -50 -58.3095189484530039 -67.082039324993687 -76.1577310586390865 -72.1110255092797843 -67.082039324993687
-60 -70 -80 -90 -100 -110 -117.0469991071962568 -120.8304597359457233 -120.4159457879229507 -120 -120.4159457879229507 -121.6552506059643974 -121.6552506059643974 -120.4159457879229507 -113.1370849898476081 -106.3014581273464927 -100 -94.3398113205660422 -89.4427190999915922 -85.4400374531753073 -82.4621125123532153 -80.6225774829854913 -80 -76.1577310586390865 -67.082039324993687 -58.3095189484530039 -50 -42.426406871192853 -36.0555127546398921 -28.284271247461902 -22.3606797749978981 -20 -22.3606797749978981 -20 -22.3606797749978981 -28.284271247461902 -36.0555127546398921 -36.0555127546398921 -28.284271247461902 -22.3606797749978981 -20 -22.3606797749978981 -28.284271247461902 -36.0555127546398921 -44.7213595499957961 -53.8516480713450392 -63.2455532033675851 -70.7106781186547551 -64.0312423743284853 -58.3095189484530039
-60.8276253029821987 -70.7106781186547551 -80.6225774829854913 -90.553851381374173 -100.4987562112088995 -104.4030650891054961 -107.7032961426900783 -111.8033988749894831 -116.6190378969060077 -122.0655561573370278 -128.0624847486569706 -131.5294643796590606 -131.5294643796590606 -127.2792206135785591 -120.4159457879229507 -114.0175425099137954 -108.1665382639196764 -102.956301409870008 -98.4885780179610464 -94.8683298050513741 -92.1954445729288778 -90.553851381374173 -82.4621125123532153 -72.8010988928051859 -63.2455532033675851 -53.8516480713450392 -44.7213595499957961 -36.0555127546398921 -28.284271247461902 -22.3606797749978981 -14.142135623730951 -10 -14.142135623730951 -10 -14.142135623730951 -22.3606797749978981 -31.6227766016837926 -31.6227766016837926 -22.3606797749978981 -14.142135623730951 -10 -14.142135623730951 -22.3606797749978981 -31.6227766016837926 -41.2310562561766076 -50.9901951359278485 -60 -60.8276253029821987 -56.568542494923804 -50
-63.2455532033675851 -72.8010988928051859 -82.4621125123532153 -90.553851381374173 -92.1954445729288778 -94.8683298050513741 -98.4885780179610464 -102.956301409870008 -108.1665382639196764 -114.0175425099137954 -120.4159457879229507 -127.2792206135785591 -134.5362404707371127 -134.5362404707371127 -128.0624847486569706 -122.0655561573370278 -116.6190378969060077 -111.8033988749894831 -107.7032961426900783 -104.4030650891054961 -100.4987562112088995 -90.553851381374173 -80.6225774829854913 -70.7106781186547551 -60.8276253029821987 -50.9901951359278485 -41.2310562561766076 -31.6227766016837926 -22.3606797749978981 -14.142135623730951 -10 10 -10 10 -10 -20 -30 -30 -20 -10 10 -10 -20 -30 -40 -50 -50 -50.9901951359278485 -50 -42.426406871192853
-67.082039324993687 -76.1577310586390865 -80 -80.6225774829854913 -82.4621125123532153 -85.4400374531753073 -89.4427190999915922 -94.3398113205660422 -100 -106.3014581273464927 -113.1370849898476081 -120.4159457879229507 -128.0624847486569706 -136.0147050873544288 -136.0147050873544288 -130.3840481040529653 -125.2996408614166768 -120.8304597359457233 -117.0469991071962568 -110 -100 -90 -80 -70 -60 -50 -40 -30 -20 -10 10 -10 10 -10 -14.142135623730951 -22.3606797749978981 -31.6227766016837926 -30 -20 -10 10 -10 -20 -30 -40 -41.2310562561766076 -40 -41.2310562561766076 -44.7213595499957961 -36.0555127546398921
-63.2455532033675851 -70.7106781186547551 -70 -70.7106781186547551 -72.8010988928051859 -76.1577310586390865 -80.6225774829854913 -86.0232526704262739 -92.1954445729288778 -98.9949493661166571 -106.3014581273464927 -114.0175425099137954 -122.0655561573370278 -130.3840481040529653 -138.9244398944980503 -138.9244398944980503 -134.1640786499873741 -130 -120.4159457879229507 -110.4536101718726115 -100.4987562112088995 -90.553851381374173 -80.6225774829854913 -70.7106781186547551 -60.8276253029821987 -50.9901951359278485 -41.2310562561766076 -31.6227766016837926 -22.3606797749978981 -14.142135623730951 -10 -14.142135623730951 -10 -14.142135623730951 -22.3606797749978981 -28.284271247461902 -36.0555127546398921 -31.6227766016837926 -22.3606797749978981 -14.142135623730951 -10 -14.142135623730951 -22.3606797749978981 -31.6227766016837926 -36.0555127546398921 -31.6227766016837926 -30 -31.6227766016837926 -36.0555127546398921 -31.6227766016837926
-60.8276253029821987 -60.8276253029821987 -60 -60.8276253029821987 -63.2455532033675851 -67.082039324993687 -72.1110255092797843 -78.1024967590665398 -84.8528137423857061 -92.1954445729288778 -100 -108.1665382639196764 -116.6190378969060077 -125.2996408614166768 -134.1640786499873741 -143.1782106327635233 -141.4213562373095101 -131.5294643796590606 -121.6552506059643974 -111.8033988749894831 -101.9803902718556969 -92.1954445729288778 -82.4621125123532153 -72.8010988928051859 -63.2455532033675851 -53.8516480713450392 -44.7213595499957961 -36.0555127546398921 -28.284271247461902 -22.3606797749978981 -20 -22.3606797749978981 -20 -22.3606797749978981 -28.284271247461902 -36.0555127546398921 -42.426406871192853 -36.0555127546398921 -28.284271247461902 -22.3606797749978981 -20 -22.3606797749978981 -28.284271247461902 -36.0555127546398921 -28.284271247461902 -22.3606797749978981 -20 -22.3606797749978981 -28.284271247461902 -30
-53.8516480713450392 -50.9901951359278485 -50 -50.9901951359278485 -53.8516480713450392 -58.3095189484530039 -64.0312423743284853 -70.7106781186547551 -78.1024967590665398 -86.0232526704262739 -94.3398113205660422 -102.956301409870008 -111.8033988749894831 -120.8304597359457233 -130 -139.2838827718412062 -143.1782106327635233 -133.4166406412633421 -123.6931687685298158 -114.0175425099137954 -104.4030650891054961 -94.8683298050513741 -85.4400374531753073 -76.1577310586390865 -67.082039324993687 -58.3095189484530039 -50 -42.426406871192853 -36.0555127546398921 -31.6227766016837926 -30 -31.6227766016837926 -30 -31.6227766016837926 -36.0555127546398921 -42.426406871192853 -50 -42.426406871192853 -36.0555127546398921 -31.6227766016837926 -30 -31.6227766016837926 -36.0555127546398921 -31.6227766016837926 -22.3606797749978981 -14.142135623730951 -10 -14.142135623730951 -22.3606797749978981 -31.6227766016837926
-44.7213595499957961 -41.2310562561766076 -40 -41.2310562561766076 -44.7213595499957961 -50 -56.568542494923804 -64.0312423743284853 -72.1110255092797843 -80.6225774829854913 -89.4427190999915922 -98.4885780179610464 -107.7032961426900783 -117.0469991071962568 -126.4911064067351703 -136.0147050873544288 -145.6021977856103717 -136.0147050873544288 -126.4911064067351703 -117.0469991071962568 -107.7032961426900783 -98.4885780179610464 -89.4427190999915922 -80.6225774829854913 -72.1110255092797843 -64.0312423743284853 -56.568542494923804 -50 -44.7213595499957961 -41.2310562561766076 -40 -41.2310562561766076 -40 -41.2310562561766076 -44.7213595499957961 -50 -56.568542494923804 -50 -44.7213595499957961 -41.2310562561766076 -40 -41.2310562561766076 -40 -30 -20 -10 10 -10 -20 -30
-36.0555127546398921 -31.6227766016837926 -30 -31.6227766016837926 -36.0555127546398921 -42.426406871192853 -50 -58.3095189484530039 -67.082039324993687 -76.1577310586390865 -85.4400374531753073 -94.8683298050513741 -104.4030650891054961 -114.0175425099137954 -123.6931687685298158 -133.4166406412633421 -143.1782106327635233 -139.2838827718412062 -130 -120.8304597359457233 -111.8033988749894831 -102.956301409870008 -94.3398113205660422 -86.0232526704262739 -78.1024967590665398 -70.7106781186547551 -64.0312423743284853 -58.3095189484530039 -53.8516480713450392 -50.9901951359278485 -50 -50.9901951359278485 -50 -50.9901951359278485 -53.8516480713450392 -58.3095189484530039 -64.0312423743284853 -58.3095189484530039 -53.8516480713450392 -50.9901951359278485 -50 -50.9901951359278485 -41.2310562561766076 -31.6227766016837926 -22.3606797749978981 -14.142135623730951 -10 -14.142135623730951 -22.3606797749978981 -31.6227766016837926
-28.284271247461902 -22.3606797749978981 -20 -22.3606797749978981 -28.284271247461902 -36.0555127546398921 -44.7213595499957961 -53.8516480713450392 -63.2455532033675851 -72.8010988928051859 -82.4621125123532153 -92.1954445729288778 -101.9803902718556969 -111.8033988749894831 -121.6552506059643974 -131.5294643796590606 -141.4213562373095101 -143.1782106327635233 -134.1640786499873741 -125.2996408614166768 -116.6190378969060077 -108.1665382639196764 -100 -92.1954445729288778 -84.8528137423857061 -78.1024967590665398 -72.1110255092797843 -67.082039324993687 -63.2455532033675851 -60.8276253029821987 -60 -60.8276253029821987 -60 -60.8276253029821987 -63.2455532033675851 -67.082039324993687 -72.1110255092797843 -67.082039324993687 -63.2455532033675851 -60.8276253029821987 -60 -53.8516480713450392 -44.7213595499957961 -36.0555127546398921 -28.284271247461902 -22.3606797749978981 -20 -22.3606797749978981 -28.284271247461902 -36.0555127546398921
-22.3606797749978981 -14.142135623730951 -10 -14.142135623730951 -22.3606797749978981 -31.6227766016837926 -41.2310562561766076 -50.9901951359278485 -60.8276253029821987 -70.7106781186547551 -80.6225774829854913 -90.553851381374173 -100.4987562112088995 -110.4536101718726115 -120.4159457879229507 -130.3840481040529653 -140.3566884761820006 -147.6482306023339959 -138.9244398944980503 -130.3840481040529653 -122.0655561573370278 -114.0175425099137954 -106.3014581273464927 -98.9949493661166571 -92.1954445729288778 -86.0232526704262739 -80.6225774829854913 -76.1577310586390865 -72.8010988928051859 -70.7106781186547551 -70 -70.7106781186547551 -70 -70.7106781186547551 -72.8010988928051859 -76.1577310586390865 -80.6225774829854913 -76.1577310586390865 -72.8010988928051859 -70.7106781186547551 -67.082039324993687 -58.3095189484530039 -50 -42.426406871192853 -36.0555127546398921 -31.6227766016837926 -30 -31.6227766016837926 -36.0555127546398921 -42.426406871192853
-20 -10 10 -10 -20 -30 -40 -50 -60 -70 -80 -90 -100 -110 -120 -130 -140 -139.2838827718412062 -136.0147050873544288 -133.4166406412633421 -128.0624847486569706 -120.4159457879229507 -113.1370849898476081 -106.3014581273464927 -100 -94.3398113205660422 -89.4427190999915922 -85.4400374531753073 -82.4621125123532153 -80.6225774829854913 -80 -80.6225774829854913 -80 -80.6225774829854913 -82.4621125123532153 -85.4400374531753073 -89.4427190999915922 -85.4400374531753073 -82.4621125123532153 -80.6225774829854913 -72.1110255092797843 -64.0312423743284853 -56.568542494923804 -50 -44.7213595499957961 -41.2310562561766076 -40 -41.2310562561766076 -42.426406871192853 -36.0555127546398921
-22.3606797749978981 -14.142135623730951 -10 -14.142135623730951 -22.3606797749978981 -31.6227766016837926 -41.2310562561766076 -50.9901951359278485 -60.8276253029821987 -70.7106781186547551 -80.6225774829854913 -90.553851381374173 -100.4987562112088995 -110.4536101718726115 -120.4159457879229507 -130.3840481040529653 -134.1640786499873741 -130 -126.4911064067351703 -123.6931687685298158 -121.6552506059643974 -120.4159457879229507 -120 -114.0175425099137954 -108.1665382639196764 -102.956301409870008 -98.4885780179610464 -94.8683298050513741 -92.1954445729288778 -90.553851381374173 -90 -90.553851381374173 -90 -90.553851381374173 -92.1954445729288778 -86.0232526704262739 -80.6225774829854913 -76.1577310586390865 -72.8010988928051859 -70.7106781186547551 -70 -70.7106781186547551 -64.0312423743284853 -58.3095189484530039 -53.8516480713450392 -50.9901951359278485 -50 -42.426406871192853 -36.0555127546398921 -28.284271247461902
