landscape/exported_ascii_MS_HABMAT_PATCHES_ONLY_DIST/simulation_000081_p064_h070_HABMAT_patch_more_500pix_edge_dist_modified.asc
ncols         512
nrows         512
xllcorner     0
yllcorner     0
cellsize      10
NODATA_value  -99
[rows 147 to 167 of 512, columns 336 to 383 of 512]
333.0165161069342616 339.7057550292605583 346.554469023269121 353.5533905932737753 356.9313659514949109 354.6829570193639825 351.1409973215887703 347.8505426185217289 344.8187929913333392 342.0526275297414145 339.5585369269928719 337.3425558686599857 335.4101966249684779 333.7663853655727166 332.4154027718932412 331.3608305156178062 329.8484500494128611 327.5667870831840105 325.5764119219941222 323.8826948140329591 322.4903099319419653 321.4031735997639316 320.6243908376279705 320.1562118716424266 314.006369362151645 308.0584360149872509 302.3243291566194557 296.8164415931166218 291.5475947422650052 286.5309756378880479 281.7800560721074135 277.3084924772409749 273.1300056749532814 269.2582403567251959 265.706605111728436 262.488094968133737 259.6150997149433692 257.0992026436488231 254.9509756796392423 253.179778023443248 251.7935662402834396 250.7987240796890376 250.1999200639360765 250 247.3863375370596316 245.1530134426252516 243.3105012119287949 240.8318915758459013
325.5764119219941222 332.4154027718932412 339.4112549695428243 346.554469023269121 347.1310991541956241 345.253530032641379 341.7601498127012292 338.378486313772612 335.2610922848041923 332.4154027718932412 329.8484500494128611 327.5667870831840105 325.5764119219941222 323.8826948140329591 322.4903099319419653 321.4031735997639316 320.1562118716424266 317.8049716414140562 315.7530680769388596 314.006369362151645 312.5699921617556925 311.4482300479487549 310.6444913401813324 310.1612483854164566 306.104557300279339 300 294.1088233970548345 288.4441020371191371 283.0194339616980983 277.8488797889961006 272.9468812791236019 268.3281572999747482 264.0075756488816978 260 256.3201123595259219 252.9822128134703405 250 247.3863375370596316 245.1530134426252516 243.3105012119287949 241.8677324489565024 240.8318915758459013 240.2082429892862763 240 237.6972864800942489 235.3720459187964025 233.4523505985750376 231.9482700948640286
318.2766092567909482 325.2691193458118732 332.4154027718932412 339.5585369269928719 337.3425558686599857 335.4101966249684779 332.4154027718932412 328.9376840679705651 325.7299494980466079 322.8002478313794654 320.1562118716424266 317.8049716414140562 315.7530680769388596 314.006369362151645 312.5699921617556925 311.4482300479487549 310.4834939252004915 308.0584360149872509 305.9411708155670908 304.1381265149109936 302.6549190084311363 301.4962686336266984 300.6659275674581409 300.1666203960726875 298.3286778035259772 292.0616373302046895 286.0069929215018192 280.1785145224379789 274.5906043549196056 269.2582403567251959 264.1968962724581047 259.422435421456953 254.9509756796392423 250.7987240796890376 246.9817807045693883 243.5159132377184221 240.4163056034261672 237.6972864800942489 235.3720459187964025 233.4523505985750376 231.9482700948640286 230.8679276123039017 230.2172886644267749 230 228.0350850198275907 225.6102834535695649 223.6067977499789663 222.0360331117451835
311.1269837220809222 318.2766092567909482 325.5764119219941222 329.8484500494128611 327.5667870831840105 325.5764119219941222 323.109888428070235 319.5309061734091642 316.2277660168379612 313.2091952673164883 310.4834939252004915 308.0584360149872509 305.9411708155670908 304.1381265149109936 302.6549190084311363 301.4962686336266984 300.6659275674581409 298.3286778035259772 296.1418578992169159 294.2787793912432335 292.7456233660889211 291.5475947422650052 290.6888370749726391 290.1723625709381622 290 284.2534080710378817 278.0287754891568852 272.0294101747088575 266.2705391138869686 260.7680962081059306 255.5386467836127622 250.5992817228333536 245.9674775249768572 241.6609194718914466 237.6972864800942489 234.0939982143925135 230.8679276123039017 228.0350850198275907 225.6102834535695649 223.6067977499789663 222.0360331117451835 220.9072203437452231 220.2271554554524187 220 218.4032966784155576 215.8703314492290417 213.7755832643194935 212.1320343559642652
304.1381265149109936 311.4482300479487549 318.9043743820394639 320.1562118716424266 317.8049716414140562 315.7530680769388596 313.8470965295043129 310.1612483854164566 306.7572330035593495 303.6445290137795041 300.8321791298264429 298.3286778035259772 296.1418578992169159 294.2787793912432335 292.7456233660889211 291.5475947422650052 290.6888370749726391 288.6173937932362605 286.3564212655270467 284.4292530665578624 282.8427124746190202 281.6025568065744551 280.7133769523640012 280.1785145224379789 280 276.5863337187865909 270.1851217221259276 264.0075756488816978 258.0697580112787932 252.388589282479245 246.9817807045693883 241.8677324489565024 237.0653918225939663 232.5940669922601387 228.4731931759172596 224.7220505424423322 221.3594362117865444 218.4032966784155576 215.8703314492290417 213.7755832643194935 212.1320343559642652 210.9502310972898727 210.23796041628637 210 208.8061301782109922 206.1552812808830311 203.9607805437113939 202.2374841615668402
297.3213749463700992 304.7950130825634005 312.4099870362661591 310.4834939252004915 308.0584360149872509 305.9411708155670908 304.1381265149109936 300.8321791298264429 297.3213749463700992 294.1088233970548345 291.2043955712207435 288.6173937932362605 286.3564212655270467 284.4292530665578624 282.8427124746190202 281.6025568065744551 280.7133769523640012 278.9265136196270873 276.5863337187865909 274.5906043549196056 272.9468812791236019 271.6615541441224764 270.7397274136176861 270.1851217221259276 270 269.0724809414742253 262.488094968133737 256.1249694973139412 250 244.1311123146740556 238.5372088375312671 233.2380757938120155 228.2542442102665348 223.6067977499789663 219.3171219946130748 215.4065922853801567 211.896201004170905 208.8061301782109922 206.1552812808830311 203.9607805437113939 202.2374841615668402 200.9975124224177989 200.2498439450078536 200 199.2485884517127488 196.4688270438849997 194.1648783894760015 192.3538406167134553
290.6888370749726391 298.3286778035259772 303.6445290137795041 300.8321791298264429 298.3286778035259772 296.1418578992169159 294.2787793912432335 291.5475947422650052 287.9236009777593495 284.6049894151541366 281.6025568065744551 278.9265136196270873 276.5863337187865909 274.5906043549196056 272.9468812791236019 271.6615541441224764 270.7397274136176861 269.2582403567251959 266.8332812825266842 264.7640458974745457 263.0589287593181211 261.7250465660480359 260.7680962081059306 260.1922366251537255 260 260.1922366251537255 254.9509756796392423 248.3948469674844262 242.0743687382041003 236.0084744241189298 230.2172886644267749 224.7220505424423322 219.5449840010014952 214.7091055358388871 210.23796041628637 206.1552812808830311 202.4845673131658828 199.2485884517127488 196.4688270438849997 194.1648783894760015 192.3538406167134553 191.0497317454280051 190.2629759044044704 190 189.7366596101027483 186.8154169226940553 184.3908891458577557 182.4828759089465962
284.2534080710378817 292.0616373302046895 294.1088233970548345 291.2043955712207435 288.6173937932362605 286.3564212655270467 284.4292530665578624 282.3118842698621052 278.5677655436824125 275.136329843952069 272.0294101747088575 269.2582403567251959 266.8332812825266842 264.7640458974745457 263.0589287593181211 261.7250465660480359 260.7680962081059306 259.6150997149433692 257.0992026436488231 254.9509756796392423 253.179778023443248 251.7935662402834396 250.7987240796890376 250.1999200639360765 250 250.1999200639360765 247.5883680627989349 240.8318915758459013 234.3074902771996335 228.0350850198275907 222.0360331117451835 216.3330765278393528 210.9502310972898727 205.912602819740016 201.2461179749810753 196.9771560359220928 193.1320791582796517 189.7366596101027483 186.8154169226940553 184.3908891458577557 182.4828759089465962 181.107702762748346 180.2775637731994607 180 180.2775637731994607 177.2004514666934938 174.6424919657298176 172.6267650163206895
278.0287754891568852 286.0069929215018192 284.6049894151541366 281.6025568065744551 278.9265136196270873 276.5863337187865909 274.5906043549196056 272.9468812791236019 269.2582403567251959 265.706605111728436 262.488094968133737 259.6150997149433692 257.0992026436488231 254.9509756796392423 253.179778023443248 251.7935662402834396 250.7987240796890376 250 247.3863375370596316 245.1530134426252516 243.3105012119287949 241.8677324489565024 240.8318915758459013 240.2082429892862763 240 240.2082429892862763 240.4163056034261672 233.4523505985750376 226.7156809750926811 220.2271554554524187 214.0093455903269728 208.0865204668481283 202.4845673131658828 197.2308292331601933 192.3538406167134553 187.8829422805593481 183.8477631085023631 180.2775637731994607 177.2004514666934938 174.6424919657298176 172.6267650163206895 171.1724276862368868 170.2938636592640194 170 170.2938636592640194 167.6305461424020962 164.9242250247064305 162.7882059609970611
272.0294101747088575 278.5677655436824125 275.136329843952069 272.0294101747088575 269.2582403567251959 266.8332812825266842 264.7640458974745457 263.0589287593181211 260 256.3201123595259219 252.9822128134703405 250 247.3863375370596316 245.1530134426252516 243.3105012119287949 241.8677324489565024 240.8318915758459013 240.2082429892862763 237.6972864800942489 235.3720459187964025 233.4523505985750376 231.9482700948640286 230.8679276123039017 230.2172886644267749 230 230.2172886644267749 230.8679276123039017 226.2741699796952162 219.3171219946130748 212.6029162546929854 206.1552812808830311 200 194.1648783894760015 188.6796226411320845 183.5755975068582018 178.8854381999831844 174.6424919657298176 170.8800749063506146 167.6305461424020962 164.9242250247064305 162.7882059609970611 161.2451549659709826 160.3121954188139853 160 160.3121954188139853 158.1138830084189806 155.2417469626002458 152.9705854077835454
266.2705391138869686 269.2582403567251959 265.706605111728436 262.488094968133737 259.6150997149433692 257.0992026436488231 254.9509756796392423 253.179778023443248 250.7987240796890376 246.9817807045693883 243.5159132377184221 240.4163056034261672 237.6972864800942489 235.3720459187964025 233.4523505985750376 231.9482700948640286 230.8679276123039017 230.2172886644267749 228.0350850198275907 225.6102834535695649 223.6067977499789663 222.0360331117451835 220.9072203437452231 220.2271554554524187 220 220.2271554554524187 220.9072203437452231 219.3171219946130748 212.1320343559642652 205.1828452868319062 198.4943324127920903 192.0937271229854559 186.0107523773827438 180.2775637731994607 174.9285568453590258 170 165.5294535724684977 161.5549442140351175 158.1138830084189806 155.2417469626002458 152.9705854077835454 151.3274595042155681 150.3329637837290704 150 150.3329637837290704 148.6606874731850496 145.6021977856103717 143.1782106327635233
260.7680962081059306 260 256.3201123595259219 252.9822128134703405 250 247.3863375370596316 245.1530134426252516 243.3105012119287949 241.6609194718914466 237.6972864800942489 234.0939982143925135 230.8679276123039017 228.0350850198275907 225.6102834535695649 223.6067977499789663 222.0360331117451835 220.9072203437452231 220.2271554554524187 218.4032966784155576 215.8703314492290417 213.7755832643194935 212.1320343559642652 210.9502310972898727 210.23796041628637 210 210.23796041628637 210.9502310972898727 212.1320343559642652 205.1828452868319062 197.9898987322333141 191.0497317454280051 184.3908891458577557 178.0449381476485655 172.0465053408525478 166.4331697709323805 161.2451549659709826 156.524758424985265 152.3154621172781731 148.6606874731850496 145.6021977856103717 143.1782106327635233 141.4213562373095101 140.3566884761820006 140 140.3566884761820006 139.2838827718412062 136.0147050873544288 133.4166406412633421
254.9509756796392423 250.7987240796890376 246.9817807045693883 243.5159132377184221 240.4163056034261672 237.6972864800942489 235.3720459187964025 233.4523505985750376 231.9482700948640286 228.4731931759172596 224.7220505424423322 221.3594362117865444 218.4032966784155576 215.8703314492290417 213.7755832643194935 212.1320343559642652 210.9502310972898727 210.23796041628637 208.8061301782109922 206.1552812808830311 203.9607805437113939 202.2374841615668402 200.9975124224177989 200.2498439450078536 200 200.2498439450078536 200.9975124224177989 202.2374841615668402 198.4943324127920903 191.0497317454280051 183.8477631085023631 176.9180601295413169 170.2938636592640194 164.0121946685672469 158.1138830084189806 152.6433752247374684 147.6482306023339959 143.1782106327635233 139.2838827718412062 136.0147050873544288 133.4166406412633421 131.5294643796590606 130.3840481040529653 130 130.3840481040529653 130 126.4911064067351703 123.6931687685298158
245.9674775249768572 241.6609194718914466 237.6972864800942489 234.0939982143925135 230.8679276123039017 228.0350850198275907 225.6102834535695649 223.6067977499789663 222.0360331117451835 219.3171219946130748 215.4065922853801567 211.896201004170905 208.8061301782109922 206.1552812808830311 203.9607805437113939 202.2374841615668402 200.9975124224177989 200.2498439450078536 199.2485884517127488 196.4688270438849997 194.1648783894760015 192.3538406167134553 191.0497317454280051 190.2629759044044704 190 190.2629759044044704 191.0497317454280051 192.3538406167134553 192.0937271229854559 184.3908891458577557 176.9180601295413169 169.7056274847714121 162.7882059609970611 156.2049935181330795 150 144.2220510185595685 138.9244398944980503 134.1640786499873741 130 126.4911064067351703 123.6931687685298158 121.6552506059643974 120.4159457879229507 120 120.4159457879229507 120.8304597359457233 117.0469991071962568 114.0175425099137954
237.0653918225939663 232.5940669922601387 228.4731931759172596 224.7220505424423322 221.3594362117865444 218.4032966784155576 215.8703314492290417 213.7755832643194935 212.1320343559642652 210.23796041628637 206.1552812808830311 202.4845673131658828 199.2485884517127488 196.4688270438849997 194.1648783894760015 192.3538406167134553 191.0497317454280051 190.2629759044044704 189.7366596101027483 186.8154169226940553 184.3908891458577557 182.4828759089465962 181.107702762748346 180.2775637731994607 180 180.2775637731994607 181.107702762748346 182.4828759089465962 184.3908891458577557 178.0449381476485655 170.2938636592640194 162.7882059609970611 155.5634918610404611 148.6606874731850496 142.1267040355189408 136.0147050873544288 130.3840481040529653 125.2996408614166768 120.8304597359457233 117.0469991071962568 114.0175425099137954 111.8033988749894831 110.4536101718726115 110 110.4536101718726115 111.8033988749894831 107.7032961426900783 104.4030650891054961
228.2542442102665348 223.6067977499789663 219.3171219946130748 215.4065922853801567 211.896201004170905 208.8061301782109922 206.1552812808830311 203.9607805437113939 202.2374841615668402 200.9975124224177989 196.9771560359220928 193.1320791582796517 189.7366596101027483 186.8154169226940553 184.3908891458577557 182.4828759089465962 181.107702762748346 180.2775637731994607 180 177.2004514666934938 174.6424919657298176 172.6267650163206895 171.1724276862368868 170.2938636592640194 170 170.2938636592640194 171.1724276862368868 172.6267650163206895 174.6424919657298176 172.0465053408525478 164.0121946685672469 156.2049935181330795 148.6606874731850496 141.4213562373095101 134.5362404707371127 128.0624847486569706 122.0655561573370278 116.6190378969060077 111.8033988749894831 107.7032961426900783 104.4030650891054961 101.9803902718556969 100.4987562112088995 100 100.4987562112088995 101.9803902718556969 98.4885780179610464 94.8683298050513741
219.5449840010014952 214.7091055358388871 210.23796041628637 206.1552812808830311 202.4845673131658828 199.2485884517127488 196.4688270438849997 194.1648783894760015 192.3538406167134553 191.0497317454280051 187.8829422805593481 183.8477631085023631 180.2775637731994607 177.2004514666934938 174.6424919657298176 172.6267650163206895 171.1724276862368868 170.2938636592640194 170 167.6305461424020962 164.9242250247064305 162.7882059609970611 161.2451549659709826 160.3121954188139853 160 160.3121954188139853 161.2451549659709826 162.7882059609970611 164.9242250247064305 166.4331697709323805 158.1138830084189806 150 142.1267040355189408 134.5362404707371127 127.2792206135785591 120.4159457879229507 114.0175425099137954 108.1665382639196764 102.956301409870008 98.4885780179610464 94.8683298050513741 92.1954445729288778 90.553851381374173 90 90.553851381374173 92.1954445729288778 89.4427190999915922 85.4400374531753073
210.9502310972898727 205.912602819740016 201.2461179749810753 196.9771560359220928 193.1320791582796517 189.7366596101027483 186.8154169226940553 184.3908891458577557 182.4828759089465962 181.107702762748346 178.8854381999831844 174.6424919657298176 170.8800749063506146 167.6305461424020962 164.9242250247064305 162.7882059609970611 161.2451549659709826 160.3121954188139853 160 158.1138830084189806 155.2417469626002458 152.9705854077835454 151.3274595042155681 150.3329637837290704 150 150.3329637837290704 151.3274595042155681 152.9705854077835454 155.2417469626002458 158.1138830084189806 152.6433752247374684 144.2220510185595685 136.0147050873544288 128.0624847486569706 120.4159457879229507 113.1370849898476081 106.3014581273464927 100 94.3398113205660422 89.4427190999915922 85.4400374531753073 82.4621125123532153 80.6225774829854913 80 80.6225774829854913 82.4621125123532153 80.6225774829854913 76.1577310586390865
202.4845673131658828 197.2308292331601933 192.3538406167134553 187.8829422805593481 183.8477631085023631 180.2775637731994607 177.2004514666934938 174.6424919657298176 172.6267650163206895 171.1724276862368868 170 165.5294535724684977 161.5549442140351175 158.1138830084189806 155.2417469626002458 152.9705854077835454 151.3274595042155681 150.3329637837290704 150 148.6606874731850496 145.6021977856103717 143.1782106327635233 141.4213562373095101 140.3566884761820006 140 140.3566884761820006 141.4213562373095101 143.1782106327635233 145.6021977856103717 148.6606874731850496 147.6482306023339959 138.9244398944980503 130.3840481040529653 122.0655561573370278 114.0175425099137954 106.3014581273464927 98.9949493661166571 92.1954445729288778 86.0232526704262739 80.6225774829854913 76.1577310586390865 72.8010988928051859 70.7106781186547551 70 70.7106781186547551 72.8010988928051859 72.1110255092797843 67.082039324993687
194.1648783894760015 188.6796226411320845 183.5755975068582018 178.8854381999831844 174.6424919657298176 170.8800749063506146 167.6305461424020962 164.9242250247064305 162.7882059609970611 161.2451549659709826 160.3121954188139853 156.524758424985265 152.3154621172781731 148.6606874731850496 145.6021977856103717 143.1782106327635233 141.4213562373095101 140.3566884761820006 140 139.2838827718412062 136.0147050873544288 133.4166406412633421 131.5294643796590606 130.3840481040529653 130 130.3840481040529653 131.5294643796590606 133.4166406412633421 136.0147050873544288 139.2838827718412062 143.1782106327635233 134.1640786499873741 125.2996408614166768 116.6190378969060077 108.1665382639196764 100 92.1954445729288778 84.8528137423857061 78.1024967590665398 72.1110255092797843 67.082039324993687 63.2455532033675851 60.8276253029821987 60 60.8276253029821987 63.2455532033675851 64.0312423743284853 58.3095189484530039
186.0107523773827438 180.2775637731994607 174.9285568453590258 170 165.5294535724684977 161.5549442140351175 158.1138830084189806 155.2417469626002458 152.9705854077835454 151.3274595042155681 150.3329637837290704 147.6482306023339959 143.1782106327635233 139.2838827718412062 136.0147050873544288 133.4166406412633421 131.5294643796590606 130.3840481040529653 130 130 126.4911064067351703 123.6931687685298158 121.6552506059643974 120.4159457879229507 120 120.4159457879229507 121.6552506059643974 123.6931687685298158 126.4911064067351703 130 134.1640786499873741 130 120.8304597359457233 111.8033988749894831 102.956301409870008 94.3398113205660422 86.0232526704262739 78.1024967590665398 70.7106781186547551 64.0312423743284853 58.3095189484530039 53.8516480713450392 50.9901951359278485 50 50.9901951359278485 53.8516480713450392 56.568542494923804 50
