landscape/exported_ascii_MS_HABMAT_PATCHES_ONLY_DIST/simulation_000091_p032_h053_HABMAT_patch_more_500pix_edge_dist_modified.asc
ncols         512
nrows         512
xllcorner     0
yllcorner     0
cellsize      10
NODATA_value  -99
[rows 220 to 239 of 512, columns 0 to 43 of 512]
493.9635614091387765 490.4079934095691442 487.0318264754368442 483.8388161361177708 480.8326112068523344 478.0167361086848246 475.3945729601884977 472.9693436154186656 470.7440918375928049 468.7216658103185978 466.9047011971500751 465.2956049652736397 463.8965401897280572 462.709412050370986 461.7358552246078034 460.977222864644375 460.4345773288535497 460.108682813093651 460 460.108682813093651 460 460 460 460.108682813093651 460.4345773288535497 460.977222864644375 461.7358552246078034 462.709412050370986 463.8965401897280572 465.2956049652736397 462.2769732530488227 456.0701700396551814 450 444.0720662234903671 438.2921400162225041 432.6661530556787056 427.2001872658765365 421.9004621945797453 416.7733196834941509 411.825205639480032 407.0626487409523975 402.4922359499621507 398.1205847478876763 393.9543120718441855
484.6648326421053525 481.0405388322277531 477.5981574503821321 474.3416490252569133 471.2748667179271251 468.4015371452147747 465.7252408878007373 463.24939287601876 460.977222864644375 458.9117562233506078 457.0557952810575557 455.4119014694280168 453.982378512646676 452.7692569068708508 451.7742799230607034 450.9988913511872397 450.4442251822082994 450.1110973970759801 450 450.1110973970759801 450 450 450 450.1110973970759801 450.4442251822082994 450.9988913511872397 451.7742799230607034 452.7692569068708508 453.982378512646676 455.4119014694280168 453.100430368367654 448.2186966202993972 442.0407221060068537 436.0045871318328068 430.116263352131341 424.3819034784588666 418.8078318274384628 413.4005321718877326 408.1666326391710413 403.1128874149274566 398.246155034797539 393.5733730830885406 389.1015291668743998 384.8376280978771433
475.3945729601884977 471.6990566028301828 468.1879964287850271 464.8655719667783615 461.7358552246078034 458.802789878178487 456.0701700396551814 453.5416188179426626 451.2205669071391299 449.1102314577124162 447.2135954999579326 445.5333881989092788 444.0720662234903671 442.8317965096905482 441.8144406874904462 441.02154142399894 440.4543109109048373 440.1136216933077208 440 440.1136216933077208 440 440 440 440.1136216933077208 440.4543109109048373 441.02154142399894 441.8144406874904462 442.8317965096905482 444.0720662234903671 445.5333881989092788 443.8468204234429209 440.1136216933077208 434.1658669218481919 428.0186911806539456 422.0189569201838822 416.1730409336962566 410.4875150354758375 404.9691346263317655 399.6248240537616994 394.4616584663203867 389.4868418830089354 384.7076812334269107 380.1315561749642598 375.7658845611186962
466.1544808322665858 462.3851208678756848 458.802789878178487 455.4119014694280168 452.2167621838005402 449.2215489043240382 446.4302857109943261 443.8468204234429209 441.4748010928823305 439.3176527297759435 437.3785545725807538 435.6604182158392859 434.1658669218481919 432.8972164382672645 431.8564576337836911 431.0452412450460997 430.4648650006176922 430.116263352131341 430 430.116263352131341 430 430 430 430.116263352131341 430.4648650006176922 431.0452412450460997 431.8564576337836911 432.8972164382672645 434.1658669218481919 435.6604182158392859 434.626276242014626 430.8131845707603134 426.3801121065568509 420.1190307520000715 414.0048308896890035 408.0441152620633147 402.2437072223753489 396.6106403010388135 391.1521443121588959 385.8756276314947513 380.7886552931954043 375.8989225842500446 371.214223865411725 366.7424164178449928
456.9463863518345192 453.100430368367654 449.4441010848846645 445.9820624195551773 442.7188724235730888 439.6589587396121601 436.8065933568311152 434.1658669218481919 431.7406628984580834 429.53463189829057 427.5511665286389871 425.793377120875391 424.2640687119285303 422.9657196511320194 421.9004621945797453 421.0700654285460018 420.47592083257274 420.1190307520000715 420 420.1190307520000715 420 420 420 420.1190307520000715 420.47592083257274 421.0700654285460018 421.9004621945797453 422.9657196511320194 424.2640687119285303 425.793377120875391 425.4409477236529256 421.5447781671598477 417.8516483155235619 412.3105625617660621 406.0788100849390503 400 394.0812099047606125 388.3297567789520031 382.7531841800927737 377.359245282264169 372.1558813185678787 367.1511950137164035 362.353418639868778 357.7708763999663688
447.772263544762211 443.8468204234429209 440.1136216933077208 436.5775990588614945 433.2435804486893858 430.116263352131341 427.2001872658765365 424.4997055358224998 422.0189569201838822 419.7618372363071444 417.7319714841084419 415.9326868617084187 414.3669871020132405 413.0375285612676635 411.9465984809195902 411.0960958218893211 410.4875150354758375 410.1219330881975793 410 410.1219330881975793 410 410 410 410.1219330881975793 410.4875150354758375 411.0960958218893211 411.9465984809195902 413.0375285612676635 414.3669871020132405 415.9326868617084187 416.2931659299729859 412.3105625617660621 408.5339643163099481 404.5985664828781978 398.246155034797539 392.0459156782531522 386.0051813123756688 380.1315561749642598 374.4329045369810842 368.9173349139343259 363.5931792539568619 358.4689665786984278 353.5533905932737753 348.8552708502481323
438.6342439892261496 434.626276242014626 430.8131845707603134 427.2001872658765365 423.79240200834181 420.5948168962618183 417.6122603564219844 414.8493702538307843 412.3105625617660621 410 407.9215610874227878 406.0788100849390503 404.4749683231336803 403.1128874149274566 401.9950248448355978 401.1234224026316042 400.4996878900157071 400.1249804748511565 400 400.1249804748511565 400 400 400 400.1249804748511565 400.4996878900157071 401.1234224026316042 401.9950248448355978 403.1128874149274566 404.4749683231336803 406.0788100849390503 407.1854614300466437 403.1128874149274566 399.2492955535425949 395.6008088970496601 390.5124837953327415 384.1874542459709119 378.0211634287159654 372.0215047547654876 366.1966684720110834 360.5551275463989214 355.1056180912940476 349.8571136907180517 344.8187929913333392 340
429.53463189829057 425.4409477236529256 421.5447781671598477 417.8516483155235619 414.3669871020132405 411.0960958218893211 408.0441152620633147 405.2159917870961863 402.616442783947889 400.2499219237899979 398.1205847478876763 396.2322551231789589 394.5883931389771533 393.192065026750015 392.0459156782531522 391.1521443121588959 390.5124837953327415 390.1281840626231769 390 390.1281840626231769 390 390 390 390.1281840626231769 390.5124837953327415 391.1521443121588959 392.0459156782531522 393.192065026750015 394.5883931389771533 396.2322551231789589 398.1205847478876763 393.9543120718441855 390 386.2641583165593033 382.7531841800927737 376.4306044943742222 370.1351104664349236 364.0054944640259009 358.0502757993631349 352.2782990761707538 346.6987164671943447 341.3209633175202384 336.1547262794322251 331.2099032335838729
420.47592083257274 416.2931659299729859 412.3105625617660621 408.5339643163099481 404.9691346263317655 401.6217125604640614 398.4971769034254976 395.6008088970496601 392.9376540877699995 390.5124837953327415 388.3297567789520031 386.3935817272331406 384.7076812334269107 383.2753579347360073 382.0994634908560101 381.1823710509183343 380.5259518088089408 380.1315561749642598 380 380.1315561749642598 380 380 380 380.1315561749642598 380.5259518088089408 381.1823710509183343 382.0994634908560101 383.2753579347360073 384.7076812334269107 386.3935817272331406 388.3297567789520031 384.8376280978771433 380.7886552931954043 376.9615364994152742 373.3630940518893908 368.7817782917155114 362.353418639868778 356.089876295297131 350 344.0930106817050955 338.378486313772612 332.866339541864761 327.5667870831840105 322.4903099319419653
411.460812228819691 407.1854614300466437 403.1128874149274566 399.2492955535425949 395.6008088970496601 392.1734310225515401 388.9730067755344862 386.0051813123756688 383.2753579347360073 380.7886552931954043 378.5498646149540036 376.5634076752546093 374.8332962798262429 373.3630940518893908 372.1558813185678787 371.214223865411725 370.5401462729781201 370.1351104664349236 370 370.1351104664349236 370 370 370 370.1351104664349236 370.5401462729781201 371.214223865411725 372.1558813185678787 373.3630940518893908 374.8332962798262429 376.5634076752546093 378.5498646149540036 375.7658845611186962 371.6180835212409193 367.6955262170047263 364.0054944640259009 360.5551275463989214 354.6829570193639825 348.2814953453599855 342.0526275297414145 336.0059523282288296 330.1514803843835466 324.4996147917590292 319.0611226708763297 313.8470965295043129
402.4922359499621507 398.1205847478876763 393.9543120718441855 390 386.2641583165593033 382.7531841800927737 379.4733192202054965 376.4306044943742222 373.6308338453881106 371.0795063055894616 368.7817782917155114 366.7424164178449928 364.9657518178931923 363.4556369077249656 362.215405525496692 361.2478373637688378 360.5551275463989214 360.1388621073821241 360 360.1388621073821241 360 360 360 360.1388621073821241 360.5551275463989214 361.2478373637688378 362.215405525496692 363.4556369077249656 364.9657518178931923 366.7424164178449928 368.7817782917155114 366.7424164178449928 362.4913792078371557 358.4689665786984278 354.6829570193639825 351.1409973215887703 347.1310991541956241 340.5877273185280387 334.2154993413680586 328.0243893371344939 322.0248437620923596 316.2277660168379612 310.6444913401813324 305.2867504494749369
393.5733730830885406 389.1015291668743998 384.8376280978771433 380.7886552931954043 376.9615364994152742 373.3630940518893908 370 366.8787265568828388 364.0054944640259009 361.3862199918530109 359.0264614203248357 356.9313659514949109 355.1056180912940476 353.5533905932737753 352.2782990761707538 351.2833614050059055 350.5709628591620799 350.1428280002319298 350 350.1428280002319298 350 350 350 350.1428280002319298 350.5709628591620799 351.2833614050059055 352.2782990761707538 353.5533905932737753 355.1056180912940476 356.9313659514949109 359.0264614203248357 357.7708763999663688 353.4119409414458346 349.2849839314596352 345.3983207834108953 341.7601498127012292 338.378486313772612 333.0165161069342616 326.4965543462901678 320.1562118716424266 314.006369362151645 308.0584360149872509 302.3243291566194557 296.8164415931166218
384.7076812334269107 380.1315561749642598 375.7658845611186962 371.6180835212409193 367.6955262170047263 364.0054944640259009 360.5551275463989214 357.3513677041127607 354.4009029333869876 351.7101079013795015 349.2849839314596352 347.1310991541956241 345.253530032641379 343.6568055487916808 342.3448553724737735 341.3209633175202384 340.5877273185280387 340.1470270338989508 340 340.1470270338989508 340 340 340 340.1470270338989508 340.5877273185280387 341.3209633175202384 342.3448553724737735 343.6568055487916808 345.253530032641379 347.1310991541956241 349.2849839314596352 348.8552708502481323 344.3835071544513085 340.1470270338989508 336.1547262794322251 332.4154027718932412 328.9376840679705651 325.5764119219941222 318.9043743820394639 312.4099870362661591 306.104557300279339 300 294.1088233970548345 288.4441020371191371
375.8989225842500446 371.214223865411725 366.7424164178449928 362.4913792078371557 358.4689665786984278 354.6829570193639825 351.1409973215887703 347.8505426185217289 344.8187929913333392 342.0526275297414145 339.5585369269928719 337.3425558686599857 335.4101966249684779 333.7663853655727166 332.4154027718932412 331.3608305156178062 330.6055050963307735 330.1514803843835466 330 330.1514803843835466 330 330 330 330.1514803843835466 330.6055050963307735 331.3608305156178062 332.4154027718932412 333.7663853655727166 335.4101966249684779 337.3425558686599857 339.5585369269928719 340 335.4101966249684779 331.0589071449369953 326.9556544854362983 323.109888428070235 319.5309061734091642 316.2277660168379612 311.4482300479487549 304.7950130825634005 298.3286778035259772 292.0616373302046895 286.0069929215018192 280.1785145224379789
367.1511950137164035 362.353418639868778 357.7708763999663688 353.4119409414458346 349.2849839314596352 345.3983207834108953 341.7601498127012292 338.378486313772612 335.2610922848041923 332.4154027718932412 329.8484500494128611 327.5667870831840105 325.5764119219941222 323.8826948140329591 322.4903099319419653 321.4031735997639316 320.6243908376279705 320.1562118716424266 320 320.1562118716424266 320 320 320 320.1562118716424266 320.6243908376279705 321.4031735997639316 322.4903099319419653 323.8826948140329591 325.5764119219941222 327.5667870831840105 329.8484500494128611 331.2099032335838729 326.4965543462901678 322.0248437620923596 317.8049716414140562 313.8470965295043129 310.1612483854164566 306.7572330035593495 303.6445290137795041 297.3213749463700992 290.6888370749726391 284.2534080710378817 278.0287754891568852 272.0294101747088575
358.4689665786984278 353.5533905932737753 348.8552708502481323 344.3835071544513085 340.1470270338989508 336.1547262794322251 332.4154027718932412 328.9376840679705651 325.7299494980466079 322.8002478313794654 320.1562118716424266 317.8049716414140562 315.7530680769388596 314.006369362151645 312.5699921617556925 311.4482300479487549 310.6444913401813324 310.1612483854164566 310 310.1612483854164566 310 310 310 310.1612483854164566 310.6444913401813324 311.4482300479487549 312.5699921617556925 314.006369362151645 315.7530680769388596 317.8049716414140562 320.1562118716424266 322.4903099319419653 317.6476034853718033 313.0495168499705301 308.7069808086626495 304.6309242345563462 300.8321791298264429 297.3213749463700992 294.1088233970548345 290 283.1960451701258989 276.5863337187865909 270.1851217221259276 264.0075756488816978
349.8571136907180517 344.8187929913333392 340 335.4101966249684779 331.0589071449369953 326.9556544854362983 323.109888428070235 319.5309061734091642 316.2277660168379612 313.2091952673164883 310.4834939252004915 308.0584360149872509 305.9411708155670908 304.1381265149109936 302.6549190084311363 301.4962686336266984 300.6659275674581409 300.1666203960726875 300 300.1666203960726875 300 300 300 300.1666203960726875 300.6659275674581409 301.4962686336266984 302.6549190084311363 304.1381265149109936 305.9411708155670908 308.0584360149872509 310.4834939252004915 313.2091952673164883 308.8689042296099956 304.1381265149109936 299.6664812754339664 295.4657340538831249 291.5475947422650052 287.9236009777593495 284.6049894151541366 281.6025568065744551 275.862284482674454 269.0724809414742253 262.488094968133737 256.1249694973139412
341.3209633175202384 336.1547262794322251 331.2099032335838729 326.4965543462901678 322.0248437620923596 317.8049716414140562 313.8470965295043129 310.1612483854164566 306.7572330035593495 303.6445290137795041 300.8321791298264429 298.3286778035259772 296.1418578992169159 294.2787793912432335 292.7456233660889211 291.5475947422650052 290.6888370749726391 290.1723625709381622 290 290.1723625709381622 290 290 290 290.1723625709381622 290.6888370749726391 291.5475947422650052 292.7456233660889211 294.2787793912432335 296.1418578992169159 298.3286778035259772 300.8321791298264429 303.6445290137795041 300.1666203960726875 295.2964612046679918 290.6888370749726391 286.3564212655270467 282.3118842698621052 278.5677655436824125 275.136329843952069 272.0294101747088575 268.3281572999747482 261.7250465660480359 254.9509756796392423 248.3948469674844262
332.866339541864761 327.5667870831840105 322.4903099319419653 317.6476034853718033 313.0495168499705301 308.7069808086626495 304.6309242345563462 300.8321791298264429 297.3213749463700992 294.1088233970548345 291.2043955712207435 288.6173937932362605 286.3564212655270467 284.4292530665578624 282.8427124746190202 281.6025568065744551 280.7133769523640012 280.1785145224379789 280 280.1785145224379789 280 280 280 280.1785145224379789 280.7133769523640012 281.6025568065744551 282.8427124746190202 284.4292530665578624 286.3564212655270467 288.6173937932362605 291.2043955712207435 294.1088233970548345 291.5475947422650052 286.5309756378880479 281.7800560721074135 277.3084924772409749 273.1300056749532814 269.2582403567251959 265.706605111728436 262.488094968133737 259.422435421456953 254.5584412271571182 247.5883680627989349 240.8318915758459013
324.4996147917590292 319.0611226708763297 313.8470965295043129 308.8689042296099956 304.1381265149109936 299.6664812754339664 295.4657340538831249 291.5475947422650052 287.9236009777593495 284.6049894151541366 281.6025568065744551 278.9265136196270873 276.5863337187865909 274.5906043549196056 272.9468812791236019 271.6615541441224764 270.7397274136176861 270.1851217221259276 270 270.1851217221259276 270 270 270 270.1851217221259276 270.7397274136176861 271.6615541441224764 272.9468812791236019 274.5906043549196056 276.5863337187865909 278.9265136196270873 281.6025568065744551 284.6049894151541366 283.0194339616980983 277.8488797889961006 272.9468812791236019 268.3281572999747482 264.0075756488816978 260 256.3201123595259219 252.9822128134703405 250 245.9674775249768572 240.4163056034261672 233.4523505985750376
