landscape/exported_ascii_MS_HABMAT_PATCHES_ONLY_DIST/simulation_000050_p033_h024_HABMAT_patch_more_500pix_edge_dist_modified.asc
ncols         512
nrows         512
xllcorner     0
yllcorner     0
cellsize      10
NODATA_value  -99
[rows 357 to 377 of 512, columns 336 to 383 of 512]
50.9901951359278485 50 50.9901951359278485 53.8516480713450392 58.3095189484530039 64.0312423743284853 70.7106781186547551 78.1024967590665398 86.0232526704262739 94.3398113205660422 102.956301409870008 111.8033988749894831 120.8304597359457233 130 139.2838827718412062 148.6606874731850496 158.1138830084189806 167.6305461424020962 177.2004514666934938 186.8154169226940553 196.4688270438849997 206.1552812808830311 205.1828452868319062 198.4943324127920903 192.0937271229854559 186.0107523773827438 180.2775637731994607 174.9285568453590258 170 165.5294535724684977 161.2451549659709826 156.524758424985265 152.3154621172781731 148.6606874731850496 145.6021977856103717 143.1782106327635233 141.4213562373095101 140.3566884761820006 140 140.3566884761820006 141.4213562373095101 143.1782106327635233 145.6021977856103717 148.6606874731850496 151.3274595042155681 150.3329637837290704 150 150
41.2310562561766076 40 41.2310562561766076 44.7213595499957961 50 56.568542494923804 64.0312423743284853 72.1110255092797843 80.6225774829854913 89.4427190999915922 98.4885780179610464 107.7032961426900783 117.0469991071962568 126.4911064067351703 136.0147050873544288 145.6021977856103717 155.2417469626002458 164.9242250247064305 174.6424919657298176 184.3908891458577557 194.1648783894760015 203.9607805437113939 212.6029162546929854 206.1552812808830311 200 194.1648783894760015 188.6796226411320845 183.5755975068582018 178.8854381999831844 174.6424919657298176 170 165.5294535724684977 161.5549442140351175 158.1138830084189806 155.2417469626002458 152.9705854077835454 151.3274595042155681 150.3329637837290704 150 150.3329637837290704 151.3274595042155681 152.9705854077835454 155.2417469626002458 158.1138830084189806 161.2451549659709826 160.3121954188139853 160 160
31.6227766016837926 30 31.6227766016837926 36.0555127546398921 42.426406871192853 50 58.3095189484530039 67.082039324993687 76.1577310586390865 85.4400374531753073 94.8683298050513741 104.4030650891054961 114.0175425099137954 123.6931687685298158 133.4166406412633421 143.1782106327635233 152.9705854077835454 162.7882059609970611 172.6267650163206895 182.4828759089465962 192.3538406167134553 202.2374841615668402 211.896201004170905 214.0093455903269728 208.0865204668481283 202.4845673131658828 197.2308292331601933 192.3538406167134553 187.8829422805593481 183.5755975068582018 178.8854381999831844 174.6424919657298176 170.8800749063506146 167.6305461424020962 164.9242250247064305 162.7882059609970611 161.2451549659709826 160.3121954188139853 160 160.3121954188139853 161.2451549659709826 162.7882059609970611 164.9242250247064305 167.6305461424020962 170.8800749063506146 170.2938636592640194 170 170
22.3606797749978981 20 22.3606797749978981 28.284271247461902 36.0555127546398921 44.7213595499957961 53.8516480713450392 63.2455532033675851 72.8010988928051859 82.4621125123532153 92.1954445729288778 101.9803902718556969 111.8033988749894831 121.6552506059643974 131.5294643796590606 141.4213562373095101 151.3274595042155681 161.2451549659709826 170.8800749063506146 180.2775637731994607 189.7366596101027483 199.2485884517127488 208.8061301782109922 218.4032966784155576 216.3330765278393528 210.9502310972898727 205.912602819740016 201.2461179749810753 196.9771560359220928 192.3538406167134553 187.8829422805593481 183.8477631085023631 180.2775637731994607 177.2004514666934938 174.6424919657298176 172.6267650163206895 171.1724276862368868 170.2938636592640194 170 170.2938636592640194 171.1724276862368868 172.6267650163206895 174.6424919657298176 177.2004514666934938 180.2775637731994607 180.2775637731994607 180 180
14.142135623730951 10 14.142135623730951 22.3606797749978981 31.6227766016837926 41.2310562561766076 50.9901951359278485 60.8276253029821987 70.7106781186547551 80.6225774829854913 90.553851381374173 100.4987562112088995 110.4536101718726115 120.4159457879229507 130 139.2838827718412062 148.6606874731850496 158.1138830084189806 167.6305461424020962 177.2004514666934938 186.8154169226940553 196.4688270438849997 206.1552812808830311 215.8703314492290417 224.7220505424423322 219.5449840010014952 214.7091055358388871 210.23796041628637 205.912602819740016 201.2461179749810753 196.9771560359220928 193.1320791582796517 189.7366596101027483 186.8154169226940553 184.3908891458577557 182.4828759089465962 181.107702762748346 180.2775637731994607 180 180.2775637731994607 181.107702762748346 182.4828759089465962 184.3908891458577557 186.8154169226940553 189.7366596101027483 190.2629759044044704 190 189.7366596101027483
10 -10 10 20 30 40 50 60 70 80 89.4427190999915922 98.4885780179610464 107.7032961426900783 117.0469991071962568 126.4911064067351703 136.0147050873544288 145.6021977856103717 155.2417469626002458 164.9242250247064305 174.6424919657298176 184.3908891458577557 194.1648783894760015 203.9607805437113939 212.1320343559642652 219.3171219946130748 226.7156809750926811 223.6067977499789663 219.3171219946130748 214.7091055358388871 210.23796041628637 206.1552812808830311 202.4845673131658828 199.2485884517127488 196.4688270438849997 194.1648783894760015 192.3538406167134553 191.0497317454280051 190.2629759044044704 190 190.2629759044044704 191.0497317454280051 192.3538406167134553 194.1648783894760015 196.4688270438849997 199.2485884517127488 200.2498439450078536 200 199.2485884517127488
-10 10 14.142135623730951 22.3606797749978981 31.6227766016837926 41.2310562561766076 50 58.3095189484530039 67.082039324993687 76.1577310586390865 85.4400374531753073 94.8683298050513741 104.4030650891054961 114.0175425099137954 123.6931687685298158 133.4166406412633421 143.1782106327635233 152.9705854077835454 162.7882059609970611 172.6267650163206895 182.4828759089465962 191.0497317454280051 197.9898987322333141 205.1828452868319062 212.6029162546929854 220.2271554554524187 228.0350850198275907 228.2542442102665348 223.6067977499789663 219.3171219946130748 215.4065922853801567 211.896201004170905 208.8061301782109922 206.1552812808830311 203.9607805437113939 202.2374841615668402 200.9975124224177989 200.2498439450078536 200 200.2498439450078536 200.9975124224177989 202.2374841615668402 203.9607805437113939 206.1552812808830311 208.8061301782109922 210.23796041628637 210 208.8061301782109922
-10 10 14.142135623730951 22.3606797749978981 28.284271247461902 36.0555127546398921 44.7213595499957961 53.8516480713450392 63.2455532033675851 72.8010988928051859 82.4621125123532153 92.1954445729288778 101.9803902718556969 111.8033988749894831 121.6552506059643974 131.5294643796590606 141.4213562373095101 151.3274595042155681 161.2451549659709826 170.2938636592640194 176.9180601295413169 183.8477631085023631 191.0497317454280051 198.4943324127920903 206.1552812808830311 214.0093455903269728 222.0360331117451835 230.2172886644267749 232.5940669922601387 228.4731931759172596 224.7220505424423322 221.3594362117865444 218.4032966784155576 215.8703314492290417 213.7755832643194935 212.1320343559642652 210.9502310972898727 210.23796041628637 210 210.23796041628637 210.9502310972898727 212.1320343559642652 213.7755832643194935 215.8703314492290417 218.4032966784155576 220.2271554554524187 220 218.4032966784155576
10 -10 10 14.142135623730951 22.3606797749978981 31.6227766016837926 41.2310562561766076 50.9901951359278485 60.8276253029821987 70.7106781186547551 80.6225774829854913 90.553851381374173 100.4987562112088995 110.4536101718726115 120.4159457879229507 130.3840481040529653 140.3566884761820006 150 156.2049935181330795 162.7882059609970611 169.7056274847714121 176.9180601295413169 184.3908891458577557 192.0937271229854559 200 208.0865204668481283 216.3330765278393528 224.7220505424423322 233.2380757938120155 237.6972864800942489 234.0939982143925135 230.8679276123039017 228.0350850198275907 225.6102834535695649 223.6067977499789663 222.0360331117451835 220.9072203437452231 220.2271554554524187 220 220.2271554554524187 220.9072203437452231 222.0360331117451835 223.6067977499789663 225.6102834535695649 228.0350850198275907 230.2172886644267749 230 228.0350850198275907
-10 10 -10 10 20 30 40 50 60 70 80 90 100 110 120 130 136.0147050873544288 142.1267040355189408 148.6606874731850496 155.5634918610404611 162.7882059609970611 170.2938636592640194 178.0449381476485655 186.0107523773827438 194.1648783894760015 202.4845673131658828 210.9502310972898727 219.5449840010014952 228.2542442102665348 237.0653918225939663 243.5159132377184221 240.4163056034261672 237.6972864800942489 235.3720459187964025 233.4523505985750376 231.9482700948640286 230.8679276123039017 230.2172886644267749 230 230.2172886644267749 230.8679276123039017 231.9482700948640286 233.4523505985750376 235.3720459187964025 237.6972864800942489 240.2082429892862763 240 237.6972864800942489
10 -10 10 14.142135623730951 22.3606797749978981 31.6227766016837926 41.2310562561766076 50.9901951359278485 60.8276253029821987 70.7106781186547551 80.6225774829854913 90.553851381374173 100.4987562112088995 110.4536101718726115 116.6190378969060077 122.0655561573370278 128.0624847486569706 134.5362404707371127 141.4213562373095101 148.6606874731850496 156.2049935181330795 164.0121946685672469 172.0465053408525478 180.2775637731994607 188.6796226411320845 197.2308292331601933 205.912602819740016 214.7091055358388871 223.6067977499789663 232.5940669922601387 241.6609194718914466 250 247.3863375370596316 245.1530134426252516 243.3105012119287949 241.8677324489565024 240.8318915758459013 240.2082429892862763 240 240.2082429892862763 240.8318915758459013 241.8677324489565024 243.3105012119287949 245.1530134426252516 247.3863375370596316 250 250 247.3863375370596316
14.142135623730951 10 14.142135623730951 22.3606797749978981 28.284271247461902 36.0555127546398921 44.7213595499957961 53.8516480713450392 63.2455532033675851 72.8010988928051859 82.4621125123532153 92.1954445729288778 98.4885780179610464 102.956301409870008 108.1665382639196764 114.0175425099137954 120.4159457879229507 127.2792206135785591 134.5362404707371127 142.1267040355189408 150 158.1138830084189806 166.4331697709323805 174.9285568453590258 183.5755975068582018 192.3538406167134553 201.2461179749810753 210.23796041628637 219.3171219946130748 228.4731931759172596 237.6972864800942489 246.9817807045693883 256.3201123595259219 254.9509756796392423 253.179778023443248 251.7935662402834396 250.7987240796890376 250.1999200639360765 250 250.1999200639360765 250.7987240796890376 251.7935662402834396 253.179778023443248 254.9509756796392423 257.0992026436488231 259.6150997149433692 259.6150997149433692 257.0992026436488231
22.3606797749978981 20 22.3606797749978981 28.284271247461902 36.0555127546398921 42.426406871192853 50 58.3095189484530039 67.082039324993687 76.1577310586390865 82.4621125123532153 85.4400374531753073 89.4427190999915922 94.3398113205660422 100 106.3014581273464927 113.1370849898476081 120.4159457879229507 128.0624847486569706 136.0147050873544288 144.2220510185595685 152.6433752247374684 161.2451549659709826 170 178.8854381999831844 187.8829422805593481 196.9771560359220928 206.1552812808830311 215.4065922853801567 224.7220505424423322 234.0939982143925135 243.5159132377184221 252.9822128134703405 262.488094968133737 263.0589287593181211 261.7250465660480359 260.7680962081059306 260.1922366251537255 260 260.1922366251537255 260.7680962081059306 261.7250465660480359 263.0589287593181211 264.7640458974745457 266.8332812825266842 269.2582403567251959 269.2582403567251959 266.8332812825266842
20 22.3606797749978981 28.284271247461902 36.0555127546398921 42.426406871192853 50 56.568542494923804 64.0312423743284853 70 70.7106781186547551 72.8010988928051859 76.1577310586390865 80.6225774829854913 86.0232526704262739 92.1954445729288778 98.9949493661166571 106.3014581273464927 114.0175425099137954 122.0655561573370278 130.3840481040529653 138.9244398944980503 147.6482306023339959 156.524758424985265 165.5294535724684977 174.6424919657298176 183.8477631085023631 193.1320791582796517 202.4845673131658828 211.896201004170905 221.3594362117865444 230.8679276123039017 240.4163056034261672 250 259.6150997149433692 269.2582403567251959 271.6615541441224764 270.7397274136176861 270.1851217221259276 270 270.1851217221259276 270.7397274136176861 271.6615541441224764 272.9468812791236019 272.9468812791236019 271.6615541441224764 270.7397274136176861 270.1851217221259276 270
10 14.142135623730951 22.3606797749978981 31.6227766016837926 41.2310562561766076 50.9901951359278485 60.8276253029821987 60.8276253029821987 60 60.8276253029821987 63.2455532033675851 67.082039324993687 72.1110255092797843 78.1024967590665398 84.8528137423857061 92.1954445729288778 100 108.1665382639196764 116.6190378969060077 125.2996408614166768 134.1640786499873741 143.1782106327635233 152.3154621172781731 161.5549442140351175 170.8800749063506146 180.2775637731994607 189.7366596101027483 199.2485884517127488 208.8061301782109922 218.4032966784155576 228.0350850198275907 237.6972864800942489 246.9817807045693883 255.5386467836127622 262.488094968133737 265.706605111728436 269.2582403567251959 273.1300056749532814 272.9468812791236019 271.6615541441224764 269.2582403567251959 266.8332812825266842 264.7640458974745457 263.0589287593181211 261.7250465660480359 260.7680962081059306 260.1922366251537255 260
-10 10 20 30 40 50 53.8516480713450392 50.9901951359278485 50 50.9901951359278485 53.8516480713450392 58.3095189484530039 64.0312423743284853 70.7106781186547551 78.1024967590665398 86.0232526704262739 94.3398113205660422 102.956301409870008 111.8033988749894831 120.8304597359457233 130 139.2838827718412062 148.6606874731850496 158.1138830084189806 167.6305461424020962 177.2004514666934938 186.8154169226940553 196.4688270438849997 206.1552812808830311 215.8703314492290417 224.7220505424423322 233.2380757938120155 241.8677324489565024 250 252.9822128134703405 256.3201123595259219 260 264.0075756488816978 263.0589287593181211 261.7250465660480359 259.6150997149433692 257.0992026436488231 254.9509756796392423 253.179778023443248 251.7935662402834396 250.7987240796890376 250.1999200639360765 250
-10 10 20 30 40 41.2310562561766076 44.7213595499957961 41.2310562561766076 40 41.2310562561766076 44.7213595499957961 50 56.568542494923804 64.0312423743284853 72.1110255092797843 80.6225774829854913 89.4427190999915922 98.4885780179610464 107.7032961426900783 117.0469991071962568 126.4911064067351703 136.0147050873544288 145.6021977856103717 155.2417469626002458 164.9242250247064305 174.6424919657298176 184.3908891458577557 194.1648783894760015 202.4845673131658828 210.9502310972898727 219.5449840010014952 228.2542442102665348 237.0653918225939663 240.4163056034261672 243.5159132377184221 246.9817807045693883 250.7987240796890376 254.9509756796392423 253.179778023443248 251.7935662402834396 250 247.3863375370596316 245.1530134426252516 243.3105012119287949 241.8677324489565024 240.8318915758459013 240.2082429892862763 240
-10 10 20 28.284271247461902 30 31.6227766016837926 36.0555127546398921 31.6227766016837926 30 31.6227766016837926 36.0555127546398921 42.426406871192853 50 58.3095189484530039 67.082039324993687 76.1577310586390865 85.4400374531753073 94.8683298050513741 104.4030650891054961 114.0175425099137954 123.6931687685298158 133.4166406412633421 143.1782106327635233 152.9705854077835454 162.7882059609970611 172.0465053408525478 180.2775637731994607 188.6796226411320845 197.2308292331601933 205.912602819740016 214.7091055358388871 223.6067977499789663 228.0350850198275907 230.8679276123039017 234.0939982143925135 237.6972864800942489 241.6609194718914466 245.1530134426252516 243.3105012119287949 241.8677324489565024 240.4163056034261672 237.6972864800942489 235.3720459187964025 233.4523505985750376 231.9482700948640286 230.8679276123039017 230.2172886644267749 230
-10 10 14.142135623730951 22.3606797749978981 20 22.3606797749978981 28.284271247461902 22.3606797749978981 20 22.3606797749978981 28.284271247461902 36.0555127546398921 44.7213595499957961 53.8516480713450392 63.2455532033675851 72.8010988928051859 82.4621125123532153 92.1954445729288778 101.9803902718556969 111.8033988749894831 121.6552506059643974 131.5294643796590606 141.4213562373095101 150 158.1138830084189806 166.4331697709323805 174.9285568453590258 183.5755975068582018 192.3538406167134553 201.2461179749810753 210.23796041628637 215.8703314492290417 218.4032966784155576 221.3594362117865444 224.7220505424423322 228.4731931759172596 232.5940669922601387 235.3720459187964025 233.4523505985750376 231.9482700948640286 230.8679276123039017 228.0350850198275907 225.6102834535695649 223.6067977499789663 222.0360331117451835 220.9072203437452231 220.2271554554524187 220
-14.142135623730951 -10 10 14.142135623730951 10 14.142135623730951 20 14.142135623730951 10 14.142135623730951 22.3606797749978981 31.6227766016837926 41.2310562561766076 50.9901951359278485 60.8276253029821987 70.7106781186547551 80.6225774829854913 90.553851381374173 100.4987562112088995 110.4536101718726115 120.4159457879229507 128.0624847486569706 136.0147050873544288 144.2220510185595685 152.6433752247374684 161.2451549659709826 170 178.8854381999831844 187.8829422805593481 196.9771560359220928 202.4845673131658828 206.1552812808830311 208.8061301782109922 211.896201004170905 215.4065922853801567 219.3171219946130748 223.6067977499789663 225.6102834535695649 223.6067977499789663 222.0360331117451835 220.9072203437452231 218.4032966784155576 215.8703314492290417 213.7755832643194935 212.1320343559642652 210.9502310972898727 210.23796041628637 210
-10 -10 10 10 -10 10 10 10 -10 10 20 30 40 50 60 70 80 90 98.9949493661166571 106.3014581273464927 114.0175425099137954 122.0655561573370278 130.3840481040529653 138.9244398944980503 147.6482306023339959 156.524758424985265 165.5294535724684977 174.6424919657298176 183.5755975068582018 188.6796226411320845 194.1648783894760015 196.4688270438849997 199.2485884517127488 202.4845673131658828 206.1552812808830311 210.23796041628637 214.7091055358388871 215.8703314492290417 213.7755832643194935 212.1320343559642652 210.9502310972898727 208.8061301782109922 206.1552812808830311 203.9607805437113939 202.2374841615668402 200.9975124224177989 200.2498439450078536 200
