landscape/exported_ascii_MS_HABMAT_PATCHES_ONLY_DIST/simulation_000025_p050_h019_HABMAT_patch_more_500pix_edge_dist_modified.asc
ncols         512
nrows         512
xllcorner     0
yllcorner     0
cellsize      10
NODATA_value  -99
[rows 286 to 307 of 512, columns 200 to 249 of 512]
14.142135623730951 10 14.142135623730951 22.3606797749978981 31.6227766016837926 40 40 40 41.2310562561766076 44.7213595499957961 50 50 44.7213595499957961 36.0555127546398921 28.284271247461902 22.3606797749978981 14.142135623730951 10 10 14.142135623730951 10 10 -10 -14.142135623730951 -10 10 10 -10 -10 10 10 -10 10 -10 10 14.142135623730951 10 14.142135623730951 22.3606797749978981 31.6227766016837926 41.2310562561766076 50 44.7213595499957961 36.0555127546398921 28.284271247461902 22.3606797749978981 20 20 20 22.3606797749978981
10 -10 10 20 28.284271247461902 30 30 30 31.6227766016837926 36.0555127546398921 40 40 40 31.6227766016837926 22.3606797749978981 14.142135623730951 10 10 -10 10 -10 -10 10 -10 -14.142135623730951 -10 -10 -14.142135623730951 -14.142135623730951 -10 -10 -10 10 -10 -10 10 -10 10 20 30 36.0555127546398921 42.426406871192853 41.2310562561766076 31.6227766016837926 22.3606797749978981 14.142135623730951 10 10 10 14.142135623730951
-10 10 10 14.142135623730951 20 20 20 20 22.3606797749978981 28.284271247461902 30 30 30 30 20 10 -10 10 10 -10 -14.142135623730951 -10 10 10 -10 10 -10 -10 -14.142135623730951 -10 -14.142135623730951 -10 10 -10 -14.142135623730951 -10 10 14.142135623730951 20 22.3606797749978981 28.284271247461902 36.0555127546398921 36.0555127546398921 28.284271247461902 20 10 -10 -10 -10 10
-10 -10 -10 10 10 10 10 10 14.142135623730951 20 20 20 20 22.3606797749978981 22.3606797749978981 14.142135623730951 10 -10 -10 -14.142135623730951 -22.3606797749978981 -14.142135623730951 -10 -10 -10 10 -10 10 -10 10 -10 -14.142135623730951 -10 -14.142135623730951 -20 -10 10 14.142135623730951 10 14.142135623730951 22.3606797749978981 31.6227766016837926 31.6227766016837926 22.3606797749978981 14.142135623730951 10 -10 -20 -10 10
10 -10 -14.142135623730951 -10 -10 -10 -10 -10 10 10 10 10 10 14.142135623730951 22.3606797749978981 20 10 -10 -14.142135623730951 -10 -14.142135623730951 -14.142135623730951 -10 -14.142135623730951 -14.142135623730951 -10 -14.142135623730951 -10 10 -10 -14.142135623730951 -10 10 -10 -14.142135623730951 -14.142135623730951 -10 10 -10 10 20 30 30 20 10 -10 -14.142135623730951 -10 -14.142135623730951 -10
-10 -14.142135623730951 -22.3606797749978981 -20 -20 -20 -10 10 10 -10 -10 -10 -10 10 14.142135623730951 10 10 -10 -10 10 -10 -10 10 -10 -20 -20 -14.142135623730951 -10 10 10 -10 -14.142135623730951 -10 10 -10 -20 -14.142135623730951 -10 -10 10 20 30 28.284271247461902 22.3606797749978981 14.142135623730951 10 -10 10 -10 -14.142135623730951
10 -10 -20 -20 -14.142135623730951 -10 -10 10 -10 -10 10 -10 -14.142135623730951 -10 10 -10 -10 10 10 14.142135623730951 10 10 10 -10 -20 -20 -10 10 10 14.142135623730951 10 -10 10 -10 -14.142135623730951 -10 -10 -14.142135623730951 -10 10 20 28.284271247461902 22.3606797749978981 14.142135623730951 10 10 -10 -10 10 -10
10 -10 -10 -10 -10 10 10 -10 -10 10 10 -10 -14.142135623730951 -14.142135623730951 -10 10 10 14.142135623730951 10 10 10 -10 10 -10 -20 -20 -14.142135623730951 -10 -10 10 14.142135623730951 10 10 -10 -10 10 10 -10 -10 10 14.142135623730951 22.3606797749978981 14.142135623730951 10 -10 -10 10 10 10 -10
-10 -10 10 10 10 -10 10 10 10 14.142135623730951 14.142135623730951 10 -10 -10 -10 10 20 10 -10 -10 -10 10 -10 -14.142135623730951 -14.142135623730951 -10 -14.142135623730951 -20 -14.142135623730951 -10 10 20 14.142135623730951 10 -10 -10 -10 -14.142135623730951 -10 -10 10 20 10 -10 -14.142135623730951 -14.142135623730951 -10 10 10 -10
10 10 14.142135623730951 20 14.142135623730951 10 14.142135623730951 20 20 22.3606797749978981 22.3606797749978981 14.142135623730951 10 10 -10 10 20 14.142135623730951 10 10 10 10 -10 -10 -10 10 -10 -14.142135623730951 -10 -10 10 20 10 -10 -10 -10 -10 -10 10 10 14.142135623730951 20 10 -10 -10 -10 10 14.142135623730951 14.142135623730951 10
20 20 22.3606797749978981 28.284271247461902 22.3606797749978981 20 22.3606797749978981 28.284271247461902 30 31.6227766016837926 28.284271247461902 22.3606797749978981 20 14.142135623730951 10 14.142135623730951 22.3606797749978981 22.3606797749978981 20 14.142135623730951 10 -10 -10 10 -10 -10 -14.142135623730951 -10 10 10 14.142135623730951 22.3606797749978981 14.142135623730951 10 10 10 10 10 14.142135623730951 20 22.3606797749978981 22.3606797749978981 14.142135623730951 10 10 10 14.142135623730951 22.3606797749978981 22.3606797749978981 20
30 30 31.6227766016837926 36.0555127546398921 31.6227766016837926 30 31.6227766016837926 36.0555127546398921 40 41.2310562561766076 36.0555127546398921 31.6227766016837926 28.284271247461902 22.3606797749978981 20 22.3606797749978981 28.284271247461902 30 20 10 -10 10 10 14.142135623730951 10 -10 -14.142135623730951 -10 10 20 22.3606797749978981 28.284271247461902 22.3606797749978981 20 20 20 20 20 22.3606797749978981 28.284271247461902 31.6227766016837926 28.284271247461902 22.3606797749978981 20 20 20 22.3606797749978981 28.284271247461902 31.6227766016837926 30
40 40 41.2310562561766076 44.7213595499957961 41.2310562561766076 40 41.2310562561766076 44.7213595499957961 50 50 44.7213595499957961 41.2310562561766076 36.0555127546398921 31.6227766016837926 30 31.6227766016837926 36.0555127546398921 30 20 10 -10 10 14.142135623730951 22.3606797749978981 14.142135623730951 10 -10 10 14.142135623730951 22.3606797749978981 31.6227766016837926 36.0555127546398921 31.6227766016837926 30 30 30 30 30 31.6227766016837926 36.0555127546398921 41.2310562561766076 36.0555127546398921 31.6227766016837926 30 30 30 31.6227766016837926 36.0555127546398921 41.2310562561766076 40
50 50 50.9901951359278485 53.8516480713450392 50.9901951359278485 50 50.9901951359278485 53.8516480713450392 58.3095189484530039 58.3095189484530039 53.8516480713450392 50 44.7213595499957961 41.2310562561766076 40 41.2310562561766076 40 30 20 10 -10 -10 10 20 22.3606797749978981 14.142135623730951 10 14.142135623730951 22.3606797749978981 28.284271247461902 36.0555127546398921 44.7213595499957961 41.2310562561766076 40 40 40 40 40 41.2310562561766076 44.7213595499957961 50 44.7213595499957961 41.2310562561766076 40 40 40 41.2310562561766076 44.7213595499957961 50 50
60 60 60.8276253029821987 63.2455532033675851 60.8276253029821987 60 60.8276253029821987 63.2455532033675851 67.082039324993687 67.082039324993687 63.2455532033675851 58.3095189484530039 53.8516480713450392 50.9901951359278485 50 50.9901951359278485 41.2310562561766076 31.6227766016837926 22.3606797749978981 14.142135623730951 10 10 14.142135623730951 22.3606797749978981 28.284271247461902 22.3606797749978981 20 22.3606797749978981 28.284271247461902 36.0555127546398921 42.426406871192853 50 50.9901951359278485 50 50 50 50 50 50.9901951359278485 53.8516480713450392 58.3095189484530039 53.8516480713450392 50.9901951359278485 50 50 50 50.9901951359278485 53.8516480713450392 58.3095189484530039 60
70 70 70.7106781186547551 72.8010988928051859 70.7106781186547551 70 70.7106781186547551 72.8010988928051859 76.1577310586390865 76.1577310586390865 72.1110255092797843 67.082039324993687 63.2455532033675851 60.8276253029821987 60 53.8516480713450392 44.7213595499957961 36.0555127546398921 28.284271247461902 22.3606797749978981 20 20 22.3606797749978981 28.284271247461902 36.0555127546398921 31.6227766016837926 30 31.6227766016837926 36.0555127546398921 42.426406871192853 50 56.568542494923804 60.8276253029821987 60 60 60 60 60 60.8276253029821987 63.2455532033675851 67.082039324993687 63.2455532033675851 60.8276253029821987 60 60 60 60.8276253029821987 63.2455532033675851 67.082039324993687 70
80 80 80.6225774829854913 82.4621125123532153 80.6225774829854913 80 80.6225774829854913 82.4621125123532153 85.4400374531753073 85.4400374531753073 80.6225774829854913 76.1577310586390865 72.8010988928051859 70.7106781186547551 67.082039324993687 58.3095189484530039 50 42.426406871192853 36.0555127546398921 31.6227766016837926 30 30 31.6227766016837926 36.0555127546398921 42.426406871192853 41.2310562561766076 40 41.2310562561766076 44.7213595499957961 50 56.568542494923804 64.0312423743284853 70.7106781186547551 70 70 70 70 70 70.7106781186547551 72.8010988928051859 76.1577310586390865 72.8010988928051859 70.7106781186547551 70 70 70 70.7106781186547551 72.8010988928051859 76.1577310586390865 70
90 90 90.553851381374173 92.1954445729288778 90.553851381374173 90 90.553851381374173 92.1954445729288778 94.8683298050513741 94.3398113205660422 89.4427190999915922 85.4400374531753073 82.4621125123532153 80.6225774829854913 72.1110255092797843 64.0312423743284853 56.568542494923804 50 44.7213595499957961 41.2310562561766076 40 40 41.2310562561766076 44.7213595499957961 50 50.9901951359278485 50 50.9901951359278485 53.8516480713450392 58.3095189484530039 64.0312423743284853 70.7106781186547551 78.1024967590665398 80 80 80 80 80 80.6225774829854913 82.4621125123532153 85.4400374531753073 82.4621125123532153 80.6225774829854913 80 80 80 80.6225774829854913 82.4621125123532153 80 70
100 100 100.4987562112088995 101.9803902718556969 100.4987562112088995 100 100.4987562112088995 101.9803902718556969 104.4030650891054961 102.956301409870008 98.4885780179610464 94.8683298050513741 92.1954445729288778 86.0232526704262739 78.1024967590665398 70.7106781186547551 64.0312423743284853 58.3095189484530039 53.8516480713450392 50.9901951359278485 50 50 50.9901951359278485 53.8516480713450392 58.3095189484530039 60.8276253029821987 60 60.8276253029821987 63.2455532033675851 67.082039324993687 72.1110255092797843 78.1024967590665398 84.8528137423857061 90 90 90 90 90 90.553851381374173 92.1954445729288778 94.8683298050513741 92.1954445729288778 90.553851381374173 90 90 90 90.553851381374173 90.553851381374173 80.6225774829854913 70.7106781186547551
110 110 110.4536101718726115 111.8033988749894831 110.4536101718726115 110 110.4536101718726115 111.8033988749894831 114.0175425099137954 111.8033988749894831 107.7032961426900783 104.4030650891054961 100 92.1954445729288778 84.8528137423857061 78.1024967590665398 72.1110255092797843 67.082039324993687 63.2455532033675851 60.8276253029821987 60 60 60.8276253029821987 63.2455532033675851 67.082039324993687 70.7106781186547551 70 70.7106781186547551 72.8010988928051859 76.1577310586390865 80.6225774829854913 86.0232526704262739 92.1954445729288778 98.9949493661166571 100 100 100 100 100.4987562112088995 101.9803902718556969 104.4030650891054961 101.9803902718556969 100.4987562112088995 100 100 100 100.4987562112088995 92.1954445729288778 82.4621125123532153 72.8010988928051859
120 120 120.4159457879229507 121.6552506059643974 120.4159457879229507 120 120.4159457879229507 121.6552506059643974 123.6931687685298158 120.8304597359457233 117.0469991071962568 114.0175425099137954 106.3014581273464927 98.9949493661166571 92.1954445729288778 86.0232526704262739 80.6225774829854913 76.1577310586390865 72.8010988928051859 70.7106781186547551 70 70 70.7106781186547551 72.8010988928051859 76.1577310586390865 80.6225774829854913 80 80.6225774829854913 82.4621125123532153 85.4400374531753073 89.4427190999915922 94.3398113205660422 100 106.3014581273464927 110 110 110 110 110.4536101718726115 111.8033988749894831 114.0175425099137954 111.8033988749894831 110.4536101718726115 110 110 110 104.4030650891054961 94.8683298050513741 85.4400374531753073 76.1577310586390865
130 130 130.3840481040529653 131.5294643796590606 130.3840481040529653 130 130.3840481040529653 131.5294643796590606 133.4166406412633421 130 126.4911064067351703 120.4159457879229507 113.1370849898476081 106.3014581273464927 100 94.3398113205660422 89.4427190999915922 85.4400374531753073 82.4621125123532153 80.6225774829854913 80 80 80.6225774829854913 82.4621125123532153 85.4400374531753073 89.4427190999915922 90 90.553851381374173 92.1954445729288778 94.8683298050513741 98.4885780179610464 102.956301409870008 108.1665382639196764 114.0175425099137954 120 120 120 120 120.4159457879229507 121.6552506059643974 123.6931687685298158 121.6552506059643974 120.4159457879229507 120 120 117.0469991071962568 107.7032961426900783 98.4885780179610464 89.4427190999915922 80.6225774829854913
