landscape/exported_ascii_MS_HABMAT_PATCHES_ONLY_DIST/simulation_000069_p054_h066_HABMAT_patch_more_500pix_edge_dist_modified.asc
ncols         512
nrows         512
xllcorner     0
yllcorner     0
cellsize      10
NODATA_value  -99
[rows 140 to 159 of 512, columns 92 to 137 of 512]
178.0449381476485655 186.0107523773827438 194.1648783894760015 202.4845673131658828 210.9502310972898727 219.5449840010014952 228.2542442102665348 237.0653918225939663 245.9674775249768572 254.9509756796392423 256.1249694973139412 250 244.1311123146740556 238.5372088375312671 233.2380757938120155 228.2542442102665348 223.6067977499789663 219.3171219946130748 212.6029162546929854 205.1828452868319062 197.9898987322333141 191.0497317454280051 184.3908891458577557 178.0449381476485655 172.0465053408525478 166.4331697709323805 161.2451549659709826 156.524758424985265 152.3154621172781731 148.6606874731850496 144.2220510185595685 138.9244398944980503 134.1640786499873741 127.2792206135785591 120.4159457879229507 114.0175425099137954 108.1665382639196764 102.956301409870008 98.4885780179610464 94.3398113205660422 89.4427190999915922 85.4400374531753073 82.4621125123532153 80.6225774829854913 80 80.6225774829854913
172.0465053408525478 180.2775637731994607 188.6796226411320845 197.2308292331601933 205.912602819740016 214.7091055358388871 223.6067977499789663 232.5940669922601387 241.6609194718914466 250.7987240796890376 248.3948469674844262 242.0743687382041003 236.0084744241189298 230.2172886644267749 224.7220505424423322 219.5449840010014952 214.7091055358388871 210.23796041628637 206.1552812808830311 198.4943324127920903 191.0497317454280051 183.8477631085023631 176.9180601295413169 170.2938636592640194 164.0121946685672469 158.1138830084189806 152.6433752247374684 147.6482306023339959 143.1782106327635233 139.2838827718412062 136.0147050873544288 130.3840481040529653 125.2996408614166768 120.4159457879229507 113.1370849898476081 106.3014581273464927 100 94.3398113205660422 89.4427190999915922 85.4400374531753073 80.6225774829854913 76.1577310586390865 72.8010988928051859 70.7106781186547551 70 70.7106781186547551
166.4331697709323805 174.9285568453590258 183.5755975068582018 192.3538406167134553 201.2461179749810753 210.23796041628637 219.3171219946130748 228.4731931759172596 237.6972864800942489 246.9817807045693883 240.8318915758459013 234.3074902771996335 228.0350850198275907 222.0360331117451835 216.3330765278393528 210.9502310972898727 205.912602819740016 201.2461179749810753 196.9771560359220928 192.0937271229854559 184.3908891458577557 176.9180601295413169 169.7056274847714121 162.7882059609970611 156.2049935181330795 150 144.2220510185595685 138.9244398944980503 134.1640786499873741 130 126.4911064067351703 122.0655561573370278 116.6190378969060077 111.8033988749894831 106.3014581273464927 98.9949493661166571 92.1954445729288778 86.0232526704262739 80.6225774829854913 76.1577310586390865 72.1110255092797843 67.082039324993687 63.2455532033675851 60.8276253029821987 60 60.8276253029821987
161.2451549659709826 170 178.8854381999831844 187.8829422805593481 196.9771560359220928 206.1552812808830311 215.4065922853801567 224.7220505424423322 234.0939982143925135 240.4163056034261672 233.4523505985750376 226.7156809750926811 220.2271554554524187 214.0093455903269728 208.0865204668481283 202.4845673131658828 197.2308292331601933 192.3538406167134553 187.8829422805593481 183.8477631085023631 178.0449381476485655 170.2938636592640194 162.7882059609970611 155.5634918610404611 148.6606874731850496 142.1267040355189408 136.0147050873544288 130.3840481040529653 125.2996408614166768 120.8304597359457233 117.0469991071962568 114.0175425099137954 108.1665382639196764 102.956301409870008 98.4885780179610464 92.1954445729288778 84.8528137423857061 78.1024967590665398 72.1110255092797843 67.082039324993687 63.2455532033675851 58.3095189484530039 53.8516480713450392 50.9901951359278485 50 50.9901951359278485
156.524758424985265 165.5294535724684977 174.6424919657298176 183.8477631085023631 193.1320791582796517 202.4845673131658828 211.896201004170905 221.3594362117865444 230.8679276123039017 233.4523505985750376 226.2741699796952162 219.3171219946130748 212.6029162546929854 206.1552812808830311 200 194.1648783894760015 188.6796226411320845 183.5755975068582018 178.8854381999831844 174.6424919657298176 170.8800749063506146 164.0121946685672469 156.2049935181330795 148.6606874731850496 141.4213562373095101 134.5362404707371127 128.0624847486569706 122.0655561573370278 116.6190378969060077 111.8033988749894831 107.7032961426900783 104.4030650891054961 100 94.3398113205660422 89.4427190999915922 84.8528137423857061 78.1024967590665398 70.7106781186547551 64.0312423743284853 58.3095189484530039 53.8516480713450392 50 44.7213595499957961 41.2310562561766076 40 41.2310562561766076
152.3154621172781731 161.5549442140351175 170.8800749063506146 180.2775637731994607 189.7366596101027483 199.2485884517127488 208.8061301782109922 218.4032966784155576 228.0350850198275907 226.7156809750926811 219.3171219946130748 212.1320343559642652 205.1828452868319062 198.4943324127920903 192.0937271229854559 186.0107523773827438 180.2775637731994607 174.9285568453590258 170 165.5294535724684977 161.5549442140351175 158.1138830084189806 150 142.1267040355189408 134.5362404707371127 127.2792206135785591 120.4159457879229507 114.0175425099137954 108.1665382639196764 102.956301409870008 98.4885780179610464 94.8683298050513741 92.1954445729288778 86.0232526704262739 80.6225774829854913 76.1577310586390865 70.7106781186547551 64.0312423743284853 56.568542494923804 50 44.7213595499957961 41.2310562561766076 36.0555127546398921 31.6227766016837926 30 31.6227766016837926
148.6606874731850496 158.1138830084189806 167.6305461424020962 177.2004514666934938 186.8154169226940553 196.4688270438849997 206.1552812808830311 215.8703314492290417 225.6102834535695649 220.2271554554524187 212.6029162546929854 205.1828452868319062 197.9898987322333141 191.0497317454280051 184.3908891458577557 178.0449381476485655 172.0465053408525478 166.4331697709323805 161.2451549659709826 156.524758424985265 152.3154621172781731 148.6606874731850496 144.2220510185595685 136.0147050873544288 128.0624847486569706 120.4159457879229507 113.1370849898476081 106.3014581273464927 100 94.3398113205660422 89.4427190999915922 85.4400374531753073 82.4621125123532153 78.1024967590665398 72.1110255092797843 67.082039324993687 63.2455532033675851 56.568542494923804 50 42.426406871192853 36.0555127546398921 31.6227766016837926 28.284271247461902 22.3606797749978981 20 22.3606797749978981
145.6021977856103717 155.2417469626002458 164.9242250247064305 174.6424919657298176 184.3908891458577557 194.1648783894760015 203.9607805437113939 213.7755832643194935 222.0360331117451835 214.0093455903269728 206.1552812808830311 198.4943324127920903 191.0497317454280051 183.8477631085023631 176.9180601295413169 170.2938636592640194 164.0121946685672469 158.1138830084189806 152.6433752247374684 147.6482306023339959 143.1782106327635233 139.2838827718412062 136.0147050873544288 130.3840481040529653 122.0655561573370278 114.0175425099137954 106.3014581273464927 98.9949493661166571 92.1954445729288778 86.0232526704262739 80.6225774829854913 76.1577310586390865 72.8010988928051859 70.7106781186547551 64.0312423743284853 58.3095189484530039 53.8516480713450392 50 42.426406871192853 36.0555127546398921 28.284271247461902 22.3606797749978981 20 14.142135623730951 10 14.142135623730951
143.1782106327635233 152.9705854077835454 162.7882059609970611 172.6267650163206895 182.4828759089465962 192.3538406167134553 202.2374841615668402 212.1320343559642652 216.3330765278393528 208.0865204668481283 200 192.0937271229854559 184.3908891458577557 176.9180601295413169 169.7056274847714121 162.7882059609970611 156.2049935181330795 150 144.2220510185595685 138.9244398944980503 134.1640786499873741 130 126.4911064067351703 123.6931687685298158 116.6190378969060077 108.1665382639196764 100 92.1954445729288778 84.8528137423857061 78.1024967590665398 72.1110255092797843 67.082039324993687 63.2455532033675851 60.8276253029821987 56.568542494923804 50 44.7213595499957961 41.2310562561766076 36.0555127546398921 28.284271247461902 22.3606797749978981 14.142135623730951 10 10 -10 10
141.4213562373095101 151.3274595042155681 161.2451549659709826 171.1724276862368868 181.107702762748346 191.0497317454280051 200.9975124224177989 210.9502310972898727 210.9502310972898727 202.4845673131658828 194.1648783894760015 186.0107523773827438 178.0449381476485655 170.2938636592640194 162.7882059609970611 155.5634918610404611 148.6606874731850496 142.1267040355189408 136.0147050873544288 130.3840481040529653 125.2996408614166768 120.8304597359457233 117.0469991071962568 114.0175425099137954 111.8033988749894831 102.956301409870008 94.3398113205660422 86.0232526704262739 78.1024967590665398 70.7106781186547551 64.0312423743284853 58.3095189484530039 53.8516480713450392 50.9901951359278485 50 42.426406871192853 36.0555127546398921 31.6227766016837926 30 22.3606797749978981 14.142135623730951 10 -10 -10 10 14.142135623730951
140.3566884761820006 150.3329637837290704 160.3121954188139853 170.2938636592640194 180.2775637731994607 190.2629759044044704 198.4943324127920903 200.9975124224177989 202.2374841615668402 197.2308292331601933 188.6796226411320845 180.2775637731994607 172.0465053408525478 164.0121946685672469 156.2049935181330795 148.6606874731850496 141.4213562373095101 134.5362404707371127 128.0624847486569706 122.0655561573370278 116.6190378969060077 111.8033988749894831 107.7032961426900783 104.4030650891054961 101.9803902718556969 98.4885780179610464 89.4427190999915922 80.6225774829854913 72.1110255092797843 64.0312423743284853 56.568542494923804 50 44.7213595499957961 41.2310562561766076 40 36.0555127546398921 28.284271247461902 22.3606797749978981 20 20 10 -10 -10 -10 10 20
140 150 160 170 178.0449381476485655 184.3908891458577557 190.2629759044044704 191.0497317454280051 192.3538406167134553 191.0497317454280051 183.5755975068582018 174.9285568453590258 166.4331697709323805 158.1138830084189806 150 142.1267040355189408 134.5362404707371127 127.2792206135785591 120.4159457879229507 114.0175425099137954 108.1665382639196764 102.956301409870008 98.4885780179610464 94.8683298050513741 92.1954445729288778 90.553851381374173 85.4400374531753073 76.1577310586390865 67.082039324993687 58.3095189484530039 50 42.426406871192853 36.0555127546398921 31.6227766016837926 30 31.6227766016837926 22.3606797749978981 14.142135623730951 10 14.142135623730951 10 -10 10 -10 10 20
140 150 158.1138830084189806 164.0121946685672469 170.2938636592640194 176.9180601295413169 180.2775637731994607 181.107702762748346 182.4828759089465962 184.3908891458577557 176.9180601295413169 169.7056274847714121 161.2451549659709826 152.6433752247374684 144.2220510185595685 136.0147050873544288 128.0624847486569706 120.4159457879229507 113.1370849898476081 106.3014581273464927 100 94.3398113205660422 89.4427190999915922 85.4400374531753073 82.4621125123532153 80.6225774829854913 80 72.8010988928051859 63.2455532033675851 53.8516480713450392 44.7213595499957961 36.0555127546398921 28.284271247461902 22.3606797749978981 20 22.3606797749978981 20 10 -10 10 10 -10 -10 -10 10 20
138.9244398944980503 144.2220510185595685 150 156.2049935181330795 162.7882059609970611 169.7056274847714121 170.2938636592640194 171.1724276862368868 172.6267650163206895 174.6424919657298176 170.2938636592640194 162.7882059609970611 155.5634918610404611 147.6482306023339959 138.9244398944980503 130.3840481040529653 122.0655561573370278 114.0175425099137954 106.3014581273464927 98.9949493661166571 92.1954445729288778 86.0232526704262739 80.6225774829854913 76.1577310586390865 72.8010988928051859 70.7106781186547551 70 70 60.8276253029821987 50.9901951359278485 41.2310562561766076 31.6227766016837926 22.3606797749978981 14.142135623730951 10 14.142135623730951 14.142135623730951 10 10 -10 -10 -14.142135623730951 -20 -10 10 20
130.3840481040529653 136.0147050873544288 142.1267040355189408 148.6606874731850496 155.5634918610404611 160 160.3121954188139853 161.2451549659709826 162.7882059609970611 164.9242250247064305 164.0121946685672469 156.2049935181330795 148.6606874731850496 141.4213562373095101 134.1640786499873741 125.2996408614166768 116.6190378969060077 108.1665382639196764 100 92.1954445729288778 84.8528137423857061 78.1024967590665398 72.1110255092797843 67.082039324993687 63.2455532033675851 60.8276253029821987 60 60 60 50 40 30 20 10 -10 10 10 -10 10 10 10 -10 -20 -10 10 20
122.0655561573370278 128.0624847486569706 134.5362404707371127 141.4213562373095101 148.6606874731850496 150 150.3329637837290704 151.3274595042155681 152.9705854077835454 155.2417469626002458 158.1138830084189806 150 142.1267040355189408 134.5362404707371127 127.2792206135785591 120.4159457879229507 111.8033988749894831 102.956301409870008 94.3398113205660422 86.0232526704262739 78.1024967590665398 70.7106781186547551 64.0312423743284853 58.3095189484530039 53.8516480713450392 50.9901951359278485 50 50 50.9901951359278485 50 40 30 20 10 -10 -10 10 10 10 -10 10 -10 -20 -10 10 20
114.0175425099137954 120.4159457879229507 127.2792206135785591 134.5362404707371127 140.3566884761820006 140 140.3566884761820006 141.4213562373095101 143.1782106327635233 145.6021977856103717 148.6606874731850496 144.2220510185595685 136.0147050873544288 128.0624847486569706 120.4159457879229507 113.1370849898476081 106.3014581273464927 98.4885780179610464 89.4427190999915922 80.6225774829854913 72.1110255092797843 64.0312423743284853 56.568542494923804 50 44.7213595499957961 41.2310562561766076 40 40 41.2310562561766076 44.7213595499957961 41.2310562561766076 31.6227766016837926 22.3606797749978981 14.142135623730951 10 10 -10 -10 10 10 -10 -14.142135623730951 -20 -10 10 10
106.3014581273464927 113.1370849898476081 120.4159457879229507 128.0624847486569706 130.3840481040529653 130 130.3840481040529653 131.5294643796590606 133.4166406412633421 136.0147050873544288 139.2838827718412062 138.9244398944980503 130.3840481040529653 122.0655561573370278 114.0175425099137954 106.3014581273464927 98.9949493661166571 92.1954445729288778 85.4400374531753073 76.1577310586390865 67.082039324993687 58.3095189484530039 50 42.426406871192853 36.0555127546398921 31.6227766016837926 30 30 31.6227766016837926 36.0555127546398921 31.6227766016837926 30 28.284271247461902 22.3606797749978981 20 14.142135623730951 10 10 -10 -10 -14.142135623730951 -22.3606797749978981 -14.142135623730951 -10 10 -10
98.9949493661166571 106.3014581273464927 114.0175425099137954 120.4159457879229507 120.4159457879229507 120 120.4159457879229507 121.6552506059643974 123.6931687685298158 126.4911064067351703 130 134.1640786499873741 125.2996408614166768 116.6190378969060077 108.1665382639196764 100 92.1954445729288778 84.8528137423857061 78.1024967590665398 72.1110255092797843 63.2455532033675851 53.8516480713450392 44.7213595499957961 36.0555127546398921 28.284271247461902 22.3606797749978981 20 20 22.3606797749978981 28.284271247461902 22.3606797749978981 20 20 20 20 20 14.142135623730951 10 -10 -20 -22.3606797749978981 -20 -10 10 10 -10
92.1954445729288778 100 106.3014581273464927 111.8033988749894831 110.4536101718726115 110 110.4536101718726115 111.8033988749894831 114.0175425099137954 117.0469991071962568 120.8304597359457233 125.2996408614166768 120.8304597359457233 111.8033988749894831 102.956301409870008 94.3398113205660422 86.0232526704262739 78.1024967590665398 70.7106781186547551 64.0312423743284853 58.3095189484530039 50.9901951359278485 41.2310562561766076 31.6227766016837926 22.3606797749978981 14.142135623730951 10 10 14.142135623730951 20 14.142135623730951 10 10 10 10 10 10 -10 -10 -14.142135623730951 -22.3606797749978981 -22.3606797749978981 -14.142135623730951 -10 10 -10
