landscape/exported_ascii_MS_HABMAT_PATCHES_ONLY_DIST/simulation_000052_p068_h037_HABMAT_patch_more_500pix_edge_dist_modified.asc
ncols         512
nrows         512
xllcorner     0
yllcorner     0
cellsize      10
NODATA_value  -99
[rows 0 to 23 of 512, columns 424 to 476 of 512]
107.7032961426900783 98.4885780179610464 89.4427190999915922 80.6225774829854913 70.7106781186547551 60.8276253029821987 50.9901951359278485 41.2310562561766076 31.6227766016837926 22.3606797749978981 14.142135623730951 10 10 10 10 14.142135623730951 14.142135623730951 10 10 10 10 10 10 10 14.142135623730951 10 10 14.142135623730951 10 10 10 10 10 10 10 10 10 10 10 10 10 10 10 10 10 14.142135623730951 10 10 10 10 10 14.142135623730951 22.3606797749978981
102.956301409870008 94.8683298050513741 85.4400374531753073 76.1577310586390865 67.082039324993687 58.3095189484530039 50 40 30 20 10 -10 -10 -10 -10 10 10 -10 -10 -10 -10 -10 -10 -10 10 -10 -10 10 -10 -10 -10 -10 -10 -10 -10 -10 -10 -10 -10 -10 -10 -10 -10 -10 -10 10 -10 -10 -10 -10 -10 10 14.142135623730951
94.3398113205660422 89.4427190999915922 82.4621125123532153 72.8010988928051859 63.2455532033675851 53.8516480713450392 44.7213595499957961 36.0555127546398921 28.284271247461902 22.3606797749978981 14.142135623730951 10 10 -10 -14.142135623730951 -10 10 -10 -20 -20 -20 -10 10 10 -10 -10 -14.142135623730951 -10 10 -10 10 -10 -10 10 -10 -10 10 -10 -20 -20 -20 -20 -14.142135623730951 -10 -14.142135623730951 -10 -14.142135623730951 -20 -20 -20 -14.142135623730951 -10 10
86.0232526704262739 80.6225774829854913 76.1577310586390865 70.7106781186547551 60.8276253029821987 50.9901951359278485 41.2310562561766076 31.6227766016837926 22.3606797749978981 14.142135623730951 10 -10 -10 -14.142135623730951 -10 -14.142135623730951 -10 -14.142135623730951 -22.3606797749978981 -30 -22.3606797749978981 -14.142135623730951 -10 10 10 10 -10 -14.142135623730951 -10 -14.142135623730951 -10 -10 10 -10 10 -10 -10 -10 -14.142135623730951 -22.3606797749978981 -30 -20 -10 10 -10 -20 -22.3606797749978981 -22.3606797749978981 -20 -20 -10 10 10
78.1024967590665398 72.1110255092797843 67.082039324993687 63.2455532033675851 60 50 40 30 20 10 -10 10 10 -10 10 -10 -20 -22.3606797749978981 -28.284271247461902 -22.3606797749978981 -20 -14.142135623730951 -10 -10 10 -10 10 -10 -20 -14.142135623730951 -10 -10 10 10 10 -10 10 10 -10 -20 -22.3606797749978981 -22.3606797749978981 -14.142135623730951 -10 -14.142135623730951 -20 -20 -14.142135623730951 -10 -10 -10 10 -10
70.7106781186547551 64.0312423743284853 58.3095189484530039 53.8516480713450392 50.9901951359278485 50 40 30 20 10 -10 10 -10 -14.142135623730951 -10 -14.142135623730951 -22.3606797749978981 -31.6227766016837926 -22.3606797749978981 -14.142135623730951 -10 -10 10 10 10 -10 -10 -14.142135623730951 -14.142135623730951 -10 10 10 14.142135623730951 14.142135623730951 10 -10 -10 -10 -10 -10 -14.142135623730951 -22.3606797749978981 -22.3606797749978981 -20 -14.142135623730951 -10 -10 -10 10 10 -10 10 -10
63.2455532033675851 56.568542494923804 50 44.7213595499957961 41.2310562561766076 40 41.2310562561766076 31.6227766016837926 22.3606797749978981 14.142135623730951 10 -10 -10 -10 10 -10 -20 -30 -20 -10 10 -10 -10 -10 -10 -14.142135623730951 -20 -20 -10 10 -10 10 20 10 -10 -14.142135623730951 -20 -10 10 10 -10 -20 -28.284271247461902 -20 -10 10 10 -10 -10 -10 10 -10 -14.142135623730951
53.8516480713450392 50 42.426406871192853 36.0555127546398921 31.6227766016837926 30 31.6227766016837926 36.0555127546398921 28.284271247461902 22.3606797749978981 14.142135623730951 10 10 -10 10 -10 -20 -22.3606797749978981 -20 -10 10 -10 -20 -20 -20 -22.3606797749978981 -28.284271247461902 -20 -10 10 -10 10 20 10 -10 -20 -22.3606797749978981 -14.142135623730951 -10 -10 -14.142135623730951 -22.3606797749978981 -22.3606797749978981 -14.142135623730951 -10 10 -10 -14.142135623730951 -20 -14.142135623730951 -10 -14.142135623730951 -22.3606797749978981
44.7213595499957961 41.2310562561766076 36.0555127546398921 28.284271247461902 22.3606797749978981 20 22.3606797749978981 28.284271247461902 30 20 10 -10 -10 -10 10 -10 -20 -14.142135623730951 -10 -14.142135623730951 -10 -10 -14.142135623730951 -22.3606797749978981 -28.284271247461902 -22.3606797749978981 -20 -20 -14.142135623730951 -10 -10 10 10 10 -10 -20 -28.284271247461902 -22.3606797749978981 -14.142135623730951 -10 -10 -14.142135623730951 -14.142135623730951 -10 10 -10 -14.142135623730951 -22.3606797749978981 -28.284271247461902 -22.3606797749978981 -20 -20 -22.3606797749978981
36.0555127546398921 31.6227766016837926 28.284271247461902 22.3606797749978981 14.142135623730951 10 14.142135623730951 20 22.3606797749978981 22.3606797749978981 14.142135623730951 10 -10 -10 10 -10 -10 -10 10 -10 -10 10 -10 -20 -22.3606797749978981 -14.142135623730951 -10 -10 -14.142135623730951 -20 -14.142135623730951 -10 -10 10 -10 -20 -30 -20 -10 10 10 -10 -10 10 -10 10 -10 -20 -22.3606797749978981 -14.142135623730951 -10 -10 -14.142135623730951
28.284271247461902 22.3606797749978981 20 14.142135623730951 10 -10 10 10 14.142135623730951 20 14.142135623730951 10 -10 -10 10 10 10 10 -10 -14.142135623730951 -14.142135623730951 -10 -14.142135623730951 -20 -20 -10 10 10 -10 -20 -22.3606797749978981 -20 -10 10 -10 -20 -20 -22.3606797749978981 -14.142135623730951 -10 10 -10 -10 10 10 10 -10 -20 -20 -10 10 10 -10
22.3606797749978981 14.142135623730951 10 10 -10 -14.142135623730951 -10 -10 10 10 10 -10 10 10 10 -10 10 10 -10 -10 -14.142135623730951 -14.142135623730951 -10 -10 -10 -14.142135623730951 -10 -10 -14.142135623730951 -22.3606797749978981 -22.3606797749978981 -14.142135623730951 -10 10 -10 -14.142135623730951 -10 -14.142135623730951 -22.3606797749978981 -14.142135623730951 -10 -14.142135623730951 -14.142135623730951 -10 -10 10 -10 -14.142135623730951 -22.3606797749978981 -14.142135623730951 -10 10 10
14.142135623730951 10 -10 -10 -14.142135623730951 -22.3606797749978981 -14.142135623730951 -10 -10 -10 -10 -10 -10 10 -10 10 10 -10 -10 10 -10 -10 10 10 10 -10 -14.142135623730951 -10 -14.142135623730951 -22.3606797749978981 -20 -10 10 10 -10 -10 10 -10 -14.142135623730951 -10 -14.142135623730951 -20 -20 -20 -14.142135623730951 -10 10 -10 -20 -20 -10 10 20
10 -10 10 -10 -20 -14.142135623730951 -10 10 -10 -10 10 10 -10 -10 10 10 -10 -14.142135623730951 -14.142135623730951 -10 -14.142135623730951 -14.142135623730951 -10 10 10 -10 -10 10 -10 -20 -14.142135623730951 -10 10 10 -10 -10 10 -10 -10 10 -10 -10 -10 -14.142135623730951 -20 -14.142135623730951 -10 -14.142135623730951 -10 -14.142135623730951 -10 10 10
14.142135623730951 10 -10 -10 -14.142135623730951 -10 10 -10 -10 10 -10 10 -10 -14.142135623730951 -10 -10 -14.142135623730951 -10 -14.142135623730951 -20 -22.3606797749978981 -20 -10 10 10 -10 10 10 -10 -20 -10 10 14.142135623730951 10 -10 -10 10 10 10 10 10 10 10 -10 -10 -14.142135623730951 -14.142135623730951 -10 10 -10 -10 -10 -10
22.3606797749978981 14.142135623730951 10 10 -10 -10 10 -10 -14.142135623730951 -10 -14.142135623730951 -10 -10 -14.142135623730951 -10 10 -10 10 -10 -14.142135623730951 -22.3606797749978981 -14.142135623730951 -10 10 -10 -10 10 -10 -14.142135623730951 -22.3606797749978981 -14.142135623730951 -10 10 10 10 10 14.142135623730951 20 10 -10 -10 -10 -10 -10 10 -10 -10 10 -10 10 10 10 10
28.284271247461902 22.3606797749978981 20 14.142135623730951 10 -10 10 10 -10 -14.142135623730951 -10 -10 10 -10 -14.142135623730951 -10 -10 -10 10 -10 -14.142135623730951 -10 10 10 -10 10 10 -10 -14.142135623730951 -22.3606797749978981 -14.142135623730951 -10 -10 -10 10 20 22.3606797749978981 22.3606797749978981 14.142135623730951 10 -10 -14.142135623730951 -10 -10 10 10 10 -10 -14.142135623730951 -10 10 -10 -10
30 28.284271247461902 22.3606797749978981 20 14.142135623730951 10 14.142135623730951 10 -10 -10 10 -10 -10 -14.142135623730951 -20 -10 10 -10 -10 10 -10 10 14.142135623730951 10 -10 -10 -10 10 -10 -14.142135623730951 -10 10 10 -10 10 10 14.142135623730951 22.3606797749978981 14.142135623730951 10 -10 -10 10 -10 10 10 -10 -14.142135623730951 -22.3606797749978981 -14.142135623730951 -10 -10 10
20 20 14.142135623730951 10 10 14.142135623730951 10 10 10 -10 10 -10 10 -10 -20 -14.142135623730951 -10 -10 10 -10 -10 10 10 10 -10 -10 -14.142135623730951 -10 10 -10 -10 10 14.142135623730951 10 -10 -10 10 14.142135623730951 10 -10 -14.142135623730951 -14.142135623730951 -10 -10 -10 10 -10 -20 -22.3606797749978981 -22.3606797749978981 -20 -14.142135623730951 -10
10 10 10 -10 -10 10 -10 -10 -10 -10 -10 -10 -10 -10 -10 -10 -14.142135623730951 -14.142135623730951 -10 -14.142135623730951 -14.142135623730951 -10 -10 -10 -10 10 -10 -10 10 10 10 14.142135623730951 10 10 -10 10 10 10 -10 10 -10 -20 -10 10 10 10 -10 -10 -14.142135623730951 -22.3606797749978981 -28.284271247461902 -22.3606797749978981 -14.142135623730951
-10 -10 -10 10 10 10 10 10 10 10 10 10 -10 10 10 10 -10 -20 -20 -22.3606797749978981 -22.3606797749978981 -20 -10 10 10 14.142135623730951 10 10 14.142135623730951 20 20 10 -10 10 -10 10 -10 -10 -14.142135623730951 -10 -14.142135623730951 -14.142135623730951 -10 10 -10 10 -10 10 -10 -20 -28.284271247461902 -22.3606797749978981 -20
-20 -20 -10 10 -10 -10 10 20 20 14.142135623730951 10 -10 10 -10 10 -10 -10 -14.142135623730951 -22.3606797749978981 -28.284271247461902 -31.6227766016837926 -22.3606797749978981 -14.142135623730951 -10 -10 10 10 14.142135623730951 22.3606797749978981 28.284271247461902 22.3606797749978981 14.142135623730951 10 -10 10 14.142135623730951 10 10 -10 -20 -20 -10 10 -10 -10 10 10 -10 -14.142135623730951 -20 -20 -14.142135623730951 -10
-22.3606797749978981 -20 -14.142135623730951 -10 -10 10 14.142135623730951 22.3606797749978981 20 10 -10 -10 -10 10 14.142135623730951 10 10 -10 -14.142135623730951 -22.3606797749978981 -31.6227766016837926 -28.284271247461902 -22.3606797749978981 -20 -14.142135623730951 -10 -10 10 14.142135623730951 20 20 10 -10 10 10 10 10 -10 -14.142135623730951 -22.3606797749978981 -14.142135623730951 -10 10 10 10 14.142135623730951 14.142135623730951 10 -10 -10 -10 -10 10
-14.142135623730951 -10 -10 -10 10 10 14.142135623730951 22.3606797749978981 14.142135623730951 10 -10 10 -10 -10 10 -10 -10 10 -10 -20 -30 -36.0555127546398921 -31.6227766016837926 -28.284271247461902 -20 -10 10 -10 10 10 10 14.142135623730951 10 10 -10 -10 -10 -14.142135623730951 -22.3606797749978981 -20 -10 10 -10 -10 10 14.142135623730951 10 -10 -10 10 10 -10 -10
