landscape/exported_ascii_MS_HABMAT_PATCHES_ONLY_DIST/simulation_000064_p058_h009_HABMAT_patch_more_500pix_edge_dist_modified.asc
ncols         512
nrows         512
xllcorner     0
yllcorner     0
cellsize      10
NODATA_value  -99
[rows 432 to 458 of 512, columns 240 to 299 of 512]
-50 -44.7213595499957961 -41.2310562561766076 -36.0555127546398921 -31.6227766016837926 -30 -30 -31.6227766016837926 -28.284271247461902 -20 -10 10 -10 10 -10 10 10 -10 -10 10 10 -10 -14.142135623730951 -22.3606797749978981 -28.284271247461902 -22.3606797749978981 -20 -14.142135623730951 -10 -14.142135623730951 -20 -20 -20 -20 -10 10 10 14.142135623730951 14.142135623730951 10 -10 -20 -20 -10 10 10 -10 10 -10 10 -10 10 -10 -10 10 20 22.3606797749978981 14.142135623730951 10 -10
-42.426406871192853 -36.0555127546398921 -31.6227766016837926 -28.284271247461902 -22.3606797749978981 -20 -20 -22.3606797749978981 -22.3606797749978981 -14.142135623730951 -10 10 10 10 -10 -10 -10 -14.142135623730951 -10 10 -10 -14.142135623730951 -10 -14.142135623730951 -22.3606797749978981 -31.6227766016837926 -22.3606797749978981 -14.142135623730951 -10 -10 -14.142135623730951 -14.142135623730951 -10 -14.142135623730951 -10 10 -10 10 10 -10 -10 -14.142135623730951 -14.142135623730951 -10 -10 -10 -10 10 -10 10 10 -10 10 -10 10 14.142135623730951 14.142135623730951 10 10 -10
-36.0555127546398921 -28.284271247461902 -22.3606797749978981 -20 -14.142135623730951 -10 -10 -14.142135623730951 -20 -10 10 -10 10 10 -10 -20 -20 -14.142135623730951 -10 -10 10 -10 10 -10 -20 -28.284271247461902 -20 -10 10 10 -10 -10 10 -10 -14.142135623730951 -10 -14.142135623730951 -10 -10 -10 10 -10 -10 10 10 -10 -10 10 10 14.142135623730951 14.142135623730951 10 14.142135623730951 10 -10 10 10 -10 -10 -14.142135623730951
-31.6227766016837926 -22.3606797749978981 -14.142135623730951 -10 -10 10 10 -10 -20 -14.142135623730951 -10 -10 -10 -10 -14.142135623730951 -22.3606797749978981 -20 -10 10 10 -10 -14.142135623730951 -10 -14.142135623730951 -22.3606797749978981 -20 -14.142135623730951 -10 10 10 -10 10 -10 -14.142135623730951 -22.3606797749978981 -20 -10 10 10 10 -10 10 10 -10 10 10 10 14.142135623730951 20 20 22.3606797749978981 20 20 10 -10 -10 10 -10 10 -10
-28.284271247461902 -20 -10 10 -10 -10 -10 -14.142135623730951 -22.3606797749978981 -20 -10 10 -10 -20 -22.3606797749978981 -20 -14.142135623730951 -10 -10 -10 -10 -14.142135623730951 -20 -22.3606797749978981 -14.142135623730951 -10 -10 10 10 -10 -10 10 -10 -20 -20 -20 -10 10 14.142135623730951 14.142135623730951 10 14.142135623730951 14.142135623730951 10 14.142135623730951 20 20 22.3606797749978981 14.142135623730951 10 14.142135623730951 14.142135623730951 10 14.142135623730951 10 -10 10 10 10 -10
-22.3606797749978981 -22.3606797749978981 -14.142135623730951 -10 -14.142135623730951 -20 -20 -22.3606797749978981 -28.284271247461902 -22.3606797749978981 -14.142135623730951 -10 -14.142135623730951 -22.3606797749978981 -14.142135623730951 -10 -10 10 10 -10 10 -10 -20 -20 -10 10 -10 10 -10 -14.142135623730951 -14.142135623730951 -10 -10 -14.142135623730951 -10 -14.142135623730951 -14.142135623730951 -10 10 20 20 22.3606797749978981 22.3606797749978981 20 22.3606797749978981 28.284271247461902 22.3606797749978981 20 10 -10 10 10 -10 10 -10 -10 10 14.142135623730951 10 -10
-20 -28.284271247461902 -22.3606797749978981 -20 -22.3606797749978981 -28.284271247461902 -30 -31.6227766016837926 -28.284271247461902 -22.3606797749978981 -20 -20 -22.3606797749978981 -14.142135623730951 -10 10 10 -10 -10 10 -10 -10 -14.142135623730951 -20 -14.142135623730951 -10 10 10 -10 -20 -14.142135623730951 -10 10 -10 10 -10 -10 10 14.142135623730951 22.3606797749978981 30 31.6227766016837926 31.6227766016837926 28.284271247461902 22.3606797749978981 20 14.142135623730951 10 10 -10 10 -10 -14.142135623730951 -10 -14.142135623730951 -10 10 10 -10 -14.142135623730951
-22.3606797749978981 -22.3606797749978981 -14.142135623730951 -10 -14.142135623730951 -22.3606797749978981 -31.6227766016837926 -31.6227766016837926 -22.3606797749978981 -14.142135623730951 -10 -14.142135623730951 -14.142135623730951 -10 10 -10 10 10 10 14.142135623730951 10 10 -10 -10 -10 -10 10 10 -10 -20 -10 10 10 10 -10 -10 10 10 14.142135623730951 20 22.3606797749978981 28.284271247461902 22.3606797749978981 20 14.142135623730951 10 10 -10 -10 -14.142135623730951 -10 -10 -10 -14.142135623730951 -10 10 10 -10 -14.142135623730951 -22.3606797749978981
-28.284271247461902 -20 -10 10 -10 -20 -28.284271247461902 -22.3606797749978981 -20 -10 10 -10 -10 10 14.142135623730951 10 14.142135623730951 20 14.142135623730951 10 -10 10 10 10 10 -10 10 10 -10 -20 -14.142135623730951 -10 -10 -10 -10 -10 10 -10 10 10 14.142135623730951 22.3606797749978981 14.142135623730951 10 10 -10 10 -10 -20 -10 10 10 10 -10 -14.142135623730951 -10 -10 -14.142135623730951 -22.3606797749978981 -28.284271247461902
-31.6227766016837926 -22.3606797749978981 -14.142135623730951 -10 -14.142135623730951 -22.3606797749978981 -20 -14.142135623730951 -10 -14.142135623730951 -10 -10 -10 10 20 20 22.3606797749978981 20 10 -10 10 14.142135623730951 20 10 -10 -10 10 -10 -14.142135623730951 -22.3606797749978981 -20 -20 -14.142135623730951 -10 10 10 -10 -10 -10 -10 10 14.142135623730951 10 -10 -10 -14.142135623730951 -10 -10 -14.142135623730951 -14.142135623730951 -10 -10 -10 -14.142135623730951 -10 -10 10 -10 -20 -30
-31.6227766016837926 -22.3606797749978981 -14.142135623730951 -10 -14.142135623730951 -14.142135623730951 -10 -10 10 -10 10 10 10 14.142135623730951 22.3606797749978981 22.3606797749978981 14.142135623730951 10 10 -10 10 20 20 10 -10 -14.142135623730951 -10 -14.142135623730951 -22.3606797749978981 -14.142135623730951 -10 -14.142135623730951 -10 10 -10 -10 -10 10 10 -10 -10 10 10 -10 -20 -20 -10 10 -10 -20 -20 -20 -20 -10 10 10 -10 -14.142135623730951 -22.3606797749978981 -31.6227766016837926
-30 -20 -10 10 -10 -10 10 -10 -10 10 14.142135623730951 20 20 22.3606797749978981 28.284271247461902 20 10 -10 -10 10 14.142135623730951 20 14.142135623730951 10 -10 -20 -20 -22.3606797749978981 -20 -10 10 -10 10 -10 -14.142135623730951 -20 -14.142135623730951 -10 -10 -10 10 -10 -10 -14.142135623730951 -22.3606797749978981 -14.142135623730951 -10 -10 -14.142135623730951 -22.3606797749978981 -30 -30 -22.3606797749978981 -14.142135623730951 -10 10 -10 -14.142135623730951 -22.3606797749978981 -28.284271247461902
-22.3606797749978981 -20 -10 10 -10 -14.142135623730951 -10 -10 10 -10 10 20 30 31.6227766016837926 31.6227766016837926 22.3606797749978981 14.142135623730951 10 -10 -10 10 10 10 -10 -14.142135623730951 -22.3606797749978981 -28.284271247461902 -31.6227766016837926 -22.3606797749978981 -14.142135623730951 -10 -14.142135623730951 -10 -14.142135623730951 -20 -22.3606797749978981 -22.3606797749978981 -14.142135623730951 -10 -14.142135623730951 -10 -10 10 -10 -20 -10 10 -10 -20 -28.284271247461902 -36.0555127546398921 -36.0555127546398921 -28.284271247461902 -20 -10 10 10 -10 -14.142135623730951 -22.3606797749978981
-14.142135623730951 -10 -14.142135623730951 -10 -14.142135623730951 -22.3606797749978981 -20 -14.142135623730951 -10 10 14.142135623730951 22.3606797749978981 30 31.6227766016837926 36.0555127546398921 28.284271247461902 22.3606797749978981 14.142135623730951 10 -10 10 -10 -10 -14.142135623730951 -10 -14.142135623730951 -22.3606797749978981 -31.6227766016837926 -22.3606797749978981 -14.142135623730951 -10 -14.142135623730951 -14.142135623730951 -10 -10 -14.142135623730951 -20 -10 10 -10 -20 -14.142135623730951 -10 -14.142135623730951 -22.3606797749978981 -14.142135623730951 -10 -14.142135623730951 -22.3606797749978981 -31.6227766016837926 -41.2310562561766076 -36.0555127546398921 -28.284271247461902 -20 -10 10 14.142135623730951 10 -10 -20
-10 10 -10 -14.142135623730951 -10 -14.142135623730951 -20 -10 10 10 14.142135623730951 20 20 22.3606797749978981 28.284271247461902 36.0555127546398921 28.284271247461902 22.3606797749978981 14.142135623730951 10 -10 -10 10 -10 10 -10 -20 -30 -20 -10 10 -10 -10 10 10 -10 -20 -14.142135623730951 -10 -14.142135623730951 -22.3606797749978981 -22.3606797749978981 -20 -22.3606797749978981 -20 -22.3606797749978981 -20 -22.3606797749978981 -28.284271247461902 -36.0555127546398921 -41.2310562561766076 -31.6227766016837926 -22.3606797749978981 -14.142135623730951 -10 -10 10 -10 -14.142135623730951 -22.3606797749978981
10 10 -10 -10 10 -10 -20 -14.142135623730951 -10 -10 10 10 10 14.142135623730951 22.3606797749978981 31.6227766016837926 30 20 10 -10 -10 10 14.142135623730951 10 -10 -14.142135623730951 -22.3606797749978981 -31.6227766016837926 -22.3606797749978981 -14.142135623730951 -10 -14.142135623730951 -14.142135623730951 -10 -10 -14.142135623730951 -22.3606797749978981 -22.3606797749978981 -20 -22.3606797749978981 -28.284271247461902 -31.6227766016837926 -22.3606797749978981 -14.142135623730951 -10 -14.142135623730951 -22.3606797749978981 -31.6227766016837926 -36.0555127546398921 -42.426406871192853 -40 -30 -20 -10 10 -10 10 -10 -14.142135623730951 -22.3606797749978981
10 -10 -10 -10 -10 -14.142135623730951 -14.142135623730951 -10 10 10 -10 -10 -10 10 20 30 31.6227766016837926 22.3606797749978981 14.142135623730951 10 10 14.142135623730951 10 -10 -14.142135623730951 -20 -22.3606797749978981 -28.284271247461902 -28.284271247461902 -22.3606797749978981 -20 -22.3606797749978981 -22.3606797749978981 -20 -20 -20 -20 -22.3606797749978981 -22.3606797749978981 -20 -20 -22.3606797749978981 -20 -10 10 -10 -20 -30 -40 -50 -41.2310562561766076 -31.6227766016837926 -22.3606797749978981 -14.142135623730951 -10 -14.142135623730951 -10 10 -10 -20
-10 10 10 10 -10 -20 -10 10 14.142135623730951 14.142135623730951 10 10 -10 10 20 30 36.0555127546398921 28.284271247461902 22.3606797749978981 20 20 20 10 -10 -14.142135623730951 -10 -14.142135623730951 -20 -20 -22.3606797749978981 -28.284271247461902 -31.6227766016837926 -31.6227766016837926 -22.3606797749978981 -14.142135623730951 -10 -10 -14.142135623730951 -14.142135623730951 -10 -10 -14.142135623730951 -10 -10 10 -10 -20 -30 -40 -50 -44.7213595499957961 -36.0555127546398921 -28.284271247461902 -22.3606797749978981 -20 -22.3606797749978981 -14.142135623730951 -10 -14.142135623730951 -22.3606797749978981
-10 10 10 -10 -14.142135623730951 -14.142135623730951 -10 10 14.142135623730951 10 -10 10 10 14.142135623730951 22.3606797749978981 30 31.6227766016837926 36.0555127546398921 31.6227766016837926 30 22.3606797749978981 14.142135623730951 10 -10 -10 10 -10 -10 -10 -14.142135623730951 -22.3606797749978981 -28.284271247461902 -22.3606797749978981 -20 -10 10 10 -10 -10 10 10 -10 10 -10 -10 -14.142135623730951 -22.3606797749978981 -31.6227766016837926 -41.2310562561766076 -50.9901951359278485 -50 -42.426406871192853 -36.0555127546398921 -31.6227766016837926 -30 -28.284271247461902 -22.3606797749978981 -20 -20 -22.3606797749978981
-14.142135623730951 -10 -10 -14.142135623730951 -10 -10 10 14.142135623730951 10 -10 10 -10 10 14.142135623730951 20 20 22.3606797749978981 28.284271247461902 36.0555127546398921 30 20 10 -10 -10 -10 -10 -10 10 10 -10 -20 -20 -14.142135623730951 -10 -10 -10 -10 -14.142135623730951 -14.142135623730951 -10 10 -10 -10 -14.142135623730951 -20 -22.3606797749978981 -28.284271247461902 -36.0555127546398921 -44.7213595499957961 -44.7213595499957961 -41.2310562561766076 -40 -41.2310562561766076 -41.2310562561766076 -36.0555127546398921 -31.6227766016837926 -22.3606797749978981 -14.142135623730951 -10 -14.142135623730951
-22.3606797749978981 -20 -20 -10 10 -10 -10 10 -10 -14.142135623730951 -10 -10 -10 10 10 10 14.142135623730951 22.3606797749978981 31.6227766016837926 31.6227766016837926 22.3606797749978981 14.142135623730951 10 10 10 10 10 10 -10 -10 -10 -10 -10 10 10 -10 -10 -14.142135623730951 -22.3606797749978981 -14.142135623730951 -10 -14.142135623730951 -20 -22.3606797749978981 -28.284271247461902 -31.6227766016837926 -36.0555127546398921 -42.426406871192853 -42.426406871192853 -36.0555127546398921 -31.6227766016837926 -30 -31.6227766016837926 -36.0555127546398921 -28.284271247461902 -22.3606797749978981 -20 -10 10 -10
-20 -14.142135623730951 -10 -14.142135623730951 -10 -14.142135623730951 -14.142135623730951 -10 10 -10 10 10 10 10 -10 -10 10 20 30 36.0555127546398921 28.284271247461902 22.3606797749978981 20 20 20 20 20 10 -10 10 10 10 -10 -10 -10 -10 10 -10 -20 -22.3606797749978981 -20 -22.3606797749978981 -28.284271247461902 -31.6227766016837926 -36.0555127546398921 -41.2310562561766076 -44.7213595499957961 -44.7213595499957961 -36.0555127546398921 -28.284271247461902 -22.3606797749978981 -20 -22.3606797749978981 -28.284271247461902 -22.3606797749978981 -14.142135623730951 -10 -14.142135623730951 -10 10
-10 -10 10 -10 -20 -22.3606797749978981 -14.142135623730951 -10 -10 -14.142135623730951 -10 10 -10 -10 10 10 14.142135623730951 22.3606797749978981 31.6227766016837926 41.2310562561766076 36.0555127546398921 31.6227766016837926 30 30 30 30 22.3606797749978981 14.142135623730951 10 14.142135623730951 20 14.142135623730951 10 10 10 10 -10 -14.142135623730951 -22.3606797749978981 -20 -22.3606797749978981 -28.284271247461902 -36.0555127546398921 -41.2310562561766076 -44.7213595499957961 -50 -44.7213595499957961 -41.2310562561766076 -31.6227766016837926 -22.3606797749978981 -14.142135623730951 -10 -14.142135623730951 -22.3606797749978981 -20 -10 10 -10 -10 -10
10 -10 10 -10 -20 -20 -10 10 10 -10 -10 -10 -10 -10 10 20 22.3606797749978981 28.284271247461902 36.0555127546398921 42.426406871192853 44.7213595499957961 41.2310562561766076 40 40 40 36.0555127546398921 28.284271247461902 22.3606797749978981 20 22.3606797749978981 28.284271247461902 22.3606797749978981 20 10 -10 10 -10 -20 -14.142135623730951 -10 -14.142135623730951 -22.3606797749978981 -31.6227766016837926 -41.2310562561766076 -50 -42.426406871192853 -36.0555127546398921 -31.6227766016837926 -30 -20 -10 10 -10 -20 -14.142135623730951 -10 -10 10 10 -10
14.142135623730951 10 -10 -14.142135623730951 -20 -20 -10 10 14.142135623730951 10 10 -10 10 10 14.142135623730951 10 14.142135623730951 22.3606797749978981 28.284271247461902 36.0555127546398921 42.426406871192853 50 50 50 50 42.426406871192853 36.0555127546398921 31.6227766016837926 30 31.6227766016837926 36.0555127546398921 28.284271247461902 20 10 -10 -10 -14.142135623730951 -20 -10 10 -10 -20 -28.284271247461902 -36.0555127546398921 -41.2310562561766076 -36.0555127546398921 -28.284271247461902 -22.3606797749978981 -20 -22.3606797749978981 -14.142135623730951 -10 -14.142135623730951 -14.142135623730951 -10 10 10 14.142135623730951 10 10
10 -10 -14.142135623730951 -14.142135623730951 -10 -10 -14.142135623730951 -10 10 10 -10 10 10 14.142135623730951 10 -10 10 14.142135623730951 22.3606797749978981 28.284271247461902 36.0555127546398921 44.7213595499957961 53.8516480713450392 60 56.568542494923804 50 44.7213595499957961 41.2310562561766076 40 41.2310562561766076 31.6227766016837926 22.3606797749978981 14.142135623730951 10 10 -10 -10 -14.142135623730951 -10 -10 -10 -14.142135623730951 -22.3606797749978981 -30 -31.6227766016837926 -31.6227766016837926 -22.3606797749978981 -14.142135623730951 -10 -14.142135623730951 -22.3606797749978981 -14.142135623730951 -10 -10 10 -10 -10 10 -10 -10
10 -10 -10 -10 10 10 -10 10 -10 -10 10 -10 -10 10 -10 10 -10 10 14.142135623730951 22.3606797749978981 31.6227766016837926 41.2310562561766076 50.9901951359278485 53.8516480713450392 50.9901951359278485 50 50 50.9901951359278485 50 40 30 20 10 -10 10 -10 10 -10 10 -10 10 -10 -20 -20 -22.3606797749978981 -28.284271247461902 -20 -10 10 -10 -20 -10 10 -10 -10 -10 10 -10 -14.142135623730951 -20
