landscape/exported_ascii_MS_HABMAT_PATCHES_ONLY_DIST/simulation_000056_p051_h034_HABMAT_patch_more_500pix_edge_dist_modified.asc
ncols         512
nrows         512
xllcorner     0
yllcorner     0
cellsize      10
NODATA_value  -99
[rows 200 to 224 of 512, columns 168 to 223 of 512]
41.2310562561766076 44.7213595499957961 50 56.568542494923804 64.0312423743284853 70.7106781186547551 78.1024967590665398 86.0232526704262739 94.3398113205660422 102.956301409870008 111.8033988749894831 120.4159457879229507 127.2792206135785591 134.5362404707371127 141.4213562373095101 148.6606874731850496 155.5634918610404611 162.7882059609970611 170.2938636592640194 178.0449381476485655 186.0107523773827438 194.1648783894760015 199.2485884517127488 189.7366596101027483 180.2775637731994607 170.8800749063506146 161.5549442140351175 152.3154621172781731 143.1782106327635233 134.1640786499873741 125.2996408614166768 116.6190378969060077 108.1665382639196764 100 92.1954445729288778 82.4621125123532153 72.8010988928051859 63.2455532033675851 53.8516480713450392 44.7213595499957961 36.0555127546398921 28.284271247461902 22.3606797749978981 14.142135623730951 10 -10 10 14.142135623730951 10 -10 -14.142135623730951 -14.142135623730951 -10 -14.142135623730951 -22.3606797749978981 -31.6227766016837926
50 53.8516480713450392 58.3095189484530039 64.0312423743284853 70.7106781186547551 78.1024967590665398 84.8528137423857061 92.1954445729288778 100 108.1665382639196764 116.6190378969060077 125.2996408614166768 134.1640786499873741 141.4213562373095101 148.6606874731850496 155.5634918610404611 162.7882059609970611 169.7056274847714121 176.9180601295413169 184.3908891458577557 192.0937271229854559 200 202.4845673131658828 193.1320791582796517 183.8477631085023631 174.6424919657298176 165.5294535724684977 156.524758424985265 147.6482306023339959 138.9244398944980503 130.3840481040529653 122.0655561573370278 114.0175425099137954 104.4030650891054961 94.8683298050513741 85.4400374531753073 76.1577310586390865 67.082039324993687 58.3095189484530039 50 40 30 20 10 -10 10 10 10 -10 10 -10 -20 -20 -22.3606797749978981 -28.284271247461902 -36.0555127546398921
58.3095189484530039 63.2455532033675851 67.082039324993687 72.1110255092797843 78.1024967590665398 84.8528137423857061 92.1954445729288778 98.9949493661166571 106.3014581273464927 114.0175425099137954 122.0655561573370278 130.3840481040529653 138.9244398944980503 147.6482306023339959 155.5634918610404611 162.7882059609970611 169.7056274847714121 176.9180601295413169 183.8477631085023631 191.0497317454280051 198.4943324127920903 206.1552812808830311 206.1552812808830311 196.9771560359220928 187.8829422805593481 178.8854381999831844 170 161.2451549659709826 152.3154621172781731 143.1782106327635233 134.1640786499873741 125.2996408614166768 116.6190378969060077 107.7032961426900783 98.4885780179610464 89.4427190999915922 80.6225774829854913 70.7106781186547551 60.8276253029821987 50.9901951359278485 41.2310562561766076 31.6227766016837926 22.3606797749978981 14.142135623730951 10 -10 -10 -10 10 -10 -14.142135623730951 -10 -14.142135623730951 -22.3606797749978981 -31.6227766016837926 -40
67.082039324993687 72.1110255092797843 76.1577310586390865 80.6225774829854913 86.0232526704262739 92.1954445729288778 98.9949493661166571 106.3014581273464927 113.1370849898476081 120.4159457879229507 128.0624847486569706 136.0147050873544288 144.2220510185595685 152.6433752247374684 161.2451549659709826 169.7056274847714121 176.9180601295413169 183.8477631085023631 191.0497317454280051 197.9898987322333141 205.1828452868319062 212.6029162546929854 206.1552812808830311 196.4688270438849997 186.8154169226940553 177.2004514666934938 167.6305461424020962 158.1138830084189806 148.6606874731850496 139.2838827718412062 130 120.8304597359457233 111.8033988749894831 102.956301409870008 94.3398113205660422 85.4400374531753073 76.1577310586390865 67.082039324993687 58.3095189484530039 50 42.426406871192853 36.0555127546398921 28.284271247461902 20 10 -10 -10 10 10 -10 -10 10 -10 -20 -30 -31.6227766016837926
76.1577310586390865 80.6225774829854913 85.4400374531753073 89.4427190999915922 94.3398113205660422 100 106.3014581273464927 113.1370849898476081 120.4159457879229507 127.2792206135785591 134.5362404707371127 142.1267040355189408 150 158.1138830084189806 166.4331697709323805 174.9285568453590258 183.5755975068582018 191.0497317454280051 197.9898987322333141 205.1828452868319062 211.896201004170905 213.7755832643194935 203.9607805437113939 194.1648783894760015 184.3908891458577557 174.6424919657298176 164.9242250247064305 155.2417469626002458 145.6021977856103717 136.0147050873544288 126.4911064067351703 117.0469991071962568 107.7032961426900783 98.4885780179610464 89.4427190999915922 80.6225774829854913 72.1110255092797843 63.2455532033675851 53.8516480713450392 44.7213595499957961 36.0555127546398921 28.284271247461902 22.3606797749978981 14.142135623730951 10 -10 -10 10 10 -10 -14.142135623730951 -10 -14.142135623730951 -22.3606797749978981 -20 -22.3606797749978981
85.4400374531753073 89.4427190999915922 94.3398113205660422 98.4885780179610464 102.956301409870008 108.1665382639196764 114.0175425099137954 120.4159457879229507 127.2792206135785591 134.5362404707371127 141.4213562373095101 148.6606874731850496 156.2049935181330795 164.0121946685672469 172.0465053408525478 180.2775637731994607 188.6796226411320845 194.1648783894760015 196.4688270438849997 199.2485884517127488 202.4845673131658828 206.1552812808830311 202.2374841615668402 192.3538406167134553 182.4828759089465962 172.6267650163206895 162.7882059609970611 152.9705854077835454 143.1782106327635233 133.4166406412633421 123.6931687685298158 114.0175425099137954 104.4030650891054961 94.8683298050513741 85.4400374531753073 76.1577310586390865 67.082039324993687 58.3095189484530039 50 41.2310562561766076 31.6227766016837926 22.3606797749978981 14.142135623730951 10 -10 -10 10 14.142135623730951 10 -10 -10 -14.142135623730951 -22.3606797749978981 -14.142135623730951 -10 -14.142135623730951
84.8528137423857061 92.1954445729288778 100 107.7032961426900783 111.8033988749894831 116.6190378969060077 122.0655561573370278 128.0624847486569706 134.5362404707371127 141.4213562373095101 148.6606874731850496 155.5634918610404611 162.7882059609970611 170.2938636592640194 178.0449381476485655 181.107702762748346 182.4828759089465962 184.3908891458577557 186.8154169226940553 189.7366596101027483 193.1320791582796517 196.9771560359220928 200.9975124224177989 191.0497317454280051 181.107702762748346 171.1724276862368868 161.2451549659709826 151.3274595042155681 141.4213562373095101 131.5294643796590606 121.6552506059643974 111.8033988749894831 101.9803902718556969 92.1954445729288778 82.4621125123532153 72.8010988928051859 63.2455532033675851 53.8516480713450392 44.7213595499957961 36.0555127546398921 28.284271247461902 20 10 -10 -14.142135623730951 -10 10 20 14.142135623730951 10 10 -10 -20 -10 10 -10
78.1024967590665398 86.0232526704262739 94.3398113205660422 102.956301409870008 111.8033988749894831 120.8304597359457233 130 136.0147050873544288 142.1267040355189408 148.6606874731850496 155.5634918610404611 162.7882059609970611 169.7056274847714121 170 170.2938636592640194 171.1724276862368868 172.6267650163206895 174.6424919657298176 177.2004514666934938 180.2775637731994607 183.8477631085023631 187.8829422805593481 192.3538406167134553 190.2629759044044704 180.2775637731994607 170.2938636592640194 160.3121954188139853 150.3329637837290704 140.3566884761820006 130.3840481040529653 120.4159457879229507 110.4536101718726115 100.4987562112088995 90.553851381374173 80.6225774829854913 70.7106781186547551 60.8276253029821987 50.9901951359278485 41.2310562561766076 31.6227766016837926 22.3606797749978981 14.142135623730951 10 10 -10 10 14.142135623730951 20 10 -10 10 -10 -20 -14.142135623730951 -10 -14.142135623730951
72.1110255092797843 80.6225774829854913 89.4427190999915922 98.4885780179610464 107.7032961426900783 117.0469991071962568 126.4911064067351703 136.0147050873544288 144.2220510185595685 152.6433752247374684 161.2451549659709826 160.3121954188139853 160 160 160.3121954188139853 161.2451549659709826 162.7882059609970611 164.9242250247064305 167.6305461424020962 170.8800749063506146 174.6424919657298176 178.8854381999831844 183.5755975068582018 188.6796226411320845 180 170 160 150 140 130 120 110 100 90 80 70 60 50 40 30 20 10 -10 -10 -10 -10 10 14.142135623730951 10 -10 10 -10 -20 -22.3606797749978981 -20 -22.3606797749978981
67.082039324993687 76.1577310586390865 85.4400374531753073 94.8683298050513741 104.4030650891054961 114.0175425099137954 122.0655561573370278 130.3840481040529653 138.9244398944980503 147.6482306023339959 151.3274595042155681 150.3329637837290704 150 150 150.3329637837290704 151.3274595042155681 152.9705854077835454 155.2417469626002458 158.1138830084189806 161.5549442140351175 165.5294535724684977 170 174.9285568453590258 180.2775637731994607 180.2775637731994607 170.2938636592640194 160.3121954188139853 150.3329637837290704 140.3566884761820006 130.3840481040529653 120.4159457879229507 110.4536101718726115 100.4987562112088995 90.553851381374173 80.6225774829854913 70.7106781186547551 60.8276253029821987 50.9901951359278485 41.2310562561766076 31.6227766016837926 22.3606797749978981 14.142135623730951 10 10 10 10 14.142135623730951 10 -10 10 -10 -14.142135623730951 -22.3606797749978981 -31.6227766016837926 -30 -31.6227766016837926
63.2455532033675851 72.8010988928051859 82.4621125123532153 92.1954445729288778 100 108.1665382639196764 116.6190378969060077 125.2996408614166768 134.1640786499873741 143.1782106327635233 141.4213562373095101 140.3566884761820006 140 140 140.3566884761820006 141.4213562373095101 143.1782106327635233 145.6021977856103717 148.6606874731850496 152.3154621172781731 156.524758424985265 161.2451549659709826 166.4331697709323805 172.0465053408525478 178.0449381476485655 171.1724276862368868 161.2451549659709826 151.3274595042155681 141.4213562373095101 131.5294643796590606 121.6552506059643974 111.8033988749894831 101.9803902718556969 92.1954445729288778 82.4621125123532153 72.8010988928051859 63.2455532033675851 53.8516480713450392 44.7213595499957961 36.0555127546398921 28.284271247461902 22.3606797749978981 20 20 20 20 22.3606797749978981 14.142135623730951 10 10 -10 -20 -28.284271247461902 -31.6227766016837926 -30 -31.6227766016837926
60.8276253029821987 70.7106781186547551 78.1024967590665398 86.0232526704262739 94.3398113205660422 102.956301409870008 111.8033988749894831 120.8304597359457233 130 133.4166406412633421 131.5294643796590606 130.3840481040529653 130 130 130.3840481040529653 131.5294643796590606 133.4166406412633421 136.0147050873544288 139.2838827718412062 143.1782106327635233 147.6482306023339959 152.6433752247374684 158.1138830084189806 164.0121946685672469 170.2938636592640194 172.6267650163206895 162.7882059609970611 152.9705854077835454 143.1782106327635233 133.4166406412633421 123.6931687685298158 114.0175425099137954 104.4030650891054961 94.8683298050513741 85.4400374531753073 76.1577310586390865 67.082039324993687 58.3095189484530039 50 42.426406871192853 36.0555127546398921 31.6227766016837926 30 30 30 30 28.284271247461902 20 10 -10 -14.142135623730951 -22.3606797749978981 -28.284271247461902 -22.3606797749978981 -20 -22.3606797749978981
56.568542494923804 64.0312423743284853 72.1110255092797843 80.6225774829854913 89.4427190999915922 98.4885780179610464 107.7032961426900783 117.0469991071962568 126.4911064067351703 123.6931687685298158 121.6552506059643974 120.4159457879229507 120 120 120.4159457879229507 121.6552506059643974 123.6931687685298158 126.4911064067351703 130 134.1640786499873741 138.9244398944980503 144.2220510185595685 150 156.2049935181330795 162.7882059609970611 169.7056274847714121 164.9242250247064305 155.2417469626002458 145.6021977856103717 136.0147050873544288 126.4911064067351703 117.0469991071962568 107.7032961426900783 98.4885780179610464 89.4427190999915922 80.6225774829854913 72.1110255092797843 64.0312423743284853 56.568542494923804 50 44.7213595499957961 41.2310562561766076 40 40 40 40 31.6227766016837926 22.3606797749978981 14.142135623730951 10 -10 -20 -20 -14.142135623730951 -10 -14.142135623730951
50 58.3095189484530039 67.082039324993687 76.1577310586390865 85.4400374531753073 94.8683298050513741 104.4030650891054961 114.0175425099137954 117.0469991071962568 114.0175425099137954 111.8033988749894831 110.4536101718726115 110 110 110.4536101718726115 111.8033988749894831 114.0175425099137954 117.0469991071962568 120.8304597359457233 125.2996408614166768 130.3840481040529653 136.0147050873544288 142.1267040355189408 148.6606874731850496 155.5634918610404611 162.7882059609970611 167.6305461424020962 158.1138830084189806 148.6606874731850496 139.2838827718412062 130 120.8304597359457233 111.8033988749894831 102.956301409870008 94.3398113205660422 86.0232526704262739 78.1024967590665398 70.7106781186547551 64.0312423743284853 58.3095189484530039 53.8516480713450392 50.9901951359278485 50 50 50 41.2310562561766076 31.6227766016837926 22.3606797749978981 14.142135623730951 10 -10 -14.142135623730951 -10 -10 10 -10
44.7213595499957961 53.8516480713450392 63.2455532033675851 72.8010988928051859 82.4621125123532153 92.1954445729288778 101.9803902718556969 111.8033988749894831 107.7032961426900783 104.4030650891054961 101.9803902718556969 100.4987562112088995 100 100 100.4987562112088995 101.9803902718556969 104.4030650891054961 107.7032961426900783 111.8033988749894831 116.6190378969060077 122.0655561573370278 128.0624847486569706 134.5362404707371127 141.4213562373095101 148.6606874731850496 155.5634918610404611 162.7882059609970611 161.5549442140351175 152.3154621172781731 143.1782106327635233 134.1640786499873741 125.2996408614166768 116.6190378969060077 108.1665382639196764 100 92.1954445729288778 84.8528137423857061 78.1024967590665398 72.1110255092797843 67.082039324993687 63.2455532033675851 60.8276253029821987 60 60 50 40 30 20 10 -10 -10 -10 10 -10 10 10
41.2310562561766076 50.9901951359278485 60.8276253029821987 70.7106781186547551 80.6225774829854913 90.553851381374173 100.4987562112088995 102.956301409870008 98.4885780179610464 94.8683298050513741 92.1954445729288778 90.553851381374173 90 90 90.553851381374173 92.1954445729288778 94.8683298050513741 98.4885780179610464 102.956301409870008 108.1665382639196764 114.0175425099137954 120.4159457879229507 127.2792206135785591 134.5362404707371127 141.4213562373095101 148.6606874731850496 156.2049935181330795 164.0121946685672469 156.524758424985265 147.6482306023339959 138.9244398944980503 130.3840481040529653 122.0655561573370278 114.0175425099137954 106.3014581273464927 98.9949493661166571 92.1954445729288778 86.0232526704262739 80.6225774829854913 76.1577310586390865 72.8010988928051859 70.7106781186547551 67.082039324993687 58.3095189484530039 50 41.2310562561766076 31.6227766016837926 22.3606797749978981 14.142135623730951 10 10 -10 -10 10 -10 -10
40 50 60 70 80 90 100 94.3398113205660422 89.4427190999915922 85.4400374531753073 82.4621125123532153 80.6225774829854913 80 80 80.6225774829854913 82.4621125123532153 85.4400374531753073 89.4427190999915922 94.3398113205660422 100 106.3014581273464927 113.1370849898476081 120.4159457879229507 127.2792206135785591 134.5362404707371127 142.1267040355189408 150 158.1138830084189806 161.2451549659709826 152.6433752247374684 144.2220510185595685 136.0147050873544288 128.0624847486569706 120.4159457879229507 113.1370849898476081 106.3014581273464927 100 94.3398113205660422 89.4427190999915922 85.4400374531753073 82.4621125123532153 72.8010988928051859 63.2455532033675851 53.8516480713450392 44.7213595499957961 36.0555127546398921 28.284271247461902 22.3606797749978981 14.142135623730951 10 14.142135623730951 10 10 10 10 10
41.2310562561766076 50.9901951359278485 60.8276253029821987 70.7106781186547551 80.6225774829854913 90.553851381374173 92.1954445729288778 86.0232526704262739 80.6225774829854913 76.1577310586390865 72.8010988928051859 70.7106781186547551 70 70 70.7106781186547551 72.8010988928051859 76.1577310586390865 80.6225774829854913 86.0232526704262739 92.1954445729288778 98.9949493661166571 106.3014581273464927 113.1370849898476081 120.4159457879229507 128.0624847486569706 136.0147050873544288 144.2220510185595685 152.6433752247374684 161.2451549659709826 158.1138830084189806 150 142.1267040355189408 134.5362404707371127 127.2792206135785591 120.4159457879229507 114.0175425099137954 108.1665382639196764 102.956301409870008 98.4885780179610464 90.553851381374173 80.6225774829854913 70.7106781186547551 60.8276253029821987 50.9901951359278485 41.2310562561766076 31.6227766016837926 22.3606797749978981 14.142135623730951 10 -10 10 -10 10 -10 -10 -10
44.7213595499957961 53.8516480713450392 63.2455532033675851 72.8010988928051859 82.4621125123532153 89.4427190999915922 84.8528137423857061 78.1024967590665398 72.1110255092797843 67.082039324993687 63.2455532033675851 60.8276253029821987 60 60 60.8276253029821987 63.2455532033675851 67.082039324993687 72.1110255092797843 78.1024967590665398 84.8528137423857061 92.1954445729288778 98.9949493661166571 106.3014581273464927 114.0175425099137954 122.0655561573370278 130.3840481040529653 138.9244398944980503 147.6482306023339959 156.524758424985265 164.0121946685672469 156.2049935181330795 148.6606874731850496 141.4213562373095101 134.5362404707371127 128.0624847486569706 122.0655561573370278 116.6190378969060077 110 100 90 80 70 60 50 40 30 20 10 -10 -14.142135623730951 -10 -14.142135623730951 -10 10 10 10
50 58.3095189484530039 67.082039324993687 76.1577310586390865 85.4400374531753073 80.6225774829854913 76.1577310586390865 70.7106781186547551 64.0312423743284853 58.3095189484530039 53.8516480713450392 50.9901951359278485 50 50 50.9901951359278485 53.8516480713450392 58.3095189484530039 64.0312423743284853 70.7106781186547551 78.1024967590665398 84.8528137423857061 92.1954445729288778 100 108.1665382639196764 116.6190378969060077 125.2996408614166768 134.1640786499873741 143.1782106327635233 152.3154621172781731 161.5549442140351175 162.7882059609970611 155.5634918610404611 148.6606874731850496 142.1267040355189408 136.0147050873544288 130 120 110 100 90 80 70 60 50 40 30 20 10 -10 -10 10 -10 -14.142135623730951 -10 10 -10
56.568542494923804 64.0312423743284853 72.1110255092797843 80.6225774829854913 78.1024967590665398 72.1110255092797843 67.082039324993687 63.2455532033675851 56.568542494923804 50 44.7213595499957961 41.2310562561766076 40 40 41.2310562561766076 44.7213595499957961 50 56.568542494923804 64.0312423743284853 70.7106781186547551 78.1024967590665398 86.0232526704262739 94.3398113205660422 102.956301409870008 111.8033988749894831 120.8304597359457233 130 139.2838827718412062 148.6606874731850496 158.1138830084189806 167.6305461424020962 162.7882059609970611 156.2049935181330795 150 140 130 120 110 100 90 80 70 60 50 40 30 20 10 -10 10 -10 10 -10 10 14.142135623730951 10
64.0312423743284853 70.7106781186547551 78.1024967590665398 78.1024967590665398 70.7106781186547551 64.0312423743284853 58.3095189484530039 53.8516480713450392 50 42.426406871192853 36.0555127546398921 31.6227766016837926 30 30 31.6227766016837926 36.0555127546398921 42.426406871192853 50 56.568542494923804 64.0312423743284853 72.1110255092797843 80.6225774829854913 89.4427190999915922 98.4885780179610464 107.7032961426900783 117.0469991071962568 126.4911064067351703 136.0147050873544288 145.6021977856103717 155.2417469626002458 164.9242250247064305 170 160 150 140 130 120 110 100 90 80 70 60 50 40 30 20 10 -10 10 10 14.142135623730951 10 -10 10 10
72.1110255092797843 78.1024967590665398 80.6225774829854913 72.1110255092797843 64.0312423743284853 56.568542494923804 50 44.7213595499957961 41.2310562561766076 36.0555127546398921 28.284271247461902 22.3606797749978981 20 20 22.3606797749978981 28.284271247461902 36.0555127546398921 42.426406871192853 50 58.3095189484530039 67.082039324993687 76.1577310586390865 85.4400374531753073 94.8683298050513741 104.4030650891054961 114.0175425099137954 123.6931687685298158 133.4166406412633421 143.1782106327635233 152.9705854077835454 162.7882059609970611 170.2938636592640194 160.3121954188139853 150.3329637837290704 140.3566884761820006 130.3840481040529653 120.4159457879229507 110.4536101718726115 100.4987562112088995 90.553851381374173 80.6225774829854913 70.7106781186547551 60.8276253029821987 50.9901951359278485 41.2310562561766076 31.6227766016837926 22.3606797749978981 14.142135623730951 10 14.142135623730951 20 20 10 -10 10 10
72.1110255092797843 76.1577310586390865 76.1577310586390865 67.082039324993687 58.3095189484530039 50 42.426406871192853 36.0555127546398921 31.6227766016837926 28.284271247461902 22.3606797749978981 14.142135623730951 10 10 14.142135623730951 22.3606797749978981 28.284271247461902 36.0555127546398921 44.7213595499957961 53.8516480713450392 63.2455532033675851 72.8010988928051859 82.4621125123532153 92.1954445729288778 101.9803902718556969 111.8033988749894831 121.6552506059643974 131.5294643796590606 141.4213562373095101 151.3274595042155681 161.2451549659709826 170.2938636592640194 161.2451549659709826 151.3274595042155681 141.4213562373095101 131.5294643796590606 121.6552506059643974 111.8033988749894831 101.9803902718556969 92.1954445729288778 82.4621125123532153 72.8010988928051859 63.2455532033675851 53.8516480713450392 44.7213595499957961 36.0555127546398921 28.284271247461902 22.3606797749978981 20 14.142135623730951 10 10 10 -10 -10 10
63.2455532033675851 67.082039324993687 72.1110255092797843 63.2455532033675851 53.8516480713450392 44.7213595499957961 36.0555127546398921 28.284271247461902 22.3606797749978981 20 14.142135623730951 10 -10 -10 10 14.142135623730951 22.3606797749978981 31.6227766016837926 41.2310562561766076 50.9901951359278485 60.8276253029821987 70.7106781186547551 80.6225774829854913 90.553851381374173 100.4987562112088995 110.4536101718726115 120.4159457879229507 130.3840481040529653 140.3566884761820006 148.6606874731850496 156.2049935181330795 164.0121946685672469 162.7882059609970611 152.9705854077835454 143.1782106327635233 133.4166406412633421 123.6931687685298158 114.0175425099137954 104.4030650891054961 94.8683298050513741 85.4400374531753073 76.1577310586390865 67.082039324993687 58.3095189484530039 50 41.2310562561766076 31.6227766016837926 22.3606797749978981 14.142135623730951 10 -10 -10 -10 -14.142135623730951 -14.142135623730951 -10
