landscape/exported_ascii_MS_HABMAT_PATCHES_ONLY_DIST/simulation_000091_p032_h053_HABMAT_patch_more_500pix_edge_dist_modified.asc
ncols         512
nrows         512
xllcorner     0
yllcorner     0
cellsize      10
NODATA_value  -99
[rows 300 to 319 of 512, columns 352 to 395 of 512]
443.8468204234429209 453.100430368367654 462.3851208678756848 471.6990566028301828 481.0405388322277531 490.4079934095691442 499.7999599839919824 509.2150822589605923 518.6520991955975433 528.1098370604357797 537.5872022286245056 547.0831746635972195 556.5968020030298931 566.1271941887264347 575.6735185849702248 585.2349955359812839 594.8108943185220596 604.4005294504629546 614.0032573203500306 623.6184731067545499 633.2456079595025358 642.8841264178172423 652.5335240430180193 662.1933252457321259 671.8630812896329871 681.5423684555495356 691.23078635141826 700.9279563550022658 710.6335201775947326 720.3471385380801166 730.0684899377591819 739.7972695272671899 749.5331880577404036 759.2759709091286595 769.0253571892152422 778.7810988975014652 788.5429601486529236 798.3107164506812978 808.0841540334769206 817.8630692236935147 827.6472678623424599 837.4365647617734112 847.2307831990053728 857.0297544426331342
447.772263544762211 456.9463863518345192 466.1544808322665858 475.3945729601884977 484.6648326421053525 493.9635614091387765 503.2891812864647818 512.6402247190518437 522.0153254455275373 531.413210223456872 540.8326913195984389 550.2726596879041381 559.7320787662612247 569.2099788303082732 578.7054518492114994 588.2176467941096689 597.7457653551382464 607.2890580275590082 616.8468205316454487 626.4183905346329766 636.0031446463137854 645.6004956627589308 655.2098900352466444 664.8308055437864823 674.462749156689938 684.105255059482829 693.7578828380978848 703.4202158027590031 713.0918594402827466 722.7724399837060218 732.4616030891994569 742.1590126111789232 751.8643494673756322 761.5773105863908086 771.2976079309464694 781.0249675906654829 790.7591289387685265 800.4998438475799958 810.246875958186024 820 829.7590011563598864 839.5236744726142888 849.2938243034620882 859.06926379658114
451.8849411078001594 460.977222864644375 470.1063709417263112 479.2702786528703314 488.466989672792522 497.6946855251721331 506.951674225463023 516.2363799656122865 525.547333738836528 534.8831648126532627 544.2425929675110865 553.6244214266563404 563.0275304103698772 572.4508712544684386 581.8934610390462012 591.3543776789007325 600.8327554319920409 610.327780786685139 619.8386886924694181 629.3647591023825498 638.9053137985315516 648.4597134749390079 658.0273550544840191 667.6076692189807318 677.2001181334804869 686.8041933477110206 696.4194138592059744 706.0453243241540804 715.6814934033155851 725.327512231543551 734.9829930005183769 744.6475676452586185 754.3208866258444232 764.0026177965622765 773.6924453553879175 783.3900688673554669 793.0952023559340205 802.8075734570520581 812.5269226308749921 822.2530024268686475 831.9855767980596966 841.7244204607586653 851.4693182963200115 861.2200647918045888
456.1797891182817466 465.1881339845202774 474.2362280551750473 483.3218389437828932 492.4428900898052461 501.5974481593780752 510.7837115648853796 520 529.2447448959696885 538.5164807134503917 547.8138369920934565 557.135531087364825 566.4803615307419022 575.8472019555186989 585.2349955359812839 594.6427498927401984 604.0695324215582787 613.5144660071186991 622.9767250869008421 632.4555320336759223 641.9501538281613193 651.4598989960932158 660.9841147864297 670.5221845696083847 680.0735254367721154 689.6375859826666783 699.2138442565335481 708.8018058667739751 718.4010022264724284 728.0109889280518018 737.6313442364011053 747.2616676907762212 756.9015788066503774 766.5507158694720147 776.2087348130012288 785.875308175539999 795.5501241279521309 805.232885567895778 814.9233092751734375 824.6211251235321242 834.3260753446460285 844.0379138403677644 853.7564055396597951 863.4813257969161668
460.6517122512408378 469.5742752749558235 478.5394445602159408 487.5448697299562468 496.5883607174054646 505.6678751908212917 514.7815070493500116 523.9274758971894244 533.1041174104735774 542.3098745182498988 551.5432893255070894 560.8029957123981148 570.0877125495690052 579.3962374748389266 588.7274411814009909 598.0802621722272079 607.4537019394975914 616.8468205316454487 626.2587324740470649 635.6886030125127718 645.1356446515725338 654.5991139621256707 664.07830863535969 673.5725647619564143 683.081254317522621 692.6037828369117051 702.1395872616783436 711.6881339463234326 721.2489168102785015 730.8214556237385295 740.4052944165107419 750 759.6051605933176916 769.2203845452875157 778.8452991448301646 788.4795495128582843 798.1227975693965391 807.7747210701755876 817.4350127074322927 827.103379270088567 836.7795408588812052 846.463230152379424 856.1541917201597016 865.8521813797086679
465.2956049652736397 474.1307836451879325 483.0113870293328659 491.9349550499537145 500.8991914547277702 509.9019513592784847 518.9412298131649095 528.0151512977633956 537.1219600798314104 546.2600113499065628 555.4277630799526833 564.6237685397242103 573.8466694161429587 583.0951894845300103 592.3681287847954309 601.6643582596528859 610.9828148156051384 620.3224967708329132 629.682459657246568 639.0618123468183285 648.4597134749390079 657.8753681359411303 667.308024828114867 676.756972627545224 686.2215385719105143 695.7010852370434577 705.195008490559303 714.7027354082255215 724.2237223399962431 733.7574531137656777 743.3034373659252196 752.8612089887484444 762.430324685475739 772.0103626247513375 781.6009211867652766 791.2016177940993202 800.8120878208569593 810.4319835741923725 820.0609733428362915 829.6987405076615687 839.3449827097317666 848.9994110716449995 858.6617494683223413 868.3317338436963837
470.1063709417263112 478.8527957525151351 487.6474136094643654 496.4876634922563881 505.3711507397310925 514.2956348249516623 523.2590180780451874 532.2593352868506145 541.2947441089743279 550.3635162326805812 559.4640292279746063 568.5947590331800257 577.7542730261715178 586.9412236331675103 596.1543424315551647 605.3924347066124483 614.6543744251723638 623.9390995922599359 633.2456079595025358 642.572953056693791 651.9202405202648833 661.2866246946175579 670.6713054842886095 680.0735254367721154 689.4925670375279196 698.9277502002621532 708.3784299369934843 717.8439941937244839 727.3238618387272254 736.8174807915457905 746.3243262818116364 755.8438992278762498 765.3757247260981558 774.9193506423748659 784.4743462982074789 794.0403012442126283 803.6168241145776392 813.2035415564789673 822.8000972289685251 832.4061508662703091 842.0213774008353766 851.645466141868269 861.2781200053790371 870.9190547921201642
475.0789408087881043 483.7354648979130047 492.4428900898052461 501.1985634456667071 510 518.844870842913906 527.7309920783504822 536.6563145999494964 545.6189146281495823 554.6169849544819499 563.6488268416781011 572.7128425310540933 581.8075283115542788 590.9314681077662499 600.0833275470998842 609.2618484691126923 618.4658438426490648 627.6941930590086258 636.9458375717671288 646.21977685614047 655.5150646628954973 664.8308055437864823 674.1661516273269399 683.5202996254024583 692.8924880528003314 702.2819946431775406 711.6881339463234326 721.1102550927978427 730.547739713155238 740 749.4664769020693029 758.9466384404109931 768.4399781375250313 777.9460135510689724 787.464284904401211 796.9943538068509952 806.5358020571684392 816.0882305241266295 825.6512580987205183 835.2245207128439688 844.8076704197234221 854.4003745317530729 864.0023148117139726 873.6131867136622304
480.2082881417187536 488.7739763939974864 497.3932046178355222 506.063237155199829 514.7815070493500116 523.5456045083369645 532.3532661682465914 541.2023651093923036 550.0909015790026615 559.0169943749474442 567.9788728465171062 576.9748694700662099 586.0034129593444732 595.0630218724736551 604.1522986797285739 613.2699242584785679 622.4146527838174734 631.5853069855251078 640.7807737440317624 650 659.2419889539803535 668.5057965343307842 677.7905281132217397 687.0953354520753464 696.4194138592059744 705.7619995437555644 715.12236715124493 724.4998274671982017 733.8937252763508923 743.3034373659252196 752.7283706623525177 762.1679604916490689 771.6216689544170322 781.0889834071404039 790.5694150420948745 800.0624975587844574 809.5677859203638036 819.0848551890090903 828.6132994346638725 838.1527307120104524 847.7027781009096543 857.2630868059115983 866.8333173107733955 876.4131445842194807
485.4894437575342181 493.9635614091387765 502.4937810560444973 511.0772935672255244 519.7114584074513459 528.3937925449162094 537.1219600798314104 545.8937625582472037 554.7071299343465398 563.5601121442148269 572.4508712544684386 581.3776741499452783 590.338885725817704 599.3329625508679328 608.3584469702052502 617.4139616173252989 626.4982043070833697 635.6099432828281124 644.7480127925948636 653.9113089708725965 663.0987860040161195 672.3094525588644501 681.5423684555495356 690.7966415668217905 700.0714249274855092 709.3659140387279649 718.6793443532379797 728.0109889280518018 737.3601562330310344 746.7261881037787816 756.1084578286371425 765.5063683601855473 774.9193506423748659 784.3468620451030802 793.7883848986454041 803.2434251209281229 812.7115109311544074 822.1921916437786422 831.6850365372698661 841.1896337925236367 850.7055894961546301 860.232526704262682 869.7700845625813599 879.3179174792243202
490.9175083453430943 499.29950931279717 507.7400909914441627 516.2363799656122865 524.7856705360770775 533.3854141237834483 542.0332093147061414 550.7267925205745769 559.4640292279746063 568.2429058070149495 577.061521850140366 585.9180830116100651 594.8108943185220596 603.738353924943226 612.698947281615574 621.691241694782093 630.7138812488591384 639.765582068932531 648.8451279003334093 657.9513659838393096 667.0832032063167389 676.2396025078685398 685.4195795277516936 694.6221994724902515 703.8465741907109532 713.0918594402827466 722.3572523343279954 731.6419889536138044 740.9453421137081932 750.26661927610769 759.6051605933176916 768.9603370785778225 778.3315488916018694 787.7182237323191885 797.119815335185308 806.5358020571684392 815.965685553013941 825.408989531856264 834.8652585896720666 844.3340571124678036 853.8149682454624099 863.3075929238663093 872.8115489611717521 882.3264701911645034
496.4876634922563881 504.7771785649584899 513.1276644266999938 521.5361924162118612 530 538.5164807134503917 547.0831746635972195 555.6977595779922012 564.358042380898496 573.0619512757760958 581.8075283115542788 590.5929224093359835 599.4163828258283502 608.2762530298219872 617.1709649683789394 626.0990336999410601 635.0590523722970602 644.0496875241847192 653.069674690227771 662.1178142898739907 671.1929677819933886 680.2940540677979016 689.4200461257273673 698.5699678629192704 707.7428911688198241 716.9379331573968557 726.1542535852832998 735.3910524340094526 744.6475676452586185 753.9230729988305484 763.2168761236873706 772.5283166331186067 781.8567643756751977 791.2016177940993202 800.5623023850173468 809.938269252663531 819.3289937503737974 828.7339742040264809 838.1527307120104524 847.5848040166836199 857.0297544426331342 866.4871608973787716 875.956619930462125 885.4377448471461776
502.1951811795887579 510.3920062069938126 518.6520991955975433 526.972485050215937 535.3503525729669263 543.7830449729009388 552.2680508593630293 560.8029957123981148 569.3856338194703994 578.0138406647370175 586.6856057549051684 595.3990258641678111 604.1522986797285739 612.9437168288782232 621.7716622683925607 630.6346010171024545 639.5310782127792208 648.4597134749390079 657.4191965557440653 666.4082832618454404 675.4257916307312826 684.4705983459041363 693.5416353759881076 702.6378868236469089 711.7583859709698118 720.9022125087424229 730.0684899377591819 739.2563831310487785 748.4650960465692151 757.6938695805846464 766.9419795525603831 776.2087348130012288 785.4934754662192518 794.7955712005446003 804.1144197189850047 813.449445263809821 822.8000972289685251 832.165848854661931 841.5461959987699174 850.9406559801923322 860.3487664894975069 869.7700845625813599 879.204185613330651 888.6506625215557733
508.0354318352215159 516.1395160225575864 524.3090691567331305 532.5410782277739372 540.8326913195984389 549.1812087098392112 557.5840743780260027 566.0388679233961966 574.543296888929035 583.0951894845300103 591.69248769948058 600.3332407921453751 609.0155991434045291 617.7378084592199912 626.4982043070833697 635.2952069707436067 644.1273166075166046 652.9931086925803356 661.8912297349164646 670.8203932499369557 679.7793759742935435 688.7670143089026169 697.782200976780473 706.8238818828916692 715.8910531638176735 724.9827584156743114 734.0980860893181443 743.2361670424818385 752.3961722390671412 761.5773105863908086 770.7788269017254379 780 789.2401408950256609 798.4985911070851898 807.7747210701755876 817.0679286326198962 826.3776376451628494 835.7032966310471238 845.0443775329198388 854.4003745317530729 863.7708029332781052 873.1551981177229891 882.5531145489204619 891.9641248391103545
514.0038910358558724 522.0153254455275373 530.0943312279429165 538.2378656319156107 546.443043692570086 554.7071299343465398 563.0275304103698772 571.4017850864661341 579.8275605729689914 588.3026432033091169 596.8249324550708934 605.3924347066124483 614.0032573203500306 622.6556030423238326 631.3477647065839164 640.0781202322103809 648.8451279003334093 657.6473218982952176 666.483308118065338 675.3517601961217451 684.2514157822400875 693.1810730249347898 702.1395872616783436 711.125867902440973 720.1388754955532931 729.1776189653656957 738.2411530116700078 747.3285756613352078 756.4390259630977198 765.571681816928276 774.7257579298625387 783.9005038906404934 793.0952023559340205 802.309167341368493 811.5417426109393091 820.7923001588160332 830.0602387778852744 839.3449827097317666 848.6459803710849883 857.9627031520659557 867.2946442818611104 876.6413177577246643 886.0022573334674689 895.3770155638350161
520.0961449578337579 528.0151512977633956 536.0037313302958637 544.0588203494177151 552.1775076911409315 560.3570290448759579 568.5947590331800257 576.8882040742382742 585.2349955359812839 593.6328831862332436 602.0797289396148244 610.5735008989498738 619.1122676865642234 627.6941930590086258 636.3175307973212966 644.9806198638839305 653.6818798161687027 662.4198064671677457 671.1929677819933886 680 688.839603971780889 697.7105417004962646 706.6116330771804996 715.5417527999327376 724.4998274671982017 733.4848328356899856 742.4957912338628603 751.5317691222373924 760.5918747922568173 769.6752561957542866 778.7810988975014652 787.9086241436883711 797.0570870395670227 806.2257748298549132 815.4140052758475576 824.6211251235321242 833.8465086573187364 843.0895563343196955 852.3496934944014356 861.6263691415206267 870.9190547921201642 880.2272433866154415 889.5504482602434564 898.888202169769329
526.3078946776306566 534.1348144429456397 542.0332093147061414 550 558.0322571321481746 566.1271941887264347 574.2821606144491398 582.4946351684279762 590.762219509677152 599.0826320300063799 607.4537019394975914 615.8733636065128394 624.3396511515186376 632.8506932918695611 641.4047084329830568 650 658.6349520030045142 667.308024828114867 676.0177512462228151 684.7627326307996327 693.5416353759881076 702.3531875061150913 711.1961754677819272 720.0694410957876244 728.9718787443038082 737.9024325749305717 746.8600939935136012 755.8438992278762498 764.8529270389177555 773.8862965578341573 782.943165242535315 792.0227269466450934 801.1242100947891913 810.246875958186024 819.3900170248597306 828.5529554590943917 837.7350416450299235 846.9356528095862586 856.1541917201597016 865.3900854527973934 874.6427842267950155 883.9117603018979707 893.1965069345043275 902.4965373894793856
532.6349594234310416 540.3702434442518552 548.178802946629844 556.0575509783137704 564.0035460881429117 572.0139858430036384 580.0862004909270127 588.2176467941096689 596.4059020499378221 604.6486583132389114 612.9437168288782232 621.2889826803626647 629.682459657246568 638.1222453417526594 646.6065264130884316 655.133574166368021 663.7017402418047141 672.3094525588644501 680.9552114493287718 689.6375859826666783 698.3552104767314859 707.1067811865475505 715.8910531638176735 724.7068372797375559 733.5529974037322063 742.42844773082345 751.3321502504734326 760.2631123499285195 769.2203845452875157 778.2030583337487997 787.2102641607259557 796.2411694957753525 805.2949770115295678 814.3709228600932875 823.4682750416071713 832.5863318599459717 841.7244204607586653 850.8818954473058511 860.0581375697807971 869.2525524840292519 878.4645695758025568 887.6936408468858417 896.9392398596462499 906.2008607367353079
539.0732788777421547 546.7174773134657926 554.4366510251644513 562.2277118748238536 570.0877125495690052 578.0138406647370175 586.0034129593444732 594.053869611165851 602.1627686929838319 610.327780786685139 618.5466837676846126 626.8173577685927285 635.1377803280166745 643.5060217278468144 651.9202405202648833 660.3786792439622104 668.8796603276257429 677.4215821775978839 686.0029154456998413 694.6221994724902515 703.2780389006896939 711.9691004531025555 720.6941098690899707 729.4518489934753234 738.2411530116700078 747.0609078247904336 755.9100475585703407 764.7875521999557122 773.6924453553879175 782.6237921249263536 791.5806970865320409 800.5623023850173468 809.5677859203638036 818.5963596303125769 827.6472678623424599 836.7197858303578641 845.813218151620049 854.9268974596600401 864.0601830891179134 873.2124598286490027 882.383136738231201 891.5716460273957864 900.7774419910836059 910
545.6189146281495823 553.1726674375731818 560.8029957123981148 568.5068161420757633 576.2811813689563678 584.1232746604093791 592.0304046246274083 600 608.029604542410425 616.1168720299745019 624.2595614005443849 632.4555320336759223 640.7027391856538543 648.9992295835180585 657.3431371817918034 665.7326790837295221 674.1661516273269399 682.6419266350404769 691.1584478250989605 699.7142273814361033 708.3078426785912143 716.9379331573968557 725.6031973468694787 734.3023900274328071 743.0343195303969424 751.7978451685000891 760.5918747922568173 769.4153624668538214 778.267306264370859 787.1467461661770812 796.0527620704547189 804.9844718999243014 813.9410298049853054 822.9216244576393819 831.9254774317228112 840.95184166514548 850 859.06926379658114 868.1589716175258218 877.2684879784522991 886.3972021616493748 895.5445270895244221 904.7098982546835941 913.8927727036690385
