landscape/exported_ascii_MS_HABMAT_PATCHES_ONLY_DIST/simulation_000041_p068_h059_HABMAT_patch_more_500pix_edge_dist_modified.asc
ncols         512
nrows         512
xllcorner     0
yllcorner     0
cellsize      10
NODATA_value  -99
[rows 242 to 263 of 512, columns 150 to 199 of 512]
-22.3606797749978981 -30 -20 -10 10 -10 -20 -22.3606797749978981 -28.284271247461902 -36.0555127546398921 -44.7213595499957961 -50 -40 -30 -20 -10 10 -10 -20 -30 -28.284271247461902 -22.3606797749978981 -20 -14.142135623730951 -10 10 10 10 -10 -10 -10 -10 -10 10 10 14.142135623730951 14.142135623730951 10 -10 -10 -10 -10 10 20 30 40 50 60 70 80
-28.284271247461902 -30 -20 -10 10 -10 -10 -14.142135623730951 -22.3606797749978981 -31.6227766016837926 -41.2310562561766076 -50.9901951359278485 -41.2310562561766076 -31.6227766016837926 -22.3606797749978981 -14.142135623730951 -10 -14.142135623730951 -22.3606797749978981 -31.6227766016837926 -36.0555127546398921 -31.6227766016837926 -28.284271247461902 -22.3606797749978981 -14.142135623730951 -10 10 -10 -10 -10 10 10 -10 -10 10 14.142135623730951 10 -10 -10 10 -10 -10 10 20 30 40 50 60 70 80
-28.284271247461902 -22.3606797749978981 -20 -14.142135623730951 -10 -10 10 -10 -20 -30 -40 -50 -44.7213595499957961 -36.0555127546398921 -28.284271247461902 -22.3606797749978981 -20 -22.3606797749978981 -28.284271247461902 -36.0555127546398921 -44.7213595499957961 -41.2310562561766076 -31.6227766016837926 -22.3606797749978981 -14.142135623730951 -10 -10 10 10 10 -10 -10 10 10 14.142135623730951 10 -10 -14.142135623730951 -10 10 10 10 14.142135623730951 22.3606797749978981 31.6227766016837926 41.2310562561766076 50.9901951359278485 60.8276253029821987 70.7106781186547551 80.6225774829854913
-22.3606797749978981 -14.142135623730951 -10 -14.142135623730951 -20 -14.142135623730951 -10 -14.142135623730951 -22.3606797749978981 -31.6227766016837926 -41.2310562561766076 -50.9901951359278485 -50 -42.426406871192853 -36.0555127546398921 -31.6227766016837926 -30 -31.6227766016837926 -36.0555127546398921 -42.426406871192853 -50 -40 -30 -20 -10 10 -10 10 -10 -10 10 -10 10 14.142135623730951 10 -10 -14.142135623730951 -10 -10 -10 10 20 22.3606797749978981 28.284271247461902 36.0555127546398921 44.7213595499957961 53.8516480713450392 63.2455532033675851 72.8010988928051859 82.4621125123532153
-20 -10 10 -10 -20 -22.3606797749978981 -20 -22.3606797749978981 -28.284271247461902 -36.0555127546398921 -44.7213595499957961 -53.8516480713450392 -44.7213595499957961 -36.0555127546398921 -28.284271247461902 -22.3606797749978981 -20 -22.3606797749978981 -28.284271247461902 -36.0555127546398921 -44.7213595499957961 -40 -30 -20 -10 10 -10 -10 10 -10 -10 -14.142135623730951 -10 10 -10 -14.142135623730951 -10 10 10 10 14.142135623730951 22.3606797749978981 31.6227766016837926 36.0555127546398921 42.426406871192853 50 58.3095189484530039 67.082039324993687 76.1577310586390865 85.4400374531753073
-22.3606797749978981 -14.142135623730951 -10 -14.142135623730951 -22.3606797749978981 -31.6227766016837926 -30 -31.6227766016837926 -36.0555127546398921 -42.426406871192853 -50 -50.9901951359278485 -41.2310562561766076 -31.6227766016837926 -22.3606797749978981 -14.142135623730951 -10 -14.142135623730951 -22.3606797749978981 -31.6227766016837926 -41.2310562561766076 -41.2310562561766076 -31.6227766016837926 -22.3606797749978981 -14.142135623730951 -10 -14.142135623730951 -14.142135623730951 -10 10 10 -10 10 -10 -14.142135623730951 -20 -10 10 10 14.142135623730951 22.3606797749978981 28.284271247461902 36.0555127546398921 42.426406871192853 50 56.568542494923804 64.0312423743284853 72.1110255092797843 80.6225774829854913 89.4427190999915922
-28.284271247461902 -22.3606797749978981 -20 -22.3606797749978981 -28.284271247461902 -36.0555127546398921 -40 -41.2310562561766076 -44.7213595499957961 -50 -56.568542494923804 -50 -40 -30 -20 -10 10 -10 -20 -30 -40 -36.0555127546398921 -28.284271247461902 -22.3606797749978981 -14.142135623730951 -10 -10 -14.142135623730951 -10 10 -10 -10 10 -10 -20 -20 -10 10 -10 10 20 22.3606797749978981 28.284271247461902 36.0555127546398921 44.7213595499957961 53.8516480713450392 63.2455532033675851 72.8010988928051859 82.4621125123532153 92.1954445729288778
-36.0555127546398921 -31.6227766016837926 -30 -31.6227766016837926 -36.0555127546398921 -42.426406871192853 -50 -50.9901951359278485 -53.8516480713450392 -50.9901951359278485 -50 -42.426406871192853 -36.0555127546398921 -31.6227766016837926 -22.3606797749978981 -14.142135623730951 -10 -14.142135623730951 -22.3606797749978981 -31.6227766016837926 -36.0555127546398921 -31.6227766016837926 -22.3606797749978981 -14.142135623730951 -10 10 10 -10 -10 10 10 -10 -10 -14.142135623730951 -22.3606797749978981 -14.142135623730951 -10 10 -10 10 10 14.142135623730951 22.3606797749978981 31.6227766016837926 41.2310562561766076 50.9901951359278485 60.8276253029821987 70.7106781186547551 80.6225774829854913 90.553851381374173
-44.7213595499957961 -41.2310562561766076 -40 -41.2310562561766076 -44.7213595499957961 -50 -56.568542494923804 -50 -44.7213595499957961 -41.2310562561766076 -40 -36.0555127546398921 -28.284271247461902 -22.3606797749978981 -20 -22.3606797749978981 -20 -22.3606797749978981 -28.284271247461902 -36.0555127546398921 -28.284271247461902 -22.3606797749978981 -20 -10 10 14.142135623730951 14.142135623730951 10 -10 -10 -10 -10 -10 -14.142135623730951 -14.142135623730951 -10 10 -10 -10 10 -10 10 20 30 40 50 60 70 80 90
-50.9901951359278485 -50 -50 -50.9901951359278485 -53.8516480713450392 -58.3095189484530039 -50 -42.426406871192853 -36.0555127546398921 -31.6227766016837926 -30 -31.6227766016837926 -22.3606797749978981 -14.142135623730951 -10 -14.142135623730951 -22.3606797749978981 -31.6227766016837926 -31.6227766016837926 -30 -22.3606797749978981 -14.142135623730951 -10 -10 10 14.142135623730951 20 14.142135623730951 10 -10 10 10 10 -10 -10 10 14.142135623730951 10 10 -10 10 14.142135623730951 22.3606797749978981 31.6227766016837926 41.2310562561766076 50.9901951359278485 60.8276253029821987 70.7106781186547551 80.6225774829854913 90.553851381374173
-41.2310562561766076 -40 -40 -41.2310562561766076 -44.7213595499957961 -50 -44.7213595499957961 -36.0555127546398921 -28.284271247461902 -22.3606797749978981 -20 -22.3606797749978981 -20 -10 10 -10 -20 -28.284271247461902 -22.3606797749978981 -20 -20 -10 10 -10 -10 10 10 10 10 10 10 -10 -10 -10 10 14.142135623730951 22.3606797749978981 20 14.142135623730951 10 14.142135623730951 22.3606797749978981 28.284271247461902 36.0555127546398921 44.7213595499957961 53.8516480713450392 63.2455532033675851 72.8010988928051859 82.4621125123532153 92.1954445729288778
-31.6227766016837926 -30 -30 -31.6227766016837926 -36.0555127546398921 -41.2310562561766076 -41.2310562561766076 -31.6227766016837926 -22.3606797749978981 -14.142135623730951 -10 -14.142135623730951 -22.3606797749978981 -14.142135623730951 -10 -14.142135623730951 -22.3606797749978981 -22.3606797749978981 -14.142135623730951 -10 -10 -10 10 -10 -10 -10 -10 -10 -10 -10 10 -10 -14.142135623730951 -14.142135623730951 -10 10 20 28.284271247461902 22.3606797749978981 20 22.3606797749978981 28.284271247461902 36.0555127546398921 42.426406871192853 50 58.3095189484530039 67.082039324993687 76.1577310586390865 85.4400374531753073 94.8683298050513741
-22.3606797749978981 -20 -20 -22.3606797749978981 -28.284271247461902 -31.6227766016837926 -36.0555127546398921 -28.284271247461902 -20 -10 10 -10 -20 -10 10 -10 -20 -14.142135623730951 -10 10 10 10 -10 -10 10 -10 -14.142135623730951 -10 -10 10 14.142135623730951 10 -10 -10 10 14.142135623730951 22.3606797749978981 31.6227766016837926 31.6227766016837926 30 31.6227766016837926 36.0555127546398921 42.426406871192853 50 56.568542494923804 64.0312423743284853 72.1110255092797843 80.6225774829854913 89.4427190999915922 98.4885780179610464
-14.142135623730951 -10 -10 -14.142135623730951 -20 -22.3606797749978981 -28.284271247461902 -22.3606797749978981 -14.142135623730951 -10 -10 -14.142135623730951 -20 -10 10 -10 -14.142135623730951 -10 10 14.142135623730951 20 14.142135623730951 10 10 10 -10 -10 10 -10 10 10 -10 10 10 14.142135623730951 22.3606797749978981 28.284271247461902 36.0555127546398921 41.2310562561766076 40 41.2310562561766076 44.7213595499957961 50 56.568542494923804 64.0312423743284853 70.7106781186547551 78.1024967590665398 86.0232526704262739 94.3398113205660422 102.956301409870008
-10 10 10 -10 -10 -14.142135623730951 -22.3606797749978981 -20 -10 10 -10 -10 -14.142135623730951 -10 10 10 -10 10 10 14.142135623730951 10 10 10 14.142135623730951 10 -10 -10 10 10 14.142135623730951 14.142135623730951 10 14.142135623730951 20 22.3606797749978981 28.284271247461902 36.0555127546398921 42.426406871192853 50 50 50.9901951359278485 53.8516480713450392 58.3095189484530039 64.0312423743284853 70.7106781186547551 78.1024967590665398 84.8528137423857061 92.1954445729288778 100 108.1665382639196764
-10 10 10 -10 10 -10 -20 -22.3606797749978981 -14.142135623730951 -10 -10 10 -10 -10 -10 -10 -14.142135623730951 -10 -10 10 -10 -10 -10 10 -10 -14.142135623730951 -10 -10 10 20 22.3606797749978981 20 22.3606797749978981 28.284271247461902 31.6227766016837926 36.0555127546398921 42.426406871192853 50 56.568542494923804 60 60.8276253029821987 63.2455532033675851 67.082039324993687 72.1110255092797843 78.1024967590665398 84.8528137423857061 92.1954445729288778 98.9949493661166571 106.3014581273464927 114.0175425099137954
-14.142135623730951 -10 10 -10 -10 -14.142135623730951 -20 -20 -10 10 10 14.142135623730951 10 10 -10 10 -10 -14.142135623730951 -14.142135623730951 -10 -14.142135623730951 -20 -14.142135623730951 -10 -14.142135623730951 -10 10 -10 10 20 30 30 31.6227766016837926 36.0555127546398921 41.2310562561766076 44.7213595499957961 50 56.568542494923804 64.0312423743284853 70 70.7106781186547551 72.8010988928051859 76.1577310586390865 80.6225774829854913 86.0232526704262739 92.1954445729288778 98.9949493661166571 106.3014581273464927 113.1370849898476081 120.4159457879229507
-10 10 -10 -10 -14.142135623730951 -14.142135623730951 -10 -14.142135623730951 -10 10 10 14.142135623730951 10 -10 -14.142135623730951 -10 10 -10 -20 -20 -22.3606797749978981 -20 -10 10 -10 -10 10 10 14.142135623730951 22.3606797749978981 31.6227766016837926 40 41.2310562561766076 44.7213595499957961 50 53.8516480713450392 58.3095189484530039 64.0312423743284853 70.7106781186547551 78.1024967590665398 80.6225774829854913 82.4621125123532153 85.4400374531753073 89.4427190999915922 94.3398113205660422 100 106.3014581273464927 113.1370849898476081 120.4159457879229507 127.2792206135785591
-10 10 10 10 -10 -10 10 -10 -10 10 -10 10 -10 -14.142135623730951 -20 -10 10 -10 -20 -22.3606797749978981 -20 -20 -14.142135623730951 -10 -10 10 14.142135623730951 20 22.3606797749978981 28.284271247461902 36.0555127546398921 44.7213595499957961 50.9901951359278485 53.8516480713450392 58.3095189484530039 63.2455532033675851 67.082039324993687 72.1110255092797843 78.1024967590665398 84.8528137423857061 90.553851381374173 92.1954445729288778 94.8683298050513741 98.4885780179610464 102.956301409870008 108.1665382639196764 114.0175425099137954 120.4159457879229507 127.2792206135785591 134.5362404707371127
-14.142135623730951 -10 -10 -10 -14.142135623730951 -14.142135623730951 -10 -10 -10 -10 10 10 -10 -14.142135623730951 -10 -14.142135623730951 -10 -14.142135623730951 -22.3606797749978981 -14.142135623730951 -10 -10 -10 10 -10 10 10 14.142135623730951 22.3606797749978981 31.6227766016837926 41.2310562561766076 50 58.3095189484530039 63.2455532033675851 67.082039324993687 72.1110255092797843 76.1577310586390865 80.6225774829854913 86.0232526704262739 92.1954445729288778 98.9949493661166571 101.9803902718556969 104.4030650891054961 107.7032961426900783 111.8033988749894831 116.6190378969060077 122.0655561573370278 128.0624847486569706 134.5362404707371127 141.4213562373095101
-22.3606797749978981 -20 -20 -20 -22.3606797749978981 -20 -10 10 10 10 -10 -10 -14.142135623730951 -10 10 -10 -20 -22.3606797749978981 -14.142135623730951 -10 10 10 10 -10 -10 10 -10 10 20 28.284271247461902 36.0555127546398921 44.7213595499957961 53.8516480713450392 63.2455532033675851 72.8010988928051859 80.6225774829854913 85.4400374531753073 89.4427190999915922 94.3398113205660422 100 106.3014581273464927 111.8033988749894831 114.0175425099137954 117.0469991071962568 120.8304597359457233 125.2996408614166768 130.3840481040529653 136.0147050873544288 142.1267040355189408 148.6606874731850496
-14.142135623730951 -10 -10 -14.142135623730951 -22.3606797749978981 -14.142135623730951 -10 -10 10 -10 -14.142135623730951 -14.142135623730951 -10 -14.142135623730951 -10 -14.142135623730951 -22.3606797749978981 -20 -10 10 -10 10 -10 10 -10 -10 -10 10 14.142135623730951 22.3606797749978981 31.6227766016837926 41.2310562561766076 50.9901951359278485 60.8276253029821987 70.7106781186547551 80.6225774829854913 90.553851381374173 98.4885780179610464 102.956301409870008 108.1665382639196764 114.0175425099137954 120.4159457879229507 123.6931687685298158 126.4911064067351703 130 134.1640786499873741 138.9244398944980503 144.2220510185595685 150 156.2049935181330795
