landscape/exported_ascii_MS_HABMAT_PATCHES_ONLY_DIST/simulation_000079_p034_h071_HABMAT_patch_more_500pix_edge_dist_modified.asc
ncols         512
nrows         512
xllcorner     0
yllcorner     0
cellsize      10
NODATA_value  -99
[rows 441 to 461 of 512, columns 141 to 187 of 512]
674.759216313493539 664.8308055437864823 654.9045732013175893 644.9806198638839305 635.0590523722970602 625.1399843235113849 615.2235366108809558 605.3098380168622725 595.3990258641678111 585.4912467321778422 575.5866572463263537 565.6854249492380404 555.7877292636101174 545.8937625582472037 536.0037313302958637 526.1178575186362423 516.2363799656122865 506.359556046886496 496.4876634922563881 486.6210024238575897 476.7598976424087027 466.9047011971500751 457.0557952810575557 447.2135954999579326 437.3785545725807538 427.5511665286389871 417.7319714841084419 407.9215610874227878 398.1205847478876763 388.3297567789520031 378.5498646149540036 368.7817782917155114 359.0264614203248357 349.2849839314596352 339.5585369269928719 329.8484500494128611 320.1562118716424266 310.1612483854164566 300.1666203960726875 290.1723625709381622 280.1785145224379789 270.1851217221259276 260.1922366251537255 250.1999200639360765 240.2082429892862763 230.2172886644267749 220.2271554554524187
673.6467917239716598 663.7017402418047141 653.7583651472460815 643.816744112794936 633.8769596696191684 623.9390995922599359 614.0032573203500306 604.0695324215582787 594.1380311005178783 584.2088667591411877 574.2821606144491398 564.358042380898496 554.4366510251644513 544.5181356024792194 534.6026561849463405 524.6903848937962493 514.7815070493500116 504.876222454573508 494.9747468305832854 485.0773134253961416 475.1841748206688862 465.2956049652736397 455.4119014694280168 445.5333881989092788 435.6604182158392859 425.793377120875391 415.9326868617084187 406.0788100849390503 396.2322551231789589 386.3935817272331406 376.5634076752546093 366.7424164178449928 356.9313659514949109 347.1310991541956241 337.3425558686599857 327.5667870831840105 317.8049716414140562 308.0584360149872509 298.3286778035259772 288.6173937932362605 278.9265136196270873 269.2582403567251959 259.6150997149433692 250 240 230 220
672.6812023536855349 662.7216610312356124 652.7633568147035703 642.8063471995278633 632.8506932918695611 622.8964600958975097 612.9437168288782232 602.9925372672533967 593.0430001273094831 583.0951894845300103 573.1491952362839584 563.2051136131489102 553.2630477449221189 543.3231082882449527 533.3854141237834483 523.4500931320960717 513.5172830587107455 503.5871324805668792 493.6598018878993344 483.7354648979130047 473.814309619285325 463.8965401897280572 453.982378512646676 444.0720662234903671 434.1658669218481919 424.2640687119285303 414.3669871020132405 404.4749683231336803 394.5883931389771533 384.7076812334269107 374.8332962798262429 364.9657518178931923 355.1056180912940476 345.253530032641379 335.4101966249684779 325.5764119219941222 315.7530680769388596 305.9411708155670908 296.1418578992169159 286.3564212655270467 276.5863337187865909 266.8332812825266842 257.0992026436488231 247.3863375370596316 237.6972864800942489 228.0350850198275907 218.4032966784155576
671.8630812896329871 661.8912297349164646 651.9202405202648833 641.9501538281613193 631.981012372998407 622.0128616033593971 612.0457499239741992 602.0797289396148244 592.114853723498527 582.151183113115394 572.1887800367986756 562.2277118748238536 552.2680508593630293 542.3098745182498988 532.3532661682465914 522.3983154643590296 512.4451190127582549 502.4937810560444973 492.5444142409900223 482.5971404805461589 472.6520919238589613 462.709412050370986 452.7692569068708508 442.8317965096905482 432.8972164382672645 422.9657196511320194 413.0375285612676635 403.1128874149274566 393.192065026750015 383.2753579347360073 373.3630940518893908 363.4556369077249656 353.5533905932737753 343.6568055487916808 333.7663853655727166 323.8826948140329591 314.006369362151645 304.1381265149109936 294.2787793912432335 284.4292530665578624 274.5906043549196056 264.7640458974745457 254.9509756796392423 245.1530134426252516 235.3720459187964025 225.6102834535695649 215.8703314492290417
671.1929677819933886 661.2110101926615471 651.2296062065975093 641.2487816752559411 631.2685640834652077 621.2889826803626647 611.3100686231169902 601.3318551349162817 591.3543776789007325 581.3776741499452783 571.4017850864661341 561.4267539047280025 551.452627158489463 541.4794548272353722 531.5072906367324777 521.5361924162118612 511.566222497146498 501.5974481593780752 491.6299421312741629 481.6637831516918027 471.6990566028301828 461.7358552246078034 451.7742799230607034 441.8144406874904462 431.8564576337836911 421.9004621945797453 411.9465984809195902 401.9950248448355978 392.0459156782531522 382.0994634908560101 372.1558813185678787 362.215405525496692 352.2782990761707538 342.3448553724737735 332.4154027718932412 322.4903099319419653 312.5699921617556925 302.6549190084311363 292.7456233660889211 282.8427124746190202 272.9468812791236019 263.0589287593181211 253.179778023443248 243.3105012119287949 233.4523505985750376 223.6067977499789663 213.7755832643194935
670.6713054842886095 660.6814663663571991 650.691939399897592 640.7027391856538543 630.7138812488591384 620.7253821135398084 610.7372593840988202 600.7495318350236175 590.762219509677152 580.7753438292641022 570.7889277132134112 560.8029957123981148 550.8175741568164767 540.8326913195984389 530.8483775994799316 520.8646657242167066 510.8815909777920297 500.8991914547277702 490.9175083453430943 480.936586256441899 470.9564735726646632 460.977222864644375 450.9988913511872397 441.02154142399894 431.0452412450460997 421.0700654285460018 411.0960958218893211 401.1234224026316042 391.1521443121588959 381.1823710509183343 371.214223865411725 361.2478373637688378 351.2833614050059055 341.3209633175202384 331.3608305156178062 321.4031735997639316 311.4482300479487549 301.4962686336266984 291.5475947422650052 281.6025568065744551 271.6615541441224764 261.7250465660480359 251.7935662402834396 241.8677324489565024 231.9482700948640286 222.0360331117451835 212.1320343559642652
670.2984409947557651 660.3029607687670932 650.3076195155643973 640.3124237432848531 630.3173803727769382 620.3224967708329132 610.327780786685139 600.3332407921453751 590.338885725817704 580.3447251418763244 570.3507692639678908 560.3570290448759579 550.3635162326805812 540.3702434442518552 530.3772242470447509 520.3844732503074511 510.3920062069938126 500.3998401278721531 490.4079934095691442 480.4164859785725525 470.4253394535630264 460.4345773288535497 450.4442251822082994 440.4543109109048373 430.4648650006176922 420.47592083257274 410.4875150354758375 400.4996878900157071 390.5124837953327415 380.5259518088089408 370.5401462729781201 360.5551275463989214 350.5709628591620799 340.5877273185280387 330.6055050963307735 320.6243908376279705 310.6444913401813324 300.6659275674581409 290.6888370749726391 280.7133769523640012 270.7397274136176861 260.7680962081059306 250.7987240796890376 240.8318915758459013 230.8679276123039017 220.9072203437452231 210.9502310972898727
670.0746227100381702 660.0757532283699902 650.0769185258003517 640.0781202322103809 630.0793600809345207 620.080639917099802 610.0819617067857052 600.0833275470998842 590.0847396772771845 580.0862004909270127 570.0877125495690052 560.0892785976178629 550.0909015790026615 540.0925846556310717 530.0943312279429165 520.0961449578337579 510.0980297942739412 500.0999900019995152 490.1020301937138584 480.1041553663121704 470.1063709417263112 460.108682813093651 450.1110973970759801 440.1136216933077208 430.116263352131341 420.1190307520000715 410.1219330881975793 400.1249804748511565 390.1281840626231769 380.1315561749642598 370.1351104664349236 360.1388621073821241 350.1428280002319298 340.1470270338989508 330.1514803843835466 320.1562118716424266 310.1612483854164566 300.1666203960726875 290.1723625709381622 280.1785145224379789 270.1851217221259276 260.1922366251537255 250.1999200639360765 240.2082429892862763 230.2172886644267749 220.2271554554524187 210.23796041628637
670 660 650 640 630 620 610 600 590 580 570 560 550 540 530 520 510 500 490 480 470 460 450 440 430 420 410 400 390 380 370 360 350 340 330 320 310 300 290 280 270 260 250 240 230 220 210
670.0746227100381702 660.0757532283699902 650.0769185258003517 640.0781202322103809 630.0793600809345207 620.080639917099802 610.0819617067857052 600.0833275470998842 590.0847396772771845 580.0862004909270127 570.0877125495690052 560.0892785976178629 550.0909015790026615 540.0925846556310717 530.0943312279429165 520.0961449578337579 510.0980297942739412 500.0999900019995152 490.1020301937138584 480.1041553663121704 470.1063709417263112 460.108682813093651 450.1110973970759801 440.1136216933077208 430.116263352131341 420.1190307520000715 410.1219330881975793 400.1249804748511565 390.1281840626231769 380.1315561749642598 370.1351104664349236 360.1388621073821241 350.1428280002319298 340.1470270338989508 330.1514803843835466 320.1562118716424266 310.1612483854164566 300.1666203960726875 290.1723625709381622 280.1785145224379789 270.1851217221259276 260.1922366251537255 250.1999200639360765 240.2082429892862763 230.2172886644267749 220.2271554554524187 210.23796041628637
670.2984409947557651 660.3029607687670932 650.3076195155643973 640.3124237432848531 630.3173803727769382 620.3224967708329132 610.327780786685139 600.3332407921453751 590.338885725817704 580.3447251418763244 570.3507692639678908 560.3570290448759579 550.3635162326805812 540.3702434442518552 530.3772242470447509 520.3844732503074511 510.3920062069938126 500.3998401278721531 490.4079934095691442 480.4164859785725525 470.4253394535630264 460.4345773288535497 450.4442251822082994 440.4543109109048373 430.4648650006176922 420.47592083257274 410.4875150354758375 400.4996878900157071 390.5124837953327415 380.5259518088089408 370.5401462729781201 360.5551275463989214 350.5709628591620799 340.5877273185280387 330.6055050963307735 320.6243908376279705 310.6444913401813324 300.6659275674581409 290.6888370749726391 280.7133769523640012 270.7397274136176861 260.7680962081059306 250.7987240796890376 240.8318915758459013 230.8679276123039017 220.9072203437452231 210.9502310972898727
670.6713054842886095 660.6814663663571991 650.691939399897592 640.7027391856538543 630.7138812488591384 620.7253821135398084 610.7372593840988202 600.7495318350236175 590.762219509677152 580.7753438292641022 570.7889277132134112 560.8029957123981148 550.8175741568164767 540.8326913195984389 530.8483775994799316 520.8646657242167066 510.8815909777920297 500.8991914547277702 490.9175083453430943 480.936586256441899 470.9564735726646632 460.977222864644375 450.9988913511872397 441.02154142399894 431.0452412450460997 421.0700654285460018 411.0960958218893211 401.1234224026316042 391.1521443121588959 381.1823710509183343 371.214223865411725 361.2478373637688378 351.2833614050059055 341.3209633175202384 331.3608305156178062 321.4031735997639316 311.4482300479487549 301.4962686336266984 291.5475947422650052 281.6025568065744551 271.6615541441224764 261.7250465660480359 251.7935662402834396 241.8677324489565024 231.9482700948640286 222.0360331117451835 212.1320343559642652
671.1929677819933886 661.2110101926615471 651.2296062065975093 641.2487816752559411 631.2685640834652077 621.2889826803626647 611.3100686231169902 601.3318551349162817 591.3543776789007325 581.3776741499452783 571.4017850864661341 561.4267539047280025 551.452627158489463 541.4794548272353722 531.5072906367324777 521.5361924162118612 511.566222497146498 501.5974481593780752 491.6299421312741629 481.6637831516918027 471.6990566028301828 461.7358552246078034 451.7742799230607034 441.8144406874904462 431.8564576337836911 421.9004621945797453 411.9465984809195902 401.9950248448355978 392.0459156782531522 382.0994634908560101 372.1558813185678787 362.215405525496692 352.2782990761707538 342.3448553724737735 332.4154027718932412 322.4903099319419653 312.5699921617556925 302.6549190084311363 292.7456233660889211 282.8427124746190202 272.9468812791236019 263.0589287593181211 253.179778023443248 243.3105012119287949 233.4523505985750376 223.6067977499789663 213.7755832643194935
671.8630812896329871 661.8912297349164646 651.9202405202648833 641.9501538281613193 631.981012372998407 622.0128616033593971 612.0457499239741992 602.0797289396148244 592.114853723498527 582.151183113115394 572.1887800367986756 562.2277118748238536 552.2680508593630293 542.3098745182498988 532.3532661682465914 522.3983154643590296 512.4451190127582549 502.4937810560444973 492.5444142409900223 482.5971404805461589 472.6520919238589613 462.709412050370986 452.7692569068708508 442.8317965096905482 432.8972164382672645 422.9657196511320194 413.0375285612676635 403.1128874149274566 393.192065026750015 383.2753579347360073 373.3630940518893908 363.4556369077249656 353.5533905932737753 343.6568055487916808 333.7663853655727166 323.8826948140329591 314.006369362151645 304.1381265149109936 294.2787793912432335 284.4292530665578624 274.5906043549196056 264.7640458974745457 254.9509756796392423 245.1530134426252516 235.3720459187964025 225.6102834535695649 215.8703314492290417
672.6812023536855349 662.7216610312356124 652.7633568147035703 642.8063471995278633 632.8506932918695611 622.8964600958975097 612.9437168288782232 602.9925372672533967 593.0430001273094831 583.0951894845300103 573.1491952362839584 563.2051136131489102 553.2630477449221189 543.3231082882449527 533.3854141237834483 523.4500931320960717 513.5172830587107455 503.5871324805668792 493.6598018878993344 483.7354648979130047 473.814309619285325 463.8965401897280572 453.982378512646676 444.0720662234903671 434.1658669218481919 424.2640687119285303 414.3669871020132405 404.4749683231336803 394.5883931389771533 384.7076812334269107 374.8332962798262429 364.9657518178931923 355.1056180912940476 345.253530032641379 335.4101966249684779 325.5764119219941222 315.7530680769388596 305.9411708155670908 296.1418578992169159 286.3564212655270467 276.5863337187865909 266.8332812825266842 257.0992026436488231 247.3863375370596316 237.6972864800942489 228.0350850198275907 218.4032966784155576
673.6467917239716598 663.7017402418047141 653.7583651472460815 643.816744112794936 633.8769596696191684 623.9390995922599359 614.0032573203500306 604.0695324215582787 594.1380311005178783 584.2088667591411877 574.2821606144491398 564.358042380898496 554.4366510251644513 544.5181356024792194 534.6026561849463405 524.6903848937962493 514.7815070493500116 504.876222454573508 494.9747468305832854 485.0773134253961416 475.1841748206688862 465.2956049652736397 455.4119014694280168 445.5333881989092788 435.6604182158392859 425.793377120875391 415.9326868617084187 406.0788100849390503 396.2322551231789589 386.3935817272331406 376.5634076752546093 366.7424164178449928 356.9313659514949109 347.1310991541956241 337.3425558686599857 327.5667870831840105 317.8049716414140562 308.0584360149872509 298.3286778035259772 288.6173937932362605 278.9265136196270873 269.2582403567251959 259.6150997149433692 250 240.4163056034261672 230.8679276123039017 221.3594362117865444
674.759216313493539 664.8308055437864823 654.9045732013175893 644.9806198638839305 635.0590523722970602 625.1399843235113849 615.2235366108809558 605.3098380168622725 595.3990258641678111 585.4912467321778422 575.5866572463263537 565.6854249492380404 555.7877292636101174 545.8937625582472037 536.0037313302958637 526.1178575186362423 516.2363799656122865 506.359556046886496 496.4876634922563881 486.6210024238575897 476.7598976424087027 466.9047011971500751 457.0557952810575557 447.2135954999579326 437.3785545725807538 427.5511665286389871 417.7319714841084419 407.9215610874227878 398.1205847478876763 388.3297567789520031 378.5498646149540036 368.7817782917155114 359.0264614203248357 349.2849839314596352 339.5585369269928719 329.8484500494128611 320.1562118716424266 310.4834939252004915 300.8321791298264429 291.2043955712207435 281.6025568065744551 272.0294101747088575 262.488094968133737 252.9822128134703405 243.5159132377184221 234.0939982143925135 224.7220505424423322
676.0177512462228151 666.108099335235579 656.2011886609167277 646.297145282260999 636.3961030678927955 626.4982043070833697 616.6036003787197615 606.7124524847005205 596.8249324550708934 586.9412236331675103 577.061521850140366 567.1860364994893189 557.3149917237109321 547.4486277268397316 537.5872022286245056 527.7309920783504822 517.8802950489620116 508.0354318352215159 498.1967482832460519 488.3646178829911833 478.5394445602159408 468.7216658103185978 458.9117562233506078 449.1102314577124162 439.3176527297759435 429.53463189829057 419.7618372363071444 410 400.2499219237899979 390.5124837953327415 380.7886552931954043 371.0795063055894616 361.3862199918530109 351.7101079013795015 342.0526275297414145 332.4154027718932412 322.8002478313794654 313.2091952673164883 303.6445290137795041 294.1088233970548345 284.6049894151541366 275.136329843952069 265.706605111728436 256.3201123595259219 246.9817807045693883 237.6972864800942489 228.4731931759172596
677.4215821775978839 667.5327707311454333 657.6473218982952176 647.7653896280659183 637.88713735268243 628.0127387243032899 618.1423784210236363 608.2762530298219872 598.4145720150871739 588.557558782486467 578.7054518492114994 568.8585061331157249 559.0169943749474442 549.1812087098392112 539.3514624064720238 529.5280917949490913 519.7114584074513459 509.9019513592784847 500.0999900019995152 490.3060268852505033 480.5205510693585325 470.7440918375928049 460.977222864644375 451.2205669071391299 441.4748010928823305 431.7406628984580834 422.0189569201838822 412.3105625617660621 402.616442783947889 392.9376540877699995 383.2753579347360073 373.6308338453881106 364.0054944640259009 354.4009029333869876 344.8187929913333392 335.2610922848041923 325.7299494980466079 316.2277660168379612 306.7572330035593495 297.3213749463700992 287.9236009777593495 278.5677655436824125 269.2582403567251959 260 250.7987240796890376 241.6609194718914466 232.5940669922601387
678.9698078707182276 669.1038783328041291 659.2419889539803535 649.3843238021687512 639.5310782127792208 629.682459657246568 619.8386886924694181 610 600.1666435249463802 590.338885725817704 580.5170109479996654 570.7013229352110102 560.8921464952063616 551.0898293381941357 541.2947441089743279 531.5072906367324777 521.7278984298233127 511.9570294468081784 502.1951811795887579 492.4428900898052461 482.7007354458867781 472.9693436154186656 463.24939287601876 453.5416188179426626 443.8468204234429209 434.1658669218481919 424.4997055358224998 414.8493702538307843 405.2159917870961863 395.6008088970496601 386.0051813123756688 376.4306044943742222 366.8787265568828388 357.3513677041127607 347.8505426185217289 338.378486313772612 328.9376840679705651 319.5309061734091642 310.1612483854164566 300.8321791298264429 291.5475947422650052 282.3118842698621052 273.1300056749532814 264.0075756488816978 254.9509756796392423 245.9674775249768572 237.0653918225939663
680.6614430096653905 670.8203932499369557 660.9841147864297 651.1528238439882443 641.3267497929584806 631.5061361538777192 621.691241694782093 611.8823416311341816 602.0797289396148244 592.2837157984338319 582.4946351684279762 572.7128425310540933 562.9387178015027757 553.1726674375731818 543.4151267677409578 533.6665625650533684 523.9274758971894244 514.1984052872976463 504.4799302251775543 494.7726750741192632 485.0773134253961416 475.3945729601884977 465.7252408878007373 456.0701700396551814 446.4302857109943261 436.8065933568311152 427.2001872658765365 417.6122603564219844 408.0441152620633147 398.4971769034254976 388.9730067755344862 379.4733192202054965 370 360.5551275463989214 351.1409973215887703 341.7601498127012292 332.4154027718932412 323.109888428070235 313.8470965295043129 304.6309242345563462 295.4657340538831249 286.3564212655270467 277.3084924772409749 268.3281572999747482 259.422435421456953 250.5992817228333536 241.8677324489565024
