landscape/exported_ascii_MS_HABMAT_PATCHES_ONLY_DIST/simulation_000065_p049_h021_HABMAT_patch_more_500pix_edge_dist_modified.asc
ncols         512
nrows         512
xllcorner     0
yllcorner     0
cellsize      10
NODATA_value  -99
[rows 25 to 49 of 512, columns 0 to 54 of 512]
148.6606874731850496 142.1267040355189408 136.0147050873544288 130.3840481040529653 125.2996408614166768 120.8304597359457233 117.0469991071962568 107.7032961426900783 98.4885780179610464 89.4427190999915922 80.6225774829854913 72.1110255092797843 64.0312423743284853 56.568542494923804 50 40 30 20 10 -10 -10 10 10 -10 -10 -14.142135623730951 -22.3606797749978981 -28.284271247461902 -20 -10 10 10 14.142135623730951 10 -10 -14.142135623730951 -14.142135623730951 -10 -10 -10 10 14.142135623730951 20 22.3606797749978981 20 20 20 22.3606797749978981 28.284271247461902 20 10 -10 10 10 -10
141.4213562373095101 134.5362404707371127 128.0624847486569706 122.0655561573370278 116.6190378969060077 111.8033988749894831 107.7032961426900783 104.4030650891054961 101.9803902718556969 94.3398113205660422 86.0232526704262739 78.1024967590665398 70.7106781186547551 60.8276253029821987 50.9901951359278485 41.2310562561766076 31.6227766016837926 22.3606797749978981 14.142135623730951 10 -10 10 10 10 -10 -20 -28.284271247461902 -22.3606797749978981 -14.142135623730951 -10 10 10 14.142135623730951 10 10 -10 -10 10 10 -10 -10 10 10 14.142135623730951 10 10 10 14.142135623730951 22.3606797749978981 14.142135623730951 10 -10 10 10 10
134.5362404707371127 127.2792206135785591 120.4159457879229507 114.0175425099137954 108.1665382639196764 102.956301409870008 98.4885780179610464 94.8683298050513741 92.1954445729288778 90.553851381374173 90 82.4621125123532153 72.8010988928051859 63.2455532033675851 53.8516480713450392 44.7213595499957961 36.0555127546398921 28.284271247461902 22.3606797749978981 14.142135623730951 10 -10 -10 -10 -14.142135623730951 -22.3606797749978981 -22.3606797749978981 -14.142135623730951 -10 10 -10 -10 10 -10 -10 -14.142135623730951 -14.142135623730951 -10 -10 -10 10 -10 -10 10 -10 -10 -10 10 14.142135623730951 10 -10 10 -10 -10 -10
128.0624847486569706 120.4159457879229507 113.1370849898476081 106.3014581273464927 100 94.3398113205660422 89.4427190999915922 85.4400374531753073 82.4621125123532153 80.6225774829854913 80 80 76.1577310586390865 67.082039324993687 58.3095189484530039 50 40 30 20 10 -10 10 -10 -14.142135623730951 -22.3606797749978981 -22.3606797749978981 -20 -10 10 -10 -14.142135623730951 -14.142135623730951 -10 -14.142135623730951 -20 -14.142135623730951 -10 -10 10 10 -10 -14.142135623730951 -10 -10 -14.142135623730951 -10 -14.142135623730951 -10 10 10 -10 10 10 10 -10
122.0655561573370278 114.0175425099137954 106.3014581273464927 98.9949493661166571 92.1954445729288778 86.0232526704262739 80.6225774829854913 76.1577310586390865 72.8010988928051859 70.7106781186547551 70 70 70.7106781186547551 70.7106781186547551 60.8276253029821987 50.9901951359278485 41.2310562561766076 31.6227766016837926 22.3606797749978981 14.142135623730951 10 14.142135623730951 10 -10 -14.142135623730951 -14.142135623730951 -10 -14.142135623730951 -10 -14.142135623730951 -20 -10 10 -10 -20 -10 10 -10 10 14.142135623730951 10 -10 10 -10 -10 10 -10 -10 10 14.142135623730951 10 14.142135623730951 10 -10 -14.142135623730951
116.6190378969060077 108.1665382639196764 100 92.1954445729288778 84.8528137423857061 78.1024967590665398 72.1110255092797843 67.082039324993687 63.2455532033675851 60.8276253029821987 60 60 60.8276253029821987 63.2455532033675851 58.3095189484530039 53.8516480713450392 44.7213595499957961 36.0555127546398921 28.284271247461902 22.3606797749978981 20 10 -10 10 -10 -10 10 -10 10 -10 -20 -10 10 -10 -10 -10 10 10 -10 10 14.142135623730951 10 10 -10 10 -10 -10 10 -10 10 14.142135623730951 22.3606797749978981 14.142135623730951 10 -10
111.8033988749894831 102.956301409870008 94.3398113205660422 86.0232526704262739 78.1024967590665398 70.7106781186547551 64.0312423743284853 58.3095189484530039 53.8516480713450392 50.9901951359278485 50 50 50.9901951359278485 53.8516480713450392 50 44.7213595499957961 41.2310562561766076 36.0555127546398921 28.284271247461902 22.3606797749978981 20 14.142135623730951 10 -10 10 -10 -10 -14.142135623730951 -10 -14.142135623730951 -22.3606797749978981 -14.142135623730951 -10 10 10 10 -10 10 10 14.142135623730951 22.3606797749978981 14.142135623730951 10 -10 -10 10 10 -10 -14.142135623730951 -10 10 14.142135623730951 14.142135623730951 10 10
107.7032961426900783 98.4885780179610464 89.4427190999915922 80.6225774829854913 72.1110255092797843 64.0312423743284853 56.568542494923804 50 44.7213595499957961 41.2310562561766076 40 40 41.2310562561766076 44.7213595499957961 42.426406871192853 36.0555127546398921 31.6227766016837926 30 22.3606797749978981 14.142135623730951 10 10 -10 10 10 -10 10 -10 -20 -22.3606797749978981 -28.284271247461902 -22.3606797749978981 -14.142135623730951 -10 -10 10 10 14.142135623730951 20 22.3606797749978981 20 10 -10 10 -10 10 -10 10 -10 10 -10 10 10 -10 10
104.4030650891054961 94.8683298050513741 85.4400374531753073 76.1577310586390865 67.082039324993687 58.3095189484530039 50 42.426406871192853 36.0555127546398921 31.6227766016837926 30 30 31.6227766016837926 36.0555127546398921 36.0555127546398921 28.284271247461902 22.3606797749978981 20 20 10 -10 -10 -14.142135623730951 -10 -10 10 10 -10 -20 -28.284271247461902 -22.3606797749978981 -20 -22.3606797749978981 -20 -14.142135623730951 -10 10 20 28.284271247461902 31.6227766016837926 22.3606797749978981 14.142135623730951 10 14.142135623730951 10 14.142135623730951 10 14.142135623730951 10 -10 10 10 10 10 -10
101.9803902718556969 92.1954445729288778 82.4621125123532153 72.8010988928051859 63.2455532033675851 53.8516480713450392 44.7213595499957961 36.0555127546398921 28.284271247461902 22.3606797749978981 20 20 22.3606797749978981 28.284271247461902 31.6227766016837926 22.3606797749978981 14.142135623730951 10 14.142135623730951 10 -10 -20 -20 -20 -14.142135623730951 -10 10 -10 -14.142135623730951 -22.3606797749978981 -14.142135623730951 -10 -14.142135623730951 -22.3606797749978981 -20 -10 10 14.142135623730951 22.3606797749978981 28.284271247461902 28.284271247461902 22.3606797749978981 20 22.3606797749978981 20 22.3606797749978981 20 20 10 -10 10 -10 -10 -10 -14.142135623730951
98.4885780179610464 89.4427190999915922 80.6225774829854913 70.7106781186547551 60.8276253029821987 50.9901951359278485 41.2310562561766076 31.6227766016837926 22.3606797749978981 14.142135623730951 10 10 14.142135623730951 22.3606797749978981 22.3606797749978981 20 10 -10 10 10 -10 -14.142135623730951 -10 -14.142135623730951 -22.3606797749978981 -14.142135623730951 -10 10 -10 -20 -10 10 -10 -20 -22.3606797749978981 -14.142135623730951 -10 10 14.142135623730951 22.3606797749978981 31.6227766016837926 31.6227766016837926 30 31.6227766016837926 30 31.6227766016837926 30 22.3606797749978981 14.142135623730951 10 10 -10 -10 10 -10
94.8683298050513741 85.4400374531753073 76.1577310586390865 67.082039324993687 58.3095189484530039 50 40 30 20 10 -10 -10 10 20 14.142135623730951 10 10 -10 -10 -10 10 -10 10 -10 -14.142135623730951 -10 -14.142135623730951 -10 -14.142135623730951 -10 -14.142135623730951 -10 -14.142135623730951 -22.3606797749978981 -20 -22.3606797749978981 -14.142135623730951 -10 10 20 30 40 40 41.2310562561766076 40 41.2310562561766076 36.0555127546398921 28.284271247461902 20 10 -10 -10 -10 -10 -10
92.1954445729288778 82.4621125123532153 72.8010988928051859 63.2455532033675851 53.8516480713450392 44.7213595499957961 36.0555127546398921 28.284271247461902 20 10 -10 10 10 10 10 -10 -10 -14.142135623730951 -20 -14.142135623730951 -10 -14.142135623730951 -10 -14.142135623730951 -10 10 -10 -14.142135623730951 -10 10 -10 -20 -22.3606797749978981 -14.142135623730951 -10 -14.142135623730951 -14.142135623730951 -10 10 20 30 40 40 41.2310562561766076 44.7213595499957961 50 40 30 20 10 -10 10 10 -10 10
86.0232526704262739 78.1024967590665398 70.7106781186547551 60.8276253029821987 50.9901951359278485 41.2310562561766076 31.6227766016837926 22.3606797749978981 14.142135623730951 10 -10 -10 -10 -10 -10 10 -10 -20 -28.284271247461902 -22.3606797749978981 -20 -22.3606797749978981 -20 -22.3606797749978981 -14.142135623730951 -10 -14.142135623730951 -10 10 10 -10 -20 -20 -10 10 -10 -10 10 14.142135623730951 22.3606797749978981 28.284271247461902 30 30 31.6227766016837926 36.0555127546398921 41.2310562561766076 41.2310562561766076 31.6227766016837926 22.3606797749978981 14.142135623730951 10 10 -10 10 -10
80.6225774829854913 72.1110255092797843 64.0312423743284853 56.568542494923804 50 40 30 20 10 -10 -10 -14.142135623730951 -20 -20 -10 10 -10 -20 -30 -31.6227766016837926 -30 -31.6227766016837926 -30 -28.284271247461902 -22.3606797749978981 -20 -10 10 -10 10 -10 -10 -14.142135623730951 -10 10 -10 -10 10 10 14.142135623730951 22.3606797749978981 20 20 22.3606797749978981 28.284271247461902 31.6227766016837926 36.0555127546398921 36.0555127546398921 28.284271247461902 22.3606797749978981 20 14.142135623730951 10 10 10
76.1577310586390865 67.082039324993687 58.3095189484530039 50 42.426406871192853 36.0555127546398921 31.6227766016837926 22.3606797749978981 14.142135623730951 10 10 -10 -14.142135623730951 -22.3606797749978981 -14.142135623730951 -10 -14.142135623730951 -22.3606797749978981 -28.284271247461902 -30 -31.6227766016837926 -36.0555127546398921 -40 -36.0555127546398921 -31.6227766016837926 -22.3606797749978981 -14.142135623730951 -10 10 14.142135623730951 10 10 -10 -14.142135623730951 -10 -10 10 10 -10 10 14.142135623730951 10 10 14.142135623730951 20 22.3606797749978981 28.284271247461902 36.0555127546398921 36.0555127546398921 30 20 10 -10 -10 -10
72.8010988928051859 63.2455532033675851 53.8516480713450392 44.7213595499957961 36.0555127546398921 28.284271247461902 22.3606797749978981 20 10 -10 10 10 -10 -14.142135623730951 -22.3606797749978981 -14.142135623730951 -10 -14.142135623730951 -22.3606797749978981 -20 -22.3606797749978981 -28.284271247461902 -30 -31.6227766016837926 -31.6227766016837926 -22.3606797749978981 -14.142135623730951 -10 10 10 10 -10 10 -10 -20 -14.142135623730951 -10 -10 -10 10 10 -10 -10 10 10 14.142135623730951 22.3606797749978981 31.6227766016837926 41.2310562561766076 31.6227766016837926 22.3606797749978981 14.142135623730951 10 -10 10
70.7106781186547551 60.8276253029821987 50.9901951359278485 41.2310562561766076 31.6227766016837926 22.3606797749978981 14.142135623730951 10 10 -10 10 -10 10 -10 -20 -10 10 -10 -14.142135623730951 -10 -14.142135623730951 -20 -20 -22.3606797749978981 -28.284271247461902 -20 -10 10 10 -10 10 10 -10 -14.142135623730951 -22.3606797749978981 -14.142135623730951 -10 10 10 14.142135623730951 14.142135623730951 10 -10 -10 -10 10 20 28.284271247461902 36.0555127546398921 36.0555127546398921 28.284271247461902 20 10 -10 10
70 60 50 40 30 20 10 -10 -10 10 10 -10 10 -10 -10 -14.142135623730951 -10 -14.142135623730951 -10 10 -10 -10 -10 -14.142135623730951 -22.3606797749978981 -22.3606797749978981 -14.142135623730951 -10 -10 -14.142135623730951 -10 -10 -14.142135623730951 -22.3606797749978981 -14.142135623730951 -10 10 14.142135623730951 20 20 10 -10 -14.142135623730951 -10 10 10 14.142135623730951 22.3606797749978981 31.6227766016837926 41.2310562561766076 31.6227766016837926 22.3606797749978981 14.142135623730951 10 10
70 60 50 40 30 20 10 -10 -14.142135623730951 -10 -10 10 -10 -10 10 -10 -20 -22.3606797749978981 -14.142135623730951 -10 10 10 10 -10 -20 -28.284271247461902 -20 -10 10 -10 -20 -20 -20 -20 -10 10 14.142135623730951 22.3606797749978981 14.142135623730951 10 10 -10 -20 -14.142135623730951 -10 -10 10 20 28.284271247461902 36.0555127546398921 36.0555127546398921 28.284271247461902 22.3606797749978981 20 14.142135623730951
70 60 50 40 30 20 10 -10 -10 -10 -10 10 -10 10 -10 -14.142135623730951 -22.3606797749978981 -20 -10 10 -10 -10 -10 -14.142135623730951 -22.3606797749978981 -31.6227766016837926 -22.3606797749978981 -14.142135623730951 -10 -10 -14.142135623730951 -14.142135623730951 -10 -14.142135623730951 -10 10 20 20 10 -10 -10 -14.142135623730951 -14.142135623730951 -10 -14.142135623730951 -10 10 14.142135623730951 22.3606797749978981 31.6227766016837926 41.2310562561766076 36.0555127546398921 31.6227766016837926 28.284271247461902 22.3606797749978981
70.7106781186547551 60.8276253029821987 50.9901951359278485 41.2310562561766076 31.6227766016837926 22.3606797749978981 14.142135623730951 10 10 10 -10 10 -10 -10 -14.142135623730951 -22.3606797749978981 -28.284271247461902 -20 -10 10 -10 -20 -20 -22.3606797749978981 -28.284271247461902 -36.0555127546398921 -28.284271247461902 -20 -10 10 -10 -10 10 -10 -10 10 20 14.142135623730951 10 -10 -14.142135623730951 -20 -10 10 -10 -10 -10 10 20 30 40 42.426406871192853 36.0555127546398921 31.6227766016837926 30
72.8010988928051859 63.2455532033675851 53.8516480713450392 44.7213595499957961 36.0555127546398921 28.284271247461902 22.3606797749978981 20 20 10 -10 10 -10 -14.142135623730951 -10 -14.142135623730951 -22.3606797749978981 -20 -10 10 -10 -20 -22.3606797749978981 -28.284271247461902 -36.0555127546398921 -28.284271247461902 -22.3606797749978981 -20 -14.142135623730951 -10 -14.142135623730951 -14.142135623730951 -10 -14.142135623730951 -10 10 10 10 -10 10 -10 -20 -14.142135623730951 -10 10 10 -10 10 20 30 40 36.0555127546398921 28.284271247461902 22.3606797749978981 20
76.1577310586390865 67.082039324993687 58.3095189484530039 50 42.426406871192853 36.0555127546398921 31.6227766016837926 30 22.3606797749978981 14.142135623730951 10 10 -10 -10 10 -10 -14.142135623730951 -22.3606797749978981 -14.142135623730951 -10 -10 -10 -14.142135623730951 -22.3606797749978981 -31.6227766016837926 -22.3606797749978981 -14.142135623730951 -10 -14.142135623730951 -20 -22.3606797749978981 -22.3606797749978981 -20 -22.3606797749978981 -14.142135623730951 -10 -10 10 -10 -10 -14.142135623730951 -14.142135623730951 -10 -10 10 14.142135623730951 10 14.142135623730951 22.3606797749978981 31.6227766016837926 41.2310562561766076 31.6227766016837926 22.3606797749978981 14.142135623730951 10
80.6225774829854913 72.1110255092797843 64.0312423743284853 56.568542494923804 50 44.7213595499957961 41.2310562561766076 36.0555127546398921 28.284271247461902 22.3606797749978981 20 10 -10 -10 -10 10 -10 -20 -20 -10 10 10 -10 -20 -30 -20 -10 10 -10 -14.142135623730951 -20 -22.3606797749978981 -28.284271247461902 -28.284271247461902 -20 -10 10 10 -10 -10 -14.142135623730951 -10 10 10 10 14.142135623730951 20 22.3606797749978981 28.284271247461902 30 31.6227766016837926 28.284271247461902 20 10 -10
