landscape/exported_ascii_MS_HABMAT_PATCHES_ONLY_DIST/simulation_000043_p064_h010_HABMAT_patch_more_500pix_edge_dist_modified.asc
ncols         512
nrows         512
xllcorner     0
yllcorner     0
cellsize      10
NODATA_value  -99
[rows 375 to 399 of 512, columns 168 to 223 of 512]
-20 -10 10 10 -10 -10 -10 -14.142135623730951 -22.3606797749978981 -14.142135623730951 -10 -14.142135623730951 -20 -20 -10 10 -10 -14.142135623730951 -10 -14.142135623730951 -22.3606797749978981 -28.284271247461902 -28.284271247461902 -22.3606797749978981 -20 -14.142135623730951 -10 -14.142135623730951 -20 -10 10 -10 -10 -10 10 20 20 14.142135623730951 10 14.142135623730951 22.3606797749978981 28.284271247461902 36.0555127546398921 44.7213595499957961 53.8516480713450392 63.2455532033675851 72.8010988928051859 82.4621125123532153 92.1954445729288778 101.9803902718556969 111.8033988749894831 104.4030650891054961 94.8683298050513741 85.4400374531753073 76.1577310586390865 67.082039324993687
-14.142135623730951 -10 10 -10 -14.142135623730951 -20 -14.142135623730951 -10 -14.142135623730951 -22.3606797749978981 -20 -14.142135623730951 -10 -10 -14.142135623730951 -10 -10 -10 10 -10 -14.142135623730951 -20 -22.3606797749978981 -14.142135623730951 -10 -10 10 -10 -14.142135623730951 -14.142135623730951 -10 10 10 10 14.142135623730951 14.142135623730951 10 10 -10 10 14.142135623730951 22.3606797749978981 31.6227766016837926 41.2310562561766076 50.9901951359278485 60.8276253029821987 70.7106781186547551 80.6225774829854913 90.553851381374173 100.4987562112088995 110.4536101718726115 107.7032961426900783 98.4885780179610464 89.4427190999915922 80.6225774829854913 72.1110255092797843
-10 10 10 -10 -20 -20 -10 10 -10 -20 -14.142135623730951 -10 10 10 -10 10 10 -10 -10 10 -10 -10 -14.142135623730951 -10 10 -10 10 10 -10 -10 -10 -10 -10 -10 10 10 -10 -10 10 -10 10 20 30 40 50 60 70 80 90 100 110 111.8033988749894831 102.956301409870008 94.3398113205660422 86.0232526704262739 78.1024967590665398
-10 -10 10 -10 -10 -14.142135623730951 -14.142135623730951 -10 -14.142135623730951 -14.142135623730951 -10 10 14.142135623730951 14.142135623730951 10 10 -10 10 -10 10 10 10 -10 10 10 -10 -10 -10 10 10 10 10 -10 -10 10 10 10 -10 10 10 14.142135623730951 22.3606797749978981 31.6227766016837926 41.2310562561766076 50.9901951359278485 60.8276253029821987 70.7106781186547551 80.6225774829854913 90.553851381374173 100.4987562112088995 110.4536101718726115 116.6190378969060077 108.1665382639196764 100 90 80
10 10 -10 10 10 -10 -10 -14.142135623730951 -20 -10 10 -10 10 14.142135623730951 10 -10 10 14.142135623730951 10 14.142135623730951 10 -10 -10 10 -10 -10 10 10 14.142135623730951 20 20 14.142135623730951 10 10 -10 -10 10 10 14.142135623730951 20 22.3606797749978981 28.284271247461902 36.0555127546398921 44.7213595499957961 53.8516480713450392 63.2455532033675851 72.8010988928051859 82.4621125123532153 92.1954445729288778 101.9803902718556969 111.8033988749894831 120.4159457879229507 110.4536101718726115 100.4987562112088995 90.553851381374173 80.6225774829854913
10 10 -10 -10 -10 -10 10 -10 -20 -14.142135623730951 -10 -10 10 10 -10 10 10 14.142135623730951 20 22.3606797749978981 14.142135623730951 10 10 10 -10 10 -10 10 20 28.284271247461902 28.284271247461902 22.3606797749978981 20 14.142135623730951 10 10 -10 10 20 28.284271247461902 31.6227766016837926 36.0555127546398921 42.426406871192853 50 58.3095189484530039 67.082039324993687 76.1577310586390865 85.4400374531753073 94.8683298050513741 104.4030650891054961 114.0175425099137954 121.6552506059643974 111.8033988749894831 101.9803902718556969 92.1954445729288778 82.4621125123532153
-10 -10 10 10 -10 -14.142135623730951 -10 -14.142135623730951 -10 -14.142135623730951 -14.142135623730951 -10 10 10 -10 -10 -10 10 20 20 20 20 14.142135623730951 10 10 -10 10 14.142135623730951 22.3606797749978981 31.6227766016837926 36.0555127546398921 31.6227766016837926 28.284271247461902 22.3606797749978981 20 14.142135623730951 10 14.142135623730951 22.3606797749978981 31.6227766016837926 41.2310562561766076 44.7213595499957961 50 56.568542494923804 64.0312423743284853 72.1110255092797843 80.6225774829854913 89.4427190999915922 98.4885780179610464 107.7032961426900783 117.0469991071962568 120.8304597359457233 111.8033988749894831 101.9803902718556969 92.1954445729288778 82.4621125123532153
10 -10 10 -10 -14.142135623730951 -10 -10 -10 10 -10 -10 10 14.142135623730951 14.142135623730951 10 10 10 14.142135623730951 14.142135623730951 10 10 14.142135623730951 10 -10 10 -10 10 20 28.284271247461902 36.0555127546398921 44.7213595499957961 41.2310562561766076 36.0555127546398921 31.6227766016837926 28.284271247461902 22.3606797749978981 20 22.3606797749978981 28.284271247461902 36.0555127546398921 44.7213595499957961 53.8516480713450392 58.3095189484530039 64.0312423743284853 70.7106781186547551 78.1024967590665398 86.0232526704262739 94.3398113205660422 102.956301409870008 111.8033988749894831 120.8304597359457233 117.0469991071962568 107.7032961426900783 98.4885780179610464 89.4427190999915922 80.6225774829854913
10 -10 10 -10 -10 10 10 -10 -10 -14.142135623730951 -14.142135623730951 -10 10 14.142135623730951 20 20 14.142135623730951 10 10 -10 -10 10 10 -10 10 -10 10 20 30 40 50 50 44.7213595499957961 41.2310562561766076 36.0555127546398921 31.6227766016837926 30 31.6227766016837926 36.0555127546398921 42.426406871192853 50 58.3095189484530039 67.082039324993687 72.1110255092797843 78.1024967590665398 84.8528137423857061 92.1954445729288778 100 108.1665382639196764 116.6190378969060077 123.6931687685298158 114.0175425099137954 104.4030650891054961 94.8683298050513741 85.4400374531753073 76.1577310586390865
14.142135623730951 10 10 -10 -10 -10 -10 -14.142135623730951 -20 -22.3606797749978981 -22.3606797749978981 -14.142135623730951 -10 10 20 20 10 -10 10 10 -10 -10 -10 -14.142135623730951 -10 -10 10 20 30 40 50 58.3095189484530039 53.8516480713450392 50 44.7213595499957961 41.2310562561766076 40 41.2310562561766076 44.7213595499957961 50 56.568542494923804 64.0312423743284853 72.1110255092797843 80.6225774829854913 86.0232526704262739 92.1954445729288778 98.9949493661166571 106.3014581273464927 114.0175425099137954 122.0655561573370278 121.6552506059643974 111.8033988749894831 101.9803902718556969 92.1954445729288778 82.4621125123532153 72.8010988928051859
10 14.142135623730951 14.142135623730951 10 10 -10 -20 -22.3606797749978981 -28.284271247461902 -31.6227766016837926 -22.3606797749978981 -14.142135623730951 -10 10 20 20 10 -10 -10 -10 10 -10 -20 -20 -10 10 14.142135623730951 22.3606797749978981 28.284271247461902 36.0555127546398921 44.7213595499957961 53.8516480713450392 63.2455532033675851 58.3095189484530039 53.8516480713450392 50.9901951359278485 50 50.9901951359278485 53.8516480713450392 58.3095189484530039 64.0312423743284853 70.7106781186547551 78.1024967590665398 86.0232526704262739 94.3398113205660422 100 106.3014581273464927 113.1370849898476081 120.4159457879229507 128.0624847486569706 120.4159457879229507 110.4536101718726115 100.4987562112088995 90.553851381374173 80.6225774829854913 70.7106781186547551
-10 10 14.142135623730951 14.142135623730951 10 -10 -20 -30 -28.284271247461902 -22.3606797749978981 -20 -10 10 14.142135623730951 20 20 10 -10 -10 -10 -10 -10 -14.142135623730951 -10 -10 -10 10 14.142135623730951 22.3606797749978981 31.6227766016837926 41.2310562561766076 50.9901951359278485 60.8276253029821987 67.082039324993687 63.2455532033675851 60.8276253029821987 60 60.8276253029821987 63.2455532033675851 67.082039324993687 72.1110255092797843 78.1024967590665398 84.8528137423857061 92.1954445729288778 100 108.1665382639196764 114.0175425099137954 120.4159457879229507 127.2792206135785591 130 120 110 100 90 80 70
-10 -10 10 10 -10 -14.142135623730951 -22.3606797749978981 -28.284271247461902 -22.3606797749978981 -14.142135623730951 -10 -10 10 14.142135623730951 10 10 10 -10 10 10 10 10 -10 10 10 10 -10 10 20 30 40 50 60 70 72.8010988928051859 70.7106781186547551 70 70.7106781186547551 72.8010988928051859 76.1577310586390865 80.6225774829854913 86.0232526704262739 92.1954445729288778 98.9949493661166571 106.3014581273464927 114.0175425099137954 122.0655561573370278 128.0624847486569706 134.5362404707371127 130.3840481040529653 120.4159457879229507 110.4536101718726115 100.4987562112088995 90.553851381374173 80.6225774829854913 70.7106781186547551
10 -10 -10 -10 -14.142135623730951 -22.3606797749978981 -28.284271247461902 -22.3606797749978981 -14.142135623730951 -10 10 10 14.142135623730951 10 -10 -10 -10 -10 10 14.142135623730951 20 14.142135623730951 10 10 -10 -10 10 14.142135623730951 22.3606797749978981 31.6227766016837926 41.2310562561766076 50.9901951359278485 60.8276253029821987 70.7106781186547551 80.6225774829854913 80.6225774829854913 80 80.6225774829854913 82.4621125123532153 85.4400374531753073 89.4427190999915922 94.3398113205660422 100 106.3014581273464927 113.1370849898476081 120.4159457879229507 128.0624847486569706 136.0147050873544288 141.4213562373095101 131.5294643796590606 121.6552506059643974 111.8033988749894831 101.9803902718556969 92.1954445729288778 82.4621125123532153 72.8010988928051859
-10 -14.142135623730951 -20 -20 -22.3606797749978981 -28.284271247461902 -30 -20 -10 10 -10 10 20 10 -10 -14.142135623730951 -20 -14.142135623730951 -10 10 10 14.142135623730951 20 14.142135623730951 10 10 14.142135623730951 22.3606797749978981 28.284271247461902 36.0555127546398921 44.7213595499957961 53.8516480713450392 63.2455532033675851 72.8010988928051859 82.4621125123532153 90.553851381374173 90 90.553851381374173 92.1954445729288778 94.8683298050513741 98.4885780179610464 102.956301409870008 108.1665382639196764 114.0175425099137954 120.4159457879229507 127.2792206135785591 134.5362404707371127 142.1267040355189408 143.1782106327635233 133.4166406412633421 123.6931687685298158 114.0175425099137954 104.4030650891054961 94.8683298050513741 85.4400374531753073 76.1577310586390865
-14.142135623730951 -22.3606797749978981 -14.142135623730951 -10 -14.142135623730951 -22.3606797749978981 -31.6227766016837926 -22.3606797749978981 -14.142135623730951 -10 10 14.142135623730951 14.142135623730951 10 10 -10 -14.142135623730951 -10 -10 -10 -10 10 10 14.142135623730951 20 20 22.3606797749978981 28.284271247461902 36.0555127546398921 42.426406871192853 50 58.3095189484530039 67.082039324993687 76.1577310586390865 85.4400374531753073 94.8683298050513741 100 100.4987562112088995 101.9803902718556969 104.4030650891054961 107.7032961426900783 111.8033988749894831 116.6190378969060077 122.0655561573370278 128.0624847486569706 134.5362404707371127 141.4213562373095101 141.4213562373095101 140.3566884761820006 136.0147050873544288 126.4911064067351703 117.0469991071962568 107.7032961426900783 98.4885780179610464 89.4427190999915922 80.6225774829854913
-22.3606797749978981 -20 -10 10 -10 -20 -22.3606797749978981 -28.284271247461902 -22.3606797749978981 -14.142135623730951 -10 10 10 -10 -10 10 -10 10 10 10 -10 -10 -10 10 20 30 31.6227766016837926 36.0555127546398921 42.426406871192853 50 56.568542494923804 64.0312423743284853 72.1110255092797843 80.6225774829854913 89.4427190999915922 98.4885780179610464 107.7032961426900783 110.4536101718726115 111.8033988749894831 114.0175425099137954 117.0469991071962568 120.8304597359457233 125.2996408614166768 130.3840481040529653 136.0147050873544288 136.0147050873544288 133.4166406412633421 131.5294643796590606 130.3840481040529653 130 130 120.8304597359457233 111.8033988749894831 101.9803902718556969 92.1954445729288778 82.4621125123532153
-28.284271247461902 -22.3606797749978981 -14.142135623730951 -10 -14.142135623730951 -10 -14.142135623730951 -22.3606797749978981 -28.284271247461902 -22.3606797749978981 -14.142135623730951 -10 -10 -10 10 -10 -14.142135623730951 -10 -10 -10 -10 -10 10 14.142135623730951 22.3606797749978981 31.6227766016837926 41.2310562561766076 44.7213595499957961 50 56.568542494923804 64.0312423743284853 70.7106781186547551 78.1024967590665398 86.0232526704262739 94.3398113205660422 102.956301409870008 111.8033988749894831 120.4159457879229507 121.6552506059643974 123.6931687685298158 126.4911064067351703 130 130 130.3840481040529653 130 126.4911064067351703 123.6931687685298158 121.6552506059643974 120.4159457879229507 120 120.4159457879229507 120 114.0175425099137954 104.4030650891054961 94.8683298050513741 85.4400374531753073
-20 -22.3606797749978981 -22.3606797749978981 -14.142135623730951 -10 10 -10 -14.142135623730951 -22.3606797749978981 -20 -10 10 -10 -14.142135623730951 -10 -14.142135623730951 -10 10 10 -10 10 10 -10 10 20 30 40 50 58.3095189484530039 64.0312423743284853 70.7106781186547551 78.1024967590665398 84.8528137423857061 92.1954445729288778 100 108.1665382639196764 116.6190378969060077 121.6552506059643974 120.4159457879229507 120 120.4159457879229507 120 120 120.4159457879229507 120.8304597359457233 117.0469991071962568 114.0175425099137954 111.8033988749894831 110.4536101718726115 110 110.4536101718726115 110 110 106.3014581273464927 98.4885780179610464 89.4427190999915922
-10 -14.142135623730951 -14.142135623730951 -10 10 14.142135623730951 10 -10 -14.142135623730951 -22.3606797749978981 -14.142135623730951 -10 10 -10 -14.142135623730951 -20 -10 10 14.142135623730951 10 14.142135623730951 14.142135623730951 10 14.142135623730951 22.3606797749978981 31.6227766016837926 41.2310562561766076 50.9901951359278485 60.8276253029821987 70.7106781186547551 78.1024967590665398 84.8528137423857061 92.1954445729288778 98.9949493661166571 106.3014581273464927 114.0175425099137954 114.0175425099137954 111.8033988749894831 110.4536101718726115 110 110.4536101718726115 110 110 110.4536101718726115 111.8033988749894831 107.7032961426900783 104.4030650891054961 101.9803902718556969 100.4987562112088995 100 100.4987562112088995 100 100 98.9949493661166571 92.1954445729288778 86.0232526704262739
10 -10 -10 10 14.142135623730951 22.3606797749978981 14.142135623730951 10 -10 -14.142135623730951 -10 -10 -10 10 -10 -10 -10 10 20 20 22.3606797749978981 22.3606797749978981 20 22.3606797749978981 28.284271247461902 36.0555127546398921 44.7213595499957961 53.8516480713450392 63.2455532033675851 72.8010988928051859 82.4621125123532153 92.1954445729288778 98.9949493661166571 106.3014581273464927 111.8033988749894831 107.7032961426900783 104.4030650891054961 101.9803902718556969 100.4987562112088995 100 100.4987562112088995 100 100 100.4987562112088995 101.9803902718556969 98.4885780179610464 94.8683298050513741 92.1954445729288778 90.553851381374173 90 90.553851381374173 90 90 90.553851381374173 84.8528137423857061 78.1024967590665398
10 -10 -10 10 14.142135623730951 14.142135623730951 10 -10 -10 -10 10 10 -10 10 -10 10 -10 10 14.142135623730951 22.3606797749978981 31.6227766016837926 31.6227766016837926 30 31.6227766016837926 36.0555127546398921 42.426406871192853 50 58.3095189484530039 67.082039324993687 76.1577310586390865 85.4400374531753073 94.8683298050513741 104.4030650891054961 107.7032961426900783 102.956301409870008 98.4885780179610464 94.8683298050513741 92.1954445729288778 90.553851381374173 90 90.553851381374173 90 90 90.553851381374173 92.1954445729288778 89.4427190999915922 85.4400374531753073 82.4621125123532153 80.6225774829854913 80 80.6225774829854913 80 80 80.6225774829854913 78.1024967590665398 70.7106781186547551
14.142135623730951 10 10 -10 10 10 -10 -10 10 10 10 -10 10 10 -10 10 -10 -10 10 20 30 40 40 41.2310562561766076 44.7213595499957961 50 56.568542494923804 64.0312423743284853 72.1110255092797843 80.6225774829854913 89.4427190999915922 98.4885780179610464 102.956301409870008 98.4885780179610464 94.3398113205660422 89.4427190999915922 85.4400374531753073 82.4621125123532153 80.6225774829854913 80 80.6225774829854913 80 80 80.6225774829854913 82.4621125123532153 80.6225774829854913 76.1577310586390865 72.8010988928051859 70.7106781186547551 70 70.7106781186547551 70 70 70.7106781186547551 70.7106781186547551 64.0312423743284853
20 10 -10 10 -10 10 10 -10 10 20 14.142135623730951 10 -10 -10 10 -10 -14.142135623730951 -10 10 20 30 40 50 50.9901951359278485 53.8516480713450392 58.3095189484530039 64.0312423743284853 70.7106781186547551 78.1024967590665398 86.0232526704262739 94.3398113205660422 100 94.3398113205660422 89.4427190999915922 85.4400374531753073 80.6225774829854913 76.1577310586390865 72.8010988928051859 70.7106781186547551 70 70.7106781186547551 70 70 70.7106781186547551 72.8010988928051859 72.1110255092797843 67.082039324993687 63.2455532033675851 60.8276253029821987 60 60.8276253029821987 60 60 60.8276253029821987 63.2455532033675851 56.568542494923804
22.3606797749978981 14.142135623730951 10 -10 10 14.142135623730951 14.142135623730951 10 14.142135623730951 22.3606797749978981 20 10 -10 10 14.142135623730951 10 -10 10 14.142135623730951 22.3606797749978981 28.284271247461902 36.0555127546398921 44.7213595499957961 53.8516480713450392 63.2455532033675851 67.082039324993687 72.1110255092797843 78.1024967590665398 84.8528137423857061 92.1954445729288778 98.9949493661166571 92.1954445729288778 86.0232526704262739 80.6225774829854913 76.1577310586390865 72.1110255092797843 67.082039324993687 63.2455532033675851 60.8276253029821987 60 60.8276253029821987 60 60 60.8276253029821987 63.2455532033675851 63.2455532033675851 58.3095189484530039 53.8516480713450392 50.9901951359278485 50 50.9901951359278485 50 50 50.9901951359278485 53.8516480713450392 50
