landscape/exported_ascii_MS_HABMAT_PATCHES_ONLY_DIST/simulation_000050_p033_h024_HABMAT_patch_more_500pix_edge_dist_modified.asc
ncols         512
nrows         512
xllcorner     0
yllcorner     0
cellsize      10
NODATA_value  -99
[rows 42 to 62 of 512, columns 288 to 335 of 512]
63.2455532033675851 53.8516480713450392 44.7213595499957961 36.0555127546398921 28.284271247461902 22.3606797749978981 20 20 20 14.142135623730951 10 14.142135623730951 10 14.142135623730951 10 -10 -14.142135623730951 -10 -10 -10 10 20 30 40 50 60 70 70.7106781186547551 60.8276253029821987 50.9901951359278485 41.2310562561766076 31.6227766016837926 22.3606797749978981 14.142135623730951 10 10 14.142135623730951 20 10 -10 -10 -10 10 -10 -14.142135623730951 -14.142135623730951 -10 -10
60.8276253029821987 50.9901951359278485 41.2310562561766076 31.6227766016837926 22.3606797749978981 14.142135623730951 10 10 10 10 14.142135623730951 14.142135623730951 10 10 -10 10 -10 10 10 -10 10 20 30 40 50 60 70 72.8010988928051859 63.2455532033675851 53.8516480713450392 44.7213595499957961 36.0555127546398921 28.284271247461902 22.3606797749978981 20 20 22.3606797749978981 14.142135623730951 10 -10 -10 -10 10 10 -10 -10 10 10
60 50 40 30 20 10 -10 -10 -10 -10 10 10 -10 -10 -10 -10 10 -10 10 -10 10 20 30 40 50 60 70 76.1577310586390865 67.082039324993687 58.3095189484530039 50 42.426406871192853 36.0555127546398921 31.6227766016837926 30 30 20 10 -10 -10 10 -10 -10 10 10 10 14.142135623730951 10
60.8276253029821987 50.9901951359278485 41.2310562561766076 31.6227766016837926 22.3606797749978981 14.142135623730951 10 10 -10 -10 -10 10 -10 10 10 -10 10 10 10 -10 10 20 30 40 50 60 70 80 72.1110255092797843 64.0312423743284853 56.568542494923804 50 44.7213595499957961 41.2310562561766076 40 30 20 10 -10 -10 10 10 -10 10 20 20 10 -10
63.2455532033675851 53.8516480713450392 44.7213595499957961 36.0555127546398921 28.284271247461902 22.3606797749978981 20 14.142135623730951 10 10 -10 10 -10 -10 -10 10 -10 10 14.142135623730951 10 14.142135623730951 22.3606797749978981 31.6227766016837926 41.2310562561766076 50.9901951359278485 60.8276253029821987 70.7106781186547551 80.6225774829854913 78.1024967590665398 70.7106781186547551 64.0312423743284853 58.3095189484530039 53.8516480713450392 50.9901951359278485 41.2310562561766076 31.6227766016837926 22.3606797749978981 14.142135623730951 10 -10 -10 10 10 14.142135623730951 22.3606797749978981 22.3606797749978981 14.142135623730951 10
67.082039324993687 58.3095189484530039 50 42.426406871192853 36.0555127546398921 31.6227766016837926 28.284271247461902 22.3606797749978981 20 10 -10 -10 -14.142135623730951 -10 -10 -10 -10 -10 10 14.142135623730951 22.3606797749978981 28.284271247461902 36.0555127546398921 44.7213595499957961 53.8516480713450392 63.2455532033675851 72.8010988928051859 82.4621125123532153 82.4621125123532153 78.1024967590665398 72.1110255092797843 67.082039324993687 63.2455532033675851 53.8516480713450392 44.7213595499957961 36.0555127546398921 28.284271247461902 20 10 -10 -10 10 20 22.3606797749978981 22.3606797749978981 20 10 -10
72.1110255092797843 64.0312423743284853 56.568542494923804 50 44.7213595499957961 41.2310562561766076 36.0555127546398921 31.6227766016837926 22.3606797749978981 14.142135623730951 10 10 -10 10 10 10 10 10 -10 10 20 30 40 50 56.568542494923804 64.0312423743284853 72.1110255092797843 76.1577310586390865 72.8010988928051859 70.7106781186547551 70 70.7106781186547551 67.082039324993687 58.3095189484530039 50 41.2310562561766076 31.6227766016837926 22.3606797749978981 14.142135623730951 10 -10 10 20 22.3606797749978981 14.142135623730951 10 10 -10
78.1024967590665398 70.7106781186547551 64.0312423743284853 58.3095189484530039 53.8516480713450392 50 44.7213595499957961 36.0555127546398921 28.284271247461902 22.3606797749978981 20 10 -10 -10 10 -10 10 14.142135623730951 10 14.142135623730951 22.3606797749978981 28.284271247461902 36.0555127546398921 42.426406871192853 50 58.3095189484530039 67.082039324993687 67.082039324993687 63.2455532033675851 60.8276253029821987 60 60.8276253029821987 63.2455532033675851 63.2455532033675851 53.8516480713450392 44.7213595499957961 36.0555127546398921 28.284271247461902 22.3606797749978981 14.142135623730951 10 14.142135623730951 22.3606797749978981 20 10 -10 -10 -14.142135623730951
84.8528137423857061 78.1024967590665398 72.1110255092797843 67.082039324993687 63.2455532033675851 58.3095189484530039 50 42.426406871192853 36.0555127546398921 30 20 10 -10 10 -10 10 14.142135623730951 22.3606797749978981 14.142135623730951 10 14.142135623730951 22.3606797749978981 28.284271247461902 36.0555127546398921 44.7213595499957961 53.8516480713450392 63.2455532033675851 58.3095189484530039 53.8516480713450392 50.9901951359278485 50 50.9901951359278485 53.8516480713450392 58.3095189484530039 58.3095189484530039 50 42.426406871192853 36.0555127546398921 28.284271247461902 22.3606797749978981 20 22.3606797749978981 28.284271247461902 22.3606797749978981 14.142135623730951 10 -10 -20
92.1954445729288778 86.0232526704262739 80.6225774829854913 76.1577310586390865 72.1110255092797843 64.0312423743284853 56.568542494923804 50 41.2310562561766076 31.6227766016837926 22.3606797749978981 14.142135623730951 10 14.142135623730951 10 14.142135623730951 22.3606797749978981 20 10 -10 10 14.142135623730951 22.3606797749978981 31.6227766016837926 41.2310562561766076 50.9901951359278485 56.568542494923804 50 44.7213595499957961 41.2310562561766076 40 41.2310562561766076 44.7213595499957961 50 53.8516480713450392 50 44.7213595499957961 41.2310562561766076 36.0555127546398921 31.6227766016837926 30 31.6227766016837926 30 28.284271247461902 20 10 -10 -14.142135623730951
100 94.3398113205660422 89.4427190999915922 85.4400374531753073 78.1024967590665398 70.7106781186547551 63.2455532033675851 53.8516480713450392 44.7213595499957961 36.0555127546398921 28.284271247461902 22.3606797749978981 20 22.3606797749978981 20 22.3606797749978981 22.3606797749978981 20 14.142135623730951 10 -10 10 20 30 40 50 50 42.426406871192853 36.0555127546398921 31.6227766016837926 30 31.6227766016837926 36.0555127546398921 41.2310562561766076 44.7213595499957961 42.426406871192853 36.0555127546398921 31.6227766016837926 30 30 28.284271247461902 22.3606797749978981 20 22.3606797749978981 22.3606797749978981 14.142135623730951 10 -10
108.1665382639196764 102.956301409870008 98.4885780179610464 92.1954445729288778 84.8528137423857061 76.1577310586390865 67.082039324993687 58.3095189484530039 50 42.426406871192853 36.0555127546398921 31.6227766016837926 30 31.6227766016837926 30 22.3606797749978981 14.142135623730951 10 10 -10 -10 10 20 28.284271247461902 36.0555127546398921 44.7213595499957961 42.426406871192853 36.0555127546398921 28.284271247461902 22.3606797749978981 20 22.3606797749978981 28.284271247461902 31.6227766016837926 36.0555127546398921 36.0555127546398921 28.284271247461902 22.3606797749978981 20 20 20 14.142135623730951 10 14.142135623730951 22.3606797749978981 14.142135623730951 10 -10
116.6190378969060077 111.8033988749894831 106.3014581273464927 98.4885780179610464 89.4427190999915922 80.6225774829854913 72.1110255092797843 64.0312423743284853 56.568542494923804 50 44.7213595499957961 41.2310562561766076 40 36.0555127546398921 28.284271247461902 20 10 -10 10 10 -10 10 14.142135623730951 22.3606797749978981 31.6227766016837926 41.2310562561766076 36.0555127546398921 28.284271247461902 22.3606797749978981 14.142135623730951 10 14.142135623730951 20 22.3606797749978981 28.284271247461902 28.284271247461902 22.3606797749978981 14.142135623730951 10 10 10 10 -10 10 14.142135623730951 10 -10 -14.142135623730951
125.2996408614166768 120.4159457879229507 111.8033988749894831 102.956301409870008 94.3398113205660422 86.0232526704262739 78.1024967590665398 70.7106781186547551 64.0312423743284853 58.3095189484530039 53.8516480713450392 44.7213595499957961 36.0555127546398921 28.284271247461902 22.3606797749978981 14.142135623730951 10 10 -10 -10 10 -10 10 20 30 40 31.6227766016837926 22.3606797749978981 14.142135623730951 10 -10 10 10 14.142135623730951 22.3606797749978981 22.3606797749978981 14.142135623730951 10 -10 -10 -10 -10 -10 10 10 -10 -14.142135623730951 -22.3606797749978981
134.1640786499873741 125.2996408614166768 116.6190378969060077 108.1665382639196764 100 92.1954445729288778 84.8528137423857061 78.1024967590665398 70.7106781186547551 60.8276253029821987 50.9901951359278485 41.2310562561766076 31.6227766016837926 22.3606797749978981 14.142135623730951 10 -10 -10 -10 -10 10 10 14.142135623730951 22.3606797749978981 31.6227766016837926 40 30 20 10 -10 -10 10 -10 10 20 20 10 -10 10 10 -10 -10 -14.142135623730951 -10 -10 -14.142135623730951 -20 -22.3606797749978981
138.9244398944980503 130.3840481040529653 122.0655561573370278 114.0175425099137954 106.3014581273464927 98.9949493661166571 90 80 70 60 50 40 30 20 10 -10 10 10 10 -10 -10 10 20 28.284271247461902 36.0555127546398921 41.2310562561766076 31.6227766016837926 22.3606797749978981 14.142135623730951 10 -10 -10 -10 10 20 22.3606797749978981 14.142135623730951 10 10 -10 10 10 -10 -10 -14.142135623730951 -14.142135623730951 -10 -14.142135623730951
144.2220510185595685 136.0147050873544288 128.0624847486569706 120.4159457879229507 110.4536101718726115 100.4987562112088995 90.553851381374173 80.6225774829854913 70.7106781186547551 60.8276253029821987 50.9901951359278485 41.2310562561766076 31.6227766016837926 22.3606797749978981 14.142135623730951 10 10 10 10 -10 -10 10 20 30 40 44.7213595499957961 36.0555127546398921 28.284271247461902 22.3606797749978981 14.142135623730951 10 -10 -10 10 14.142135623730951 22.3606797749978981 20 20 14.142135623730951 10 -10 -10 10 10 -10 -10 10 -10
150 141.4213562373095101 131.5294643796590606 121.6552506059643974 111.8033988749894831 101.9803902718556969 92.1954445729288778 82.4621125123532153 72.8010988928051859 63.2455532033675851 53.8516480713450392 44.7213595499957961 36.0555127546398921 28.284271247461902 20 10 -10 -10 10 -10 -10 10 20 30 40 40 40 36.0555127546398921 28.284271247461902 20 10 -10 -14.142135623730951 -10 10 14.142135623730951 10 10 14.142135623730951 10 -10 -10 10 10 -10 -14.142135623730951 -10 10
152.9705854077835454 143.1782106327635233 133.4166406412633421 123.6931687685298158 114.0175425099137954 104.4030650891054961 94.8683298050513741 85.4400374531753073 76.1577310586390865 67.082039324993687 58.3095189484530039 50 41.2310562561766076 31.6227766016837926 22.3606797749978981 14.142135623730951 10 -10 -10 -10 -10 10 20 30 31.6227766016837926 30 30 28.284271247461902 22.3606797749978981 20 10 -10 -20 -10 10 10 -10 -10 10 -10 -14.142135623730951 -14.142135623730951 -10 -10 -14.142135623730951 -22.3606797749978981 -14.142135623730951 -10
155.2417469626002458 145.6021977856103717 136.0147050873544288 126.4911064067351703 117.0469991071962568 107.7032961426900783 98.4885780179610464 89.4427190999915922 80.6225774829854913 72.1110255092797843 63.2455532033675851 53.8516480713450392 44.7213595499957961 36.0555127546398921 28.284271247461902 20 10 -10 -10 10 10 14.142135623730951 22.3606797749978981 28.284271247461902 22.3606797749978981 20 20 22.3606797749978981 14.142135623730951 10 10 -10 -20 -10 10 10 -10 10 10 -10 -10 -14.142135623730951 -20 -20 -22.3606797749978981 -28.284271247461902 -22.3606797749978981 -14.142135623730951
145.6021977856103717 148.6606874731850496 139.2838827718412062 130 120.8304597359457233 111.8033988749894831 102.956301409870008 94.3398113205660422 85.4400374531753073 76.1577310586390865 67.082039324993687 58.3095189484530039 50 41.2310562561766076 31.6227766016837926 22.3606797749978981 14.142135623730951 10 -10 -10 -10 10 14.142135623730951 22.3606797749978981 14.142135623730951 10 10 14.142135623730951 10 -10 -10 -10 -14.142135623730951 -14.142135623730951 -10 -10 -10 10 -10 -10 10 -10 -10 -14.142135623730951 -22.3606797749978981 -22.3606797749978981 -20 -20
