landscape/exported_ascii_MS_HABMAT_PATCHES_ONLY_DIST/simulation_000006_p065_h030_HABMAT_patch_more_500pix_edge_dist_modified.asc
ncols         512
nrows         512
xllcorner     0
yllcorner     0
cellsize      10
NODATA_value  -99
[rows 364 to 389 of 512, columns 177 to 235 of 512]
22.3606797749978981 31.6227766016837926 40 30 20 10 -10 -10 10 -10 -20 -20 -22.3606797749978981 -20 -14.142135623730951 -10 -10 -14.142135623730951 -10 10 -10 -20 -30 -31.6227766016837926 -36.0555127546398921 -41.2310562561766076 -31.6227766016837926 -22.3606797749978981 -14.142135623730951 -10 -14.142135623730951 -22.3606797749978981 -31.6227766016837926 -36.0555127546398921 -28.284271247461902 -22.3606797749978981 -20 -22.3606797749978981 -28.284271247461902 -36.0555127546398921 -41.2310562561766076 -31.6227766016837926 -22.3606797749978981 -14.142135623730951 -10 -14.142135623730951 -22.3606797749978981 -31.6227766016837926 -41.2310562561766076 -40 -41.2310562561766076 -44.7213595499957961 -50 -44.7213595499957961 -41.2310562561766076 -31.6227766016837926 -22.3606797749978981 -14.142135623730951 -10
28.284271247461902 36.0555127546398921 41.2310562561766076 31.6227766016837926 22.3606797749978981 14.142135623730951 10 -10 -10 -10 -14.142135623730951 -22.3606797749978981 -14.142135623730951 -10 -10 10 10 -10 -14.142135623730951 -10 -14.142135623730951 -22.3606797749978981 -20 -22.3606797749978981 -28.284271247461902 -31.6227766016837926 -30 -20 -10 10 -10 -20 -30 -40 -36.0555127546398921 -31.6227766016837926 -30 -31.6227766016837926 -36.0555127546398921 -42.426406871192853 -40 -30 -20 -10 10 -10 -20 -30 -31.6227766016837926 -30 -31.6227766016837926 -36.0555127546398921 -42.426406871192853 -36.0555127546398921 -31.6227766016837926 -30 -20 -10 10
36.0555127546398921 42.426406871192853 41.2310562561766076 31.6227766016837926 22.3606797749978981 14.142135623730951 10 -10 -10 10 -10 -14.142135623730951 -10 10 10 10 -10 -14.142135623730951 -22.3606797749978981 -20 -20 -14.142135623730951 -10 -14.142135623730951 -20 -22.3606797749978981 -28.284271247461902 -20 -10 10 -10 -20 -30 -30 -31.6227766016837926 -36.0555127546398921 -40 -41.2310562561766076 -41.2310562561766076 -40 -41.2310562561766076 -31.6227766016837926 -22.3606797749978981 -14.142135623730951 -10 -14.142135623730951 -22.3606797749978981 -28.284271247461902 -22.3606797749978981 -20 -22.3606797749978981 -28.284271247461902 -36.0555127546398921 -28.284271247461902 -22.3606797749978981 -20 -22.3606797749978981 -14.142135623730951 -10
42.426406871192853 50 40 30 20 10 -10 10 -10 -10 10 -10 10 -10 10 -10 -14.142135623730951 -20 -14.142135623730951 -10 -10 -10 10 -10 -10 -14.142135623730951 -22.3606797749978981 -22.3606797749978981 -14.142135623730951 -10 -14.142135623730951 -22.3606797749978981 -22.3606797749978981 -20 -22.3606797749978981 -28.284271247461902 -31.6227766016837926 -36.0555127546398921 -31.6227766016837926 -30 -31.6227766016837926 -36.0555127546398921 -28.284271247461902 -22.3606797749978981 -20 -22.3606797749978981 -28.284271247461902 -22.3606797749978981 -14.142135623730951 -10 -14.142135623730951 -22.3606797749978981 -31.6227766016837926 -22.3606797749978981 -14.142135623730951 -10 -14.142135623730951 -10 -14.142135623730951
50 50.9901951359278485 41.2310562561766076 31.6227766016837926 22.3606797749978981 14.142135623730951 10 10 -10 -10 10 10 -10 10 -10 -14.142135623730951 -10 -10 -10 10 10 -10 10 -10 10 -10 -20 -20 -22.3606797749978981 -20 -22.3606797749978981 -20 -14.142135623730951 -10 -14.142135623730951 -20 -22.3606797749978981 -28.284271247461902 -22.3606797749978981 -20 -22.3606797749978981 -28.284271247461902 -36.0555127546398921 -31.6227766016837926 -30 -31.6227766016837926 -30 -20 -10 10 -10 -20 -30 -20 -10 10 -10 10 -10
58.3095189484530039 53.8516480713450392 44.7213595499957961 36.0555127546398921 28.284271247461902 22.3606797749978981 14.142135623730951 10 10 10 -10 10 -10 10 -10 -10 10 10 10 14.142135623730951 14.142135623730951 10 -10 -14.142135623730951 -10 -14.142135623730951 -14.142135623730951 -10 -14.142135623730951 -22.3606797749978981 -14.142135623730951 -10 -10 10 -10 -10 -14.142135623730951 -20 -14.142135623730951 -10 -14.142135623730951 -22.3606797749978981 -31.6227766016837926 -36.0555127546398921 -40 -41.2310562561766076 -31.6227766016837926 -22.3606797749978981 -14.142135623730951 -10 -14.142135623730951 -22.3606797749978981 -31.6227766016837926 -22.3606797749978981 -14.142135623730951 -10 -14.142135623730951 -10 -14.142135623730951
67.082039324993687 58.3095189484530039 50 40 30 20 10 -10 -10 -10 -10 10 -10 10 10 -10 10 -10 -10 10 10 10 -10 -20 -20 -14.142135623730951 -10 10 -10 -14.142135623730951 -10 10 10 -10 -10 10 -10 -10 -10 10 -10 -20 -22.3606797749978981 -28.284271247461902 -36.0555127546398921 -36.0555127546398921 -28.284271247461902 -22.3606797749978981 -20 -20 -20 -22.3606797749978981 -28.284271247461902 -28.284271247461902 -22.3606797749978981 -20 -22.3606797749978981 -20 -22.3606797749978981
70.7106781186547551 60.8276253029821987 50.9901951359278485 41.2310562561766076 31.6227766016837926 22.3606797749978981 14.142135623730951 10 -10 -14.142135623730951 -10 10 10 10 14.142135623730951 10 10 10 10 -10 -10 -10 -14.142135623730951 -22.3606797749978981 -20 -10 10 14.142135623730951 10 -10 -14.142135623730951 -10 10 10 -10 10 -10 10 10 -10 -10 -10 -14.142135623730951 -22.3606797749978981 -31.6227766016837926 -28.284271247461902 -22.3606797749978981 -14.142135623730951 -10 -14.142135623730951 -10 -14.142135623730951 -20 -22.3606797749978981 -28.284271247461902 -30 -31.6227766016837926 -30 -31.6227766016837926
72.8010988928051859 63.2455532033675851 53.8516480713450392 44.7213595499957961 36.0555127546398921 28.284271247461902 22.3606797749978981 14.142135623730951 10 -10 -10 -10 10 -10 10 10 -10 10 -10 10 -10 10 -10 -20 -20 -10 10 10 -10 -10 -14.142135623730951 -10 10 -10 10 14.142135623730951 10 10 -10 -10 10 10 -10 -20 -22.3606797749978981 -20 -14.142135623730951 -10 10 -10 10 -10 -10 -14.142135623730951 -22.3606797749978981 -31.6227766016837926 -41.2310562561766076 -40 -41.2310562561766076
76.1577310586390865 67.082039324993687 58.3095189484530039 50 42.426406871192853 36.0555127546398921 28.284271247461902 22.3606797749978981 14.142135623730951 10 10 10 10 -10 10 -10 -14.142135623730951 -10 -10 10 -10 -10 -14.142135623730951 -22.3606797749978981 -20 -10 10 14.142135623730951 10 10 -10 -10 -10 10 14.142135623730951 14.142135623730951 10 10 -10 -10 -10 10 -10 -20 -14.142135623730951 -10 -10 10 10 10 -10 -10 10 -10 -20 -30 -40 -41.2310562561766076 -44.7213595499957961
80.6225774829854913 72.1110255092797843 64.0312423743284853 56.568542494923804 50 42.426406871192853 36.0555127546398921 28.284271247461902 22.3606797749978981 20 20 20 10 -10 -10 -14.142135623730951 -22.3606797749978981 -14.142135623730951 -10 -10 -10 -14.142135623730951 -20 -22.3606797749978981 -20 -14.142135623730951 -10 10 20 14.142135623730951 10 10 10 -10 10 10 -10 -10 10 10 10 -10 -14.142135623730951 -20 -10 10 10 -10 -10 -10 10 -10 -10 -14.142135623730951 -22.3606797749978981 -31.6227766016837926 -30 -31.6227766016837926 -36.0555127546398921
86.0232526704262739 78.1024967590665398 70.7106781186547551 64.0312423743284853 56.568542494923804 50 42.426406871192853 36.0555127546398921 31.6227766016837926 30 30 22.3606797749978981 14.142135623730951 10 -10 -14.142135623730951 -20 -10 10 -10 10 -10 -10 -14.142135623730951 -10 -10 10 14.142135623730951 22.3606797749978981 22.3606797749978981 20 20 14.142135623730951 10 -10 -10 -14.142135623730951 -10 -10 10 -10 -14.142135623730951 -22.3606797749978981 -14.142135623730951 -10 -10 -10 -14.142135623730951 -20 -14.142135623730951 -10 -14.142135623730951 -20 -22.3606797749978981 -28.284271247461902 -22.3606797749978981 -20 -22.3606797749978981 -28.284271247461902
92.1954445729288778 84.8528137423857061 78.1024967590665398 70.7106781186547551 64.0312423743284853 56.568542494923804 50 44.7213595499957961 41.2310562561766076 40 36.0555127546398921 28.284271247461902 22.3606797749978981 14.142135623730951 10 -10 -10 -14.142135623730951 -10 10 -10 -10 10 -10 10 -10 10 20 28.284271247461902 31.6227766016837926 30 20 10 -10 -14.142135623730951 -20 -10 10 -10 -10 -14.142135623730951 -22.3606797749978981 -20 -10 10 -10 -20 -22.3606797749978981 -22.3606797749978981 -14.142135623730951 -10 -14.142135623730951 -22.3606797749978981 -28.284271247461902 -22.3606797749978981 -14.142135623730951 -10 -14.142135623730951 -20
98.9949493661166571 92.1954445729288778 84.8528137423857061 78.1024967590665398 70.7106781186547551 64.0312423743284853 58.3095189484530039 53.8516480713450392 50.9901951359278485 50 40 30 20 10 -10 -10 10 -10 10 -10 -14.142135623730951 -14.142135623730951 -10 -14.142135623730951 -10 -10 10 14.142135623730951 22.3606797749978981 31.6227766016837926 28.284271247461902 20 10 -10 -20 -22.3606797749978981 -14.142135623730951 -10 -14.142135623730951 -20 -22.3606797749978981 -28.284271247461902 -22.3606797749978981 -14.142135623730951 -10 -14.142135623730951 -22.3606797749978981 -20 -20 -10 10 -10 -14.142135623730951 -22.3606797749978981 -20 -10 10 -10 -10
106.3014581273464927 98.9949493661166571 92.1954445729288778 84.8528137423857061 78.1024967590665398 72.1110255092797843 67.082039324993687 63.2455532033675851 53.8516480713450392 44.7213595499957961 36.0555127546398921 28.284271247461902 22.3606797749978981 14.142135623730951 10 -10 -10 -10 10 -10 -20 -20 -20 -14.142135623730951 -10 10 -10 10 20 28.284271247461902 22.3606797749978981 14.142135623730951 10 -10 -10 -14.142135623730951 -22.3606797749978981 -20 -22.3606797749978981 -20 -22.3606797749978981 -20 -22.3606797749978981 -22.3606797749978981 -20 -22.3606797749978981 -14.142135623730951 -10 -14.142135623730951 -14.142135623730951 -10 10 -10 -20 -22.3606797749978981 -14.142135623730951 -10 -10 10
113.1370849898476081 106.3014581273464927 98.9949493661166571 92.1954445729288778 85.4400374531753073 76.1577310586390865 67.082039324993687 58.3095189484530039 50 41.2310562561766076 31.6227766016837926 22.3606797749978981 14.142135623730951 10 -10 -14.142135623730951 -14.142135623730951 -10 10 -10 -10 -10 -14.142135623730951 -10 10 10 -10 10 14.142135623730951 22.3606797749978981 20 10 -10 10 10 -10 -14.142135623730951 -10 -14.142135623730951 -10 -14.142135623730951 -10 -14.142135623730951 -22.3606797749978981 -30 -20 -10 10 -10 -10 10 10 -10 -20 -22.3606797749978981 -14.142135623730951 -10 -14.142135623730951 -10
106.3014581273464927 98.9949493661166571 92.1954445729288778 86.0232526704262739 80.6225774829854913 72.1110255092797843 63.2455532033675851 53.8516480713450392 44.7213595499957961 36.0555127546398921 28.284271247461902 20 10 -10 10 -10 -10 10 10 -10 10 10 -10 -10 -10 -10 -14.142135623730951 -10 10 20 20 14.142135623730951 10 10 -10 -14.142135623730951 -10 10 -10 10 -10 10 -10 -20 -30 -20 -10 10 -10 10 10 -10 -10 -14.142135623730951 -20 -10 10 -10 10
100 92.1954445729288778 84.8528137423857061 78.1024967590665398 72.1110255092797843 67.082039324993687 58.3095189484530039 50 41.2310562561766076 31.6227766016837926 22.3606797749978981 14.142135623730951 10 10 -10 -10 10 10 14.142135623730951 10 14.142135623730951 10 -10 10 10 10 -10 10 14.142135623730951 10 10 14.142135623730951 20 14.142135623730951 10 -10 -10 -10 -14.142135623730951 -10 -14.142135623730951 -10 -14.142135623730951 -22.3606797749978981 -31.6227766016837926 -22.3606797749978981 -14.142135623730951 -10 -14.142135623730951 -10 -10 -10 10 -10 -20 -14.142135623730951 -10 -10 10
94.3398113205660422 86.0232526704262739 78.1024967590665398 70.7106781186547551 64.0312423743284853 58.3095189484530039 53.8516480713450392 44.7213595499957961 36.0555127546398921 28.284271247461902 20 10 -10 -10 10 -10 -10 -10 10 14.142135623730951 10 10 -10 10 14.142135623730951 10 -10 10 10 -10 -10 10 14.142135623730951 10 10 -10 10 10 -10 -20 -22.3606797749978981 -20 -22.3606797749978981 -28.284271247461902 -30 -28.284271247461902 -22.3606797749978981 -20 -10 10 -10 -14.142135623730951 -10 -14.142135623730951 -22.3606797749978981 -20 -10 10 -10
89.4427190999915922 80.6225774829854913 72.1110255092797843 64.0312423743284853 56.568542494923804 50 44.7213595499957961 41.2310562561766076 31.6227766016837926 22.3606797749978981 14.142135623730951 10 -10 -10 10 -10 10 -10 10 10 -10 -10 10 14.142135623730951 10 -10 10 10 10 -10 -14.142135623730951 -10 10 -10 10 -10 -10 -10 -14.142135623730951 -22.3606797749978981 -31.6227766016837926 -30 -28.284271247461902 -22.3606797749978981 -20 -22.3606797749978981 -14.142135623730951 -10 -14.142135623730951 -10 -14.142135623730951 -22.3606797749978981 -20 -22.3606797749978981 -28.284271247461902 -22.3606797749978981 -14.142135623730951 -10 -14.142135623730951
85.4400374531753073 76.1577310586390865 67.082039324993687 58.3095189484530039 50 42.426406871192853 36.0555127546398921 31.6227766016837926 30 20 10 -10 10 -10 10 10 10 -10 -10 10 10 -10 -10 10 -10 10 -10 -10 -10 -14.142135623730951 -10 10 -10 -14.142135623730951 -10 -14.142135623730951 -20 -20 -22.3606797749978981 -28.284271247461902 -22.3606797749978981 -20 -20 -14.142135623730951 -10 -14.142135623730951 -10 10 -10 -20 -22.3606797749978981 -28.284271247461902 -22.3606797749978981 -20 -22.3606797749978981 -28.284271247461902 -22.3606797749978981 -20 -22.3606797749978981
82.4621125123532153 72.8010988928051859 63.2455532033675851 53.8516480713450392 44.7213595499957961 36.0555127546398921 28.284271247461902 22.3606797749978981 20 20 14.142135623730951 10 10 -10 10 14.142135623730951 14.142135623730951 10 10 10 10 -10 -10 10 -10 10 10 -10 -14.142135623730951 -10 -10 10 10 -10 10 -10 -14.142135623730951 -22.3606797749978981 -31.6227766016837926 -22.3606797749978981 -14.142135623730951 -10 -10 -10 10 -10 -14.142135623730951 -10 -14.142135623730951 -22.3606797749978981 -31.6227766016837926 -22.3606797749978981 -14.142135623730951 -10 -14.142135623730951 -22.3606797749978981 -14.142135623730951 -10 -14.142135623730951
80.6225774829854913 70.7106781186547551 60.8276253029821987 50.9901951359278485 41.2310562561766076 31.6227766016837926 22.3606797749978981 14.142135623730951 10 10 14.142135623730951 14.142135623730951 10 10 -10 10 20 10 -10 -10 10 10 -10 -10 10 14.142135623730951 10 -10 -10 10 10 14.142135623730951 10 -10 -10 10 -10 -20 -30 -20 -10 10 10 -10 -10 -14.142135623730951 -22.3606797749978981 -20 -22.3606797749978981 -28.284271247461902 -30 -20 -10 10 -10 -20 -10 10 -10
80 70 60 50 40 30 20 10 -10 -10 10 10 -10 10 10 14.142135623730951 22.3606797749978981 14.142135623730951 10 -10 -10 -10 10 10 10 10 10 -10 -10 10 20 10 -10 -14.142135623730951 -14.142135623730951 -10 -14.142135623730951 -22.3606797749978981 -30 -20 -10 10 -10 -14.142135623730951 -20 -22.3606797749978981 -28.284271247461902 -30 -31.6227766016837926 -36.0555127546398921 -30 -20 -10 10 -10 -10 -14.142135623730951 -10 -14.142135623730951
80 70 60 50 40 30 20 10 -10 -10 -10 -10 10 -10 10 20 20 10 -10 -14.142135623730951 -14.142135623730951 -10 10 -10 -10 -10 10 10 -10 10 14.142135623730951 10 -10 -20 -10 10 -10 -20 -30 -22.3606797749978981 -14.142135623730951 -10 -14.142135623730951 -22.3606797749978981 -28.284271247461902 -31.6227766016837926 -36.0555127546398921 -40 -41.2310562561766076 -40 -30 -20 -10 10 -10 10 -10 -14.142135623730951 -10
80.6225774829854913 70.7106781186547551 60.8276253029821987 50.9901951359278485 41.2310562561766076 31.6227766016837926 22.3606797749978981 14.142135623730951 10 10 10 10 -10 10 14.142135623730951 22.3606797749978981 20 10 -10 -10 -10 10 14.142135623730951 10 -10 -14.142135623730951 -10 -10 10 14.142135623730951 10 -10 -14.142135623730951 -22.3606797749978981 -14.142135623730951 -10 -14.142135623730951 -22.3606797749978981 -30 -22.3606797749978981 -14.142135623730951 -10 -14.142135623730951 -22.3606797749978981 -31.6227766016837926 -36.0555127546398921 -31.6227766016837926 -30 -31.6227766016837926 -30 -31.6227766016837926 -22.3606797749978981 -14.142135623730951 -10 -14.142135623730951 -10 -14.142135623730951 -10 10
