landscape/exported_ascii_MS_HABMAT_PATCHES_ONLY_DIST/simulation_000065_p049_h021_HABMAT_patch_more_500pix_edge_dist_modified.asc
ncols         512
nrows         512
xllcorner     0
yllcorner     0
cellsize      10
NODATA_value  -99
[rows 450 to 474 of 512, columns 220 to 274 of 512]
-10 10 -10 -10 10 10 10 10 10 -10 -10 -10 10 20 20 22.3606797749978981 20 14.142135623730951 10 10 14.142135623730951 20 20 20 20 20 22.3606797749978981 20 22.3606797749978981 28.284271247461902 28.284271247461902 22.3606797749978981 14.142135623730951 10 -10 10 14.142135623730951 10 -10 10 10 -10 10 -10 10 -10 -14.142135623730951 -10 -14.142135623730951 -22.3606797749978981 -22.3606797749978981 -14.142135623730951 -10 -10 -10
10 10 -10 10 10 10 -10 -10 10 10 -10 -10 10 10 10 14.142135623730951 22.3606797749978981 22.3606797749978981 20 20 22.3606797749978981 28.284271247461902 30 30 30 30 31.6227766016837926 30 31.6227766016837926 31.6227766016837926 22.3606797749978981 14.142135623730951 10 -10 10 14.142135623730951 14.142135623730951 10 -10 10 10 10 -10 -14.142135623730951 -10 -14.142135623730951 -10 10 -10 -20 -20 -20 -20 -10 10
14.142135623730951 10 -10 -10 -10 -10 10 10 10 -10 -14.142135623730951 -14.142135623730951 -10 -10 -10 10 20 30 30 30 31.6227766016837926 36.0555127546398921 40 40 40 40 41.2310562561766076 40 40 30 20 10 -10 -14.142135623730951 -10 10 10 -10 10 10 -10 -10 10 -10 10 -10 -14.142135623730951 -10 -14.142135623730951 -14.142135623730951 -10 -10 -14.142135623730951 -10 10
10 -10 -14.142135623730951 -10 -14.142135623730951 -14.142135623730951 -10 -10 10 10 -10 -10 10 10 -10 10 20 30 40 40 41.2310562561766076 44.7213595499957961 50 50 50 50 50 42.426406871192853 36.0555127546398921 31.6227766016837926 22.3606797749978981 14.142135623730951 10 -10 -14.142135623730951 -10 -10 10 -10 10 -10 -14.142135623730951 -10 10 -10 10 -10 -14.142135623730951 -10 -10 10 10 -10 -14.142135623730951 -10
-10 -14.142135623730951 -10 10 -10 -10 -14.142135623730951 -10 -10 -10 10 -10 -10 10 10 14.142135623730951 22.3606797749978981 31.6227766016837926 41.2310562561766076 50 50.9901951359278485 53.8516480713450392 58.3095189484530039 60 60 53.8516480713450392 44.7213595499957961 36.0555127546398921 28.284271247461902 22.3606797749978981 20 20 14.142135623730951 10 -10 -10 -14.142135623730951 -10 -10 10 -10 -20 -14.142135623730951 -10 -14.142135623730951 -10 -14.142135623730951 -10 10 -10 10 -10 -14.142135623730951 -20 -20
-20 -22.3606797749978981 -14.142135623730951 -10 -10 10 -10 10 10 10 -10 -14.142135623730951 -10 10 20 22.3606797749978981 28.284271247461902 36.0555127546398921 44.7213595499957961 53.8516480713450392 60.8276253029821987 63.2455532033675851 67.082039324993687 70 60.8276253029821987 50.9901951359278485 41.2310562561766076 31.6227766016837926 22.3606797749978981 14.142135623730951 10 10 10 14.142135623730951 10 10 -10 -14.142135623730951 -14.142135623730951 -10 -14.142135623730951 -22.3606797749978981 -22.3606797749978981 -20 -14.142135623730951 -10 -14.142135623730951 -10 10 10 14.142135623730951 10 -10 -10 -14.142135623730951
-30 -28.284271247461902 -22.3606797749978981 -14.142135623730951 -10 -10 -14.142135623730951 -10 -10 -10 -14.142135623730951 -14.142135623730951 -10 10 20 30 36.0555127546398921 42.426406871192853 50 58.3095189484530039 67.082039324993687 72.8010988928051859 76.1577310586390865 70 60 50 40 30 20 10 -10 -10 -10 10 10 10 10 -10 -10 10 -10 -20 -22.3606797749978981 -14.142135623730951 -10 10 -10 10 10 14.142135623730951 14.142135623730951 10 -10 10 -10
-36.0555127546398921 -28.284271247461902 -20 -10 10 -10 -10 -14.142135623730951 -20 -20 -14.142135623730951 -10 10 14.142135623730951 22.3606797749978981 31.6227766016837926 41.2310562561766076 50 56.568542494923804 64.0312423743284853 72.1110255092797843 80.6225774829854913 80 70 60 50 40 30 20 10 -10 10 10 -10 -10 -10 10 -10 -10 10 -10 -14.142135623730951 -20 -10 10 14.142135623730951 10 10 -10 10 10 -10 -10 10 -10
-31.6227766016837926 -22.3606797749978981 -14.142135623730951 -10 -10 10 10 -10 -14.142135623730951 -14.142135623730951 -10 10 14.142135623730951 22.3606797749978981 28.284271247461902 31.6227766016837926 36.0555127546398921 42.426406871192853 50 58.3095189484530039 67.082039324993687 76.1577310586390865 80.6225774829854913 70.7106781186547551 60.8276253029821987 50.9901951359278485 41.2310562561766076 31.6227766016837926 22.3606797749978981 14.142135623730951 10 14.142135623730951 14.142135623730951 10 -10 -14.142135623730951 -10 -14.142135623730951 -10 10 10 -10 -10 -10 10 20 20 10 -10 -10 -10 -10 10 -10 -14.142135623730951
-30 -20 -10 10 -10 10 14.142135623730951 10 -10 -10 10 -10 10 14.142135623730951 20 22.3606797749978981 28.284271247461902 36.0555127546398921 44.7213595499957961 53.8516480713450392 63.2455532033675851 72.8010988928051859 80.6225774829854913 72.8010988928051859 63.2455532033675851 53.8516480713450392 44.7213595499957961 36.0555127546398921 28.284271247461902 22.3606797749978981 20 22.3606797749978981 22.3606797749978981 14.142135623730951 10 -10 -14.142135623730951 -10 -14.142135623730951 -10 10 -10 10 10 14.142135623730951 22.3606797749978981 20 10 -10 -20 -20 -14.142135623730951 -10 -14.142135623730951 -22.3606797749978981
-31.6227766016837926 -22.3606797749978981 -14.142135623730951 -10 10 10 10 -10 -10 10 10 -10 -10 10 10 14.142135623730951 22.3606797749978981 31.6227766016837926 41.2310562561766076 50.9901951359278485 60.8276253029821987 67.082039324993687 72.1110255092797843 76.1577310586390865 67.082039324993687 58.3095189484530039 50 42.426406871192853 36.0555127546398921 31.6227766016837926 30 31.6227766016837926 28.284271247461902 22.3606797749978981 14.142135623730951 10 -10 10 -10 10 14.142135623730951 10 14.142135623730951 20 22.3606797749978981 28.284271247461902 20 10 -10 -20 -28.284271247461902 -22.3606797749978981 -20 -22.3606797749978981 -20
-36.0555127546398921 -28.284271247461902 -20 -10 10 -10 10 10 10 14.142135623730951 14.142135623730951 10 -10 10 -10 10 20 30 40 50 53.8516480713450392 58.3095189484530039 64.0312423743284853 70.7106781186547551 72.1110255092797843 64.0312423743284853 56.568542494923804 50 44.7213595499957961 41.2310562561766076 40 41.2310562561766076 36.0555127546398921 28.284271247461902 22.3606797749978981 14.142135623730951 10 14.142135623730951 10 -10 10 20 22.3606797749978981 28.284271247461902 31.6227766016837926 30 20 10 -10 -20 -22.3606797749978981 -28.284271247461902 -22.3606797749978981 -14.142135623730951 -10
-40 -30 -20 -10 10 -10 10 20 20 22.3606797749978981 22.3606797749978981 14.142135623730951 10 10 -10 10 20 30 40 41.2310562561766076 44.7213595499957961 50 56.568542494923804 64.0312423743284853 70.7106781186547551 70.7106781186547551 64.0312423743284853 58.3095189484530039 53.8516480713450392 50.9901951359278485 50 50 42.426406871192853 36.0555127546398921 28.284271247461902 22.3606797749978981 20 22.3606797749978981 14.142135623730951 10 14.142135623730951 22.3606797749978981 31.6227766016837926 36.0555127546398921 40 30 20 10 -10 -10 -14.142135623730951 -20 -14.142135623730951 -10 10
-41.2310562561766076 -31.6227766016837926 -22.3606797749978981 -14.142135623730951 -10 -10 10 20 30 31.6227766016837926 28.284271247461902 22.3606797749978981 20 10 -10 10 20 28.284271247461902 30 31.6227766016837926 36.0555127546398921 42.426406871192853 50 56.568542494923804 64.0312423743284853 70.7106781186547551 72.1110255092797843 67.082039324993687 63.2455532033675851 60.8276253029821987 60 56.568542494923804 50 42.426406871192853 36.0555127546398921 31.6227766016837926 30 28.284271247461902 22.3606797749978981 20 22.3606797749978981 28.284271247461902 36.0555127546398921 40 41.2310562561766076 31.6227766016837926 22.3606797749978981 14.142135623730951 10 10 -10 -10 -10 10 14.142135623730951
-36.0555127546398921 -31.6227766016837926 -22.3606797749978981 -14.142135623730951 -10 -10 10 20 30 31.6227766016837926 28.284271247461902 22.3606797749978981 20 10 -10 10 14.142135623730951 20 20 22.3606797749978981 28.284271247461902 36.0555127546398921 42.426406871192853 50 56.568542494923804 64.0312423743284853 72.1110255092797843 67.082039324993687 63.2455532033675851 60.8276253029821987 56.568542494923804 50 42.426406871192853 36.0555127546398921 31.6227766016837926 30 31.6227766016837926 36.0555127546398921 31.6227766016837926 30 31.6227766016837926 36.0555127546398921 31.6227766016837926 30 31.6227766016837926 36.0555127546398921 28.284271247461902 22.3606797749978981 20 14.142135623730951 10 10 -10 10 20
-28.284271247461902 -22.3606797749978981 -20 -10 10 10 14.142135623730951 22.3606797749978981 28.284271247461902 22.3606797749978981 20 14.142135623730951 10 10 -10 -10 10 10 10 14.142135623730951 22.3606797749978981 28.284271247461902 36.0555127546398921 42.426406871192853 50 58.3095189484530039 64.0312423743284853 58.3095189484530039 53.8516480713450392 50.9901951359278485 50 42.426406871192853 36.0555127546398921 28.284271247461902 22.3606797749978981 20 22.3606797749978981 28.284271247461902 36.0555127546398921 40 36.0555127546398921 28.284271247461902 22.3606797749978981 20 22.3606797749978981 28.284271247461902 28.284271247461902 22.3606797749978981 14.142135623730951 10 10 -10 10 14.142135623730951 10
-20 -14.142135623730951 -10 -10 -10 10 20 20 20 14.142135623730951 10 10 -10 -10 -14.142135623730951 -10 10 -10 -10 10 14.142135623730951 22.3606797749978981 28.284271247461902 36.0555127546398921 44.7213595499957961 53.8516480713450392 56.568542494923804 50 44.7213595499957961 41.2310562561766076 40 36.0555127546398921 28.284271247461902 22.3606797749978981 14.142135623730951 10 14.142135623730951 22.3606797749978981 31.6227766016837926 36.0555127546398921 28.284271247461902 22.3606797749978981 14.142135623730951 10 14.142135623730951 22.3606797749978981 22.3606797749978981 14.142135623730951 10 -10 10 10 10 10 -10
-10 -10 10 10 -10 10 10 10 10 10 -10 -10 10 -10 -10 -10 -10 -14.142135623730951 -14.142135623730951 -10 10 14.142135623730951 22.3606797749978981 31.6227766016837926 41.2310562561766076 50.9901951359278485 50 42.426406871192853 36.0555127546398921 31.6227766016837926 30 30 22.3606797749978981 14.142135623730951 10 -10 10 20 22.3606797749978981 28.284271247461902 22.3606797749978981 14.142135623730951 10 -10 10 20 20 10 -10 -10 10 10 -10 10 -10
10 -10 -10 -10 -10 10 -10 -10 -10 -10 -10 -10 -10 -10 10 10 -10 -14.142135623730951 -10 -10 -10 10 20 30 40 50 44.7213595499957961 36.0555127546398921 28.284271247461902 22.3606797749978981 20 20 20 10 -10 10 14.142135623730951 10 14.142135623730951 22.3606797749978981 20 10 -10 -10 10 10 10 10 -10 -14.142135623730951 -10 -10 -10 10 -10
-10 -14.142135623730951 -10 -14.142135623730951 -10 -10 -14.142135623730951 -20 -20 -10 10 10 -10 -10 10 10 10 -10 10 10 10 14.142135623730951 22.3606797749978981 31.6227766016837926 41.2310562561766076 50.9901951359278485 41.2310562561766076 31.6227766016837926 22.3606797749978981 14.142135623730951 10 10 10 14.142135623730951 10 -10 10 -10 10 14.142135623730951 20 10 -10 10 10 -10 -10 -10 -14.142135623730951 -22.3606797749978981 -20 -20 -14.142135623730951 -10 -14.142135623730951
-14.142135623730951 -10 10 -10 10 -10 -20 -28.284271247461902 -20 -10 10 -10 -14.142135623730951 -14.142135623730951 -10 -10 10 10 14.142135623730951 20 20 22.3606797749978981 28.284271247461902 36.0555127546398921 44.7213595499957961 50 40 30 20 10 -10 -10 -10 10 10 10 -10 -14.142135623730951 -10 10 10 10 -10 10 10 -10 -14.142135623730951 -20 -22.3606797749978981 -28.284271247461902 -30 -28.284271247461902 -22.3606797749978981 -20 -14.142135623730951
-10 10 14.142135623730951 10 10 -10 -20 -30 -22.3606797749978981 -14.142135623730951 -10 -14.142135623730951 -22.3606797749978981 -20 -10 10 -10 -10 10 20 28.284271247461902 31.6227766016837926 36.0555127546398921 42.426406871192853 44.7213595499957961 41.2310562561766076 40 30 20 10 -10 -14.142135623730951 -10 10 -10 10 10 -10 -10 10 -10 -10 -10 10 -10 10 -10 -14.142135623730951 -22.3606797749978981 -22.3606797749978981 -20 -20 -20 -20 -10
-10 10 14.142135623730951 10 10 -10 -20 -22.3606797749978981 -28.284271247461902 -22.3606797749978981 -20 -22.3606797749978981 -22.3606797749978981 -20 -14.142135623730951 -10 -14.142135623730951 -10 10 14.142135623730951 22.3606797749978981 31.6227766016837926 41.2310562561766076 42.426406871192853 36.0555127546398921 31.6227766016837926 30 28.284271247461902 22.3606797749978981 14.142135623730951 10 -10 -14.142135623730951 -10 10 -10 -10 10 -10 -10 -14.142135623730951 -14.142135623730951 -10 -10 -14.142135623730951 -10 10 -10 -20 -14.142135623730951 -10 -10 -10 -14.142135623730951 -14.142135623730951
-10 10 10 -10 -10 -14.142135623730951 -10 -14.142135623730951 -22.3606797749978981 -31.6227766016837926 -30 -22.3606797749978981 -14.142135623730951 -10 -14.142135623730951 -10 -10 -14.142135623730951 -10 10 20 30 40 36.0555127546398921 28.284271247461902 22.3606797749978981 20 20 14.142135623730951 10 10 -10 -20 -14.142135623730951 -10 -14.142135623730951 -10 10 10 -10 -14.142135623730951 -10 10 -10 -14.142135623730951 -10 10 -10 -14.142135623730951 -10 10 10 10 -10 -10
-14.142135623730951 -10 10 -10 -20 -10 10 -10 -20 -30 -30 -20 -10 10 -10 10 10 -10 10 14.142135623730951 22.3606797749978981 31.6227766016837926 41.2310562561766076 31.6227766016837926 22.3606797749978981 14.142135623730951 10 10 10 -10 -10 -14.142135623730951 -20 -22.3606797749978981 -20 -20 -10 10 10 -10 -10 10 10 -10 -10 10 14.142135623730951 10 -10 -10 -10 -10 -10 -14.142135623730951 -14.142135623730951
