landscape/exported_ascii_MS_HABMAT_PATCHES_ONLY_DIST/simulation_000001_p029_h059_HABMAT_patch_more_500pix_edge_dist_modified.asc
ncols         512
nrows         512
xllcorner     0
yllcorner     0
cellsize      10
NODATA_value  -99
[rows 420 to 440 of 512, columns 322 to 367 of 512]
438.2921400162225041 445.5333881989092788 452.7692569068708508 459.6737973824481287 466.6904755831213834 473.814309619285325 481.0405388322277531 488.3646178829911833 495.7822102496215848 503.2891812864647818 510.8815909777920297 518.5556864985669563 526.3078946776306566 534.1348144429456397 542.0332093147061414 550 558.0322571321481746 566.1271941887264347 574.2821606144491398 582.4946351684279762 590.762219509677152 599.0826320300063799 607.4537019394975914 615.8733636065128394 624.3396511515186376 632.8506932918695611 641.4047084329830568 650 658.6349520030045142 667.308024828114867 676.0177512462228151 684.7627326307996327 689.6375859826666783 692.6037828369117051 682.6419266350404769 672.6812023536855349 662.7216610312356124 652.7633568147035703 642.8063471995278633 632.8506932918695611 622.8964600958975097 612.9437168288782232 602.9925372672533967 593.0430001273094831 583.0951894845300103 573.1491952362839584
444.0720662234903671 452.2167621838005402 459.6737973824481287 466.9047011971500751 473.814309619285325 480.8326112068523344 487.9549159502340672 495.1767361255978699 502.4937810560444973 509.9019513592784847 517.3973328110611192 524.976189936267474 532.6349594234310416 540.3702434442518552 548.178802946629844 556.0575509783137704 564.0035460881429117 572.0139858430036384 580.0862004909270127 588.2176467941096689 596.4059020499378221 604.6486583132389114 612.9437168288782232 621.2889826803626647 629.682459657246568 638.1222453417526594 646.6065264130884316 655.133574166368021 663.7017402418047141 671.8630812896329871 674.462749156689938 677.2001181334804869 680.0735254367721154 683.081254317522621 681.8357573492314714 671.8630812896329871 661.8912297349164646 651.9202405202648833 641.9501538281613193 631.981012372998407 622.0128616033593971 612.0457499239741992 602.0797289396148244 592.114853723498527 582.151183113115394 572.1887800367986756
449.4441010848846645 457.9301256742124338 466.1544808322665858 473.814309619285325 481.0405388322277531 487.9549159502340672 494.9747468305832854 502.0956084253276686 509.3132631298737465 516.6236541235796267 524.0229002629561137 531.5072906367324777 539.0732788777421547 546.7174773134657926 554.4366510251644513 562.2277118748238536 570.0877125495690052 578.0138406647370175 586.0034129593444732 594.053869611165851 602.1627686929838319 610.327780786685139 618.5466837676846126 626.8173577685927285 635.1377803280166745 643.5060217278468144 651.9202405202648833 657.3431371817918034 659.6969000988257221 662.1933252457321259 664.8308055437864823 667.6076692189807318 670.5221845696083847 673.5725647619564143 676.756972627545224 671.1929677819933886 661.2110101926615471 651.2296062065975093 641.2487816752559411 631.2685640834652077 621.2889826803626647 611.3100686231169902 601.3318551349162817 591.3543776789007325 581.3776741499452783 571.4017850864661341
453.5416188179426626 463.24939287601876 471.6990566028301828 480.1041553663121704 487.9549159502340672 495.1767361255978699 502.0956084253276686 509.1168824543142364 516.2363799656122865 523.4500931320960717 530.7541803886239222 538.1449618829484507 545.6189146281495823 553.1726674375731818 560.8029957123981148 568.5068161420757633 576.2811813689563678 584.1232746604093791 592.0304046246274083 600 608.029604542410425 616.1168720299745019 624.2595614005443849 632.4555320336759223 640.7027391856538543 643.272881443015649 645.3681120105021591 647.6109943476870967 650 652.5335240430180193 655.2098900352466444 658.0273550544840191 660.9841147864297 664.07830863535969 667.308024828114867 670.6713054842886095 660.6814663663571991 650.691939399897592 640.7027391856538543 630.7138812488591384 620.7253821135398084 610.7372593840988202 600.7495318350236175 590.762219509677152 580.7753438292641022 570.7889277132134112
456.0701700396551814 465.7252408878007373 475.3945729601884977 485.0773134253961416 494.0647730814250167 502.0956084253276686 509.3132631298737465 516.2363799656122865 523.2590180780451874 530.3772242470447509 537.5872022286245056 544.8853090330111399 552.2680508593630293 559.7320787662612247 567.2741841473133491 574.8912940721924087 582.580466545180343 590.338885725817704 598.163857149527189 606.0528029800703962 614.0032573203500306 622.0128616033593971 628.0127387243032899 629.682459657246568 631.5061361538777192 633.4824385884742242 635.6099432828281124 637.88713735268243 640.3124237432848531 642.8841264178172423 645.6004956627589308 648.4597134749390079 651.4598989960932158 654.5991139621256707 657.8753681359411303 661.2866246946175579 660.3029607687670932 650.3076195155643973 640.3124237432848531 630.3173803727769382 620.3224967708329132 610.327780786685139 600.3332407921453751 590.338885725817704 580.3447251418763244 570.3507692639678908
458.802789878178487 468.4015371452147747 478.0167361086848246 487.6474136094643654 497.2926703662542423 506.951674225463023 516.2363799656122865 523.4500931320960717 530.3772242470447509 537.4011537017761384 544.5181356024792194 551.724568965348908 559.0169943749474442 566.3920903402517979 573.8466694161429587 581.3776741499452783 588.9821729050888734 596.6573556070519544 604.4005294504629546 612.2091146005586779 615.2235366108809558 616.6036003787197615 618.1423784210236363 619.8386886924694181 621.691241694782093 623.6986451805070146 625.8594091327540809 628.1719509815764013 630.6346010171024545 633.2456079595025358 636.0031446463137854 638.9053137985315516 641.9501538281613193 645.1356446515725338 648.4597134749390079 651.9202405202648833 655.5150646628954973 650.0769185258003517 640.0781202322103809 630.0793600809345207 620.080639917099802 610.0819617067857052 600.0833275470998842 590.0847396772771845 580.0862004909270127 570.0877125495690052
461.7358552246078034 471.2748667179271251 480.8326112068523344 490.4079934095691442 500 509.6076922496362727 519.2301994298867385 528.8667128870940815 537.5872022286245056 544.5181356024792194 551.5432893255070894 558.0322571321481746 564.0035460881429117 570.0877125495690052 576.2811813689563678 582.580466545180343 588.9821729050888734 595.4829972383762424 602.0797289396148244 604.0695324215582787 605.3098380168622725 606.7124524847005205 608.2762530298219872 610 611.8823416311341816 613.9218191268331566 616.1168720299745019 618.4658438426490648 620.966987850400983 623.6184731067545499 626.4183905346329766 629.3647591023825498 632.4555320336759223 635.6886030125127718 639.0618123468183285 642.572953056693791 646.21977685614047 650 640 630 620 610 600 590 580 570
464.8655719667783615 474.3416490252569133 483.8388161361177708 493.3558553417603889 502.8916384272063169 512.4451190127582549 521.5361924162118612 526.972485050215937 532.5410782277739372 538.2378656319156107 544.0588203494177151 550 556.0575509783137704 562.2277118748238536 568.5068161420757633 574.8912940721924087 581.3776741499452783 587.962583843563948 593.0430001273094831 594.1380311005178783 595.3990258641678111 596.8249324550708934 598.4145720150871739 600.1666435249463802 602.0797289396148244 604.1522986797285739 606.3827174318212201 608.7692502089769278 611.3100686231169902 614.0032573203500306 616.8468205316454487 619.8386886924694181 622.9767250869008421 626.2587324740470649 629.682459657246568 633.2456079595025358 636.9458375717671288 640.7807737440317624 640 630 620 610 600 590 580 570
466.9047011971500751 476.7598976424087027 486.6210024238575897 496.4876634922563881 502.4937810560444973 507.7400909914441627 513.1276644266999938 518.6520991955975433 524.3090691567331305 530.0943312279429165 536.0037313302958637 542.0332093147061414 548.178802946629844 554.4366510251644513 560.8029957123981148 567.2741841473133491 573.8466694161429587 580.5170109479996654 583.0951894845300103 584.2088667591411877 585.4912467321778422 586.9412236331675103 588.557558782486467 590.338885725817704 592.2837157984338319 594.3904440685431609 596.6573556070519544 599.0826320300063799 601.6643582596528859 604.4005294504629546 607.2890580275590082 610.327780786685139 613.5144660071186991 616.8468205316454487 620.3224967708329132 623.9390995922599359 627.6941930590086258 631.5853069855251078 635.6099432828281124 630 620 610 600 590 580 570
468.7216658103185978 478.5394445602159408 483.7354648979130047 488.7739763939974864 493.9635614091387765 499.29950931279717 504.7771785649584899 510.3920062069938126 516.1395160225575864 522.0153254455275373 528.0151512977633956 534.1348144429456397 540.3702434442518552 546.7174773134657926 553.1726674375731818 559.7320787662612247 566.3920903402517979 572.1887800367986756 573.1491952362839584 574.2821606144491398 575.5866572463263537 577.061521850140366 578.7054518492114994 580.5170109479996654 582.4946351684279762 584.6366392897386959 586.9412236331675103 589.4064811316550276 592.0304046246274083 594.8108943185220596 597.7457653551382464 600.8327554319920409 604.0695324215582787 607.4537019394975914 610.9828148156051384 614.6543744251723638 618.4658438426490648 622.4146527838174734 626.4982043070833697 630 620 610 600 590 580 570
465.2956049652736397 470.1063709417263112 475.0789408087881043 480.2082881417187536 485.4894437575342181 490.9175083453430943 496.4876634922563881 502.1951811795887579 508.0354318352215159 514.0038910358558724 520.0961449578337579 526.3078946776306566 532.6349594234310416 539.0732788777421547 545.6189146281495823 552.2680508593630293 559.0169943749474442 562.2277118748238536 563.2051136131489102 564.358042380898496 565.6854249492380404 567.1860364994893189 568.8585061331157249 570.7013229352110102 572.7128425310540933 574.8912940721924087 577.2347875864725211 579.741321625429805 582.408791142441487 585.2349955359812839 588.2176467941096689 591.3543776789007325 594.6427498927401984 598.0802621722272079 601.6643582596528859 605.3924347066124483 609.2618484691126923 613.2699242584785679 617.4139616173252989 621.691241694782093 620.080639917099802 610.0819617067857052 600.0833275470998842 590.0847396772771845 580.0862004909270127 570.0877125495690052
456.5084884205330695 461.410879802373131 466.476151587624031 471.6990566028301828 477.0744176750625343 482.5971404805461589 488.2622246293481112 494.0647730814250167 500 506.063237155199829 512.2499389946278825 518.5556864985669563 524.976189936267474 531.5072906367324777 538.1449618829484507 544.8853090330111399 551.452627158489463 552.2680508593630293 553.2630477449221189 554.4366510251644513 555.7877292636101174 557.3149917237109321 559.0169943749474442 560.8921464952063616 562.9387178015027757 565.1548460377916854 567.5385449465084093 570.0877125495690052 572.8001396647874799 575.6735185849702248 578.7054518492114994 581.8934610390462012 585.2349955359812839 588.7274411814009909 592.3681287847954309 596.1543424315551647 600.0833275470998842 604.1522986797285739 608.3584469702052502 612.698947281615574 617.1709649683789394 610.0819617067857052 600.0833275470998842 590.0847396772771845 580.0862004909270127 570.0877125495690052
447.772263544762211 452.7692569068708508 457.9301256742124338 463.24939287601876 468.7216658103185978 474.3416490252569133 480.1041553663121704 486.0041152089146408 492.0365840057017408 498.1967482832460519 504.4799302251775543 510.8815909777920297 517.3973328110611192 524.0229002629561137 530.7541803886239222 537.5872022286245056 541.4794548272353722 542.3098745182498988 543.3231082882449527 544.5181356024792194 545.8937625582472037 547.4486277268397316 549.1812087098392112 551.0898293381941357 553.1726674375731818 555.4277630799526833 557.8530272392541747 560.4462507680821091 563.2051136131489102 566.1271941887264347 569.2099788303082732 572.4508712544684386 575.8472019555186989 579.3962374748389266 583.0951894845300103 586.9412236331675103 590.9314681077662499 595.0630218724736551 599.3329625508679328 603.738353924943226 608.2762530298219872 610 600 590 580 570
439.0899680020029905 444.1846462902561825 449.4441010848846645 454.8626166217663354 460.4345773288535497 466.1544808322665858 472.0169488482378597 478.0167361086848246 484.1487374764082006 490.4079934095691442 496.7896939349688523 503.2891812864647818 509.9019513592784847 516.6236541235796267 523.4500931320960717 530.3772242470447509 531.5072906367324777 532.3532661682465914 533.3854141237834483 534.6026561849463405 536.0037313302958637 537.5872022286245056 539.3514624064720238 541.2947441089743279 543.4151267677409578 545.7105459856901462 548.178802946629844 550.8175741568164767 553.6244214266563404 556.5968020030298931 559.7320787662612247 563.0275304103698772 566.4803615307419022 570.0877125495690052 573.8466694161429587 577.7542730261715178 581.8075283115542788 586.0034129593444732 590.338885725817704 594.8108943185220596 599.4163828258283502 604.1522986797285739 600.0833275470998842 590.0847396772771845 580.0862004909270127 570.0877125495690052
430.4648650006176922 435.6604182158392859 441.02154142399894 446.5422712353221186 452.2167621838005402 458.0392996239514787 464.004310324807193 470.1063709417263112 476.3402145525821538 482.7007354458867781 489.1829923454003506 495.7822102496215848 502.4937810560444973 509.3132631298737465 516.2363799656122865 520.8646657242167066 521.5361924162118612 522.3983154643590296 523.4500931320960717 524.6903848937962493 526.1178575186362423 527.7309920783504822 529.5280917949490913 531.5072906367324777 533.6665625650533684 536.0037313302958637 538.5164807134503917 541.2023651093923036 544.0588203494177151 547.0831746635972195 550.2726596879041381 553.6244214266563404 557.135531087364825 560.8029957123981148 564.6237685397242103 568.5947590331800257 572.7128425310540933 576.9748694700662099 581.3776741499452783 585.9180830116100651 590.5929224093359835 595.3990258641678111 600.3332407921453751 590.338885725817704 580.3447251418763244 570.3507692639678908
421.9004621945797453 427.2001872658765365 432.6661530556787056 438.2921400162225041 444.0720662234903671 450 456.0701700396551814 462.2769732530488227 468.614980554399267 475.0789408087881043 481.6637831516918027 488.3646178829911833 495.1767361255978699 502.0956084253276686 509.1168824543142364 510.8815909777920297 511.566222497146498 512.4451190127582549 513.5172830587107455 514.7815070493500116 516.2363799656122865 517.8802950489620116 519.7114584074513459 521.7278984298233127 523.9274758971894244 526.3078946776306566 528.8667128870940815 531.6013544000804814 534.5091205957106695 537.5872022286245056 540.8326913195984389 544.2425929675110865 547.8138369920934565 551.5432893255070894 555.4277630799526833 559.4640292279746063 563.6488268416781011 567.9788728465171062 572.4508712544684386 577.061521850140366 581.8075283115542788 586.6856057549051684 591.69248769948058 590.762219509677152 580.7753438292641022 570.7889277132134112
413.4005321718877326 418.8078318274384628 424.3819034784588666 430.116263352131341 436.0045871318328068 442.0407221060068537 448.2186966202993972 454.5327270945404621 460.977222864644375 467.5467891024383675 474.2362280551750473 481.0405388322277531 487.9549159502340672 494.9747468305832854 500.3998401278721531 500.8991914547277702 501.5974481593780752 502.4937810560444973 503.5871324805668792 504.876222454573508 506.359556046886496 508.0354318352215159 509.9019513592784847 511.9570294468081784 514.1984052872976463 516.6236541235796267 519.2301994298867385 522.0153254455275373 524.976189936267474 528.1098370604357797 531.413210223456872 534.8831648126532627 538.5164807134503917 542.3098745182498988 546.2600113499065628 550.3635162326805812 554.6169849544819499 559.0169943749474442 563.5601121442148269 568.2429058070149495 573.0619512757760958 578.0138406647370175 583.0951894845300103 588.3026432033091169 581.3776741499452783 571.4017850864661341
404.9691346263317655 410.4875150354758375 416.1730409336962566 422.0189569201838822 428.0186911806539456 434.1658669218481919 440.4543109109048373 446.8780594300865801 453.4313619501853623 460.108682813093651 466.9047011971500751 473.814309619285325 480.8326112068523344 487.9549159502340672 490.4079934095691442 490.9175083453430943 491.6299421312741629 492.5444142409900223 493.6598018878993344 494.9747468305832854 496.4876634922563881 498.1967482832460519 500.0999900019995152 502.1951811795887579 504.4799302251775543 506.951674225463023 509.6076922496362727 512.4451190127582549 515.4609587543949374 518.6520991955975433 522.0153254455275373 525.547333738836528 529.2447448959696885 533.1041174104735774 537.1219600798314104 541.2947441089743279 545.6189146281495823 550.0909015790026615 554.7071299343465398 559.4640292279746063 564.358042380898496 569.3856338194703994 574.543296888929035 579.8275605729689914 582.151183113115394 572.1887800367986756
396.6106403010388135 402.2437072223753489 408.0441152620633147 414.0048308896890035 420.1190307520000715 426.3801121065568509 432.7817001676480118 439.3176527297759435 445.9820624195551773 452.7692569068708508 459.6737973824481287 466.6904755831213834 473.814309619285325 480.1041553663121704 480.4164859785725525 480.936586256441899 481.6637831516918027 482.5971404805461589 483.7354648979130047 485.0773134253961416 486.6210024238575897 488.3646178829911833 490.3060268852505033 492.4428900898052461 494.7726750741192632 497.2926703662542423 500 502.8916384272063169 505.964425626940681 509.2150822589605923 512.6402247190518437 516.2363799656122865 520 523.9274758971894244 528.0151512977633956 532.2593352868506145 536.6563145999494964 541.2023651093923036 545.8937625582472037 550.7267925205745769 555.6977595779922012 560.8029957123981148 566.0388679233961966 571.4017850864661341 576.8882040742382742 573.1491952362839584
388.3297567789520031 394.0812099047606125 400 406.0788100849390503 412.3105625617660621 418.6884283091664543 425.2058325093859708 431.8564576337836911 438.6342439892261496 445.5333881989092788 452.5483399593904323 459.6737973824481287 466.9047011971500751 470.1063709417263112 470.4253394535630264 470.9564735726646632 471.6990566028301828 472.6520919238589613 473.814309619285325 475.1841748206688862 476.7598976424087027 478.5394445602159408 480.5205510693585325 482.7007354458867781 485.0773134253961416 487.6474136094643654 490.4079934095691442 493.3558553417603889 496.4876634922563881 499.7999599839919824 503.2891812864647818 506.951674225463023 510.7837115648853796 514.7815070493500116 518.9412298131649095 523.2590180780451874 527.7309920783504822 532.3532661682465914 537.1219600798314104 542.0332093147061414 547.0831746635972195 552.2680508593630293 557.5840743780260027 563.0275304103698772 568.5947590331800257 574.2821606144491398
380.1315561749642598 386.0051813123756688 392.0459156782531522 398.246155034797539 404.5985664828781978 411.0960958218893211 417.7319714841084419 424.4997055358224998 431.3930922024597976 438.4062043356594813 445.5333881989092788 452.7692569068708508 460 460.108682813093651 460.4345773288535497 460.977222864644375 461.7358552246078034 462.709412050370986 463.8965401897280572 465.2956049652736397 466.9047011971500751 468.7216658103185978 470.7440918375928049 472.9693436154186656 475.3945729601884977 478.0167361086848246 480.8326112068523344 483.8388161361177708 487.0318264754368442 490.4079934095691442 493.9635614091387765 497.6946855251721331 501.5974481593780752 505.6678751908212917 509.9019513592784847 514.2956348249516623 518.844870842913906 523.5456045083369645 528.3937925449162094 533.3854141237834483 538.5164807134503917 543.7830449729009388 549.1812087098392112 554.7071299343465398 560.3570290448759579 566.1271941887264347
