landscape/exported_ascii_MS_HABMAT_PATCHES_ONLY_DIST/simulation_000074_p036_h023_HABMAT_patch_more_500pix_edge_dist_modified.asc
ncols         512
nrows         512
xllcorner     0
yllcorner     0
cellsize      10
NODATA_value  -99
[rows 462 to 483 of 512, columns 0 to 49 of 512]
1019.6568050084302968 1009.752444909147016 999.8499887483121711 989.9494936611665707 980.051019080129322 970.1546268507922832 960.2603813549739016 950.3683496413377725 940.4786015641185486 930.5912099305472793 920.7062506576133956 910.8238029388560335 900.9439494219382141 891.0667763978185576 881.1923740024082008 871.3208364316785719 861.4522621712708315 851.5867542417507821 841.7244204607586653 831.8653737234168375 822.0097323024831439 812.1576201698781006 802.309167341368493 792.4645102463579178 782.6237921249263536 772.7871634544662811 762.9547824084989998 753.1268153505092187 743.3034373659252196 733.4848328356899856 723.6711960552250957 713.8627319029898217 704.0596565632772581 694.2621983083912482 684.4705983459041363 674.6851117373199713 664.9060083951716251 655.133574166368021 645.3681120105021591 635.6099432828281124 625.8594091327540809 616.1168720299745019 606.3827174318212201 596.6573556070519544 586.9412236331675103 577.2347875864725211 567.5385449465084093 557.8530272392541747 548.178802946629844 538.5164807134503917
1018.331969448077416 1008.4145972763385544 998.4988733093292694 988.5848471426213564 978.6725703727472592 968.7620966986683015 958.8534820294495375 948.9467845985885788 939.0420650854784981 929.1393867445293608 919.2388155425118157 909.3404203047393821 899.4442728707543893 889.5504482602434564 879.6590248499699101 869.7700845625813599 859.8837130682264842 850 840.1190391843289262 830.2409288875127231 820.3657720797473303 810.4936767180852257 800.6247560499238034 790.7591289387685265 780.8969202141854566 771.038261048049435 761.1832893594025791 751.3321502504734326 741.4849964766650601 731.6419889536138044 721.8032973047435235 711.9691004531025555 702.1395872616783436 692.3149572268390557 682.4954212300622203 672.6812023536855349 662.8725367670620017 653.069674690227771 643.272881443015649 633.4824385884742242 623.6986451805070146 613.9218191268331566 604.1522986797285739 594.3904440685431609 584.6366392897386959 574.8912940721924087 565.1548460377916854 555.4277630799526833 545.7105459856901462 536.0037313302958637
1017.1037311896952815 1007.1742649611337583 997.2462083156797235 987.3196037757986687 977.3944955850734004 967.4709297958260095 957.548954362125528 947.6286192385706499 937.7099764852670205 927.7930803794561143 917.8779875342909236 907.9647570252933519 898.0534505250786879 888.1441324469807341 878.236870098266877 868.3317338436963837 858.4287972802403601 848.5281374238570606 838.6298349093001434 828.7339742040264809 818.8406438373708625 808.9499366462673606 799.0619500389191217 789.1767862779543066 779.29455278476064 769.4153624668538214 759.5393340703298009 749.6665925596524858 739.7972695272671899 729.9315036357863846 720.0694410957876244 710.2112361825880953 700.3570517957251695 690.5070600652827579 680.6614430096653905 670.8203932499369557 660.9841147864297 651.1528238439882443 641.3267497929584806 631.5061361538777192 621.691241694782093 611.8823416311341816 602.0797289396148244 592.2837157984338319 582.4946351684279762 572.7128425310540933 562.9387178015027757 553.1726674375731818 543.4151267677409578 533.6665625650533684
1015.9724405711012878 1006.0318086422515762 996.0923651951158035 986.1541461658009666 976.2171889492624359 966.2815324738437539 956.3472172804184765 946.4142856064673879 936.4827814754523843 926.5527507918801575 916.6242414424789331 906.6973034039530148 896.7719888578144491 886.8483523128404613 876.9264507357501088 867.006343690748281 857.0880934886448586 847.1717653463198303 837.2574275573791738 827.3451516749221355 817.4350127074322927 807.52708932889675 797.6214641043707161 787.7182237323191885 777.8174593052023056 767.91926658991963 758.0237463298890361 748.1310045707235759 738.2411530116700078 728.3543093852057382 718.4705978674422795 708.5901495222749418 698.7131027825369074 688.839603971780889 678.9698078707182276 669.1038783328041291 659.2419889539803535 649.3843238021687512 639.5310782127792208 629.682459657246568 619.8386886924694181 610 600.1666435249463802 590.338885725817704 580.5170109479996654 570.7013229352110102 560.8921464952063616 551.0898293381941357 541.2947441089743279 531.5072906367324777
1014.9384217774002082 1004.9875621120889946 995.0376877284599004 985.0888284819800447 975.1410154434075821 965.1942809610923177 955.2486587271399685 945.3041838477179226 935.3608929178085418 925.418824100741972 915.4780172128656659 905.5385138137417016 895.6003573022958335 885.6635930193810964 875.7282683572570932 865.794432876534529 855.8621384311844622 845.9314393022640388 836.0023923410745965 826.0750571225353269 816.1494961096282168 806.2257748298549132 796.3039620647382435 786.38413005350003 776.4663547121665488 766.5507158694720147 756.6372975210778122 746.7261881037787816 736.8174807915457905 726.9112738154499311 717.0076708097341225 707.1067811865475505 697.2087205421343015 687.3136110975833617 677.4215821775978839 667.5327707311454333 657.6473218982952176 647.7653896280659183 637.88713735268243 628.0127387243032899 618.1423784210236363 608.2762530298219872 598.4145720150871739 588.557558782486467 578.7054518492114994 568.8585061331157249 559.0169943749474442 549.1812087098392112 539.3514624064720238 529.5280917949490913
1014.0019723846694433 1004.0418317978588902 994.0824915468534755 984.1239759298622403 974.1663102366043177 964.2095207992917949 954.2536350467835291 944.2986815621421783 934.3446901438462646 924.3916918709297761 914.4397191723464857 904.488805900880152 894.5389874119517799 884.5903006477066128 874.6427842267950155 864.6964785403025644 854.7514258543239976 844.8076704197234221 834.8652585896720666 824.9242389456137516 814.984662432367486 805.0465825031493523 795.1100552753688362 785.1751396981439939 775.2418977325722835 765.3103945458992712 755.3806987208503188 745.4528824815154167 735.5270219373317104 725.6031973468694787 715.6814934033155851 705.7619995437555644 695.8448102845920857 685.9300255857007187 676.0177512462228151 666.108099335235579 656.2011886609167277 646.297145282260999 636.3961030678927955 626.4982043070833697 616.6036003787197615 606.7124524847005205 596.8249324550708934 586.9412236331675103 577.061521850140366 567.1860364994893189 557.3149917237109321 547.4486277268397316 537.5872022286245056 527.7309920783504822
1013.1633629380802404 1003.1948963187561503 993.2270636667126382 983.2598842625483258 973.293378175357816 963.3275663033836054 953.3624704172070778 943.3981132056603656 933.434518324665305 923.4717104492156068 913.509715328742459 903.5485598461214067 893.5882720806042698 883.6288813749808924 873.6704184073076931 863.7129152675673822 853.7564055396597951 843.8009243891594906 833.8465086573187364 823.8931969618391804 813.9410298049853054 803.9900496896711957 794.0403012442126283 784.0918313565063045 774.1446893184761393 764.1989269817120203 754.25459892532308 744.3117626371357574 734.3704787094862922 724.430811050993384 714.4928271158501047 704.5565981523415076 694.6221994724902515 684.689710744947547 674.759216313493539 664.8308055437864823 654.9045732013175893 644.9806198638839305 635.0590523722970602 625.1399843235113849 615.2235366108809558 605.3098380168622725 595.3990258641678111 585.4912467321778422 575.5866572463263537 565.6854249492380404 555.7877292636101174 545.8937625582472037 536.0037313302958637 526.1178575186362423
1012.4228365658293569 1002.4470060806206675 992.4716620639603661 982.4968193332739474 972.5224933131366924 962.5487000666511221 952.5754563287887322 942.6027795418385722 932.6306878931230813 922.6592003551473908 912.6883367283708139 902.7181176868003831 892.7485648266257385 882.7797007181350182 872.8115489611717521 862.8441342444184556 852.8774824088158084 842.9116205154606405 832.9465769183519797 822.9823813423954562 813.0190649671137635 803.056660516554075 793.0952023559340205 783.1347265956222827 773.1752712031083092 763.2168761236873706 753.2595834106592747 743.3034373659252196 733.3484846919641313 723.3947746562730572 713.442359269478743 703.4912934784623531 693.5416353759881076 683.5934464285039667 673.6467917239716598 663.7017402418047141 653.7583651472460815 643.816744112794936 633.8769596696191684 623.9390995922599359 614.0032573203500306 604.0695324215582787 594.1380311005178783 584.2088667591411877 574.2821606144491398 564.358042380898496 554.4366510251644513 544.5181356024792194 534.6026561849463405 524.6903848937962493
1011.7806086301516189 1001.7983829094555404 991.8165152889923775 981.8350166906861887 971.8538984847465372 961.8731725128837979 951.8928511129811341 941.9129471453293263 931.9334740205440539 921.95444572928875 911.9758768739444577 901.9977827023744794 892.0201791439474164 882.04308284799788 872.0665112249180311 862.0904824900921994 852.1150157109074144 842.1401308570920037 832.165848854661931 822.1921916437786422 812.2191822408530015 802.2468448052632084 792.2752047110902822 782.3042886243177918 772.3341245859851369 762.3647421018366686 752.3961722390671412 742.42844773082345 732.4616030891994569 722.4956747275376756 712.5307010929424223 702.5667228100118109 692.6037828369117051 682.6419266350404769 672.6812023536855349 662.7216610312356124 652.7633568147035703 642.8063471995278633 632.8506932918695611 622.8964600958975097 612.9437168288782232 602.9925372672533967 593.0430001273094831 583.0951894845300103 573.1491952362839584 563.2051136131489102 553.2630477449221189 543.3231082882449527 533.3854141237834483 523.4500931320960717
1011.2368664165680912 1001.2492197250393247 991.2618221237011085 981.2746812182610938 971.2878049270462952 961.3012014972206316 951.3148795220223519 941.3288479590966062 931.3431161500041071 921.3576938409968307 911.3725912051557998 901.3878188659973603 891.4033879226620911 881.4193099768123147 871.4355971613737211 861.4522621712708315 851.4693182963200115 841.4867794564570431 831.504660239496161 821.5229759416348543 811.5417426109393091 801.5609770940698127 791.5806970865320409 781.6009211867652766 771.6216689544170322 761.6429609731845858 751.6648189186454374 741.6872656315463246 731.7103251970686415 721.7340230306452895 711.7583859709698118 701.7834423809099462 691.8092222571191314 681.8357573492314714 671.8630812896329871 661.8912297349164646 651.9202405202648833 641.9501538281613193 631.981012372998407 622.0128616033593971 612.0457499239741992 602.0797289396148244 592.114853723498527 582.151183113115394 572.1887800367986756 562.2277118748238536 552.2680508593630293 542.3098745182498988 532.3532661682465914 522.3983154643590296
1010.7917688624102084 1000.7996802557443061 990.8077512817509387 980.8159868191382884 970.8243919473799224 960.8329719571451051 950.8417323613851977 940.8506789071260528 930.8598175880190411 920.8691546577070994 910.8786966440701462 900.8884503644165989 890.8984229416954577 880.9086218218096747 870.9190547921201642 860.9297300012353844 850.9406559801923322 840.95184166514548 830.9632964216891651 820.975030070951675 810.9870529176159835 800.9993757800314143 791.0120100226039312 781.0249675906654829 771.038261048049435 761.0519036176178815 751.0659092250160711 741.0802925459562402 731.0950690573695283 721.1102550927978427 711.125867902440973 701.1419257183241598 691.1584478250989605 681.1754546370560774 671.1929677819933886 661.2110101926615471 651.2296062065975093 641.2487816752559411 631.2685640834652077 621.2889826803626647 611.3100686231169902 601.3318551349162817 591.3543776789007325 581.3776741499452783 571.4017850864661341 561.4267539047280025 551.452627158489463 541.4794548272353722 531.5072906367324777 521.5361924162118612
1010.4454463255302699 1000.4498987955369103 990.4544411531506967 980.4590761474953524 970.4638066409277144 960.4686356149272797 950.4735661763561438 940.4786015641185486 930.4837451562493698 920.4890004774636054 910.4943712072030166 900.4998611882181194 890.5054744357274785 880.5112151472006872 870.5170877128144866 860.5230967266363677 850.5292469985967045 840.5355435673139937 830.541991713844709 820.5485969764374659 810.5553651663777828 800.5623023850173468 790.5694150420948745 780.5767098754612334 770.5841939723394489 760.5918747922568173 750.5997601918081727 740.6078584514209524 730.6161783043131663 720.6247289678588004 710.6335201775947326 700.6425622241343945 690.6518659932802393 680.6614430096653905 670.6713054842886095 660.6814663663571991 650.691939399897592 640.7027391856538543 630.7138812488591384 620.7253821135398084 610.7372593840988202 600.7495318350236175 590.762219509677152 580.7753438292641022 570.7889277132134112 560.8029957123981148 550.8175741568164767 540.8326913195984389 530.8483775994799316 520.8646657242167066
1010.19800039398217 1000.1999800039990305 990.2019995940222543 980.2040603874277167 970.2061636580134518 960.2083107326243407 950.2105029939418728 940.2127418834526225 930.2150289046076068 920.217365626187302 910.2197536858888043 900.2221947941519602 890.2246907382427707 880.2272433866154415 870.2298546935745662 860.232526704262682 850.2352615599990031 840.238061504000143 830.2409288875127231 820.2438661763951586 810.246875958186024 800.249960949702313 790.2531240052138628 780.2563681252463539 770.2596964660684762 760.2631123499285195 750.26661927610769 740.2702209328698473 730.2739212103907676 720.2777242147642482 710.2816342831905558 700.2856560004638595 690.2897942168926875 680.2940540677979016 670.2984409947557651 660.3029607687670932 650.3076195155643973 640.3124237432848531 630.3173803727769382 620.3224967708329132 610.327780786685139 600.3332407921453751 590.338885725817704 580.3447251418763244 570.3507692639678908 560.3570290448759579 550.3635162326805812 540.3702434442518552 530.3772242470447509 520.3844732503074511
1010.0495037373168543 1000.0499987500625139 990.0505037623080398 980.051019080129322 970.0515450222220579 960.0520819205590897 950.0526301210896918 940.053189984481719 930.0537618869136622 920.0543462209175232 910.0549433962764851 900.0555538409837482 890.0561780022652556 880.0568163476719974 870.0574693662482559 860.0581375697807971 850.0588214941363958 840.059521700694745 830.0602387778852744 820.0609733428362915 810.061726043145427 800.0624975587844574 790.0632886041472602 780.0640999302556793 770.0649323271381945 760.0657866263945834 750.0666637039670377 740.0675644831355839 730.0684899377591819 720.0694410957876244 710.0704190430692506 700.0714249274855092 690.0724599634446577 680.0735254367721154 670.0746227100381702 660.0757532283699902 650.0769185258003517 640.0781202322103809 630.0793600809345207 620.080639917099802 610.0819617067857052 600.0833275470998842 590.0847396772771845 580.0862004909270127 570.0877125495690052 560.0892785976178629 550.0909015790026615 540.0925846556310717 530.0943312279429165 520.0961449578337579
1010 1000 990 980 970 960 950 940 930 920 910 900 890 880 870 860 850 840 830 820 810 800 790 780 770 760 750 740 730 720 710 700 690 680 670 660 650 640 630 620 610 600 590 580 570 560 550 540 530 520
1010.0495037373168543 1000.0499987500625139 990.0505037623080398 980.051019080129322 970.0515450222220579 960.0520819205590897 950.0526301210896918 940.053189984481719 930.0537618869136622 920.0543462209175232 910.0549433962764851 900.0555538409837482 890.0561780022652556 880.0568163476719974 870.0574693662482559 860.0581375697807971 850.0588214941363958 840.059521700694745 830.0602387778852744 820.0609733428362915 810.061726043145427 800.0624975587844574 790.0632886041472602 780.0640999302556793 770.0649323271381945 760.0657866263945834 750.0666637039670377 740.0675644831355839 730.0684899377591819 720.0694410957876244 710.0704190430692506 700.0714249274855092 690.0724599634446577 680.0735254367721154 670.0746227100381702 660.0757532283699902 650.0769185258003517 640.0781202322103809 630.0793600809345207 620.080639917099802 610.0819617067857052 600.0833275470998842 590.0847396772771845 580.0862004909270127 570.0877125495690052 560.0892785976178629 550.0909015790026615 540.0925846556310717 530.0943312279429165 520.0961449578337579
1010.19800039398217 1000.1999800039990305 990.2019995940222543 980.2040603874277167 970.2061636580134518 960.2083107326243407 950.2105029939418728 940.2127418834526225 930.2150289046076068 920.217365626187302 910.2197536858888043 900.2221947941519602 890.2246907382427707 880.2272433866154415 870.2298546935745662 860.232526704262682 850.2352615599990031 840.238061504000143 830.2409288875127231 820.2438661763951586 810.246875958186024 800.249960949702313 790.2531240052138628 780.2563681252463539 770.2596964660684762 760.2631123499285195 750.26661927610769 740.2702209328698473 730.2739212103907676 720.2777242147642482 710.2816342831905558 700.2856560004638595 690.2897942168926875 680.2940540677979016 670.2984409947557651 660.3029607687670932 650.3076195155643973 640.3124237432848531 630.3173803727769382 620.3224967708329132 610.327780786685139 600.3332407921453751 590.338885725817704 580.3447251418763244 570.3507692639678908 560.3570290448759579 550.3635162326805812 540.3702434442518552 530.3772242470447509 520.3844732503074511
1010.4454463255302699 1000.4498987955369103 990.4544411531506967 980.4590761474953524 970.4638066409277144 960.4686356149272797 950.4735661763561438 940.4786015641185486 930.4837451562493698 920.4890004774636054 910.4943712072030166 900.4998611882181194 890.5054744357274785 880.5112151472006872 870.5170877128144866 860.5230967266363677 850.5292469985967045 840.5355435673139937 830.541991713844709 820.5485969764374659 810.5553651663777828 800.5623023850173468 790.5694150420948745 780.5767098754612334 770.5841939723394489 760.5918747922568173 750.5997601918081727 740.6078584514209524 730.6161783043131663 720.6247289678588004 710.6335201775947326 700.6425622241343945 690.6518659932802393 680.6614430096653905 670.6713054842886095 660.6814663663571991 650.691939399897592 640.7027391856538543 630.7138812488591384 620.7253821135398084 610.7372593840988202 600.7495318350236175 590.762219509677152 580.7753438292641022 570.7889277132134112 560.8029957123981148 550.8175741568164767 540.8326913195984389 530.8483775994799316 520.8646657242167066
1010.7917688624102084 1000.7996802557443061 990.8077512817509387 980.8159868191382884 970.8243919473799224 960.8329719571451051 950.8417323613851977 940.8506789071260528 930.8598175880190411 920.8691546577070994 910.8786966440701462 900.8884503644165989 890.8984229416954577 880.9086218218096747 870.9190547921201642 860.9297300012353844 850.9406559801923322 840.95184166514548 830.9632964216891651 820.975030070951675 810.9870529176159835 800.9993757800314143 791.0120100226039312 781.0249675906654829 771.038261048049435 761.0519036176178815 751.0659092250160711 741.0802925459562402 731.0950690573695283 721.1102550927978427 711.125867902440973 701.1419257183241598 691.1584478250989605 681.1754546370560774 671.1929677819933886 661.2110101926615471 651.2296062065975093 641.2487816752559411 631.2685640834652077 621.2889826803626647 611.3100686231169902 601.3318551349162817 591.3543776789007325 581.3776741499452783 571.4017850864661341 561.4267539047280025 551.452627158489463 541.4794548272353722 531.5072906367324777 521.5361924162118612
1011.2368664165680912 1001.2492197250393247 991.2618221237011085 981.2746812182610938 971.2878049270462952 961.3012014972206316 951.3148795220223519 941.3288479590966062 931.3431161500041071 921.3576938409968307 911.3725912051557998 901.3878188659973603 891.4033879226620911 881.4193099768123147 871.4355971613737211 861.4522621712708315 851.4693182963200115 841.4867794564570431 831.504660239496161 821.5229759416348543 811.5417426109393091 801.5609770940698127 791.5806970865320409 781.6009211867652766 771.6216689544170322 761.6429609731845858 751.6648189186454374 741.6872656315463246 731.7103251970686415 721.7340230306452895 711.7583859709698118 701.7834423809099462 691.8092222571191314 681.8357573492314714 671.8630812896329871 661.8912297349164646 651.9202405202648833 641.9501538281613193 631.981012372998407 622.0128616033593971 612.0457499239741992 602.0797289396148244 592.114853723498527 582.151183113115394 572.1887800367986756 562.2277118748238536 552.2680508593630293 542.3098745182498988 532.3532661682465914 522.3983154643590296
1011.7806086301516189 1001.7983829094555404 991.8165152889923775 981.8350166906861887 971.8538984847465372 961.8731725128837979 951.8928511129811341 941.9129471453293263 931.9334740205440539 921.95444572928875 911.9758768739444577 901.9977827023744794 892.0201791439474164 882.04308284799788 872.0665112249180311 862.0904824900921994 852.1150157109074144 842.1401308570920037 832.165848854661931 822.1921916437786422 812.2191822408530015 802.2468448052632084 792.2752047110902822 782.3042886243177918 772.3341245859851369 762.3647421018366686 752.3961722390671412 742.42844773082345 732.4616030891994569 722.4956747275376756 712.5307010929424223 702.5667228100118109 692.6037828369117051 682.6419266350404769 672.6812023536855349 662.7216610312356124 652.7633568147035703 642.8063471995278633 632.8506932918695611 622.8964600958975097 612.9437168288782232 602.9925372672533967 593.0430001273094831 583.0951894845300103 573.1491952362839584 563.2051136131489102 553.2630477449221189 543.3231082882449527 533.3854141237834483 523.4500931320960717
1012.4228365658293569 1002.4470060806206675 992.4716620639603661 982.4968193332739474 972.5224933131366924 962.5487000666511221 952.5754563287887322 942.6027795418385722 932.6306878931230813 922.6592003551473908 912.6883367283708139 902.7181176868003831 892.7485648266257385 882.7797007181350182 872.8115489611717521 862.8441342444184556 852.8774824088158084 842.9116205154606405 832.9465769183519797 822.9823813423954562 813.0190649671137635 803.056660516554075 793.0952023559340205 783.1347265956222827 773.1752712031083092 763.2168761236873706 753.2595834106592747 743.3034373659252196 733.3484846919641313 723.3947746562730572 713.442359269478743 703.4912934784623531 693.5416353759881076 683.5934464285039667 673.6467917239716598 663.7017402418047141 653.7583651472460815 643.816744112794936 633.8769596696191684 623.9390995922599359 614.0032573203500306 604.0695324215582787 594.1380311005178783 584.2088667591411877 574.2821606144491398 564.358042380898496 554.4366510251644513 544.5181356024792194 534.6026561849463405 524.6903848937962493
