landscape/exported_ascii_MS_HABMAT_PATCHES_ONLY_DIST/simulation_000074_p036_h023_HABMAT_patch_more_500pix_edge_dist_modified.asc
ncols         512
nrows         512
xllcorner     0
yllcorner     0
cellsize      10
NODATA_value  -99
[rows 22 to 43 of 512, columns 200 to 249 of 512]
424.2640687119285303 414.3669871020132405 404.4749683231336803 394.5883931389771533 384.7076812334269107 374.8332962798262429 364.9657518178931923 355.1056180912940476 345.253530032641379 335.4101966249684779 325.5764119219941222 315.7530680769388596 305.9411708155670908 296.1418578992169159 286.3564212655270467 276.5863337187865909 266.8332812825266842 257.0992026436488231 247.3863375370596316 237.6972864800942489 228.0350850198275907 218.4032966784155576 208.8061301782109922 199.2485884517127488 189.7366596101027483 180.2775637731994607 170.8800749063506146 161.5549442140351175 152.3154621172781731 143.1782106327635233 134.1640786499873741 125.2996408614166768 116.6190378969060077 108.1665382639196764 100 92.1954445729288778 84.8528137423857061 76.1577310586390865 67.082039324993687 58.3095189484530039 50 42.426406871192853 36.0555127546398921 31.6227766016837926 30 31.6227766016837926 28.284271247461902 22.3606797749978981 14.142135623730951 10
422.9657196511320194 413.0375285612676635 403.1128874149274566 393.192065026750015 383.2753579347360073 373.3630940518893908 363.4556369077249656 353.5533905932737753 343.6568055487916808 333.7663853655727166 323.8826948140329591 314.006369362151645 304.1381265149109936 294.2787793912432335 284.4292530665578624 274.5906043549196056 264.7640458974745457 254.9509756796392423 245.1530134426252516 235.3720459187964025 225.6102834535695649 215.8703314492290417 206.1552812808830311 196.4688270438849997 186.8154169226940553 177.2004514666934938 167.6305461424020962 158.1138830084189806 148.6606874731850496 139.2838827718412062 130 120.8304597359457233 111.8033988749894831 102.956301409870008 94.3398113205660422 86.0232526704262739 78.1024967590665398 70.7106781186547551 63.2455532033675851 53.8516480713450392 44.7213595499957961 36.0555127546398921 28.284271247461902 22.3606797749978981 20 22.3606797749978981 22.3606797749978981 14.142135623730951 10 -10
421.9004621945797453 411.9465984809195902 401.9950248448355978 392.0459156782531522 382.0994634908560101 372.1558813185678787 362.215405525496692 352.2782990761707538 342.3448553724737735 332.4154027718932412 322.4903099319419653 312.5699921617556925 302.6549190084311363 292.7456233660889211 282.8427124746190202 272.9468812791236019 263.0589287593181211 253.179778023443248 243.3105012119287949 233.4523505985750376 223.6067977499789663 213.7755832643194935 203.9607805437113939 194.1648783894760015 184.3908891458577557 174.6424919657298176 164.9242250247064305 155.2417469626002458 145.6021977856103717 136.0147050873544288 126.4911064067351703 117.0469991071962568 107.7032961426900783 98.4885780179610464 89.4427190999915922 80.6225774829854913 72.1110255092797843 64.0312423743284853 56.568542494923804 50 41.2310562561766076 31.6227766016837926 22.3606797749978981 14.142135623730951 10 14.142135623730951 20 10 -10 10
421.0700654285460018 411.0960958218893211 401.1234224026316042 391.1521443121588959 381.1823710509183343 371.214223865411725 361.2478373637688378 351.2833614050059055 341.3209633175202384 331.3608305156178062 321.4031735997639316 311.4482300479487549 301.4962686336266984 291.5475947422650052 281.6025568065744551 271.6615541441224764 261.7250465660480359 251.7935662402834396 241.8677324489565024 231.9482700948640286 222.0360331117451835 212.1320343559642652 202.2374841615668402 192.3538406167134553 182.4828759089465962 172.6267650163206895 162.7882059609970611 152.9705854077835454 143.1782106327635233 133.4166406412633421 123.6931687685298158 114.0175425099137954 104.4030650891054961 94.8683298050513741 85.4400374531753073 76.1577310586390865 67.082039324993687 58.3095189484530039 50 42.426406871192853 36.0555127546398921 30 20 10 -10 10 20 14.142135623730951 10 10
420.47592083257274 410.4875150354758375 400.4996878900157071 390.5124837953327415 380.5259518088089408 370.5401462729781201 360.5551275463989214 350.5709628591620799 340.5877273185280387 330.6055050963307735 320.6243908376279705 310.6444913401813324 300.6659275674581409 290.6888370749726391 280.7133769523640012 270.7397274136176861 260.7680962081059306 250.7987240796890376 240.8318915758459013 230.8679276123039017 220.9072203437452231 210.9502310972898727 200.9975124224177989 191.0497317454280051 181.107702762748346 171.1724276862368868 161.2451549659709826 151.3274595042155681 141.4213562373095101 131.5294643796590606 121.6552506059643974 111.8033988749894831 101.9803902718556969 92.1954445729288778 82.4621125123532153 72.8010988928051859 63.2455532033675851 53.8516480713450392 44.7213595499957961 36.0555127546398921 28.284271247461902 22.3606797749978981 20 10 -10 10 10 10 -10 -10
420.1190307520000715 410.1219330881975793 400.1249804748511565 390.1281840626231769 380.1315561749642598 370.1351104664349236 360.1388621073821241 350.1428280002319298 340.1470270338989508 330.1514803843835466 320.1562118716424266 310.1612483854164566 300.1666203960726875 290.1723625709381622 280.1785145224379789 270.1851217221259276 260.1922366251537255 250.1999200639360765 240.2082429892862763 230.2172886644267749 220.2271554554524187 210.23796041628637 200.2498439450078536 190.2629759044044704 180.2775637731994607 170.2938636592640194 160.3121954188139853 150.3329637837290704 140.3566884761820006 130.3840481040529653 120.4159457879229507 110.4536101718726115 100.4987562112088995 90.553851381374173 80.6225774829854913 70.7106781186547551 60.8276253029821987 50.9901951359278485 41.2310562561766076 31.6227766016837926 22.3606797749978981 14.142135623730951 10 10 -10 10 -10 -10 10 10
420 410 400 390 380 370 360 350 340 330 320 310 300 290 280 270 260 250 240 230 220 210 200 190 180 170 160 150 140 130 120 110 100 90 80 70 60 50 40 30 20 10 -10 -10 10 -10 10 -10 -10 10
420.1190307520000715 410.1219330881975793 400.1249804748511565 390.1281840626231769 380.1315561749642598 370.1351104664349236 360.1388621073821241 350.1428280002319298 340.1470270338989508 330.1514803843835466 320.1562118716424266 310.1612483854164566 300.1666203960726875 290.1723625709381622 280.1785145224379789 270.1851217221259276 260.1922366251537255 250.1999200639360765 240.2082429892862763 230.2172886644267749 220.2271554554524187 210.23796041628637 200.2498439450078536 190.2629759044044704 180.2775637731994607 170.2938636592640194 160.3121954188139853 150.3329637837290704 140.3566884761820006 130.3840481040529653 120.4159457879229507 110.4536101718726115 100.4987562112088995 90.553851381374173 80.6225774829854913 70.7106781186547551 60.8276253029821987 50.9901951359278485 41.2310562561766076 31.6227766016837926 22.3606797749978981 14.142135623730951 10 -10 -10 -10 10 10 -10 10
420.47592083257274 410.4875150354758375 400.4996878900157071 390.5124837953327415 380.5259518088089408 370.5401462729781201 360.5551275463989214 350.5709628591620799 340.5877273185280387 330.6055050963307735 320.6243908376279705 310.6444913401813324 300.6659275674581409 290.6888370749726391 280.7133769523640012 270.7397274136176861 260.7680962081059306 250.7987240796890376 240.8318915758459013 230.8679276123039017 220.9072203437452231 210.9502310972898727 200.9975124224177989 191.0497317454280051 181.107702762748346 171.1724276862368868 161.2451549659709826 151.3274595042155681 141.4213562373095101 131.5294643796590606 121.6552506059643974 111.8033988749894831 101.9803902718556969 92.1954445729288778 82.4621125123532153 72.8010988928051859 63.2455532033675851 53.8516480713450392 44.7213595499957961 36.0555127546398921 28.284271247461902 22.3606797749978981 14.142135623730951 10 -10 10 14.142135623730951 14.142135623730951 10 -10
421.0700654285460018 411.0960958218893211 401.1234224026316042 391.1521443121588959 381.1823710509183343 371.214223865411725 361.2478373637688378 351.2833614050059055 341.3209633175202384 331.3608305156178062 321.4031735997639316 311.4482300479487549 301.4962686336266984 291.5475947422650052 281.6025568065744551 271.6615541441224764 261.7250465660480359 251.7935662402834396 241.8677324489565024 231.9482700948640286 222.0360331117451835 212.1320343559642652 202.2374841615668402 192.3538406167134553 182.4828759089465962 172.6267650163206895 162.7882059609970611 152.9705854077835454 143.1782106327635233 133.4166406412633421 123.6931687685298158 114.0175425099137954 104.4030650891054961 94.8683298050513741 85.4400374531753073 76.1577310586390865 67.082039324993687 58.3095189484530039 50 42.426406871192853 36.0555127546398921 28.284271247461902 22.3606797749978981 14.142135623730951 10 14.142135623730951 22.3606797749978981 22.3606797749978981 14.142135623730951 10
421.9004621945797453 411.9465984809195902 401.9950248448355978 392.0459156782531522 382.0994634908560101 372.1558813185678787 362.215405525496692 352.2782990761707538 342.3448553724737735 332.4154027718932412 322.4903099319419653 312.5699921617556925 302.6549190084311363 292.7456233660889211 282.8427124746190202 272.9468812791236019 263.0589287593181211 253.179778023443248 243.3105012119287949 233.4523505985750376 223.6067977499789663 213.7755832643194935 203.9607805437113939 194.1648783894760015 184.3908891458577557 174.6424919657298176 164.9242250247064305 155.2417469626002458 145.6021977856103717 136.0147050873544288 126.4911064067351703 117.0469991071962568 107.7032961426900783 98.4885780179610464 89.4427190999915922 80.6225774829854913 72.1110255092797843 64.0312423743284853 56.568542494923804 50 42.426406871192853 36.0555127546398921 28.284271247461902 22.3606797749978981 20 22.3606797749978981 28.284271247461902 28.284271247461902 22.3606797749978981 20
422.9657196511320194 413.0375285612676635 403.1128874149274566 393.192065026750015 383.2753579347360073 373.3630940518893908 363.4556369077249656 353.5533905932737753 343.6568055487916808 333.7663853655727166 323.8826948140329591 314.006369362151645 304.1381265149109936 294.2787793912432335 284.4292530665578624 274.5906043549196056 264.7640458974745457 254.9509756796392423 245.1530134426252516 235.3720459187964025 225.6102834535695649 215.8703314492290417 206.1552812808830311 196.4688270438849997 186.8154169226940553 177.2004514666934938 167.6305461424020962 158.1138830084189806 148.6606874731850496 139.2838827718412062 130 120.8304597359457233 111.8033988749894831 102.956301409870008 94.3398113205660422 86.0232526704262739 78.1024967590665398 70.7106781186547551 64.0312423743284853 56.568542494923804 50 42.426406871192853 36.0555127546398921 31.6227766016837926 30 31.6227766016837926 36.0555127546398921 36.0555127546398921 31.6227766016837926 28.284271247461902
424.2640687119285303 414.3669871020132405 404.4749683231336803 394.5883931389771533 384.7076812334269107 374.8332962798262429 364.9657518178931923 355.1056180912940476 345.253530032641379 335.4101966249684779 325.5764119219941222 315.7530680769388596 305.9411708155670908 296.1418578992169159 286.3564212655270467 276.5863337187865909 266.8332812825266842 257.0992026436488231 247.3863375370596316 237.6972864800942489 228.0350850198275907 218.4032966784155576 208.8061301782109922 199.2485884517127488 189.7366596101027483 180.2775637731994607 170.8800749063506146 161.5549442140351175 152.3154621172781731 143.1782106327635233 134.1640786499873741 125.2996408614166768 116.6190378969060077 108.1665382639196764 100 92.1954445729288778 84.8528137423857061 78.1024967590665398 70.7106781186547551 64.0312423743284853 56.568542494923804 50 44.7213595499957961 41.2310562561766076 40 41.2310562561766076 44.7213595499957961 36.0555127546398921 28.284271247461902 22.3606797749978981
425.793377120875391 415.9326868617084187 406.0788100849390503 396.2322551231789589 386.3935817272331406 376.5634076752546093 366.7424164178449928 356.9313659514949109 347.1310991541956241 337.3425558686599857 327.5667870831840105 317.8049716414140562 308.0584360149872509 298.3286778035259772 288.6173937932362605 278.9265136196270873 269.2582403567251959 259.6150997149433692 250 240.4163056034261672 230.8679276123039017 221.3594362117865444 211.896201004170905 202.4845673131658828 193.1320791582796517 183.8477631085023631 174.6424919657298176 165.5294535724684977 156.524758424985265 147.6482306023339959 138.9244398944980503 130.3840481040529653 122.0655561573370278 114.0175425099137954 106.3014581273464927 98.9949493661166571 92.1954445729288778 84.8528137423857061 78.1024967590665398 70.7106781186547551 64.0312423743284853 58.3095189484530039 53.8516480713450392 50.9901951359278485 50 50.9901951359278485 41.2310562561766076 31.6227766016837926 22.3606797749978981 14.142135623730951
427.5511665286389871 417.7319714841084419 407.9215610874227878 398.1205847478876763 388.3297567789520031 378.5498646149540036 368.7817782917155114 359.0264614203248357 349.2849839314596352 339.5585369269928719 329.8484500494128611 320.1562118716424266 310.4834939252004915 300.8321791298264429 291.2043955712207435 281.6025568065744551 272.0294101747088575 262.488094968133737 252.9822128134703405 243.5159132377184221 234.0939982143925135 224.7220505424423322 215.4065922853801567 206.1552812808830311 196.9771560359220928 187.8829422805593481 178.8854381999831844 170 161.2451549659709826 152.6433752247374684 144.2220510185595685 136.0147050873544288 128.0624847486569706 120.4159457879229507 113.1370849898476081 106.3014581273464927 98.9949493661166571 92.1954445729288778 84.8528137423857061 78.1024967590665398 72.1110255092797843 67.082039324993687 63.2455532033675851 60.8276253029821987 60 50 40 30 20 10
429.53463189829057 419.7618372363071444 410 400.2499219237899979 390.5124837953327415 380.7886552931954043 371.0795063055894616 361.3862199918530109 351.7101079013795015 342.0526275297414145 332.4154027718932412 322.8002478313794654 313.2091952673164883 303.6445290137795041 294.1088233970548345 284.6049894151541366 275.136329843952069 265.706605111728436 256.3201123595259219 246.9817807045693883 237.6972864800942489 228.4731931759172596 219.3171219946130748 210.23796041628637 201.2461179749810753 192.3538406167134553 183.5755975068582018 174.9285568453590258 166.4331697709323805 158.1138830084189806 150 142.1267040355189408 134.5362404707371127 127.2792206135785591 120.4159457879229507 113.1370849898476081 106.3014581273464927 98.9949493661166571 92.1954445729288778 86.0232526704262739 80.6225774829854913 76.1577310586390865 72.8010988928051859 70 60 50 40 30 20 10
431.7406628984580834 422.0189569201838822 412.3105625617660621 402.616442783947889 392.9376540877699995 383.2753579347360073 373.6308338453881106 364.0054944640259009 354.4009029333869876 344.8187929913333392 335.2610922848041923 325.7299494980466079 316.2277660168379612 306.7572330035593495 297.3213749463700992 287.9236009777593495 278.5677655436824125 269.2582403567251959 260 250.7987240796890376 241.6609194718914466 232.5940669922601387 223.6067977499789663 214.7091055358388871 205.912602819740016 197.2308292331601933 188.6796226411320845 180.2775637731994607 172.0465053408525478 164.0121946685672469 156.2049935181330795 148.6606874731850496 141.4213562373095101 134.5362404707371127 127.2792206135785591 120.4159457879229507 113.1370849898476081 106.3014581273464927 100 94.3398113205660422 89.4427190999915922 85.4400374531753073 80 70 60 50 40 30 20 10
434.1658669218481919 424.4997055358224998 414.8493702538307843 405.2159917870961863 395.6008088970496601 386.0051813123756688 376.4306044943742222 366.8787265568828388 357.3513677041127607 347.8505426185217289 338.378486313772612 328.9376840679705651 319.5309061734091642 310.1612483854164566 300.8321791298264429 291.5475947422650052 282.3118842698621052 273.1300056749532814 264.0075756488816978 254.9509756796392423 245.9674775249768572 237.0653918225939663 228.2542442102665348 219.5449840010014952 210.9502310972898727 202.4845673131658828 194.1648783894760015 186.0107523773827438 178.0449381476485655 170.2938636592640194 162.7882059609970611 155.5634918610404611 148.6606874731850496 141.4213562373095101 134.5362404707371127 127.2792206135785591 120.4159457879229507 114.0175425099137954 108.1665382639196764 102.956301409870008 98.4885780179610464 90.553851381374173 80.6225774829854913 70.7106781186547551 60.8276253029821987 50.9901951359278485 41.2310562561766076 31.6227766016837926 22.3606797749978981 14.142135623730951
436.8065933568311152 427.2001872658765365 417.6122603564219844 408.0441152620633147 398.4971769034254976 388.9730067755344862 379.4733192202054965 370 360.5551275463989214 351.1409973215887703 341.7601498127012292 332.4154027718932412 323.109888428070235 313.8470965295043129 304.6309242345563462 295.4657340538831249 286.3564212655270467 277.3084924772409749 268.3281572999747482 259.422435421456953 250.5992817228333536 241.8677324489565024 233.2380757938120155 224.7220505424423322 216.3330765278393528 208.0865204668481283 200 192.0937271229854559 184.3908891458577557 176.9180601295413169 169.7056274847714121 162.7882059609970611 155.5634918610404611 148.6606874731850496 141.4213562373095101 134.5362404707371127 128.0624847486569706 122.0655561573370278 116.6190378969060077 111.8033988749894831 101.9803902718556969 92.1954445729288778 82.4621125123532153 72.8010988928051859 63.2455532033675851 53.8516480713450392 44.7213595499957961 36.0555127546398921 28.284271247461902 20
439.6589587396121601 430.116263352131341 420.5948168962618183 411.0960958218893211 401.6217125604640614 392.1734310225515401 382.7531841800927737 373.3630940518893908 364.0054944640259009 354.6829570193639825 345.3983207834108953 336.1547262794322251 326.9556544854362983 317.8049716414140562 308.7069808086626495 299.6664812754339664 290.6888370749726391 281.7800560721074135 272.9468812791236019 264.1968962724581047 255.5386467836127622 246.9817807045693883 238.5372088375312671 230.2172886644267749 222.0360331117451835 214.0093455903269728 206.1552812808830311 198.4943324127920903 191.0497317454280051 183.8477631085023631 176.9180601295413169 169.7056274847714121 162.7882059609970611 155.5634918610404611 148.6606874731850496 142.1267040355189408 136.0147050873544288 126.4911064067351703 117.0469991071962568 107.7032961426900783 98.4885780179610464 89.4427190999915922 80.6225774829854913 72.1110255092797843 63.2455532033675851 53.8516480713450392 44.7213595499957961 36.0555127546398921 28.284271247461902 22.3606797749978981
442.7188724235730888 433.2435804486893858 423.79240200834181 414.3669871020132405 404.9691346263317655 395.6008088970496601 386.2641583165593033 376.9615364994152742 367.6955262170047263 358.4689665786984278 349.2849839314596352 340.1470270338989508 331.0589071449369953 322.0248437620923596 313.0495168499705301 304.1381265149109936 295.2964612046679918 286.5309756378880479 277.8488797889961006 269.2582403567251959 260.7680962081059306 252.388589282479245 244.1311123146740556 236.0084744241189298 228.0350850198275907 220.2271554554524187 212.6029162546929854 205.1828452868319062 197.9898987322333141 191.0497317454280051 183.8477631085023631 176.9180601295413169 169.7056274847714121 162.7882059609970611 152.9705854077835454 143.1782106327635233 133.4166406412633421 123.6931687685298158 114.0175425099137954 104.4030650891054961 94.8683298050513741 85.4400374531753073 76.1577310586390865 67.082039324993687 58.3095189484530039 50 41.2310562561766076 31.6227766016837926 22.3606797749978981 14.142135623730951
445.9820624195551773 436.5775990588614945 427.2001872658765365 417.8516483155235619 408.5339643163099481 399.2492955535425949 390 380.7886552931954043 371.6180835212409193 362.4913792078371557 353.4119409414458346 344.3835071544513085 335.4101966249684779 326.4965543462901678 317.6476034853718033 308.8689042296099956 300.1666203960726875 291.5475947422650052 283.0194339616980983 274.5906043549196056 266.2705391138869686 258.0697580112787932 250 242.0743687382041003 234.3074902771996335 226.7156809750926811 219.3171219946130748 212.1320343559642652 205.1828452868319062 197.9898987322333141 191.0497317454280051 181.107702762748346 171.1724276862368868 161.2451549659709826 151.3274595042155681 141.4213562373095101 131.5294643796590606 121.6552506059643974 111.8033988749894831 101.9803902718556969 92.1954445729288778 82.4621125123532153 72.8010988928051859 63.2455532033675851 53.8516480713450392 44.7213595499957961 36.0555127546398921 28.284271247461902 20 10
