landscape/exported_ascii_MS_HABMAT_PATCHES_ONLY_DIST/simulation_000065_p049_h021_HABMAT_patch_more_500pix_edge_dist_modified.asc
ncols         512
nrows         512
xllcorner     0
yllcorner     0
cellsize      10
NODATA_value  -99
[rows 150 to 174 of 512, columns 275 to 329 of 512]
106.3014581273464927 98.9949493661166571 92.1954445729288778 84.8528137423857061 78.1024967590665398 72.1110255092797843 67.082039324993687 63.2455532033675851 60.8276253029821987 60 60.8276253029821987 63.2455532033675851 67.082039324993687 72.1110255092797843 78.1024967590665398 84.8528137423857061 92.1954445729288778 90.553851381374173 90 90 90.553851381374173 92.1954445729288778 94.8683298050513741 98.4885780179610464 102.956301409870008 107.7032961426900783 111.8033988749894831 116.6190378969060077 122.0655561573370278 128.0624847486569706 134.5362404707371127 141.4213562373095101 148.6606874731850496 156.2049935181330795 164.0121946685672469 170.8800749063506146 161.5549442140351175 152.3154621172781731 143.1782106327635233 134.1640786499873741 125.2996408614166768 116.6190378969060077 108.1665382639196764 100 92.1954445729288778 84.8528137423857061 78.1024967590665398 70.7106781186547551 64.0312423743284853 58.3095189484530039 53.8516480713450392 50.9901951359278485 50 40 30
98.9949493661166571 92.1954445729288778 84.8528137423857061 78.1024967590665398 70.7106781186547551 64.0312423743284853 58.3095189484530039 53.8516480713450392 50.9901951359278485 50 50.9901951359278485 53.8516480713450392 58.3095189484530039 64.0312423743284853 70.7106781186547551 78.1024967590665398 82.4621125123532153 80.6225774829854913 80 80 80.6225774829854913 82.4621125123532153 85.4400374531753073 89.4427190999915922 94.3398113205660422 98.4885780179610464 102.956301409870008 108.1665382639196764 114.0175425099137954 120.4159457879229507 127.2792206135785591 134.5362404707371127 142.1267040355189408 150 158.1138830084189806 166.4331697709323805 158.1138830084189806 148.6606874731850496 139.2838827718412062 130 120.8304597359457233 111.8033988749894831 102.956301409870008 94.3398113205660422 86.0232526704262739 78.1024967590665398 70.7106781186547551 64.0312423743284853 56.568542494923804 50 44.7213595499957961 41.2310562561766076 40 40 31.6227766016837926
92.1954445729288778 84.8528137423857061 78.1024967590665398 70.7106781186547551 64.0312423743284853 56.568542494923804 50 44.7213595499957961 41.2310562561766076 40 41.2310562561766076 44.7213595499957961 50 56.568542494923804 64.0312423743284853 72.1110255092797843 72.8010988928051859 70.7106781186547551 70 70 70.7106781186547551 72.8010988928051859 76.1577310586390865 80.6225774829854913 85.4400374531753073 89.4427190999915922 94.3398113205660422 100 106.3014581273464927 113.1370849898476081 120.4159457879229507 128.0624847486569706 136.0147050873544288 144.2220510185595685 152.6433752247374684 161.2451549659709826 155.2417469626002458 145.6021977856103717 136.0147050873544288 126.4911064067351703 117.0469991071962568 107.7032961426900783 98.4885780179610464 89.4427190999915922 80.6225774829854913 72.1110255092797843 64.0312423743284853 56.568542494923804 50 42.426406871192853 36.0555127546398921 31.6227766016837926 30 30 31.6227766016837926
86.0232526704262739 78.1024967590665398 70.7106781186547551 64.0312423743284853 56.568542494923804 50 42.426406871192853 36.0555127546398921 31.6227766016837926 30 31.6227766016837926 36.0555127546398921 42.426406871192853 50 58.3095189484530039 63.2455532033675851 63.2455532033675851 60.8276253029821987 60 60 60.8276253029821987 63.2455532033675851 67.082039324993687 72.1110255092797843 76.1577310586390865 80.6225774829854913 86.0232526704262739 92.1954445729288778 98.9949493661166571 106.3014581273464927 114.0175425099137954 122.0655561573370278 130.3840481040529653 138.9244398944980503 147.6482306023339959 156.524758424985265 152.3154621172781731 143.1782106327635233 133.4166406412633421 123.6931687685298158 114.0175425099137954 104.4030650891054961 94.8683298050513741 85.4400374531753073 76.1577310586390865 67.082039324993687 58.3095189484530039 50 42.426406871192853 36.0555127546398921 28.284271247461902 22.3606797749978981 20 20 22.3606797749978981
80.6225774829854913 72.1110255092797843 64.0312423743284853 56.568542494923804 50 42.426406871192853 36.0555127546398921 28.284271247461902 22.3606797749978981 20 22.3606797749978981 28.284271247461902 36.0555127546398921 44.7213595499957961 50.9901951359278485 53.8516480713450392 53.8516480713450392 50.9901951359278485 50 50 50.9901951359278485 53.8516480713450392 58.3095189484530039 63.2455532033675851 67.082039324993687 72.1110255092797843 78.1024967590665398 84.8528137423857061 92.1954445729288778 100 108.1665382639196764 116.6190378969060077 125.2996408614166768 134.1640786499873741 143.1782106327635233 152.3154621172781731 148.6606874731850496 139.2838827718412062 130 120.8304597359457233 111.8033988749894831 101.9803902718556969 92.1954445729288778 82.4621125123532153 72.8010988928051859 63.2455532033675851 53.8516480713450392 44.7213595499957961 36.0555127546398921 28.284271247461902 22.3606797749978981 14.142135623730951 10 10 14.142135623730951
76.1577310586390865 67.082039324993687 58.3095189484530039 50 42.426406871192853 36.0555127546398921 28.284271247461902 22.3606797749978981 14.142135623730951 10 14.142135623730951 22.3606797749978981 31.6227766016837926 40 41.2310562561766076 44.7213595499957961 44.7213595499957961 41.2310562561766076 40 40 41.2310562561766076 44.7213595499957961 50 53.8516480713450392 58.3095189484530039 64.0312423743284853 70.7106781186547551 78.1024967590665398 86.0232526704262739 94.3398113205660422 102.956301409870008 111.8033988749894831 120.8304597359457233 130 139.2838827718412062 148.6606874731850496 145.6021977856103717 136.0147050873544288 126.4911064067351703 117.0469991071962568 107.7032961426900783 98.4885780179610464 89.4427190999915922 80.6225774829854913 70.7106781186547551 60.8276253029821987 50.9901951359278485 41.2310562561766076 31.6227766016837926 22.3606797749978981 14.142135623730951 10 -10 -10 10
72.8010988928051859 63.2455532033675851 53.8516480713450392 44.7213595499957961 36.0555127546398921 28.284271247461902 22.3606797749978981 14.142135623730951 10 -10 10 20 30 30 31.6227766016837926 36.0555127546398921 36.0555127546398921 31.6227766016837926 30 30 31.6227766016837926 36.0555127546398921 41.2310562561766076 44.7213595499957961 50 56.568542494923804 64.0312423743284853 72.1110255092797843 80.6225774829854913 89.4427190999915922 98.4885780179610464 107.7032961426900783 117.0469991071962568 126.4911064067351703 136.0147050873544288 145.6021977856103717 143.1782106327635233 133.4166406412633421 123.6931687685298158 114.0175425099137954 104.4030650891054961 94.8683298050513741 85.4400374531753073 76.1577310586390865 67.082039324993687 58.3095189484530039 50 40 30 20 10 -10 10 -10 -10
70.7106781186547551 60.8276253029821987 50.9901951359278485 41.2310562561766076 31.6227766016837926 22.3606797749978981 14.142135623730951 10 -10 10 14.142135623730951 22.3606797749978981 22.3606797749978981 20 22.3606797749978981 28.284271247461902 28.284271247461902 22.3606797749978981 20 20 22.3606797749978981 28.284271247461902 31.6227766016837926 36.0555127546398921 42.426406871192853 50 58.3095189484530039 67.082039324993687 76.1577310586390865 85.4400374531753073 94.8683298050513741 104.4030650891054961 114.0175425099137954 123.6931687685298158 133.4166406412633421 142.1267040355189408 141.4213562373095101 131.5294643796590606 121.6552506059643974 111.8033988749894831 101.9803902718556969 92.1954445729288778 82.4621125123532153 72.8010988928051859 63.2455532033675851 53.8516480713450392 44.7213595499957961 36.0555127546398921 28.284271247461902 22.3606797749978981 14.142135623730951 10 10 10 -10
64.0312423743284853 56.568542494923804 50 40 30 20 10 -10 10 14.142135623730951 22.3606797749978981 20 14.142135623730951 10 14.142135623730951 20 20 14.142135623730951 10 10 14.142135623730951 20 22.3606797749978981 28.284271247461902 36.0555127546398921 44.7213595499957961 53.8516480713450392 63.2455532033675851 72.8010988928051859 82.4621125123532153 92.1954445729288778 101.9803902718556969 111.8033988749894831 121.6552506059643974 128.0624847486569706 134.5362404707371127 138.9244398944980503 130.3840481040529653 120.4159457879229507 110.4536101718726115 100.4987562112088995 90.553851381374173 80.6225774829854913 70.7106781186547551 60.8276253029821987 50.9901951359278485 41.2310562561766076 31.6227766016837926 22.3606797749978981 14.142135623730951 10 -10 -10 10 -10
58.3095189484530039 50 42.426406871192853 36.0555127546398921 30 20 10 -10 10 14.142135623730951 14.142135623730951 10 10 -10 10 10 10 10 -10 -10 10 10 14.142135623730951 22.3606797749978981 31.6227766016837926 41.2310562561766076 50.9901951359278485 60.8276253029821987 70.7106781186547551 80.6225774829854913 90.553851381374173 100.4987562112088995 108.1665382639196764 114.0175425099137954 120.4159457879229507 127.2792206135785591 134.1640786499873741 125.2996408614166768 116.6190378969060077 108.1665382639196764 100 90 80 70 60 50 40 30 20 10 -10 10 10 -10 -10
53.8516480713450392 44.7213595499957961 36.0555127546398921 28.284271247461902 22.3606797749978981 20 14.142135623730951 10 -10 10 10 -10 -10 -14.142135623730951 -10 -10 -10 -10 10 -10 -10 -10 10 20 30 40 50 60 70 80 89.4427190999915922 94.3398113205660422 100 106.3014581273464927 113.1370849898476081 120.4159457879229507 128.0624847486569706 120.8304597359457233 111.8033988749894831 102.956301409870008 94.3398113205660422 86.0232526704262739 78.1024967590665398 70.7106781186547551 60.8276253029821987 50.9901951359278485 41.2310562561766076 31.6227766016837926 22.3606797749978981 14.142135623730951 10 10 10 -10 -10
50.9901951359278485 41.2310562561766076 31.6227766016837926 22.3606797749978981 14.142135623730951 10 14.142135623730951 10 -10 10 10 -10 -20 -22.3606797749978981 -14.142135623730951 -10 10 10 14.142135623730951 10 -10 -10 10 20 30 40 50 60 70 76.1577310586390865 80.6225774829854913 86.0232526704262739 92.1954445729288778 98.9949493661166571 106.3014581273464927 114.0175425099137954 122.0655561573370278 117.0469991071962568 107.7032961426900783 98.4885780179610464 89.4427190999915922 80.6225774829854913 72.1110255092797843 64.0312423743284853 56.568542494923804 50 42.426406871192853 36.0555127546398921 28.284271247461902 20 10 -10 10 -10 10
50 40 30 20 10 -10 10 -10 -14.142135623730951 -10 -10 -10 -10 -14.142135623730951 -10 10 10 14.142135623730951 22.3606797749978981 14.142135623730951 10 -10 10 20 30 40 50 60 63.2455532033675851 67.082039324993687 72.1110255092797843 78.1024967590665398 84.8528137423857061 92.1954445729288778 100 108.1665382639196764 116.6190378969060077 114.0175425099137954 104.4030650891054961 94.8683298050513741 85.4400374531753073 76.1577310586390865 67.082039324993687 58.3095189484530039 50 42.426406871192853 36.0555127546398921 28.284271247461902 22.3606797749978981 20 10 -10 10 -10 -10
50 40 30 20 10 -10 10 -10 -10 10 -10 10 10 -10 -10 -10 -10 10 20 22.3606797749978981 14.142135623730951 10 14.142135623730951 22.3606797749978981 31.6227766016837926 41.2310562561766076 50 50.9901951359278485 53.8516480713450392 58.3095189484530039 64.0312423743284853 70.7106781186547551 78.1024967590665398 86.0232526704262739 94.3398113205660422 102.956301409870008 111.8033988749894831 111.8033988749894831 101.9803902718556969 92.1954445729288778 82.4621125123532153 72.8010988928051859 63.2455532033675851 53.8516480713450392 44.7213595499957961 36.0555127546398921 28.284271247461902 22.3606797749978981 14.142135623730951 10 10 -10 -10 -10 10
50 40 30 20 10 -10 -10 -14.142135623730951 -10 10 10 -10 10 10 10 -10 -10 10 20 28.284271247461902 22.3606797749978981 20 22.3606797749978981 28.284271247461902 36.0555127546398921 41.2310562561766076 40 41.2310562561766076 44.7213595499957961 50 56.568542494923804 64.0312423743284853 72.1110255092797843 80.6225774829854913 89.4427190999915922 98.4885780179610464 107.7032961426900783 110.4536101718726115 100.4987562112088995 90.553851381374173 80.6225774829854913 70.7106781186547551 60.8276253029821987 50.9901951359278485 41.2310562561766076 31.6227766016837926 22.3606797749978981 14.142135623730951 10 -10 -10 -14.142135623730951 -14.142135623730951 -10 10
42.426406871192853 36.0555127546398921 31.6227766016837926 22.3606797749978981 14.142135623730951 10 10 -10 -10 10 10 10 -10 10 -10 -10 10 14.142135623730951 22.3606797749978981 31.6227766016837926 31.6227766016837926 30 31.6227766016837926 36.0555127546398921 36.0555127546398921 31.6227766016837926 30 31.6227766016837926 36.0555127546398921 42.426406871192853 50 58.3095189484530039 67.082039324993687 76.1577310586390865 85.4400374531753073 94.3398113205660422 102.956301409870008 110 100 90 80 70 60 50 40 30 20 10 -10 10 -10 -10 -10 10 -10
36.0555127546398921 28.284271247461902 22.3606797749978981 20 10 -10 10 10 -10 -10 -10 10 10 14.142135623730951 10 10 14.142135623730951 22.3606797749978981 28.284271247461902 36.0555127546398921 41.2310562561766076 40 36.0555127546398921 31.6227766016837926 28.284271247461902 22.3606797749978981 20 22.3606797749978981 28.284271247461902 36.0555127546398921 44.7213595499957961 53.8516480713450392 63.2455532033675851 72.1110255092797843 80.6225774829854913 89.4427190999915922 98.4885780179610464 101.9803902718556969 100.4987562112088995 90.553851381374173 80.6225774829854913 70.7106781186547551 60.8276253029821987 50.9901951359278485 41.2310562561766076 31.6227766016837926 22.3606797749978981 14.142135623730951 10 14.142135623730951 10 10 10 10 -10
31.6227766016837926 22.3606797749978981 14.142135623730951 10 10 10 -10 -10 -14.142135623730951 -20 -14.142135623730951 -10 -10 10 -10 10 20 28.284271247461902 36.0555127546398921 42.426406871192853 44.7213595499957961 36.0555127546398921 28.284271247461902 22.3606797749978981 20 14.142135623730951 10 14.142135623730951 22.3606797749978981 31.6227766016837926 41.2310562561766076 50 58.3095189484530039 67.082039324993687 76.1577310586390865 85.4400374531753073 90.553851381374173 92.1954445729288778 94.8683298050513741 92.1954445729288778 82.4621125123532153 72.8010988928051859 63.2455532033675851 53.8516480713450392 44.7213595499957961 36.0555127546398921 28.284271247461902 22.3606797749978981 20 22.3606797749978981 20 20 20 14.142135623730951 10
30 20 10 -10 -10 10 -10 -10 -14.142135623730951 -14.142135623730951 -10 -10 10 -10 10 14.142135623730951 22.3606797749978981 31.6227766016837926 41.2310562561766076 50 41.2310562561766076 31.6227766016837926 22.3606797749978981 14.142135623730951 10 10 -10 10 20 28.284271247461902 36.0555127546398921 44.7213595499957961 53.8516480713450392 63.2455532033675851 72.8010988928051859 80 80.6225774829854913 82.4621125123532153 85.4400374531753073 89.4427190999915922 85.4400374531753073 76.1577310586390865 67.082039324993687 58.3095189484530039 50 42.426406871192853 36.0555127546398921 31.6227766016837926 30 31.6227766016837926 30 30 28.284271247461902 22.3606797749978981 14.142135623730951
30 20 10 -10 -14.142135623730951 -10 -10 10 -10 -10 10 -10 -10 10 14.142135623730951 22.3606797749978981 28.284271247461902 36.0555127546398921 44.7213595499957961 44.7213595499957961 40 30 20 10 -10 -10 10 10 14.142135623730951 22.3606797749978981 31.6227766016837926 41.2310562561766076 50.9901951359278485 60.8276253029821987 70.7106781186547551 70 70.7106781186547551 72.8010988928051859 76.1577310586390865 80.6225774829854913 86.0232526704262739 80.6225774829854913 72.1110255092797843 64.0312423743284853 56.568542494923804 50 44.7213595499957961 41.2310562561766076 40 41.2310562561766076 40 40 30 20 10
22.3606797749978981 20 14.142135623730951 10 -10 -10 10 -10 -10 -10 10 10 10 14.142135623730951 22.3606797749978981 28.284271247461902 36.0555127546398921 42.426406871192853 42.426406871192853 36.0555127546398921 31.6227766016837926 30 22.3606797749978981 14.142135623730951 10 10 -10 -10 10 20 30 40 50 60 60.8276253029821987 60 60.8276253029821987 63.2455532033675851 67.082039324993687 72.1110255092797843 78.1024967590665398 84.8528137423857061 78.1024967590665398 70.7106781186547551 64.0312423743284853 58.3095189484530039 53.8516480713450392 50.9901951359278485 50 50.9901951359278485 50 41.2310562561766076 31.6227766016837926 22.3606797749978981 14.142135623730951
14.142135623730951 10 14.142135623730951 14.142135623730951 10 -10 10 10 10 10 14.142135623730951 20 20 22.3606797749978981 28.284271247461902 36.0555127546398921 42.426406871192853 41.2310562561766076 36.0555127546398921 28.284271247461902 22.3606797749978981 20 20 20 14.142135623730951 10 -10 -10 10 20 30 40 50 53.8516480713450392 50.9901951359278485 50 50.9901951359278485 53.8516480713450392 58.3095189484530039 64.0312423743284853 70.7106781186547551 78.1024967590665398 84.8528137423857061 78.1024967590665398 72.1110255092797843 67.082039324993687 63.2455532033675851 60.8276253029821987 60 60.8276253029821987 53.8516480713450392 44.7213595499957961 36.0555127546398921 28.284271247461902 20
10 -10 10 10 -10 -10 10 10 14.142135623730951 20 22.3606797749978981 28.284271247461902 30 31.6227766016837926 36.0555127546398921 42.426406871192853 36.0555127546398921 31.6227766016837926 28.284271247461902 22.3606797749978981 14.142135623730951 10 10 10 10 -10 10 10 14.142135623730951 22.3606797749978981 31.6227766016837926 41.2310562561766076 50 44.7213595499957961 41.2310562561766076 40 41.2310562561766076 44.7213595499957961 50 56.568542494923804 64.0312423743284853 72.1110255092797843 80.6225774829854913 86.0232526704262739 80.6225774829854913 76.1577310586390865 72.8010988928051859 70.7106781186547551 70 67.082039324993687 58.3095189484530039 50 41.2310562561766076 31.6227766016837926 22.3606797749978981
10 -10 -10 10 10 10 -10 -10 10 20 30 36.0555127546398921 40 41.2310562561766076 42.426406871192853 36.0555127546398921 28.284271247461902 22.3606797749978981 20 14.142135623730951 10 -10 -10 -10 -10 -10 10 20 22.3606797749978981 28.284271247461902 36.0555127546398921 41.2310562561766076 40 36.0555127546398921 31.6227766016837926 30 31.6227766016837926 36.0555127546398921 42.426406871192853 50 58.3095189484530039 67.082039324993687 76.1577310586390865 85.4400374531753073 85.4400374531753073 80.6225774829854913 76.1577310586390865 72.8010988928051859 70.7106781186547551 70 63.2455532033675851 53.8516480713450392 44.7213595499957961 36.0555127546398921 28.284271247461902
10 -10 -10 10 10 -10 10 -10 10 20 30 31.6227766016837926 36.0555127546398921 42.426406871192853 36.0555127546398921 28.284271247461902 22.3606797749978981 14.142135623730951 10 10 -10 -14.142135623730951 -10 10 -10 -10 10 20 30 36.0555127546398921 36.0555127546398921 31.6227766016837926 30 28.284271247461902 22.3606797749978981 20 22.3606797749978981 28.284271247461902 36.0555127546398921 44.7213595499957961 53.8516480713450392 63.2455532033675851 72.8010988928051859 80.6225774829854913 76.1577310586390865 72.1110255092797843 67.082039324993687 63.2455532033675851 60.8276253029821987 60 60 58.3095189484530039 50 42.426406871192853 36.0555127546398921
