landscape/hab_quality/256/simulation_000079_p034_h071_HABMAT_patch_more_500pix_modified.asc_ac_0.5_quality.asc
NCOLS 513
NROWS 513
XLLCORNER 0
YLLCORNER 0
CELLSIZE 9.980507
NODATA_VALUE NaN
[rows 360 to 395 of 513, columns 324 to 404 of 513]
0.6291918274 0.7401092145 0.6999928934 0.7617995375 0.846958536 0.5261666592 0.516675744 0.5162120087 0.5111800265 0.7591791459 0 0 0 0 0 0 0 0 0 0 0 0 0 0.8917013642 0.8910140049 0.6481380963 0.8456746719 0 0 0.7892294538 0.7989996617 0.5457997063 0.5455937208 0.5380137708 0.5408335866 0.5410630955 0.7465069762 0.7413133408 0.74886053 0.5375496704 0.5375627855 0.5448881817 0 0 0.6576879182 0.7596103631 0.7527271043 0.8854564932 0.8809077172 0.8737242179 0.8805478149 0.7452323431 0.9160380867 0.7485617254 0.737038222 0.7395791981 0.700208673 0.699213325 0.6988549845 0.6031884193 0.7452484771 0.7464663948 0.7527509946 0.6133294394 0.6180176881 0.7205315522 0 0.7754217823 0.7827884715 0.8657108048 0 0 0 0 0 0 0 0.8471692151 0.8389867103 0.8466814265 0
0.8752690753 0.6010819735 0.6006849793 0.6061066511 0.6051699025 0.5261868827 0.5093233237 0.5091765022 0.5107710039 0 0.8872091026 0.5319481477 0.7266516548 0 0 0 0 0 0 0 0 0 0 0 0 0 0.7765217021 0.7852047015 0.7802623156 0.7860008322 0.7972833479 0.5439981978 0.5489952998 0.5429075582 0.5467962095 0 0.644746273 0.5578292027 0.5473041105 0.5393953261 0.5365221546 0 0 0.6741163229 0.7512503689 0.7509106624 0.758027969 0.5876652559 0.8744553332 0.876252285 0.8812994824 0.7446861209 0.7426534762 0.7416327765 0.7414281368 0.7440392225 0.6151129323 0.6222020968 0.706563243 0.7485022163 0.5540102318 0.6351142395 0.7527923525 0.620491812 0.6640030889 0.7260745554 0.7254939752 0.734129052 0 0 0.6343876704 0 0 0 0 0 0 0.8440401358 0.8437715965 0.733493348 0.853724183
0.5398157377 0.6060856147 0.5986987424 0.6048156498 0.7614097168 0.5796462338 0.5175490355 0.5083397951 0.503766509 0.5090809257 0.8344366803 0.7719915638 0 0 0 0 0 0 0 0 0 0 0 0 0 0 0 0.7757876757 0.7798505243 0.7836238438 0.810250565 0.8000656645 0.8710452953 0.6471601737 0.8918547377 0.6432997297 0.5526522897 0.554609651 0.5528412621 0.5392379114 0.5435247824 0.5415173984 0.6757403159 0.6756993778 0.7524580441 0.5606459641 0.5942559261 0.5912179837 0.592007439 0.8767096789 0.8806411784 0.7445064684 0.7510750167 0.7429922798 0.6802553193 0.7441990865 0.7516063832 0.7537450127 0.8716113078 0.8740639772 0.696371496 0.7040694021 0.701838194 0.7613646347 0.6497868659 0.7330876646 0.5722767002 0.6680533333 0 0 0 0 0 0 0 0 0.8375521075 0 0 0.7055457792 0.7320627926
0.8733607224 0.8728118268 0.8661901827 0 0.7975425347 0.7939662644 0.51361299 0.5078147676 0 0 0 0.7798406886 0 0 0 0 0 0 0 0 0 0 0 0 0 0 0 0.7798410371 0.7784761125 0.7841765031 0.8823348172 0.8045493555 0.7995224082 0 0.7907427459 0.8785847534 0.8550734681 0.5607531821 0.5588455245 0.5464701439 0.5409536229 0.55266402 0.5240610554 0.5185222659 0.707290503 0.5612748588 0.5536638132 0.5598515861 0.8853618389 0.8806225827 0.8715125918 0.8784325558 0.8844704357 0.753969195 0.7509304323 0.7518466481 0.7491420828 0.7539334305 0.616547502 0.8685976902 0.8968829381 0.694563642 0.5040888555 0 0.7376101702 0 0.6777276313 0.6710256473 0.8794030388 0.5953103368 0.6644508448 0 0 0.6376506074 0.8625252881 0.7841145877 0 0 0 0.7395507638 0
0.8741544198 0.8641677472 0 0.7752175073 0.6271847827 0.5152201808 0.5083475093 0.5140220374 0 0 0 0 0 0 0 0 0 0 0 0 0 0 0 0 0 0 0.7916675968 0.7821597169 0.7864935137 0.7871671672 0.8900472519 0.7605494579 0.8071797836 0.7986289234 0.7931258109 0.5772513777 0.8812350599 0.679531835 0.566875758 0.6263541602 0.5447490879 0.7214410354 0.7265979149 0.8286485125 0.5209994642 0.8339902628 0.553786433 0.5568784522 0.8949517484 0.8706887329 0.8676370723 0.705780297 0.6150181208 0.8028941257 0.8380649712 0.8449809411 0.8355723105 0.8387701575 0.7017428733 0.6020115238 0.6988345086 0 0 0 0 0 0.5116459937 0.7294981796 0.5869592085 0.595339848 0.5891444544 0.6687710206 0 0.7300834714 0 0.727645317 0.73646999 0 0 0 0.7177799405
0 0.86711898 0 0.7715555748 0.7728007744 0.6928014532 0.8029555423 0.5221623225 0.55633825 0 0 0 0 0 0 0 0 0 0 0 0 0 0 0 0 0 0 0.625739568 0.7902228505 0.7214483257 0.7142472603 0.8763715198 0.8041525738 0.5815064537 0.5718072549 0.5679999069 0.8555924685 0.8265538758 0.8349718992 0.611196622 0.7264916283 0.5483302473 0.7176238834 0.6495661023 0.8282193668 0.6015796297 0.5602625594 0.5583777825 0.8773374353 0 0.8704463091 0.8719740367 0.7376573564 0.6847424178 0.6830592411 0.8301269554 0.8340427602 0.8372738277 0.8337336871 0.7061448073 0 0 0 0 0 0.5224450104 0.5151264565 0.5150604311 0.7176896581 0.589719099 0.6691638859 0.6874701231 0.6701699763 0.6865652019 0.7207969241 0.7868343414 0 0 0 0 0
0.6673637996 0.7625189912 0 0.7765541153 0.7767277855 0.7805290465 0 0 0 0 0 0 0 0 0 0 0 0 0 0 0 0 0 0.8977609799 0.8857829284 0 0.7986307092 0.8020138508 0 0.5824444912 0.7076095891 0.7073248077 0.8713711779 0.5781155947 0.573374414 0.5753777659 0.5671142016 0.6960431434 0 0 0 0.7239888784 0.6476012333 0.8293734135 0.504126001 0.6392650279 0.6419469364 0 0 0 0.6118007662 0.5810457225 0.5687261884 0.8479499564 0.8494489588 0.8305335826 0.8284780173 0.8306523642 0.8277138323 0 0.7002901769 0 0 0 0 0.7912903985 0.5188886003 0.6973914109 0.8163487101 0.7063865077 0.6818896061 0.6817571753 0.6807852307 0.7112176037 0 0 0 0 0 0 0
0.8307505773 0 0.7358169198 0 0 0.7310911634 0 0.7246537683 0.7250967799 0 0 0 0 0 0 0 0 0 0 0 0 0 0 0 0.6253932319 0.8025656955 0 0.7949676962 0.7262601318 0.5293302847 0.5604544464 0.5589378345 0.5521422731 0.862736812 0.8643870938 0.5382025531 0.8067021835 0.8165137883 0 0 0 0.72615166 0.7312799699 0.6418972685 0.6375016212 0.6330446497 0.5149843699 0.8852078619 0 0.8681531359 0.5783406219 0.5707594033 0.5748298169 0.5597274587 0.8344357191 0.8242305931 0.8217836612 0 0.8301510684 0.5275022521 0.8652496242 0.7029174122 0.7107805688 0 0.7221490206 0 0.8954600392 0.519345074 0.8297827088 0.6614349142 0.5727909044 0.6898690343 0.6898189161 0 0 0 0 0 0 0 0
0.8297223752 0.8374501283 0.8562600338 0.7316091987 0.7346494985 0.7311808678 0.7283717128 0 0.7337377454 0 0.7519275783 0 0 0 0 0 0 0 0 0 0 0 0 0 0 0.806355306 0.8003855838 0.7994016856 0 0 0 0 0 0 0 0 0 0 0.8148440198 0.8174510822 0.6291438563 0.7352591159 0.7370026 0.7383159153 0.6399706182 0.6420419965 0.6413066769 0 0 0 0 0 0.5763095495 0.8356730745 0.8297274573 0 0.8286398357 0.82891709 0.786395479 0.8402044225 0.8453054309 0.7122767473 0.7097724925 0.7151293922 0 0.7299023785 0.7146138699 0.8186265264 0.7555263194 0.5750697707 0.5797434759 0 0 0 0 0 0 0 0 0 0
0.7856023647 0.8390620366 0.7359858152 0.7399114137 0 0 0 0.7290513218 0.7383259297 0.7425187411 0 0 0 0 0 0 0 0 0 0 0 0 0 0 0 0.8009059426 0 0 0 0 0 0 0 0 0 0 0 0 0 0.6383753208 0.629882303 0.645746641 0.6394076669 0.744569523 0.8972784394 0 0.7343971983 0.7344081656 0.8762763644 0.8711814076 0.5780645079 0 0.576487696 0 0.8280551535 0 0.8320634926 0 0.830137109 0 0.8458658986 0.6201568814 0.617715111 0 0 0.7306855875 0.666388596 0 0 0.6972906714 0.6908709127 0 0 0 0 0 0 0 0 0 0
0.7952775938 0.7922773623 0.6564903717 0.6593182133 0.6712714624 0 0.6292199939 0.7481245382 0 0.7433140073 0 0 0 0 0 0 0 0 0 0 0 0 0 0 0 0.8034844772 0.5286629474 0.5188195966 0 0 0 0 0 0 0 0 0 0 0 0 0.6408622978 0.6396977284 0 0.8095765816 0.5939587887 0 0.7900426514 0 0.873594062 0.8801814666 0.5828540966 0.6754987788 0 0.5867899659 0.7034570242 0 0.6981646914 0 0 0 0.7363803337 0.5251407457 0.6122477588 0 0 0.705580636 0 0 0 0.7045529166 0 0 0 0 0 0 0 0 0 0 0
0 0.6204433691 0.5270202601 0.5324458532 0.8372902447 0.5932206926 0 0 0 0.764060765 0 0.8233293846 0 0.7879750993 0 0 0 0 0 0 0 0 0 0 0 0 0.5383217634 0.5421382149 0 0 0 0 0 0 0 0 0 0 0 0 0 0 0 0 0.8643398847 0.5085857263 0.5467748493 0 0.7902946569 0 0.8189471595 0.5951669194 0.5876407813 0.8459228875 0.7026354154 0.7024512406 0 0 0 0 0.7304609444 0.6131264603 0 0 0 0.5312119198 0.7130343764 0 0.7058050852 0 0 0 0 0 0 0 0 0 0 0 0
0 0.5442778153 0.8412066976 0.5262958743 0.5802087543 0.5887664447 0.5846544734 0.5885266686 0 0.7595355722 0.7608975956 0.5332715334 0.89343141 0.5324182437 0.6684214859 0 0 0 0 0 0 0 0 0 0 0 0 0 0 0 0 0 0 0 0 0 0 0 0 0 0 0 0 0 0.8513280671 0.8551400966 0.8533854979 0 0 0.790073405 0.7982138609 0.6297702214 0.621575239 0.7443298532 0.7383567964 0.6680615049 0 0.5785208996 0.680911632 0.7345002989 0.7311883104 0.6214012274 0.6212483721 0 0.7273288225 0.7267042536 0 0.5884069863 0 0 0 0 0 0 0 0 0 0 0 0 0
0 0 0.5282623122 0.533126964 0 0 0 0.872273538 0.7646505161 0.7676776906 0.8704632206 0 0.5789390805 0.8976661419 0 0 0 0 0 0 0 0 0 0 0 0 0 0 0 0 0 0 0 0 0 0 0 0 0 0 0 0 0 0 0.8534027161 0.8494167926 0.8506097251 0.858921687 0.6989550487 0.5633774651 0.5887898748 0.5333078819 0.548577932 0.781131325 0.8261403631 0.8277032473 0.8241297406 0.5794190217 0.5871779127 0.5090539143 0.6822830441 0 0 0.6697641581 0 0.5428728419 0.7361262488 0.5960662905 0 0 0 0 0 0 0 0 0 0 0 0 0
0 0 0 0 0 0 0 0.5306611237 0.8710288775 0.7152870589 0.8821444277 0.6451660763 0.5819753322 0.5724536927 0 0 0 0 0 0 0 0 0 0 0 0 0 0 0 0 0 0 0 0 0 0 0 0 0 0 0 0 0 0 0.8560936109 0.8552487103 0.8512643908 0.8524865438 0.8577516309 0.5921942688 0.8222816639 0.6167333984 0.5123736084 0.8247030199 0.8173784421 0.8210996714 0.8344840789 0 0.7264202843 0.7167256761 0.8429698331 0.6913382736 0 0.5247312054 0 0 0 0 0.7709442598 0.7689892538 0.7740756597 0.7744736389 0 0 0 0 0 0 0 0 0
0 0 0 0 0 0 0.7974499795 0.8954631959 0.724507037 0.8681708605 0.5225258691 0.6578130154 0.5836974707 0 0.5676655038 0 0 0 0 0 0 0 0 0 0 0 0 0 0 0.9075185844 0 0.6788777237 0 0.7595557141 0 0 0.8584948799 0.903735682 0.9051479128 0.5152021532 0 0 0.8505097684 0.859003153 0 0.8519562016 0.8516448357 0.8051765468 0.8316008236 0.8339636159 0.8528132511 0.67401403 0.8246505911 0.6358287753 0.817288848 0.8216764733 0.8283317939 0 0.7911460265 0.7926242651 0.7948404068 0.576201448 0.8642306961 0.5023463513 0 0 0 0 0 0 0.7651387309 0 0.822852102 0 0 0 0 0 0 0 0
0 0 0 0 0 0 0.6358898463 0.6350963562 0.7185077446 0.5315956847 0.6067714963 0.6661599454 0.6835439141 0.5767648335 0.5676272493 0 0 0 0 0 0 0 0 0 0 0 0 0 0 0.9160806523 0 0 0.7691222139 0 0 0.5305207562 0.5451486724 0.9069271471 0.8984935042 0.9039451703 0.6520497295 0 0.8823480222 0.5346942803 0.5330763344 0.713114771 0.8532186898 0.8547964678 0.8076162398 0.8149747996 0.6754680667 0.8539048548 0.682309296 0.6845258618 0.8183899984 0.8189835601 0.651562615 0.6555978906 0.6396856189 0.7853841342 0.5358192426 0.8998368273 0 0 0 0.5382723429 0.59514662 0 0.8307520301 0.8388906568 0.7739174796 0.5169863507 0.8289426866 0 0 0 0 0 0 0 0
0 0 0 0 0 0 0.6349010885 0.6437566688 0.7161380045 0.7098256023 0.7155496775 0.6947391488 0.5819588905 0.8466218936 0.848756386 0 0 0 0 0 0 0 0 0 0 0 0 0 0 0 0.7829082194 0 0 0.5289364227 0.5246396233 0.766615942 0.545143285 0.9017835237 0.8741220862 0.9011390958 0.7669133523 0.885240415 0 0 0 0.8559646998 0.8549229404 0.7488371769 0.7527773618 0.7082232281 0.705480982 0.6919249623 0.6877862492 0.8218557246 0.8263076719 0.8248050577 0 0.6464481815 0.8383429207 0.8318698374 0.7937592207 0.5270120626 0.7555991874 0 0 0 0.8544889646 0.8597046306 0.8518747417 0 0.7816079401 0.866680195 0.703445811 0.8300915682 0 0 0 0 0 0 0
0 0 0 0 0 0 0.6359973978 0 0.8774206004 0 0 0 0.8399195059 0.8652991592 0.8440550622 0.8457820754 0 0 0 0 0 0 0 0 0 0 0 0 0 0 0 0 0 0 0.7705126611 0.5291816389 0.541204133 0.8414291676 0.8407945856 0.848207913 0.6428296154 0.5123845431 0.516046121 0.7484558229 0 0.8573295076 0.7472598661 0.7437257398 0.7530996807 0.8942895407 0.7011841448 0.7031076523 0.7012735412 0.8280191154 0.8284332026 0.8279095604 0.8252354935 0.6398636543 0.6460160636 0 0.8387717252 0.8764372871 0.5338797839 0.5743547455 0 0 0.5772273755 0.8455683304 0.5099330644 0.6557466633 0.8516886333 0.8646021291 0.8582088959 0.7054977046 0.890893323 0 0 0 0 0 0
0 0 0 0 0 0 0 0.5011499166 0 0.8102735213 0 0 0.7668228219 0.8529890144 0 0 0 0 0 0 0 0 0 0 0.8137367365 0.6172261765 0.6160982785 0.568347222 0.7422786947 0.5845205191 0 0 0 0 0.7637322002 0.5470426016 0.5583096538 0.5373596155 0.8387513837 0.5391225309 0.6391523653 0.6451809877 0.5430719679 0.7418947429 0.7407838069 0.5060873649 0 0.7511280613 0.7459558661 0.7617440803 0.8932412913 0.6995597835 0.7028868933 0.8934424073 0.8503307289 0.8717222183 0.7710414357 0.7683227864 0 0 0.7706086873 0.5372734282 0.7183268499 0.5178802685 0.5706121013 0.7137339971 0.5757241336 0.501957378 0.852255492 0.8937151311 0.8442014431 0.8636571759 0.8606941456 0 0 0 0 0 0 0 0
0 0 0 0 0 0 0 0 0 0 0 0 0 0.8552851293 0 0 0 0 0 0 0 0 0 0 0 0 0 0.5375030626 0.5770572356 0 0 0 0 0 0.8347795121 0.5670102481 0.5364692547 0.5361076153 0.534363486 0.5377482456 0.5839952573 0.5430229727 0.5445244281 0.7404735477 0.7380080362 0.7425795179 0.5631073979 0.5575649016 0.5565798843 0.905089291 0 0.7001507472 0.7068125829 0.8185649636 0.8167792713 0.8196893511 0.7774539247 0.7708050325 0 0 0 0.9072993608 0.7538246715 0.9022487501 0.5749801072 0.5702995961 0.5091755305 0.5822610876 0.5078737716 0.5317815019 0.8462644155 0.8662791833 0.5193232318 0 0 0 0 0 0 0 0
0 0 0 0 0 0 0 0 0 0 0 0 0 0.5454075162 0.594880913 0 0 0 0 0 0 0 0.8037637788 0.794973001 0.8038150799 0.5815978155 0.5777331201 0.5766252851 0.5841567621 0 0 0 0 0 0 0 0.5383863752 0.5345936408 0.5356023157 0.5407898146 0.5430827678 0.5401059379 0.6228073805 0.7445748779 0.7412127582 0.6049657241 0.5622018537 0.564799431 0.5573642183 0.7912161277 0.6641321803 0.572020384 0.8273555241 0.8139887367 0.8122769201 0.818293755 0.7592948079 0.578326268 0.5779668072 0.574392089 0.8992522434 0.9098653882 0.9008580154 0.9069046308 0.5836843763 0.5722582838 0.5800303827 0.5788202322 0.5737673991 0.8457526723 0.5227258415 0 0.5218713347 0 0 0 0 0 0 0 0
0 0 0 0 0 0 0 0 0 0 0 0 0 0.5433705779 0.7218558264 0 0 0 0 0 0 0 0 0.8009351158 0 0.5784447789 0.8461137512 0.7240950187 0 0 0 0 0 0 0.8278415038 0.7452344953 0 0.7369166949 0.5392115214 0.5395354884 0.5336719314 0.547816535 0.7093722165 0.6641120537 0.5922849472 0.5816376453 0.605041817 0.5583581947 0.5641883122 0.5155957325 0.7263526757 0.5717494456 0.8599992723 0.817969925 0.8212271745 0.8175506209 0.7432913593 0.5894740582 0.5740956983 0 0 0 0.9036231449 0.9013419608 0.5561898765 0.5642611581 0.5128517772 0.7725022594 0.7905842436 0.5493944332 0.5561440738 0.5299761001 0 0 0 0 0 0 0 0 0
0 0 0 0 0 0 0 0 0 0 0 0.5774283913 0 0 0 0.88459969 0.7311467965 0 0 0 0 0 0 0 0.8504982591 0 0.6196891936 0.6228863551 0 0 0 0.5870037239 0 0 0 0.7908834611 0.7418439818 0.6044868681 0.7090919372 0.7119296988 0.7013625406 0.7054213989 0.622468838 0.6029419576 0.6040933388 0.6019667624 0.6077514414 0.7634072044 0.5859975997 0.9180229193 0.7883604938 0.6603675018 0.5767358165 0.8245051561 0.800827767 0.8734039923 0.5869714198 0.583519453 0.5812321773 0.6993835871 0 0.9027966492 0 0 0 0.8329769168 0.6803650551 0.671928442 0.5382958795 0.5373437514 0.5556349764 0.6478421482 0.5363747706 0.7037901789 0 0 0 0 0 0 0
0 0 0 0 0 0 0 0 0 0 0.7723976876 0 0.6737596966 0.6661424524 0 0.5082542946 0.8797900137 0 0 0 0 0 0.8307116029 0 0 0.5570118505 0.5508578078 0.7580297627 0.8455490022 0 0.6126412939 0.5832417213 0.5867315328 0.5919721423 0.6055795314 0.7922641563 0.7842202938 0.7129167104 0.7095782277 0.7037638047 0.5266411961 0.6143205408 0.6193590102 0.614780009 0 0.6045071768 0.6088799248 0.6155324873 0.5778636946 0.9085843189 0.7939237613 0.5592664999 0.8525032307 0.8031246 0.6747650464 0.5870576426 0.5932351189 0.5831492959 0.7083161511 0 0.7299016 0 0.6849967965 0.7016963868 0.8220097615 0.8277682194 0.5277243105 0.5362316397 0.5351592822 0.5409087888 0.7734438051 0.6746402501 0.7159946302 0.7522486062 0 0 0 0 0 0 0
0 0 0 0 0 0 0 0 0 0.7720861708 0 0 0.6680398984 0.6645644679 0.6699028104 0 0 0.5818564677 0 0 0 0 0 0.7953392208 0.87538674 0.5508198049 0.5563638947 0.7665835675 0.7577391799 0 0.8688731466 0.7764708399 0.7735646744 0.5968972842 0.5999114802 0.7907754971 0.7077577572 0.7150006445 0.7909567008 0.5841852297 0.6229560199 0.6163753287 0.6135810136 0.6011664218 0.6073071151 0 0.5808084064 0.5714439647 0.5748115607 0.9047425647 0.8998422974 0.5111296844 0.8456073679 0.8543158809 0.8526789893 0.856749737 0.8517789899 0.7149562347 0 0.6260330837 0 0.6827418297 0.6866682569 0.6080088233 0.8202630871 0.5339702807 0.6705650692 0.5348604347 0.5354763232 0.5326701525 0.6702826172 0.7085852925 0.5374280838 0 0 0 0 0 0 0 0
0 0 0 0 0 0 0 0 0 0 0.6517864907 0 0.8679888466 0 0 0 0 0 0 0 0 0 0 0.7955860446 0.7930032865 0 0 0.7596560385 0.76740039 0 0.8591272167 0.7800933784 0.5976193223 0.7800305639 0.7363825422 0.827415285 0.8218598775 0.8224575519 0.8278029969 0.6383853256 0.579892139 0.6164302234 0.6863562074 0.6232656371 0.6119680979 0.6107570292 0.606076722 0.5760529018 0.5680550248 0.90035463 0.7658627818 0.6292867055 0.8632184478 0.8538018154 0.8526723013 0.8557426887 0.8511725485 0 0 0 0.6240443036 0.6769422093 0.6779158359 0.678280754 0.6253890391 0.5357007766 0.5347699673 0.5309980044 0.5386997683 0.5275281958 0.5388312145 0 0 0 0 0 0 0 0 0 0
0 0 0 0 0 0 0 0 0 0 0 0 0 0 0 0 0 0 0 0 0 0 0 0 0.7968018658 0.8013925494 0.8093421733 0.7272891484 0.7692253958 0 0.7256462201 0.7282962155 0.5389344067 0.6026514808 0.8291608846 0.8252766788 0.7191506777 0.8203457117 0.8271347177 0.5478998447 0.8216864484 0.8139578834 0.7022114378 0.6024912671 0.5403360348 0.604214125 0.60960653 0.5772011853 0.5724616923 0.5698337414 0.6317902299 0.627117601 0.8615201384 0.86111103 0.7532697183 0.8479486581 0.8529630487 0.8624921618 0.6118486723 0.6147442041 0.6146312202 0.6277876808 0 0 0.5419228039 0.5442791787 0.5359827999 0.53202533 0.5320491516 0.5382035445 0 0 0 0 0 0 0 0 0 0 0
0 0 0 0 0 0 0 0 0 0 0 0 0 0 0 0 0 0 0 0 0 0 0 0 0.7834923385 0.7813671555 0.6783812814 0.5118009347 0.6222604293 0.7308153309 0.8790202864 0.7234315209 0.8448588325 0.6069710741 0.6025182701 0.8805096204 0.8294621574 0.5289075662 0.8274526711 0.5262822789 0.5428644411 0.8162969112 0.8094174447 0.5850276051 0.6043491171 0.6131009026 0.6062380502 0.8122946439 0.5514933192 0.8497396629 0.6321747218 0.6284858762 0.8634682483 0.8693084936 0.8500639613 0.6085739164 0.8481010494 0.876929157 0.6122698455 0.6078417225 0.6089638047 0.6316000943 0.6281595125 0.6378358723 0 0.5481581251 0.6090157768 0.5858688126 0 0.5335176245 0 0 0 0 0 0 0 0 0 0 0
0 0 0 0 0 0 0 0 0 0 0 0 0 0 0 0 0 0 0 0 0 0 0 0.7215238434 0.7799097441 0.7839550729 0.6740344627 0.6725105576 0.7254279739 0.7282504468 0.5138708049 0.8586907692 0.8546120843 0.6115024428 0.6108182699 0.681656758 0.5294303581 0.820823693 0.6783242011 0.5319267415 0.5306037854 0.5353428821 0.5325248059 0.6477975655 0.8789048263 0 0.5769247455 0 0.8117652804 0.8206729585 0.5624368232 0.6106782266 0.5518853659 0.5482701049 0.6280450612 0.8129689595 0.7687328325 0.8060733187 0.6134838433 0.6166288285 0.63755204 0.899614454 0.9030824546 0.9016230496 0 0.5515642438 0.5992757508 0.6002519361 0.5908170885 0 0 0 0 0 0 0 0 0 0 0 0
0 0 0 0 0 0 0 0 0 0 0 0 0 0 0 0 0 0 0 0 0 0 0.7965598348 0.7881170399 0.6795424521 0.6664499105 0.671657627 0.6644737945 0.7247160443 0.7203589938 0.7233100517 0.5155351691 0.6824265243 0.650793446 0.6204436116 0.6285215092 0.6308163406 0.6804678919 0.669545363 0.6687063428 0.5412327559 0.5404135526 0.8609578866 0.7228096518 0.7282168906 0.8853456144 0.8136305967 0.8115498986 0.812858318 0.6215094276 0.6122907246 0.6202577465 0.5464581956 0.6279080023 0.5511498829 0.8087430566 0.8799593715 0.8006751076 0.809461865 0.7650809302 0.9028927099 0.8970698869 0.8940095408 0 0 0 0.6850839746 0.6849824163 0.5312164624 0.5316437013 0 0 0 0.7427346073 0.8612549256 0 0 0 0 0 0
0 0 0 0 0 0 0 0 0 0 0 0 0 0 0 0 0 0 0 0 0.7974175425 0.7998590521 0.7932314155 0.6507902523 0.7935230959 0.6696317411 0.677109275 0.6645132268 0.7264922655 0.5732755564 0.8375573163 0.6872684489 0.6282533171 0.6266376066 0.9025692791 0.8986767443 0.8988624042 0.630820083 0.6640453823 0.6729998394 0.686729307 0.6869073321 0.7293456176 0.7240434816 0.7313714395 0 0 0 0.8414180313 0.735846001 0.7307491856 0.7730140051 0.5517629741 0.5470722421 0.5521924381 0.8020296287 0.799633984 0.8059507868 0.5686073979 0.6239386662 0.5708425609 0.8622282435 0.8899064599 0 0 0.6821458241 0.6848638719 0.6883080122 0.5345621679 0 0 0 0 0 0.8510298229 0.7438924036 0 0 0 0 0
0 0 0 0 0 0 0 0 0.5616743228 0.6445525735 0 0 0 0 0 0 0 0 0 0 0.7997438361 0.7965645056 0.8025348919 0.7961766658 0.6521315016 0.6779477238 0.6705412428 0.6908922576 0.8691256571 0.8466419708 0.6753634656 0.8388999057 0.8878800527 0.8949951559 0.8928441458 0.8932690698 0.895403287 0.9076119885 0.6696075168 0.6671696776 0.6816846141 0.685333485 0.7258497496 0.7367346452 0.5610220121 0.7106587893 0.7170794453 0.7222103605 0.6988515115 0.7273540937 0.5417094484 0.5472595671 0.5549540107 0.5559962158 0.5513846448 0.5357550387 0.8091261065 0 0 0.5674135279 0 0 0.8686309162 0 0.8805326853 0.6757321368 0.6760409023 0.6903928689 0.5329964873 0.5579496954 0.534103321 0.5341440804 0 0 0.7564187634 0.7467990377 0 0 0 0 0
0 0 0 0 0 0.5766726753 0 0 0.5633247631 0.5626049439 0 0 0 0 0 0 0 0 0 0 0 0.8109718642 0.8063934367 0.8096400349 0.735782344 0.7327295907 0.8438614645 0.7254255025 0.692711126 0.8266804514 0.8982837141 0.8854345382 0.8942970172 0.7787788004 0.8963285831 0.8993742021 0.8998266892 0.6396711428 0.6383652306 0.6385577294 0.6887842079 0.6860455393 0.5436768908 0.5431703104 0.7208211067 0.5574640701 0.7093663655 0.7469987431 0.7362329139 0.7337524904 0.7363337822 0 0.5554147031 0.5532233029 0.5580159328 0.5373859326 0.7365553621 0.5774276334 0.5750128109 0 0.7385045348 0.7395924676 0 0 0.8294635996 0.6856415018 0.6793730193 0.5598176773 0.5572183987 0.5583183136 0.5405835631 0 0.6362679958 0.7680942055 0.6157364587 0.7472780778 0 0.8981380003 0 0 0
0.5403868835 0 0 0 0 0.5725475029 0 0 0.5656607281 0.6496785711 0 0 0 0 0 0.7168009476 0 0 0.7413774443 0.8588789069 0.8679161645 0.8658685896 0.8615994297 0.8508125899 0.7424580082 0.7269097425 0.7243970879 0.7196082759 0.7933649774 0.8248464942 0.8884457148 0.888370491 0.8893277753 0.8967521665 0.9055723173 0.8991324761 0.6406053164 0.6347199273 0.6364071773 0.6297997416 0.6351711375 0.5498241438 0.5420546966 0.5474129367 0.7134108496 0.7128251691 0.7414360549 0.7372192161 0.7418105801 0.7448425478 0.8795117019 0 0.6453302754 0.7199702706 0.5596985367 0.5584332577 0 0 0 0.7464457857 0 0 0.7425694072 0 0 0.7123368758 0.6874439118 0.5660871835 0 0.5641860444 0.6324166371 0 0 0 0 0 0.7033667336 0 0 0 0
0 0 0 0 0.8893058543 0 0.5479669997 0.5561410338 0.5637248272 0 0 0 0 0 0 0.64093303 0 0.719378998 0.7299305295 0.620176909 0.6130326991 0.8503165455 0.8589284987 0.8573022158 0.728502484 0.7241674785 0.7186506587 0.7210253268 0.8064588222 0.814855892 0.8172054561 0.8979889318 0.5840996276 0.9070815276 0.9072311653 0.6423114588 0.6414718569 0.6383746929 0.6288206278 0.6324435835 0.8741533974 0.5516827715 0.5484607521 0 0.7140930658 0.557294223 0.5206445472 0.7378407522 0.7420236612 0 0.8141843767 0.7948753544 0.5299544729 0 0 0 0 0.7070734508 0 0 0.7483802391 0.5632065776 0.8406161354 0.8322941586 0.8350848438 0.8291886338 0.7212333429 0.7390817795 0.593004886 0.6341484887 0.8290126241 0.6896650791 0.6855500232 0.847229533 0 0 0.7076277472 0.7030787344 0 0 0
