landscape/hab_quality/256/simulation_000017_p067_h049_HABMAT_patch_more_500pix_modified.asc_ac_0.5_quality.asc
NCOLS 513
NROWS 513
XLLCORNER 0
YLLCORNER 0
CELLSIZE 9.980507
NODATA_VALUE NaN
[rows 140 to 167 of 513, columns 189 to 251 of 513]
0.8002738846 0 0 0 0 0 0.7990834763 0.7115330771 0.7087472622 0.6466491563 0.8244635281 0.8232396856 0.8223589295 0.8184507161 0.8169773969 0.8217861485 0.6401501489 0.6381339427 0.8093787421 0.7040991187 0.5995937639 0 0.7062784096 0.8633594768 0.8603878114 0.8674749184 0.6785548663 0.870521966 0.8711043552 0.634463363 0.6336706195 0 0.6292389017 0.6286161394 0.8058575634 0.5833828705 0.5876113331 0 0.8044820503 0.8093466755 0.5421346404 0.5486184752 0.7943710102 0.6036282741 0.7995294759 0.6597189519 0.6517163046 0.651262306 0.6495279368 0.5361479578 0.8371947924 0.7999486636 0.8396356654 0.8488726971 0.6274862915 0.6385913794 0.8153089733 0.6365090494 0.5494808782 0.5579406061 0.727319122 0.7210688236 0.7829860934
0 0 0 0 0 0.8231297351 0.80586839 0.7164217501 0.7084052231 0.7130328162 0.7183101707 0.825485386 0.8223925845 0.8137542451 0.8172866939 0.8176123012 0.8191179283 0.6483586166 0.8277232832 0.7992684737 0.6252592863 0.8710586984 0.8665339041 0.8577803122 0.8637569646 0.8658587383 0.8713448535 0.5816861384 0.7954045313 0.6387280203 0.633926684 0.6240735183 0.6227615303 0.6234868248 0.6337737196 0.5886791507 0.5823333237 0.7018961126 0.6277080456 0.8040269917 0 0.7953250063 0.8000600415 0.5944913429 0.8980249134 0.6604185178 0.656832208 0.6474977961 0.655586856 0.8436892529 0.8374920683 0.8150207508 0.8406075381 0.8422714331 0.5293931162 0.590510598 0.6014145779 0.7521224882 0.7541534327 0.6401875409 0.7278982189 0.6224057272 0.7819610526
0.6592643465 0.5616226807 0 0 0 0 0.7201539604 0.7160611388 0.713575033 0.7129924118 0.7209289558 0.82480091 0.8188804135 0.8171609082 0.8265552129 0.8132423789 0.8172289267 0.8187524798 0.8216222484 0.62122782 0.6257735181 0.8700094104 0.8621277609 0.8647962073 0.8579404138 0.8594616915 0.8670270304 0.5346188763 0.5435125881 0.5701964022 0.6304030656 0.6243772011 0.6292548871 0 0.5899895362 0.5844204632 0.5908538279 0.5827732928 0.7793419712 0.8005767036 0.5870497658 0.5720890173 0.5276916919 0.6204469416 0.6546866845 0.6665255795 0.6545177026 0.6507675514 0.6508702673 0.62495576 0.6469106873 0.5627376911 0.5705857171 0.7398819164 0.6842382509 0.7337848364 0.7397858963 0.7481699581 0.753632697 0.7580404865 0 0 0.5382108392
0 0 0 0 0 0 0.7199205161 0.5505620464 0.6454629426 0 0 0.577624366 0 0.8218676426 0.8234284407 0.8210547033 0.8121561853 0.8116803016 0.8174109971 0.7864450661 0.6305471506 0.6442333979 0.8408469239 0.8626108931 0.8568887672 0.8628252456 0.8181372137 0.8592518409 0.8609569554 0.7625963962 0 0 0.6314475619 0.6368941867 0.6139954371 0.5864884296 0.5864360441 0.5804912803 0.5797166509 0.5832354807 0 0.5805067642 0 0.8492944745 0.7899575926 0.7886755368 0.7962305342 0.656842428 0.6532600833 0.6544575645 0.6481842096 0.6492030323 0.834686968 0.7288897607 0.601922663 0.7496374577 0.7492860048 0.749700579 0.7381365667 0 0.7556884742 0.7584394023 0.7678458981
0 0 0 0 0 0.723529254 0.8354997355 0 0.5723697745 0.5671552033 0.5684003068 0 0 0.8325951155 0.8280397801 0.8209340301 0.8195988212 0.8194581655 0.8150364148 0.8425758832 0.708512962 0.8340813746 0.6022624071 0.5014353885 0.7691472325 0.8623166033 0.863688396 0.696247489 0.8589681084 0.7813532975 0.6495577054 0 0.6392218458 0.6414771747 0.6371089811 0.5357800678 0.537306385 0 0.5740814299 0.5743114318 0.5703029168 0.5795099009 0.5773462651 0 0.7865047691 0.7869257811 0.5255068194 0.5301409331 0.7973394788 0.7721917021 0.8370007531 0.8703121745 0.8422819961 0.8376710864 0 0.754315553 0.5607167327 0.8433537819 0.5627480682 0 0.7568787373 0.6243473273 0.8608955645
0.7076278398 0.5679639088 0 0.8678783006 0.8677835208 0 0 0 0.5842409974 0 0.7629756342 0.7601303763 0 0.5677216396 0.7076665094 0.8197244388 0.8217728673 0.8215336531 0.8341711417 0.5830234598 0.77295358 0.5766745812 0.5710775316 0.5714129293 0.5765067001 0.5200677124 0.8575228406 0.5929089625 0.6660834251 0.8410758116 0.6544200175 0.6981682623 0.6448550886 0.6427063709 0.5370692081 0.5342725508 0 0.5264601418 0.5726504269 0.5691476737 0.563837346 0.5705324049 0.5712582367 0.5794434656 0.7855612744 0.790791603 0.7900092875 0.5202663023 0.5265209113 0.6555495776 0.8688801223 0.8291880999 0.6137656351 0.8629820773 0.746871877 0.7840565077 0.7546287077 0.5235710516 0.839484239 0.5582486716 0.7935926828 0.7733636251 0.7766083715
0.7354647901 0.7221898665 0 0 0 0.6251466647 0.6244638328 0.6316958286 0.7662577014 0.7617449897 0.7577270806 0 0.5690962622 0.5759346952 0.5575346313 0.8205268796 0.8806698208 0.8304431606 0.8306142268 0.8389803069 0.8287955569 0.5668659254 0.5669709031 0.56438744 0.5638522454 0.6338011185 0.6748430256 0.6563772201 0.659248754 0.8608781582 0.5918732597 0.641172915 0.6670153812 0 0.5301079115 0.5272320216 0.5284619101 0.5433119788 0.5763671753 0.5698100189 0.5614899996 0.5634968011 0.5723668474 0.5809075859 0.78590501 0.7862825458 0.6416818055 0.5257293275 0.5227379289 0.5353335739 0.5238569167 0.8746471522 0.8309490003 0.5644198045 0.5595550216 0.5841797412 0.7553956618 0.8570235336 0.8536148635 0.8622857043 0.8577154724 0.7746404234 0.7674864193
0.5147670776 0.7328182282 0 0 0.8377158894 0 0.6242551937 0 0.7705440037 0.7621587285 0.859222538 0.7606592038 0 0.7687511598 0.5679080229 0.8032099905 0.8367732121 0.8401087683 0.8359197621 0.8369636569 0.7284357028 0.5658526662 0.5587429857 0.5594491307 0.5645962662 0.5714801963 0.660381777 0.5547057898 0.6576039462 0.6270994062 0.6852460344 0.6809099463 0.804982299 0.7894132238 0.5309977887 0.5345386054 0.5339799504 0.5394327121 0.5698619662 0.5654105284 0.5697724335 0.5672415498 0.5904704363 0.8251307938 0 0.7951069991 0.6476490545 0.6446729245 0.7988919957 0.8002828403 0.7105066045 0.8937165953 0.8875626817 0.6757217908 0.8426616458 0.5685926879 0.5514336704 0.7189160322 0.8530534746 0.8539157298 0.7923687461 0.7711497408 0.7680333908
0 0 0 0 0.645998995 0.633619618 0 0 0.7685802101 0 0.7667911251 0.7743339916 0.7609829943 0.7632931121 0.5835886411 0.6541914274 0.6540558706 0.6527362586 0.6503288993 0.841326702 0.8422796109 0.5610303701 0 0 0 0 0 0.6301561638 0.5310922587 0.8158914828 0.6762223139 0.6832209486 0.5449591442 0.6080579048 0.5435932038 0.5384185892 0.5401707432 0.5416751542 0.7594295179 0.5686061827 0.5676106024 0.7691126211 0.8417437489 0.8440213516 0.627707901 0.8481157887 0.5001218007 0.531936483 0.7453115692 0.7967010616 0.7972971661 0.8719577074 0.5713685365 0.8134422529 0.7082584358 0.8139059992 0.5670925433 0.5659880163 0.5616556732 0.8579009816 0.7697655353 0.5810210306 0.8303794624
0 0 0 0 0 0 0 0 0 0 0.7751612669 0.7746457366 0.7693982505 0.7639376576 0.7719303393 0.6569968981 0.6475355954 0.6470706308 0.6476985278 0.6534029398 0.5265673884 0.5675385691 0.7667916396 0.7613077427 0.7693288121 0.8435983231 0.5885671791 0.602763205 0.5624325707 0.5429008594 0.8694342864 0.8228396856 0.5481499057 0.5441800506 0.553181552 0.5479775992 0.5449582811 0.5419093466 0.5621168269 0.5136732821 0.8374462191 0.8094015344 0.836797648 0.8397070252 0.8444240778 0.765267163 0.8814761907 0.7627310531 0.8013488461 0.6840923633 0.7974178556 0.5765195547 0.5923909288 0.8568237471 0.7409317076 0.5672023385 0 0.5608793652 0.5655087383 0.8310019431 0.8137777034 0.816359035 0.5846651435
0 0 0 0 0 0 0.7076075941 0 0.6640808207 0.881709527 0.884093238 0.7823426835 0.7907202792 0.7730475034 0.5525467356 0.6561016259 0.6511981059 0.6496233572 0.6475677997 0.6479228521 0.7944814575 0.6263093089 0.7654070355 0.7616945246 0.7625220899 0.5214865479 0.5279037957 0.521600291 0.5372213736 0.5401578281 0.5387606927 0.5429409727 0.5388848456 0.7575400444 0.7599386647 0.7663201991 0.6659058049 0.5158271715 0.5059405368 0.5128669987 0.5484228256 0.5436144657 0.834542555 0.8374973947 0.8432890433 0.7626879031 0.7618141478 0.7656915449 0.5097363536 0.8344656441 0.5921373236 0 0.7367804527 0.7387857928 0.7396657893 0 0 0 0.7373770215 0.6890951836 0.5353880322 0.8102873913 0.7662189169
0 0 0 0 0 0 0 0.7068954389 0.7066085475 0.7064690946 0 0.8744417163 0.6172206602 0.7299884508 0.8531982491 0.6600758131 0 0.7398729376 0.7006892313 0.7472942706 0.5270573126 0.5328022739 0.5247724338 0.7714503829 0.764732095 0.600150081 0.5207775959 0.7871847127 0.7719533976 0.5368883342 0.5360017472 0.5312872907 0.5366539286 0.6595858287 0.6561814392 0.6600007557 0.6661475492 0.6260198411 0.5068386821 0.509729313 0.5465402088 0.8376011207 0.8398296776 0.838678065 0.8437668034 0.7652546946 0.7618127477 0.7649623139 0.8264431444 0.8280954715 0.5989796219 0 0 0.7416473861 0.775934431 0.7793031402 0 0.6885070377 0.6810723744 0.6877060258 0.8642671075 0.8631371621 0.8592975638
0 0 0 0 0 0 0 0.7086569909 0.7005197536 0 0.7128887913 0.7357217308 0.714600237 0 0.7262326511 0.7351342865 0.7464134979 0.7394373059 0.7375196364 0.5756453292 0.5288042389 0.5239769638 0.5303286981 0.7944456601 0.5561593397 0.5301708141 0.5307690069 0.5215911016 0.8364910822 0.8301581515 0.5357722177 0.5297064177 0.5321117911 0.5322524782 0.6534180691 0.6628362672 0.5658731814 0.8583781989 0.8068528737 0.5164725409 0.7490600984 0.7469355788 0.7452580581 0.7493962223 0.8414141781 0.7704925538 0.8239168743 0.8192782354 0.8182041085 0 0 0 0 0.6352982492 0.585951002 0.7750727462 0 0 0 0 0.862611317 0.8589766968 0.5368987473
0 0 0 0 0 0 0 0.7076415785 0.7003012034 0.7062131756 0.8839110921 0.6525748685 0.824772709 0.7314273599 0.7341182138 0.7351888295 0.8747458736 0 0.7463836476 0.7469144149 0.527350854 0.5303536312 0.5323250995 0.6207505101 0.625611129 0.6257609793 0.6225284214 0.6236282292 0.831238423 0.8373166987 0.5363344249 0.5282710809 0.5293862097 0.5299571613 0 0.6603997994 0.6647961084 0.5363669582 0.7940365996 0.6173949236 0.7459427224 0.7405478347 0.7414498007 0.7507074266 0.7486476923 0.8311705562 0.826543301 0.8180551501 0.8240679802 0 0 0 0.774120456 0.7668128587 0.7661865997 0.5052381556 0.6511227994 0.8676016831 0.8621002106 0.8694691046 0.8659447363 0.5340938312 0.5316431534
0 0 0 0 0 0 0 0 0 0 0 0.8188402174 0.8184167051 0.6117422947 0.8728374462 0.8695112334 0.8712060535 0.8058385292 0.8014274125 0.8042741772 0.5314134235 0.6633413646 0.7057902238 0.6196286623 0.6260987887 0.6202866951 0.622910165 0.6170643795 0.8470606361 0.8428644701 0.6678507319 0.5292866371 0.5369323208 0 0.549853776 0.6675269539 0.5782866651 0.5250055052 0.7483268727 0 0.7437089089 0.7397526461 0.7492061564 0.7473892178 0.7556828417 0.7630016937 0.8228078962 0.8252945599 0 0.7415125634 0.7992673113 0.7183220837 0.7674871384 0 0.7727172488 0.8665189594 0.866220507 0.861374494 0.8623237855 0.8647644402 0.8919170612 0.5353698053 0.5297676994
0 0 0 0 0 0 0.8624094356 0.8975180454 0 0.6850456589 0.6927650711 0.8120184966 0 0.7480609233 0.5983356331 0.8151597514 0.6377814981 0.7836825591 0.5380767982 0.7265175141 0.729469445 0.6725995496 0.625725284 0.6224136175 0.8843673466 0.6149845935 0.6134160601 0.6184114909 0.6218134361 0.8602500057 0.5312895592 0.5428693249 0 0.5404574668 0 0.5516295168 0 0.7736040582 0.7847392624 0 0 0.7401165776 0.7464646322 0.7485616278 0.7522446493 0.7566871999 0.7045275528 0 0.7506929995 0.7445754689 0.7449336427 0.8212774438 0 0.7196423232 0.7807008056 0.773274449 0.8690613343 0.8650475562 0.7680555521 0.7629463703 0.6142153732 0.6161300586 0.5328553377
0 0 0 0 0 0 0.8652888863 0.8675186378 0 0 0 0.7393567794 0.7451012151 0.7480838406 0.7461215297 0.8237941329 0.5847691681 0.5262527761 0.8206495668 0.7178433004 0.7209411931 0.5767517927 0.7282475685 0.5107475352 0.6190117756 0.5767451242 0.6057228058 0.6219835213 0.8555981281 0.5705624083 0.7465017608 0.7407485908 0.5490045212 0.541390006 0.541050834 0.6755484931 0.6758695374 0.6697832659 0 0 0 0.7474301291 0.7490439532 0.7545382898 0.577356391 0.7109445102 0.7031444132 0.706399104 0 0.7034165811 0.8186089696 0.8048256934 0.5487594175 0.5208335894 0.5238588961 0 0.7903384969 0.6918779905 0.6862797589 0.6066971608 0.6061693239 0.6061743219 0.5430056956
0 0 0 0 0 0 0.8772950075 0.8763333788 0.8736233966 0.8740842935 0.6000816313 0 0.738360904 0.74016634 0 0.7413426681 0.8193759006 0.818992418 0.7234448057 0.7135632122 0.6794604867 0.7277855907 0.8281517732 0.8964337528 0.7646935417 0.9021472083 0.9039499411 0.894913202 0.6242247415 0.8650317665 0.7490733743 0.7466020308 0 0.5426613447 0.5434547106 0 0.6685767484 0.6119602355 0.5025619504 0 0.7268454319 0.7515450123 0.7495689202 0.7522849318 0.8585180423 0.7049407073 0.7046116478 0.6964139771 0 0.6936135698 0.6335904019 0.8217837027 0.8762154551 0.5157703161 0.5138934242 0.7885360144 0.8937823264 0.571817612 0.8481199609 0 0.6640374084 0.6135301653 0.5891742268
0 0 0 0 0 0.5111395566 0 0.6455530254 0 0.6400783538 0.5666434146 0.7422751172 0.7391702086 0.7378741592 0.7396052242 0.7476378064 0.8116918718 0.817428788 0.7221089313 0.6611245025 0.7173798849 0.7228659321 0.6614042702 0 0.8947811576 0.8917410621 0.8952010821 0.9042675889 0.5247501247 0.6152616376 0.6103165537 0.6099659318 0.8415613541 0.5138869144 0 0.5390323895 0.6904633043 0.8336421949 0.8620315623 0 0.6114705878 0.6151538983 0.6114409686 0.6168710529 0.7576408828 0.7949575392 0.6227796376 0.6226470483 0.8265734155 0.7159565291 0.6991080503 0.8965887127 0.8415018229 0.5189141601 0.5147606544 0.5237808846 0.5399812746 0.5746858438 0.5799115308 0 0 0 0.7173763776
0 0 0 0 0 0 0 0 0.6379970961 0.7319563732 0 0.7484272465 0.7451134373 0.7473491519 0.7393521441 0 0 0 0.6898993297 0.5733862184 0.5658875813 0.5610705176 0.5662435578 0.6576582104 0.6650708966 0.8881368218 0.8900691978 0.8893672556 0.8492541933 0.8397654819 0.6064796851 0.5229097629 0 0.8745463426 0 0 0 0 0 0 0 0.6063543501 0 0 0.6399874109 0.6262564334 0.6166672572 0.6154156907 0.6166293984 0.8128234793 0.8167261054 0.8263636233 0.5402218716 0.5400557424 0.537946367 0.5337998486 0.5386310916 0.7406519897 0.6374943755 0 0 0.7182172936 0.7580642301
0 0 0 0 0 0 0 0 0.6477347018 0 0 0 0.5829198853 0.5846322252 0.6791911828 0.6784330809 0.6791727469 0.6832438629 0.5034461221 0.565466192 0.5646296141 0.559412703 0.5622833815 0.6667198582 0.6600026159 0.6552378874 0.8821713548 0.6576517793 0 0 0 0 0.7049480011 0 0 0 0 0 0.7250044448 0.7305432284 0.7306818029 0.7282922256 0 0 0 0 0.619346255 0.7674680837 0.6254019453 0.8124685153 0.8091550778 0.8254954485 0.5356479352 0.5355624684 0.5303020364 0.5334891244 0.5358276803 0.5176109039 0 0 0 0 0
0 0 0 0 0 0 0 0 0.6484574272 0 0 0 0.5826749155 0 0.670529903 0.6748480427 0.6758474443 0.6847576514 0.6852240188 0.5657262987 0.5684102799 0.6119627493 0.5631933829 0.7130967386 0.6646554133 0.655209147 0.6493464655 0 0.6561634827 0.664811719 0 0.6610664909 0.6985681516 0 0 0 0 0 0.8241769437 0.7344418511 0.7278261825 0.7305361806 0.7306088643 0 0 0.6268766063 0.8179876865 0.818442945 0.8098331734 0.8023778985 0.8037210691 0.6918304288 0.5366209601 0.5304871633 0.5357220472 0.5326546745 0.5367495464 0.6098442117 0 0 0.8675796049 0.8261014225 0.615995484
0 0 0 0 0 0.6820709066 0 0 0 0 0 0.589744508 0.5852361652 0 0.6649894385 0.6748156321 0.6809981636 0.6779718381 0.6817861676 0.7955005663 0.8795706319 0.6424930977 0.7561565454 0 0.660527303 0 0.6490927432 0.6491193631 0.6496741842 0.6554047902 0.658346516 0.6585359384 0.5804200959 0.7494750327 0 0 0 0 0 0.7297679259 0.7285375131 0.7338488592 0.5647024984 0 0 0.8033124183 0.8128579821 0.8115454191 0.8038354218 0.8016865731 0.8111576903 0.6690687448 0.8716054066 0.5531851987 0.5116620491 0.5420371999 0.7573942524 0 0 0 0 0.7441967764 0
0 0 0.6012442298 0.6028971875 0 0.7485808119 0 0 0 0 0.5982356196 0.5946840053 0.5918195549 0.6714560028 0.6670154141 0.6714848346 0.6836426178 0.6827264587 0.6782445818 0.685949331 0.6922653027 0.6914586619 0.8100778221 0.6643833942 0.6676680896 0.6540500186 0.6540288561 0.6461995236 0.6497615128 0.6560726635 0.8951762562 0 0 0.5649902824 0.5621403791 0.885585997 0.5569074573 0.8146896997 0.8113717326 0.8178267899 0.6320296733 0.7369028472 0.8522260769 0.6792177126 0.7294387484 0.7255040423 0 0.8126643807 0.8055711812 0.8046300314 0.804209292 0.8186251077 0.8222078894 0.8010500952 0.7915860677 0.7895876952 0 0 0 0.7403385423 0.74111552 0.7335898807 0.7357592398
0.87223115 0 0.6015613505 0.5964225194 0.5964871294 0.5973784293 0.8931029267 0 0 0 0.6294865394 0.62190537 0.6240508145 0.8236189198 0.6809838144 0.5223397995 0.6337263187 0.6843541995 0.6827165905 0.6851535573 0.6891855216 0.7800388936 0.7253000388 0 0.6624156293 0.8020740514 0.6509709873 0.6482454412 0 0 0.6626288404 0.5745755437 0 0.8241454361 0.5143179628 0.5599678265 0.5506554428 0.8163015777 0 0 0 0.8635584192 0.7261285883 0 0.7197266075 0 0 0.8130364244 0.8070446575 0.8103383263 0.8100349412 0.8143418875 0.7522106722 0.6336210857 0.7924304262 0.7859873049 0 0.5902764666 0.8601031376 0.8156127832 0.7326298794 0.7320928455 0.7271632642
0.8461233833 0.8629841771 0.8588838282 0.5955344574 0.5926028009 0.5952866594 0.6048305904 0.6367245178 0 0.6251824086 0.6142417956 0.6206527893 0.6189216996 0.6184140635 0.8294311417 0.8199612761 0.5129615167 0.8135914535 0.6947121539 0.6948099996 0.6540249298 0.6231345031 0.7715540778 0.7794567879 0.6544741984 0.5776340238 0.5668777749 0.56315406 0.5645334534 0.5679789578 0.8511683265 0.8530595282 0 0.640951269 0.5639750757 0.5596906985 0.5559935086 0.5559777538 0.8449759443 0 0 0 0.6534474841 0.7201058075 0.5639300345 0.7112115783 0.7183134468 0.814079788 0.8209853974 0.8180445236 0.8161421749 0.8195764157 0.7366296783 0.8058679465 0.7866323636 0.789653573 0.7861795183 0 0.6246598428 0.7959594631 0.738033416 0.7310385427 0.725710974
0.7938741015 0 0.857556305 0.5927308617 0 0.5927662444 0.7080064308 0.6387166397 0.6317953152 0.6244741395 0.6201291906 0.6115240869 0.6121622482 0.6203716007 0.818989022 0 0.8213369832 0.8512298885 0.5294740902 0.8358739408 0.6599199703 0.6582802654 0.6532468166 0.650635103 0.6581399848 0 0.5682512358 0.563963153 0.572445933 0.5671262361 0.8455166809 0 0.8585884193 0.7421269927 0.6995206182 0.7554311376 0.7563626318 0 0.5819371951 0.8089994731 0.829657526 0 0.6466355543 0.645971043 0.6421756134 0.6416885971 0.7152116908 0.7195724694 0.5602116461 0.819560997 0.7473650119 0.6065950732 0.8995394665 0.8967619199 0.7663086494 0.7964438968 0 0 0.6172165757 0.6148925063 0.734507693 0.7398411572 0.7257546829
0.7869469647 0 0 0.8512756363 0.6952592461 0.6991800405 0 0.6409549065 0.8450631888 0.6278579828 0.6175674311 0.6156027846 0.6120465492 0.6209671209 0.8190344147 0.8199294294 0.6791966935 0.6870759788 0.5220327025 0.5119889953 0.5057805535 0.6613297574 0.6566970228 0.6520320946 0.6590710775 0 0.5659648591 0.5686611178 0.5652681192 0.8427057135 0.8426293929 0.837685253 0.8669657938 0.8418875285 0.6150677937 0.816400917 0.5086750109 0.8634839947 0.8324142641 0.8268855494 0.5091354228 0.5060434321 0.6505364397 0.6394845657 0.639480509 0.8154189617 0.6789625524 0.7154803906 0.620904493 0.6024606063 0.5984267801 0.6057209327 0.8623777553 0.8559362083 0.8729079508 0.8137189561 0.6154818034 0.6151042174 0.6109628268 0.6195918884 0.741598327 0.7389572493 0.7352382831
