landscape/hab_quality/256/simulation_000042_p065_h032_HABMAT_patch_more_500pix_modified.asc_ac_0.5_quality.asc
NCOLS 513
NROWS 513
XLLCORNER 0
YLLCORNER 0
CELLSIZE 9.980507
NODATA_VALUE NaN
[rows 480 to 509 of 513, columns 134 to 200 of 513]
0.9101350362 0.867036669 0.5073156225 0.648064424 0.6438073544 0.5819600582 0.8040169734 0.5211575782 0.5654477974 0.8182113777 0.8165213448 0.815708883 0.8138811188 0.8332516791 0 0 0.8239426434 0.7810428738 0.5360856144 0.691057301 0.6071742575 0.6032064298 0.5992603467 0.598772009 0.6072024531 0 0.6059114612 0 0.8267521545 0.8217653771 0.6161463651 0 0 0 0 0.7660213612 0.7581048154 0.75705245 0.7552875311 0 0.7808150682 0.5958471794 0.5880524137 0 0.5987568192 0.6035586957 0.6088228727 0 0.6048129323 0 0.6041691521 0.6214652669 0.6888986983 0 0 0 0.6721269176 0.7005698406 0.5114903725 0.6880409721 0.6891072321 0.6896578667 0.6337634574 0.8692768093 0.8614838988 0.8548641994 0.8529780874
0.8740144632 0.7321115731 0.8589075916 0.6466441592 0.6510285754 0.6075207437 0.7999247031 0.7521618832 0.5200956122 0.822186574 0.8255621589 0.5121681427 0.6334627108 0.7290470223 0.7088756855 0.8267395286 0.8173410872 0.7821712728 0.7786749739 0.6914574107 0.8867474169 0.5944931616 0.5944117408 0 0.6020238656 0.6033136779 0 0 0.6297355647 0.6203329668 0.8176163348 0.8208070792 0 0 0 0.6812760115 0 0.8637457991 0.7224217095 0.6042539815 0.5938351068 0 0.6010784148 0 0.5914917485 0 0.5329409743 0 0 0.597751913 0.6147507189 0.7528297741 0.7524169558 0.7455511398 0.7381869426 0.7395975945 0.8443045883 0.6944476076 0.6980897671 0.7827011253 0.7932940781 0.7809552879 0.5008006322 0.6243743332 0 0.8560559654 0.858888265
0.7245754097 0.6558883645 0.8510574707 0.8541291779 0.6895489758 0.8038423787 0.6140210309 0.516530274 0.5255662576 0.8716022684 0.7234429644 0.6358727169 0.8945182904 0.7342908877 0.8295557388 0.8245015331 0.8265300062 0.8114916722 0.8144113955 0.6022322268 0.6975030679 0.6042278546 0.6937995504 0.5987259558 0.5948991388 0 0 0.6283779852 0 0.6251132615 0 0.6042777708 0.868657382 0.6731325427 0 0 0 0.656291635 0.6099916695 0 0 0 0.6114957298 0.5938575839 0.5973297071 0.5967478991 0 0 0 0.5220591454 0.6070634836 0.7116842095 0.718524382 0.7142182125 0.7465651087 0.5872357831 0.6957883125 0.6908530905 0.6493835567 0.5578261756 0.7769570359 0.7776092863 0.8024536365 0.6259367877 0.867423089 0.8635966317 0.8606427544
0.7365583695 0.8472855546 0.8551322356 0.8570164441 0.8369501013 0.7213892374 0.7203768298 0.7210223037 0.5498958856 0.8406290174 0.5517918809 0.8932702207 0.7302877105 0.779598863 0.7836383144 0.8337551724 0.867466211 0.8206154865 0.8113292267 0.5914597865 0.5800828382 0.6893072455 0 0.6842940184 0.6843650955 0.7051876842 0.6936356352 0.5789558656 0.7149642383 0 0 0 0 0 0.6697986158 0.6700475268 0.5642914548 0.5600711617 0.6118162567 0.5979172887 0.5969806353 0.5996795088 0.5946247696 0 0.5967312473 0.7436384672 0.5377664868 0 0.5216228423 0.5227489387 0 0.7112693095 0.7099499682 0.7164276745 0.7242821419 0.8012795478 0.7441515063 0.8892253422 0.6998146625 0 0 0.5691010346 0.5993864262 0.5245898709 0.8705970198 0.8730516652 0.8683341291
0.8395174113 0.7439747926 0 0 0 0.7242492745 0.7187462718 0.7212052052 0.5464523262 0.5436868767 0.5480783884 0.5437430968 0 0 0.7789930523 0.7819460786 0.8360575426 0.5606842298 0.558632007 0.5761723348 0.7154233817 0.5866728822 0.6909093475 0.681268841 0.6587653712 0.6991808203 0.6985890272 0 0 0 0 0 0.8264569987 0 0.6708686611 0.6784030543 0.5585084907 0 0.8525420713 0 0.7180888936 0 0.5984501175 0.603496786 0 0.5470370633 0.530384304 0.5313382096 0.5313522825 0.5257328362 0.5484895169 0.7165577387 0 0.7137081324 0.7935899569 0.6444736715 0.6171815824 0 0 0 0 0.5911447264 0 0 0 0.55481942 0.6981798164
0 0 0.8494284812 0.8525350773 0.5710663764 0.5812858876 0 0.7270313982 0.5461011219 0.5448330674 0.5391400422 0 0 0 0.7800490305 0.7722261753 0.8593119369 0.5568311448 0.5610359735 0.6730556037 0.6783904796 0.6786552312 0 0.685645038 0.6844630513 0.6986002189 0 0.713280061 0.7046632313 0.7098441282 0.7096083541 0 0 0.5119112092 0 0.6320354467 0.6242346157 0.5667389772 0.5754130198 0.8612827674 0.8531229136 0.600225558 0.6039861024 0.6069962535 0.6115316696 0.653680726 0.6870904752 0.5392609243 0.5333750585 0 0 0 0 0 0.7894773888 0.7851923679 0.6809461143 0 0 0 0 0 0.5966611754 0.6025492432 0 0 0
0 0 0 0 0.8845475664 0.7973453233 0.7841470086 0.7915370638 0.5631994358 0.8647669589 0.5571659798 0 0 0.7859400756 0.7033314126 0.7004459291 0.599977065 0.8361821731 0 0.8148397143 0 0.8982704116 0 0.7283699478 0.701804486 0 0.7217699996 0.7279381038 0.7069478918 0.6999196924 0.5057988343 0 0 0.5067356042 0.514147021 0.6245027827 0.6334693103 0.6326493154 0.5702893297 0.5849947662 0.6439205097 0.6433311006 0.6079835131 0.6151894908 0 0.6498530032 0.7644321541 0.7636848608 0.7565360832 0 0 0.7561940753 0 0.7849694101 0 0.7841135972 0 0 0 0 0 0 0.6038304394 0.5149516699 0 0.7187528766 0.7244509462
0 0 0 0.8537608428 0.8612722595 0.5993122141 0.8133044247 0.812312074 0.5570784091 0 0.5596973982 0 0.6725462698 0 0.7060889811 0.6998608826 0 0.7139015237 0.6801234591 0.7604042901 0.9029216468 0 0 0.724183051 0.7233382373 0.7227989897 0.7182655948 0.7234135745 0 0.8396463901 0.8427585362 0.8371191377 0 0.5096190443 0.5105857435 0.5171074238 0.6410140101 0 0.6594301443 0.6538486722 0.6441626059 0.6343858502 0.7500482525 0.8585988394 0 0 0 0.7608294617 0.7513912539 0 0 0 0.7870331785 0.7772322459 0.7863338483 0.8290698338 0 0 0 0 0 0 0 0 0.7088407461 0.7172110373 0.7152448748
0 0 0 0 0 0.6432183891 0.8139009599 0 0 0.5541398523 0.5566397214 0.673169504 0 0.6634434279 0.7031447534 0.7015671321 0.705237472 0.8757826991 0.6834948392 0.8105843098 0 0 0 0.7316532776 0.7248126371 0 0 0 0 0.8347356651 0.8365609201 0.7305581256 0 0 0 0.7739659372 0.6919375023 0 0.8655212998 0.6589843486 0.8352465668 0.8815866402 0.6376002734 0.7329109855 0 0.858222364 0.8576037503 0.7556896812 0.7540578735 0 0 0 0 0.7815248949 0 0.7908544739 0 0 0 0 0 0 0 0 0.709951749 0.7080920147 0.7175046542
0 0 0 0 0.8588690958 0.8586713766 0.8149830028 0 0.8583291379 0.7803862814 0 0.6787670228 0.72308874 0.7168753429 0.8747821184 0.868665317 0.8665812146 0.8652051689 0.873330947 0.6118937578 0 0 0.6115131649 0.8127860393 0 0 0.8094324268 0.8021816842 0.8266311344 0.8330606097 0.7327888578 0 0.7976399927 0.7360766967 0 0.6579925603 0.7156844606 0.7200080012 0 0 0 0.7453639855 0.8227825048 0 0.863182904 0 0 0 0 0 0 0 0.7132121062 0 0 0 0 0 0 0 0 0 0 0 0.7167276837 0.7152548731 0
0 0 0 0 0.747481888 0.5644271996 0.5604130663 0.8254298898 0.8215102407 0.8210477846 0.6726115623 0.8332885343 0 0.5496306961 0.5557592794 0.872825153 0.8645937159 0.617569785 0.6219973454 0.6864982022 0.6035350688 0.6056489773 0.8120120973 0.8008947659 0.7967116651 0 0 0.8039900046 0.8682354744 0.6576155089 0.842174782 0.774509686 0 0 0.5585390026 0.5618446108 0.6489384845 0.640711508 0 0 0 0.5767841292 0 0 0.8532378574 0 0 0 0 0 0 0 0 0 0 0 0 0 0 0 0.7886013795 0.5343675838 0.7408129958 0.5704606848 0.720781592 0.557042585 0.552721579
0 0 0.5704533984 0.5740968366 0.8180401028 0.861344471 0.5571580801 0.5636843947 0.8231725558 0.8249988183 0.6789944322 0.7479234798 0 0.5481246568 0 0.8716592509 0.8645683284 0.8597048364 0.6151010193 0.6114258456 0.609557123 0.6017078915 0.6116391066 0.7932879631 0.7960658076 0.7989201929 0.8059156373 0.8078638615 0.8108882848 0.7773121629 0.7734577021 0.7656766278 0 0 0.5520606161 0.5460400211 0.6553453428 0.8523350865 0.8518988278 0.7621833746 0.5732015998 0.8569417753 0.8532625328 0.8573000801 0.8497402092 0.858328908 0 0 0 0 0 0 0 0 0 0 0 0 0 0.7774399484 0.7547262931 0.8421281379 0.5890780098 0.586765193 0 0 0.5526584218
0 0.6681552053 0 0 0.8743508816 0.5488220327 0.744681768 0.5462679832 0 0.8327940594 0.7536986881 0.5628876084 0.7424882574 0.6161813696 0.5541372192 0 0.708030954 0.7121506369 0.6211099663 0.6128087508 0.6068777377 0 0.7990899016 0.7931058742 0.7998520889 0.8015461806 0.8007361536 0.808077229 0.7512174796 0.7817747263 0.7707181028 0.7682475604 0.7731109928 0.8857772862 0.7306652989 0.5551918965 0.8265628716 0.7688288749 0.6753192036 0.6686927036 0.6302331392 0.5467309907 0.8536863028 0 0.855277225 0 0 0 0 0 0 0 0 0 0 0 0 0.8402363588 0.8415762347 0.7581461196 0 0.8442504361 0.5291356242 0.6401766841 0.8093768727 0.5542481444 0.5538082951
0.6583401762 0.6670652421 0 0.6594068323 0.5476170207 0.5462930783 0.5546800393 0.5302330741 0 0.7373450128 0.7490350356 0.744802294 0 0.7513373685 0 0.5671673578 0.7022768156 0.7038112294 0 0.8130749446 0.6539314431 0.8010777423 0.7986095656 0.800982778 0.5193396535 0 0.8082762386 0.7643965123 0 0.7771769572 0.7713379595 0.7718140544 0.5173139739 0.7732551658 0 0.5966124017 0.5927874579 0 0 0 0.9064949368 0.9124841228 0 0.8625667047 0 0 0 0.7274481719 0 0 0 0 0 0 0 0 0 0 0.8333630979 0 0 0 0 0 0 0 0.6635265948
0 0.6626099103 0.7605475125 0.5034394161 0.6516381335 0.6568601768 0 0.5255148376 0.5344726701 0.5354408108 0.7725340422 0.5350350553 0 0 0.5824730244 0.5654261987 0.5716739738 0.7065724059 0.6477302531 0.6447044058 0.8069165355 0.8001313047 0.7987743744 0.5183534543 0.8092332748 0.8181124449 0.8118837877 0 0 0.7840797158 0.6475461564 0.8855361266 0.7544047729 0.8810695626 0.6984516409 0.5985950406 0.5351935951 0.5897752762 0.7085692008 0.9032581654 0 0 0 0.9013692782 0 0 0 0.7244341288 0 0 0 0 0 0 0 0 0 0 0 0 0 0.8406924618 0.6207791878 0.6296326237 0.6229407796 0 0
0.6666627246 0 0 0.7522536916 0.6514907095 0.6601862403 0 0 0.622858815 0.5346377432 0.535199772 0.5939336106 0 0 0.5840756463 0.5910489837 0.5912091736 0.7096816299 0.6494274581 0.6425213269 0.6522911523 0.8073652978 0 0.8031679704 0 0.7504070764 0.8986209374 0.7240638278 0.7283954454 0.6500545243 0.6465692141 0.6503570391 0.8806323902 0.8376453366 0.8367681139 0.6595962701 0.5910489097 0.5980931577 0.6965551993 0.6991413399 0.6963942605 0 0.8951552191 0.905863792 0.7011655262 0 0.8972274026 0.8229355182 0 0 0 0 0 0 0 0 0 0 0 0.830837655 0.844086523 0 0.6205706169 0.6200123876 0 0.6583966708 0
0 0 0.5710512483 0.6575925078 0.6535693107 0.6549853514 0.7939314766 0.8490875382 0.8546504072 0.5961675699 0.5853615282 0.5793768522 0.5339271971 0.5752117923 0.5864206985 0.5895833064 0.5920556656 0.594407799 0.716364111 0.6484453153 0.645295869 0.8713969383 0.8150553457 0 0.744134517 0.7456040925 0.7182626419 0.7226304505 0.7181351408 0.8186517287 0.6560338797 0.8767140642 0.8837217057 0.8416667284 0.8346384777 0.8431166154 0.579810304 0.6978355936 0.6951463603 0.6957595858 0.8941558167 0.8929347064 0.8972401772 0.9009695696 0.5985369637 0.6582511185 0.6527868827 0.6587503531 0 0 0 0 0 0 0 0 0 0 0.7541501738 0.7477110619 0.6324130407 0 0.6191243263 0.6152578037 0.6303116864 0.6266353449 0.6553134746
0.8468230153 0 0.5707720095 0.5725751279 0.6688914946 0.8535339448 0.8500019194 0.846121567 0.8461649945 0.5934268896 0.5913430322 0.5795380782 0.5818865607 0.5759977454 0 0.544168668 0.5449222317 0.5420635358 0.5519628779 0 0.5479241276 0 0.5570822835 0.7496521112 0.7438102807 0.7476102245 0.7113155602 0.7131371643 0.8108069686 0.8166234735 0.8156607653 0.6576338417 0.8864036227 0.8381449589 0.6185477814 0.5743878437 0.5760204174 0.5758942295 0.7948899513 0.6942855403 0.8943991973 0.8896866141 0.8922469074 0.9015391237 0.827727381 0.6568570258 0.650732732 0 0 0.6585298201 0 0 0 0 0 0 0.8823844073 0 0.5923937327 0.5890081692 0.5908509971 0.6264389984 0.621804254 0.6210172431 0.6231052842 0.7093471318 0.6802292591
0.837915638 0 0 0.5799799599 0.6700476544 0.6660640824 0.8493344693 0.8512378263 0.8497910381 0 0.6009991154 0.5910360283 0.5831582862 0.5897372684 0 0 0.5502850966 0.5425147258 0.5390804477 0.5469064451 0.5421034318 0.6400072325 0.5466508514 0.7503556898 0.7511625086 0.7576561146 0.7075137912 0.714867242 0.7178517366 0.8153191472 0.6958578867 0.6126239313 0.6782446469 0.6785590318 0.5763351532 0.5694118056 0.5663504632 0.7866675017 0.6989005647 0.6964001536 0.8978765317 0.8934951341 0.8979368597 0.8965628761 0.7276992391 0.6572588595 0.6507747462 0.6482383532 0.6443479946 0 0 0.8987739712 0.8808034548 0 0 0.7243580402 0 0.5866930986 0.5879246556 0.5857422147 0.5949464332 0.6228826542 0.6233720998 0.6244349313 0.7110875145 0.7048247167 0.7126083669
0.6883783651 0.7947889965 0.5742622996 0.6711894335 0.6706453175 0.8534074639 0 0.8512725364 0.8530272824 0 0.5915168785 0.5868035309 0.5924417674 0.5975630438 0 0.6089012351 0.5522798883 0.5412689355 0.5378827537 0.5338042195 0.5390305002 0.5456925171 0.7595215481 0.7543498009 0.7627191426 0.5182599816 0.713705587 0.7141272216 0.7176144629 0.7273147762 0.824640454 0.7863634965 0.6698107582 0.7321484084 0.7414764706 0.7380968937 0.5631741126 0.8883527004 0.8903314747 0.7181724196 0.659489366 0.9049237016 0.8530564176 0.8526980846 0.725121447 0.7177297253 0.6567626192 0.6503689994 0.6440776137 0.6501724034 0.6544038848 0.6591326669 0.8844762149 0.8805434431 0.6838689277 0.7091684428 0 0.5899542045 0 0.5936097574 0 0.6340093771 0.6262248724 0.6762607181 0.7135588549 0.5905800786 0.7131399264
0.7059283195 0.6896000137 0.668645432 0 0 0.6779277138 0.8542964589 0.855129218 0.7501549173 0.5922366908 0.5933655793 0.5926597724 0.5936766013 0.5906567963 0.7915499917 0.5633120943 0.5339231002 0 0.5396409891 0 0.5378615025 0.7817854632 0.7819297135 0.7555417421 0.7630153888 0.7703336535 0.7210142581 0.71443933 0.718645581 0.7240355381 0.7322570292 0.7776281538 0.8074874824 0.7589687129 0.7289817692 0.7321910799 0.8916387126 0.8900820001 0.8807914972 0.660656933 0.8769077321 0.8921530547 0.861337549 0.7317666103 0.7192875072 0.7183795853 0.7283785438 0.6463002969 0.6494206646 0 0.6542131604 0.6564456579 0.6541206095 0.732541304 0.6845534677 0.6900528613 0.5829293801 0.5801032599 0.7273948612 0 0.731548777 0.7563471257 0.6275114748 0.6270250464 0.5790857271 0.5749753985 0.5800790724
0 0.7562395741 0.5314965332 0 0 0.8796683078 0.8717927532 0.8806210127 0 0 0.8505519322 0.7711773496 0 0.7901646443 0.7907154848 0.5434723323 0.5568893445 0.5480792844 0 0.5432491726 0.5423661993 0.5396931624 0.7886980081 0 0.7561098211 0 0.7740366612 0.6786096023 0.7181278013 0.7384394044 0.7374516296 0.5947316315 0.8133678184 0.7364831122 0.7333759045 0.7378622563 0.8994211186 0.8850008826 0 0 0.8743033047 0.8794943641 0.6045206416 0.7223102648 0.7277479222 0 0.7442164296 0.6639728751 0.6514657342 0.6509882119 0 0.6471984864 0.6568620617 0.6882638174 0.7270462192 0.7459474748 0 0.7303347104 0.72521712 0.7242453679 0.8115005044 0.7713695681 0.762378419 0.6662071972 0.5786788819 0.5707648871 0.5780786025
0.709902119 0.670132492 0.8397721252 0 0 0.8736017643 0 0 0.7074258183 0 0.7023069582 0.8526273628 0 0.7420969726 0 0.8011158184 0.5545580633 0.5468041147 0.5458928762 0.5517139807 0.5471407464 0.5502119619 0.8858317691 0.7785149705 0.7790450269 0.7579888599 0.7748242716 0.7776517361 0.7807133261 0.6077361588 0.5122620235 0.7972959336 0.8065396985 0.8100212284 0.6190094129 0.6174915082 0.8909349739 0 0.646552598 0.8804394798 0 0.5543665838 0.6139150079 0.7353139667 0.7333572898 0 0.7356647427 0.7007843643 0.6573188161 0.6574034023 0.655417299 0.6690787982 0.6543358564 0.7346734575 0.7297413413 0.7198623142 0.7431030574 0.7329671835 0.7283725098 0.7278045765 0.6944615033 0.5635076945 0.769509045 0.6009617754 0.5754946852 0.675124806 0.5709588085
0.7682778584 0.8767753859 0.6577527056 0.5621538778 0 0.6266618318 0.6260854892 0.6318304215 0 0.8270074164 0.8332815542 0 0 0.7881749752 0.7968714905 0.7944841198 0.674587611 0.549074648 0.8437922412 0.8499852322 0.5601587763 0.758264196 0.7498853327 0.7857753199 0.5817848599 0.7888768217 0.5902450057 0.7728190419 0 0.7948383463 0.8208805937 0.6070235211 0.8072855851 0.809046779 0.6218963757 0.726062398 0.8184647313 0.820893667 0.7123209571 0.6403784999 0.667207427 0.5301717121 0.5393570977 0.5348768173 0.8283891284 0.7190352517 0.7410643912 0.7604820178 0.6607425122 0.6589041454 0.6600982095 0.8143055516 0.8186014301 0.7394274708 0.72975217 0.7320548346 0.7449934782 0.7370001383 0.7304241068 0.7295260908 0.884935187 0.6920244329 0.6043010554 0.609289605 0 0.5802137555 0
0 0.8747910729 0.8707090562 0.6200131087 0.6367170984 0 0.6244204637 0 0.8304974156 0 0 0.8719333372 0 0.7836639553 0.7927172383 0 0.7950439999 0.8442096143 0.849518545 0.8418467012 0.6287262578 0.7547405701 0.7523717868 0.7514252165 0.8783782812 0.5801778286 0.5822349281 0.7770950826 0.7336732315 0.7349734834 0.8216483175 0.8148307663 0.7808028968 0.8170587378 0.7328291766 0.6819605625 0.7241503893 0 0.8246565778 0.8296480372 0.6443016863 0.5337825052 0.5270914412 0.5364889242 0.6945323705 0.536909171 0 0 0.8164458137 0 0.6690293203 0 0 0.8100845307 0.8178482797 0.7298073545 0.7380028883 0.7391236526 0.7423929341 0.8101104738 0.6239709537 0.7367410162 0 0.5286241194 0.818803859 0.8209802299 0.8216994423
0 0 0 0.871196261 0.863024294 0.6309129712 0.6323656263 0 0.8263496047 0.7226937952 0 0 0 0.7935801931 0 0 0 0.7949834922 0.7985542447 0.8017022351 0.6215730838 0.7570507077 0.7514967173 0.7606832982 0.7705627626 0.5722801197 0.5755572455 0.5803539296 0 0.6645779584 0.8920284444 0.6684498423 0.8158620648 0.7516999324 0.7380412942 0.7296876976 0 0.7166224125 0.82285437 0.6434641057 0.6443673051 0.8870119753 0.5311917938 0.5313206626 0.7881544658 0.6896263906 0 0 0 0 0 0 0 0.8138415767 0.8122141086 0 0 0 0.8187208254 0 0.5874565857 0.6966898565 0 0 0 0.827220035 0.8207684885
0 0 0.5495018275 0.5441782491 0.7944963077 0.6381648956 0.6351191926 0 0.8950569379 0.8996673408 0.8036922545 0 0 0.8022699252 0 0.8064847603 0.8046717748 0.7947068123 0.8004940756 0.8036418443 0.8061141897 0.6248650452 0.7618982255 0.7669680784 0.6898340288 0.5646369481 0.5804843917 0.5807342316 0.6664558501 0.6630847249 0.6599999755 0.6914105642 0.6703766634 0.7400493699 0.7356253883 0 0 0 0.5263708868 0.7634242417 0.6722263253 0.891974092 0 0 0 0.6206658654 0.6279408445 0 0 0 0 0 0 0 0.7497879016 0 0 0.8056416474 0 0 0 0 0 0 0 0 0.5340376863
0 0.7503525153 0.8647308544 0.6809156493 0 0 0.516475307 0 0.8996676299 0.8009085784 0.8060701646 0.7985005739 0 0 0 0.8098156285 0.8141164103 0.8012819743 0.8040069537 0.8043766075 0.8121007428 0.8083203368 0.7303797974 0.6702980479 0.5728315278 0.5718236277 0.578497286 0.5906020755 0.6960691796 0.6657175089 0.6683782546 0.667320639 0.843705597 0.7388379549 0 0.5684360158 0.6706990187 0.5561787249 0.5261574948 0.5469718881 0 0 0 0 0 0 0 0 0 0 0 0 0 0 0 0 0.5379142394 0 0 0 0 0 0 0 0 0 0
0 0 0 0 0 0 0 0.5123661932 0 0 0.8004604895 0.8011488597 0 0 0.817416868 0 0.8103108406 0.8216279815 0 0 0.8056414092 0.6782954336 0.6684182372 0.6717534735 0.5645028339 0.566179818 0.581410387 0.5872294669 0.6391447389 0.7000529707 0.689229555 0 0.6644061481 0.6645554487 0.5779590852 0.8119135275 0 0 0 0.6642340858 0 0 0 0 0 0 0 0 0 0 0 0 0 0 0 0 0.544793673 0.5363633804 0 0.8094807203 0.8114725688 0 0.5361390143 0 0 0 0.5318301532
0 0 0 0 0 0 0 0 0 0.8033069959 0.8077528358 0.8335199923 0.8544679955 0.8226484755 0 0.8119209754 0 0.8171471715 0 0 0.7601191079 0 0.7841307065 0 0.574413093 0.5710716893 0.5856296942 0.5864766526 0 0.6798554344 0.6843105953 0.7395271281 0.6714453816 0.5799857715 0.5365188592 0.6779209666 0 0 0 0.8213733757 0 0 0 0 0 0 0 0 0 0 0 0 0 0 0 0 0.5378458875 0.5358994474 0.5431625297 0 0 0.5369005796 0 0 0 0 0.643070481
