landscape/hab_quality/256/simulation_000040_p061_h070_HABMAT_patch_more_500pix_modified.asc_ac_0.5_quality.asc
NCOLS 513
NROWS 513
XLLCORNER 0
YLLCORNER 0
CELLSIZE 9.980507
NODATA_VALUE NaN
[rows 140 to 167 of 513, columns 441 to 503 of 513]
0 0.8495459501 0.8548362083 0.8443425493 0.8403829086 0.738226599 0.7372183114 0.7346805821 0.7369454541 0.5752770825 0.5673090625 0.5636743459 0.564995583 0.5408922569 0.6366377066 0.5966798843 0.5285627858 0.5174589924 0.5088666738 0.7680651897 0 0.9309090154 0.9075987496 0.9081594794 0.9053268363 0.9134448737 0.5436247569 0.552232333 0.5873448558 0.6368058631 0.6302018041 0.840519201 0.8395201043 0.8397124766 0.690802432 0.70582843 0.7013621793 0.695967582 0.6994589861 0.7944379453 0.7938212423 0.7983786426 0.803249656 0.8099292199 0.6951782905 0.6921024877 0.6994522112 0.7061416225 0.8270672037 0.8359191638 0.8298616552 0.9059880277 0.6378170827 0.6356680648 0.5550689299 0.5579645169 0.5553372161 0.6665926593 0.6662183433 0.5314342869 0.5325818843 0.5942180785 0.590543962
0.8505151959 0.8454392149 0.8413345806 0.8393628484 0.8313570939 0.8704502144 0.5420196666 0.5320292712 0.6290888881 0.5725182893 0.6898414987 0.6121274325 0.6128295466 0.6280699467 0.6432442898 0.645321646 0.8066357616 0.5142300914 0.5116785538 0.7722084144 0.7672668182 0.9269835071 0.9094078033 0.9075658288 0.9229209213 0.9188513031 0.9152762674 0.7167360969 0.6505864122 0.6389985286 0.6313924687 0.6982205931 0.8449743738 0.8191093628 0.6653750341 0.7086084374 0.7084196844 0.704468817 0.7968620822 0.8020541507 0.8279792861 0.8263916803 0.8257139278 0.8105253185 0.6939302284 0.7014614733 0.7695452908 0.8137669623 0.8106847624 0.8269999825 0.8296356903 0.6575089933 0.7578813994 0.7503081181 0.7571650246 0.7557792397 0.6695546057 0.6652950874 0.6149607719 0.6901007436 0.526638467 0.5276499198 0.5180585801
0.8459185862 0.8449776115 0.8372477713 0.8300999456 0.8322764184 0.538486254 0.8518033323 0.8490023527 0.8530212641 0.6223269701 0.6168530077 0.62149444 0.6192710153 0.6287362161 0.6309756135 0.5793303568 0.8692021065 0.8362965697 0.5216857076 0.7735958184 0.9309696962 0.9184941836 0.9171588071 0.9290985305 0.9303761957 0.9292470433 0.7085052034 0.7141862556 0.646262021 0.6314808516 0.636717586 0.6349378481 0.847432594 0.8468635656 0.8448555267 0.8394819683 0.8430899386 0.5990892642 0.8346431175 0.8272655156 0.8236915093 0.8213346328 0.8230927694 0.6958236682 0.522997621 0.516118061 0.5245154886 0.7030225671 0.8344845608 0.8315960866 0 0.6644684538 0.7571006845 0.7498712938 0.7514514 0.7544629991 0.6707120162 0.6620894722 0.6098915759 0.524279329 0.5261649009 0.5177677988 0.5242036424
0.8264240988 0.8201143754 0.8179842516 0.8279299072 0.8316917389 0.8462652285 0.8402880828 0.8458372679 0.8464084228 0.6209589386 0.7903813486 0.7090907203 0.709226668 0.7174503685 0.7908053165 0.6359514852 0.6502213072 0.650778022 0.6310529813 0.696047519 0.5776519062 0.9219323438 0.9251828444 0.9270740797 0.815029374 0.7107407686 0.7115771551 0.7101071157 0.7151193139 0.5457756648 0.5444278637 0.5427338425 0.7918469934 0.6237729081 0.8395773355 0.5826736005 0.8430954975 0.5955056806 0.5949853192 0.8333540681 0.8237443599 0.8257753961 0.82332775 0.7043263105 0.5177426924 0.5205112715 0.5166080111 0.5334844073 0.6959130507 0.8162303549 0.8306867864 0.5347241999 0.7530807692 0.7505583231 0.7524707728 0.7582161607 0.6694256527 0.6629251635 0.6621589634 0.5219613791 0.5185221669 0.5112276231 0.5152230211
0.8277234534 0.8178552654 0.8192705978 0.8202458855 0.8369471129 0.8384026958 0.8457919795 0.8495502008 0.8510597154 0.5962502749 0.8614997331 0.7870961185 0.7090496693 0.7109567866 0.6443555981 0.6438746971 0.6568280972 0.6631201078 0.8219620989 0.6880415041 0.5730537713 0.6254824782 0.6229687357 0.8140596908 0.8080579653 0.8095310912 0.8159989558 0.8197091028 0.5415721211 0.5388795759 0.5408641558 0.5482409633 0.7893690902 0.8464182058 0.8469983676 0.5706894739 0.5737636092 0.5763367074 0.5921751689 0.5886156821 0.5896409116 0.8251071913 0.7647949074 0.7077353744 0.713783745 0.5311935776 0.5983222826 0.5957329245 0 0.8721624304 0.5373957447 0.5328845664 0.5310213696 0.5237475101 0.5268298135 0.5366278128 0.760736517 0.7162834505 0.7078708127 0.5202626965 0.5139967491 0.5082101309 0.5086166001
0.8212746477 0.8215510202 0.8216387378 0.8237966703 0.8249538255 0.8406185527 0.8409122212 0.8090514443 0.6057385722 0.7009209939 0.7955876264 0.7106985113 0.7158429459 0.7108943583 0.6432007517 0.6413060699 0.6470707319 0.5929669764 0.6890455015 0.5573040608 0.6965335632 0.6158705049 0.7501167491 0.8094120484 0.8114437801 0.8115835728 0.820493953 0.8225389085 0.5292938837 0.5333636071 0.5352712181 0.541342293 0.8752863007 0.7988957133 0.7345321929 0.5696949882 0.5670092221 0.5751504075 0.5928781019 0.5948230707 0.5900019212 0.6546144813 0.6610845964 0.656602784 0.6631777051 0.6623767177 0.5933882108 0.5924294302 0.597305158 0.8464448461 0.5985780358 0.8689567911 0.5274471175 0.5331590215 0.5264130771 0.5356037437 0.5644351157 0.8709185683 0.7115214412 0.5205980032 0.5083309522 0.5077796786 0.5145878915
0.8298535823 0.8309659042 0.8280815508 0.8299190002 0.8269872163 0.840781856 0.8423268429 0.5936454665 0.5870909004 0.6530535387 0.708930413 0.5647990112 0.5648236464 0.6408622413 0.6374175644 0.6386604692 0.6377323041 0.8930443999 0.5636066339 0.5506677647 0.5552770493 0.5479098954 0.5638902104 0.7339427582 0.8115949946 0.8118153073 0.5424635961 0.5285893566 0.5331895317 0.5273730139 0.5331529771 0.5338159066 0.6458231117 0.7331342006 0.7297890528 0.5673556569 0.5679053219 0.575087383 0.7746749663 0.6980689666 0.7575992425 0.6982852251 0.6626254993 0.6651059532 0.6587206751 0.5185693048 0.5910186882 0.589022952 0.5904091773 0.6479206086 0.6547650246 0.6540353676 0.6025766744 0.5982116272 0.6015844351 0.8719196404 0.5619283614 0.5709700136 0.8653754353 0.5159032416 0.5123690391 0.516088788 0.5079193068
0.8319144603 0.8355289621 0.837508233 0.8373021851 0.7187452203 0.8431351496 0.5487638386 0.5056762527 0.5154044769 0.80049389 0.8047314066 0.8021471828 0.5653392004 0.6386965528 0.6375791043 0.6366758882 0.6326500699 0.6334482802 0.8846426615 0.5482481487 0.5459193206 0.5463543569 0.5545958098 0.5473335862 0.7284461883 0.7199945133 0.5340153774 0.5336135933 0.5283638547 0.5290819599 0.5316346893 0.5333967024 0.5382567122 0.7349967877 0.7270820746 0.733379414 0.7258948872 0.7698321287 0.7682682082 0.703338063 0.6948167765 0.5928743023 0.7810416148 0.6619379311 0.6651299074 0.5959875774 0.5915510799 0.5817783346 0.6463783532 0.6483726917 0.6471823549 0.6542988799 0.599320781 0.5979615284 0.5980951245 0.5026636852 0.8110535834 0.8533931345 0.5199403531 0.5156613911 0.5146453837 0.5164887078 0.5137599297
0.838766129 0.8753439703 0.8433173434 0.841850284 0.8383084166 0.8420053431 0 0.509608355 0.5067009083 0.7963369352 0.7950962178 0.6847171327 0.6842097 0.8448095179 0.6384507614 0.6382011529 0.6297711972 0.6385565941 0.6386653709 0.5536051682 0.5508939742 0.5465663844 0.5470182101 0.8243818781 0.5014994459 0.8173559852 0.7104212623 0.6689225671 0.6747386056 0.5335563073 0.6849875402 0.6772753819 0.6828172406 0.7343540402 0.8725342316 0.7341046934 0.7468885774 0.7678882411 0.7755239428 0.8042642859 0.7025261096 0.7000730978 0.8981227075 0.8984488416 0.7927666739 0.5981352518 0.5907338883 0.6459450338 0.6439405577 0.6530720594 0.6536029296 0.6527398135 0.6018552088 0.6029564867 0.5994106744 0.6338897961 0.6285176512 0.8084158375 0.5184487485 0.5246401051 0.5216360614 0.5778815646 0.5500569431
0.8427249651 0.847492138 0.8522766692 0.846191178 0.8436965603 0.8466846015 0.6821510752 0.5039035675 0.5651038936 0.7997566885 0.6819332868 0.677909903 0.6540844081 0.6109832084 0.6069471373 0.6389963962 0.6342703039 0.632405747 0.6358807396 0.5582879698 0.5479608759 0.5538844341 0.5533270594 0.5529837289 0.7989597193 0.7174027784 0.6830030367 0.6680566399 0.6723079132 0.6765779708 0.6861010458 0.6761573042 0.6809670317 0.7999599417 0.5374039117 0.6110880298 0.8731616105 0.7694503249 0.8029821377 0.7396471449 0.8485429957 0.8777072971 0.8973071925 0.8942091705 0.6422733119 0.5998574321 0.5474467516 0.5537765996 0.5527991424 0.6482113178 0.5173158039 0.8453039146 0.8518591787 0.6052222268 0.6241844967 0.6217349566 0.8814005049 0.6227073651 0.8424698344 0.5224545175 0.5223571872 0.5287912965 0.5519898772
0.8395067846 0.8424327036 0.8474008216 0.8462861649 0.8473789192 0.8443906537 0.8551984529 0.550577231 0.77685076 0.5561543453 0.6204294583 0.6814073908 0.5934330301 0.6156231324 0.5965345969 0.6408053241 0.6363299747 0.6393952068 0.5579125107 0.5508889713 0.7409028588 0.7343608171 0.7381887692 0.7961103181 0.5842126894 0.5803376664 0.6826998995 0.6771611858 0.6678152288 0.6758320944 0.6780251784 0.6816375097 0.6855607914 0.5278626536 0.5264613102 0.5333971053 0.5391532757 0.53944144 0.8095025099 0.8823982642 0.8730128153 0.875184337 0.7970472052 0.8897590948 0.8964234199 0.563287583 0.5487793825 0.5450843734 0.5492660882 0.5442028026 0.542025455 0.8429230461 0.8430226614 0.8430553772 0.8489129038 0.8736027777 0.7897704299 0.505899776 0.5255419744 0.8375004787 0.8423044076 0.5391197409 0.5407388488
0.8411761612 0.6796948513 0.8310840412 0.6640414974 0.6697116255 0.8076786715 0.6958958324 0.8752520297 0.7654821335 0.7729894958 0.7730345042 0.8405125915 0.589802553 0.5882341345 0.5448193999 0.5486858064 0.5463998731 0.6407731929 0.645297554 0.6206276741 0.7405043312 0.794005237 0.7936030859 0.7941718606 0.5711087187 0.5764783356 0.6806507409 0.6725093758 0.6709346782 0.6678192832 0.6778153598 0.684501636 0.5276799567 0.5234152814 0.5279086792 0.5281881134 0.5355124058 0.5453306593 0.5411109273 0.8753631343 0.8725768323 0.8753372582 0.8954017392 0.8913725337 0.7634190995 0.5548423126 0.5546369472 0.5446016504 0.5383619423 0.5416470332 0.5440086682 0.8499691641 0.8401762786 0.8434247848 0.8493697308 0.7843849024 0.6788993746 0.510441815 0.8429497292 0.5786939507 0.8417083205 0.5293846809 0.6857246386
0.8447379762 0.8370289105 0.664454229 0.6607839937 0.8849009574 0.8633003693 0.613459098 0.7832826918 0.7826898137 0.7062980218 0.7788708503 0.7651998181 0.5886508593 0.6602417299 0.5474928912 0.5398789026 0.6820872126 0.644096446 0.642871388 0.6452133591 0.7963155326 0.7879115696 0.7892099561 0.5680843256 0.5689057618 0.5676587996 0.5699168449 0.5729273904 0.5771401767 0.6768131094 0.6684300703 0.6784282457 0.5259997703 0.524690701 0.8940222678 0.5315364418 0.8663791666 0.5388133961 0.7162899376 0.8813925332 0.8731027325 0.8822935856 0.8720577697 0.8996116265 0.8062089008 0.5553144577 0.5614570212 0.5420179457 0.5348307853 0.5398423694 0.5423487016 0.8493415349 0.8496105296 0.8473790393 0.7806242851 0.786322133 0.6212884386 0.7990516277 0.6085162949 0.5225111422 0.5288281062 0.5252748164 0.8426948529
0.5838445462 0.6639708512 0.6604082209 0.6591885463 0.664800272 0.8564225035 0.5733479147 0.7811511625 0.7746428066 0.8158414605 0.8134228125 0.8871210177 0.5905908076 0.508513933 0.5477365309 0.5422961404 0.5404215398 0.6895586398 0.6479419881 0.8010145176 0.7976042975 0.7906416278 0.7812847168 0.5746616488 0.5667586654 0.5719270624 0.5775460026 0.5700541509 0.5746298393 0.5786024613 0.5822815334 0.8382103473 0.5286731678 0.5266684164 0.8696247164 0.8612901972 0.8651733972 0.770379024 0.7063502092 0.7897574172 0.8340815928 0.83759599 0.8444304119 0.7858927465 0.5475109321 0.8094452261 0.5453658555 0.542784673 0.5383757224 0.5412163577 0.5452187912 0.8559087232 0.8551744627 0.8559535289 0.8560497992 0.7881028752 0.790164355 0.6007418691 0.6074499446 0.5285209747 0.5223046775 0.5227040431 0.7068438482
0.5748991895 0.5756123504 0.6599087764 0.8441299378 0.8524263976 0.8516647607 0.857029492 0.6729568971 0.8134699151 0.8084913831 0.8182744151 0.6006800465 0.5279019365 0.5497956642 0.5548915483 0.6651119405 0.546980871 0.5119146051 0.6263498644 0.7756530328 0.7928963831 0.787992981 0.7847463951 0.5714678612 0.5676762535 0.5673437698 0.5724373084 0.5764437801 0.5707816677 0.7570848122 0.7565490755 0.7608989601 0.786695542 0.601824907 0.8494028185 0.8652520435 0.8917763547 0.8026095417 0.8008538531 0.8365669225 0.8310986301 0.8356255318 0.8397873812 0.5994338104 0.5447374441 0.805765313 0.7213156902 0.5467288286 0.8869916555 0.5452129254 0.5416594348 0.8651504026 0.8519491329 0.8479094028 0.8569306926 0.8653129088 0.8313819532 0.7975251326 0.6055998223 0.5245330722 0.5289863803 0.5295568123 0.6983717546
0.5691631083 0.8371019646 0.8371562921 0.8398794662 0.8430337809 0.8517856213 0.5937188195 0.8498648236 0.7987249715 0.8102888109 0.8123865529 0.5921557689 0.5937509813 0.7417653332 0.7936019545 0.8785559295 0.6813628004 0.574440118 0.6888207556 0.7938509749 0.5889395034 0.5803915166 0.5731008349 0.5801655601 0.5784080238 0.6718148724 0.6618565414 0.6632134418 0.5740423008 0.7523913803 0.7509490161 0.7515001632 0.8887124097 0.8861988975 0.8383887319 0.8503248175 0.8373382904 0.6475828036 0.8415777133 0.832436045 0.8293219108 0.8319027532 0.833915884 0.7821073929 0.5617959553 0.5569512977 0.5510051109 0.5578231371 0.5578857954 0.8966949488 0.6413770937 0.8517178489 0.8495437879 0.8562878366 0.8507970352 0.8626264329 0.6224632581 0.5165129056 0.5332985843 0.524122632 0.7309674724 0.7080488406 0.5478417227
0.832813514 0.8324903317 0.8330285145 0.8397672885 0.8492876838 0.8519649213 0.857399896 0.8545872083 0.5295880967 0.62601896 0.617203778 0.5417402157 0.6299946716 0.5080440867 0.7341133784 0.7741752067 0.8357323013 0.6836043817 0.5294728296 0.5242185248 0.5865402548 0.8417362508 0.5795192411 0.5578375874 0.6729101633 0.662114775 0.6712706446 0.6638841503 0.6726639033 0.7581243116 0.7578451074 0.7549234229 0.8790438708 0.8819238145 0.8951177812 0.6020044315 0.5946461114 0.8672021218 0.8378686839 0.8325404991 0.8306936356 0.8339936154 0.8379669624 0.5690433855 0.5573802052 0.5543285811 0.5572272451 0.5500639651 0.7451386754 0.8869295034 0.8914664679 0.8549727563 0.608705835 0.8551832188 0.5919800894 0.5868089166 0.8649310623 0.7780222147 0.7646018576 0.8887454499 0.6397593701 0.7212325703 0.5972354172
0.8379721362 0.5700380215 0.8367353722 0.8459213591 0.8401582206 0.8482376036 0.85197507 0.854376888 0.6194670856 0.6204270166 0.6202231799 0.6269993753 0.6447983955 0.6899443523 0.6869707032 0.539747058 0.6999197497 0.5190035245 0.5197627586 0.5175561747 0.8440293633 0.8432880918 0.8450563223 0.8475405482 0.6754678177 0.6733644892 0.6748593943 0.6726220683 0.6657761129 0.6772446478 0.6789431054 0.8676115634 0.8740307079 0.8669479946 0.661280328 0.5927901003 0.8174578387 0.5476440075 0.8388120234 0.8372319943 0.8401918027 0.8380331361 0.5373173192 0.5294270077 0.5069796117 0.5479928097 0.5475885424 0.5504657872 0.5583627607 0.7401195854 0.8854963205 0.6155415501 0.6131270601 0.5806728222 0.5827561332 0.5800442679 0.5905549161 0.643206778 0.634352441 0.6062928567 0.725248463 0.7044520637 0.5324874038
0.5742159466 0.8387503359 0.83806303 0.8385635862 0.8458620198 0.8490005963 0.8539907982 0.8564252216 0.6202524777 0.6143204392 0.6149332688 0.8870170439 0.6934506929 0.6926045617 0.6842987592 0.6303893836 0.6967645754 0.5240130794 0.5153161867 0.5154732597 0.9058287249 0.9068279428 0.8997775535 0.8491289006 0.6777796449 0.6624219487 0.6831518093 0.7359121417 0.6040077961 0.6658058447 0.6714578052 0.6741155837 0.8651245857 0.8718690093 0.5970129046 0.602024069 0.5292413097 0.6776019979 0.6040764769 0.6689863125 0.8469851657 0.8459430854 0.8817765337 0.5288750916 0.5359927448 0.5510698627 0.5526925716 0.5573503937 0.55998818 0.8822458452 0.8904130152 0.5490244952 0.8635715458 0.5835132649 0.5799763166 0.5853157664 0.5928509875 0.5180535521 0.6340242555 0.6378907294 0.7048101724 0.8566638112 0.8626980065
0.5822323679 0.5836369397 0.8407919661 0.835896445 0.8293383232 0.8334372497 0.7373295996 0.5766422064 0.6141099524 0.6133914723 0.6736161023 0.7453552151 0.6575015173 0.6938605057 0.7972962253 0.6910117673 0.8996063931 0.5156914506 0.5220877098 0.5169322772 0.9044328495 0.8971327948 0.9005423255 0.5512842715 0.6926957243 0.5362670753 0.7335839082 0.7332427723 0.730994991 0.6710921717 0.6654719466 0.665573138 0.8666165785 0.8742661723 0.540317988 0.6356325108 0.782600882 0.6723868827 0.8458422399 0.6094934533 0.8463268955 0.8778208067 0.6055953654 0.8909993183 0.5361500712 0.6253086185 0.884799415 0.5647393534 0.878255385 0.8804799236 0.6624492708 0.8966830292 0.5822796632 0.5851642709 0.5836725832 0.5884338127 0.7817245866 0.6425412644 0.6419604484 0.6413466427 0.5665572515 0.615643944 0.5352964239
0.5892987815 0.6443393321 0.8399040355 0.829277913 0.8285848623 0.8304875313 0.5702646674 0.5630519079 0.561897919 0.6174799764 0.6679601761 0.6773106652 0.5597897424 0.7030932323 0.6977932981 0.6998157039 0.6930509951 0.8126912425 0.8100011871 0.6780387129 0.9020929653 0.9048378839 0.9039447756 0.6951004566 0.5303659522 0.5377445347 0.8763645885 0.7286080913 0.7359035382 0.6687518638 0.6730725231 0.6726784166 0.6295373901 0.6557133332 0.6352281138 0.5352202581 0.7258215625 0.5008541887 0.684364981 0.6844836214 0.6846146688 0.6130676079 0.6092556786 0.5051071838 0.5030929996 0.8896935203 0.8894955792 0.8883438307 0.892100192 0.8859353366 0.8287715073 0.8265992313 0.821724939 0.7833726701 0.6096590286 0.7767504303 0.74891222 0.5854177992 0.6886830159 0.8355809119 0.6978685669 0.6504690768 0.5325618132
0.6417228424 0.8401206253 0.6765438643 0.8353077773 0.8307727354 0.8378689467 0.5644175035 0.5617519903 0.5640606927 0.6236460841 0.8990500341 0.6205175325 0.8024672909 0.5503146902 0.5491219458 0.543444211 0.8457257166 0.5306155163 0.8429900635 0.8111662681 0.9124433415 0.7014280499 0.9139912884 0.5211046676 0.5250045697 0.5257295918 0.7367515245 0.7304618096 0.7273545658 0.7256666385 0.7263321759 0.6790076628 0.5440319684 0.7666441655 0.765455584 0.6619456296 0.5587131798 0.8597668521 0.6792515494 0.6796209099 0.6802587727 0.8112036754 0.8156345954 0.8159743277 0.8947267822 0.8961400758 0.7195328652 0.8947874056 0.8963816795 0.5350489211 0.8284641555 0.8204019159 0.5662169336 0.6938519944 0.7424962751 0.7416460919 0.7403060807 0.7817522948 0.780813379 0.8951501349 0.5797260184 0.7683590388 0.6398666714
0.777913046 0.6716107754 0.6802907858 0.5312931228 0.8376896561 0.837624783 0.6108895703 0.5553324834 0.8212798712 0.6072729074 0.6151453608 0.6111235488 0.610709119 0.6131065407 0.5404864018 0.5482666535 0.5368949255 0.8402053106 0.8020765853 0.8046374191 0.5980631523 0.5066589574 0.5020060897 0.5282818783 0.525273928 0.6749657385 0.6791687402 0.5441700846 0.7224965933 0.7179120145 0.7220426095 0.7277451192 0.5647469211 0.7631785956 0.7606889645 0.5533321541 0.5586056304 0.6720994345 0.6718048183 0.672703559 0.6743177235 0.8109069052 0.8143479566 0.6583784337 0.6497966729 0.7818657943 0.7238126102 0.7274291068 0.8980231275 0.823993578 0.8293800764 0.8377482783 0.832347779 0.8331056579 0.7401630807 0.7342214475 0.7362990845 0.7782951795 0.7862318088 0.5807639757 0.6712144192 0.6078716342 0.6025382686
0.874365284 0.8841509649 0.5910827142 0.844166838 0.8436462231 0.8441064934 0.5624414955 0.5553443251 0.5588411849 0.6083965752 0.6068061246 0.6060724426 0.6086155375 0.6097177866 0.6169412991 0.5441786645 0.8478243596 0.6654628026 0.8452824304 0.8820234249 0.87963807 0.8809949473 0.8767582026 0.8839124172 0.89060555 0.7078410668 0.682010905 0.6731520872 0.7204467778 0.7248208145 0.7257569667 0.7274480723 0.7378186196 0.7321115231 0.7348634073 0.7666041638 0.5611116066 0.6716452554 0.6673399561 0.6714319774 0.676232996 0.812949418 0.5501148792 0.738074635 0.7351031765 0.7314351482 0.6097153741 0.6767311026 0.6720619022 0.6622039922 0.6965670921 0.7209916328 0.829878328 0.8380569754 0.7415817946 0.7364830342 0.7695046193 0.7738045131 0.782782711 0.5473182054 0.7259967818 0.6072263758 0.6105238162
0.8811547538 0.8742135654 0.7313026101 0.7274251814 0.7231584351 0.8500831897 0.5627961749 0.564031157 0.5590993454 0.6100750609 0.6126046679 0.6056813236 0.6061744186 0.6142466291 0.6139736785 0.6161630335 0.8559094617 0.8530666264 0.6959824559 0.8859859495 0.8727105875 0.8720187896 0.8743100155 0.8811789436 0.766583946 0.7723393625 0.6066683575 0.6055298332 0.6020745582 0.7329532943 0.7273067794 0.7331247604 0.7408559888 0.7326895481 0.7071818434 0.7124324472 0.694378664 0.6706356254 0.6750165776 0.6762481708 0.8986915719 0.8977862344 0.7293440623 0.7224969109 0.7236786039 0.5113531264 0.8100575004 0.6189410145 0.662196051 0.6511621125 0.6506287521 0.6538752603 0.8326863603 0.8367910946 0.7376019531 0.7695719243 0.7735155721 0.7759120802 0.6274520968 0.6237570293 0.7956043638 0.7301240678 0.5066162675
0.5301246353 0.8938034111 0.556315894 0.553380274 0.5588833491 0.6135696321 0.7611631073 0.5653729379 0.6244876758 0.6121514329 0.607807251 0.6119011822 0.6138550807 0.6213850905 0.5995723324 0.6013594117 0.6046822274 0.6362555926 0.6966920602 0.8887995847 0.8805714006 0.874425355 0.878837397 0.8866922405 0.7649204989 0.7632525711 0.6064862422 0.598517191 0.5939365405 0.5932390509 0.595633069 0.7372007748 0.7363068468 0.7094025837 0.7049745788 0.7086898379 0.6274392698 0.8904850894 0.887152629 0.8897379518 0.896036775 0.9073540942 0.9094873438 0.7211558573 0.8169234653 0.6032919825 0.5949773671 0.6031552884 0.5987700423 0.6552595123 0.6458521317 0.6535607781 0.6569431254 0.8378112552 0.8687295261 0.5632242134 0.5561629934 0.5595621824 0.5891547003 0.6535963968 0.8508782265 0.8468503166 0.8479959172
0.888939254 0.8946510306 0.9014454368 0.5511629774 0.5578520406 0.5674755258 0.7018065258 0.5716618231 0.6177781296 0.6151241725 0.610499503 0.6110292586 0.6185036238 0.6158690308 0.6076369689 0.5977920943 0.605255345 0.6117387688 0.6361258276 0.6305107872 0.6325980584 0.8885252069 0.8819460826 0.8821280616 0.7660878093 0.7682649002 0.6070673343 0.5917891608 0.5916150939 0.6008056618 0.5247726496 0.5477562738 0.7443274408 0.7050938476 0.7101920406 0.7070544765 0.7930066497 0.8897649014 0.88538626 0.8904332821 0.8950186072 0.9058004142 0.9152330069 0.7236167602 0.7233452785 0.5983676216 0.595682629 0.5946421898 0.5953351122 0.6537957439 0.6527522448 0.646292193 0.6465565358 0.7361309951 0.5554293567 0.5585793707 0.5558719061 0.562837076 0.7394183929 0.6325655412 0.7492844358 0.8425508782 0.8521008371
0.5090519784 0.8926640523 0.9019961262 0.5525677168 0.5602500514 0.5701201197 0.9384032215 0.7765840256 0.6225604727 0.6171268126 0.6139407981 0.6126587619 0.6191682146 0.6121435866 0.604168112 0.6017337618 0.6027001451 0.6121357311 0.6344311574 0.6304517093 0.6350675833 0.6434037711 0.8848154449 0.8885881186 0.8872664714 0.7730236435 0.5686027105 0.5964911471 0.8202199958 0.5932746198 0.6081645429 0.5899489972 0.7060219791 0.7583231338 0.7080841551 0.7866051046 0.8563470571 0.8868685533 0.8942835846 0.8903791275 0.8996435377 0.9036849416 0.9127647519 0.5472858165 0.7612916183 0.5995375966 0.5959100799 0.5948048749 0.6032402337 0.6584924179 0.6533235953 0.6538895274 0.6555027559 0.7178464768 0.5527469243 0.5510036629 0.5534286896 0.5525960476 0.7354900549 0.7341920677 0.851231396 0.849204443 0.8427830377
