landscape/hab_quality/256/simulation_000049_p036_h030_HABMAT_patch_more_500pix_modified.asc_ac_0.5_quality.asc
NCOLS 513
NROWS 513
XLLCORNER 0
YLLCORNER 0
CELLSIZE 9.980507
NODATA_VALUE NaN
[rows 279 to 309 of 513, columns 213 to 283 of 513]
0.5506159228 0.542850272 0.6353598293 0.6313160143 0.6265128576 0.6333326766 0.6352841622 0.6435658546 0.64372787 0.8812466114 0.7369884075 0 0.886081256 0.7773594483 0.7319722571 0.7822119583 0.7409972096 0.7386633489 0.7464072487 0.7476122429 0.7600866728 0.7659288671 0.7204002148 0.7135745339 0.6817984692 0.6789335084 0.6737819569 0 0 0 0 0 0 0.8421160983 0.8327525349 0.8807316432 0 0 0 0 0 0 0 0 0 0 0 0 0 0.5297435761 0.8084051759 0 0.6448620448 0.862604911 0.8716605634 0.6170371627 0.9039056698 0.90178063 0.8839088243 0.9052075686 0.9058746461 0.6566752003 0.6554397446 0.5766652202 0.5718487778 0.5695720018 0.5727640693 0.5794566884 0.5617450637 0.5582922018 0.5619812415
0.5517856267 0 0 0 0.6351645063 0.6303580762 0.6357888491 0.6345284061 0.634854934 0.8732368301 0.8787588941 0.8815713157 0.6488222586 0.737492323 0.7883384683 0 0.7442479318 0.7474845238 0.7445758261 0.7509624142 0.7597442116 0.7868806869 0.5649653023 0.686809877 0 0.6755728708 0.676384421 0.679598133 0 0 0 0 0 0.5613899406 0 0 0 0 0 0 0 0 0 0 0 0 0 0 0 0.5429568655 0.5503140566 0.8631699829 0.8590284137 0.9138231634 0.9035879348 0.8986188218 0.9005122212 0.896467053 0.9022384441 0.9099836795 0.7497756806 0.6584586797 0.6628721504 0.5766591195 0.5765387848 0.5727912914 0.581116214 0 0.5682508033 0.5604930472 0.5579093683
0.5084336102 0.5216650529 0.5251198061 0 0.6368253253 0 0.6371599784 0.8632624176 0.862436581 0.8709762016 0.872388074 0.8744233848 0.7541328191 0.7794551141 0.7745074297 0 0.7599574778 0.7544383716 0.7533723001 0.7514224638 0.7592596884 0.6134295161 0.6478804884 0 0 0 0.6775759513 0.8220081709 0.887428745 0.8853590056 0.8915291707 0 0.8832848443 0.5671614828 0 0 0 0 0 0 0 0 0 0 0 0 0 0 0 0.8734580383 0 0.8689847542 0 0 0.9085787853 0.8970577326 0.8929820211 0.6972219342 0.901106542 0.910504237 0.5514965732 0.8510942263 0.666756715 0.5801166906 0.5733588613 0.5825724207 0.5756915194 0.5765357452 0.5653166344 0.5639928139 0.5564494306
0.5067454394 0.5082210866 0.5172650915 0 0 0 0 0.8626440663 0.8612269216 0.8645166368 0.8647826195 0.8680332845 0.8767060429 0.769278284 0 0 0.6048304915 0.7585827875 0.7589821105 0.7540794429 0.760734085 0.6064885798 0.6060549195 0.6405090424 0.6411209905 0 0 0 0.8894012528 0.8825583518 0.889458917 0 0 0 0 0 0 0 0 0 0 0 0 0 0 0 0 0 0 0 0.8763060086 0 0 0.9141501326 0.9044500833 0.9013232724 0.8973257868 0.902729056 0.6991758294 0.7002249986 0.516080293 0.5935704583 0.7538170944 0.5694216088 0.6838583268 0.6776690564 0.5791089285 0.5729334553 0.5666639419 0.5603448941 0.5588112362
0.681029002 0.5070363145 0.8229323045 0.813611311 0 0 0 0.8673455691 0.8596981349 0.8587539683 0.861035157 0 0.760879363 0.7691409147 0.600927601 0.6993343515 0.5990510629 0.5970224941 0.5946672371 0.5991519614 0.6061324309 0.6017885683 0.6335303991 0.6355675747 0.6363098277 0 0 0.5457170897 0.8896281735 0 0 0 0 0 0 0 0 0 0 0 0 0 0 0 0 0 0 0 0 0 0 0.735480009 0 0.9137306192 0.9043293882 0.8838832694 0.9098204723 0.7718130697 0.7023697726 0.7068171448 0.7086358517 0.7528678044 0.6634076801 0.6637070735 0.8770701673 0.6769865092 0.5766089824 0.5732702583 0.5677590719 0.5643818586 0.5634430633
0.5090334498 0.8281748427 0.8210913379 0 0 0 0.8726558701 0.8721135352 0.864280681 0.867046866 0.8655849269 0.865771908 0 0.5945077273 0.5968559072 0.6984724439 0.6945021885 0.5980184482 0.5932190652 0.5913560569 0.5980750633 0.6028241529 0.5966412498 0.6286648854 0.6319609791 0.6263803485 0.6223692746 0.6140524118 0 0.6107399015 0 0.5942592208 0.5390605924 0.8617963226 0 0 0 0.8430861666 0.540966092 0 0 0 0 0 0 0 0 0 0 0 0.5351948655 0.8925285609 0.911283103 0.9096721349 0.9124920046 0.9091173924 0 0.9155955674 0.5871321038 0.6300714342 0.7522583327 0 0.6632230912 0.6633443664 0.6863200115 0.6826424933 0.5772431939 0.5803282343 0.5788962783 0.5751057623 0.5661586414
0.8247121463 0.8269741287 0.8268203759 0 0.8530505202 0.8478072166 0.8382853217 0.8653739924 0.8844070301 0.8683106835 0.8713100406 0.852800099 0.593301268 0.5910363666 0.7265601505 0.6959787699 0.6908210225 0 0.590808729 0.590917787 0.5877214486 0.5913859211 0.5996753617 0.6264744683 0.6231660316 0.6263579848 0.617216619 0.6154710499 0.6105486358 0 0.611184123 0 0 0.507091851 0.7456167165 0.8409806613 0.8387180522 0 0 0 0 0 0 0 0 0 0 0 0 0 0.8843153144 0.8855177136 0.9125912403 0.9104812576 0.909747053 0 0.915889864 0.6756484776 0.6601119883 0.6657232865 0.6624412559 0.8457685188 0.6896402148 0.7100382437 0.6888115706 0.6902145075 0.5839579853 0.7714211205 0.5807507723 0.5899572934 0.5703992776
0.802333746 0.800127452 0 0 0.7900227241 0.7961770313 0.8677584857 0.8002651716 0.8037533953 0.6160968281 0.8574821052 0.6240512829 0.6288328141 0.6267963916 0.7229269804 0.6996337289 0.6985266636 0.5968901902 0.5895112676 0.5827812266 0.5868260083 0 0.5916170961 0.6297659096 0 0.6199703959 0 0 0.6007113784 0.6040532149 0.5979898452 0.601803178 0 0.6855380423 0 0 0.5360278942 0 0 0.5788666109 0 0 0 0 0 0 0 0 0 0 0.8934827196 0.8909289862 0.8943980932 0.9151467525 0.7547117047 0.612467898 0.666827405 0.6612730367 0.6599023552 0.6548709034 0.6598113848 0.6654796057 0.6699023177 0.5004039103 0.5748546254 0.6257666669 0.792841329 0 0.5900730098 0.5398776536 0.5919201009
0.821203907 0.801167422 0.7976580913 0 0.7948361507 0.7889223092 0.7935823847 0.793871955 0.6816091348 0.6110403441 0.6403019997 0.6310699127 0.6234179278 0.6265616624 0.7254808661 0.7054653436 0.6987365701 0.5951883186 0.5848349029 0.5855516037 0.5896457111 0.5945091852 0.6026109976 0 0 0.6260729679 0 0 0 0.5961878664 0.599394204 0.6075958269 0 0 0.6768709583 0.6687781902 0.6722670306 0.5317423154 0.540838977 0 0 0 0 0 0 0 0 0 0 0 0.8997247372 0 0 0.7566842799 0.7635736176 0 0.6661802363 0.6571774075 0.6528885495 0.6508292914 0.6535924172 0.6677319729 0.675440688 0.8896176274 0.7087170159 0.5716477216 0 0.5451395754 0 0.6570719405 0.6633991968
0.6023129173 0.6103590962 0.7930573872 0.790485097 0.7872878999 0.7969704311 0.7954570963 0.7987827428 0.8010379758 0.8099993669 0.7284559373 0.7228194823 0.7199770751 0.7240975303 0.730112669 0.7352267804 0.7467773106 0.5918672186 0.5927009774 0.663145182 0.60352242 0.6030989029 0.5955677734 0.6005007373 0 0 0 0 0 0 0.6055443867 0 0.6123928438 0.674233279 0.6687558453 0.6647539215 0.6695295138 0.5328376608 0 0 0 0 0 0 0 0 0 0 0 0 0 0 0.7592375537 0 0 0 0 0 0.768321976 0.6566957285 0.6514205717 0.6733429121 0.6742009865 0.6371790892 0.6626962453 0.6100918649 0 0.6547074291 0.6535813692 0.6761408117 0.6773916311
0.6042767487 0.7790094924 0.7814113899 0.7869554353 0.7872272551 0.7924767435 0.8044031411 0.5746727384 0.8005689949 0.8420477005 0.7230874413 0.7226634858 0.7172677341 0.7185291438 0.7298804646 0.74518839 0.7386921214 0.7504089708 0.5975058986 0 0 0 0 0 0 0 0 0 0 0.612961816 0 0 0 0 0.6640406467 0.660066468 0.6668846681 0 0.7880150742 0 0 0 0 0 0 0 0 0 0 0 0 0 0 0 0 0 0 0.7672264078 0.770191407 0.7718290452 0 0.6588976065 0.6302372582 0.6515464284 0.6090809646 0.6128352805 0.6763552404 0.6484246872 0 0.6691617287 0.6713259196
0.7808596697 0.7875656277 0.7784150051 0.779871957 0.7836042828 0.7928524288 0.5943025748 0.5959849789 0.599128826 0.8102583588 0.5829443717 0.7225210863 0.7208762822 0.7270811538 0.5293877881 0.7356664904 0.7417611088 0.7423798996 0.6550982806 0 0 0.7456215183 0.7448153064 0 0 0.5834847402 0.631979003 0 0 0 0 0.7810107609 0.8858800885 0.6662567157 0.6674820481 0.6609572706 0.6610508649 0 0 0 0 0 0 0 0 0 0 0 0 0 0 0 0 0 0 0 0.7747738325 0 0.7700120787 0.7790963906 0.7809043588 0 0.8809693586 0.8072449834 0 0.6048221877 0.6555900835 0.6514228786 0.6553435875 0 0.6683790562
0.7846221149 0.7803714432 0.7845978102 0 0.7876311505 0.7905933467 0.7974789414 0.8122664825 0.6049417694 0.801905701 0.5812791357 0.5758692028 0.573489507 0.5768874989 0.7311724919 0.7312102605 0.7364890575 0.5253339583 0.6442281386 0 0 0.7318989979 0.7402508002 0.7410008764 0.6547682887 0 0.6341913118 0.6315731239 0 0 0 0 0.8155004899 0.8596159672 0.8599666697 0.5524478298 0 0.6013175389 0 0 0 0 0 0 0 0 0 0 0 0 0 0 0 0 0 0 0 0 0.7742661914 0 0.783190805 0.8770055175 0.8752005675 0 0 0.6002314043 0 0.597757391 0 0 0
0 0.7810386228 0.7848290558 0 0.788941051 0.7918550936 0.7967785895 0.8020959046 0.6644917929 0.889103931 0.5693102813 0.5642817603 0.5722496474 0.579057806 0.7393748537 0.7344170597 0.6501922152 0.6432434636 0.6380398833 0.6345155606 0.6378448424 0.7354795502 0.731180192 0 0.735757346 0.5299081403 0 0 0.653309536 0 0 0 0 0 0.8517540359 0.8573749159 0 0.7714103149 0 0 0 0 0 0 0 0 0 0 0 0 0 0 0 0 0 0 0 0.5676204927 0 0.521030801 0 0 0.8691128226 0.8788203926 0 0 0.5966614974 0.5988340434 0.5796097497 0 0
0.8060666453 0.7891758307 0.810305002 0.7867922919 0.8841654648 0 0.8060482316 0.8042557908 0.888362431 0 0.5653113381 0.5636511528 0.5695577494 0.5789303604 0.5860788544 0 0.6427660353 0.6417131805 0.6368604879 0.6338670149 0.6288460397 0 0.7392259851 0.7339435158 0.7420613688 0.753191017 0 0 0 0.6598281254 0.5149371586 0 0 0.8602192744 0.8533588802 0.5481808987 0.5459040288 0.5389657074 0 0 0 0 0.8820467077 0.8751205617 0.8769621071 0.8812261539 0 0 0 0 0 0 0 0 0 0 0 0 0 0 0 0 0.8789885285 0.8721370073 0 0.6054763195 0 0.6030365517 0.5836820417 0 0
0.7999475103 0 0 0.8754574849 0.8684325576 0 0.6771965301 0.6837630451 0.6833168702 0 0.555698377 0.5610599662 0.5721613496 0 0 0.6467461373 0.6460951422 0.638827907 0.6340971881 0.6338245795 0.6256658359 0.6332135271 0.7368707251 0.7427034934 0.7434663079 0.7480193805 0 0 0 0.7377816907 0.7390797604 0 0 0 0.5095757479 0.5467267953 0.8997030011 0.5371806783 0.5420543 0 0 0 0 0.8826632794 0.6764648912 0 0 0 0 0 0 0 0 0 0 0 0 0 0 0 0 0 0 0 0 0.7520938055 0.7862164032 0.7817938921 0.7788316297 0 0
0.803710458 0 0.7598243147 0.8354483937 0.8678423663 0.684940948 0.6726829931 0.6741844952 0.6752461168 0.5653101593 0.5632568532 0.5626252538 0.5725853474 0 0.6433441928 0.6447708712 0.639212273 0.6389628367 0.6625065785 0.6284347301 0.6322312114 0.6308377321 0.71923955 0 0 0 0.8289775212 0.7321824451 0.7225403083 0.7453341966 0 0 0.5132083383 0.724509384 0 0.549071059 0.5459086119 0.5425944329 0 0.5516424671 0.6758667317 0 0.6143387859 0.611481902 0.8165407343 0.6274737659 0 0 0 0 0 0 0 0 0 0 0 0 0 0 0 0 0 0 0.7421130736 0.7514492936 0 0.7780125357 0.773862952 0 0
0 0 0.8359728502 0.5251626975 0.6840391692 0.6802824482 0.6795461822 0.6720517804 0.6729204154 0.673856302 0.5696613875 0.5632689507 0.6333100489 0.8133539618 0.6456165577 0.6377642803 0.6390575845 0.5053344339 0.636896997 0.6305961396 0.6317783722 0.7151716031 0.7179785384 0.7148698608 0.8035911563 0.5058256821 0.5351028577 0 0 0 0 0.7158905065 0.7162639041 0.7167137362 0.884869907 0.853396347 0.8345514084 0.7266156308 0 0 0 0.6103376272 0.6048314334 0.6016438974 0.6067186935 0.6150480221 0 0 0 0 0 0 0 0 0 0 0 0 0 0 0 0.7034599552 0 0 0.8059045644 0 0.7574584934 0.7751542209 0.7751047539 0.7848351968 0.7800496766
0 0 0 0 0 0.6852857827 0 0.6735153402 0 0 0.8130106464 0.8097361481 0.8116211615 0.7793380003 0.6467356016 0.5385619958 0.6429881855 0.5706005314 0.8579397183 0 0.7202843114 0.6344128055 0.7135288509 0.7146213299 0.7150397885 0.7208252723 0.5288684359 0 0 0 0.7131198076 0.7101402876 0.7153031937 0.7891331663 0 0.8590097206 0 0 0 0 0 0 0 0.597988032 0.607094009 0.6198788038 0 0 0 0 0 0 0 0 0 0 0 0 0 0 0 0.7771865867 0 0 0.7703403189 0 0.5772560787 0 0 0.7899411483 0.7831932544
0 0 0 0 0 0 0.6763518636 0.6813779128 0 0.805152104 0.8056161259 0.8141165386 0.8150619305 0.828957614 0.6780706962 0.6512021684 0.5630861484 0.8623043499 0.8601925608 0.8589809562 0 0.7141051993 0.7401968317 0.7232453735 0.7189749615 0 0.7156485493 0 0 0.667957491 0.7120378607 0.7100812515 0.7880502095 0 0 0.89876044 0 0 0 0.8769460297 0 0.8706213441 0.8851023698 0 0 0.8902368031 0 0 0 0 0 0 0 0 0 0 0 0 0 0 0 0.8091628385 0.8140284826 0.8068138821 0.6914335637 0.873329635 0.7630447755 0.5421515963 0.6403160067 0 0.7866698135
0 0 0 0 0 0 0 0 0 0.7992955937 0 0.8074812031 0.8198855014 0.8284135661 0 0 0.7515039224 0.7972626964 0 0.8613618389 0.8708706921 0.7450078942 0.7250371177 0 0 0 0.7140543441 0.7129861948 0 0 0 0.7096711293 0.7056991236 0.7825516339 0.7867606804 0.786452454 0.7922677472 0 0.8803239197 0 0 0.8670793527 0 0.8800526984 0.8873325961 0.8948761946 0 0 0 0 0 0 0 0 0 0 0 0 0 0 0 0.8138803429 0.804508773 0 0 0.6846069092 0 0.8775707522 0.8783629333 0.5922451485 0.6009169876
0.5270815171 0 0 0 0 0 0 0 0 0.8012360252 0 0.8268682876 0.8276059134 0.829642643 0 0.5916925042 0.5372525203 0.5448981174 0.861420515 0.5528688446 0.8686744721 0.6533184348 0.7512912262 0 0 0.7093005467 0.7053238215 0 0.8938415828 0 0 0 0 0.7877296351 0.7805001837 0.7882286068 0.7880520148 0.8870123785 0.8833879975 0.8832843017 0.8721841285 0.8640025697 0.8708446416 0 0 0.8918235631 0 0 0 0 0 0 0 0 0 0 0 0 0 0 0 0 0.8117795449 0.8070805599 0 0.5837401644 0.5900353712 0.8758292067 0.8765246188 0.7202166632 0.5920600572
0 0 0 0 0 0 0 0 0 0 0.80274223 0.8332988084 0.8307992539 0 0.8392535527 0.8794058662 0.5363134356 0.5368882665 0.5494890669 0 0.7676276912 0.5555391621 0.7692647809 0.8325448935 0.7654224264 0.7059757903 0 0 0 0.516530823 0 0 0 0 0.7814525122 0.7845064673 0.7885665151 0.8016239881 0.5969781704 0.5980246523 0.8649508228 0.8720697532 0 0 0 0 0 0 0 0 0 0 0 0 0 0 0 0 0 0 0 0 0.7102145258 0.7077757834 0.7092209922 0.8493236347 0.6642126714 0.8699785406 0.8694236367 0.5982530403 0.5152079115
0 0 0 0 0 0 0 0 0 0.5212142348 0.5310149275 0.8143756662 0.5722731489 0.8686455174 0.8731353119 0.870821324 0.8782697785 0.5449703512 0.5510857539 0.5445402045 0.5526765205 0.5621894841 0.5561945571 0.5699945815 0.6803008218 0 0 0 0 0 0 0 0 0 0.7928974456 0.7932901996 0.7929912855 0.7977970058 0.5945847092 0.5886416993 0.5941637643 0 0.8738320852 0.8745647939 0.7205299 0 0 0 0 0 0 0 0 0 0 0 0 0 0 0 0 0.7167175074 0.7124466831 0 0.8705373314 0.8000631238 0.8058323091 0.8784898712 0.8714703532 0.6593094771 0.603809457
0 0 0 0 0 0 0 0 0.5308254359 0.5306521443 0.5266794258 0.529260925 0.7335164037 0.8739834328 0 0.8718075833 0.5856869466 0.5375865847 0.5510972838 0.5445242799 0.5518045011 0 0.7542162017 0.8242544298 0.8172557626 0.8760356595 0.8757831193 0.8327936133 0 0 0 0 0 0 0 0 0.7992139811 0.8015260453 0.5975493593 0.588975644 0.5978893822 0.5326276099 0.8815551296 0.8833731601 0.7265491992 0.7294181265 0.6436866785 0.7080403762 0 0 0 0 0 0 0 0 0 0 0 0 0 0 0.7970981945 0.8002721936 0.7984122278 0.8012992726 0.8080542419 0.5169837665 0.6674848784 0.7784647258 0.7335841387
0 0 0 0 0 0 0 0 0 0 0 0 0 0 0 0 0 0 0.7293699089 0.5507784159 0.8135646398 0.7504427791 0.7568964323 0.809935134 0.8144787228 0.8112253385 0.6825928563 0.8741074085 0 0 0 0 0 0 0.7109539568 0 0 0.6018246679 0.5907205911 0.5264961382 0.5253594841 0.5337181701 0.5771501709 0 0 0 0 0 0 0 0 0 0 0 0 0 0 0 0 0 0 0 0 0.7945334096 0.7939780384 0.7946419025 0.8024029699 0.5787694745 0.5813080768 0.7403904148 0.565580286
0 0 0 0 0 0 0 0 0 0 0 0 0 0 0 0 0 0.7291494526 0.7371586006 0.6616212914 0.6518643879 0 0.5551164279 0.7751553342 0.8109801358 0.8109160481 0.8666112502 0.6249989902 0.6545405082 0 0 0 0 0 0 0.6917810652 0.7402088491 0.6989649466 0.53480288 0 0 0.5347065042 0.5367643358 0 0 0 0 0 0 0 0 0 0 0 0 0 0 0 0 0 0 0 0.7972449706 0 0.7951090035 0.8000869166 0.7955063204 0.5713667354 0.5764676521 0.7893981189 0.6410869011
0 0 0 0 0 0 0 0 0 0 0 0 0 0 0 0 0 0 0 0.6595084658 0.6571312027 0 0 0.5376154236 0.8158720043 0.5604323726 0 0.8751150607 0.5653662939 0 0 0 0 0 0 0 0 0 0 0.6430572445 0 0 0 0 0 0 0 0 0.6520031476 0 0.6285429469 0.5925164604 0 0.5827241604 0.5908754471 0 0 0 0 0 0 0 0 0.8017839891 0.6261318218 0.8886474483 0.5644963129 0.5657582349 0.8307564913 0.687390314 0.7131955012
0 0 0 0 0 0 0 0 0 0 0 0 0 0 0 0 0 0 0 0 0 0 0 0 0 0 0 0 0 0 0 0 0 0 0 0.6131825214 0.578270302 0 0.5756633344 0.5478661317 0 0 0 0 0 0 0 0.5839277738 0 0 0.6275063076 0 0.5911320018 0.5839334178 0.5888582612 0 0 0 0 0 0 0 0 0 0.8916467612 0.8971232807 0.8972672623 0.5558501782 0.8288412579 0.8277176815 0
0 0 0 0 0 0 0 0 0 0 0 0 0 0 0 0 0 0 0 0 0 0 0 0 0 0 0 0 0.750759457 0 0.6837180133 0.6757568049 0.6221401408 0.6161483781 0.6065016149 0.6105783387 0.6107848428 0.6158807938 0.5742934353 0.5743314095 0.5996281438 0.5938885578 0 0.6080796874 0.6099753353 0.6112359648 0.7314956915 0 0 0 0.6509386062 0.5916146843 0.8876923472 0 0 0.5979525581 0 0 0 0 0 0 0 0 0.9060212847 0.8622390723 0.7701478745 0.531467818 0.5886726792 0.5965512026 0.6844359342
0 0 0 0 0 0 0 0 0 0 0 0 0 0 0 0 0 0 0 0 0 0 0 0 0 0 0 0 0.7451746161 0 0.606369897 0.6295261686 0.6235567756 0.6160123914 0.6412785065 0.6161221039 0 0.611714645 0.5787519617 0.5818296621 0.5982255849 0.5968504071 0.6026898269 0.6137942858 0.6040116208 0.6288220551 0.5583929079 0.6272395474 0 0.5394685649 0.5477316284 0 0 0.6854133068 0.530937569 0 0.8532046332 0 0 0 0 0 0 0 0.5657132404 0 0.7561143795 0 0 0.8533496212 0.5597818155
