landscape/hab_quality/256/simulation_000089_p064_h077_HABMAT_patch_more_500pix_modified.asc_ac_0.5_quality.asc
NCOLS 513
NROWS 513
XLLCORNER 0
YLLCORNER 0
CELLSIZE 9.980507
NODATA_VALUE NaN
[rows 203 to 231 of 513, columns 330 to 395 of 513]
0 0 0 0 0 0.7841256776 0.5876626978 0.7830436951 0 0 0.6977303957 0.6978318324 0.7423824122 0.7401370335 0.7464320955 0.7731238526 0.7577506528 0.7523592826 0.5346442087 0.5324127853 0.5417676961 0.5448399354 0.556529747 0.557409844 0.80937937 0.7098404627 0.8517484946 0.8426867673 0.8372744916 0.8416276848 0.7181532568 0.8141768198 0.5613403392 0.6410173816 0.6954877701 0.6551561965 0.6499708303 0.6524499118 0 0.5143896919 0.8074672218 0.8203053217 0.6124735223 0.5368726328 0.8257442222 0.8236115327 0.827640897 0.8287243692 0.8487447553 0.6098687991 0.8401637709 0 0.8160515452 0.7721027201 0.8309731472 0 0.5940667672 0.5925515904 0.53794763 0.6224362404 0.6160853608 0.618979686 0.7655509342 0.8207834184 0 0.8822866357
0 0 0 0 0 0.7831740655 0.6994321908 0.6228562988 0.7015597448 0.6979317006 0.6984691327 0 0.7461072682 0.7373679851 0.780886042 0.7529903184 0.7484497976 0.7518994377 0 0 0.5388005836 0.5486313973 0.6752672515 0.5219133377 0.6468918361 0.7635597769 0.8484636487 0.8427758481 0.8484689342 0.7239110335 0.8658947388 0.7653708683 0.7047935569 0.7237710002 0.6583759121 0.6520937226 0.6479762318 0.6465005283 0.6488106678 0 0.6838111452 0 0.8037117417 0 0.827705369 0.8503642793 0.8286698828 0.55560906 0.8425882815 0 0.7570954489 0 0 0 0 0.5143927272 0.5534547571 0.7712150003 0.6157843789 0.8270542897 0.7585852051 0.7603854667 0 0.7489867017 0 0
0 0 0 0 0 0.8259439454 0.6380817465 0.5751833082 0.5873508501 0.8981026093 0.698341808 0 0.7404146521 0.7388984053 0.744174898 0.7537977842 0.74554244 0.7450442591 0 0 0.838472726 0 0.6464523133 0.6443072662 0.6539247802 0.7082425702 0.7173020083 0.6255136836 0.7217209784 0.6765900256 0.7607249836 0.7698499751 0.762373298 0.725393843 0.5385060431 0.6557716756 0.650445513 0.6522604134 0 0.6813671019 0.6789996582 0 0 0.8395041667 0.7989937589 0.7262982851 0.5822581367 0.6428496842 0.8155147335 0.6662043195 0.6989886686 0 0 0 0 0 0 0.8480725308 0.6248510508 0.75865901 0.6885034732 0.7665901974 0 0.7011836225 0.7281211008 0
0 0 0 0 0 0.8344492818 0.8274519002 0.8117935271 0.813585505 0.9031288903 0.6830999688 0.6251931043 0.5652042696 0 0 0.7681124892 0.7444340157 0.749088742 0.7480945571 0.5806520803 0 0.8201912326 0.6464585031 0.5138258139 0.6450047494 0.5922393227 0.764795314 0.8045861453 0.6738580765 0.6807364778 0.7646749435 0.7601270635 0.5119579458 0.6592269252 0.6659849648 0.6568564838 0.6603070946 0.651494319 0.6609739375 0.516667165 0.7395820764 0.5450255765 0 0.6842413599 0.8402999615 0.6497993437 0.6193398049 0.6102977893 0.6536452949 0.7935456509 0.692768013 0 0 0 0 0 0 0 0.6208328472 0.6175893031 0 0.5239925555 0 0.5228798482 0 0
0 0 0 0 0 0 0.8068350275 0.8059403111 0 0.8535397597 0.8395886775 0.5874900377 0.8082907763 0.5635957501 0 0 0 0.7451280508 0.5727142179 0.5809330635 0.8168583396 0.8194215925 0.8225548279 0.8268755257 0.8410695746 0.8476653741 0.7348380856 0.6769723002 0.7274229907 0 0 0 0 0.8106824875 0.6571268847 0.6666972496 0.6073401082 0.6054166223 0 0.8377248169 0.790241294 0 0.6827786968 0 0.8799360539 0.8913045449 0.5306463127 0.6122306275 0.6168338862 0.696047484 0 0 0 0 0 0 0 0 0 0.5892252796 0 0 0.515712796 0.6404596306 0.6431713809 0
0 0 0 0 0 0 0 0 0.7245458909 0.6885091309 0.6763428286 0 0.8141494684 0.804252557 0.5332295983 0.5311737696 0.6268480237 0.6054724514 0.6304732616 0.6324595977 0.8191888791 0.814796163 0.8231375941 0.8322702408 0.8417523661 0.8503872775 0.5043779501 0.5185161208 0.7434742449 0 0 0 0 0 0.6033198444 0.6062554809 0.6125637013 0.6038427624 0 0 0 0 0.6790046372 0 0.632526497 0.5229351532 0.6187348122 0.7749121243 0.7039773733 0.599831229 0.7519746932 0 0 0 0 0 0 0 0 0.5854121239 0.7322188956 0.7289980537 0.755285654 0.6405453322 0.6403091903 0.6374634565
0 0 0 0 0 0 0 0.7922359178 0.7994574634 0.5569216959 0.5706622348 0.5329419979 0.5250710701 0.523100326 0.525123103 0.6240795739 0.5521987927 0.6235146465 0.6245997404 0.6271356853 0.6854227814 0.8210690561 0.8171003128 0.8260765396 0 0 0.728340931 0.7222133586 0 0 0 0 0 0 0 0.6014724623 0.6034189981 0.6080279364 0.8783447459 0 0.5378073632 0 0 0 0.5318838216 0.6474020191 0.5202582301 0.5268758947 0.5918165767 0.6011861367 0 0 0 0 0 0 0 0 0 0 0.7233118145 0 0.6552293867 0.6502895007 0.6372989426 0.6366842777
0 0 0 0 0 0 0.7923738913 0.8053597457 0.89575579 0.7873088265 0.7864780797 0.5301654996 0.5289858933 0.5227913145 0.5298607285 0.6265965941 0.6166942214 0.6220278042 0.6148347593 0.6343857512 0.8221367262 0.8203808386 0.8240943342 0.8224194442 0.8555147728 0.6775813695 0 0.7282814817 0 0 0 0 0 0 0 0.5960357432 0.5983877761 0.5959995228 0.6016208953 0.8497706457 0 0 0.717287114 0.7143519163 0.6145376343 0.5287972737 0.5269652884 0.5251990633 0.5266142607 0 0.6296765759 0.6519048393 0 0 0 0 0 0 0 0 0.7274231312 0.7288378624 0.6549154387 0.6461263527 0.6427710934 0.6128252422
0 0 0 0.795194775 0.8034850867 0.8007069556 0 0.5951426767 0.7807296534 0.7861824081 0.7842769901 0.5361109457 0.5314898478 0.5258643836 0.5310736941 0.6182414367 0.6133438983 0.6132343112 0.6094110304 0.6100663962 0.820018456 0.8185960939 0.8244275445 0.7074919722 0.7598837319 0.6785789278 0 0 0 0 0 0 0 0 0 0.5929622438 0.5890974546 0.5937682073 0.6047516186 0.7432396591 0 0.7150905509 0.7126225431 0 0 0 0.5974657268 0 0.5257591944 0 0 0 0 0 0 0 0 0 0 0.7311375567 0.7287071349 0.5432619008 0.5577804781 0.6466901214 0.6473773543 0.6335151098
0 0 0.8251299529 0 0 0.5867648345 0.6457106449 0 0.7765506508 0.7764516848 0.7803224348 0.7848292317 0.7083191151 0.6100963389 0.608338146 0.6034447475 0.6041608054 0.6013053574 0.6035864892 0.6054660283 0.5893540999 0.8237015638 0.8236440896 0 0.7141772613 0.767070482 0 0 0 0 0.6643583669 0 0 0 0 0.5945659784 0.597857651 0.5990449138 0.6064140848 0 0.722326569 0.7128296622 0.7054506635 0 0 0.8193555567 0 0 0 0 0 0 0 0 0 0 0 0 0 0.7298474785 0.7426930088 0.7471366024 0.5651458894 0.5571326465 0.5473343124 0
0 0.8705194451 0.8205507049 0.8248709308 0.8905048623 0.6438213468 0.8928388702 0.515785479 0.7112536965 0.7765241804 0.7774196223 0.5364982915 0.516051646 0.6165552848 0.6124172397 0.6037882515 0.59540138 0.5944175851 0.5961376977 0.6101808823 0.7900705571 0.7900926699 0.8661702479 0 0.6557816896 0.6596372003 0 0.6679722787 0.6750434997 0.6565865603 0.6653845706 0 0.674605758 0.8936854832 0.8880660119 0.5996495066 0 0.6039942794 0.604296441 0.728311522 0.7211996211 0.7076503592 0 0 0 0 0.8243041016 0 0 0 0 0.6427500761 0 0 0 0 0 0 0 0.5324956906 0.8178210931 0.856796548 0.5607634329 0.555145704 0.5339538556 0.5423776329
0.8693987128 0.8703600887 0.8782219479 0.8282009496 0.8781286745 0.883865083 0.8775451703 0.8572292774 0.8381560249 0.6830758021 0.8568312393 0.5185856185 0.5116670635 0.51340689 0.508280613 0.6073870311 0.5993802692 0.592022917 0.6003322315 0.7882573204 0.7813798954 0.7790204348 0.7868531181 0.8608580263 0.6503276551 0.6565656931 0.6619295663 0.667298115 0.6716872663 0.6591251625 0.6616570939 0.6305338858 0.7445571644 0.6561523947 0.6039078332 0.7502335174 0.611044407 0.6062669584 0.7331348967 0.7232759416 0.7238025223 0.7255889493 0 0 0 0 0.6269484601 0 0 0 0 0.8904614053 0 0 0 0 0 0 0 0 0.6528831081 0.7399162854 0.5919111624 0 0.5361935841 0.5336847859
0.8617796901 0.8714967645 0.8757346429 0.8282269853 0.8812032537 0.8738816159 0.882856733 0.8832832003 0.686733215 0.8999251099 0.8577523514 0.516698072 0.8828259648 0.5213333644 0.6087052376 0.6023801762 0.6012546954 0.5999323844 0.5949135121 0.7890591302 0.7813143434 0.7777671462 0.7824651304 0.6542573243 0.652178342 0.6547866254 0.6638662858 0.6695681733 0.6674571353 0.7498514061 0.8353040298 0.8404231013 0.7889356895 0.86708853 0 0.6128780411 0 0.7289974654 0.7262362789 0.7295510632 0.7262113717 0.8426926637 0.5873076579 0 0.7711449789 0 0.8352326371 0.7557548894 0 0 0.7361356341 0.8864357755 0.8867492783 0.6940489991 0 0 0 0 0 0.6509813038 0.6450760643 0.6907007537 0.538348262 0.5404755662 0.5372942092 0.5421598652
0.8703474294 0.8717174685 0.8776882076 0.5341163222 0.8790663256 0.8775483553 0.882456206 0 0.5326484148 0 0.5961830524 0.8965739703 0.8014527717 0.6114091218 0.6027220664 0.6054917195 0.6044414067 0.5151184033 0.7946152564 0.7879680986 0.7857185409 0.7804156163 0.7825796578 0.7834252404 0.654997106 0.671243333 0.6672077931 0 0.5938865641 0.5958488855 0.8159664173 0.6015611081 0.85493611 0.8601277472 0 0 0 0 0.7355533959 0.6928304636 0.5912185233 0.5847740594 0.5924321833 0 0.769059854 0 0.5519744721 0.7471673107 0 0 0.7330892967 0.7387909971 0.8882583106 0.6239706132 0.6469779966 0.886810112 0.5586468657 0.5590955497 0.5586362645 0.6436646536 0.6514772925 0.766552572 0.5314558338 0.5493560216 0.5463874738 0.5413211825
0.7001730745 0.5506142135 0.627124911 0.545910523 0.8034192289 0.8859793506 0.8920705984 0.8858892169 0 0.5912368555 0.5517064386 0.6499416545 0.807431016 0.8143914634 0.8079802154 0.5835130382 0.5186862733 0.5201177582 0.791936162 0.7892648979 0.7892407537 0.7989825386 0.7883327044 0.6622511401 0.6610406764 0.6607605005 0 0 0 0 0.8705357287 0.6088665352 0.8540372826 0 0 0 0 0 0.7681948116 0 0.5893584286 0 0 0 0 0.7731446983 0.8785155903 0.5721105184 0.6953050211 0.7366230887 0.7370169066 0 0.7406693684 0.8165181364 0.5984081838 0.891565218 0.8831107992 0.5563346216 0.5568993759 0.6490503831 0.6471544937 0.823834735 0.8275289619 0.8287469275 0.5437212363 0.5484422402
0.5437176359 0.705012705 0.7097769537 0.670622174 0.6053077144 0.8516077929 0.8482289978 0 0.5932336326 0 0.5955053742 0.7970564424 0.8143938596 0.8067355562 0.839594455 0.83229983 0.8401912925 0.5880556237 0.811240152 0.7955909543 0.7922176674 0.7952394252 0.7720037889 0.7702600957 0.7706420487 0.6697072924 0.6652346522 0.8484024959 0 0.6062721422 0.8881897232 0 0 0 0 0 0 0 0 0 0.8022005435 0.7106366889 0.7144364516 0.8141186864 0 0.7738135358 0 0.7015482899 0.6983794068 0.703098532 0.6144668454 0.6941204572 0.8151815616 0.5889430723 0.588223911 0.8851319807 0.8179396731 0.6277370716 0.5638325594 0.6496796902 0.65109047 0.8278601092 0.8218201189 0.5323442989 0.5405089468 0.5484545835
0.694641172 0.7022374015 0.7836067604 0.7096620494 0.8469172717 0.8507320668 0.858181804 0.6030335178 0.8286469914 0.7125207257 0.7187241316 0.7737149439 0.8081580792 0.5709561324 0.8346671996 0.8304592746 0.8315726325 0.83607479 0.8065334491 0.8014463675 0.5218016649 0.8017223938 0.7748438647 0.7652343656 0 0.5321030741 0 0 0 0 0 0 0 0 0.5239220228 0.6474190776 0.52883193 0 0 0.7947851405 0.8011000918 0.7141102924 0.5522522975 0.5876129257 0 0 0 0.709904823 0 0.8199328893 0.7994382511 0.5919780673 0.5862355851 0.5856559792 0.5819101965 0.5085709144 0.581633547 0.6321227143 0.6290892401 0.7016069414 0.615912305 0.8302181133 0.8561482097 0.8842447103 0.540532159 0.5414465914
0.6982498092 0.6995220038 0.7060158457 0.5065876968 0.8263390599 0.8263154282 0.8274228283 0.8229804133 0.563259599 0.6516306217 0.5553062117 0.6983736983 0.6962655314 0.6540362284 0.8344755832 0.83270646 0.8354608589 0.767593863 0.8054204746 0.7057548654 0.7892703473 0.779319449 0.7693749314 0 0 0.5375167155 0 0 0 0 0.549810817 0 0.5493615446 0.8688659698 0 0.8666982962 0.869628503 0.7519815533 0.7968216877 0.7986210816 0.7983474242 0 0 0 0 0 0.5374933589 0.7126721293 0.7073488005 0.6567559223 0.6552519471 0.6591549387 0.5832764869 0.5766828607 0.5808799936 0.5795053533 0.5863747426 0.5920282999 0.6496870411 0.718201898 0.6358368964 0.8706421033 0.8559664437 0.5331463702 0.7027895721 0.5302679341
0.7025200822 0.7003670065 0.8322415386 0.8354694685 0.8300883163 0.7173690603 0.8192793617 0.7097825746 0.7797654337 0.5443667718 0.5491134963 0.6954648003 0.6950036097 0.8971203269 0.5886759827 0.8355811399 0.7679111309 0.8846870806 0.7740800447 0.6644679546 0.7860850211 0.7878324836 0.5613976195 0 0.6071215579 0.553614684 0.6905169726 0 0.5498082402 0.541698679 0.5453116884 0.5432265913 0 0.673139622 0 0.8612504841 0.8624995849 0.7502336911 0.8568789513 0.6509474585 0.7534999571 0.7460144328 0.7481883327 0 0 0 0.7429902263 0.7088178328 0.7056576121 0.6536156506 0.6522263302 0.6540017604 0.658574962 0.5740798288 0.5713516763 0.5716026945 0.5866012227 0.6460569629 0.7093236604 0.6909592386 0.7391928183 0.5404963786 0.5511388628 0.6895597672 0.7364301144 0.7434639057
0.7083327764 0.7121310451 0.8260619965 0.8255703005 0.8330548003 0.8267459158 0.6696869838 0.6712420545 0.6680904551 0.5422024095 0.5401968197 0.5390002724 0.543379611 0.6958372635 0.7525130938 0.5896368181 0.6862688732 0.8225366485 0.7002173041 0.7931708095 0.788835721 0.7940604456 0 0 0 0.5739788968 0.5665297262 0.5565336558 0.5487431099 0.5421686465 0.5394774995 0.5474033516 0.5388131268 0.652786297 0.8709033417 0.7706996685 0.7679336737 0.7468241357 0.7486343893 0.7454687973 0 0.745663953 0.7467914373 0 0 0.7690761417 0.7221178346 0.7090541349 0.6398077142 0.6418736255 0.6426508209 0.6499642389 0.6583259876 0.5771616749 0.5713846426 0.5811830168 0.5917939442 0.5918297727 0.5024317972 0.7194634457 0.5913375043 0.588045077 0.5941971587 0.8983972023 0.7337464465 0.7387338947
0.5146539026 0.7097518294 0.8343568273 0.8332559479 0.8271067827 0.8317226957 0.6146661685 0.6666706319 0.8489927692 0.5484867402 0.5365137264 0.5357534768 0.5424996419 0.7607978952 0.6471754204 0.8413594251 0.5713775986 0.6835402054 0.7094975915 0.5201348232 0.8567484262 0.8269907717 0 0 0 0 0.5661688608 0.5549095467 0.5521825465 0.5422667921 0.5418683987 0.5384243397 0 0 0 0.7674926891 0.7608242198 0 0.742885429 0.739925609 0.7371537757 0.7346079381 0.7370757868 0 0 0 0 0.6375875654 0.6392972694 0.6396866834 0.641142403 0.646428898 0.6514633516 0.5758793879 0.5799796233 0.579148188 0.6252761265 0.6902263419 0.6807469474 0.6715116917 0.5868045128 0.584231839 0.594110614 0.7339095801 0.7371404755 0.7418372519
0.7254395399 0.7117982099 0.5361364256 0.7795477712 0.8501986327 0.8363556724 0.7050516239 0.6953308183 0.6973854922 0.7030329648 0.5396592876 0.5427426682 0.7907467368 0.6559596607 0.5435128631 0.5438697776 0.5698989211 0.8419099632 0.8284821722 0 0.6946556916 0.6641294245 0 0 0 0.5638849931 0.8352392556 0.5793420581 0.5473009094 0.5454779053 0 0 0 0.7365287351 0.6068740549 0.7618746492 0.7701377982 0.7476699921 0.7471055614 0.7456528196 0.7421696095 0.7330032806 0.7336049018 0.741888977 0 0 0.6414262914 0.6394687685 0.6320006297 0.6404313572 0.6470249049 0.6419618277 0.6445320986 0.8667792376 0.5750990467 0.7501583336 0.6450208919 0.6793081148 0.6781147037 0.6769320265 0.5888487293 0.7349689326 0.6487580115 0.6533947152 0.65456398 0.654509232
0.6391447334 0.8872829342 0.8575348477 0.8486070402 0.8502381257 0.7018059284 0.7063002471 0.6954078471 0.6935386129 0.6904070538 0.7152918483 0.5448564185 0.5457261119 0.546025789 0.5348188145 0.5730425178 0.5646524895 0.5648792036 0 0.8715654161 0.8665900628 0.8872905742 0.7432626443 0 0.5688317844 0.5670108291 0.5755864194 0.7257125451 0.5848498463 0.5470230523 0.5461542791 0.7512419657 0.6122370048 0.6216707611 0.6836143699 0.6740888161 0.6147292164 0.9072751046 0 0.8225276288 0 0.7358278918 0 0 0.7512848004 0.7610655322 0.6088920418 0.6390545868 0.6358396921 0.6324430377 0.6465001944 0.6496181255 0.643398469 0.5532967352 0.5838872866 0.8477156087 0.745515717 0.8531255848 0.8558755199 0.6506885975 0.652209564 0.6490211038 0.6515051017 0.6475249587 0.6542317989 0.661813237
0.8858029462 0.8923392534 0.8539079387 0.7863177989 0.7074219237 0.6660355301 0.6976820949 0.6965297655 0.6866185606 0.6815739084 0.6867492305 0.5524663393 0.752531499 0.7511419912 0.7547961827 0.5738747188 0.5715629374 0.5620201613 0 0.5581364913 0 0.8639441371 0.8648957578 0.7874953559 0 0.7255614887 0.7199230554 0.7217018126 0 0 0.5535635395 0.7487110484 0.5775273432 0.5795457624 0.5527401801 0.5616451793 0.9144903175 0 0.9053111956 0.9015276698 0.9052298431 0.9058772364 0.5224893946 0 0.8663854573 0.6020939486 0.5968395185 0.5927834138 0.5136898279 0.6385056617 0.641463335 0.6946831472 0.6906920174 0.7355973011 0.6896642459 0.577936949 0.8469800597 0.8532698628 0.6245127119 0 0.6475542322 0.6459685215 0.6457408987 0.6552512803 0.6536107479 0.659028259
0.8859168447 0.6995460165 0.8278453941 0.8704782317 0.7085801073 0.7057468366 0.6982803776 0.6893452247 0.678442394 0.6774406248 0.6791056837 0.6841417264 0.7563556943 0.7488401336 0.7445127923 0.7436191215 0.5568201647 0.5565882988 0.5550408526 0 0.870412401 0 0.8091906504 0.8966861265 0.6013782258 0.7231247414 0.7214570882 0.7253198551 0.7267812696 0 0.5675371615 0.5784761332 0.5773702342 0.5802024143 0.5469982479 0.5594588268 0.5578623851 0.9120250454 0.9089945058 0.9050465478 0.8985489654 0.9029755202 0.9091307455 0.8088492044 0.6491807252 0.6010294472 0.5926844506 0.5982132892 0.599116375 0.8507416218 0.5365697897 0.694754691 0.6968514075 0.6890695176 0.6905505449 0.6828903952 0.854220632 0.8549360641 0.8168402011 0.8158718356 0.643354323 0.6419754037 0.6436491317 0.6529696954 0.7794106324 0.5425821389
0.7412012477 0.733394888 0.5681368547 0.6462488841 0.7079900963 0.7660909014 0.6897025237 0.6915332222 0.6873738322 0.6870889766 0.6834216752 0.6840442498 0.7499780898 0.7465286394 0.7435507294 0.748812251 0.555282731 0.5523710752 0.7397937478 0 0 0 0 0.8050595858 0.890502884 0.7634198467 0.7318521146 0.5286705993 0.5268431473 0.5222191864 0.7573201024 0.5800347741 0.5838897329 0.6987565295 0.8364166678 0 0 0.9140355849 0.9142361138 0 0.8996807129 0.9041666806 0.9049534915 0.5889405443 0.5859616427 0.5977318672 0.6018437274 0.5940857033 0.6017524867 0.7663949408 0.5296549387 0.556514101 0.5394183512 0.6873867793 0.682219517 0.6785653199 0.6789938477 0.8229001948 0.8104588895 0.8078059249 0.6424043006 0.6470649598 0.6438713537 0.8878437854 0.6627189167 0.7203429169
0.7316775989 0.7406325017 0.5864365244 0.7087588107 0.7076612708 0.764279739 0.7593468201 0.7616783933 0.5967342984 0.5951804037 0.5985415137 0.6927246048 0.7493979821 0.7447192319 0.7437433512 0.742776622 0.5549758162 0.7358383348 0 0.7708138566 0.7804879539 0 0.7958260696 0 0.8838159718 0.8985290018 0.7491895937 0.5221494947 0.521380819 0 0 0.5402248459 0.6528993875 0.8529211357 0.7153294299 0.8812970333 0.8853738008 0.8258152632 0 0.8286347919 0.912434258 0.9077963019 0.9130606145 0.6437164342 0.5978178866 0.6472736954 0.6063322997 0.7022843342 0.622180117 0.8285831774 0.8210838111 0.8215237154 0.8262172632 0.6866004745 0.6761314003 0.6744603562 0.6719385296 0.6794974315 0.8091173113 0.8167456543 0.8082269566 0.8868475489 0.8894319937 0.8974082164 0.8883653978 0.6653866007
0.8673157701 0.7404349001 0.577156699 0.6568121204 0.5303724611 0.7752481668 0.7727335787 0.7745237815 0.7673947862 0.5951102353 0.7650067098 0.5568564964 0.5503787888 0.5570958329 0.7271814487 0.7331060932 0.7355386833 0.8746133566 0.7649847546 0.766980904 0.7686772333 0.7895046184 0.7986357033 0.7968282941 0 0.5235760851 0.8870135508 0.5151977854 0.5168159012 0 0 0.7734097042 0.570611272 0.5488493416 0.6400540699 0 0.5164129549 0.6247085412 0.8210711343 0 0.7162968734 0.7158855937 0.724892329 0.8412315432 0.7590377221 0.7433773632 0.7427315806 0.748890347 0.9062730859 0.9035919772 0.8263561537 0.8195184478 0.827842638 0.8378189084 0.6732774627 0.6683038028 0.6700511875 0.6691929067 0.6653786428 0.8994635753 0.8925136343 0.8872955295 0.8889556884 0.8137329172 0.8104306835 0.8141467518
0.5770640282 0.6436352707 0.6491683516 0.6433742152 0.7808464653 0.7709974525 0.7690384833 0.7584210618 0.7562609932 0.7578633109 0.7617301405 0.7678085288 0.5576156092 0.5480745148 0.571416786 0.726910887 0.5256325555 0.7374980884 0.7626652718 0.7619434009 0.7632148508 0.7909753831 0.7960816377 0.7768717756 0.7476305377 0.8059438702 0.5163163056 0.5094126301 0.5117427551 0.5068666121 0 0 0.564309607 0.5552733276 0.6580869011 0.5379767333 0.515092787 0 0.8800834282 0 0 0.7257176589 0.7091573401 0.7444959322 0.7444946353 0.7468750307 0.7390043867 0.7478213106 0.8979974743 0.9016070443 0.8284894041 0.7474074824 0.8237939729 0.8338159324 0.6704424019 0.6721431765 0.6645941789 0.6626651791 0.6692938368 0.6816174024 0.8965584331 0.8917389897 0.8932890851 0.8148677093 0.8086014151 0.5211367769
