landscape/hab_quality/256/simulation_000018_p051_h096_HABMAT_patch_more_500pix_modified.asc_ac_0.5_quality.asc
NCOLS 513
NROWS 513
XLLCORNER 0
YLLCORNER 0
CELLSIZE 9.980507
NODATA_VALUE NaN
[rows 216 to 251 of 513, columns 80 to 159 of 513]
0 0 0 0 0 0 0 0 0 0 0 0 0 0 0 0.6744813712 0.7398267103 0.8377160872 0.5172340268 0.6114740896 0.7326393365 0.7303512652 0.7208992514 0.6815202955 0.5377805527 0.8142002468 0.5372316289 0.6832572412 0.7727133479 0.7696660491 0.7680576804 0.7633381321 0.8723584106 0.7624461658 0.7560058833 0.7650824982 0.7811193074 0.562360865 0 0 0 0 0 0 0 0 0 0 0 0 0 0 0 0 0 0 0 0 0 0 0 0 0 0 0 0 0 0 0 0 0 0 0 0 0 0 0 0 0 0
0 0 0 0 0 0 0 0 0 0 0 0 0 0 0 0 0.5824582159 0.7937580935 0.7665614814 0.7247953508 0.7194454491 0.7747628988 0.7366518928 0.6993413671 0.5444606804 0.6009632728 0.5914330236 0.6739380558 0.5698394425 0.7731648116 0.7729554614 0.7722781529 0.771970648 0.8137278508 0.7803030865 0.6454757547 0.6440969014 0.6436764421 0 0 0 0 0 0 0 0 0 0 0 0 0 0 0 0 0 0 0 0 0 0 0 0 0 0 0 0 0 0 0 0 0 0 0 0 0 0 0 0 0 0
0.666655431 0.6719274942 0 0.5839757842 0 0.8530715983 0.6180768931 0.5810427003 0 0.8256802365 0.5185272239 0 0 0 0 0 0.6003638313 0.7159940556 0.7158331669 0.7118615961 0 0.7419273468 0.7053384156 0.7068078711 0.7058803745 0.8698194007 0.8247722339 0.8201327676 0.8211075813 0.8340542853 0.8275710441 0.5043869205 0.7738987898 0.7790743183 0.6487368746 0.6443488287 0.6360937058 0.6381580983 0.6420409165 0 0 0 0 0 0 0 0 0 0 0 0 0 0 0 0 0 0 0 0 0 0 0 0 0 0 0 0 0 0 0 0 0 0 0 0 0 0 0 0 0
0.6379522849 0.5868343844 0.6754391045 0.5743529592 0.6127870377 0.6143663332 0.612120072 0.7539499081 0.5781668059 0.5701792213 0.5937922684 0 0 0 0 0 0 0 0.7104487146 0.7046112848 0 0 0 0.7003875157 0.7023270798 0.8218419618 0.8210889504 0.8195088962 0.8281905891 0.8248266408 0.8044348492 0.7887671372 0.5095740084 0.8670658732 0.866072693 0.6400251401 0.6390307147 0.6365504094 0 0 0 0 0 0 0 0 0 0 0 0 0 0 0 0 0 0 0 0 0 0 0 0 0 0 0 0 0 0 0 0 0 0 0 0 0 0 0 0 0 0
0.8248517964 0.6513568614 0.7832919816 0.783071056 0.8856228869 0.6065225331 0.6081881251 0.7509854267 0.5768581604 0.5692909999 0.5735760173 0 0 0 0 0 0 0 0 0 0 0 0 0.7022882502 0.6033025293 0.828705392 0.829017652 0.8200893549 0.8201931335 0.9214211241 0.9264675034 0.9217391096 0.9245182589 0.8639021581 0.8622264274 0.8657249553 0.8593171523 0.7413754167 0 0 0 0 0 0 0 0 0 0 0 0 0 0 0 0 0 0 0 0 0 0 0 0 0 0 0 0 0 0 0 0 0 0 0 0 0 0 0 0 0 0
0.6441217681 0.7300485436 0.850808996 0.8416341516 0.6090558431 0.609884235 0.615912228 0.7565648586 0.57237307 0.5642872103 0.5644032238 0.7102386315 0 0 0 0 0 0 0 0 0 0 0 0 0.5330591325 0.889244587 0.8222678723 0.8210852145 0.6221442692 0.5321255911 0.9206724881 0.9183595462 0.9230952649 0.8610332453 0.863045206 0.8564396278 0.8657782585 0.8726093142 0.7223510838 0 0 0 0 0 0 0 0 0 0 0 0 0 0 0 0 0 0 0 0 0 0 0 0 0 0 0 0 0 0 0 0 0 0 0 0 0 0 0 0 0
0.9086569178 0.8572071445 0.8485172157 0.6154954459 0.8320997571 0.8341559378 0.7789999831 0.8297921571 0.5700800455 0.5688631872 0.7032065246 0.7012614578 0 0 0 0 0 0 0 0 0 0 0 0 0.6051189607 0.5298726786 0.9289357003 0.7314791129 0.9171561385 0.9121457345 0.9122619782 0.9058285923 0.9033058484 0.9048203565 0.8561453687 0.8514791138 0.8583028424 0.8574160463 0.7169586651 0.8304391391 0 0 0 0 0 0 0 0 0 0 0 0 0 0 0 0 0 0 0 0 0 0 0 0 0 0 0 0 0 0 0 0 0 0 0 0 0 0 0 0
0.9008436319 0.7851669823 0.8477018403 0.5754089087 0.8237685889 0.8233416099 0.8257889328 0.8298387942 0.5415611278 0.6990501035 0.6944338966 0.6995215811 0 0 0 0 0 0 0 0 0 0 0 0 0.5281636821 0.5372118734 0.9253264363 0.9235814446 0.9163807814 0.908053277 0.9030383599 0.8985939152 0.8956617546 0.847411271 0.8508892943 0.8502477299 0.8518350158 0.8529165353 0.8176753033 0 0 0 0 0 0 0 0 0 0 0 0 0 0 0 0 0 0 0 0 0 0 0 0 0 0 0 0 0 0 0 0 0 0 0 0 0 0 0 0 0
0.9028948317 0.8479027291 0.842471604 0.7384602024 0.8263696241 0.8215324322 0.8265167394 0.8342767409 0.7697364893 0.7016127759 0.7668340648 0.6916284286 0 0 0 0 0 0 0 0 0 0 0 0 0 0.5309670603 0.9282505798 0.9252350571 0.9156895065 0.9105281916 0.7219088317 0.895228224 0.9038667815 0.8428285821 0.848752395 0.855326803 0.8127862799 0.8072585834 0.8101701169 0.810990304 0.820838895 0 0 0 0 0 0 0 0 0 0 0 0 0 0 0 0 0 0 0 0 0 0 0 0 0 0 0 0 0 0 0 0 0 0 0 0 0 0 0
0.9084269411 0.8038098954 0.796815596 0.7908796402 0.8278356136 0.8248842983 0.8173773377 0.8230074451 0.7691690448 0.7626571495 0.6017301336 0 0 0 0 0 0 0 0 0 0 0 0 0 0 0 0.5332142617 0.5525773181 0.9177278176 0.7316568188 0.9043249444 0.8945080235 0.8217394485 0.8463970095 0.8485153522 0.856099209 0.7849889723 0.8059903868 0.8047374101 0.8095012759 0.8187223739 0 0 0 0 0 0 0 0 0 0 0 0 0 0 0 0 0 0 0 0 0 0 0 0 0 0 0 0 0 0 0 0 0 0 0 0 0 0 0
0.5526685554 0.7371211107 0.7927995219 0.8223348358 0.831120915 0.8260307196 0.8238328405 0.8217654019 0.8794895475 0.7364754013 0.6238133694 0.7012052359 0 0 0 0 0 0 0 0 0 0 0 0 0 0 0.5323082869 0.5381767745 0.5457240006 0.9099911993 0.8986269119 0.8948220907 0.856119973 0.8553222784 0.8511181885 0.8486259492 0.7923743808 0.8000333385 0.8026299496 0.8142781474 0 0 0 0 0 0 0 0 0 0 0 0 0 0 0 0 0 0 0 0 0 0 0 0 0 0 0 0 0 0 0 0 0 0 0 0 0 0 0 0
0.5668167091 0.5461994265 0.5530190279 0.7084809956 0.8375151504 0.7092699057 0.8244651341 0.8300314286 0.7267673806 0.8722813158 0.6804771498 0.601959518 0.7497706298 0 0 0 0 0 0 0 0 0 0 0 0 0 0 0.63086774 0.5363386536 0.5373039233 0.5328689847 0.5505844285 0.8806485647 0.5822600937 0.5888351477 0.7690340288 0.7953994252 0.7981275828 0.8049419993 0.8090135755 0 0 0 0 0 0 0 0 0 0 0 0 0 0 0 0 0 0 0 0 0 0 0 0 0 0 0 0 0 0 0 0 0 0 0 0 0 0 0 0
0 0.543092728 0.5433507249 0.5367144192 0.6190453424 0.5285297553 0.6547645268 0.8752873211 0.8695770213 0.59993656 0.5976348858 0.5862117116 0.5938184989 0 0 0 0 0 0 0 0 0 0 0 0 0 0.6283159556 0.6293214279 0.5406496417 0.5343729428 0.5281602918 0.5559040184 0.5460356327 0.8598023127 0.8526837913 0.777470459 0.7744212388 0.7776851481 0.798492239 0.8113674677 0 0 0 0 0 0 0 0 0 0 0 0 0 0 0 0 0 0 0 0 0 0 0 0 0 0 0 0 0 0 0 0 0 0 0 0 0 0 0 0
0.7205257429 0.5655635785 0.5350002054 0.5431841785 0.8371535921 0.8077407488 0.7916461794 0.7909142459 0.7892377948 0.5925664084 0.5923002548 0.5848766211 0.5856203033 0 0 0 0 0 0 0 0 0 0 0 0 0 0.6267152267 0.6332307831 0.5360089929 0.5283264142 0.5352419574 0.5508646795 0.5481217241 0.8581213305 0.8591549136 0.8536828075 0.7747640528 0.7758544523 0.703122788 0.6998961986 0.6861473893 0.6057456063 0 0 0 0 0 0 0 0 0 0 0 0 0 0 0 0 0 0 0 0 0 0 0 0 0 0 0 0 0 0 0 0 0 0 0 0 0 0
0 0.604238305 0.8008833638 0.8040874844 0.7961827753 0.6638658383 0.7909731291 0.7823834711 0.7861226595 0.5942639823 0.5967326299 0.5906992746 0 0 0 0 0 0 0 0 0 0 0 0 0 0 0.8681241116 0.872245984 0.6379069688 0.5425773513 0.5414915214 0.5383185798 0.5933547617 0.8682321181 0.8671227305 0.7766362235 0.7787074652 0.5080731415 0.7817039797 0.6944020291 0.7021768351 0.6839617908 0.6026991899 0 0 0 0 0 0 0 0 0 0 0 0 0 0 0 0 0 0 0 0 0 0 0 0 0 0 0 0 0 0 0 0 0 0 0 0 0
0 0.7952446565 0.7915526061 0.7942451601 0.8003847898 0.8112722363 0.7921195761 0.78246131 0.7881193036 0.6619249046 0.8693152581 0.5837295212 0 0 0 0 0 0 0 0 0 0 0 0 0 0 0.8626814758 0.8663016657 0.5864342164 0.5463039632 0.6139500437 0.6195821251 0.6901210205 0.8765755361 0.8706131176 0.8755437581 0.8699711133 0.8933211485 0.6117527927 0.886097985 0.6994736173 0.6874556712 0.6056521458 0.606987316 0 0.5430696976 0.6876001347 0 0 0 0 0 0 0 0 0 0 0 0 0 0 0 0 0 0 0 0 0 0 0 0 0 0 0 0 0 0 0 0 0
0 0 0.7887839679 0.7944334921 0.8021082163 0.8079587438 0.7842717273 0.6234342342 0.6557326996 0.6595139742 0 0 0 0 0 0 0 0 0 0 0 0 0 0 0 0 0.6107623343 0.584625548 0.5462768211 0.718460561 0.6817036554 0.6120096151 0.6154510914 0.5255114051 0.8799041672 0.8157393791 0.8959036289 0.5277685968 0.8894594988 0.8949180718 0.700094156 0.5974183082 0.6012033788 0.7383012616 0.6991097524 0.5476030846 0.5405635739 0.5314295006 0.528063838 0.7262869622 0.8208935485 0.5237531157 0 0 0 0 0 0 0 0 0 0 0 0 0 0 0 0 0 0 0 0 0 0 0 0 0 0 0 0
0 0.795939256 0 0.7921475303 0.8102726983 0.6503722555 0.7871727784 0.5894439848 0.6605058966 0.6646882254 0 0.5750315669 0.5724269176 0 0 0 0 0 0 0.6336468031 0 0.7220072805 0 0 0 0.8336140485 0.7147319787 0.712498081 0.7163588907 0.7230843081 0.7214564123 0.621726296 0.6170937844 0.6249629544 0.6330540434 0.5596434311 0.8673100588 0.8668067853 0.7751005058 0.8965192348 0.604996236 0.598108671 0.6018704833 0.7046241093 0.8316947585 0.7043021607 0.8913426018 0.5315682381 0.5222587538 0.7313994656 0.7347482038 0.6808679944 0.6803959521 0 0 0 0 0 0 0 0 0 0 0 0 0 0 0 0 0 0 0 0 0 0 0 0 0 0 0
0 0 0 0 0.8383857648 0.5855563874 0.6898961128 0.6960954848 0.5873557613 0.583242087 0.8287820042 0.5787414772 0.5788471387 0.6594294921 0.7793681162 0 0 0 0.6284178966 0.6214947857 0.6259500181 0.7198905029 0.7221768152 0.7264968256 0.8364965943 0.8265380175 0.5982031723 0.5993438427 0.6141841344 0.6115363915 0.6190795688 0.6014611671 0.6205867753 0.8225634971 0.9136799297 0.8407001506 0.6984068224 0.6980998345 0.8454594782 0.5833865378 0.5783143167 0.5976581117 0.7894906906 0.7830591487 0.7928624857 0.5563366328 0.8958752723 0.5407260101 0.529404745 0.5263379233 0.5985939088 0.5972468492 0.6782735285 0.6819069771 0.6807680729 0 0 0 0 0 0 0 0 0 0 0 0 0 0 0 0 0 0 0 0 0 0 0 0 0
0 0 0 0 0 0.6751977447 0.8175723109 0.6171646768 0.6220221707 0.7655274439 0.5838590937 0.8231631407 0.857467106 0.5588210023 0.5997442454 0.597844542 0.592876816 0 0.5381110573 0.6303959186 0.6279909112 0.8951265471 0.7195655166 0.6218476366 0.8184824497 0.7232783342 0.5945791582 0.5911076785 0.6001527526 0.6079986139 0.6173919098 0.9023521704 0.8999268272 0.9071082325 0.8455134141 0.8144465981 0.6983401397 0.6908982486 0.6610836387 0.505306756 0.5172294591 0.5698439648 0.7918508134 0.7896397609 0.7957036519 0.5491709139 0.5491218723 0.556074506 0.5390131371 0.5991305311 0.6039384426 0.6812581995 0.611389595 0.6841690331 0.6468082894 0 0 0 0 0 0.8972586897 0 0 0 0 0 0 0 0 0 0 0 0 0 0 0 0 0 0 0
0 0 0 0 0 0.9083096911 0.5023338279 0.6094820479 0.6153566417 0.6030293754 0.8247924172 0.8238510574 0.6530551618 0.7568758548 0.6027741329 0.5941097742 0.6338062379 0.5939583901 0.7545022999 0.6334497813 0.6362996525 0.7209562573 0.8154965207 0.728984913 0.7469261713 0.7326115075 0.6754015356 0.6736200378 0.6121856289 0.6097980559 0.6115204046 0.9040896847 0.8987605605 0.89883874 0.9095818575 0.7065639091 0.5764634987 0.7035068287 0.5751060002 0.5762123945 0.8712685973 0.8054126202 0.792753209 0.7957980345 0.7962260365 0.5586934264 0.5495839754 0.7334454715 0.5462255793 0.6224093207 0.8902303014 0.6239069442 0.6186728325 0.6171872906 0.6476095497 0.6395661275 0.6461246753 0.5535452347 0.5548332852 0.6419058043 0.517141042 0.9038432969 0.8977446266 0.6086129271 0.7008966387 0 0 0 0 0 0 0 0 0 0 0 0 0 0 0
0 0 0 0 0 0 0.6078058657 0.6035770915 0.6055802797 0.6024965765 0.6037289849 0.6051262757 0.6056689406 0.7590791164 0.7533672441 0.7619739776 0.7722772042 0.7080532826 0.8188718318 0.7299267595 0.8375915397 0.8396444138 0.8095345848 0.6311974334 0.6333631205 0.8327885424 0.6699028964 0.8881246759 0.8830098148 0.5553606683 0.5560064606 0.5609104968 0.5594809451 0.8397989526 0.8479173844 0.8038511014 0.7136155078 0.5736540199 0.5426143653 0.5830239102 0.5230604642 0.5304795343 0.7969246322 0.8016706892 0.7992924583 0.8091123975 0.7349570155 0.5512058302 0.8972864228 0.8924901442 0.6212203985 0.6292905064 0.7692146963 0.6214557475 0.7600097136 0.7673089343 0.6431268932 0.7750168029 0.5597714928 0.87290684 0.7546459422 0.8541124003 0.896153415 0.6059434854 0.7050587968 0.6995815242 0 0 0 0 0 0 0 0 0 0 0 0 0 0
0 0 0 0 0 0.7475444072 0.6366697429 0.6153763913 0.6011399239 0.6066744909 0.6111696239 0.6112447679 0.5655552281 0.7608506713 0.7567324969 0.7652097362 0.7695439221 0.8235752511 0.6168188435 0.8042777354 0.8074815433 0.8350396389 0.518464793 0.8305711274 0.8246404369 0.8367706732 0.6730269887 0.6694759653 0.6671353461 0.8891683647 0.610013085 0.5557855724 0.5653186291 0.8316404709 0.5927202671 0.800769906 0.5743178689 0.566194458 0.5638817772 0.5370131418 0.5227006789 0.5164874419 0.516646489 0.5147655196 0.8082638291 0.8159709848 0.8935809288 0.739032481 0.8904355877 0.8921163341 0.8209265316 0.6286098837 0.765554926 0.7611691816 0.7577225723 0.7544117874 0.7653650947 0.7654465192 0.7635652096 0.6267580737 0.6200451202 0.780845703 0.840717299 0.8443462739 0.7044037086 0.6986099541 0 0 0 0 0 0 0 0 0 0 0 0 0 0
0 0 0 0 0.6410912204 0.7458747387 0.7386441423 0.6050286542 0.5992820946 0.5887938055 0.5924567627 0.7796959023 0.7715830283 0.7629659605 0.76960511 0.7629125582 0.7355267161 0.7332380479 0.8192680261 0.6198996716 0.6746268772 0.8042628211 0.8339690901 0.8242498755 0.8341201435 0.6428812678 0.6711982734 0.6586709647 0.6638908362 0.5418343186 0.5498702264 0.5515344148 0.5609345041 0.8309116485 0.7542071 0.8299066193 0.5742174867 0.5649268784 0.5449159567 0.5342243449 0.5304101604 0.5187464742 0.5122338826 0.5204053965 0.7778710008 0.640433246 0.7422451119 0.8866628745 0.8882604696 0.8960973026 0.898059901 0.76890753 0.7697919341 0.7606361914 0.7506704366 0.7746805895 0.7542857166 0.7714775133 0.7781174094 0.7696305321 0.6230632736 0.6289005528 0.8465271267 0.8347629109 0.841238684 0 0 0 0 0 0 0 0 0 0 0 0 0 0 0
0 0 0 0 0 0.7563076602 0.7506772795 0.7308364342 0.5983895593 0.5915698488 0.592069505 0.7551046575 0.5448256643 0.7718669173 0.7754286273 0.6143884744 0.7422086189 0.7314301052 0.7310175632 0.626129065 0.6169225667 0.8057086155 0.8059371225 0.8214751093 0.8280304108 0.5358600875 0.657532263 0.6508430997 0.5604647988 0.5536069015 0.5496682982 0.5573830552 0.8320730111 0.8292326324 0.7543008499 0.6164568927 0.7596189992 0.7727317421 0.5354747802 0.5298749169 0.5250563244 0.5168196552 0.8910022357 0.7793758094 0.7826172185 0.8983413231 0.8884493234 0.894480071 0.8922147461 0.8951071845 0.813175674 0.7773216487 0.7680879667 0.7627303837 0.7615563015 0.5005052793 0.7765709811 0.778778512 0.78081201 0.7843736867 0.8682138392 0.7747434957 0.5551239727 0.8534290739 0.8636315291 0 0 0 0 0 0 0 0 0 0 0 0 0 0 0
0 0 0 0 0 0.7482478454 0.7316036168 0.7335070585 0.5939680309 0.5858304501 0.6640538355 0.5541431098 0.8655551954 0.6126366312 0.6164475942 0.6129732678 0.6168749819 0.7389690541 0.7579659138 0.6238115889 0.810040375 0.8074722313 0.8274666357 0.8291437173 0.8342371927 0.8343306008 0.6822566444 0.5670172114 0.5575063735 0.8336627181 0.8633905726 0.558774132 0.6097980356 0.7675893204 0.8391959537 0.7500401295 0.7586107983 0.5957461704 0.5382337499 0.5361907788 0.5348330934 0.5129594441 0.5129516655 0.5305631929 0.5377137118 0.5331417726 0.832504019 0.8999711247 0.8955742246 0.6250264038 0.5300939682 0.7681830773 0.770030655 0.7646793785 0.7698240014 0.5013492109 0.8547706468 0.8576649281 0.8490915608 0.7915559659 0.5880327517 0.8277568133 0.8321813851 0.8658857984 0.8631706986 0.806812855 0 0 0 0 0 0 0 0 0 0 0 0 0 0
0 0 0 0 0 0.7401659198 0.7410981944 0.7501977436 0.5923377422 0.8556742209 0.8556941729 0.8503900687 0.8373182686 0.6179834976 0.6084199296 0.6190875087 0.6163061172 0.7408050049 0.7596933813 0.7535215132 0.7657826706 0.7734927757 0.7785481296 0.8367910902 0.6315385652 0.8638816205 0.8449421806 0.8518782309 0.8447921589 0.858891312 0.8309754887 0.6016328679 0.6031753691 0.6106277984 0.7470892053 0.7580799051 0.7572781261 0.7622615467 0.9059940831 0.8991385198 0.7966393059 0.521205566 0.526575415 0.5202207624 0.5300846434 0.53952042 0.5424226977 0.7593427988 0.767028071 0.5335879116 0.539835709 0.5901768496 0.772938601 0.5927701585 0.7722307165 0.7825821029 0.6072796825 0.8517087148 0.8556927403 0.8496228432 0.8540722956 0.8355276196 0.5214587763 0.5213233773 0.516368209 0.649427564 0.7891742629 0 0.7420245599 0 0 0 0 0 0 0 0 0 0 0
0 0 0 0 0 0.7493858486 0.8596980337 0.7481569439 0.8345037005 0.8529079459 0.8545083579 0.8404823139 0.8445821104 0.6127942142 0.6201742546 0.6114156138 0.6234290918 0.6381536306 0.6461763298 0.6552637577 0.5722163411 0.7668916155 0.8369521658 0.8449583836 0.6689658877 0.8608539539 0.8556223216 0.8431985801 0.8424577739 0.8294405078 0.5016561371 0.603076631 0.6010202875 0.7393120597 0.7434469131 0.7327693176 0.7396387502 0.5636397654 0.9036933848 0.8966315145 0.5232671285 0.8219046043 0.5237273129 0.5342624208 0.5215947222 0.9050074659 0.8980590676 0.9023815772 0.7495515598 0.8329174039 0.7264964872 0.6208149831 0.5930715864 0.6333308648 0.5770062364 0.619887177 0.6926548173 0.6907436287 0.5169567277 0.8497200592 0.7811958274 0.8122739248 0.5249604119 0.5153715635 0.519802614 0.7845294769 0.7894844339 0.7946978979 0 0 0 0 0 0 0 0 0 0 0 0
0 0 0 0 0.7568523629 0.7563981586 0.5772108289 0.5816688395 0.8535794383 0.8566090493 0.8602558994 0.8496084811 0.8400034121 0.62141431 0.6220736024 0.6231463319 0.6268680136 0.6376286268 0.6434646194 0.5718082123 0.5736419699 0.5773888554 0.7766012779 0.6142105704 0.705380388 0.8557604065 0.8447796127 0.843511746 0.843848741 0.8340358041 0.840251069 0.7158668185 0.7398694532 0.7466801253 0.7381496777 0.7385198787 0.5264943371 0.5854767339 0.9082395052 0.9022528214 0.7621178855 0.5577496227 0.5530105694 0.5631838012 0.5039315591 0.5300718038 0.8976775795 0.9074545195 0.7350017804 0.6438735098 0.7177577063 0.626093048 0.629910343 0.518875893 0.6801856628 0.6899659093 0.686518582 0.6883248801 0.6978612623 0.8102018416 0.8066267682 0.808234693 0.724542283 0.5187615983 0.5190493542 0.693584705 0 0 0 0 0 0 0 0 0 0 0 0 0 0
0 0 0 0 0 0.5688929392 0.5825736076 0.583771172 0.857587524 0.8543213745 0.859344063 0.8475721119 0.6309357511 0.6217263443 0.625587681 0.6229033291 0.6322683299 0.5513142707 0.626023465 0.6509104965 0.7453956379 0.8638171119 0.6357622708 0.6336646689 0.5137721454 0.8634621768 0.6005756708 0.7212811854 0.8342446214 0.5098283616 0.6708346277 0.7100996414 0.5353480456 0.5398721351 0.5351126913 0.5364043289 0.5349366196 0.5197987899 0.8110256458 0.9091811928 0.7523789452 0.5496855299 0.557912162 0.5636022094 0.5049875319 0.9063646445 0.9139027011 0.8888688889 0.7755363436 0.7786037424 0.7869022216 0.5855405944 0.5095089182 0.6724407344 0.6691523082 0.6889847762 0.6829043516 0.5994828182 0.6026352408 0.5968718368 0.8076201196 0.8153141194 0.8301170362 0.7064317284 0.8693916322 0.73389134 0.7227393043 0 0 0 0 0 0 0 0 0 0 0 0 0
0 0 0 0 0.7807328224 0.5731088205 0.5887104239 0.5854975818 0.9301327699 0.9306878826 0.5368333277 0.541953141 0.8711758023 0.5398998289 0.6309492997 0.6364532649 0.6308900161 0.638824288 0.6929722352 0.695832236 0.6284622682 0.6233466906 0.6323156041 0.6101239166 0.6048090922 0.5909112832 0.6585685915 0.7196985004 0.5189623049 0.5220954616 0.5556574106 0.5488036002 0.5400193237 0.5306193988 0.528575191 0.5328310885 0.5349575943 0.8987163161 0.9057438644 0.9028844853 0.7600688105 0.7533903944 0.5590167933 0.5598123429 0.8159664789 0.7748717012 0.81741263 0.7733531414 0.5876485663 0.778907073 0.7721131634 0.6898486803 0.6838599894 0.6721771758 0.6641942966 0.6890991012 0.6914459603 0.6058429765 0.5959726847 0.6034728736 0.5402879512 0.8945852414 0.8067719239 0.5491205211 0.5961238678 0.7511263863 0.7232469589 0.7158875703 0.5420120485 0 0 0 0 0 0 0 0 0 0 0
0 0 0 0 0.6807740976 0.6853295592 0.6941375186 0.9218181276 0.9233780816 0.8224515758 0.537536496 0.5306338686 0.5343017756 0.5378958068 0.539247042 0.6359066553 0.6376432393 0.6319574648 0.6918228553 0.6890490619 0.6829317536 0.6226823089 0.6268065512 0.6025592309 0.604443857 0.6112940506 0.5159889928 0.5135126861 0.5139840812 0.5172302512 0.5208558431 0.5482810809 0.8591610236 0.5327900613 0.5260445237 0.5336868714 0.5364287378 0.5438848515 0.8970005882 0.8160799485 0.8058443318 0.8989988999 0.8914971243 0.8133722293 0.8898018514 0.8104677213 0.770715967 0.7899757671 0.786159121 0.5836256964 0.788420484 0.693140298 0.8566661256 0.6699357302 0.6669730671 0.664432675 0.6983058111 0.6031564627 0.6022430022 0.5991276331 0.6039398218 0.8891544861 0.8929860338 0.6503126279 0.8277092407 0.7603422829 0.7232261636 0.5441460385 0.542486938 0.5353802355 0.5612799173 0.5578638315 0.5555062898 0 0 0 0 0 0 0
0 0 0 0 0.6892299806 0.6854080633 0.9127519045 0.9150892297 0.91322405 0.9147809838 0.6030311871 0.5310261816 0.7872376576 0.5296473565 0.5340939599 0.5445679921 0.634715199 0.6935416419 0.7008076584 0.5523589122 0.6136069209 0.5973907807 0.6232313531 0.6046415241 0.5981583865 0.5102837128 0.5055007795 0.5127293859 0.5096041087 0.5184982756 0.5194035738 0.5301817299 0.5366699201 0.5407880906 0.5338371232 0.5277000387 0.5312292063 0.5335188802 0.5423160293 0.8105153564 0.808149408 0.8039037956 0.8119936848 0.8831402364 0.8021486578 0.800642795 0.7999281445 0.7906409132 0.5516817899 0.5634763001 0.76740619 0.7732515342 0.76976135 0.8510565893 0.8502117015 0.7911254034 0.7015729036 0.6085117534 0.6089729705 0.6028704747 0.6945128906 0.8259784607 0.8289455614 0.8237796904 0.7731632241 0.7665622519 0.7847122182 0.6315190675 0.7165191909 0.7482868236 0.5773985982 0.5547485038 0.5620695919 0.7706409469 0.7980785736 0 0 0 0 0
0 0 0 0 0.9240871148 0.9232375038 0.9055803353 0.9067080173 0.9142146856 0.7506171156 0.9222948611 0.6590838407 0.6619243658 0.5342412167 0.5347532269 0.5405514163 0.5478389332 0.6281822697 0.562209352 0.6192355494 0.5860039288 0.6055271058 0.6065337928 0.6026675264 0.5947600659 0.5104818146 0.5062754338 0.5052033525 0.5144582242 0.5163810926 0.5225217562 0.5335126373 0.5367904686 0.5432958079 0.520564723 0.5300612638 0.5333775021 0.5357191863 0.5440392496 0.5473955437 0.806290561 0.6540495551 0.8024373796 0.7954535197 0.7940184185 0.7928118997 0.7888331212 0.8077442784 0.5623570645 0.5632597094 0.5620173328 0.7639066564 0.7712489668 0.8446230503 0.8413826762 0.8419058893 0.575149153 0.6170452816 0.6157865835 0.8464856433 0.6853036915 0.8221172851 0.8190034943 0.8243057995 0.7037220743 0.7378606951 0.6454646175 0.6328503064 0.6236252622 0.6300085199 0.5619085211 0.6859714704 0.7329129853 0.6827805698 0.6845385541 0 0 0 0 0
0 0 0 0 0 0.9179003733 0.902668497 0.905974623 0.908374694 0.908807454 0.6557845444 0.654544446 0.6609876549 0.5430809613 0.5353730987 0.5423196533 0.5426949067 0.8877033775 0.6211692134 0.6194925356 0.6177044206 0.6194195765 0.6053852771 0.5973437737 0.5982855406 0.5153321242 0.5091253879 0.511803409 0.5163936548 0.5392978455 0.5355815713 0.541480962 0.5414365998 0.8842713689 0.6534172341 0.7363001607 0.6557507826 0.6544435016 0.6501667991 0.6590503294 0.8590758293 0.7992570031 0.7950942014 0.7928424689 0.7945211545 0.7971588961 0.7822177009 0.7929172636 0.5601732352 0.5546491852 0.5601981685 0.769178671 0.7668297658 0.5640781707 0.846874616 0.8434392726 0.5185238594 0.5688695358 0.6215524592 0.6232348505 0.6887159701 0.8248069873 0.8229651359 0.8222419523 0.7350865474 0.6651471674 0.7376242694 0.6313047657 0.6234777627 0.7885677258 0.7911158371 0.7914302922 0.6835706163 0.6780440879 0.6855569868 0 0 0 0 0
0 0 0 0 0 0.7897503756 0.9079923195 0.9010967976 0.9051090227 0.9132266978 0.584455727 0.6589937933 0.6152576623 0.5374292448 0.7021908253 0.5420496538 0.54575479 0.7181060082 0.7094608561 0.6179250354 0.6112813614 0.6041576007 0.6022263076 0.5977740873 0.6062955234 0.517214633 0.5175162643 0.5146483473 0.5231158804 0.5299611204 0.5432121384 0.7661773882 0.7609231435 0.7493714839 0.742580652 0.7442667353 0.6485820158 0.663182427 0.6546315799 0.6578697988 0.6967496734 0.7971767729 0.7939293405 0.7924507819 0.785938029 0.7920270276 0.787687639 0.7929951096 0.7909898997 0.5574155628 0.5615655015 0.5627627584 0.6197880518 0.8442595124 0.5225567726 0.5141263377 0.5225210565 0.5747469692 0.7424503595 0.6266278659 0.8289197802 0.8279237136 0.8279157508 0.8138354166 0.736165646 0.7337628083 0.7351441498 0.6331543333 0.6236766719 0.7889919424 0.7867757139 0.7966430774 0.6833832652 0.5463722709 0.6873893913 0.8661733508 0 0 0 0
