landscape/hab_quality/256/simulation_000008_p018_h080_HABMAT_patch_more_500pix_modified.asc_ac_0.5_quality.asc
NCOLS 513
NROWS 513
XLLCORNER 0
YLLCORNER 0
CELLSIZE 9.980507
NODATA_VALUE NaN
[rows 136 to 169 of 513, columns 0 to 77 of 513]
0 0 0 0 0 0 0 0 0 0 0 0 0 0 0 0 0 0 0 0 0 0 0 0 0 0 0 0 0.8756897767 0.8788668823 0.6266173263 0.6303341832 0 0.5025580077 0.5519969174 0.5584473964 0 0.8923873097 0.7317206457 0.8940266225 0.7506362607 0 0 0 0 0 0 0.6500458206 0.8948907778 0.7714275284 0.7659398657 0.7696228944 0.5145579975 0 0 0 0 0 0 0.6512743327 0.650675173 0.6536274051 0.5686944149 0.7204089906 0 0 0.762486628 0.8955292511 0.6184738864 0.6972821952 0.7357540288 0.8139801676 0.8650578197 0 0 0 0 0
0 0 0 0 0 0 0 0 0 0 0 0 0 0 0 0 0 0 0 0 0 0 0 0 0 0 0 0 0.8703799146 0 0.6266631532 0 0 0.5388846762 0.5608421071 0.5601802443 0.680042818 0.8374063618 0.5991741723 0.601682826 0.6423845693 0 0.8535671568 0 0 0 0.5396958712 0.5444760646 0.8851735727 0.7675316734 0.7737114566 0.7686802532 0 0 0 0.8147547326 0 0 0 0.6572039979 0.6579869864 0.8851811084 0.5702457806 0 0 0 0.8415387094 0.8972343648 0.8967802913 0.702178703 0.5518181719 0.5285904048 0.8960371903 0 0 0 0 0
0 0 0 0 0 0 0 0 0 0 0 0 0 0 0 0 0 0 0 0 0 0 0 0 0 0 0 0 0 0 0.6279682648 0 0 0.826247238 0.8918482874 0.6621094996 0.7678600009 0.7613610763 0.7623253284 0.5951265222 0.7938592677 0.638628214 0.7970487691 0.8598937054 0.536611794 0 0 0 0.7734398744 0.7489010568 0.7011700091 0 0.6362086982 0.6370641486 0.6323454034 0.8869795281 0 0.83355986 0.5950831202 0.792693802 0.7552594023 0.7550901986 0 0 0 0.7786282802 0.8241803834 0.8240346322 0.5767364713 0.8259203919 0.7153288695 0.7387902174 0.8880473901 0 0 0 0 0
0 0 0 0 0 0 0 0 0 0 0 0 0 0 0 0 0 0 0 0 0 0 0 0 0 0 0 0 0 0 0.6215658145 0.5416318591 0 0.645303478 0.6498277993 0.8158293763 0.8148358517 0.7590291337 0.7343502066 0.601223325 0 0.7980605773 0 0.8100559333 0.8829207747 0 0 0 0.5735368486 0.5300016605 0.7517339335 0.6358831182 0.6401824752 0.630598129 0.6280459682 0.8897418593 0.7674460858 0.5378831131 0.7451229289 0.6778466775 0.7479963015 0.7474572889 0.8096432168 0 0 0.8479025788 0.6251215998 0 0.8171968958 0.8208534001 0.826784211 0.5641075558 0.8878068911 0 0 0 0 0
0 0 0 0 0 0 0 0 0 0 0 0 0 0 0 0 0 0 0 0 0 0 0 0 0 0 0 0 0 0.6186003901 0 0.6289100528 0.6492973737 0.6425830537 0.8075271339 0.8077034629 0.7924081801 0.7664699785 0.764409323 0.5116671367 0 0 0 0.6508714853 0.5385581673 0 0.6811316443 0.620357479 0.7637005361 0 0.8252064266 0.832556262 0.6318600026 0.6385082108 0.639651067 0.5251251292 0 0 0.7496940423 0.7402547743 0.7401797755 0.5451508066 0.7497202198 0.5772714443 0.7262142446 0.8439844811 0 0 0.8152283199 0.8172560743 0.7261333163 0.7936195129 0.5272047808 0 0 0 0 0
0 0 0 0 0 0 0 0 0 0 0 0 0 0 0 0 0 0 0 0 0 0 0 0 0 0 0 0 0.6204002011 0.6275984342 0.6285064613 0.6506889753 0.6514949996 0.8055444833 0.8019922485 0.7896418539 0.786697127 0 0.8364536359 0 0.506547038 0 0 0 0.5662882374 0.5305425216 0.5173720727 0.6384698877 0 0 0 0 0.6427076538 0.7952748865 0.5186351847 0 0 0.6087923 0.7474816213 0.7411022674 0.7458261826 0.7440061205 0.7532602048 0.6369499815 0.637186584 0 0.8484700351 0 0 0.8208691764 0.821573447 0.823242794 0.6724880304 0.7124779606 0 0 0 0
0 0 0 0 0 0 0 0 0 0 0 0 0 0 0 0 0 0 0 0 0 0 0 0 0 0 0 0.8134263117 0.6181297686 0.7228897627 0.6946360671 0.692828236 0.6983580824 0.8038241538 0.8090456185 0.7903275936 0.7851877923 0 0 0 0 0 0 0 0 0 0 0 0.6289606451 0 0 0.6478106285 0.5343121915 0.5249018873 0.5231970594 0.5255657996 0.6077334674 0.5678258067 0 0.7434717913 0.5071130075 0.5083574598 0 0 0.6329265793 0.5871318028 0.5761332586 0.526562577 0.8421053592 0.8504489057 0.6360013282 0.8440150634 0 0 0 0 0 0
0 0 0 0 0 0 0 0 0 0 0 0 0 0 0 0 0 0 0 0 0 0 0 0 0 0 0 0.8072932905 0.8102166783 0.8020037265 0.8083132514 0.8138406822 0.611893835 0.7093491883 0.7078235725 0.7936615497 0.7923223401 0.7874705577 0 0 0 0 0 0.6531494004 0 0 0 0 0 0.6219278197 0 0.8441502881 0 0.5290925161 0.5340537873 0.6630448254 0.5967530208 0 0.5306708152 0.5236903485 0.5114219224 0.5047647443 0.5077019647 0 0 0.8442985654 0.5754042984 0.575711689 0.6344726525 0.769957094 0.6344474432 0.6301157871 0.7087057628 0 0 0 0 0
0 0 0 0 0 0 0 0 0 0 0 0 0 0 0 0 0 0 0 0 0 0 0 0 0 0 0 0 0.800371017 0.7970495435 0.7339727884 0.8071160053 0.6445179037 0.7094933859 0.7087427413 0.7043436924 0.7129121253 0.7211146827 0.5174633705 0 0 0 0 0.7408575172 0.7405280136 0.8264301242 0.8211467653 0 0 0 0 0 0.5324425218 0.7869377283 0 0 0 0.5985024442 0.6815422681 0.517165333 0.5146183256 0.5126599573 0.5077130307 0.5112282351 0 0.5645525883 0.5688418575 0.8307277125 0.7397391328 0.6442045815 0.5360408492 0.8795199007 0.6993622657 0 0 0 0 0
0 0 0 0 0 0 0 0 0 0 0 0 0 0 0 0 0 0 0 0 0 0 0 0 0 0 0 0.8000837578 0.7921682629 0.7995779697 0.8002757804 0.8609767174 0.63916085 0.7150496328 0.7077408478 0.7128621618 0.7043452889 0.7188218536 0 0 0 0.635933182 0.6063781906 0.5983087624 0.7339599489 0.8213790924 0.8194033323 0 0.6794372236 0 0 0 0.6289748084 0.6296761976 0 0.6716683664 0.6733888298 0 0 0.5198686243 0.517137145 0.5217795952 0.5199225225 0.8323187106 0.5702538017 0.5606598725 0.5683103952 0.575703226 0.5262823349 0.5717334098 0.83010349 0.8047361569 0.5175281064 0 0 0 0 0
0 0 0 0 0 0 0 0 0 0 0 0 0 0 0 0 0 0 0 0 0 0 0 0 0 0 0 0.7935758687 0.7938841278 0.7982739398 0.8039944446 0.5192675301 0.6148249386 0.7147387594 0.710259361 0.7170212414 0.7183447253 0.8556907921 0.6638472538 0 0 0 0 0 0 0.8253962601 0.8263018999 0.8258098822 0.5957689519 0.5936751929 0 0 0.7571870214 0 0 0.7890235126 0.759163234 0 0 0.5814483672 0.6125560701 0.8875936468 0.8838583015 0.634751777 0.5666968492 0.5667837665 0.5074207105 0.5238452968 0.6322100725 0.6322042198 0.6293595538 0.5248660926 0 0 0 0 0 0
0 0 0 0 0 0 0 0 0 0 0 0 0 0 0 0 0 0 0 0 0.5677102914 0.7789435617 0 0 0.6392042366 0 0 0.8050555942 0.8026054909 0.7988827244 0.802044033 0.5805381755 0.7091431281 0.7198340938 0.7191577615 0.7142664766 0.7146264106 0.7210494459 0.6638014611 0.7418953829 0.7381834008 0.741218078 0.7487244342 0 0.6564913024 0.871596738 0.8673129948 0 0.5869970991 0.749920552 0.6493822912 0.6270436459 0.7477598331 0.7385564769 0.7430772942 0.5989288734 0.8626791593 0.5811008134 0.5151397456 0.8749257482 0.6389336761 0.8777769276 0.633303027 0.8846157275 0.631997943 0.5740382315 0.5683040617 0.5314083901 0.624051954 0.6233497178 0.8432032866 0.6324498838 0.7299531821 0.7293253541 0 0 0 0
0 0 0 0 0 0 0 0 0 0 0.7443765176 0 0 0 0 0 0 0 0 0 0.7864709405 0.7770838432 0.642654397 0.6321741366 0.629382547 0.6359647946 0.6324977101 0.640555715 0.7989375354 0.8018158924 0.8039740889 0.6624780941 0.876420422 0.7377917674 0.7174142809 0.6181430546 0.7173344251 0.6625649132 0.6703384964 0.7358159526 0.697831156 0.6617808043 0.655399498 0.8824882822 0.883085897 0.6067674423 0.8638723948 0 0.596423199 0.5181059933 0.5370226456 0.5358080738 0.883063799 0.7379165365 0.5897562924 0.5933983295 0.592267097 0.5871827652 0.8749441957 0.6416461908 0 0.631763836 0.6318760099 0.837617879 0 0.5832860129 0 0.7661206006 0 0.5849044834 0.7230342592 0.7265815539 0.724743547 0.7216121799 0 0 0 0
0 0 0 0 0 0 0 0 0 0 0.8805905936 0.758720172 0 0 0 0 0 0 0 0 0.7817249501 0.7793191049 0.8070401901 0.6379229553 0.6345337205 0.6277827207 0.6336770849 0.6428054936 0.6518158215 0.6554306767 0.5626614062 0.6795110488 0.7138645142 0.8693491416 0.8667772482 0.8723999482 0.7212923412 0.5285127061 0.7778715921 0.7361112821 0.825525286 0.7136451648 0.8100837316 0.6888548071 0.8794972786 0 0.5513479252 0.8673250905 0.8343881979 0.6148582854 0.560147701 0.5325607306 0.542954214 0.5444689141 0.5435952299 0.5890283835 0.591828014 0.5830436768 0.8537938878 0.6341560112 0.6355683533 0.6298338129 0.6330594639 0.6254132648 0.626385213 0 0.5932154798 0 0.7607617877 0 0.7163147608 0.713601295 0.7192816097 0.7138015507 0.7119752327 0 0 0
0 0 0 0 0 0 0 0 0 0 0 0.5866140907 0.5841358063 0.5937146654 0 0 0 0 0 0.6347520407 0.7142789928 0.5900986334 0.5839369207 0.5858761743 0.6348430239 0.8036761259 0 0.8067551804 0.8483059695 0.65589727 0.7892613312 0.6230856932 0.7123485574 0.711447264 0.8663976745 0.7086094044 0.714491017 0.5384375545 0.8857706533 0.6288412123 0.8819192634 0.7202183618 0.7185792714 0.5552993987 0.8769994459 0.8856077225 0 0.8298585503 0.6342925448 0.566700576 0.5848604749 0.530009963 0.5310998636 0.5346607511 0.5442026145 0.5963552367 0.591152208 0.8699992708 0.8204822749 0.6365872392 0.6302275101 0.627771239 0.6257043413 0.6240505411 0.6325194892 0.6403764866 0.528058034 0 0 0.6612165558 0.7183468763 0.7112695393 0.7112177276 0.7090975857 0.7123266012 0.5140964 0.7857968151 0.7794882603
0 0 0 0 0 0 0 0 0.6694551169 0.5869666858 0 0 0 0 0.855613766 0.8579037568 0.8591074638 0.5473664717 0 0.6334653398 0.7370698719 0.7132515211 0.5835630809 0.5918227742 0.8162881747 0.6619753047 0.6790757056 0.6756405227 0.6809813445 0.7849297203 0.8454707714 0.5779399335 0.7170332462 0.7112023563 0.7047696862 0.7073503418 0.6431686168 0.7158339736 0.8775676902 0.8766994905 0.5308276095 0.7705465039 0.6330511184 0.8820145652 0.8867887103 0 0 0 0.6028354072 0.7642356444 0.8617278143 0.5296804733 0.528253239 0.5298564753 0.5414132687 0.6608716732 0.6615583315 0.5263024284 0.6411917289 0.6391245916 0.6382647058 0.6264090633 0.6249082742 0.6265752992 0 0 0 0 0.6729483731 0.6591007226 0.6607803337 0.7089494143 0.7043320932 0.7100284619 0.7114035919 0.5107842299 0.7867175069 0.7889027512
0 0 0 0 0 0 0 0.5888664929 0.5893592421 0.5852175386 0.6997926396 0.7004558057 0.8354029974 0.851307509 0.8468624349 0.8533839748 0.8537671455 0.5718253435 0.7676550558 0.5713689105 0.5693915099 0.5840929777 0.5879018458 0.588302768 0.6657276806 0.7622935002 0.550264229 0 0 0.5723345497 0.5847025758 0.8419152552 0.6960299377 0.7130966918 0 0 0.7117215664 0.8847340217 0.8625941622 0.8841735845 0.7433623839 0.8895957996 0.5436875621 0 0 0 0 0 0 0.8268183294 0.7517754823 0.5332493326 0.5315190466 0.5338846529 0.5318412881 0.6633019331 0.66489173 0.6924781298 0.6905029368 0.8153865593 0.7965786052 0.598816187 0 0.6290908486 0 0 0 0.6710660227 0.6676196827 0.66419073 0.6569528608 0.7110020141 0.707941433 0 0.8010992855 0.5184926073 0 0
0 0 0 0 0 0 0.6304165362 0.5813285397 0.579486738 0.5812489898 0.8333812794 0.5330703271 0.8536596203 0 0.8457911153 0.8500034507 0.8557423579 0.563191646 0.569579135 0.5659885065 0.567205554 0.5935042154 0.5927970893 0.5964995417 0.5519797507 0.6183822023 0.5456486677 0.5434342586 0.5644911391 0.5686398397 0.8453457018 0.8146296421 0.880156007 0.8744353466 0.8833764411 0.7177417226 0.7161679961 0.7118310773 0.8692146443 0.7041479369 0.8323881364 0.7026628062 0.6076151025 0.8615666208 0.6764128953 0 0 0 0 0.5981356087 0.7598196343 0.6742792162 0.8475205188 0.5793509981 0.5777276838 0.5393140347 0.769360537 0.6991108991 0.6903084397 0.6976673861 0.6075168918 0.5965811839 0.5924225753 0.5850096978 0.5890965029 0 0 0 0.536745501 0.6628685232 0 0 0 0 0.5662859839 0 0.5245858885 0
0 0 0 0 0 0 0.5314502243 0.5894416797 0 0.5840222203 0.574425167 0 0.8488428309 0.8509764923 0.8461532631 0.885455429 0.8888759785 0.5629613082 0.5619452545 0.5663491475 0.571998577 0.5798443198 0.5855198475 0.8779404973 0.8018850195 0.5373688214 0.5353662055 0.5369695162 0.5432983276 0.5731903166 0.6795778839 0.5179892145 0.6058662242 0.6024881914 0.5988824762 0.7181473921 0.6982159814 0.805645405 0.7403265842 0.5361692565 0.7533239213 0.6684840293 0.8927287885 0.6697474369 0 0 0 0 0 0.7456071398 0 0.5830936067 0.5819076428 0.57234732 0.8861979857 0.6461840569 0.6484070438 0.6931089374 0.6929423157 0.6977444502 0.8496633042 0.5977340806 0.5886878234 0.5836893571 0.5867508074 0.582382095 0.885181299 0 0.6675012758 0 0 0.6343095183 0.5117524958 0.8470056861 0 0 0.6660114819 0.6675712618
0 0 0 0 0 0 0 0.5030712888 0 0.7035450491 0.6983621586 0 0.8474793109 0.8465062571 0.8510198381 0.8560285543 0.8888292009 0.562525456 0.5695739695 0.8480230664 0.5560855166 0.5744440676 0.7868759488 0.787139643 0.5536157428 0.5977064289 0.5310103023 0.5310974084 0.5403597344 0.6670632258 0.8176834302 0.6029398633 0.5989947926 0.5981459585 0.6059236899 0.709103535 0.7081424826 0.713681953 0.7149487016 0.7105205969 0.6299315095 0.7853635363 0 0 0 0 0 0 0.7082668022 0.8173517759 0 0.7004235972 0.5915284751 0.5781213987 0.5786388205 0.6273019556 0.6489468862 0.7003236902 0.6094225265 0.7926209698 0.6075922656 0.5989867812 0.5896069062 0.5817327485 0.5783151647 0.5800783618 0.6599374051 0 0 0 0.5799859605 0 0.7373266355 0.7750332021 0.7872471244 0.5634525819 0.7886364594 0
0 0 0 0 0 0 0 0 0 0 0 0 0.847595466 0.5488449267 0.6013064563 0.5517914236 0.8311388111 0.5712582448 0.881727052 0.7035865019 0.6470515164 0.8882565819 0.7903286683 0.781753057 0.7760644559 0.5320391937 0.6326003955 0.5311286452 0.8543734285 0.8509565617 0.8433687179 0.851072795 0.6047973452 0.6331455011 0.549089831 0.7115229034 0.7051103793 0.7096827114 0 0.8697545539 0.5484968296 0 0 0 0 0 0 0 0.6155418299 0 0 0.8274488588 0.8292872963 0.8002564749 0.8627763647 0.5652287777 0.7021284063 0.865443721 0.6410627341 0.6174955438 0.6131710177 0.6077841252 0.6025372518 0.5788885358 0.5807721625 0.8393989768 0.518772499 0.5220118987 0 0 0 0.7200386799 0.7718137523 0.7713746887 0.777796827 0.7797913013 0 0
0 0.8532422325 0.7237926485 0 0 0.7065584758 0 0.7369814275 0.7819485332 0 0 0 0.8994027343 0.5472414223 0.5425000191 0.5481793818 0.8375294913 0.8382456601 0.5245644917 0.5168802789 0.526021342 0.5265203513 0.7920168181 0.7805915457 0.7718749301 0.5597086158 0.5741117692 0.571884119 0.577435563 0.8365885985 0.8415495367 0.8384304248 0.8458519452 0.6430657376 0.6334477423 0.7017428034 0.8051828111 0.7147033265 0.7194237218 0 0 0 0 0 0 0 0 0 0.6205837952 0 0 0 0.8274928381 0 0.8709738239 0 0.8954811152 0.7801676677 0.7020627255 0.6186434703 0.5185751541 0.7003139729 0.8609348896 0.6757993289 0.6261656128 0.5896492507 0.8714232222 0.5129688026 0.5051838291 0 0.735063547 0.7365147108 0.7773765389 0.7733114688 0.7704675643 0.7737172023 0 0
0 0.7216734028 0.7330680375 0.5981729848 0.5211051802 0 0.7029460147 0 0.8407252992 0 0.5784652466 0 0 0.5452400729 0.5432813254 0.5448504918 0.7313388709 0.5740428516 0.5222630245 0.516493651 0.5204248466 0.5302679337 0.8672194065 0.680988003 0.7713622102 0.7727490269 0.5809055617 0.5715815711 0.732569713 0.8370150986 0.8360733817 0.8440091233 0 0 0 0.7022691839 0.7101096402 0.8062357216 0 0 0 0 0 0 0 0 0 0.7818459513 0 0 0 0 0 0 0 0 0 0.6574279696 0.7374219652 0.6614397296 0.7150949017 0.8616078129 0.5017206066 0.7519934094 0.8505763593 0.8259815626 0.5050801296 0.5034539773 0 0 0.8089895697 0 0 0.7749049447 0.7740650459 0.7802433431 0 0
0 0.6487911953 0.8144610566 0.8095574132 0 0 0 0 0 0 0.8723639911 0.6340173428 0.8696670134 0.5260012561 0.8674062845 0.7237200184 0.7252334188 0.7311806603 0.5231486243 0.5176942854 0.5203187471 0.7511215912 0.8669951597 0.8605740507 0.7772715193 0.777756886 0.5733205354 0.5720814739 0.5785087276 0.8454237967 0.8423594954 0 0 0 0 0.7048736615 0 0.5521959461 0 0 0 0 0 0 0 0 0 0.8137578656 0 0 0 0.6615580811 0 0 0.7557253498 0.699665361 0.6536753782 0.6630783791 0.5466871981 0.5076459861 0.8736945552 0.5251805086 0.6131509423 0.6332700871 0.8430155366 0.8638469189 0.5129821738 0.508178498 0.5131316016 0.6170956597 0 0.8159634992 0.6927411076 0.542411487 0.737282228 0 0 0
0 0.7023025102 0 0 0 0 0 0 0 0 0.6353556662 0.5104828843 0.8235053923 0.7085781264 0.7374038093 0.7318988745 0.722983872 0.7245498997 0.7172892898 0.7523956914 0.7467842061 0.8799613108 0.8653204072 0.7850404878 0.7870398959 0.7840589413 0.5727711892 0.5819402685 0 0 0 0 0 0 0 0 0 0 0.5074753921 0 0 0 0 0 0 0 0 0.822828249 0.5028732732 0 0.7067583202 0.6713271743 0 0.6055779073 0.7527085118 0.6624300579 0 0.6571558989 0.6707355677 0.504943564 0.5165866905 0.807027099 0.5573077345 0.8138890307 0.6560060277 0.6079263807 0.8574060161 0.5918988225 0.5975601299 0.5920007187 0.5922066726 0.5232853217 0.7933523598 0.8656223782 0.5842443529 0 0 0
0 0.6072977831 0.6974572674 0 0 0.7233843974 0 0 0 0 0.5971217783 0.7168894176 0.6183004841 0.5850184325 0.7401581729 0.7325775997 0.7232437665 0.729919284 0.7320330666 0.7546834513 0.7500039536 0.7109258548 0.7124356989 0.7157886387 0.6743741105 0.5767242714 0 0 0 0 0 0 0 0 0 0 0 0 0 0 0 0 0 0 0 0 0 0.757005665 0 0 0.8662792631 0.7377867065 0.5210214506 0.6240103697 0.6233579332 0.6242663946 0.8294253282 0.8174407238 0.648732124 0.7572311642 0.8214235124 0.6133931328 0.7474208019 0.573451813 0.6017725727 0.5859703694 0.5901435326 0.5892607906 0.5917800446 0.6006050911 0.693513996 0.5358165799 0.6900133547 0 0 0.7595198961 0 0
0 0.7338383399 0.7245808598 0.7222474788 0.7206425836 0.726935355 0.7778678399 0 0 0 0 0.8237833325 0.5775170847 0.7459224164 0.6099050968 0.8337024683 0.8584217505 0.8950130029 0.5858089325 0.9022540166 0.5068538223 0.51066165 0.7100223063 0.8680526272 0.5681028694 0.7393995616 0 0 0 0 0 0 0 0 0 0 0 0 0 0 0 0 0 0 0 0 0 0.7569643185 0 0.6906701206 0.5439690175 0.5671118048 0.5416258999 0.6257322546 0.6256662832 0.6306886635 0.5193461018 0.8229365806 0.8156727212 0.6948986796 0.678053963 0.7402349334 0.6777080673 0.6367345406 0.89081517 0.5943626383 0.5846426957 0.5822406299 0.5895204203 0.8660568675 0.5191966719 0 0.7792247748 0 0 0 0 0
0 0.7956167738 0.7246112694 0.7287075236 0.7210672436 0 0.7306166268 0.5088630209 0 0 0 0.8301393003 0.8323503619 0.7667393752 0.7607763676 0.8342256191 0.8267811877 0.9008702645 0.8933946518 0.8891467965 0.5103964526 0.5010291617 0.5087294342 0.7883497672 0.7815807089 0 0 0 0 0 0 0 0 0 0 0 0 0 0 0 0 0 0 0 0.847767709 0.5568621132 0.5518084977 0 0.7532227587 0 0.8497317597 0.8500892679 0.8585330724 0.8084001587 0.7290411949 0.7998164098 0.6754773492 0.8175137623 0.8177424098 0.8254489235 0.6842088819 0.6775950705 0.6827420232 0.6407878712 0.6342566515 0.5647699317 0.5320823347 0.6217465068 0.586271342 0.8574567031 0.530858904 0.7846849382 0 0 0 0 0 0
0 0.8870014512 0.7941275621 0.8866201258 0.6694448462 0 0.6173293847 0.6786286182 0.6783277005 0.6734779957 0.6761334035 0.7709038678 0.7720534753 0.7582304593 0.7587199627 0.8271889198 0.8335691745 0.9000780498 0.8939573637 0.8853743923 0.5035633164 0.5062538969 0.5012109509 0.517763249 0.7797319686 0 0 0 0 0 0 0 0 0 0 0 0 0 0 0 0 0 0 0 0 0 0 0.7541524506 0.7450775293 0.7523750376 0.8469459765 0.5621046307 0.8542891194 0.6726602085 0.6016276515 0.5524445739 0.700878735 0.6956562921 0.5029059455 0.6885748781 0.6849510708 0.676249035 0.6768682426 0.6789391809 0.637537641 0.8398929139 0.7128070657 0.7208247957 0 0.8602301275 0.8592526076 0.520311759 0 0 0 0 0 0
0 0.8950703386 0.8864967886 0.8872496914 0.8140700787 0 0.6079143792 0.6779476873 0.6762569709 0.6752772852 0.6767956299 0.7621086922 0.5527185771 0.7662082601 0.7651691551 0.7591732004 0.700299332 0.8909499797 0.8896447362 0.8886594905 0.8386241447 0.5051097254 0.5075035987 0.8253891035 0 0 0 0 0 0 0 0 0 0 0 0 0 0 0 0 0 0 0 0 0.5331277582 0.704494731 0.6771648562 0 0 0 0.8525578437 0.8513921803 0.6702928663 0.6680585302 0.6741088367 0.5946292522 0.5904271398 0.6925912253 0.6906366146 0.6879664421 0.6802249087 0.683068081 0.6781833419 0.6879864586 0.5125325508 0.813531428 0.7176246916 0 0 0 0.5345353026 0.7446619626 0 0.6755448428 0 0.5388508939 0 0
0 0.8852726652 0.8907734645 0.8915334455 0.6136653653 0.5121884563 0.5502289164 0.6793400541 0.6833792071 0.6779047268 0.5907169372 0.5835719359 0.7622028509 0.8767332864 0.7459873936 0.8846245433 0.5597961195 0.6232490266 0 0.8941068617 0.748947642 0.7512381822 0 0 0 0 0 0 0 0 0 0 0 0 0 0 0 0 0 0.6142560503 0 0 0 0.8028061379 0 0.8039977375 0.5698281225 0 0 0 0.5688062099 0.5762171527 0.6664221289 0.6653110199 0.6637385629 0.5856567239 0.5863214527 0.5791688928 0.5811367536 0.5836819345 0.6858853625 0.6874867566 0.6860573315 0.6851746188 0.5849317066 0.5882589504 0.8667335863 0 0 0 0 0 0 0.6185874039 0 0 0.6192985551 0.622945741
0 0.8867045101 0.8837444919 0.8899890666 0.8952132546 0.6399733444 0.7018164907 0.5894264663 0 0.6870552233 0.6820406661 0.6401009557 0.7188166429 0.7650701508 0.7957212337 0.5687865607 0.5647814429 0.547981347 0.5925499878 0.6270918513 0.7473782584 0.7460659876 0 0 0 0 0 0 0 0.5592092727 0 0 0 0 0 0 0 0 0 0 0.6577732821 0 0.8062211933 0.8061736252 0.8026205266 0 0 0 0 0 0 0.5698582474 0.663370898 0.6575188928 0.6662626214 0.6670295701 0.5876047213 0.5790686707 0.5801090878 0.5804848617 0.67605031 0.6849021937 0.6860623654 0.8959584085 0.5910763456 0.5825902745 0.7592138626 0 0.8973827002 0.7754350204 0.8870679422 0.7764198219 0.6258488862 0.6236326035 0 0 0.6141055858 0.6227996542
0 0.88414418 0.8857369777 0.8928107725 0.8456919273 0.8603347745 0 0 0 0.5275290143 0.5178579954 0.8169836416 0.5820916079 0.5961202788 0.7453687488 0.5634822917 0.7404870474 0.7372700626 0.6285528868 0.746246825 0.7451392111 0.7466292729 0 0.813399025 0.8046056392 0 0.7921779849 0.8744076201 0.7289207152 0 0 0 0 0 0 0 0 0 0 0.6496845721 0.6464265859 0.6462780325 0.646327837 0.8053957475 0.5491104228 0.5487648773 0.5572737976 0.8339850238 0 0 0 0 0 0.6607035432 0 0.7836633988 0.5852516748 0.5799636071 0.586120283 0.5828879486 0.7997146262 0.6794117334 0.8367990166 0.8879511244 0.7958140547 0.6143539633 0 0 0 0.6948514489 0.8818882486 0.6767382985 0 0.8774896771 0.8690614304 0.6173894048 0.6235041801 0.6206588778
0 0 0.8429381559 0.8368282393 0.8434537638 0 0 0 0 0.5264701623 0.5876347297 0.5815512693 0.5906573431 0.7215325728 0.6182965534 0.7371516264 0.7442944175 0.752522794 0.7582103007 0.7462832759 0.74421724 0.7485348411 0.7478340307 0.5393764802 0.5377880364 0 0.6609581499 0.6055472168 0.8663312227 0.7101198326 0 0.7574998936 0 0 0 0.5730647545 0.5715266209 0.5754591097 0.6467089715 0.6411844919 0.6378451739 0.6379174601 0.6753601571 0 0.7122688118 0.5571281898 0.5584950565 0 0.639454133 0 0.7897566646 0.7166028446 0.6033023733 0.6929384422 0.7910508493 0.5009657916 0.641589124 0.5164024028 0.5135952931 0.7951253729 0.7780544357 0.7756992847 0.7910509355 0 0.7933833383 0.5854978548 0.6649477683 0 0 0.7150145286 0.7214739228 0.5738237681 0.7125121768 0.5939992079 0.8820030522 0.8815405771 0.593363297 0.6447409244
