landscape/hab_quality/256/simulation_000032_p043_h081_HABMAT_patch_more_500pix_modified.asc_ac_0.5_quality.asc
NCOLS 513
NROWS 513
XLLCORNER 0
YLLCORNER 0
CELLSIZE 9.980507
NODATA_VALUE NaN
[rows 174 to 202 of 513, columns 260 to 324 of 513]
0 0 0 0.5654097861 0.711936939 0.6352786999 0.6285411659 0.6330871155 0.7229419597 0.7253010396 0.8078000211 0.8018343132 0.8072327085 0.81643903 0.7285949901 0.8789359529 0.869516376 0.5044935461 0.7633531759 0.7561134189 0.7561083415 0.6731818171 0.6158225456 0.7665257498 0.6607366719 0.6688107426 0.6681820592 0.6686743993 0.6092890288 0.6086538136 0.5539462608 0.660022845 0.5536863261 0.7979358745 0.8047096979 0.7329729478 0.734283531 0.7300875454 0.7263477198 0.7358416048 0.5673022646 0.6609306807 0.6088721455 0.6136234712 0.6113184482 0.5956461175 0.8732882639 0.6166351907 0.6126230255 0.6110216803 0.6108570998 0.618169387 0.897379254 0.6378615611 0.6418659656 0.6417146477 0.6327290244 0.6358436511 0.8779888041 0.7936083351 0.8739673938 0.8674429187 0.8706353619 0.7339429493 0.6699443408
0 0 0 0.7641565254 0.7907957732 0.6303236563 0.6284501401 0.6261413596 0.8232434283 0.5345486372 0.5078610978 0.8036325033 0.8147390789 0.8775684009 0.8570089051 0.7277310884 0.503014092 0.7954978601 0.7567519339 0.5853042507 0.8565974813 0.7704718868 0.50369578 0.6651399281 0.6604669621 0.6592069209 0.6657697909 0.6699202942 0.802359952 0.6040609876 0.6061770881 0.7978025862 0.5539300985 0.5571931816 0.7862471525 0.7351621748 0.7305976944 0.7298544972 0.7288013984 0.7292352647 0.6646146454 0.6693684886 0.5288934152 0.8662025663 0.8689017484 0.872347113 0.5858962428 0.7333417417 0.6244872614 0.6027237007 0.615716514 0.6155985501 0.6256409723 0.9037871855 0.8952965893 0.6418808916 0.6383987955 0.7125561458 0.8720949183 0.8618894379 0.8665329392 0.6597689094 0.862823456 0.858691822 0.6747202481
0 0 0 0 0.850453707 0.730837763 0.6221353509 0.623360655 0.6839959155 0.5070227331 0.504278835 0.5869597641 0.6179792187 0.8773590647 0.8478756293 0.734702889 0.825709955 0.5354100386 0.7723568752 0.7659525846 0.7674283105 0.6726942419 0.6561597854 0.800876612 0.6605522235 0.6564643143 0.6605120342 0.6678681061 0.6089422464 0.8805579474 0.6098534081 0.6169122266 0.5658631374 0.5631264725 0.5575616894 0.7403783411 0.7310257496 0.7348478689 0.725148863 0.617970946 0.6276365087 0.5372050905 0.8267591212 0.8695574819 0.8625295082 0.8643976099 0.5547511599 0.8449416294 0.6135025938 0.6017773226 0.6120988396 0.6252281867 0.6219920827 0.6309087521 0.8256764776 0.6005649803 0.6943709576 0.6938232169 0.8730627268 0.8663655447 0.8569498635 0.8219538557 0.8535871935 0.8633984521 0.6726045973
0 0 0 0 0 0.8501810773 0.6287793961 0.6252485006 0.7348607141 0.5072459295 0.8256866548 0.5797114767 0.6919134864 0.5017664347 0.8508394408 0.5755038496 0.7326783152 0.5094366898 0.6341286875 0.7642440049 0.5862004732 0.5888726053 0.6804455489 0.589387648 0.6613964044 0.6614695199 0.6621773623 0.6705982716 0.5274896773 0.5216095119 0.5129087233 0.5130876838 0.517934722 0.7139642828 0.7108489769 0.6197273718 0.6164277724 0.6088865491 0.6132721836 0.6199901863 0.6273614595 0.5511301703 0.5525842645 0.8686415646 0.8570021811 0.8553672655 0.8516868232 0.8472204297 0.6109169366 0.6061825565 0.6137069204 0.6188485232 0.6270337488 0.6349656542 0.6904058494 0.5958864838 0.5925470964 0.6178491237 0.8719101539 0.8587160554 0.8537456726 0.847926009 0.8544984804 0.8631516548 0.8484082935
0 0 0 0 0 0 0.853764071 0.6344283228 0.7269037681 0.5858385356 0.5876842935 0.5722175348 0.5810151725 0.5436024259 0.5563189829 0.7418961708 0.6450610435 0.7994392428 0.550979173 0.5847722272 0.5882002085 0.5813152468 0.582772798 0.8009932588 0.7982322576 0.6648181917 0.670565102 0.6628327787 0.7229244401 0.520721406 0.5122722282 0.5129618112 0.564294707 0.7125165212 0.7124846822 0.6225643286 0.6146791818 0.6188758669 0.6231860518 0.6177316651 0.5491936862 0.6687902396 0.5465486662 0.8726312304 0.865229762 0.8571288851 0.8521478278 0.6201962485 0.6112226573 0.6115738237 0.610159352 0.6108460505 0.6972781806 0.584103691 0.5934703421 0.5896262713 0.583502258 0.5857407163 0.5743421013 0.5448069936 0.8521509415 0.8506952236 0.8551120755 0.5223863528 0.5535568602
0 0 0 0 0.8530391703 0 0.8612388506 0.6606590472 0.6090198326 0.5846913236 0.581213892 0.5786361452 0.5736876573 0.8096411038 0.5465892538 0.5598660949 0.5516393536 0.5509592028 0.5575473119 0.563823772 0.5797253913 0.5805838874 0.6310191145 0.5646242023 0.6705531983 0.6705581602 0.8907402061 0.7062942629 0.5329084361 0.5134283823 0.5204568519 0.5203785616 0.5620422017 0.5613052938 0.5624448628 0.6790131634 0.6253477136 0.6294700244 0.6272408145 0.5558894115 0.5526118291 0.5431192512 0.5439523605 0.8669581286 0.8729182712 0.8620823998 0.8529452042 0.8522998269 0.6223206483 0.6169146972 0.6190042524 0.6134732741 0.5347287961 0.7089297833 0.8611423768 0.5834815819 0.5801778787 0.5802537628 0.59588523 0.6426162707 0.5345354613 0.5303599607 0.5204380447 0.5268052026 0.5165976834
0 0.5414895031 0 0.8626320116 0 0.8596295565 0.6691868487 0.6571983093 0.7388873624 0.5865297889 0.725946526 0.7259730432 0.6329715617 0.5776201045 0.5593869414 0.5624506138 0.5532872758 0.5579277353 0.5546439105 0.6517098878 0.8950121221 0.8948769264 0.7293028791 0.8895141424 0.8782755935 0.8100440682 0.8137414877 0.8083702147 0.8560318406 0.7534638967 0.85982578 0.7706546359 0.5702671921 0.566968991 0.570202687 0.8953228712 0.661544846 0.6631518465 0.6590625316 0.7526569866 0.5487359899 0.5451591304 0.5455113043 0.8519756301 0.8713828107 0.8606750368 0.6416947652 0.6323919539 0.6190621908 0.6208350389 0.616979288 0.6204537299 0.622136437 0.8597953528 0.8570706898 0.5854843989 0.5868874198 0.5877936271 0.5943938904 0.8360865779 0.5320541732 0.8206805246 0.5225151675 0.52309938 0.8060231853
0.8793967938 0 0 0.5265451529 0 0.6663929575 0.5442261887 0.665459491 0.6662572807 0.7329471425 0.7187193694 0.7282374493 0.5823405593 0.6077426608 0.5595133056 0.555781958 0.5537212395 0.5594525905 0.5612619741 0.6556083566 0.646181388 0.887186003 0.883062374 0.8902790006 0.8058556364 0.7976879298 0.8037561559 0.8025605001 0.8508698664 0.8547913592 0.8546987635 0.5359998887 0.5261358999 0.8907133021 0.5259713555 0.5187515883 0.6550663667 0.6549353692 0.6630313863 0.7560216441 0.7496918537 0.7528213452 0.8457623282 0.8556396823 0.644513863 0.7741520129 0.632643207 0.6376206841 0.6324157048 0.6262386505 0.6187205517 0.6254338301 0.6284913071 0.6520185823 0.8584819814 0.8619395398 0.5880563879 0.594000328 0.5952367737 0.6897885411 0.5124972219 0.7989591456 0.8016617354 0.8002529347 0.7989926191
0.6403252375 0 0.5257939752 0.5289366703 0 0.6721136946 0.6718140138 0.5203218319 0.624844106 0.7254616555 0.7224487684 0.7204220914 0.707336315 0.6042033691 0.5643015665 0.7507075392 0.5609810557 0.5400582229 0.66123208 0.6547421244 0.8912582613 0.89142619 0.8818627587 0.8828304607 0.7453728411 0.7984479983 0.7975396798 0.8064861611 0.8493503754 0.8481251703 0.853441366 0.7504160892 0.5242617111 0.5175430576 0.5172847053 0.5173200697 0.5530928514 0.5490990141 0.5520632086 0.5580368045 0.749357948 0.7436374392 0.7441672946 0.8524747467 0.8623879186 0.7025848897 0.512804331 0.8937342681 0.5666664077 0.5572555423 0.5614199767 0.5600254898 0.7144382162 0.7834267781 0.8811905385 0.8407351123 0.8345445758 0.5137835603 0.5927322741 0.5783407351 0.5779352451 0.8003074984 0.7980773204 0.792426257 0.7926214723
0.6729337216 0.5322239577 0.5319720111 0.531197715 0.5315739258 0.8275707155 0 0.6569624494 0.7327294063 0.6832453492 0.6875268213 0.6897554625 0.6946532969 0.5351986215 0.5328750562 0.6192167385 0.5256642363 0.5220872684 0.5385247594 0.7117268599 0.8945540291 0.8878167882 0.5670016296 0.8905057431 0.7157101062 0.7976867096 0.8054360193 0.8007103572 0.8506113627 0.8496702381 0.7464537918 0.7467926067 0.7420714139 0.5238720996 0.5260166736 0.5206556805 0.5493178813 0.5434339889 0.5513436442 0.5494440745 0.5488004887 0.7472825359 0.7443691255 0.8917984439 0.8925631688 0.89695869 0.8899136487 0.6394394052 0.5630114787 0.556747314 0.5545013858 0.5568383843 0.7739560165 0.8688718922 0.862821073 0.8774762789 0.8740017337 0.8718539534 0.8844654501 0.5833048815 0.5869090151 0.8033607597 0.7970368996 0.7885434015 0.7894617656
0.6734219926 0.6717454093 0.6793298137 0.5319066367 0.5403667092 0 0.5515332424 0.5602826047 0.5533122742 0.6874199182 0.6800133824 0.6861961073 0.694872034 0.5279751943 0.6876601261 0.5941921967 0.6278620504 0.5361484151 0.7660144484 0.8298146504 0.7923536419 0.892466622 0.5473228844 0.5509372682 0.7004249499 0.8123989072 0.807049045 0.8119740914 0.6902800952 0.5994223789 0.7394514415 0.7378049004 0.7386506228 0.7301624675 0.8575958042 0.6646420597 0.5468654584 0.543896224 0.7439404179 0.7753513205 0.7321544761 0.6257030549 0.7416492337 0.8903675609 0.8877242106 0.8400778497 0.6304327309 0.7621521898 0.5735964009 0.5614454921 0.5550675575 0.5545378122 0.5583091901 0.8679443589 0.8641769016 0.8607183938 0.8676334052 0.8760682351 0.7060134997 0.7307235222 0.6212476876 0.7563401969 0.6140303555 0.7908549845 0
0.7962718055 0.6576198706 0.8531281949 0.8543614349 0.6837389187 0.683339262 0.5512781336 0.5433164021 0.5488384518 0.6864587871 0.6813365791 0.6889911179 0.8812844318 0.8825346363 0.5324163087 0.6336137739 0.6591532883 0.804257675 0.8064393066 0.6741482806 0.6025741338 0.6766608477 0.7105313722 0.7002762363 0.8216056437 0.7907281683 0.8175449493 0.5615972717 0.7544952325 0.6582496107 0.7466014362 0.7390634557 0.7390948274 0.8553654848 0.8469393242 0.5490973377 0.5436564028 0.5499994788 0.7807216389 0.7462378026 0.7360468032 0.7320992013 0.7390840195 0.7379174767 0.6713276557 0.8960091459 0.7593629663 0.7607300596 0.7727074055 0.6803358941 0.6822936429 0.5545928063 0.8730529556 0.870675996 0.866558767 0.8605981502 0.8671830402 0.8771609439 0.7300315938 0.7265728524 0.6215318924 0.6165126076 0.8819410865 0 0
0.6666515745 0.6645865599 0.6655020741 0.6665607843 0.6759050101 0.6764678186 0.6810036768 0.5450657226 0.888383938 0.762429685 0.6556391028 0.6593077815 0.8749612673 0.8776671977 0.6283815007 0.6216752368 0.6278262008 0.6324843068 0.8002994104 0.6840530231 0.5129452367 0.8692441499 0.7157347897 0.6160824531 0.7324232983 0.7952376221 0.5755000037 0.5780766408 0.583702901 0.5854586267 0.7446699691 0.743425875 0.7524694926 0.846021447 0.5364289974 0.543007822 0.5407703889 0.5469392841 0.548960703 0.7435905764 0.7370132826 0.8197408159 0.7347394755 0.7398131695 0.7453574112 0.760503931 0.7603807344 0.7685576723 0.6992612625 0.5943436335 0.6788908192 0.687517141 0.8805677051 0.8802206518 0.8659033303 0.8639695616 0.8637398926 0.7211755791 0.7227752708 0.7236838617 0 0 0 0 0
0.6062990234 0.5261745641 0.6692748677 0.6645750804 0.6682423751 0.673188709 0.8865568113 0.5009800142 0.892072287 0.8870272132 0.6511507289 0.87227471 0.8718848378 0.6302257374 0.6293204964 0.6207058003 0.7330452023 0.747566558 0.6654647941 0.6586067024 0.880784777 0.5201607512 0.6217500524 0.5309685456 0.8682116129 0.5726434075 0.572443889 0.5754337194 0.5781636505 0.7386652213 0.6920515611 0.8738997441 0.7828687464 0.8858284789 0.8420352585 0.5346894357 0.5410534027 0.5427408713 0.5450865224 0.5425340834 0.8229432377 0.8212911868 0.8218320353 0.8226299213 0.8252204315 0.7689524411 0.7608117448 0.7931578708 0.7033739486 0.6809580263 0.6842088581 0.6841565652 0.7225770889 0.5121696548 0.8473490138 0.642833491 0.6559778963 0.8545758063 0.7194720426 0.729227976 0.7317743142 0 0 0 0
0 0 0.6719503369 0.670667965 0.6644963308 0.6721479791 0.676468381 0.8145766426 0.8906304185 0 0.8699176408 0.8662119311 0.8688195657 0 0.6257870189 0.6276168446 0.6208819305 0.7314290752 0.7283141297 0.7323383636 0.6941769831 0.6983462294 0.6628037159 0.8699778187 0.6710233743 0.5786344147 0.5712393109 0.5770893751 0.5212985442 0.6862517352 0.695324897 0.6883114548 0.7601861181 0.8483996364 0.5353236166 0.5432716532 0.5381479981 0.54434079 0.5444344771 0.5522387512 0.8800617243 0.8466927645 0.8243877739 0.8190232304 0.8258111668 0.8840484968 0.890222365 0.5832905655 0.6172036169 0.6533815244 0.8724887862 0.8638806683 0.7574841365 0.5505214877 0.8032357263 0.7061441745 0.818327189 0.7273618024 0.7286255154 0.7226449288 0.7123301251 0 0 0 0
0 0.6713011736 0.7288430281 0.7229334591 0.6721416081 0.666557171 0.7070206106 0.702844232 0.7030571058 0.7068872982 0.8723536887 0.8741366236 0.8749026826 0.8755014736 0.728687808 0.6480610839 0.6423717611 0.8959916032 0.8563839104 0.7029251051 0.6923576324 0.7042811933 0.6970842503 0.6951031821 0.5772206246 0.5726147337 0.5733120684 0.5770936107 0.6775411396 0.68474927 0.6913469047 0.7193380933 0.7104690596 0.5485711327 0.5461905063 0.5483514398 0.5458435648 0.6463874275 0.8828972367 0.7709858426 0.7091271084 0.705713385 0.5994911303 0.6033465304 0.601468893 0.6408067403 0.7077278801 0.8837710843 0.8860281944 0.7731655968 0.8638033971 0.8712585023 0.5518575046 0.5442736797 0.5498850868 0.6025619608 0.6041579108 0.7850245982 0.5177113466 0.5201707344 0.5229459985 0.7028002538 0 0 0
0.673835419 0.5060855853 0.8655736727 0.7317613901 0.6408706668 0.5829725403 0.715102394 0.7061623644 0.7011658612 0.7075962815 0.5823677871 0.8857462606 0.5138631446 0.8776508849 0.7906735394 0.8414070975 0.8443106948 0.6521263966 0.7027949036 0.6559004229 0.6971150238 0.6897690049 0.6944860522 0.6904397855 0.663285014 0.6567000028 0.6584932877 0.6786858835 0.6827520791 0.6799043392 0.6894880881 0.7156560332 0.7106980298 0.7034970082 0.5492304056 0.553500753 0.5568978508 0.6553099406 0.7368190389 0.7620022404 0.7129464679 0.6065289834 0.603796962 0.5968782394 0.6037599964 0.6100747309 0.6547305437 0.5108802222 0.7139804008 0.8250573736 0.8659348504 0.8704106169 0.8417771931 0.6578526776 0.5558417843 0.6070287168 0.7849854528 0 0.5199932173 0.5151190945 0.5161611157 0 0 0 0
0.7002854325 0.6994300939 0.6358350885 0.619811504 0.8752404471 0.8743021048 0.710669788 0.7070886134 0.7052235969 0.7084223312 0.8031529951 0.8009322906 0.8849918884 0.7645547093 0.8871067718 0.8467119897 0.8392449595 0.8836940333 0.7956475893 0.6518529734 0.6956533395 0.7863756208 0.6856027474 0.6872727931 0.6599724405 0.6556758003 0.5814358876 0.6635619664 0.6131039849 0.6841025868 0.6822443199 0.7155025411 0.7057221788 0.703968786 0.7112776596 0.832346479 0.5535669771 0.5449524461 0.6547484918 0.7973136634 0.7560716024 0.606959278 0.6036007875 0.599485385 0.6021481274 0.5004016322 0.5430519944 0.5449951656 0.7204743333 0.7912181125 0.7109349937 0.7156537875 0.5710621286 0.5739833643 0.764175457 0.5799870435 0.7877461069 0 0.5211732641 0 0 0 0 0 0
0.6971607056 0.7038431154 0.6181480494 0.5898949309 0.8744479544 0.8877306984 0.7543073555 0.8908174325 0.7994676715 0.79552954 0.7954674348 0.7993240255 0.7601690925 0.7650778075 0.5221983934 0.7248204048 0.8468879617 0.8446492317 0.7938181547 0.6564513851 0.6538075527 0.7815275162 0.6461501557 0.643826165 0.6510363185 0.652453314 0.6577564283 0.6139002973 0.6168515998 0.6118454981 0.6955972361 0.6911540953 0.7136147575 0.7131191938 0.7831641371 0.7778276387 0.552889225 0.5443597624 0.8518907931 0.5250433833 0.852481889 0.5316133676 0.7518031209 0.604384534 0.6042760502 0.6700012131 0.7435957852 0.5326855333 0.6164375641 0.7116357875 0.7101014923 0.7107283962 0.5817719735 0.5811961134 0.5722303984 0.5729708553 0.7929121288 0 0 0 0 0 0 0 0
0.6961104421 0.7007520127 0.6125177768 0.6138271087 0.7266328565 0.7867491746 0.8821720833 0.7872412029 0.7921989608 0.7913415238 0.7939586524 0.8817566353 0.8208417753 0.7635685493 0.7643347862 0.5999744297 0.8018509016 0.8477604537 0.8472980117 0.8490496615 0.7834964201 0.7907321876 0.7836656702 0.6440599625 0.6424926558 0.6445424292 0.6589015064 0.6179204854 0.6113516689 0.6954632406 0.6220098656 0.7132486546 0.5358242588 0.7928377603 0.7773526291 0.8096784485 0.5535568483 0.6711278012 0.8518149892 0.8481635635 0.5227103841 0.5272892675 0.5204866297 0.5256606024 0.5507904509 0.5290075777 0.53160029 0.5290130288 0.6245160427 0.7194920883 0.6285267758 0.7195557968 0.5895198425 0.5759488502 0.5809653254 0 0.7757957196 0 0 0 0 0 0 0 0
0.7014239637 0.6178047263 0.616198382 0.8692988787 0.5667247891 0.72756719 0.7874234385 0.7300852174 0.7867890644 0.791976438 0.7946120273 0.7689457415 0 0 0.7632797071 0.7597969927 0.7662937686 0.8515571901 0.8428785645 0.5459442735 0.5337505265 0.5320114274 0.6535791941 0.6512898988 0.6454321971 0.6473464408 0.6838353997 0.6212788036 0.6211880572 0.6180634944 0.7052934432 0.7053918826 0.7218356053 0.8562386086 0.7840904817 0.7834572728 0.841181849 0.8618561512 0.8548788755 0.8328400447 0.828724644 0.5180613424 0.5197932331 0.5239074317 0.5306478615 0.533630559 0.5374018645 0.8160754574 0.5355582051 0.806593931 0.7753798551 0.6810026445 0.7494001456 0.5928930409 0.7438824696 0 0 0 0 0 0 0 0 0 0
0.7110286639 0 0.6240692979 0.6716588373 0.6777289783 0.7954415701 0.7880825386 0.7789262317 0.7793898842 0.7881107158 0.7612355388 0.7623423894 0.7004162394 0 0.7693937034 0.7669559583 0.7647292914 0.817995535 0.8365612401 0.5484141369 0.5395980854 0.541276424 0.5363997791 0.6519103625 0.6611715306 0.6709222378 0.6748066316 0.6225244885 0.6291891589 0.7089265982 0.5261236892 0.7078726545 0.8586646011 0.5294243331 0.6053123156 0.8714460741 0.8785130049 0.7173772837 0.7209371002 0.8373682545 0.5258186101 0.5240130322 0.5178944646 0.5251582717 0.7928707863 0.535611744 0.6498807409 0.8318202912 0.5423560774 0.7493415516 0.7166665438 0.7788900668 0.8538763344 0.8658956925 0 0 0 0 0 0 0 0 0 0 0
0.7902999289 0 0.6157224216 0.6107868066 0.7974369795 0.7899359663 0.7808445716 0.7849849087 0.7820412016 0.7872626734 0.7646086672 0.7575741458 0.767399198 0 0.6137695038 0.6070671582 0.6158932065 0.8915366536 0.8275207192 0.8516689894 0.5476513369 0.5384090401 0.5379367205 0.6626284686 0.6698316028 0.6650845327 0.8522780572 0.5478733262 0.5448490512 0.5448134697 0.7354022751 0.6353950329 0.6188904281 0.6000089439 0.5966776715 0.6005035131 0.774272426 0.8863628373 0.710943549 0.5317376393 0.5269992082 0.5257146683 0.5179745718 0.5263728357 0.530688489 0.6559339764 0.6474476922 0.6483665839 0.5179107903 0.7092181099 0.7042170062 0.7117792264 0.7244800332 0.5412042155 0 0 0 0 0 0 0 0 0 0 0
0 0 0.7700735687 0.5652657637 0.7704019776 0.5126824819 0.5091343827 0.5102687858 0.5161153356 0.5286804435 0.5077952432 0.7624313652 0.7587425235 0 0 0.6066093493 0.6160956962 0.8322514567 0.834822964 0.8344573756 0.82157943 0.5448103393 0.5390520546 0.6870231385 0.6722231635 0.6189505186 0.6662848038 0.6082859914 0.5439339707 0.550929822 0.6744430383 0.642547167 0.5695584028 0.5685631891 0.8141850648 0.5983955337 0.7165838747 0.7152717708 0.8881976815 0.7189023816 0.5285620343 0.5290481074 0.5306094127 0.5353158415 0.8708044536 0.5396881036 0.6532834223 0.7171662163 0.7195954159 0.7104792049 0.7040671089 0.7092440606 0.5519723149 0.5513916038 0.537372454 0 0 0 0 0 0 0 0 0 0
0.6834760003 0 0.8473594527 0.7669601299 0.7735168705 0.5171296026 0.507732165 0.5244946182 0.5172343505 0.5251359902 0.5281711001 0.5314910195 0.5268167916 0.6160465966 0.6073559545 0.6098635763 0.6198784229 0.7753443213 0.835160655 0.8314684549 0.5519071144 0.5454547034 0.5532141689 0.7986851256 0.7797575692 0.7874523718 0.6708426095 0.5470456798 0.5490127047 0.5454330698 0.8849068195 0.7768909865 0.5697589125 0.5661506185 0.5673405871 0.7793958891 0.9056749574 0.6316595451 0.7917455743 0.6100394834 0.5392863085 0.5327838913 0.5336701484 0.5318610285 0.5332390037 0.5411165609 0.7546676191 0.7257715714 0.7165381864 0.7887457995 0.7100482857 0.7061123862 0.54818325 0.7974341746 0.54307195 0.5369149862 0.5296554479 0 0.5279693804 0.5277243111 0 0 0 0 0
0.6825535947 0.687158071 0.7704718366 0.7704896224 0.7721041049 0.5120742108 0.5125947797 0.5140478334 0.5167079264 0.5214578306 0.5258275127 0.5274857647 0.5261804042 0.6074450413 0.6111364162 0.5913490662 0.5175978245 0.5499897125 0.5512375554 0.5496929889 0.599476334 0.7381606198 0.8074812719 0.7987209514 0.7933417967 0.594105444 0.6681514157 0.5564797089 0.5510666414 0.5019198923 0.763708931 0.7687256434 0.7712077797 0.6649258048 0.5711116001 0.8997857284 0.8977533453 0.9076871037 0.6169773499 0.6074539233 0.7777271541 0.5332233126 0.5337231813 0.5407064793 0.8562303028 0.5409624587 0.7809810462 0.8880681787 0.7223505557 0.7127686083 0.811915288 0.7188132365 0.7760690765 0.5550067164 0.7765228835 0.5443058391 0 0.5316914059 0 0 0 0 0 0 0
0.6919363252 0.6846781862 0.7836830112 0.7911501633 0.7833015931 0.77519334 0.5187008038 0.5206828997 0.5182890231 0.5257398943 0.5288752115 0 0.532181636 0.5320284191 0.7043601335 0.7588223214 0.7592862384 0.7573939833 0.5492307788 0.5470456395 0.5507130704 0.5508658256 0.6610810243 0.6830559964 0.7056217205 0.5878921058 0.6631907564 0.6563825382 0.6595615756 0.7396087212 0.765211114 0.7633803194 0.580885026 0.5788126788 0.5793646027 0.7150602408 0.9020579735 0.8818516899 0.6459427683 0.8771422172 0.867695502 0.8706367318 0.6825154832 0.5428119223 0.8603131039 0.7092345627 0.5935718282 0.5811059014 0.7189401312 0.7147560754 0.7186847672 0.7196737686 0.7257298176 0.7217667656 0.829248348 0 0.5400103864 0.5446805897 0.6284974873 0 0 0 0 0 0
0.8246756788 0.6947460805 0.7892057928 0.7818757534 0.788451213 0.7798954441 0.7732337905 0.8313380335 0.7422308943 0.6070781889 0.5279405358 0.743999797 0 0.7024229751 0.7057916843 0.7028646076 0.7566744905 0.5439438076 0.5440713042 0.5422827211 0.5479416529 0.5507810947 0.7251542119 0.6513616256 0.6509515341 0.5207670073 0.6774483612 0.8555174914 0.6786886405 0.8315452713 0.7301047208 0.8309420118 0.5765369403 0.5761922813 0.582454273 0.5989388832 0.6009447151 0.8846153892 0.8756025857 0.867351858 0.827118318 0.8783575411 0.8809564969 0.8260157239 0.6148976002 0.7000657176 0.8655173168 0.8657621867 0.5661278543 0.7105402706 0.6822132441 0.6791112698 0.6842016111 0.8356608053 0.7254932052 0.6461251285 0.5486097316 0.777344041 0.6334685377 0.7078745755 0.6996711519 0.6009180762 0.8903136211 0.8901607728 0
0.821680795 0.8019710082 0.8005590275 0.8009359626 0.8001448263 0.6341024495 0.7794682954 0.781871125 0.530579847 0.5355711964 0.9020908297 0.9086888746 0.905903482 0 0.6985229243 0.7059598487 0.7662795141 0.763264056 0.5058126048 0.6270419425 0.5504704715 0.7297365309 0.700366173 0.6517044943 0.6507450596 0.6514716001 0.6637441596 0.8089211826 0.7667368654 0.8702718972 0.8300567562 0.8400374704 0.5797485648 0.8959927162 0.584568427 0.8931905098 0.8968211958 0.524981329 0.8697172868 0.8671496331 0.8759148769 0.7764847166 0.7750146623 0.7697400857 0.614217503 0.5356842326 0.8720360943 0.8633276908 0.602771306 0.705106703 0.6770836547 0.6742315266 0.6766702338 0.6743067927 0.5416458463 0.7663823702 0.7679592356 0.7599907229 0.7119841841 0.519109132 0.5658394208 0.8844218256 0.8860126198 0.8823934431 0.8216445115
