landscape/hab_quality/256/simulation_000065_p049_h021_HABMAT_patch_more_500pix_modified.asc_ac_0.5_quality.asc
NCOLS 513
NROWS 513
XLLCORNER 0
YLLCORNER 0
CELLSIZE 9.980507
NODATA_VALUE NaN
[rows 261 to 289 of 513, columns 67 to 133 of 513]
0.5891682591 0.5979223927 0.7496479016 0.7474758969 0.7048177749 0.6989124738 0.8742937273 0.7516415279 0.8759614736 0.8438930071 0.6586946187 0.8846439274 0.8759571863 0.846130559 0.8404929309 0.8418439416 0.6647528188 0.5723629821 0.5683482847 0.5661556294 0.7129452947 0 0.7025384637 0.6996146613 0.6942210954 0.6940225539 0.7010031496 0.6090468936 0.6907154473 0.8118062282 0.6902627523 0.7843004105 0.9037300449 0.8757800203 0.9011072681 0.5593562298 0.5598026402 0.6229877283 0.6250979052 0.6233628373 0.6188950863 0.8633529127 0.6585318999 0.6589841835 0.6580253838 0.6591540259 0.5622066326 0.7392591319 0.5151201363 0.5141027884 0 0.5139331203 0 0 0 0 0 0 0 0 0 0 0 0 0 0 0
0.5814677418 0.589069804 0.7500305265 0.7442276585 0.743181113 0.5571637645 0.5546839647 0.7636521017 0.5665111275 0.5659954943 0.8939492996 0.8793857167 0.8795283036 0.8763040722 0.8397584878 0.8459670301 0.6676364375 0.5690609448 0.5698749712 0.5667881076 0.7143376564 0.7038492868 0.7063562452 0.7001960696 0.6889548778 0.6868226258 0.7004341818 0.6872568677 0.8185443955 0.6860301626 0.7791595991 0.700874205 0.87512688 0.9110217011 0.5611709398 0.5606056056 0.5531706383 0.5572924537 0.6324517528 0.6182192523 0.6135661681 0.6206305424 0.6170543429 0.6646362447 0.6595634603 0.6669819935 0.8823603548 0.5773880016 0.5207408445 0.5160611605 0.5174291972 0 0 0.5285124166 0 0 0 0 0 0 0 0 0 0 0 0 0
0.5801242784 0.584735243 0.7437666998 0.7411662389 0.7462375801 0 0.5514092082 0.5611514336 0.55952203 0.8798582006 0.6651886828 0.861370871 0.8534680807 0.8527190184 0.8386607934 0.8375213195 0.8429829767 0.5601814487 0.5588740498 0.564504375 0.7190552438 0.7194598509 0.7056526539 0.70299105 0.6882655966 0.6743459957 0.6797484418 0.6791652983 0.6901639048 0.8253123598 0.6909106234 0.6534388192 0.6642500235 0.868748948 0.8479079709 0.5561231339 0.5544625725 0.5541052999 0.5077658986 0.6166218042 0.6136073198 0.6126422242 0.5966730352 0 0.5976729318 0.6032998739 0.5640929573 0.6102885053 0.6267179688 0 0.8647349337 0.5317776653 0.5250580789 0 0 0 0 0 0 0 0 0 0 0 0 0 0
0.583450541 0.5890841059 0.7470979168 0.8924046637 0.7373578882 0.8850706285 0.8884247319 0.5567684172 0.9039996193 0.876152848 0.8728940194 0.8079638807 0.8520959991 0.8546374257 0.8471592216 0.8425114912 0.5577899498 0.551707514 0.5899204916 0.6251194296 0.8607693805 0.7851017369 0.7102022888 0.7092317058 0.7091531047 0.8243776994 0.6710168083 0.6789193025 0.8535759977 0.857167653 0.6475266309 0 0.8180797876 0.680599658 0.6902757279 0.7989599868 0.82895114 0.714533382 0.6225591724 0.7236526528 0 0.6117095115 0.6044595887 0.5955375631 0.599755949 0.6156686471 0.5896043295 0.6078746127 0.6092133973 0.6188422221 0.6132380878 0 0 0 0 0 0 0 0 0 0 0 0 0 0 0 0
0.6522434107 0.6439013294 0 0.8885163322 0.8825736818 0 0.8861611122 0.895088761 0.9035583943 0.8828233125 0.8746430355 0.7942141753 0.8557685016 0.8512009588 0.848991753 0.8494678974 0.8215749742 0.6266516758 0.6246355819 0.6613109332 0.7028718166 0.6401101916 0.7159827755 0.7145500148 0.6816231299 0.5758493229 0.6667759521 0 0.7185503473 0.8529543 0.8505317987 0.860102148 0.726635418 0.7087443068 0.6896726865 0.7065953311 0 0 0 0.7694955487 0.5480472242 0 0.6067275231 0 0.5904950546 0 0.5893215629 0.5985193786 0.6039094104 0.6144457765 0 0 0 0 0 0 0 0 0 0 0 0 0 0 0.9140890967 0 0
0.6512677643 0.6459106091 0.6398499028 0.8875649284 0.8899446605 0.889457264 0.8855536162 0.8968481748 0.9048905618 0.8913694312 0.5940862904 0.8636979192 0.8588443654 0.8576510812 0.8499269165 0.8538548187 0.8171031691 0.8212071071 0.702320429 0.6975506238 0.7002258182 0.6548822896 0.6988634684 0.6777163415 0.6733987607 0.6733878212 0.6632284398 0.6679346139 0.8328144691 0.8261822969 0.8564261893 0.8331371911 0 0.7142738592 0 0 0 0 0.5652267863 0.7116464306 0 0.6111658827 0.6040343618 0 0.5857524771 0.5832405678 0 0.5958348514 0.5972489391 0 0.6144816051 0.6193260562 0 0 0 0 0 0 0 0 0 0 0 0 0.5580841177 0 0
0.8576159772 0.6399780402 0.6428616254 0 0.6285444394 0.6323798696 0.6319099694 0 0.5048907786 0.7721562602 0.5499062739 0.5506952098 0.5553971879 0.8623238318 0.7764495707 0.8220015935 0.8254950334 0.5488298029 0.6975511308 0.7064953725 0.6970034962 0.6897801893 0.6842404849 0.6778430522 0.6719780117 0.6650332899 0.6655476515 0.6703961522 0.8513186748 0.7506639824 0.8257532053 0.8199883844 0 0 0.8235990248 0 0.8409298147 0.8433871382 0.8175465161 0 0 0.7448747798 0.7475171875 0.7517345243 0.5911854242 0 0.5864419996 0.5935944957 0 0.6051298586 0 0 0 0 0 0 0 0 0 0 0 0 0.5580166971 0.5577399212 0.5593867587 0.5179852501 0.8060575793
0.7659146624 0.7649708495 0.7677673726 0.626681568 0.6274978994 0.6236654029 0.6402832315 0.502325216 0.5861946269 0.7674902582 0.5523849684 0.5493626274 0.5515008726 0.651796754 0.828456414 0.8292256602 0.7038702063 0.7677851511 0.7072323178 0.6990192979 0.6466063307 0.6918999634 0.6470651168 0.6438740285 0.6712255913 0.6690488961 0.6736024953 0.6689538908 0.6345202579 0.6009599881 0.6451059496 0.8180667169 0.8170090495 0.8232674685 0.502719006 0.7590430796 0.7519429937 0.7534405968 0.753743929 0.770061288 0.8095022261 0.7459046332 0.7421538523 0.7506480573 0.5855139108 0.5863637884 0.5885822143 0 0 0 0 0 0 0.6346460062 0 0 0 0 0.8703946901 0.7406483185 0.7423315758 0.5642293909 0.655242372 0.5640342729 0 0.808411173 0.798870266
0.7603874848 0.775638518 0.7617950031 0.6142584443 0.6180208325 0.6142253022 0.5895977477 0.5854224116 0.5912892499 0.5900400636 0.593879512 0.5523125487 0.5460533226 0.5520504873 0.5542310528 0.7270964483 0.6947493782 0.7851828801 0.7661810494 0.6509133885 0.6495642434 0.6431753584 0.643322792 0.6453829889 0.678120582 0.6762280562 0.6248425557 0.6265403875 0.6352374727 0.518417918 0.6415653209 0.6409519617 0.6385120593 0.8182377392 0.7451506585 0.7469994648 0.7493740685 0.7509954927 0.7641631889 0.7649444724 0.7765986685 0.7482057251 0.745233589 0 0.7538452041 0 0 0 0 0 0 0 0 0.5847454104 0 0 0 0.8541384847 0 0.7327563324 0.7380972912 0.7784819732 0.5724728583 0.5712247259 0 0.803537219 0.8094577135
0.7616491843 0.7588025802 0.7651265556 0.613655046 0.6055639055 0.5713117374 0.5731204161 0.5747666721 0.5834231779 0.5849857155 0.561987289 0.5531868364 0.5471825181 0.5515267539 0.559682227 0.6383407195 0.7800080004 0.7845390496 0.7626886753 0.6592169718 0.6477408523 0.6422812382 0 0.6261286106 0.6199684903 0.6151435628 0.62443203 0.6209627061 0.6269334677 0.6325350486 0.633441978 0.6354459474 0.6446105114 0.6445174899 0 0.7450743104 0.7531404559 0.7551996237 0.7580156161 0.7698873991 0.7734801962 0.7680816787 0.7537514825 0 0 0.6035577454 0.6013546029 0.6047252253 0 0 0 0 0 0.6111884443 0 0 0 0.8561463103 0.8467645888 0.8502585416 0.7426528865 0.7542146082 0.7866135722 0.6764652627 0.8114718933 0.8090706275 0.8122640686
0.7681462761 0.7643927704 0.7621014213 0.6051593899 0.6069259912 0.5711697003 0.5728184713 0.5824439692 0.5843534677 0.5860301055 0.5962427056 0.5605348813 0.5618533939 0.8258925672 0.8560414617 0.7834423357 0.5778247124 0.7769499733 0.7809793162 0.5391040663 0.6500318216 0.6490768138 0.6353447278 0 0.6229015561 0.614819306 0.6198235515 0 0.6283707703 0.6287734676 0.6407765155 0.6350979834 0.6362232865 0 0.7475716386 0.7542622457 0.7458367361 0.7630783804 0.7649689989 0.6903313086 0.8050087324 0.77041216 0 0.6218394919 0.7333925064 0.7376479965 0.5910167936 0 0 0 0.6100432879 0.6791036999 0.6771782608 0.6786612426 0 0 0 0.8496582184 0.8551558239 0.8567600229 0.8645882666 0 0.5455732883 0.6670783058 0.6688424923 0 0.8821279644
0.7661614258 0.7679330878 0.6127655163 0.6093647438 0.609071808 0.5791407633 0.5804404053 0.5736157459 0.5151622363 0.5896814228 0.8922238482 0.597085994 0.5864824499 0.5881501253 0.5847597372 0.7894993309 0.7818268282 0.6430546509 0.6335124907 0.6318961833 0.7600464767 0.6495572917 0.6354824678 0.6257856128 0 0.6198034331 0.6355179787 0.6264440774 0 0.6371997727 0 0.6607404938 0.658604503 0.6622600487 0.7283707594 0.7308385349 0.7303728094 0.7318179811 0.7292968722 0.7140442813 0.7331596593 0.630983318 0.6258495915 0 0.6268417666 0.7392801379 0.5910317693 0 0 0 0.6108182767 0 0.6733363158 0 0.6855771165 0.5879287668 0 0 0 0.8611314489 0.8582998542 0.5402331552 0.7565701269 0.6630785359 0.6652775172 0.6618102231 0.6864147502
0.9042353742 0.9064838747 0.6404386057 0.6346810912 0.6107600297 0.6138079997 0.7017013659 0.5660480042 0.5933481216 0.8951362469 0.8928496845 0.8975779278 0.5042286133 0.5844540601 0.5035148513 0.5202707812 0.6406609879 0.6347716806 0.6275321069 0.6309212217 0.6325725455 0.6382651103 0.5400163765 0.627993463 0.6303604704 0 0.6303502091 0 0.6313925528 0.6360049044 0.6509890031 0.6531075136 0.6610222998 0.6621090162 0.732153108 0.7277002899 0.7228097209 0.7236231171 0.7285249463 0.7709028199 0.7633057077 0.6326794976 0.6323693272 0.6327753952 0.5646080627 0.5723873678 0.6444247058 0 0 0 0 0.6751599842 0.6780239107 0 0 0.7651873072 0.7603628713 0.758902406 0.7592344659 0.8638772562 0.8187254558 0.8438450842 0.7666050504 0.6695219483 0.6615154636 0.6781457246 0.6875523277
0.9043646933 0.6387909669 0.6345778406 0.6370818959 0 0 0.5606703902 0.5462192101 0.5519735335 0.8991287063 0.8773183545 0.8981101702 0.7485138059 0.5026259433 0.594405381 0.8452135049 0.6383024792 0.6322387103 0.6269481828 0.6258955576 0.619838582 0.6381597144 0 0.8559771849 0.6300927622 0.7196586839 0.6406747967 0.6337050359 0.6350640117 0.6411114347 0.646599437 0.6585535768 0.6562185873 0.6698868428 0.7374617159 0.723347318 0.7319291789 0.8658488267 0.7266766922 0.8354256584 0.8266267755 0.8232093801 0.617221512 0.876587153 0.8032203478 0.6321371228 0 0 0 0 0.6816387363 0 0 0 0.6219527339 0.5119768437 0.5816125737 0.7600115154 0 0.7576757282 0.7192807466 0.5001363469 0.753549752 0.7575205787 0.6695610242 0.6692398742 0.691397427
0.9013914287 0.6419944491 0 0.6430636636 0.7064702687 0.7019716523 0.6959677786 0.5505283878 0.8768650275 0.873092907 0.8360859819 0.881954651 0.7450065093 0.742378871 0.7344593718 0.7378385814 0.8213942812 0.6289909016 0.6268843497 0.6196107133 0.7247944631 0.6984167562 0.544752325 0.6394737035 0.6554284966 0 0.6496722928 0 0.6417817374 0 0.6433596424 0 0.6610967655 0.7669762015 0.5312038255 0.7278368146 0.7712972724 0.611888524 0.6669968033 0 0.8044178427 0.8079359638 0.8036020017 0.8045394883 0.8205504329 0.6455951859 0.6297574962 0.7737607408 0 0.6785414737 0.6781768704 0.7383306341 0.6716068379 0.6678558131 0.6706487896 0.808485165 0.5187291304 0.6043413906 0.7611456536 0.8448884706 0.7279448194 0.7290606418 0.7569013782 0.7509051291 0.7434329578 0 0.7101805219
0.7683836796 0.7702532122 0 0.6354468745 0.7073455787 0.7103877212 0.7017533513 0.69737379 0.7008208322 0.8864815261 0.8849179977 0.8519771063 0.8640677621 0.8615896756 0.8477253461 0.7412120702 0.6302578501 0.6292150097 0.6140270165 0.6233150703 0.6269203716 0.7466260806 0.5461333277 0 0 0.6439870133 0 0.6442951774 0.6497030096 0.6571727562 0.6445839042 0.645640122 0.5312703082 0.5279321228 0.5286193831 0.8569090643 0.7170763184 0.8312780966 0.8864652667 0.7035875468 0 0.8040589535 0.7987387624 0.8171207097 0.7178725013 0.679154501 0 0.8636354977 0.8944000505 0.7530102523 0.8052599156 0.8038795482 0 0 0.7744635546 0.6957972371 0.8748288772 0.508834653 0.5614028612 0.7000993956 0.5654593457 0.7308318547 0.7578211735 0.7482970142 0.7467286631 0.7520518072 0.7051851895
0.7735756893 0 0.7742207419 0.7833241813 0.7786832166 0.6877125932 0.6800405657 0.6999619278 0.5524788301 0.6785140573 0.6705179043 0.6718769608 0.8698278695 0.8626345316 0.8654406588 0.7511237127 0.6308391474 0.6368998607 0.6136407616 0.616596197 0.7484021924 0 0 0 0 0.5313089242 0 0.72190885 0.6476117859 0.6570861136 0.6533559329 0 0.5298182667 0.534034615 0.5363158584 0.8022644423 0.8177340652 0.8223622211 0.8158623479 0.8114427433 0 0 0 0 0 0 0.6857930225 0 0 0.8060048784 0.8119215821 0.800541837 0.803258364 0.8168612939 0.8646901842 0.8665500777 0.6327615633 0 0.5009576583 0.5579542571 0.7325763238 0.7582983623 0.7584564895 0.749385682 0.7480125541 0.74692643 0.7530077941
0.765980716 0.7673672525 0 0.8419531295 0.5517122744 0.5687270939 0.5568129915 0.5661836923 0.5619665606 0.6713149457 0.6742231638 0.6699745051 0.86631567 0.8634294837 0.8702378759 0.7646624434 0.6997762635 0.6157190458 0.6198109181 0.6167294393 0.7397333613 0.7408910175 0 0 0 0 0 0 0.7272691515 0.568765755 0 0.7892861487 0 0.7888242935 0.7976305733 0.5381220853 0.5265550557 0.8127093982 0.8066169954 0.8069252591 0 0 0 0.7445476337 0.5479627969 0.8519599819 0.6825521772 0.5332308109 0 0.7848183397 0.8084366975 0.8041790314 0 0.8137841699 0.753748329 0 0.7214095851 0.5524739762 0.5563021607 0.5614782212 0.5670974622 0.7535809153 0.7526182669 0.7542991102 0.7573770694 0.7651345764 0.7692308504
0.7600121443 0.7750337766 0.7675622207 0.7691160185 0.6680520635 0.7082471444 0.5640154696 0.5563058696 0.5597119656 0.671801408 0.6649279248 0.6716704365 0.6714565478 0.6716611329 0.6786389699 0 0.763848223 0.6183082002 0.624770341 0.6405425022 0.6383120093 0.7319622517 0.7350217381 0 0 0 0 0.8251056173 0.8206812865 0.8251794116 0 0 0 0.7892544601 0.7984632451 0.800496247 0.564260689 0.8100869261 0.809068928 0.8014165224 0.6869591948 0.7969102811 0.741439531 0.8104219865 0.7877198584 0.8599805466 0.8504682577 0.5315331355 0.5105412872 0 0.8193601395 0.8063429355 0.8090739947 0 0.7580430682 0 0.5533061029 0.5553708534 0.5630156554 0.8672268766 0 0.8743271121 0.8787713185 0.8830859591 0.7613197763 0.76082676 0.7673836399
0.7682213848 0.5401633322 0.7763440871 0.8615460186 0.8322012868 0.8313445398 0.5620134018 0.5564493424 0.6767434872 0.6736453844 0.5223546646 0.519760798 0.5247931149 0.6777159982 0.6805265329 0.8033878183 0 0.5531194059 0.6281643089 0.5496044387 0.6436926861 0.739120846 0 0 0 0 0 0.823368113 0.5369171002 0.828083125 0.6134723951 0.6198683611 0.7987873176 0.7933572548 0.7943675904 0.6725643353 0.7041350394 0.6994869576 0.7086404097 0.8039432838 0.8112653142 0.6555077791 0.7476142774 0.742202054 0.6986641204 0.518884287 0.884551039 0.7434531988 0.8826029084 0 0.5416223071 0.8087596814 0.8087844634 0.8147672886 0 0.8534070898 0 0.5619168168 0.8691321228 0.8740775132 0 0 0.8721148306 0.637134328 0 0.766050985 0.7689757982
0.7699741084 0.7757195616 0.549158334 0.8459759922 0.8385293598 0.8904786031 0.6992571274 0.7012925327 0.5357366773 0.6790565621 0.5262543998 0.5155070868 0.5244518145 0 0.7939041447 0.5489348679 0.5443891926 0.5438895153 0.659068788 0.7103596142 0.710523931 0.7474711766 0 0 0.7076703857 0 0 0.6176024234 0.5371985103 0.6246334903 0.5087168371 0.6110632188 0.617622173 0.7988110358 0.7714814706 0.6742899058 0.5611615949 0.7065252373 0.6923172185 0.7040807722 0 0.701427295 0.6474221381 0.6462558712 0.6471814992 0.5231132237 0.878784442 0.8784069575 0.8825255035 0.6534329367 0.6556683304 0 0.8181576984 0 0.5993627971 0.5382173731 0.847966422 0 0.8709142109 0.8716696138 0 0.8739601337 0.8727387542 0.6418596229 0.6379206158 0 0
0.6402646659 0.740888803 0.8142074648 0.8479595129 0.7092996621 0.7056614615 0.6958959537 0.529047028 0.5247336771 0.5190854783 0.5126750564 0.5223025997 0.5160754261 0 0.8021290416 0.7955568211 0.539653637 0.5421901988 0.5458349274 0.5791033012 0.5713578492 0.745903351 0.7421940085 0.7382726436 0.7939686205 0.7877930765 0 0.7804628605 0 0.624579618 0.6209363296 0.6170225595 0.621038408 0.6433009549 0.5158569923 0.7965586858 0.5564945841 0.6982788361 0.7018081534 0.6953397529 0.6991510718 0.6896027641 0.6531146865 0.8258801563 0.6483694176 0.5999550096 0.8801240834 0.8857659268 0.8832987972 0.8922547411 0.6552542875 0.5916168037 0.848442895 0.5862840764 0.8010027299 0.7956197798 0.5992620212 0 0 0 0.8686611702 0.8782983751 0.883541447 0.7631639884 0 0 0
0.6075482473 0.6454009582 0.6326679101 0.6236965558 0.7073942826 0.7007313809 0.7011838851 0.7016285827 0.5267105786 0.5215833992 0.5219157583 0.5154144344 0 0.525397652 0.5276656054 0.5349243866 0.5429720404 0.7238122336 0 0.7142644129 0.7162023013 0.5062686778 0.7434571669 0.7386336808 0.7472913649 0.7773642494 0.7772416696 0.7740260674 0.7689852844 0.7744786734 0.8885265802 0.6218562431 0.620404043 0 0.533623895 0 0.7926794765 0.7093927792 0 0.7054551713 0.6672236032 0.6997078974 0.7353647881 0.7086554154 0 0.7099120026 0.6425565219 0.6454433601 0.6483658727 0 0.6310223968 0.7912181976 0.6059264845 0.7980759157 0 0.5059427113 0 0 0 0.6809193953 0.6769159168 0 0 0 0 0 0
0 0.5975023839 0.7766209183 0.7680811299 0.7047449811 0.7619694746 0.763389954 0.7688273184 0.7273521685 0.5255023544 0.526035088 0.5266601657 0.5221689258 0.5245480355 0 0.5324039182 0.5353324894 0.7232937914 0.7297430303 0.7111885461 0.7081948009 0.7112102751 0.7436117775 0.7388493914 0.7399927893 0.7803830183 0.7682941032 0.7676800387 0.7740622618 0.7774974069 0.8938610508 0.902238637 0.7208504967 0 0 0 0 0.7888304262 0.8006233044 0.7123913136 0 0.7211018373 0 0.7059652041 0 0 0.6427827281 0.8131785169 0.6520515774 0 0.6282615431 0.6215925259 0.6020839695 0.6037135021 0 0 0 0 0.6726212314 0 0 0 0 0 0 0 0
0.6135397279 0 0.7779667341 0.7657883914 0.7773452886 0.7384348497 0.7618404871 0.7699230651 0.6434431807 0.5294895744 0.5299072794 0.5306318711 0.5629806271 0.5671591931 0 0.595483222 0 0.8412331537 0.7344008228 0.6232850715 0.7337378972 0.8008452316 0.7463293767 0 0.7405689284 0.7350358022 0.7759571218 0.7696093035 0.7747035817 0.7813629796 0.7906779141 0.9033988269 0.5299138781 0 0 0 0.790330607 0.7936582824 0.7979705528 0.7156772146 0.7126786388 0 0 0 0 0.79757969 0.526740367 0.6168375313 0 0.7263455767 0.6236622436 0.6265022395 0.7887025697 0.6530446299 0 0 0 0 0 0.6723047815 0 0 0 0 0 0 0
0.6056986772 0.766744349 0.7592134994 0.7570338282 0.7768157655 0.7599084757 0.7635551466 0.7673591354 0.6342866779 0.530086243 0.6359969681 0.5599324272 0.5591647984 0 0 0 0.6615207378 0.6605593211 0 0.7301561837 0.5523077622 0.5604128754 0.5661598087 0.7494863933 0.7543162272 0.7794373723 0.7995248571 0.8280499946 0.7893992628 0.7845171752 0.8699157898 0.8711675604 0.8701502566 0 0 0.6961960422 0.7997997137 0.7898629018 0.7985575041 0 0.826944052 0.7194355352 0 0 0 0 0.5231226454 0.5180644012 0.5232257179 0 0.5905697248 0.5873174447 0 0.8424118757 0 0 0 0 0 0 0 0 0 0 0 0 0
0.6150297716 0.763963398 0.7605662977 0.7754656606 0.7562575424 0.7638300932 0.7624867298 0.6404084478 0.6322330025 0 0 0.6306832928 0.5595303152 0.5674645245 0 0 0.5632705279 0.8284250343 0.8191208974 0.5724276666 0.7342940918 0.5568822739 0.624820833 0.5669369157 0.510986916 0 0.6108000627 0.7496525924 0.6515483188 0 0.5492176409 0.8683733351 0 0 0 0 0.7935945546 0.8739336573 0 0 0 0 0 0 0 0 0.5243132564 0 0.5261376805 0.5319262561 0 0.5944923018 0 0 0 0 0 0 0 0 0 0 0 0 0 0 0
0.6113745338 0.771363507 0.7666843364 0.7646344922 0.757706176 0.7574408135 0 0.6110432569 0.7223459187 0.7224842905 0.6216793036 0 0.6377189469 0.7293172781 0 0 0.7657801675 0.8198770837 0.5700269402 0.5651584581 0.5750237951 0.5576372479 0.564972323 0.5689911275 0.5681585972 0 0 0.6559101827 0.6955338058 0 0.5530434121 0.8662596452 0.8647263311 0 0 0 0.7588298429 0 0 0 0 0 0 0 0 0 0 0.5338366105 0.5403149646 0 0 0 0 0 0 0 0 0 0 0 0 0 0 0 0 0 0
0.673823095 0 0.7727900995 0.7673450502 0.6096611449 0.6041058987 0.6059618198 0.7247686461 0.724936473 0 0.6269784701 0.6301612522 0.5107201883 0 0.5148272623 0.8976458651 0.8679100783 0.8543502197 0 0.5737386559 0.5736277464 0.5741591246 0.5665417236 0.5670898453 0 0 0.6415824345 0 0.7428916062 0.7816209471 0.5573990631 0 0 0 0 0 0 0 0 0 0 0 0 0 0 0 0 0 0 0.5930062711 0 0 0 0 0 0 0 0 0 0 0 0 0 0 0 0 0
