landscape/hab_quality/256/simulation_000040_p061_h070_HABMAT_patch_more_500pix_modified.asc_ac_0.5_quality.asc
NCOLS 513
NROWS 513
XLLCORNER 0
YLLCORNER 0
CELLSIZE 9.980507
NODATA_VALUE NaN
[rows 364 to 391 of 513, columns 315 to 377 of 513]
0.8434232741 0.8325832562 0.8291166786 0.8587173306 0.8546738594 0.853642286 0.7814390346 0.7881260464 0.7818204665 0.7861137901 0.8161345853 0.8199458148 0.7037143953 0.7048957447 0.7037111001 0.7050105198 0.7090132926 0.7151433342 0.5731739747 0.7385315916 0.5842276035 0.5889003233 0.5170110217 0.5127080346 0.5125817264 0.5049353238 0.5083672538 0.874277425 0.8682932027 0.5638746922 0.5566541672 0.5526942897 0.6302013543 0.5423517361 0.7127640342 0.7066536782 0.7099302063 0.8631190857 0.7598028537 0.8727173497 0.5459725642 0.7094361076 0.5663423086 0.6991952685 0.6063956342 0.6042783149 0.6137864206 0.6210992859 0.7086300924 0.7051270871 0.8698692305 0.8236523192 0.8271379508 0.7344351927 0.732288597 0.7405492752 0.856066604 0.7849330204 0.7848502769 0.8664031082 0.5606450572 0.561999832 0.5642513606
0.5487650305 0.8321941273 0.8366485733 0.8349513018 0.8603295223 0.7905245717 0.7899149345 0.7834730875 0.7853496208 0.618539091 0.6225349864 0.8227934661 0.7132956558 0.7079739871 0.7100204893 0.7118842826 0.7053364018 0.7137017358 0.7213090284 0.8590743838 0.7014954685 0.8230600176 0.5223737091 0.514787936 0 0.5031030821 0.5119532285 0.5131152401 0.6650295476 0.5556674026 0.6572822472 0.6223247094 0.5471221143 0.5389997561 0.7135057668 0.7128291173 0.7068883968 0.8588139953 0.8663288625 0.8721407144 0.5458502774 0.5383872189 0.8207459976 0.5649502935 0.6047276853 0.6086423141 0.613931347 0.6140236152 0.7079812293 0.7768802312 0.8472331673 0.832393645 0.5554930126 0.7400604907 0.5439486197 0.7379411698 0.743923382 0.6125163552 0.6892588196 0.7250253535 0.7646739541 0.5587116694 0.5645419255
0.5340816049 0.7904282902 0.871193308 0.8770952249 0.8351756252 0.8446068336 0.7934041494 0.7870300469 0.6258871203 0.6217595731 0.6254906283 0.672491451 0.6631581065 0.7127361855 0.7124694141 0.5456580583 0.7139609712 0.7079666842 0.7115807377 0.6255082358 0.8553163519 0.7355256502 0.5156998073 0 0.5065177028 0.5072165971 0.5057204096 0.8667997253 0.6544069844 0.6556285783 0.6631623118 0.5499849868 0.5482536259 0.5401412225 0.644122394 0.717154212 0.8653733576 0.8667095414 0.8607019353 0.8719692342 0.5445023735 0.5365356199 0.8168520905 0.8206823165 0.844971493 0.7761617288 0.7396446921 0.8223891846 0.8793436492 0.5636481287 0.5775474644 0.517179616 0.5561034426 0.5466306113 0.5516834774 0.547164906 0.7440551208 0.839906816 0.7063759029 0.519909087 0.5619880157 0.5635431877 0.5590459839
0.6220051831 0.604184303 0.7099861531 0.8729831737 0.5856533641 0.6771608593 0.6817590185 0.6820489161 0.6819822442 0.8076632754 0.768397521 0.6649522158 0.6627342345 0.6714151765 0.8253621182 0.7125555651 0.7140672443 0.7297836434 0.5894285025 0.5479076345 0.6874658271 0.8644737612 0.5240205791 0.5151162079 0.513932129 0.5131161673 0.5084032674 0.590675774 0.6459358463 0.6459572513 0.6457153448 0.6444923045 0.6549509347 0.6556918765 0.6466014053 0.668006006 0.8139876439 0.8869594852 0 0.8781949441 0 0.6870998104 0.8164739492 0.8182397503 0.7801682264 0.7816440915 0.5496790025 0.6062217916 0.5633307518 0.8909677182 0.8210104878 0.5430561062 0.5481785743 0.5520789863 0.5555154223 0.5602614067 0.8948326463 0.8937537473 0.8171566323 0.7339733555 0.7291720692 0.7299260466 0.7310928488
0.6122892166 0.6198238308 0.6137518225 0.5038122592 0.6680429492 0.6704802163 0.6758291634 0.6759368601 0.6846630596 0.8703210456 0.8714730618 0.8397569608 0.664277946 0.6715518281 0.8235268063 0.8198355924 0.7073111926 0.7094783547 0.6887788847 0.6840924796 0.691866962 0.6859128612 0.5221846459 0.5210912457 0.5159447042 0.5144276078 0.5186217687 0.5851454164 0.6493352548 0.640867992 0.6385739225 0.6469458103 0.6497267273 0.6505461797 0.7334106753 0.8432424638 0.8710172018 0 0 0 0.7333799465 0.7702964289 0.7706603482 0.8240169257 0.5374046475 0.7607254198 0.6123962937 0.6041973124 0.5997256194 0.8893223992 0.5346407611 0.540365084 0.8104483199 0.6503260741 0.5305741723 0.5580206761 0.8961091837 0.8929220463 0.9019496645 0.5942860962 0.7278001036 0.7347591928 0.81094606
0.8059255301 0.6107297497 0 0.8580634357 0.675910598 0.6672274264 0.6681658101 0.6776310129 0.6788006285 0.781196461 0.7780305852 0.7863794626 0.7680685722 0.7655892505 0.8144307466 0.8143791925 0.8109391949 0.8106229837 0.6865854112 0.6860299972 0.684923871 0.5651050509 0.5214815691 0.6998067353 0.5222458502 0.5769364759 0.5836356738 0.5451336773 0.6410528824 0.6405445696 0.6397177016 0.6425139068 0.6508143154 0.6542118664 0.6550037732 0.5956589169 0.593674821 0.60040451 0 0.7620359197 0.761404891 0.7652476701 0.7670350021 0.8223752201 0.7551152696 0.7595461514 0.6303315973 0.6040306034 0.6053979956 0.6084889301 0.692848211 0.7960020663 0.8040334194 0.511986691 0.8548793042 0.557853527 0.5559576933 0.8334119086 0.8383081148 0.6487195263 0.7353527477 0.8834698436 0.8260148439
0.611193535 0.6151050054 0.6121980232 0.7422478682 0.6756909235 0.6750042868 0.6723626804 0.6077671362 0.7463956794 0.7816716214 0.7774699812 0.783157366 0.7753118534 0.8678295429 0.8190318866 0.8095936585 0.8060248943 0.8133272978 0.8522867174 0.5605772977 0.5586598393 0.616526497 0.6091900461 0.8778677431 0.5823948097 0.5755920729 0.5822912559 0.5913498311 0.7827111022 0.7575755114 0.6189040029 0.7011273258 0.6972663354 0.6495140646 0.7532970807 0.5858262245 0.5911269926 0.5901434591 0.6040650915 0.764637686 0.7608718483 0.7590426858 0.755620206 0.7507463839 0.7493710678 0.5639778979 0.8486660876 0.6058228345 0.7673782384 0.6831028573 0.6907529729 0.7751090239 0.8763855475 0.6078303371 0.557295693 0.8537827088 0.5496036414 0.841489896 0.8327026405 0.8373593638 0.8395837389 0.826500135 0.8230379056
0.6140540336 0.6198676993 0.6284088347 0.5502794181 0.5985954195 0.5986471243 0.6042383659 0.6066634012 0.6110503849 0.7867115221 0.59199674 0.7809209552 0.5278029251 0.6037585727 0.8486043492 0.8136090302 0.8514836047 0.815721867 0.8601620813 0.8459356674 0.5047874055 0.6156571321 0.6091122618 0.614073038 0.5805158158 0.5836766309 0.5778756492 0.5907636347 0.7548583016 0.7519344828 0.7513808688 0.7021106541 0.6551247439 0.6506571023 0.6457041699 0.6387616545 0.5825997574 0.5842917616 0.5981544867 0.5986079363 0.7669718513 0.7593424623 0.7528513354 0.7462220215 0.7559996787 0.5598437473 0.5821607156 0.8222344273 0.8207601459 0.670945658 0.6912149555 0.5334594726 0.5686283155 0.6033924351 0.6030907038 0.8496665343 0.8564141128 0.8420130945 0.8371155737 0.8403149624 0.8426913134 0.8243909069 0.8202134788
0.7888759027 0.691367745 0.6276363928 0 0 0.5949515499 0.5981836789 0.6019919201 0.614983038 0.5945044692 0.5970575377 0.5938454945 0.6024097728 0.6123731222 0.8366169256 0.8399851876 0.8477358515 0.7038540383 0.7051300265 0.7076602667 0.7160702263 0.7855560404 0.6175213819 0.6159594244 0.5910072009 0.5911241273 0.5872356785 0.7621807821 0.7663744806 0.7542453701 0.6200618807 0.7261220538 0.6566821074 0.6529781121 0.6443530822 0.5828878073 0.5857574277 0.5912346353 0.5960785143 0.6054130154 0.7605672826 0.7546548978 0.751331234 0.7489923412 0.7548587674 0.5611348821 0.5565344573 0.8130326872 0.5559639959 0.5557657873 0.5675094522 0.5671530058 0.6063299229 0.6129486237 0.8547015663 0.8475754468 0.5683869607 0.8929271226 0.5864899975 0.6255611569 0.6242532481 0.8212988976 0.8210166699
0.6925468277 0 0.768105025 0.697612676 0 0.6047938121 0.5968210968 0.6061821893 0.8357377421 0.6065779329 0.6012026301 0.5984409841 0.816841824 0.8330162027 0.8357841763 0.8401152826 0.6940795751 0.6978541677 0.6981268808 0.7080193169 0.5627899011 0.5580845863 0.5702321454 0.569225855 0.5280529674 0.560260948 0.7633970378 0.5569717553 0.758043631 0.5563473718 0.7314950368 0.7247351013 0.7313249007 0.6506386424 0.5902943081 0.5852934064 0.592696461 0.6440151617 0.8204054215 0.5992550432 0.764729683 0.7605404089 0.7516166252 0.7566901002 0.7033271164 0.5627651218 0.8134777403 0.5496249676 0.5515810306 0.5454403689 0.5670856013 0.5633196552 0.7324605242 0.5012687675 0.8304943002 0.8523260987 0.8566003508 0.8638980718 0.742034083 0.6266345151 0.6184106747 0.8304858812 0.8216528828
0.6851503447 0.6834060644 0.6918526255 0.5279404553 0.5159587423 0.6041541947 0.5234121476 0.6022330899 0.7904775952 0.8242161827 0.8199881419 0.8165480471 0.8188921828 0.8282695776 0.8356318046 0 0.6993107356 0.693949176 0.7112629727 0.7053001627 0.5544726938 0.5541429213 0.5734951136 0.5644298997 0.5717994464 0 0.5510965675 0.5556888955 0.6264716387 0.7370633915 0.7334546235 0.7248142562 0.7285503539 0.6939617174 0.5895861981 0.5874110407 0.6533668877 0.6502732554 0.6459085228 0.7230814363 0.7685238945 0.7580271916 0.7528227536 0.7540663042 0.6976488816 0.6981866103 0.8163611964 0.5477660471 0.5449552882 0.5509874743 0.5588609389 0.5652335912 0.5639032878 0.7839333182 0.8588271021 0.8542042439 0.855475551 0.8599374906 0.7358271974 0.5004663694 0.6626828908 0.6269501125 0.8275657481
0.6851437795 0.6830028675 0.6873471525 0.5228466464 0.700943673 0.7069299389 0.5869588291 0.7859737879 0.672683924 0.8193631491 0.8161279811 0.8175105281 0.8210929585 0.8281487634 0 0 0 0.6981774942 0.7011453268 0.7867452814 0 0.7329932302 0.6254838285 0.5740634475 0.5669127792 0.9018127187 0.5803111209 0.9136866302 0.9127060766 0.8798142109 0.8772814524 0.6755559613 0.5434775779 0.6887612337 0.6848190736 0.676947752 0.6796616773 0.7254682413 0.6503087841 0.7228603766 0.7223959417 0.7535831514 0.760103645 0.7568134409 0.7573424071 0.7008245676 0.6445257558 0.5495238992 0.6421571746 0.5495029258 0.5316575246 0.6753333568 0.6798301061 0.6816055809 0.8679716665 0.6367639955 0.8591706237 0.857441594 0.7042065888 0.5721573988 0.6310101947 0.6316832596 0.6292196418
0.6855418299 0.6821061387 0 0.5438883729 0.5296588099 0.8638093973 0.5008929432 0.7942748183 0.8218602472 0.8213008452 0.8210626278 0.8224156826 0.827916505 0.8260668356 0.8378554197 0 0 0.8859919256 0 0 0 0.8350867192 0.602851106 0.8552610082 0.553892435 0.896196933 0.8993082614 0.9077119091 0.9028275169 0.8766672553 0.884455013 0.5457545809 0.5273982824 0.5184969684 0.5234629609 0.6790391557 0.6683301975 0.5515987979 0.6001289319 0.7252168775 0.758598659 0.848940255 0.7485948994 0.7402746651 0.7441027957 0.7467490515 0.6527226724 0.6434310409 0.7342631525 0.5483303797 0.5489084116 0.6776641152 0.6728908313 0.6744209977 0.5983062935 0.5904929083 0.5966000016 0.7470582216 0.7607517216 0.5565726971 0.6391605222 0.5459111388 0.7479821118
0.6843419848 0.6762584879 0 0.6915851594 0.533525414 0.5521613153 0.7270871218 0.7229521258 0.6030428874 0.6023286785 0.5951008079 0.6001854361 0 0.6064345456 0.8944295449 0 0.6732608157 0 0 0 0.842735827 0.8359946977 0.8350919381 0.6216552277 0.9024231733 0.8955981017 0.8956620895 0.9026672239 0.904196097 0.6503270479 0.8813448825 0.5365511549 0.5161919425 0.5176813518 0.6576048424 0.6848048784 0.5949358216 0.8519358287 0 0.7739614934 0.8214064852 0.7565658181 0.7534677066 0.7474729983 0.7388070307 0.7960438245 0.8263310604 0.5542790142 0.5511449472 0.5562677166 0.5511407828 0.6738696732 0.6784858943 0.6776984536 0.7693771752 0.5886125236 0.5476967621 0.5481777949 0.5506770826 0.5558164147 0.7053165816 0.5398984154 0.5413667161
0.6817877861 0.6817345751 0.6816691745 0.6026221407 0.6981606629 0.764573177 0.7284473411 0.7186679384 0.6083055347 0.6004306382 0.5963023638 0.5974759327 0.598309239 0.605952361 0.8351696736 0.6831374578 0.6731615661 0 0.6225717091 0 0.8617212661 0.5800541369 0.8619416901 0.8669596544 0.9021346175 0.9016889651 0.8963046069 0.8986080247 0.9081327067 0 0.8509795319 0.8527073336 0.5206252567 0.5120123999 0.5170623335 0.5291116127 0.8802328723 0.6649979305 0.7989458074 0.6644193733 0.8630896101 0.7537939468 0.7490337349 0.7480969005 0.7436074925 0.73889221 0.5579412363 0.5544804953 0.5562524874 0.5551867579 0.6925779771 0.6874831209 0.6866364702 0.680767216 0.6213258641 0.6239472409 0.5533864107 0.5442905229 0.5475291316 0.5565799864 0.9012085535 0.5340867091 0.5316421319
0.6843866678 0.5618462467 0.6889772908 0.6836791687 0.8021590395 0.6444884567 0 0.6159727808 0.6082782617 0.6049238083 0 0.603149535 0.6744745569 0.5997891679 0.7540290357 0.8701453241 0 0.6800317278 0.6205864498 0 0.8546873756 0.8596267968 0.8585663482 0.8582009264 0.8566355225 0.9040437306 0 0.8971082764 0 0.848506674 0.8437100116 0.8482808892 0.5207560855 0.5196362777 0 0.5349187237 0.7442162883 0.6560191027 0.6631204847 0.656983718 0.8869275449 0.7537366071 0.7507394344 0.7535894058 0.7509689917 0.7516493891 0.5970860406 0.5586283316 0.5639192967 0.562007171 0.6885148257 0.6874909138 0.7258137977 0.6187774193 0.6179847152 0.6190434652 0.553057978 0.5541224042 0.5509622002 0.8933043611 0.8947549967 0.8981632429 0.5395201394
0.620843607 0.5225137143 0.6419672412 0.640866316 0.6434935419 0.645061671 0.6316300742 0.6103982119 0.6174422492 0.6096718305 0.6161867802 0.6839787106 0.678048034 0.6827330293 0.749691439 0 0 0.6169203108 0 0 0.8517107983 0.8509809504 0.8541424532 0.6533941608 0.6700078482 0.8541779775 0.8624999457 0.5110259517 0.7200894564 0.8464784332 0.8520003602 0.7940540222 0.6038214841 0.8604382588 0 0.528874959 0 0.7967122423 0.6568576327 0.6667644746 0.7558957195 0.8853827126 0.894294166 0.7163687803 0.6991705722 0.6707549502 0.6068928452 0.5295816699 0.6802067385 0.6384372456 0.6309607793 0.6209983915 0.6237297586 0.614990964 0.6101316779 0.6074370188 0.6152707183 0.6172108244 0.6360542591 0.8958349389 0.8891758997 0.8905004174 0.5445454067
0.5217085232 0.5185881733 0.6433035438 0.639651165 0.6246075476 0.6324706758 0.6288126199 0.6261176247 0 0.8935523226 0.6152673362 0.6895511669 0.6873487171 0.8659788239 0 0.7576942088 0.8662713617 0.6255563208 0 0.8573719561 0.8535462922 0.8595738116 0.8575670994 0.8601700158 0.8811977375 0.8579790546 0.8609622225 0.7222267785 0.7175288405 0.858896401 0.8613579916 0.7858854132 0.7415975252 0.5621858582 0 0 0.7399331041 0.6571528956 0.6617857964 0.5350518103 0.6594462159 0.6246184523 0.5340871587 0.631947817 0.6284568632 0.8663172748 0.87231949 0.8658400721 0.8743375466 0.6414407201 0.6357746678 0.629991017 0.6209648876 0.6141334474 0.6071478815 0.6144867157 0.616569297 0.6264378329 0.6271207254 0.8961031203 0.892014274 0.8974707393 0.8546269016
0.5123141931 0.7668375424 0.7732243791 0.7694496402 0.513275363 0.6242529472 0.6261245742 0.6190983421 0.6167542489 0.7382312435 0.7397735116 0.5951055061 0.7817383802 0.5782536451 0.6742510944 0.5437343976 0 0 0.5979089431 0.5942141534 0.5985029035 0.6038572318 0.6029984072 0.5922528328 0.6030180517 0.8528408941 0.6026431436 0.6860269048 0.8996695281 0.6871968378 0.7510833427 0.872635183 0.6626183772 0.5614084568 0.8245100699 0.803428475 0.8157275966 0.5407373484 0.5381368137 0.5264543474 0.525650681 0.5269132648 0.6207461668 0.6233608715 0.6226099261 0.8644484853 0.8619953362 0.864971553 0.8681435553 0.6386323785 0.6306430173 0.6267758427 0.6195768445 0.6164116472 0.6116844447 0.6132424243 0.6186976112 0.622940177 0.6315533511 0.6350917552 0.6167858916 0.8588979163 0.8639865598
0.5084682143 0.7692669591 0.7641224235 0.7738572521 0.6250958631 0.6172464938 0.6166149434 0.61190806 0.6127577237 0.618410505 0.7453435802 0.7816474625 0 0 0.8072552913 0 0 0.6027781282 0.594184291 0.5911207797 0.5995593958 0.5952873022 0.596599264 0.8140807701 0.6074986097 0.6022923784 0.8023412401 0.68385986 0.6816829054 0.6879512504 0.5681910425 0.8760779594 0.8785794819 0.6357694849 0.6110937409 0.5995378021 0.6000983505 0.5997142788 0.5363864935 0.5316002978 0.525272708 0.5338535106 0.6190179966 0.6166063324 0.625302405 0.8704940599 0.865718165 0.8606061611 0.8601103049 0.6293494914 0.6287434774 0.6303286468 0.6242997438 0.626117278 0.6213683485 0.619867081 0.6172386685 0.642043276 0.8416762759 0.6131434198 0.6081620892 0.606598665 0.6048924432
0.6044823414 0.7661159433 0.7689701005 0.7647170955 0.6271705918 0.6202830045 0.6142126614 0.6073259659 0.6125509812 0.6199751386 0.9001290216 0.8988353852 0.8062659972 0.8059870498 0.8071126625 0.8913590329 0.591782817 0.6003917675 0.5946074274 0.5951054622 0.5940008489 0.5941969742 0.6044648888 0.5313421652 0.6030212614 0.6037578348 0.6765613765 0.6839142227 0.6783213981 0.6819218009 0.6886246567 0.6850040021 0.7031534999 0.6066020041 0.5655748358 0.575483486 0.5676311865 0.5736741306 0.539326544 0.5307620848 0.5350638357 0.5260505333 0.6187286154 0.6220025928 0.6206667113 0.5969648536 0.8597066892 0.8565947669 0.8590935365 0.6323968167 0.6377421634 0.6288265269 0.6249086346 0.6255385208 0.6313165616 0.6313807988 0.617559912 0.6166936698 0.621918019 0.6034430312 0.6075269591 0.5979714578 0.6035477281
0.7735977564 0.8714437657 0.6710578587 0.6024485956 0.6243721097 0.628694456 0.6170379463 0.6075331632 0.8147294642 0.5408251475 0 0.898764795 0.8932599144 0.8614471719 0.8625300071 0.8657151674 0.6012789119 0.5965155126 0.5980320373 0.6001139548 0.5958358545 0.60304359 0.6055703401 0.5411332895 0.5935751441 0.6593152482 0 0.6760074542 0.6783754853 0.6803272695 0.8816195299 0.6600617743 0.8810651791 0.8346278413 0.5769023062 0.5679734708 0.5661845431 0.5698980426 0.5402080296 0.5366272816 0.5356843112 0.5443738547 0.6209598016 0.6272625723 0.671547291 0.6030666188 0.5955441077 0.5928867969 0.5929277041 0.8304210023 0.7861007864 0.7826280629 0.6273557647 0.8361346619 0.638618366 0.6294208281 0.6226578753 0.6162644095 0.6205660134 0.6016211323 0.5985812721 0.5946644626 0.5972630271
0.6986757644 0.8800132333 0.8773954539 0.6035049834 0.5946877032 0.6003690635 0.7002191826 0.6180667178 0.5410583034 0.9078399675 0.5393575314 0.898302613 0.8955291474 0.8637126428 0.8582324849 0.8655383989 0.6820568425 0.7868460195 0.6059654363 0.601716164 0.6018023599 0.6031765693 0.6507908769 0.6595787187 0.5169137845 0.5488982682 0.6772520564 0.6769603936 0.6771056064 0.6934183556 0.8931475529 0.8769007257 0.8892306892 0.8954289193 0.5758859443 0.5688705288 0.5706500744 0.5666774876 0.8176750401 0.5393454877 0.5462104559 0.7798182398 0.7819442691 0.6640377977 0.6677137523 0.6000766088 0.5999175961 0.5924265058 0.5947694051 0.7985913573 0.7926163613 0.7426562564 0.7908625779 0.5743070544 0.6394026081 0.6284998057 0.6226622604 0.6238562244 0.625454948 0.5979070899 0.5936325022 0.591348948 0.5930517985
0.6735828244 0.6998626342 0.6115358576 0.6029091916 0.8680974122 0.5956187637 0.5234375725 0.5259573861 0.5272932367 0.9014555369 0.9014518636 0.9035643129 0.9014122575 0.8665920065 0.6742052998 0.6747363198 0.6701691027 0.7772684648 0.5125261515 0.5837334063 0.6083299125 0.6033074599 0.6505209726 0.6567016505 0.6119261302 0.6140959355 0.6863771981 0.746961109 0.6857893362 0.5168802328 0.8773538934 0.8846711501 0.8865931786 0.8878904078 0.5700302269 0.5731099008 0.5725751559 0.6882562543 0.6877800543 0.575754214 0.5359870506 0.5369017295 0.6653850133 0.6959648821 0.7821460561 0.777901409 0.5990578172 0.6021150322 0.5983714307 0.8860128505 0.5637220602 0.8850224112 0.8876682412 0.8463111598 0.5698211725 0.623212846 0.6285168954 0.6265457901 0.5861873564 0.5805266838 0.5883325057 0.5885173706 0.5930746016
0.6873790574 0.6922536068 0.7271350932 0.6038086878 0.8251770356 0.524168428 0.5217351465 0.6654001865 0.8696964525 0.9087560706 0.9022064652 0.8532147793 0.6813450734 0 0.6720282061 0.6698059584 0.6767357902 0.7686642933 0.7616451314 0.6178445373 0.6109274162 0.6539146793 0.6545559092 0.6557755086 0.790393097 0.6105979318 0.7502425877 0.7559692945 0.7750005745 0.5096675034 0.510231436 0.8895002996 0.8834927613 0.8923495609 0.5941345526 0.5896866536 0.5910591508 0.6839183861 0.6844944363 0.5391299277 0.5323735553 0.6209682874 0.7046709935 0.7741750086 0.7810822169 0.7734347932 0.7711281053 0.6911720497 0.7744931102 0.7706874052 0.8810982907 0.8818093624 0.5467833276 0.5770908453 0.5747731506 0.631835703 0.6317106977 0.6333477918 0.5822750155 0.5802018163 0.5850005593 0.5938166198 0.5932277623
0.6878282961 0.5789474426 0.6895987632 0.798106543 0.6133460333 0.5303312443 0.6017001887 0.5245354643 0.7546749915 0.8638618097 0.7539038413 0.872735695 0.6746118243 0.6715936822 0.6696613896 0.6753369923 0.67810561 0.7642234514 0.7596916245 0.5720043876 0.5654467082 0.5664700047 0.6574167852 0.6614316975 0.6156356501 0.6166843809 0 0.7590551638 0.7638315937 0.5131638362 0.5071768837 0.8870515785 0.8902629511 0.8870839256 0.7406716067 0.587392327 0.5879903381 0.5144288491 0.7074379804 0.8056866952 0.5411516657 0.5354221072 0.6133448345 0.7792601932 0.7739931461 0.7742358453 0.7677778986 0.7699921728 0.7705510031 0.7761844072 0.5999358141 0.8762219875 0.8836741045 0.7458970303 0.7519918415 0.6336392978 0.6349290365 0.5960326283 0.5846046776 0.5861112387 0.5878386052 0.5914992717 0.6536580109
0.6897417204 0.6854313174 0.6848685762 0.7150338834 0.5056318265 0.8567548938 0.8511374067 0.7486377817 0.7456324113 0.7451199098 0.7497976357 0.6749735917 0.6720627878 0.6756320296 0.6729088255 0.6795265859 0 0 0.7613203834 0.5748305253 0.5642825759 0.5662643289 0.5684314644 0.5694954827 0.6207181093 0.6240034573 0.6228924502 0.6890771462 0.7680435983 0.5144616896 0.7263452162 0.7212694857 0.7965493806 0.7965583428 0.5905617119 0.5889555169 0.5123228768 0.5118776027 0.5106525248 0 0.8525925921 0.5642418805 0.7300066651 0.5479078673 0.6898723438 0.7719663878 0.7729092148 0.7776231 0.7767077011 0.7724761328 0.8790121114 0.8439153382 0.8781948333 0.7435345156 0.7418434156 0.8682899628 0.597706328 0.6030676507 0.5942499008 0.5878978205 0.5889591549 0.6595526893 0.6740270401
0.5802341258 0.683670167 0.5878588855 0.5956055556 0.7184399342 0.5626359239 0.8562310824 0.7463408992 0.7400401519 0.7429996094 0.7546367244 0.5468401057 0.5475700539 0.5522529131 0.5571834709 0.5654877254 0 0 0.5798353363 0.7614989127 0.568634541 0.5619591362 0.5642299336 0.5692348858 0.6358956084 0.6898911496 0.687754296 0.6965564822 0.7144985802 0 0.7218937294 0.5596785698 0.7308015248 0.8004246699 0.7862459947 0.5224484351 0.5114428771 0.5069831903 0.5141102845 0.5174357235 0 0.8064449085 0.7297899637 0.6947071817 0.6867722834 0.6847354398 0.582339587 0.5784172244 0.5813166681 0.7733215829 0.7746227914 0.6413595994 0.8667081341 0.738862676 0.8648509723 0.7656115412 0.7623721501 0.7549390354 0.7059557218 0.6027727325 0.6079308136 0.669331585 0.8505167151
