landscape/hab_quality/256/simulation_000049_p036_h030_HABMAT_patch_more_500pix_modified.asc_ac_0.5_quality.asc
NCOLS 513
NROWS 513
XLLCORNER 0
YLLCORNER 0
CELLSIZE 9.980507
NODATA_VALUE NaN
[rows 248 to 278 of 513, columns 426 to 496 of 513]
0 0 0 0.700788009 0.7844467137 0.7905422508 0.6229350609 0 0 0.7813113341 0.7843955911 0.8465531069 0.6890696935 0 0.6776896889 0.6700189869 0.6912583627 0.6888268317 0.770213177 0.5661821141 0.8342981462 0.5397743616 0.8019922626 0.5942242285 0.8030765617 0.5953333903 0.590138466 0.5925133918 0.7217485173 0.7226122984 0.7257130878 0.5982097189 0.7347159823 0.6787672239 0.6748902707 0.6472064429 0.7113772316 0.7068211352 0.7203818188 0.8792368499 0.8636777316 0.8650053316 0.8653757162 0 0.86730663 0.8779439374 0.5652456962 0.7746301235 0.7226092108 0.6771451389 0.7973825845 0.8005930577 0.7942542372 0.8859307991 0.7656610413 0.5798686827 0.5773723771 0.876995295 0.7450392707 0.5060006746 0.7467044346 0.8561019856 0.8253666777 0.818540227 0.8242239274 0.8865111931 0.6363410411 0.6285452312 0.8122599507 0.5783738128 0.5345384111
0 0 0 0 0.7056839341 0 0 0 0.8514769341 0 0.7652287839 0.7229575769 0.5618011766 0 0 0.6815446428 0.5546211134 0.7711440454 0.5695527624 0.5641189374 0.5626251786 0.5666952289 0.7533822407 0.7966901608 0.5822978812 0.5978663874 0.5945342623 0.594765546 0.7267022497 0.7174660131 0.7198630717 0.7264096588 0.7272020987 0.7341171699 0.7637972461 0.7160476214 0.720802625 0.7129517449 0.5328569724 0.7764149836 0.8719859988 0.8714577119 0.8696386143 0.8768784505 0.8838568525 0.8763142997 0.5703954117 0.8933710844 0.6541572185 0.6609807161 0.8723461727 0.5506478895 0.5534897542 0.5478648173 0.556460209 0.5191361244 0.5729465677 0.7487118901 0.6362861205 0.7544438775 0.5493454613 0.6735242664 0.8247220214 0.8281159736 0.8192631682 0.718009118 0.8752172651 0.8757494841 0.5452123599 0.832603108 0.7511386933
0 0 0 0 0.5141769763 0 0.8874366046 0.7870444487 0.8982226542 0 0 0.5624982949 0.7285848945 0.5672584771 0.7416274315 0.5259584762 0.7762303653 0.5741265984 0.5692452192 0.5613441908 0.5638916393 0.5620927973 0.6830139602 0.6890142686 0.5791534888 0.6032484248 0.6022760968 0.7170341711 0.5775105524 0.7208272497 0.7214147928 0.7283822953 0.7268758065 0.7274238791 0.7556399386 0.7551263014 0.7649490315 0.773066585 0.7658192029 0 0.7739635818 0.8795407587 0.8719590091 0.8730383687 0.8788673805 0.5478724458 0.7863761719 0.8567540847 0.6595045109 0.7216125418 0.5388159445 0.5508809512 0.5439955362 0.5507459021 0.8779052477 0.7907083498 0.5815783194 0.5770737706 0.7704571057 0.6365096591 0.6377621941 0.6379792557 0.7599486492 0.7626612216 0.7621341995 0.8745470394 0.8734564189 0.8711567653 0.8885950886 0.5368660681 0.831062349
0 0 0 0 0 0 0 0.8699386112 0 0 0 0 0 0 0.7398836047 0.7457683633 0 0.7488721247 0.5660071036 0.5653584805 0.5586925519 0.5561010183 0.6800288647 0.5553340213 0.5691741809 0.5639413673 0.5726034216 0.8150074601 0.727143197 0.7255314473 0.7220469485 0.7365648156 0.7335604712 0.729055576 0.7587513455 0.7580413004 0.670001851 0.6186907372 0.7669194574 0.7651498499 0.7706987916 0.8808575686 0.8878775572 0.8455328657 0.8449400307 0.8466129636 0.5281481363 0.7262176542 0.6273716954 0.6221059941 0.8942225787 0.5519907341 0.5502090625 0.5535587032 0.5543480372 0.5075931863 0.6074630352 0.7294243887 0.6611362946 0.6379273847 0.6348080158 0.6440773538 0.5569608689 0.7586866232 0.7665820083 0.8715738008 0.8666209745 0.8686101528 0.8923206872 0.8850420575 0.8817355312
0 0 0 0 0 0 0 0.8691703056 0.8696513283 0 0 0 0 0 0 0.7381880341 0.7424818712 0.7656330723 0.7687808189 0.560659721 0.5534469619 0.5491696776 0.5514854153 0.5551692947 0.5594902048 0.5671313974 0.5749048715 0.8476598052 0.8072408476 0.8146352877 0.7422648361 0.8634052 0.750414249 0.78286451 0.7794016755 0 0.5616993539 0.6196638813 0.7707857181 0.5510162558 0 0.6752686778 0 0.8511326712 0.844161866 0 0.8261457801 0.8227828435 0.8246059181 0.8190991744 0.824849387 0.6531889939 0.5595322841 0.7549003569 0.5579628051 0.6067971527 0.8411893441 0.8571084408 0.6458792645 0.6434428867 0.5408140104 0.5488228543 0.5409790742 0.762520094 0.7594505842 0.8689124653 0.870356697 0.8732032488 0.8892944203 0.8033549964 0.8286866103
0 0 0 0 0 0 0 0.8633416047 0 0 0 0 0.6067868262 0.6222983399 0 0.7441071413 0.7629911185 0.7569193655 0.764823888 0.757174781 0.8175073474 0.5567127687 0.5496147625 0.5545601394 0.5589195278 0.8688731293 0.8679643576 0.8501706775 0.8554647749 0.8562757143 0.8535321132 0.8555316745 0 0.7762077192 0.7809804762 0.7892818766 0 0.529421199 0.554211893 0 0.5553051916 0.5628069686 0 0 0.5497034667 0.8361709856 0.8219734657 0.8184312516 0.8169853299 0.8161251137 0.8212401556 0.8288211123 0.7046288026 0.7499413674 0.8784153692 0.7462213887 0.862168992 0.5606107628 0.5601975483 0.5648095652 0.5934656374 0.5401352975 0.5384490561 0.5412599484 0.8756513455 0.8693820804 0.8720355727 0.794067882 0.8031609555 0.8008220958 0.8028241534
0 0 0 0 0 0.8174514592 0 0 0.8698391836 0 0 0.6150928616 0.6208671222 0.8734623725 0.6506530213 0.642526527 0.7603291554 0.7567183905 0.7549694557 0.7565732265 0.7527252578 0.5584172029 0.5567608677 0.55400345 0.5558686171 0.8597264724 0.8599232996 0.8495953622 0.8472782967 0.8481246555 0.851078481 0.8548662301 0.8619267588 0.7806855855 0.7850845759 0.6140623947 0.5116265345 0.5627460154 0 0 0 0 0 0 0 0 0.8264466511 0.8167041175 0.8159271071 0.8216265667 0.8243357282 0.8489074773 0.5122838067 0.7531119542 0.7433941058 0.7358956773 0.7379640367 0.5591959806 0.5586092457 0.5664882755 0.5422766276 0.5340857445 0.5352593083 0.5295421366 0.5436038869 0.5075831664 0.6733187379 0.840465745 0.5840214287 0.7954746296 0.7975255593
0 0 0 0.6129060555 0.8683483016 0 0.8844954803 0 0 0 0 0.5520852084 0.7450522268 0.8714846415 0.8692438192 0.7881092058 0.7652369069 0.7589962572 0.7634766781 0.7645662531 0.767039357 0.7740059547 0.5626060628 0.5592351172 0.5570425125 0.8673487661 0.8579761477 0.8557309371 0.8558582725 0.852328865 0.8519274555 0.8543884789 0.857739646 0.7896625671 0 0 0.6221483472 0.6309116051 0.6351570294 0 0 0 0 0 0 0 0.5135386098 0.8192678236 0.8238265247 0.8253931453 0.5287791099 0.5677408579 0.8585063277 0.785828721 0.7249755695 0.7336255295 0.7388833934 0.5594676991 0.5678799578 0.8294755864 0.6873144383 0.531536701 0.527063363 0.53684457 0.6681991638 0.5455862887 0.8386934623 0.8361432232 0.8332419565 0.798804685 0.7887227654
0 0 0.6095833794 0.8648730464 0 0.8782293658 0 0 0 0 0 0.6204279506 0.6235336348 0 0.5694370978 0 0.7828171586 0.7741515662 0.7696148077 0.7683312917 0.7674489136 0.7684461488 0.5649433617 0.5679444247 0.56628201 0.8648436622 0.8564651303 0.8594026336 0.8603656073 0.8560834845 0.852034165 0.8534387678 0.863336656 0.7392769896 0 0.885469496 0 0.589796263 0.5908817571 0 0.8472171434 0.8693092695 0 0 0 0 0 0.8278656374 0.8329910196 0.8239571309 0.5669115006 0.560037456 0.7864303192 0.7883954981 0.735394484 0.7396210063 0.7357513562 0.5641776941 0.561982988 0.6420211402 0.6399327128 0.5316466419 0.5311363989 0.5294262866 0.7005740301 0.834880424 0.831287482 0.8365900447 0.8288871962 0.7971614154 0.7924083646
0 0 0.6101682507 0.6133462817 0 0.6112394207 0 0 0 0 0 0.6155495838 0.5223324973 0 0.5134157045 0 0.7824819219 0.7762547343 0.7734816937 0.7728504881 0.773965684 0.7737272616 0.5691597718 0.5622929528 0.5593001419 0.567356385 0.7081234541 0.7056927276 0.8619987724 0.8570151637 0.8626721461 0.8605981992 0.7300140593 0.7741939016 0 0.5209666542 0 0.5784986535 0.5817810748 0 0.8719346333 0.505674284 0 0 0 0 0 0.5393417525 0.5609730071 0.5583563417 0.5571907201 0.5591501256 0.5910008028 0.612198675 0.6067259244 0.6146694404 0.606389981 0.6181920979 0.6252130281 0.828384161 0.6358025398 0.6325471449 0.6354432739 0.5392037051 0.5383895834 0.8284330088 0.828165463 0.8242121736 0.8202615512 0.8005000774 0.7994042943
0 0 0.6152029428 0.6230418406 0.6201711416 0.5667277525 0.5668206849 0.512708567 0 0 0.7729847523 0.6136799048 0 0 0.5077106889 0.5551280443 0.777493634 0.7531255435 0.5900073998 0.6018056752 0.6012578261 0.5711669108 0.5693282242 0.5597200255 0.5609163399 0.5665342788 0.7314545369 0.7009459209 0.8602673466 0.8633630606 0.8645575963 0.538085684 0.5017185789 0.5999382038 0.5169623294 0.5257081651 0 0.522354294 0.5759741875 0.5833063834 0.5834185334 0.8112800572 0.8108084401 0 0 0 0.5371141056 0.5358861877 0.6191380826 0.5566478802 0.5652645981 0.5613902101 0.6151195592 0.6177954859 0.6081686179 0.6059143232 0.6146029462 0.6153494566 0.619434414 0.6415082159 0.6383439401 0.8521639857 0.8478490337 0.8504882881 0.5442802781 0.8285550365 0.8236838275 0.8186598916 0.8171253103 0.8195372363 0.8049914596
0.8060388723 0 0.7191615829 0 0.5742253571 0.5668393119 0 0 0 0.7673507833 0.7678588684 0 0.6147082523 0.6684508797 0.6692627415 0.662148098 0.6698274954 0.5006225617 0.584062001 0.5830608488 0.6094196958 0.5702654434 0.5625331398 0.5643956504 0.5676017667 0.6914718901 0.6953878597 0.6982750464 0.7004736482 0.7081346185 0.537980871 0.5416748069 0.6206744556 0.5284441308 0.515628966 0.5111244931 0.5157468394 0.860059933 0 0 0.5906940385 0 0 0.79539994 0.8010065019 0.6474912677 0.5423427506 0.5360110869 0.5571003378 0 0.5600122653 0.5633259347 0.7126268404 0.610392213 0.6152640659 0.6076554923 0.6148650665 0.5451444438 0.5461855291 0 0.6413917519 0.8521138022 0.8455634093 0.8530649916 0.8528916299 0.8239729331 0.8284043677 0.8207563098 0.8181423142 0.8191287014 0.8114714812
0.7778915269 0.732302785 0.6742229689 0 0 0.5748280218 0.7172996034 0.8028016642 0 0 0 0.8375369729 0.7233122611 0.5891303299 0.6629509015 0.6607498098 0.6634524878 0.747947226 0.590718093 0.5859105057 0 0.5474260774 0.5709969989 0.5707488153 0.6958738554 0.6921316835 0.6941017085 0.7004705135 0.7065921702 0.713042337 0.8040315788 0.5405474286 0.7462938763 0.5219091224 0.5190682735 0.5091874729 0.5123016898 0.5160057572 0.5171661838 0.5269850691 0.5261363863 0.5914435952 0.7964079701 0.8038025445 0.8027726413 0.803689878 0.5478218007 0.5966813921 0.7662463046 0.7681801639 0.7746694746 0.5686362506 0.8699485115 0.5437345053 0.6158035031 0.5531116563 0.546484726 0.5422184288 0.5483651054 0.8573697008 0.852969161 0.8488790032 0.851326951 0.8503106565 0.804083259 0.5263988955 0.5215285553 0.6127415808 0.5237688656 0.844170547 0.8286832478
0.8177703603 0.6041227388 0.827642708 0 0 0.7380028132 0 0 0.7142434704 0.7318976319 0 0 0.7259605394 0.71849884 0.6610159825 0.6635655667 0.6635083855 0.5512938113 0.5222845381 0.5198138676 0.5221973593 0.5264729028 0.8077725917 0.8809660184 0.8806911931 0.8791044188 0.6530232924 0.6479844701 0.6550720619 0.5912928423 0.5899808087 0.7922304388 0.9246557952 0.5432470288 0.7039857782 0.5146817939 0.5082672159 0.5077470693 0.5141191724 0.5197014936 0.6357628786 0.790446212 0.5404161843 0.5847719923 0.8104472605 0.8299652861 0.6042107292 0.5094647998 0.7705539748 0.7652557378 0.7684433639 0.8699217314 0.8627017064 0.6322961423 0.634528567 0.5486591852 0.5454311444 0.5466135598 0.5514299344 0.8536257247 0.8542628978 0.8556627437 0.8575176031 0.7676561169 0.773442934 0.6543558748 0.5180171113 0.5139919953 0.5205374871 0.5289212673 0.6556394036
0.822476411 0.8204347446 0.8189632869 0.7367355263 0 0 0 0 0 0 0.8106602818 0.5065707231 0.7616830849 0.6706450478 0.8237712518 0.668556926 0.6047840047 0.5418883017 0.5406684961 0.518884462 0.5214947083 0.5083957306 0.5592482747 0.8883169465 0.8775620915 0.8710260499 0.64660043 0.6452071188 0.6461713974 0.5859972289 0.5867916738 0.521290347 0.9188347208 0.6516000684 0.9167247675 0.5148726855 0.5050157059 0.5135632687 0.5100988841 0.5189863382 0.7856407819 0 0.8805895412 0 0.8868603338 0 0.890261923 0.8514229474 0.7697041073 0.7663510736 0.7743298447 0.8678042113 0.8710615616 0.6297786919 0.626996663 0.5560140062 0.6235199565 0.5465608904 0.8589191287 0.6776700884 0.6768256636 0.8594266397 0.7722578282 0.7638448998 0.7674245879 0.7242836245 0.5200686619 0.5138337555 0.5197747658 0.6616871203 0.5378623093
0.8120018286 0.8173889187 0.8144307296 0 0.5695818144 0 0 0 0.6761725789 0.6395726083 0.5046985734 0 0.6714716793 0.7364132938 0.533242724 0.6761841596 0.5511483939 0.539625209 0.5351049117 0.5407214204 0.5279918011 0 0.8750660922 0.8766964372 0.8804356162 0.8765711898 0.6478604977 0.6402897757 0.6415764555 0.6457326601 0.579612304 0.5832991742 0.9142351163 0.9142103545 0.9126325827 0.9066378192 0.5125581117 0.5061439428 0.5085120656 0.5185586385 0.8913073301 0.8861085381 0.8733402659 0.873185463 0.8779038066 0.8782913562 0 0.7772183786 0.5963277125 0.7701459596 0.5323823437 0.6434786354 0.7032449712 0.6342231092 0.6308706393 0.6318971233 0.6304822485 0.6274734814 0.7449442378 0.7480075053 0.6310820626 0.7817812329 0.768330549 0.7666764898 0.770803336 0.5330181242 0.5150835155 0.5195334333 0.5203516345 0.532573881 0.5838379311
0.807517253 0.8086942522 0.8117941013 0.5990814698 0.5602372476 0 0 0 0 0.6195437568 0.8099563393 0.6423152969 0.6404384333 0.6442532841 0 0.8413792187 0.5537722242 0.5449057113 0.5410570516 0.5424992085 0 0.8726798675 0.8699694729 0.8700351019 0.874755036 0.6842904571 0.6478589858 0.6426809752 0.6379592801 0.640904662 0.5839465661 0.586707924 0.9060796084 0.9038128337 0.9056675345 0.9089024112 0.5070224158 0.7459763989 0.5138865138 0.6734481026 0.8942835197 0.8880677624 0.8796793342 0.8723540735 0.8796727435 0.8869497263 0 0 0 0.5480908595 0.57271915 0.661528139 0.6381141265 0.6363370291 0.6390507707 0.6348683511 0.8592445018 0.5433422655 0.7646175407 0.7427562426 0.7440808974 0.7459498909 0.8893828745 0 0.8197966367 0.5326293526 0.5276189099 0.5245535679 0.5275934385 0.5307788036 0.7571271428
0.8134839526 0 0.5358762009 0.6814909655 0.6362909442 0.5604056284 0 0 0 0 0 0.5196216218 0.637488518 0 0.8118158 0.8448757048 0.8372999988 0.5457488071 0.5417056459 0.5892382761 0.8774512902 0.8708923711 0.8662662247 0.8677424461 0.8708846242 0.6888669047 0.6808180166 0.6380491346 0.6339557569 0.6419507558 0.9055832752 0.8998505931 0.8960383586 0.8996043521 0.8926736553 0.9087542303 0.9101691413 0.6758656561 0.6723389484 0.6770840713 0 0 0.8729034506 0.881166088 0.8783001548 0.8885785449 0 0 0 0.5608900248 0.5655254462 0.5602063668 0.5691687073 0.5617197149 0.5613197388 0.5222539595 0.5189105828 0.516444162 0.5147718625 0.7496991778 0.7452175321 0.5616756919 0.8896576139 0 0 0.818623956 0.8196053264 0.818335134 0.528097591 0.8578652601 0.7538007443
0 0 0.6735857436 0 0.6395350949 0 0 0 0 0 0.7692048957 0 0.7794087547 0 0.7462337107 0.7459317632 0.747312837 0.5392894737 0.5526298117 0.5123208284 0.6854888213 0.873709148 0.8681530576 0.8708440667 0.8724800671 0.686630522 0.6795758672 0.6436256629 0.6394700478 0.6412225884 0.9106251577 0.9009272152 0.8928998537 0.8925475272 0.9005514227 0.9064082346 0.6609595453 0.6645871372 0.6683751424 0.5319349573 0.5334142515 0.5382568221 0.6998535213 0.6915311624 0.6958286815 0.6939141409 0.5414627417 0.8047048541 0 0.7663517717 0.5570114439 0.5594254362 0.5659115588 0.560748481 0.5706004024 0.7543374585 0.5205919957 0.5217871295 0.524271311 0.5181821514 0.7509999488 0.7513321792 0 0 0.8169232154 0.8216335299 0.8151562654 0.8206790515 0.7592420859 0.7588927224 0.8486333753
0 0 0 0 0 0 0 0 0.7722104239 0.7693378103 0.7653269477 0.7705395136 0.7798984357 0.6251858147 0.747358701 0.7435840138 0.7465941153 0.8496067098 0.5447516583 0.6302506842 0.8819785847 0.8764844783 0.8742347468 0.8776225173 0.8710720776 0.6840890876 0.6812921482 0.6854508906 0.9081809139 0.9029135888 0.9026151787 0.9012707134 0.8989526024 0.8977852789 0.9017772723 0.9073405193 0.6565275544 0.6654767554 0.5272418173 0.527117579 0.5286944901 0.5334614341 0.6901401547 0.6933548413 0.6879630292 0 0.7040981681 0 0.8172812684 0 0.5566005782 0.5590782029 0.5550458633 0.5631007438 0.7331744851 0 0.6751866982 0 0.7502319652 0 0.6066286074 0.5544055016 0.7058003594 0 0 0.8161871809 0.8161137533 0.8115050585 0.8177635987 0.5775551884 0.7643580154
0 0 0 0 0 0 0 0.780988555 0 0.7672279897 0 0 0.7743962441 0.6152699379 0.6102730853 0 0.7476360719 0.6233118226 0.6223808423 0.6363268629 0.8095483395 0.7112800161 0.8807330836 0.8748826858 0.8799550758 0.8767332166 0.8491546028 0.8477654933 0.8380574803 0.9098526428 0.9027232163 0.90684638 0.8991807754 0.9071529947 0.9099616775 0.6620028879 0.6617584296 0.6657438415 0.525021248 0.5204620839 0.52551174 0.5312189305 0.6843973214 0.6849375802 0.6911952828 0.7009400216 0.7098113883 0.5866318201 0.5701752345 0.5649754858 0 0.5492036696 0.5523603973 0.5579251695 0.5720052549 0.7309790067 0.7308923069 0.7333497696 0.750947909 0.7049466924 0 0.7057101263 0.7036917867 0.7517190111 0.7464978927 0.754058835 0.8148364095 0.8117661901 0.8204605528 0.891578085 0.7588324951
0 0 0 0 0 0 0.7902066078 0.7815428581 0 0 0 0 0.6192350641 0.6114643056 0.6086776463 0.613399721 0.6165762974 0.620663085 0.6301342621 0.6268802686 0.6330991757 0.5147545032 0.8369436899 0.5602903262 0.7081883862 0.5740953828 0.8571724592 0.8387822679 0.8432485441 0.9062180935 0.9115093983 0.9155620339 0.9126312019 0.9121815212 0.9134981433 0.6756318298 0.6692796319 0.8865600448 0.5234813323 0.5233621241 0.5223587854 0.6748276088 0.683980234 0.6809349313 0.6932041937 0.7095888135 0.5301283366 0.5839154191 0.5831108198 0.5653472116 0.5555431324 0.5530366166 0.5541689396 0.5621287596 0.5631701364 0.5519122522 0.6812939166 0.6827280562 0.6068725256 0.7017606081 0.6960224398 0.7484161517 0.743461346 0.6782402446 0.7461629541 0.7391942318 0.7592905829 0.7593826178 0.8914362571 0.8939405625 0.9037045911
0 0 0 0 0 0 0 0 0 0.6182771983 0 0.6101543795 0.6151885969 0.6128721245 0.6156157415 0.6164387911 0.6193569617 0.6224994528 0.6247847716 0.8479343161 0.6350095621 0.65730847 0.6509881721 0.8839411943 0.611592265 0.5673461263 0.5769168121 0 0 0.8442829811 0.853776233 0.9208950543 0.9162705541 0.9171250983 0.5759781311 0.5722580997 0.538853824 0.5358518934 0.530232592 0.5242748685 0.5248419616 0.6722396042 0.6743453831 0.6753238208 0.6941739135 0.7764591103 0.5298415021 0.5254341278 0.5785486384 0.5605951056 0.5642637316 0.5583420262 0.5637116331 0.555356784 0.5657462063 0.6807412021 0.6767274981 0.6861013503 0.6907004606 0.6925137276 0.8306158069 0.7524223763 0.7435051401 0.7418733004 0.7368689197 0.7381134772 0.7650504707 0.7651460421 0.8969576815 0.8983743333 0.7520155342
0 0 0 0 0 0 0 0 0 0.621646784 0.6158835356 0 0.6053027536 0.607475752 0.6184524845 0.6192985501 0.6182694648 0.6230683052 0.6339609769 0.6278926011 0.648115747 0.6454949887 0.649342461 0.5097263247 0.7046733846 0.5698520905 0.5690449835 0.7546351965 0.8519999599 0.5681524235 0.7428496372 0.7486323044 0.7510305859 0.5739656568 0.5712123245 0.5806448327 0.5439429546 0.5343572507 0.5273305013 0.531494006 0.5269279919 0.6710149835 0.6669096662 0.6682795486 0.6665876111 0.8019169734 0.5292694028 0.5808594033 0.5794129232 0.5701538939 0.5692417583 0.5688598941 0.5683121859 0.57468238 0.5800706034 0 0.6899638877 0.6892815885 0.6848514136 0.8293640759 0 0 0 0.7399753672 0.7452860811 0.7417142637 0.8440329931 0.7671014039 0.780164765 0.7553084464 0.7557784696
0 0 0 0 0 0 0 0 0 0.6202945934 0 0 0.7997331582 0.6121041699 0.6250032109 0.6231702094 0.6210909715 0.6278561825 0.634408371 0.6492465313 0.6432226778 0.6400881616 0.5313699233 0.6700168665 0.8509966244 0.6843727727 0.6866067067 0.6806217212 0 0.747966885 0.527227164 0.5442441103 0.7428523589 0.5783067579 0.57470138 0.5757012234 0.7543993374 0.7482643183 0.7499388002 0.748317294 0.6719654902 0.6698002395 0.6576130291 0.6615141027 0.655424543 0.6624158534 0.663628418 0.7602071955 0.5731415367 0.5717349492 0.5756853237 0.5769756048 0.570992054 0.5726476877 0.5784578967 0.8304669993 0.6902019716 0.6868634741 0.6941922643 0.6855401322 0.833017079 0.5582245015 0.7615467234 0.7456959846 0 0.7514613648 0.7526939762 0.7743716237 0.7686208533 0.7555555521 0.7535115005
0 0 0 0 0 0 0 0 0 0 0 0 0 0.5795524318 0 0.6235303698 0 0 0.6281739537 0.5977425009 0.6105031083 0.6441085112 0.6452986268 0.6512113484 0.6324768831 0.6798044322 0.6791859418 0.6866124774 0.6890734364 0.6975612055 0.7030650923 0.745904352 0.7525058802 0.8626697557 0.5784044719 0.7595951022 0.745976772 0.7448302738 0.7412770758 0.7475363775 0.6727585569 0.6682865271 0.658846682 0.6526680301 0.6592956615 0.6553690041 0.6587400139 0.5343029797 0.6173459468 0.6074471337 0.5820223142 0.5819249387 0.5790836127 0.5768200945 0.586199796 0 0.6937547479 0.6960490936 0.6936246843 0.6875181897 0.6951310596 0.6973971797 0.7708037049 0.6459564568 0.7609613008 0.7548373721 0.7581644653 0.5988847848 0.7674041394 0.7596358376 0.7542380413
0 0 0 0 0 0 0 0 0 0 0 0.5131912143 0 0 0 0 0.7560593757 0.7060826034 0.6380502541 0.8492138153 0.8493449416 0.8517774606 0.6469846317 0.6470222003 0.8844983756 0.8848052655 0.8907850551 0.8949470306 0.695108015 0.6986423323 0.7064718257 0.5680485382 0.7837576943 0.8618838737 0.5837483089 0.7860507182 0.7482334806 0.7441755111 0.7500204276 0.750194558 0.6719657097 0.660383418 0.6585231716 0.6532449812 0.6547850417 0.6558288344 0.6716399117 0.6750502325 0.6110491448 0.6108643672 0.6131629511 0.5832263547 0 0.5855093949 0.5831668474 0 0.5978212804 0.7064950905 0.6973249071 0.6923787828 0.6913919064 0.6990461106 0.6548596618 0.7649659536 0 0 0.6016629897 0.6048356135 0.7677478159 0.7591030163 0.7560755606
0 0 0 0 0 0 0 0 0 0 0.5127085707 0 0.7295911447 0 0 0.6798171119 0.5805056544 0 0.6399451671 0 0.8481098266 0.8508459979 0.8785770339 0.8830287078 0.8858464761 0.8840559045 0.8913978846 0.8984520977 0.8800273813 0.8142932878 0.8619869457 0.8596579388 0.8550324551 0.8605912458 0.5911210031 0.7834252595 0.751057141 0.7527776821 0.7483990014 0.7485226765 0.7571569542 0.6592902337 0.6553955873 0.6542941807 0.6583201541 0.6585362234 0.6710775441 0.6712952103 0.8835932415 0.8919218987 0.8433669938 0.8423639129 0.8435883662 0.588058527 0.5863049502 0.5878883289 0.6870309192 0.734462805 0.8436578392 0.7040042171 0.6985403821 0.6984201336 0.664245838 0.6701610807 0.776646154 0 0.5990106613 0 0.7621230071 0.7705149724 0.7698115246
0 0 0 0 0 0 0 0 0 0 0 0 0 0 0.5822707476 0.5766858623 0 0.5828953646 0.6216229468 0.5711048205 0.7486378806 0.7386749532 0 0.8783356837 0.8788290282 0.8839654005 0.8945638017 0.9003754325 0.9015179815 0.8524361225 0.8550016959 0.8541992695 0.7965248714 0.8910818258 0.7287686685 0.5896402008 0.5862259546 0.7495314128 0.7566455864 0.7519287623 0.6629697283 0.6576292831 0.6544607462 0.657118529 0.6565088354 0.6651962465 0.6725001905 0.6778543793 0.5308522458 0.5292628231 0.5362418175 0.8335890678 0.8427728107 0.8901569509 0.7803049553 0.5883488717 0.728567687 0.7292500203 0.7245329319 0.8450884214 0.5571004338 0.6294770717 0.660571642 0 0.6067676369 0 0.603233635 0.5999202928 0 0.776613583 0
0 0 0 0 0 0 0 0 0 0 0 0 0 0 0 0 0.5821676025 0.5914592115 0.7536607919 0 0.7474781224 0.7415468828 0.7375850343 0.8773828694 0.8793856451 0.8877392883 0.8928670372 0.6406538425 0.8477589418 0.7022831127 0.8477862889 0.8494483308 0.8579419895 0.7189253015 0.7229130302 0.5851034417 0.5797414569 0.7619687238 0.7606087417 0.7580724232 0.6610985885 0.6591135456 0.6545892267 0.665559583 0.6607705523 0.6627824432 0.6722944437 0.6808657247 0.5350932996 0.5276594112 0.5285733908 0.8413822252 0.8168882605 0.7997132187 0.7311515285 0.7204953271 0.7215664876 0.721849398 0.7260615762 0.6867775821 0.6553258929 0.5516536417 0.5528968527 0.666846464 0.6166297652 0.5576453014 0.6101739878 0.6057513363 0.6022230307 0 0
0 0 0 0 0 0 0 0 0 0 0 0 0 0 0 0.5813924225 0.7355841161 0.8834852428 0.7581827622 0.7496883552 0.7416249372 0.7425496052 0.8826504594 0.8774669394 0.8774158289 0.8926850912 0.8879272735 0.5870436043 0.8421713322 0.8417343054 0.8388510448 0.8364377215 0.7240199934 0.7152227604 0.7136806568 0.7211572101 0.6865008816 0.6926643412 0.692685971 0.867264969 0.6636648404 0.6618035832 0.6577631399 0.6554118893 0.6661177936 0.6659819133 0.546554524 0.7470579963 0.5301653866 0.5350510677 0.533470216 0.5279477472 0.5266721084 0.8537924506 0.725578461 0.7218053971 0.71343489 0.7135223362 0.7297160782 0.7201586935 0.5536076294 0.5589208091 0.5600272819 0.6682668405 0.6226972198 0.616036457 0.6134709041 0.6124308702 0.6674254418 0.7829871545 0.8130165642
