landscape/hab_quality/256/simulation_000042_p065_h032_HABMAT_patch_more_500pix_modified.asc_ac_0.5_quality.asc
NCOLS 513
NROWS 513
XLLCORNER 0
YLLCORNER 0
CELLSIZE 9.980507
NODATA_VALUE NaN
[rows 300 to 329 of 513, columns 402 to 468 of 513]
0.8178712241 0.8270371861 0.8227577443 0 0 0.6560287561 0.6622344992 0.6618168525 0.6747165078 0.8456959939 0.8422442124 0.8546411081 0.8513114636 0.8514610757 0.8561084932 0.907768758 0.9005373386 0.8900002674 0.8925547167 0.8877187352 0.8949632338 0.9018688303 0.7124259788 0.7216757122 0.7089660095 0.8306070362 0.545549 0.588332618 0.7669126089 0.8959152516 0.5622105072 0.7611491075 0.7678303576 0.6605810056 0 0.7345753886 0.5935761063 0 0.5902968727 0 0.7577152261 0.6562499898 0 0 0.6447957229 0.6567206897 0 0 0.7451239732 0.8087714835 0.851561757 0.7035658427 0.5063769939 0.6842315353 0.6645776562 0.6902053534 0.6814841805 0.7166341207 0.6253060917 0.8510974778 0.8460024549 0.8361056298 0.8476688243 0.7747398513 0.9030918504 0.9028506863 0.9004921653
0 0.8346835598 0.8302379056 0.5445530967 0 0 0.7718864631 0.7690553483 0.7662497077 0.7703146023 0.8413483168 0.8414540759 0.8470752169 0.520467877 0.8600434031 0.9065586698 0.8994774391 0.892989614 0.8851748016 0.8943609186 0.7895035543 0.904545819 0.8581218799 0.6092324927 0.7494968112 0.5850031992 0.581299996 0.5790708367 0.5609362891 0.6056213423 0.8489734729 0 0.7893844478 0.5558787124 0.7257015382 0.7912579668 0.6450974606 0.5843689929 0 0.5489685973 0.5519707954 0.5540827235 0.6454995567 0.6518687176 0.647024676 0.75488969 0.7550575315 0.7536513894 0.7591290901 0.7827582121 0.8006111138 0.5131188127 0.5056411785 0.6025038587 0.6127704934 0.6911572899 0.6877324884 0.7077298202 0.5425123214 0.8084032841 0.8438214726 0.8425186331 0.8398987963 0.8310978797 0.9089838904 0.9007279269 0.9178852305
0.8320428459 0.8291631239 0.8910973454 0.8170970077 0.5384856334 0.7775256872 0 0.7703677405 0.7628846615 0.8473164925 0.8458955808 0.8380843222 0.8432467585 0.8545808028 0.8164625062 0.907320558 0.8960659198 0.8949197801 0.8926768069 0.8899876606 0.8341516774 0.5549354883 0.6765401344 0.8623470313 0.7430164056 0.5801312745 0.5778259497 0.5842126618 0.5852478074 0.5971516742 0.5563068282 0.8543571707 0.8196575067 0.6341168731 0 0.6372920614 0.525789003 0.5910637612 0 0.5445805879 0.5485498825 0.5556901571 0 0.6584300766 0 0.8084334015 0.7495040364 0.7703092935 0.7831917258 0 0.7855638412 0.597316591 0 0.5933845604 0.7002376553 0 0.7172694384 0.7129176588 0.7077923909 0.5500465925 0.5611411949 0.5687302754 0.5785977324 0.7263281087 0.8635514198 0.8280919214 0.8246265455
0.7966847256 0.882786001 0.883366336 0.8913218772 0.5314934906 0.7832767965 0.7757100608 0.7672337356 0.7683560521 0.8483769486 0.8390570809 0.8461118439 0.8436795613 0.6957653827 0.6983222321 0.8133937543 0.7903892245 0.8950962197 0.7939188734 0.8950652166 0.8697755192 0.7399472266 0.8713942627 0.7359900515 0.7431683153 0.6915506015 0.5795400073 0.5831619466 0.5872549599 0.6922130637 0.6903337812 0 0 0 0 0 0 0 0 0.5565359456 0.5449564795 0.7796063923 0.5678397888 0 0.6202604717 0.6103098922 0.5449747148 0 0 0 0 0.8894706509 0.5925253535 0.5839199205 0.7101901312 0.7099627503 0.8011408241 0.715546146 0.5017312658 0.525987757 0.885808094 0.770449372 0.7652440793 0.7582666584 0 0 0.8250173788
0.7800749568 0.6754456872 0.8819191467 0 0.7850134032 0.7997532264 0.7782943502 0.7700151633 0.7764279644 0.8433407808 0.8476157024 0.846694712 0.6897051681 0.6957967651 0.694508768 0.5722199083 0.8197853835 0.7961231674 0.9033858483 0.8624730832 0.6022571662 0.8477951937 0.7432273531 0.7448760035 0.6051233127 0.8689479117 0 0 0.7532298116 0 0.8306003272 0.6881060388 0 0 0 0.6319684149 0.5381677953 0 0 0 0 0 0.6283607596 0.6184073926 0.6143956416 0 0.5456552355 0.5362946689 0 0 0 0.5961388235 0.5984025318 0.5972999509 0.7788921128 0 0.7402801319 0.5020006274 0.8999793157 0.5058036535 0 0.7656785118 0.7613674176 0.7560283681 0.7498541228 0.7571706538 0.6388360548
0.6718288619 0 0 0.6678495034 0.8592122911 0.8659686767 0 0 0.7208959986 0.7889016023 0.6542933677 0.6912659948 0.686418024 0.6872749895 0.6970535101 0.6360532959 0.6277542831 0.5979849439 0.6058608134 0.9085020418 0.6171590517 0.5987191678 0.6040940891 0 0.6128861367 0.7218927701 0.5848158577 0 0.7584875725 0.6973958459 0 0 0 0 0 0.6262640015 0.6475459928 0 0 0 0.5560043797 0 0.7372501423 0.6218281371 0.624599243 0 0.5373361291 0.5364132541 0 0.5450077877 0.5594460086 0.5417382617 0.6062858134 0.6051020865 0.7637956077 0.6201769738 0.7242150394 0.7063176169 0.6587073223 0.5210352318 0.6617449153 0.7664658266 0.5971145222 0.5566128291 0 0.7524975584 0.843881218
0.6736914745 0 0 0.671603623 0.6626692644 0.8198231927 0.5707609984 0.8656797711 0.7866876124 0.6903872682 0.7629861057 0.6925077184 0.6910562098 0.6915444238 0.6940381524 0.7450943439 0.5258145484 0.5992103429 0.7290927171 0.6138451614 0.624941909 0.615152424 0.5941448957 0.5948223029 0.589502682 0.5833590082 0 0 0.9084612118 0.6416711556 0.6927307943 0 0 0 0 0.6437843611 0.6497759505 0.6496844626 0.6448385465 0 0 0.6393469427 0.8323520256 0 0 0.6255383779 0 0 0 0.8372976143 0.5511040983 0.6154980049 0.6101388962 0.7280471619 0.867765098 0.7252486148 0.5605892506 0.6821960083 0.7755494072 0.5402488062 0.5855898822 0.591538656 0.6767411633 0.6749270022 0.5525840023 0.6050488667 0
0.6671389058 0.673082237 0 0 0.7862272792 0.7830409604 0.6329017303 0.7038464701 0.8654931363 0.5240197654 0.8589838727 0.5928458645 0.7223873464 0.8037389989 0.5426004612 0.8108817817 0.8156320126 0.5509325976 0.5557323761 0.6010248278 0.6037160385 0.8769625066 0.593407303 0.6025110004 0.5910230488 0.5865093153 0.7548074798 0 0 0.7861510949 0.6547411352 0.5899030332 0 0.6560978814 0 0.6399623483 0.6432100818 0.6501042762 0.6436684817 0.6437893435 0.6392673792 0.6620952547 0 0 0.6735878628 0 0 0 0 0 0.5488042089 0.5726397918 0.6168978198 0 0 0 0.721321925 0.7269464376 0.5487367541 0.6343895713 0.888335671 0.8621390156 0.7532358042 0.6810589056 0.809803801 0.6067110234 0.6028979456
0 0.5286121765 0 0.775966943 0 0.7880496761 0.7022311378 0.550496928 0.85141782 0.8511973997 0.59100918 0.8491843629 0.8070014901 0.8212541775 0.811525469 0.8075971795 0.8844225365 0.6195811618 0.7048891874 0.8972544732 0.5959049733 0.5938220277 0.5955701763 0.6065098443 0.6044408147 0.59413389 0.7940214471 0 0 0 0.7501600902 0 0.7579887155 0.658499413 0 0 0.6496334301 0.6512042918 0.6495035871 0.6476453726 0.6428520093 0.6472446641 0 0 0 0.555949357 0 0 0.757201596 0.6552646376 0.7247632083 0.6980545427 0.5801114668 0 0.7172068835 0.7163298843 0.7222720391 0.8010396922 0.7984596295 0.7956722678 0.6182322078 0.8790973655 0.5678024013 0.6885443689 0 0.7488966281 0.6010107778
0.7176459585 0.6010816722 0.5465370892 0.7744695298 0.6414558304 0.7786479885 0.7433041448 0.7387038178 0.5204625338 0 0.5825710201 0.5790002697 0.5026199299 0.817961154 0.8019427736 0.8112256432 0.8123757398 0.7181304946 0.530344453 0.7195516178 0.5956052308 0.8798321131 0.8973644851 0.7481225069 0.7436620009 0.8000462235 0.7930540728 0 0 0 0 0.7519820406 0.7534098974 0.7916732255 0.7841987777 0.6497690696 0.7859369976 0.5176864391 0.8246537362 0.5175180862 0.6487183377 0.656215489 0 0 0 0 0 0.8356155306 0.833419394 0.537963482 0.5470092331 0.8481805136 0.7974002495 0.7464831581 0.7251697822 0.7200168889 0.7165307093 0.7559288519 0.794405681 0.8005122195 0.7954902405 0.8143382897 0 0 0 0.7189439398 0.6010734976
0.7117623272 0.5517036555 0.7823124698 0.7779532629 0 0 0.7383957447 0 0.6645342872 0.5783770967 0.5758073702 0.5818707305 0.6477160297 0.6466916332 0.7657588967 0.7155402524 0.7089291803 0.7158501596 0.7126320357 0.8788528637 0 0.8729594011 0 0.7387543179 0.7467284658 0 0 0 0 0 0.7563882608 0.7179141805 0.7127389028 0.7148687516 0.7824599217 0.7837894908 0.795327274 0.5168728198 0.5084639751 0.608077404 0.6705301908 0 0.5632694062 0 0.5237624202 0 0.8314382172 0.8311079955 0.8326662774 0.5833108251 0.8397874981 0.5592912212 0.5574604005 0.840479423 0.8878807229 0.5586264486 0 0.8888745499 0.8006873857 0.7914465235 0.7958841008 0.810012702 0.8161420545 0.7743207023 0 0 0.715113569
0.6997284121 0.6930023969 0.7835715112 0.7854620887 0.511858902 0 0.5050360962 0.5076205589 0.5893712442 0 0.5794490605 0.57944681 0.6379955528 0.516148087 0.5708701909 0.7628294392 0 0 0.7414941926 0.8775087076 0 0 0 0 0.7484008895 0 0.7888318852 0.7956872802 0 0.7216992508 0.7157236956 0.7074321083 0.7093054333 0.712060537 0.7825706552 0.7858789333 0.7926716389 0.8405745817 0.5094450779 0.5192753567 0.8744011162 0 0.8675074176 0 0 0.5245672586 0.8338334635 0.8310509429 0.8342012686 0.7225948777 0.7308387907 0.5555234029 0.5537035556 0.5537062431 0.5925277251 0.5602457596 0.8880065729 0.8807637382 0.7958479398 0.7960179347 0.8005747697 0.8014165042 0.8120296319 0.7978340348 0 0 0
0.6923987552 0.6960843873 0 0.7337544876 0 0.502234068 0.5043708436 0.8626072369 0.8549072967 0.6903962731 0.6364112783 0 0.632405484 0 0 0 0 0 0 0.5884425798 0.7059114039 0 0 0 0.6905152871 0 0.7992156028 0.799584812 0.8512543545 0 0 0.7159729937 0.7122481939 0.7168601389 0.8384988498 0.8439323208 0.8342177634 0.7301247065 0.8481077776 0.5156094557 0.8818816024 0.8663424177 0.8703275863 0.5268007653 0 0.5284458905 0.5252239151 0.8242236923 0.8289388972 0.7209935358 0.7271984765 0.6304584314 0.5286019069 0.5592187686 0.7658782197 0.8991969309 0.8832030694 0.5176768434 0.8832379476 0.8086854425 0.8095032451 0.8065917485 0.5896524227 0.570431476 0.7115231693 0 0
0.7446810562 0.6990084903 0 0 0.5066526516 0.5089728329 0.5090260072 0.8541227893 0.8622424929 0 0.6805179409 0.627519047 0.6848225787 0 0 0 0 0 0 0 0 0 0 0 0 0.8178795367 0.5922613604 0.8223410452 0.7938608843 0.8375013719 0 0.7064578319 0.8411671971 0.834658953 0.6717101073 0.6583766211 0.7942022194 0.8520206087 0.856928313 0.6372471619 0.8704074778 0 0.5080543815 0.5263251528 0.5267548544 0 0.5233286389 0.834124843 0.8320794786 0.7251400121 0.7268188848 0.7281999073 0.808890207 0.7099997516 0.713703677 0.7087221113 0.8493829497 0.8525683744 0.8458471993 0.8463842933 0.8205116839 0.8211382371 0.7766280664 0 0.748344694 0.5277302737 0.7663023175
0.6942574811 0.6001088988 0 0 0.8133426875 0 0.8468393778 0.8434868972 0.6440293612 0 0 0.6799366157 0.6843356821 0.6892327386 0.6950690777 0 0.8776192847 0 0 0.6802003107 0 0 0 0 0 0 0.8977480554 0.7086249071 0.7034907524 0 0.7012834372 0.7271253116 0.8344412671 0.6653738454 0.684921909 0 0.8787307113 0.8658706506 0.5583849426 0.6385050094 0.630408918 0.5605131294 0 0.7260341509 0.5260267514 0.5277881088 0.5280701427 0.5001490882 0.6600459297 0.7345700643 0.7335241881 0.7335271803 0.7051364011 0.7054659433 0.7091658711 0.7116048909 0.7067649337 0.7141609463 0.7089092348 0.8518701663 0.8158870683 0.7706110702 0.7611187429 0.616126435 0.5217619992 0.5837374231 0.6147254344
0.7135103911 0 0.5961418234 0 0.8260957388 0.8305922664 0.8399074379 0.8416430477 0.7043036218 0 0 0 0 0.6857976511 0.5910192991 0.873764938 0.8725743793 0 0.6805307848 0 0.6822134663 0.7351284507 0 0.7414426263 0.8051459755 0 0.7040937116 0 0 0 0.6764368605 0 0.6732618046 0.6722829191 0.6773006666 0.685519377 0.6875078915 0.8996000005 0 0 0.7155669047 0.560167552 0.5615524149 0.5620878631 0.6588175512 0.5316212743 0.7739155752 0.7704952798 0.7702332684 0.7354750149 0.5021417435 0.6469598498 0 0.7020312198 0.7054674955 0.7171940669 0.7092605681 0.7046364937 0.7129106079 0.7140992403 0.7583670979 0.8721013193 0.7545532615 0 0.6074030416 0.6272062574 0.8162064228
0 0.7380114665 0 0.8276154173 0 0.8257642265 0.8488307414 0.8497529984 0.7009340842 0.697921277 0.6923655297 0.6890662947 0.692287515 0.5555857302 0.6328731373 0.7422592481 0 0 0.5806218124 0.7122433584 0.8562363128 0.7109671844 0.6672061986 0.820313066 0.8216733864 0.8075802748 0.7079153256 0.7038305295 0.6892639376 0.595256458 0.6845621223 0.6763714913 0.6689355867 0.6717217247 0.6698060902 0.6876587157 0.6802100195 0.6883482994 0 0.7229917838 0.5622984811 0.5573955705 0.5548008431 0.6218341264 0.5571479605 0.655756462 0 0.7680764365 0.7684282871 0.7534250393 0.7431918025 0.7406182272 0.7113058764 0.702724896 0.7038963196 0.7072606481 0.7112975412 0.6406266016 0.7113361985 0.7144760106 0.7547614114 0.7542763964 0.7612348367 0.6145412115 0.6049940652 0.699545729 0.6972936822
0 0 0 0.823251024 0.8198357855 0 0.8281399807 0.6348215843 0.6381581192 0.7013334247 0.6925972592 0.6936790575 0.7870215431 0.6119594387 0.6029614575 0.600448827 0.62787108 0.6277156163 0.6235681864 0.6303516982 0.716942934 0.8264869904 0.8184439846 0.8159693111 0.8207383404 0.8234745556 0.7059713186 0 0.7014654121 0.7132194522 0.5591031212 0.562670305 0.6785338971 0.6676158265 0.6698078389 0.6787705898 0 0 0.8995678633 0.5601454779 0.6882163669 0 0.5586810435 0.557042892 0.5583838201 0.7808377583 0.7755739572 0.7709929995 0 0.7506570967 0.7362716322 0.7361419556 0.737405076 0.7385383992 0.8720962885 0.7074237561 0.5035369249 0.8331407407 0.8366410578 0.8375224378 0.7565541336 0.7593401716 0.7605768403 0.6087165429 0.6559471281 0.6966477564 0.6902805066
0 0 0 0 0.8256800846 0.8275496735 0.6328159968 0.6345947566 0 0.749444791 0.7497809802 0.5328445011 0.794053341 0.6088662067 0.6071872138 0.6039210273 0.6101155421 0.6180573269 0.6158022596 0.6217965114 0 0.7781814878 0.825603168 0 0.8179156211 0.8236874774 0.8302306835 0.8023704742 0.7085655307 0.5590213767 0.5586974727 0.6811620043 0.6801326511 0.6785769357 0.6872897571 0.6795305184 0.6817212009 0.6928110163 0.701245637 0.5080735474 0.7427747798 0.5677415581 0.5620124824 0.5634931514 0.6436652912 0.7768208432 0 0.7845954815 0.7755967366 0.7490708577 0.7457192407 0.7413467982 0.7420206489 0.8664433843 0.8671841617 0.8699745979 0.5454475064 0.8389191186 0.8322232444 0.8345528969 0.8347107681 0.7776117355 0.5667412251 0.5837707054 0.5905197699 0.6228750292 0.6946877053
0 0 0 0 0.8394350188 0.6257778924 0.6258067442 0.5954928798 0.5998835457 0.8040851887 0.5237206666 0.5316204212 0.7984327102 0.7945812128 0.7176151308 0.619337463 0.6201118006 0.6104463572 0.6133473537 0.6167101964 0.597003135 0.8352978339 0.8349805163 0 0.7293903989 0.7857918151 0.7830859873 0.7684753853 0.716076815 0.6604409363 0.568541113 0.558645211 0.5618930409 0.6971529693 0.6876173735 0.6910501059 0.713621626 0 0.8536828929 0.8579775226 0.58875327 0.565151627 0.7868365035 0.528507009 0.520515629 0.5244165562 0.7862705558 0.7812999088 0 0.7535424332 0.7489645643 0.8632491835 0.8590727507 0.8654827726 0.8658474497 0.8752731424 0.725366441 0.8386191932 0.835642011 0.8315989549 0.8370138085 0.8877860016 0.8261664722 0.5837977894 0.7540410452 0.7552560154 0.6954789825
0 0 0.5244470943 0.6181575625 0.622961589 0.6236883401 0 0.6346597163 0.7965389623 0.7935151855 0.8062483086 0.5447037253 0.8502066084 0.7099391908 0.7181423067 0.6186592607 0.6166123525 0.6165256928 0.6188934999 0.6150757821 0.7974662046 0.7995069532 0.837592896 0.7336737931 0 0.7353878554 0.7447689339 0.7187719914 0.7754003212 0.5713824322 0.5696173373 0.5592673008 0.567184252 0.5637094737 0.7015209126 0.7036836387 0.8399291778 0.5932364175 0.5079657212 0.636670397 0.899621864 0.6895062868 0.7635332866 0.5275769275 0.5192583867 0.6218088837 0.736091973 0 0 0.7546177696 0.8701181227 0.8629461021 0.8624190566 0.861630786 0.8690999237 0.8708892465 0.8799352135 0.5183317513 0.8939885514 0.832941793 0.8369552437 0.8733744531 0.7322123988 0.761911606 0.7563823334 0.7497269772 0.7489435802
0 0.5013629611 0 0.6174782747 0.6142576396 0.6170759351 0.784281049 0.7887889545 0.7892525391 0.7973018469 0.8006575815 0.5279202816 0.5475020704 0.5353219518 0.5399014158 0.6533887507 0.5357286977 0.5304051628 0.6655639362 0.6597817371 0.7935977507 0 0.7978541975 0.5571497719 0.6122800704 0.738358207 0.738195458 0.6162920315 0.7645310181 0.7706163536 0.5617069724 0.562457582 0 0.7058112127 0.818285849 0.6406981403 0.6423226268 0 0.7341970878 0.8910631895 0.8925400642 0.6379914967 0.7165074403 0.5202796554 0.5214889073 0.5525256075 0.7180839067 0 0 0.5313864938 0.8193709394 0.6606320461 0.6578355 0.6585810856 0.8737188769 0.5913025932 0.8801565389 0.685444897 0.8200760515 0.8121033354 0.6914801398 0.803060517 0.5667733395 0.8905391974 0.6002280477 0.7513700101 0.7470147406
0.5018667884 0 0.5077054492 0.6163101864 0.6184293856 0.617239642 0.7882651447 0.780963642 0.787607216 0 0.8033770524 0.695883008 0.5339597955 0.5285819765 0 0.5393181512 0.5275031056 0.7190004617 0.5316380699 0.6565680719 0.7957859284 0.7967039936 0.63714867 0.5865419967 0.8035446978 0.6769461217 0.7402752258 0.5716854637 0.6399761074 0.6235276212 0.8516828785 0.7794503718 0.7736178452 0.7344764325 0 0.7088614721 0.6499080082 0.6499266492 0.729417113 0.7216416272 0.795036354 0.7894727449 0.7128114563 0.8877392193 0.7336638477 0.5609133645 0 0.8420780639 0.7778032789 0.7797254564 0.7765255264 0.7966765532 0.6545113829 0.6546371999 0.651982248 0.5965510138 0.5880305042 0.5843435792 0.6384467536 0.8170032419 0.8134264583 0.8935174973 0.5083827106 0.5599382017 0.7471148262 0.7504659994 0.7487521948
0.6657094821 0.8168511841 0.6137451293 0.6224120684 0.6268322711 0 0 0.6373976567 0 0 0 0 0.5291691125 0.5677563845 0.7302801201 0.7313377871 0.7213783054 0.7149229836 0.7141233549 0.5869212858 0.5422444499 0.5420655077 0.6272605416 0.5867167222 0.8797306399 0.5551461883 0.6304891431 0.5354998228 0.5628567435 0.5654099811 0.7675821516 0 0.7837997683 0.8070192191 0.7156456554 0.6613467041 0.7119267898 0.6939026181 0.7282255891 0 0.7886256631 0.7856513482 0.7864946616 0.8583446872 0.7381931443 0.6651976451 0.837829496 0.8447336147 0.7639271099 0.7758360998 0.7849734009 0.6599067762 0.6616877877 0.654789164 0.6076071546 0.5497210379 0.5842740834 0.5825815217 0.5864942229 0.7973538864 0.8002197036 0.7934734258 0.8896348955 0.7533946279 0.694713421 0.6947270443 0.747841983
0.7073328595 0 0 0.8225479916 0.5100223437 0.5043339994 0 0.5060614276 0 0.6535962736 0.7320738764 0.8483987176 0.7257824223 0.7272815421 0.7288042818 0.5828176464 0.7144116218 0.7136674898 0.732857538 0.5509866008 0.5394119845 0.5340105682 0.8505497127 0.5396147312 0.6006157377 0 0.7851655536 0.559178127 0.5575043008 0.7368259749 0.5186442491 0.8603000776 0.8118699759 0.6055759733 0.500765823 0.7054080437 0.6693740943 0.7197142552 0.641828306 0 0.7206948051 0.863157368 0.8659088478 0.5326395088 0.7830972153 0.775598325 0.7759628072 0.8007641669 0.8652093496 0.7782018199 0.7792087517 0.6623215253 0.7820342071 0.6612730139 0.6550020522 0.8935697229 0.7528197295 0.5861837339 0.5833136616 0.8033661166 0.7933120097 0.8554040797 0.6858991351 0.6857958197 0.6917272001 0.5504962632 0.5474630849
0 0.8218615302 0.8197673471 0.8207085324 0.8276560659 0 0.5043285977 0.5133810655 0.7499110391 0.5791448557 0.6461642024 0.652186043 0.8565023905 0.7189350075 0.57288479 0.7347147791 0.6105059693 0.52643212 0.6044588998 0.5472388718 0.5342706659 0.5299632917 0 0.6802466458 0.6383103743 0.7601336685 0.7927771073 0.6822980439 0.5592750806 0.7720312693 0.7417812358 0 0.5065356349 0.6779998609 0.7500877572 0.5977828241 0.6321779654 0.8177331262 0.5100785602 0.7276185958 0.8648365369 0.8565965481 0.8579597143 0.8657529267 0.8020242726 0.769507753 0.7690460625 0.7677952178 0.7661714416 0.7651123524 0.7440773065 0.6758252612 0.7101178657 0.7675098302 0.7709183169 0.7637410886 0.8865544246 0.880711708 0.6854622069 0.7952542347 0.7937231527 0.7898166132 0.8148244082 0.8333661571 0.6723950572 0.5434884975 0.5477879119
0.8226809388 0.8287287505 0.8262220059 0.8200872826 0.5865815206 0 0.7383704159 0.746877074 0.5334824599 0.5547417277 0.6461504381 0.644654407 0.8038949744 0.7196020144 0 0.8065052227 0.8134530099 0.8121281697 0 0.5415759057 0.5335824114 0.5368711224 0.8299199662 0.685989844 0.6778120064 0.6851510012 0.7307947935 0.7895293323 0.7998563266 0.8559411055 0.6221565601 0.50869363 0.6746044033 0.8942086695 0.672292433 0.8980700479 0.8726229873 0.8070920073 0.7705153425 0.7296360164 0.8609879206 0.8607837779 0.8650728431 0.8734590325 0.8676163724 0.7752934947 0.7658410658 0.7613200787 0.7617649207 0.567767322 0.8446216937 0.7673535842 0.796405392 0.7635315505 0.7613693181 0.7691579187 0.8793537352 0.5758670441 0.6901321276 0.6831799246 0.6798765945 0.5459614489 0.6105298423 0.8279222407 0.8189081316 0.8772176904 0.5522977674
0 0 0 0 0.6656110081 0.7891200008 0.7400144352 0.5739961907 0.5582454493 0.5347783119 0.6534469567 0.7964954413 0.8647558268 0.8631347886 0.8645843127 0.8111513839 0.8050960923 0.8132490664 0.6083666586 0.5470540206 0.8512262688 0.6155480053 0.8886890782 0.5554340916 0.5624168614 0.6833075683 0.6886736772 0 0.870059786 0.6355481231 0.6172221269 0.6015753971 0.8962308197 0.8944081228 0.8902644495 0.8966508958 0.65462002 0.6428948599 0.5095084519 0.5724877131 0.5963729634 0.5882411357 0.8720262947 0.8662775599 0.722407624 0.6432076543 0.8367006347 0.8327931071 0.8341096239 0.5616482825 0.7768802342 0.5774095389 0.6347739972 0.7633345015 0.7638456579 0.7689444235 0.8832822296 0.8855503938 0.8722211983 0.8682565974 0.6740825591 0 0.7667411271 0.7624524639 0.8009461747 0.6434306386 0.6377945292
0.5284006042 0.8012461591 0.7917414175 0.7887202843 0.7803513638 0.7836633444 0.8916166787 0.6397727373 0.7646439976 0.6200113785 0.8107543293 0.5305957156 0.8710545113 0.5855722264 0.8681098016 0.8106736381 0.8094080516 0.8096086105 0.8500378158 0.5162420205 0.8638170571 0.6146523461 0.614215851 0.6146996367 0.5653231379 0.5648511839 0.7191129681 0.6220596101 0.5812292311 0 0.7389543418 0.7515001904 0.5874955873 0.7717341284 0 0.8377077602 0.9037208036 0.6444849865 0.6356528874 0.857800534 0.56899653 0.7216202437 0.5731045066 0.7158078153 0.7719721381 0.7705778307 0.8348276286 0.8314919382 0.8640134541 0.8540871588 0.8575221891 0.8580269153 0.8444042194 0.7688400518 0.775022865 0.7692563797 0.7716776714 0.893139053 0.8744513928 0.8817865983 0.6708936895 0.6699243962 0.5615076872 0.7937860641 0.7103067292 0.710156259 0.6370049153
0.7670129605 0.5490360809 0.789535475 0 0 0.7918374252 0.6256277956 0.8886441377 0.8920404701 0.628994652 0.6192382033 0 0 0.5862766279 0.7058100396 0.7020307005 0.7980447159 0.6559074894 0.6761252537 0.8591649773 0.7431125476 0 0.6191420585 0.5227001386 0.8752700955 0.8782819863 0.8757165801 0.8631060689 0.6165114654 0.5290411316 0.8612011273 0.7296443491 0.7480442055 0.7352336288 0.7572287799 0.8949493042 0.6116421177 0.7691223389 0.7258166251 0.5700953459 0.5761573575 0.5688247614 0.8165355953 0.5664582326 0.8410320266 0.7638518348 0.5023536123 0.8081228016 0.8088486488 0.8086995872 0.8534077455 0.8578027291 0.5393687057 0.5341343085 0.7697880062 0.7726143662 0.7772290552 0.5758033227 0.7905343083 0.6732919891 0.6721309209 0.6695268087 0.6599615828 0.6545102197 0.6623527876 0.8915901195 0.6412736476
