landscape/hab_quality/256/simulation_000077_p051_h086_HABMAT_patch_more_500pix_modified.asc_ac_0.5_quality.asc
NCOLS 513
NROWS 513
XLLCORNER 0
YLLCORNER 0
CELLSIZE 9.980507
NODATA_VALUE NaN
[rows 351 to 377 of 513, columns 360 to 419 of 513]
0.8510559795 0.5509138639 0.6974355155 0.5892732014 0.78763287 0.7355267227 0.8407217254 0.7905028125 0.7921237734 0.7986534822 0.8010583716 0.8058058881 0.8200257905 0.9019797031 0.8975192472 0.8923387067 0.8871744775 0.8237283966 0.8163446911 0.8141127324 0.8146088062 0.8106713546 0.8096769756 0.6907055993 0.6153765773 0 0.7972816247 0.7895086494 0.7966644251 0.5079572355 0.5160169294 0.5219609051 0.8141713643 0.9035765918 0.9028023172 0.6390860633 0.8731037994 0.6351109832 0.6378150011 0.6295921278 0.5346711774 0.6862599458 0.5672050723 0.55172007 0.7143758435 0.504201046 0.8884539417 0.8788799707 0.6584768001 0.5245842212 0.5255955242 0.5336032542 0.6909607903 0.6872545975 0.7019373097 0.7016742878 0.7063204998 0.7039490024 0.6421838214 0.6405714884
0.6668229916 0.5808115791 0.7567665165 0.7570746444 0.854412471 0.8494718177 0.8259933865 0.6009000467 0.630106582 0.638588235 0.636873994 0.5081929332 0.6422492509 0.8886930665 0.8991786192 0.9060472578 0.9064929475 0.8194910075 0.593434677 0.8199822659 0.8142585898 0.8188576982 0.8186489519 0.8774691423 0.8355134847 0.8318059238 0.7917064467 0.7887006713 0.7951844902 0.5179075769 0.5069402096 0.5300470793 0.9103415515 0.9080210466 0.8981946708 0.9009630657 0.7788711199 0.6447357402 0.6300221276 0.6140417478 0.62158794 0.5329084139 0.5188491366 0.511246663 0.5032741816 0.8611930414 0.882315432 0.7890863844 0.8850547391 0.891808016 0.5258234801 0.5283917191 0.8217834354 0.8259697641 0.7015437926 0.7692309964 0.7060255903 0.6468016741 0.8815091196 0.776983865
0.5748113472 0.8667377897 0.7530598518 0.8164467959 0.8709015817 0.9009811777 0.904847257 0.7890047574 0.79220638 0.7953213546 0.6364027175 0.6367221996 0.8768055007 0 0.9045431448 0 0.8971204893 0 0.7474960433 0.5985653377 0.82614252 0.8694454954 0.7862226223 0.7861374969 0.6369148772 0.8297858039 0.6624750608 0.5347871882 0.530352829 0.519603236 0.5219662901 0.5411948507 0.9080464373 0.9051778845 0.9035124235 0.902228355 0.9068954081 0.7988759253 0.6131127064 0.6218235554 0.6045563396 0.6047390661 0.784702449 0.538427805 0.5282191899 0.508421872 0.8536218345 0.8124354363 0.7843755021 0.5294658939 0.57179189 0.5347531931 0.8029658182 0.6096102304 0.8964387438 0.7615252515 0.5433180516 0.8522533769 0.5507241287 0.5454184445
0.7971492202 0.8053104783 0.8052321735 0.6530662421 0.9007862993 0.8956025638 0.6897382752 0.830342801 0.7857505039 0.7916144692 0.6370637928 0.6380942179 0 0.899898302 0.6687572355 0.8963039665 0.9012793566 0.9009197725 0.8778186927 0.8520940405 0.8715000746 0.5722448244 0.7402909139 0.7865546092 0.6331936656 0.6325894851 0.6330705332 0.5287823576 0.5121740914 0.6007130499 0.5908698147 0.8023671524 0.7139275946 0.7423601228 0.9122525953 0.9052468032 0.9091321683 0.5722641956 0.5747607548 0.606676382 0.5120329111 0.5507369768 0.5454939711 0.6951564928 0.6896855135 0.8795662185 0.8557099088 0.7823433818 0.7885780728 0.6474976022 0.8428157432 0.8609911205 0.6193247412 0.911333434 0.6770971711 0.7843147057 0.8999982119 0.5604213502 0.5497625082 0.544195253
0.5641676204 0.7958384009 0.7964709127 0.7599796142 0.8995297068 0.7548981647 0.7635153343 0.7588365541 0.7948788828 0.7508487229 0.8084328575 0.8073174956 0.9038984612 0.8999660754 0.8944786458 0.8995645166 0.8929579827 0.9066554888 0.7431946702 0.7410104801 0.8454954954 0.5515019297 0.5657272638 0.7311212048 0.5995893601 0.601980399 0.6005216472 0.5380869497 0.5354720762 0.5907649696 0.5950400394 0.6217187904 0.6166599239 0.6206021146 0.6295791558 0.744365841 0.7104788955 0.7177578253 0.5710490381 0.5720736475 0.5787682669 0.6699973588 0.6877997537 0.6903498497 0.6880457065 0.693447788 0.7826296724 0.5979157138 0.7847282575 0.6899733972 0.5874820144 0.9041174618 0.905217203 0.9046614001 0.905706652 0.6541221868 0.8784364897 0.7894201294 0.5529653363 0.8213200363
0.5978115042 0.5499687664 0.5582737875 0.5582221543 0.7557756032 0.744786454 0.7544830926 0.7522356767 0.7553276494 0.8194987934 0.7562842419 0.8046622011 0.9029257506 0.8956839879 0.8944241976 0.8916642862 0.89564484 0.8874061122 0.7394610305 0.7387275908 0.8676795727 0.8120358461 0.6070565169 0.6009043373 0.602014664 0.5963195829 0.596866613 0.6041692757 0.8027651165 0.593654421 0.8885631862 0.6170421421 0.6186945776 0.620618413 0.8300756993 0.8329400687 0.7111531339 0.708413536 0.5704638235 0.5711807491 0.5757333563 0.5760813812 0.6822569263 0.6809606274 0.6852468471 0.6920123063 0.572007959 0.6051083923 0.6075208688 0.7368869367 0.7414974981 0.904173093 0.8963804015 0.9016766305 0.5489549881 0.8521938967 0.5890126428 0.5970510791 0.81328329 0.8169983145
0.5419476158 0 0.5497720009 0.5511944123 0.7625702474 0.7530134772 0.7446471904 0.7452834766 0.7109660872 0.6955949219 0.6986614364 0.5942975139 0.6731836474 0.8963388123 0.8981815194 0.8959022017 0.886471589 0.8972854671 0.7357930005 0.7437727957 0.6619543872 0.6902125765 0.6221941668 0.7497338473 0.5975601801 0.6024852983 0.6010715532 0.6016103328 0.5982360722 0.6035860886 0.5984368114 0.7844730469 0.8223526063 0.7829017873 0.6996886772 0.6929123817 0.7099639427 0.7020706163 0.7024407782 0.56775288 0.5698216926 0.6234152948 0.5819914217 0.6870896223 0.6933071143 0.7571665019 0.5876738052 0.87535369 0.7356648371 0.7279553029 0.724696759 0.8954284805 0.8963935406 0.9035407009 0.7381891058 0.7031322878 0.5063406696 0.5154250845 0.8114914398 0.8082952336
0.5389475307 0.5449075144 0.5546535756 0.5576179347 0.7571438988 0.7588568261 0.6293879848 0.6840476777 0.8030343526 0.7040768441 0.7056424939 0.6790655636 0.9024378841 0.8991892365 0.9018838831 0.9081696334 0.7339417424 0.7301262534 0.73508036 0.7398404175 0.7561466849 0.6863630095 0.6850328277 0.7417948237 0.7423540485 0.6038417932 0.6040070213 0.6012690257 0.5581869747 0.6447118132 0.7823102684 0.774246528 0.7753030797 0.8292964513 0.6926681615 0.7019378908 0.7096756753 0.7076537613 0.700336075 0.5741460368 0.5758184309 0.577430163 0.6901544767 0.6903985479 0.6923662904 0.5439560572 0.7862341487 0.8736674502 0.7349462437 0.7257207884 0.7244384066 0.6327316354 0.67602344 0.5448902732 0.522393762 0.8651753826 0.5146267981 0.5107745641 0.8150316685 0.8158133617
0.5582624335 0.556400476 0.5477588619 0.5477260224 0.5469380686 0.7629306812 0.6517572436 0.5710158716 0.8806932365 0.6774561574 0.8009971318 0.9120665638 0.874607506 0.9033515769 0.9086957611 0.9101615205 0.9168460767 0.7364264572 0.7342748312 0.7463860086 0.7542974195 0.6890636028 0.6906888183 0.6873457864 0.7367478364 0.745577744 0.6058933742 0.6085370894 0.6095999103 0.5680529666 0.7268713052 0.7979156248 0.7740840181 0.6967177693 0.6944949351 0.6508119396 0.715554196 0.7039104374 0.7101258921 0.6520178714 0.5796680163 0.6497995034 0.848831452 0.8435073347 0.6759484237 0.7011788526 0.5052229871 0.6485296854 0.5278028137 0.5187494104 0.7834540403 0.8772157631 0.6749418513 0.6829743578 0.5540419093 0.8184154128 0.5206495738 0.5119275652 0.790661271 0.8135017622
0.5549901179 0.5519589064 0.5494242718 0.5437560969 0.5409046787 0.5371394019 0.6600986111 0.6575240693 0.6576879182 0.751348482 0.7504549545 0.6512467792 0.8758099854 0.8737242179 0.8742837658 0.9117776876 0.9160380867 0.7378866664 0.737038222 0.7388317151 0.7413411754 0.699213325 0.6988549845 0.7440535893 0.7452484771 0.7464663948 0.7475537322 0.6116340076 0.6357041645 0.7205315522 0.728611449 0.7754217823 0.7827884715 0.8657108048 0.6496102856 0.6434944196 0.6518342282 0.7123609669 0.646524377 0.6498308752 0.7964454949 0.8471692151 0.8389867103 0.8466814265 0.8551366815 0.5347291497 0.7978396148 0.878238869 0.735170176 0.5138019878 0.8405336646 0.6839969611 0.726313849 0.6773502382 0.6926285883 0.5211754276 0.5182093605 0.5206169088 0.5131525344 0.6251526179
0.5538494698 0.5518192368 0.5473041105 0.5393953261 0.5365221546 0.5337029421 0.5484530732 0.6741163229 0.7512503689 0.7509106624 0.7629942997 0.5876652559 0.5859149978 0.8813019953 0.8810115258 0.7446861209 0.7426534762 0.7416327765 0.7414281368 0.7391867343 0.6151129323 0.6222020968 0.7903720994 0.6480584848 0.5540102318 0.6351142395 0.7527923525 0.751787913 0.6640030889 0.7260745554 0.7254939752 0.734129052 0.6623796767 0.6529066725 0.6343876704 0.6420074484 0.636687422 0.6397830158 0.6400961424 0.781027873 0.840750565 0.8435912851 0.7442058982 0.8450071594 0.853724183 0.6729003083 0.7286845326 0.5836082622 0.6317498742 0.5103796948 0.5163569688 0.8430361906 0.70912104 0.7126381762 0.7542255532 0.8822099918 0.8802103678 0.8757619989 0.7448443588 0.7390727958
0.5526522897 0.5576995387 0.5528412621 0.5392379114 0.5435247824 0.5415173984 0.5224082983 0.5199717313 0.7524580441 0.5606459641 0.5942559261 0.5912179837 0.592007439 0.8767096789 0.8802609975 0.8789555062 0.7510750167 0.7480633406 0.7457943538 0.7441990865 0.7400142768 0.615017029 0.6154306556 0.8740639772 0.696371496 0.686190149 0.701838194 0.8543938259 0.6497868659 0.7330876646 0.5722767002 0.6680533333 0.6591300713 0.6589011181 0.6604321449 0.6323830982 0.6309774433 0.6443749223 0.7787248692 0.8145326904 0.8375521075 0.7257666633 0.6302560251 0.7382542454 0.7320627926 0.7401289186 0.7449562347 0.6750841633 0.7521227456 0.522068554 0.8685679444 0.8821394438 0.709309637 0.622190236 0.5685655835 0.8781200189 0.8750076378 0.8735931556 0.7419251186 0.7377256495
0.8550734681 0.6988147074 0.5588455245 0.5464701439 0.5409536229 0.5507196846 0.5240610554 0.5185222659 0.707290503 0.5612748588 0.5536638132 0.5547300705 0.8853618389 0.8736284856 0.8715125918 0.8735481296 0.8844704357 0.753969195 0.7545926057 0.8510613405 0.7487387348 0.814088355 0.616547502 0.8685976902 0.8968829381 0.694563642 0.5040888555 0.8529683743 0.7376101702 0.5190511473 0.6777276313 0.6710256473 0.8794030388 0.5953103368 0.6644508448 0.6731198744 0.6241586194 0.6376506074 0.8625252881 0.7841145877 0.5435415009 0.839525103 0.7433700443 0.7395507638 0.7376362209 0.7418021118 0.6316956369 0.8282527585 0.6593390812 0.7076815392 0.8481857599 0.5873245947 0.5876581568 0.5861629075 0.6723797795 0.8818475397 0.8825797845 0.8763796543 0.7278049631 0.745693413
0.5762054735 0.679531835 0.566875758 0.6263541602 0.5447490879 0.7214410354 0.7265979149 0.8286485125 0.5209994642 0.8339902628 0.553786433 0.5568784522 0.878517045 0.8706887329 0.8676370723 0.705780297 0.6150181208 0.8028941257 0.8469704896 0.8449809411 0.8387925452 0.889515584 0.7017428733 0.6020115238 0.8638091807 0.7213530836 0.7007142695 0.7311450257 0.5746854635 0.5123670727 0.5116459937 0.7294981796 0.5869592085 0.595339848 0.5891444544 0.6687710206 0.632088089 0.7300834714 0.5005447936 0.727645317 0.73646999 0.5459394438 0.6255689932 0.8440020428 0.7177799405 0.7351928935 0.7604051012 0.7587911201 0.7682266728 0.852301949 0.8481631992 0.5927341674 0.583575012 0.5851078383 0.6973828075 0.8965072097 0.895609856 0.885292829 0.5426325984 0.5367195693
0.8555924685 0.8265538758 0.8349718992 0.611196622 0.7264916283 0.7205287944 0.7176238834 0.6495661023 0.8282193668 0.6015796297 0.5602625594 0.5583777825 0.8773374353 0.8723017599 0.8704463091 0.8719740367 0.7376573564 0.5808457637 0.8432478401 0.8357094644 0.8340427602 0.8372738277 0.8337336871 0.7061448073 0.7124157834 0.6766981097 0.8840130914 0.8976584185 0.735055038 0.5158543461 0.5151264565 0.5150604311 0.7176896581 0.589719099 0.6691638859 0.6746138069 0.6701699763 0.6865652019 0.7207969241 0.7868343414 0.7277268028 0.8237001089 0.7056515442 0.7363907541 0.7340459959 0.7569979625 0.7535333366 0.7587435777 0.6411633455 0.8567786683 0.8551937227 0.5871679906 0.8007461569 0.586026083 0.9023524302 0.8929968744 0.8933903371 0.5435367713 0.5309450273 0.5346410141
0.5671142016 0.6960431434 0.6089362392 0.8546617698 0.6318476031 0.7239888784 0.6476012333 0.8293734135 0.504126001 0.6392650279 0.6419469364 0.880411707 0.8765840133 0.8788087104 0.6118007662 0.5810457225 0.5687261884 0.8479499564 0.8494489588 0.8305335826 0.8284780173 0.8306523642 0.8277138323 0.524787956 0.7002901769 0.7193911736 0.8300476792 0.6110158503 0.5739448505 0.7912903985 0.5188886003 0.6973914109 0.8163487101 0.7063865077 0.6818896061 0.6817571753 0.6807852307 0.7112176037 0.7117606563 0.8453190233 0.8512483077 0.7697724479 0.7739303516 0.7048468625 0.6821552022 0.7277998071 0.8891034302 0.6755626942 0.7475329747 0.6738548432 0.8112868948 0.721607207 0.6227482315 0.6199197858 0.9001771988 0.8953834323 0.561846776 0.5658747382 0.5375441415 0.5345660967
0.8067021835 0.8052727085 0.8143122674 0.6242620502 0.630473485 0.72615166 0.7312799699 0.6418972685 0.6375016212 0.6330446497 0.5149843699 0.8852078619 0.8403721975 0.8681531359 0.5783406219 0.5707594033 0.5748298169 0.5597274587 0.8344357191 0.8242305931 0.8217836612 0.8275300378 0.8301510684 0.5275022521 0.8652496242 0.7029174122 0.7107805688 0.7200295766 0.7221490206 0.7264536925 0.8954600392 0.519345074 0.8297827088 0.6614349142 0.5727909044 0.6898690343 0.6898189161 0.569409555 0.8534874523 0.8438087139 0.8460502028 0.7673327651 0.5151535066 0.7832863153 0.7316339216 0.7193362994 0.7261658244 0.7461865953 0.7400604282 0.7431506435 0.6144725245 0.7162858945 0.6188174987 0.6144160719 0.6080117718 0.6096295942 0.5698610229 0.5547244962 0.5405142332 0.5456145506
0.8057758076 0.8182019266 0.8148440198 0.8174510822 0.6291438563 0.7379941043 0.7370026 0.7383159153 0.6399706182 0.6420419965 0.6413066769 0.7424801867 0.8779052352 0.8681585474 0.5753264447 0.5761714773 0.5763095495 0.8356730745 0.8280491702 0.828005751 0.8286398357 0.82891709 0.786395479 0.8402044225 0.8453054309 0.7122767473 0.7097724925 0.7151293922 0.7238109823 0.7299023785 0.7146138699 0.8186265264 0.7555263194 0.5750697707 0.5797434759 0.858601695 0.6981454368 0.6578058529 0.711384681 0.7549816768 0.8499683484 0.7597028221 0.8031814848 0.8013419763 0.7936956531 0.7244798978 0.7183943644 0.774497158 0.8869321162 0.7471498738 0.6386200342 0.7473271735 0.6219260635 0.6147866597 0.6106643566 0.5456228686 0.5387474344 0.562188123 0.5522682972 0.571280376
0.6214113255 0.6231762995 0.6394008485 0.6383753208 0.629882303 0.6325068237 0.6394076669 0.744569523 0.8972784394 0.7417010828 0.7343971983 0.7344081656 0.8762763644 0.8711814076 0.5780645079 0.5823091792 0.576487696 0.8362122149 0.8280551535 0.8364514378 0.8320634926 0.773801754 0.830137109 0.8362955902 0.8458658986 0.6201568814 0.617715111 0.6136333908 0.7044680353 0.7306855875 0.666388596 0.5313964945 0.7370112701 0.6972906714 0.6908709127 0.6956424296 0.6910283122 0.8650006767 0.8904366168 0.771309414 0.7641068193 0.7637779743 0.7967523065 0.7936644424 0.7900044172 0.7810710689 0.7720814455 0.7478844036 0.7419658721 0.7498494302 0.7510702998 0.7436140825 0.7383746087 0.5456203323 0.5390309613 0.5301160598 0.5377777459 0 0.5618574513 0.6825299244
0.6383810026 0.6289734562 0.6467997026 0.643664806 0.6408622978 0.6396977284 0.571300406 0.8095765816 0.5939587887 0.5937998684 0.7900426514 0.7381058575 0.873594062 0.8801814666 0.5828540966 0.6754987788 0.5857241997 0.5867899659 0.7034570242 0.6976890334 0.6981646914 0.8338555229 0.5686744739 0.8365113229 0.7363803337 0.5251407457 0.6122477588 0.618547744 0.6433810602 0.705580636 0.7120615885 0.6102386187 0.8996863436 0.7045529166 0.6952946952 0.6887277524 0.8660998491 0.7171777483 0.675655761 0.7678793716 0.7698424276 0.6956601743 0.8013217155 0.7898565069 0.7855098156 0.7882855769 0.6991472649 0.743031481 0.7991611253 0.6209818043 0.7412971316 0.7337886602 0.7364062526 0.5484650052 0.5356545717 0.5298888106 0.5584293051 0.5646553367 0.5670200887 0.6678866698
0.9008048118 0.5301165723 0.6565597156 0.858542451 0.8589057291 0.8591577015 0.8494202 0.5749650703 0.8643398847 0.5085857263 0.5467748493 0.7878881094 0.7902946569 0.537266837 0.8189471595 0.5951669194 0.5876407813 0.8459228875 0.7026354154 0.7024512406 0.7046166684 0.5756841143 0.5701417811 0.7393624666 0.7304609444 0.6131264603 0.619860528 0.6138104725 0.7712904134 0.5312119198 0.7130343764 0.6719692906 0.7058050852 0.7104685262 0.6946924092 0.711894835 0.6943236459 0.6187392814 0.7000812843 0.7772922954 0.7828619858 0.8999192028 0.9052383162 0.7888406363 0.7931334005 0.6077277796 0.6974078708 0.6980040748 0.7527021191 0.7537186261 0.7407476828 0.7402197397 0.7410194787 0.699680029 0.535778524 0.8425040662 0.7341452464 0.8934869054 0.6702947914 0.6653399364
0.6638099856 0.6638219294 0.6607828408 0.7306087384 0.8524110272 0.849252405 0.8471293664 0.5941097554 0.8513280671 0.8551400966 0.8533854979 0.8575087102 0.8650793685 0.790073405 0.7982138609 0.6297702214 0.621575239 0.7443298532 0.7383567964 0.6680615049 0.779243484 0.5785208996 0.680911632 0.7345002989 0.7311883104 0.6214012274 0.6212483721 0.6256023747 0.7273288225 0.7267042536 0.7097463378 0.5884069863 0.5505506444 0.7060569274 0.7730393158 0.8110266831 0.717722702 0.6955335667 0.6993166954 0.7400893978 0.7531043794 0.5850584355 0.8952534717 0.6251827629 0.8788686189 0.5090593662 0.7022452511 0.6980746634 0.7528952203 0.7464896888 0.5820016457 0.8739800198 0.7464769472 0.5130428581 0.8174999083 0.8887730662 0.8822038226 0.820328552 0.6646229307 0.660454206
0.6599231681 0.655295972 0.6640331326 0.8573641673 0.8485090633 0.8467912483 0.8561135572 0.8591016622 0.8534027161 0.8494167926 0.8506097251 0.858921687 0.6989550487 0.7926185453 0.5887898748 0.5333078819 0.548577932 0.781131325 0.8261403631 0.8277032473 0.8241297406 0.5138658168 0.7679484407 0.5090539143 0.6822830441 0.6218696966 0.6794911958 0.6697641581 0.503187422 0.5428728419 0.7361262488 0.7468601219 0.5535503792 0.8458889432 0.7517886415 0.5310699949 0.8201538032 0.8261556306 0.8234606171 0.8225555896 0.9002791778 0.8954718542 0.8952631165 0.8880258678 0.6738665807 0.5200538386 0.8759729162 0.8689327281 0.8670530815 0.7513760923 0.8645680106 0.5101203641 0.5054094581 0.6290145514 0.7694026804 0.8868484775 0.8893950821 0.8849872339 0.6708672498 0.6681469946
0.7566753263 0.6607059615 0.655982495 0.6914343084 0.8553480515 0.5561369061 0.849194972 0.8567600316 0.8560936109 0.8552487103 0.8512643908 0.8524865438 0.8577516309 0.5703207215 0.8222816639 0.6167333984 0.5123736084 0.8247030199 0.8173784421 0.8210996714 0.8233723537 0.5078685232 0.7960122621 0.7167256761 0.8429698331 0.6913382736 0.6903381162 0.5247312054 0.7643750207 0.6698140421 0.7189244641 0.6541636237 0.6450017112 0.7689892538 0.7740756597 0.7744736389 0.820647659 0.8170637407 0.8225137445 0.825696113 0.9044581159 0.8984341557 0.8916649781 0.8872513143 0.8840764388 0.8757470919 0.876013322 0.866603656 0.8647374225 0.8674120173 0.8360789291 0.5072008186 0.5152371561 0.7677414886 0.7509011964 0.7465673957 0.8945725505 0.8928054279 0.8987269068 0.8892462008
0.8242233261 0.7513997969 0.9051479128 0.5152021532 0.5609659239 0.8519503676 0.8505097684 0.859003153 0.5313430985 0.8519562016 0.8516448357 0.8051765468 0.8316008236 0.7956165058 0.8528132511 0.67401403 0.8246505911 0.6358287753 0.817288848 0.8252576791 0.8283317939 0.8299013696 0.7911460265 0.7926242651 0.7948404068 0.576201448 0.8642306961 0.5023463513 0.730909439 0.8717491126 0.5018109319 0.7051307245 0.6746362738 0.7634380362 0.7651387309 0.7704706583 0.822852102 0.8196671119 0.8196908623 0.8249787686 0.5782397417 0.620196003 0.8872567452 0.8849756227 0.8802403466 0.8762453 0.8711363789 0.8712176468 0.8678267465 0.8768745792 0.8683195344 0.8303065826 0.6962311816 0.7315218225 0.7437451951 0.7443138302 0.7488623697 0.715510814 0.713986748 0.6901252431
0.6556494905 0.900334555 0.8984935042 0.9039451703 0.6520497295 0.5038818989 0.8823480222 0.5346942803 0.5330763344 0.713114771 0.8532186898 0.8547964678 0.8076162398 0.863800473 0.8686496231 0.8539048548 0.8584791711 0.8238447106 0.8183899984 0.8189835601 0.8339786448 0.6555978906 0.6396856189 0.7853841342 0.5358192426 0.8998368273 0.8599714322 0.504791251 0.7895889455 0.5382723429 0.59514662 0.7915689573 0.8307520301 0.7730569195 0.7739174796 0.5169863507 0.8289426866 0.8229655 0.8214713224 0.822577519 0.5444110255 0.7221573631 0.8863419726 0.5445994637 0.890286576 0.8794591376 0.8802194044 0.5746054403 0.5702472785 0.5760459973 0.8365519966 0.765155263 0.7552567821 0.7492667619 0.7505816168 0.7474565686 0.8944396332 0.6843850897 0.5547921183 0.6840339607
0.8908932984 0.9017835237 0.8741220862 0.6509965066 0.7669133523 0.6609836643 0.8469777614 0.872911445 0.5691303799 0.8559646998 0.8549229404 0.7488371769 0.7527773618 0.784715476 0.8544129519 0.8524855186 0.8613671946 0.8218557246 0.8263076719 0.8248050577 0.8302779834 0.6391349814 0.6459718302 0.8318698374 0.7937592207 0.5270120626 0.7555991874 0.5459110807 0.5905625163 0.5858918505 0.8544889646 0.7118781811 0.8518747417 0.6557403082 0.6568810987 0.866680195 0.703445811 0.8300915682 0.8294602211 0.8273410932 0.831473739 0.7917097447 0.8340303661 0.5398457892 0.5384369382 0.5400823274 0.6918674316 0.579487897 0.574887441 0.5798436212 0.5222491762 0.7633871743 0.758648766 0.7931941189 0.7591358109 0.8065507735 0.6943893243 0.685346408 0.6828494649 0.6843361495
