landscape/hab_quality/256/simulation_000089_p064_h077_HABMAT_patch_more_500pix_modified.asc_ac_0.5_quality.asc
NCOLS 513
NROWS 513
XLLCORNER 0
YLLCORNER 0
CELLSIZE 9.980507
NODATA_VALUE NaN
[rows 87 to 115 of 513, columns 396 to 461 of 513]
0.8311421579 0.6782995509 0.6820718442 0.8931249533 0.889970736 0.8890821447 0.6635978859 0.6605502606 0.6687156162 0.6571247225 0.5058739362 0.5058906559 0.7086664555 0.8092066888 0.7021572444 0.7105532532 0.687269834 0.6250592056 0.6807725921 0.8170194235 0.8120178957 0.811543427 0.8120355126 0.7700512938 0.7772287311 0.7736140931 0.6044161075 0.8691089729 0.8715094378 0.8750963516 0.790412993 0.8954556531 0.80392017 0.589554012 0.598489537 0.6513187649 0.5013942059 0.896465565 0.842337513 0.8413755641 0.8393235146 0.8381600513 0.6099131734 0.7427326749 0.7409349781 0.792589389 0.6244059877 0.5610137364 0.6817875628 0.7041838155 0.5302582542 0.6638679597 0.6609264199 0.6534441132 0.6538635193 0.6525500322 0.6558862944 0.6623582301 0.6715277302 0.6399633128 0.8647824184 0.5964212193 0.5958723208 0.6030781161 0.6567330352 0.6114979265
0.6876629576 0.6816048536 0.6817079938 0.6834343988 0.751286523 0.8624045862 0.6621172572 0.6605526911 0.6634654559 0.7695389829 0.5048426226 0.501997874 0.5100668115 0.701177892 0.7061176093 0.7120842893 0.6803865862 0.6795565459 0.6817611528 0.8182469142 0.8176707147 0 0.8166960141 0.7754953015 0.7703590622 0.7783928926 0.5146484219 0.8349120043 0.6271742648 0.7829691413 0.552570922 0.5189261668 0.5937821684 0.5913451261 0.5907932749 0.7921888148 0.8697882456 0.6750816226 0.5344067599 0.7994956683 0.7941806338 0.8091770176 0.5728129215 0.593406477 0.7334078533 0.5184827745 0.6312025964 0.6251323342 0.6884866768 0.6798093955 0.725131224 0.6586223399 0.6549302738 0.6522958544 0.6508522702 0.6524529177 0.6546499145 0.6607042908 0.5494741124 0.588989179 0.811873177 0.6036861012 0.6027715196 0.754210404 0.6162643066 0.8764952026
0.6810661673 0.6810652758 0.6785884406 0.6803908405 0.673766582 0.8672885033 0.6633250305 0.6734589156 0.6697538215 0.6716207373 0.5082043428 0.5016851337 0.5046602106 0.702908534 0.701829285 0.6448202038 0.6806873486 0.689014443 0.6795677112 0.6861976171 0.8261127744 0.7933085152 0.5325626904 0 0.7758971538 0.8876181703 0.774537211 0.7774354428 0.7689868999 0.6197104479 0.6195489102 0.6252538206 0.5186164766 0.802930461 0.5285005424 0.5790878088 0.6295145646 0.7621628296 0.5374146264 0.7972081184 0.5267608638 0.7997151821 0.7332674606 0.7379153056 0.5429053649 0.5231449645 0.7591636762 0.5221992921 0.5292252089 0.6618694096 0.8635209861 0.659832837 0.6502805212 0.6460393793 0.6468903036 0.6520132111 0.6526790483 0.6643585267 0.6622320424 0.7088859666 0.6129003163 0.6064622852 0.5504511623 0.5458268403 0.5475995847 0.6064547211
0.6888824933 0.6841508235 0.6752128769 0.6834900058 0 0 0.5674738081 0.6675854413 0 0.7996277761 0.5018812633 0.5093766815 0.5069856447 0.6045612623 0.7105108711 0.7072791311 0.5978459733 0.7492399004 0.6569147521 0 0.521148298 0.5203761408 0.5181556268 0.8837487984 0.7880516125 0.7031841782 0.7701135387 0.7683723658 0.7776822635 0.6239063257 0.6184807968 0.6276205705 0.5864550294 0.8492001253 0.5308764588 0.5209752495 0.5629594873 0.7127171788 0.6812670923 0.584697057 0.8838917993 0.8822032531 0.8802171451 0.8933330563 0.5430125956 0.5213905979 0.5174162709 0.5246472034 0.5314423219 0.668063522 0.6614987959 0.6519828247 0.6492811934 0.6471254171 0.648535485 0.6523486142 0.6560661746 0.8697694519 0.86176023 0.6191446608 0.7243063108 0.6153365206 0.5436205467 0.5424068613 0.5351907236 0.8760777327
0.8711619093 0 0.6812803777 0.675909629 0.8013164846 0 0.8146258237 0.5023131309 0.8047511796 0.8323300725 0.7266813895 0.7212727514 0.723861023 0.6940496481 0.8536037152 0.7107509074 0.84760379 0.8465537416 0.6361673115 0.5174090129 0.6011348904 0.5653148158 0.5144129167 0.8898658606 0.5083817787 0.8705626127 0.7697238952 0.7758195042 0.7983442797 0.6259617522 0.6228897003 0.6271161557 0.883686907 0.8398948801 0.6484358149 0.7075443056 0.5641033599 0.9039251492 0.7064348275 0.8954302243 0.8871684831 0.8799603933 0.8835072572 0.8933929195 0.5345749985 0.5207610106 0.5220052605 0.5226165345 0.5299015634 0.868249533 0.5122206752 0.6571302704 0.6499541761 0.657421874 0.6542574888 0.6514891519 0.6567828202 0.8610734367 0.6988308282 0.6990354779 0.6103005745 0.6173042175 0.6150744602 0.7536278926 0.533429018 0.5429488078
0.8194994644 0 0 0 0 0 0.8824114256 0 0.8458530894 0 0.7205817564 0.7174668037 0.7203816334 0.840503269 0.564003548 0.8446516586 0.6258664883 0.6270565337 0.522612124 0.7484479182 0.8546132181 0 0 0.5071840282 0.6594940166 0.5110633554 0.863911664 0.7862536192 0.7875140715 0.7842243365 0.7915605985 0.8768936473 0.8021198212 0.8020836604 0.7042853166 0.7028230872 0.7458099302 0.7866101394 0.8984150248 0.8345972921 0.8273147804 0.8322837768 0.8886465908 0.8930218957 0.5349372164 0.527959904 0.5304428612 0.8737110661 0.8657977597 0.8755725438 0.8841619445 0.6527825513 0.6511690476 0.8631953878 0.6610776487 0.655343373 0.6610957222 0.7012778571 0.6962393268 0.698486564 0.6122196661 0.6091605926 0.6091853924 0.5336612403 0.538915949 0.5386758126
0 0.5257459102 0.6189999677 0 0 0.7806280647 0.5929277019 0.6691695308 0 0 0.7255133931 0.7210628967 0.7258812481 0.8101935068 0.8521805069 0.5817154848 0.5298021994 0.6188210338 0.6478182541 0.5189325708 0 0.51537083 0.8492442672 0.5106414056 0.5091467507 0.5143318341 0.7925999549 0.7866607552 0.7807219159 0.7822447934 0.7902624065 0.7961359716 0.7992313725 0.799677609 0.7121886329 0.5843221299 0.6953981863 0.7052843648 0.8303664887 0.82868976 0.8258910795 0.8289819877 0.8233940979 0.544582249 0.5345336338 0.5299492368 0.5376088948 0.8702308442 0.8704055262 0.8738250408 0.8759490504 0.8783787523 0.7528733617 0.7552553578 0.6331380353 0.6340266382 0.7063865661 0.7025691165 0.704354087 0.7040922463 0.6126068276 0.5448119739 0.617894495 0.7319371607 0.7377007144 0.7392370335
0.6004847537 0.8319066464 0.8356509033 0.7369400534 0.7337126638 0 0 0 0.6180524824 0.6013667967 0 0.8555462349 0.871889503 0.6846549853 0.5473680558 0.6254114843 0.6238880937 0.64689314 0.6407204922 0.5195301513 0.5121593304 0.5166593185 0.8506646681 0 0.512162676 0.5156287883 0.7940686017 0.7893708546 0.7889621938 0.7821414581 0.7869638482 0.7965035043 0.803037659 0.8046660993 0.5878762132 0.7013864361 0.5223397758 0.6975909245 0.8854729926 0.8259316008 0.8216644419 0.8229307309 0.836236192 0.8414863628 0.5682563976 0.8789889308 0.8741877831 0.87545722 0.8711219721 0.8764353599 0.8822651736 0.8760385701 0.7548734849 0.7538194633 0.6270896342 0.6227542948 0.6280424187 0.5693383907 0.66525429 0.7070570432 0.7112737681 0.7184782633 0.6777559896 0.732952963 0.7296183116 0.7341954733
0.8605578902 0.6359291248 0.5752374953 0.6056954126 0.7275035017 0 0 0.6084356303 0 0 0 0.7839491178 0.7459857421 0.7124978267 0.8760228316 0.8258007592 0.5101399086 0.6429726419 0.6444062264 0 0 0 0 0.5617189675 0.6089873873 0.7979038865 0.7977954205 0.7910896172 0.8003974891 0.7917638557 0.7882340603 0.7913248998 0.5735963808 0.6478507806 0.6083890919 0.8549950051 0.7142783996 0.5680905182 0.7257535192 0.8227593261 0.8242683569 0.8298403394 0.8328178627 0.7715225742 0.5606362833 0.5602713979 0.8750010557 0.8824305024 0.7215638802 0.5378504239 0.5437276282 0.5368618082 0.7493435182 0.759031952 0.6240716788 0.6198709094 0.5627891259 0.553800469 0.5417674348 0.5434392485 0.5418056334 0.7160744651 0.7734618442 0.7367866089 0.7386237016 0.6746920577
0.6348987234 0.6392067238 0.6423056837 0.7022672656 0.8347482665 0 0 0.6115048567 0 0 0 0.6925300292 0.7214044281 0 0.5044361808 0.5037982447 0.511462622 0 0.7924731331 0.7835213972 0 0 0.7965461478 0.7973340362 0.8056115679 0.7958297481 0.7886304943 0.7943322711 0.7877209073 0.7165914676 0.7235691255 0.6536623583 0.6452146789 0.646905846 0.6549638422 0.7136599134 0.6202575895 0.6569337004 0.6739062005 0.8358655151 0.8358497975 0.8354105872 0.8305391329 0.5807441617 0.7524011462 0.5688792248 0.5659118437 0.7232867526 0.7314891306 0.5405262143 0.5348852855 0.5374506655 0.5478871361 0.7571731537 0.6284798574 0.6211260344 0.5591004294 0.5564894867 0.5475712827 0.5417543118 0.5484858391 0.5501335737 0.5550567538 0.7258724271 0.7281774261 0.8790251402
0.6599834977 0.6323937127 0.6376610139 0.8542648439 0.7101823669 0 0 0.6197235134 0 0 0 0 0.8223058664 0.8226361748 0.8147245502 0.8185813024 0.8211557305 0.812740266 0.8168839012 0.8277163406 0.8332387652 0.8250841239 0.8135956792 0.7963101891 0.7982267604 0.7962517357 0.5616457956 0.7869792208 0.7886429632 0.7089371911 0.7137880084 0.6487982539 0.6468416684 0.6521721785 0.8828395324 0.560886089 0.7541653176 0.8072870582 0.6526634797 0.6384045375 0.5257681841 0.8387007488 0.8371560092 0.8394753532 0.843829608 0.7608070026 0.8573494669 0.6174308147 0.7331385215 0.541761565 0.5442096137 0.5386525342 0.708810637 0.5995208762 0.5554271199 0.5686780819 0.5612306498 0.5574100436 0.5448172325 0.5439149145 0.5413628997 0.5474603621 0.545418631 0.5504759682 0.7343043808 0.8399601375
0.6359429491 0.6378212401 0.6378830052 0.7889075695 0.7218333762 0.5003370124 0 0 0 0 0 0 0.8235147762 0.8147534716 0.8131059677 0.8138501075 0.8116439221 0.8133798876 0.8165360242 0 0.8242711919 0 0.8000073614 0.6456533485 0.7892118707 0.7897723199 0.78602347 0.7920857687 0.7892768613 0.5882798935 0.7199867961 0.7218682731 0.776911491 0.809354031 0.8086842336 0.8084278234 0.8336390502 0.82891125 0.8353071791 0.7391487723 0.5267098523 0.5222377508 0.5319290284 0.922533257 0.7846852278 0.9177647427 0.6158439856 0.8372360089 0.7849430867 0.7268111326 0.563980066 0.5470297912 0.547265917 0.702774026 0.7712021261 0.5641079188 0.5507521166 0.5486846695 0.5460751714 0.5442155237 0.5462395121 0.5429233566 0.5447720994 0.5489480436 0.7344118796 0.7392772173
0.7418115121 0.7890679993 0.5967602048 0.7134478218 0.7118352201 0.7130039744 0 0 0 0.5290795225 0.7124138823 0.8164380958 0.8159498981 0.8132579312 0.8064928166 0.8000458695 0.8042236034 0.80678955 0.8164756448 0.8193891081 0.824017148 0.8274546004 0.7932275866 0.7922793116 0.7870386709 0.7843946796 0.7869907012 0.7905447454 0.7928115551 0.7950706689 0.608550296 0.6118337806 0.6066320243 0.890197708 0.801582735 0.8041631276 0.8223045583 0.8258098073 0.8229405156 0.8341126906 0.524733454 0.901984581 0.9073895685 0.9047739242 0.9126501576 0.9208486673 0.6653606651 0.7835111749 0.7787782183 0.8288282559 0.5518564217 0.5508210214 0.5544128901 0.5788407761 0.5572022008 0.5549595837 0.5529815918 0.5536326525 0.5495520523 0.5498073461 0.5492068085 0.5451048355 0.5481690479 0.5495773882 0.5513149092 0.5560301967
0.531581522 0.5894741127 0.7004127194 0 0.7048867398 0.7132821705 0.7191856528 0.593595321 0.5307809113 0.5332629581 0.8249067197 0.816975798 0.8163492593 0.8076031443 0.804020113 0.7969905395 0.8065057049 0.8067471083 0.8095611432 0.8182041416 0.8194073262 0.7971388044 0.7975416341 0.7993241697 0.7937736113 0.7935814676 0.7876201016 0.7903085963 0.8020595395 0.8012390086 0.6143673581 0.6059715216 0.6060241676 0.5582412585 0.8041549709 0.8069638875 0.8249813784 0.8186275461 0.82623797 0.8267007212 0.90510671 0.9044280015 0.9007963579 0.9082882201 0.9078028967 0.917529257 0.6972089234 0.6611708143 0.7782695479 0.7834981945 0.531449528 0.5276524196 0.8174286175 0.5716343415 0.5565124166 0.5633759032 0.5616159761 0.7631252084 0.6060669059 0.5591866621 0.547151827 0.5482620057 0.5500106444 0.5488520121 0.6277418152 0.6269392248
0.6505757385 0.6353241003 0.7671367918 0.7079049928 0.7145311999 0.713446914 0.5811349318 0.8437581567 0.7699210633 0.777471512 0.7719563917 0.822466424 0.8159225878 0.8108336408 0.7996741475 0.7989957204 0.7974770728 0.8043833139 0.813740932 0.8167922695 0.7881789674 0.7939554575 0.7915556197 0.8025265461 0.7943779729 0.7946737186 0.7479408132 0.7449270296 0.6080469032 0.6109400889 0.6069480977 0.6088739426 0.6121812876 0.5208792479 0.5859964461 0.833146582 0.8225958869 0.8203500477 0.8259963663 0.8281818962 0.8986224919 0.8964336054 0.900029155 0.9023004402 0.9115562904 0.9129228209 0.9013624507 0.8972012004 0.8986633992 0.7795045246 0.6079654601 0.73607395 0.6141682823 0.6460793213 0.8418593958 0.5690633818 0.5672875249 0.5659339763 0.5988461849 0.5646278691 0.7573851949 0.7554513246 0.7626538387 0.8589261753 0.6320820519 0.6234355103
0.6536860739 0.6267567817 0.5522190539 0.8099451332 0.855949604 0.8527009304 0.8543372151 0.5871569342 0.7759123583 0.7678575353 0.7749800786 0.8245138373 0.8118380634 0.819178362 0.8001657437 0.8073655395 0.800001626 0.7998646459 0.819006445 0.8223673092 0.6479706165 0.7856330526 0.7943029547 0.7979437024 0.6635254309 0.6637343696 0.7481773339 0.6021692754 0.6042971819 0.5966797203 0.6145015139 0.8778999239 0.6442214895 0.5216992217 0.5215767674 0.8341474973 0.8269331554 0.8269139883 0.8242268175 0.9075412743 0.9038185031 0.8990048963 0.9005466971 0.6458739402 0.9024309763 0.9199113037 0.8965145157 0.8959359968 0.9038648061 0.9119431669 0.9124693864 0.8244703448 0.6111550008 0.5634883719 0.771886526 0.5723825569 0.5642881293 0.5655415756 0.563000496 0.5729257102 0.764841124 0.7631362177 0.7572500882 0.8561329876 0.8580221776 0.8593845916
0.7958523261 0.6557597234 0.8682255147 0.687987315 0.6884247475 0.8603734871 0.5964099171 0.8607863444 0.7775163135 0.8047891444 0.7341663409 0.8021329213 0.7986353609 0.794844814 0.8076295471 0.8103580368 0.8155182783 0.8022806927 0.6417275806 0.6442045692 0.6386908434 0.6453227689 0.7912213057 0.7730031345 0.6439655741 0.6598609753 0.5937840465 0.5999290235 0.5952774306 0.5424611101 0.534587685 0.5351017286 0.5539973612 0.7565988647 0.5565808312 0.8273006716 0.8339770263 0.8337824256 0.8256783397 0.82742338 0.8999806747 0.9054201479 0.908063439 0.7215127155 0.6542357204 0.661109492 0.9044870412 0.9025890866 0.9038996465 0.9068434339 0.9097360283 0.7742204437 0.5740669394 0.5628525965 0.5599247129 0.5664027767 0.5557900127 0.5615482689 0.5564039815 0.5686806192 0.7709934049 0.7632781531 0.7611912988 0.859515301 0.8510131174 0.8578712689
0.6550652463 0.6001906412 0.686022206 0.6854834486 0.8365456322 0.8860345919 0.7565161956 0.786925645 0.7810034694 0.6614712383 0.8498231509 0.7957244779 0.7932415247 0.8001563287 0.6370233371 0.633220156 0.6255449835 0.6318833484 0.6386360911 0.6365832146 0.6380961772 0.6409892584 0.6367238716 0.6366163319 0.6375552411 0.7179470382 0.5957656916 0.5883971153 0.5947931638 0.5880481828 0.5344374308 0.5375952815 0.5346125272 0.5469629674 0.5520317805 0.5575008442 0.7862063244 0.8414220944 0.8338995967 0.7357928529 0.9099804838 0.6145974727 0.9097973855 0.6308185977 0.6640878322 0.7193385216 0.8960046615 0.5968271255 0.9047290356 0.9112483921 0.9142562797 0.6886431104 0.8898050845 0.5648785513 0.5607677225 0.5576920403 0.5570200303 0.5521165823 0.56097546 0.7088257582 0.70871254 0.8753704892 0.8469793648 0.8482833656 0.8427257862 0.8483889724
0.8670673984 0.8596376749 0.7820017603 0.7823609565 0.7790580076 0.687173915 0.7274839665 0.7824075672 0.7888582024 0.8108376943 0.8051959114 0.7974837891 0.7996716776 0.7978828105 0.5234630907 0.6255492516 0.6239172622 0.6271444146 0.6303485252 0.6313028372 0.6362346321 0.6432163965 0.6314177174 0.6301973569 0.6381522108 0.7937684774 0.7899857461 0.5890132512 0.5879331057 0.5960179438 0.5359140891 0.5311071544 0.5403014552 0.5399714439 0.5473279074 0.5497246167 0.6169214853 0.8339480551 0.8350295235 0.7326599439 0.7283204269 0.7736868525 0.6821955514 0.8078574942 0.5653822232 0.68377695 0.5344750727 0.6310722731 0.6384243763 0.9206326942 0.9198976668 0.9169851149 0.7736114482 0.5638609071 0.729163936 0.6399053399 0.5555563904 0.5591197357 0.5573402018 0.726264931 0.8743262322 0.8694755884 0.8665725277 0.8424516367 0.8436457784 0.8493740611
0.5492168027 0.5280956858 0.7757643685 0.7767000905 0.784547541 0.68793603 0.5161910989 0.7882555703 0.805030042 0.5109868944 0.8027290782 0.584316145 0.8000391557 0.5074821316 0.520349008 0.5159129535 0.5120008086 0.626979584 0.6278905571 0.6279406621 0.6384286853 0.8386964226 0.6314030983 0.6339893579 0.636416377 0.7962465995 0.7884396233 0.5918217228 0.5947442266 0.5911215124 0.5347073362 0.5372445047 0.5394663936 0.5398440166 0.5456897304 0.5546142961 0.5565980935 0.5191773416 0.5170651576 0.5164163597 0.8733356238 0.7325396564 0.5119619207 0.6826577522 0.6750045244 0.6765153695 0.7352618631 0.7561653851 0.5751948057 0.5740974414 0.5784819628 0.9238679654 0.5840101164 0.5832403356 0.7908121339 0.7208585706 0.7977197574 0.5509968945 0.5664578506 0.5729291924 0.5499826652 0.8714252848 0.8456361183 0.8495978903 0.8500573849 0.8517232047
0.7602093213 0.7896023043 0.7808657775 0.776681601 0.7828726502 0.7806620163 0.6847205674 0.7887764432 0.6423844038 0.809798774 0.804148365 0.5655793441 0.5234752846 0.5135494907 0.5206057451 0.5107481916 0.5148436154 0.8283094935 0.8255269832 0.8295502438 0.8337404747 0.8410418281 0.7154464237 0.7205166043 0.6523868681 0.7947902299 0.6071688298 0.5988186678 0.5443085307 0.5386934746 0.5371081051 0.5361186422 0.5396060974 0.539769591 0.5417023465 0.548897056 0.526729593 0.5234793883 0.5158330978 0.516230558 0.8225254197 0.8240293113 0.8249421949 0.6044833549 0.6804810537 0.7708920552 0.7679150493 0.5235050527 0.5265063723 0.7145623291 0.6536499141 0.5801620113 0.5809666493 0.5795083009 0.7811724484 0.786395707 0.7890328612 0.7940192782 0.571753783 0.6277447429 0.8141251295 0.8168045017 0.8179217486 0.8584448632 0.8540105903 0.857884645
0.6287483599 0.8661424157 0.7704438152 0.7763211718 0.7758463763 0.7772064391 0.7529520951 0.8105771592 0.8098238345 0.8165758976 0.8168542406 0.8066591857 0.5173075452 0.5169167653 0.5125773055 0.5188595381 0.5143676236 0.8178835223 0.8240097787 0.8303862993 0.8364855655 0.8370795626 0.7143379204 0.7190917164 0.6476728038 0 0.606406588 0.567242157 0.5454759564 0.5465754864 0.5476732521 0.5452916286 0.5458110798 0.8051363937 0.5484642882 0.5485963269 0.8864845321 0.518374941 0.5210501973 0.5204551033 0.8206293327 0.8154591255 0.8197863372 0.817074829 0.7789787649 0 0.5277122337 0.520388301 0.5224964103 0.8192650679 0.5992004759 0.580814074 0.5765108903 0.5789218372 0.7800818375 0.779646598 0.7802900617 0.7968645578 0.8057768147 0.8069446764 0.8129004109 0.7095412799 0.8087082301 0.5579437375 0.7054658927 0.8666602638
0.6232081754 0.6262275837 0.7736191404 0.7690943213 0.777855194 0.7854659902 0.5171678789 0.8175227125 0.8076397195 0.8074003228 0.8143745721 0.8175066053 0.6998968439 0.5192736012 0.5199135132 0.513388563 0.823443097 0.8170357609 0.8258649556 0.8311985269 0.8400390677 0.8373709795 0.7221709647 0.7218560109 0.6397178846 0.6411703657 0.6408389275 0.6497435665 0.550748256 0.5475861687 0.8149897174 0.8082520831 0.8019066675 0.8074781565 0.8054343206 0.5613055516 0.8341057343 0.7021649886 0.6200141611 0.5305404535 0.6670406242 0.8216378613 0.8119896902 0.8177270666 0.6575603561 0.619432566 0.5253136428 0.5256080671 0.5259012729 0.5803191813 0.6114271678 0.5720372489 0.5717834295 0.5705801251 0.7847704779 0.7858734464 0.7892282645 0.7978657029 0.8040253643 0.8135366475 0.8150935192 0.8274720643 0.8219622915 0.8198916356 0.7038593513 0.7071894198
0.8399430624 0.8494441316 0.7725611972 0.7712661393 0.7746174239 0.894431572 0.7818402507 0.8077650031 0.8090768036 0.8061349296 0.8086501067 0.8024475063 0.668303076 0.5219318329 0.5210967551 0 0.8209820889 0.8185379763 0.8187756758 0 0.8585217898 0.8637939703 0.7320287547 0.8971977547 0.6451352603 0.6374136708 0.6408946058 0 0.6509477609 0.6845231505 0.8152556776 0.8082485915 0.8036454987 0.802049144 0.5531065496 0.5478758885 0.5507845513 0.5617336362 0.5939558653 0.5907702411 0.8308766682 0.8219431246 0.5658633309 0.8160702324 0.8327942394 0.826725084 0.5934302985 0.5349974031 0.534206886 0.6377749696 0.849411632 0.5815618308 0.5661017374 0.5649969918 0.5633482825 0.5713870979 0.5780679225 0.8066648492 0.8062039034 0.8093603388 0.8148718586 0.8168043125 0.8190415347 0.8136757345 0.6125397148 0.7014200826
0.8404243452 0.7699239308 0.762912823 0.7691964991 0.7777770105 0.8944082465 0.900028519 0.810066883 0.7960035644 0.794294195 0.799467842 0.8086792418 0.8173136511 0.8995744662 0.8280308541 0.8308147169 0.8233278989 0.827870447 0.8255369314 0.8269884656 0.6321925868 0.7604793592 0 0.7074512275 0 0.6395330076 0.7690521778 0.5175523698 0.8954471727 0.7300848533 0.6840353566 0.8125907515 0.8092379444 0.8087385729 0.5492655265 0.5465748894 0.5563685641 0.564198971 0.5883514759 0.5904290373 0.7611573404 0.7619857321 0.7588872779 0.5702457159 0.8324049175 0.8281365649 0.8339243707 0.7113744822 0.7418390799 0.6621383401 0.6624604261 0.5734751738 0.5715245997 0.5622787198 0.5629574477 0.569500651 0.5776257913 0.8094108631 0.8127487626 0.81259006 0.826131684 0.8134236694 0.8092040269 0.8134115064 0.8161343623 0.8207675237
0.8498147464 0.8991526547 0.762593437 0.898440295 0.8917685073 0.8950731042 0.8984354749 0.770379465 0.7952534763 0.7903367764 0.792248231 0.8091857823 0.8161077144 0 0.7879376579 0.8276509118 0.7982183693 0 0.8352895101 0 0.5478516645 0 0.5173711268 0 0.5807497842 0 0 0 0.5176082718 0.6919613938 0.8096535347 0.687978046 0.8042728216 0.5558067564 0.5529310249 0.5503983782 0.554086278 0.5628738345 0.5865286376 0.7630560331 0.7151069085 0.756315996 0.7606515647 0.5702881898 0.5722732692 0.6420629185 0.9029318299 0.9007831157 0.6453655113 0.6713689336 0.873697502 0.8739981135 0.5626600464 0.5622950592 0.5716925556 0.5678300663 0.5209952857 0.5838387974 0.6930870807 0.7571894518 0.8257020845 0.8176187473 0.8159580514 0.8147024908 0.8207932775 0.8191338454
0.9089274265 0.8965068681 0.8921262269 0.8876381018 0.8942339776 0.6111100569 0.7645608597 0.8177581957 0.7972927506 0.7966931831 0.7904586319 0.8135312751 0.8094521723 0.7859823225 0.7844324241 0.8443633275 0 0.7449474023 0.5093817133 0.8323992024 0.7365967841 0 0.7703100157 0 0.8750543812 0 0 0 0 0 0.5702526932 0.8686249483 0.7965861661 0.7997357061 0.5511663912 0.5599539425 0.553057696 0.5871033139 0.6742332693 0.8075362574 0.7550833684 0.7580089092 0.762314011 0.8360259638 0.7110854049 0.9063141593 0.8975220051 0.7140523491 0.5203599214 0.5940857516 0.72260392 0.8736015459 0.524111869 0.859931374 0.6737443167 0.6727606936 0.7524642901 0.5928697825 0.8573311185 0.8300610457 0.8251589833 0.8200185512 0.8170222859 0.82194605 0.821927953 0.5832180629
0.9083787115 0.9010344202 0.890953656 0.8843726118 0.8911009996 0.6450752672 0.6913473115 0.6966820604 0.6893439805 0.8297743571 0.8282297472 0.8675992773 0.7770105408 0.7819802297 0.8470143249 0.8475341944 0.8530466329 0.7867611546 0.8241142899 0.5180270574 0.5051123299 0 0.7703006231 0.8850219147 0.8415947352 0.6838121493 0 0 0 0.8924578897 0.6799261338 0.8057988296 0.7994073777 0.8011451228 0.6688866944 0.6675607121 0.6736704586 0.8872418893 0.7524776996 0.7513544448 0.7487245467 0.8948459119 0.8286531824 0.8245951759 0.8264479066 0.8970094914 0.8928935013 0.5283182963 0.8785122594 0.7130021059 0.7134190796 0.8818033437 0.7664457768 0.7590076052 0.7597875483 0.6636809896 0.661714145 0.5739058239 0.5940069484 0.8252691064 0.5062363529 0.8287568972 0.8259007688 0.8257414969 0.8287354529 0.5757989721
0.9075260369 0.8523934495 0.8855553079 0.8852871525 0.8893998112 0.6412258755 0.8775791831 0.6872626453 0.6913223 0.8299050808 0.826938614 0.7839158603 0.7784907498 0.8427091543 0.5311750967 0.733405766 0.7787380476 0.786113844 0.8800076687 0.8328533573 0.6832769782 0.8338867718 0 0 0.5242428457 0.8203629047 0.6598295169 0.7663181461 0 0.9075575178 0.9153114696 0.8013258187 0.8030264757 0.6781034087 0.6013646542 0.6676369684 0.6770956652 0.8860869664 0.5489865178 0.7573827423 0.8304749631 0.8285984648 0.8207047363 0.8223761424 0.8228003267 0.8323323138 0.905074083 0.8036329337 0.8226840193 0.7330373788 0.8954334627 0.7567345003 0.5901780393 0.7570024521 0.7571802219 0.6730880862 0.6715894363 0.6785502414 0.6744489677 0.8747715391 0.7752346282 0.7740558441 0.7651152348 0.7668449154 0.5762726644 0.5734735359
