landscape/hab_quality/256/simulation_000049_p036_h030_HABMAT_patch_more_500pix_modified.asc_ac_0.5_quality.asc
NCOLS 513
NROWS 513
XLLCORNER 0
YLLCORNER 0
CELLSIZE 9.980507
NODATA_VALUE NaN
[rows 248 to 278 of 513, columns 284 to 354 of 513]
0.6095716744 0 0 0 0 0 0 0 0 0 0 0.7683074275 0.7671371366 0.770263501 0.779498187 0.8722453961 0.6730961543 0.6717620523 0.6738214214 0.5397178043 0.5368893 0.7020315017 0 0.7029455747 0 0.8595511841 0.5947663863 0.5942071291 0.5861393921 0.5769061919 0 0 0 0 0 0 0 0 0 0 0 0 0 0 0 0 0.8762032889 0.8672335759 0.8620355469 0.8698437033 0.6887195663 0.784165543 0 0.7395654073 0.6630563716 0 0 0 0.7437377537 0 0 0 0 0.6458754952 0.5997669995 0.6017348528 0.8783982278 0.8781301634 0.8752969134 0.874220851 0.8696635352
0 0 0.843236084 0 0 0 0 0 0 0 0 0 0.7704494523 0.7753731557 0 0 0.6650364216 0 0.5778292 0.5304617776 0.6533062657 0 0 0.8891885556 0 0.8851420155 0.8860788326 0 0 0.5478547746 0 0 0 0 0 0 0 0 0 0 0 0 0.8878580202 0.5637150178 0 0.7597469432 0.8769343316 0 0.8656002589 0.5662676718 0.6826171966 0 0 0 0.7348817775 0.7491143762 0.7469118364 0.7423605567 0.7443537869 0.7541996911 0.6901294755 0 0 0.6261226944 0.5208746758 0.6392833352 0.8475947728 0.8771040612 0.8682850453 0.8662504918 0.874981612
0.7734272725 0 0 0 0 0 0 0 0 0 0.5184733154 0.8653721816 0.6139253551 0 0.7591448816 0 0 0.6634953196 0.6576739881 0.6498961615 0.6545395395 0 0.7659294569 0 0 0.8831780891 0 0 0.5574202638 0 0 0 0 0 0 0 0 0 0 0.7197147825 0.8152882597 0.8142844846 0.8133510433 0 0.5646792321 0 0 0 0.6880870869 0.6806834245 0.6794970611 0 0 0.7286167951 0.7299193827 0.7284656419 0.7430186236 0.7375272871 0.7457273558 0.7521543096 0.7516815588 0 0.6826947188 0.6334178924 0.6354759638 0.632324163 0.6318282006 0.8683794082 0.8695924211 0 0.8672119654
0 0.6480640211 0 0 0 0 0 0 0 0 0 0 0.8944770743 0 0 0 0 0 0 0 0.6574665299 0.8655523082 0.8637308685 0 0.8919486353 0.887619829 0 0 0 0.6937206455 0 0 0 0 0 0 0 0 0 0 0 0.8104685633 0.8199218259 0 0 0 0 0 0 0.6830785113 0.6812918439 0 0.7376359362 0 0.7210100691 0.727069757 0.7358435096 0.7378505983 0.7424501585 0.7495198983 0.7523627796 0.7602228866 0 0 0 0.6293111878 0.6226933989 0.624663504 0 0.651708502 0.6513186618
0.6391989961 0.6454811038 0.6461280824 0.6679807184 0.5210864428 0.7474036737 0.7491114447 0 0 0 0 0 0.885946078 0.8857051561 0 0 0 0 0 0.8537746937 0.8241924259 0.8645146079 0.8672492362 0.8649766847 0.8970488685 0.8936360124 0 0 0 0 0 0 0 0 0 0 0 0 0 0 0.8093219567 0.7817196779 0.814751511 0.8233331205 0 0 0 0.7639533857 0.6910781733 0 0 0.7468866698 0.7339667587 0.7234699684 0.7214910952 0.7265637893 0.7347647801 0.7431461512 0.7489738788 0.7458378203 0.6540715287 0 0 0 0 0 0 0 0.7529000763 0.651041173 0.6548461158
0.6364214678 0.639937869 0.6478315672 0 0.713131362 0 0.745430863 0 0 0 0 0 0.5948620477 0 0 0 0 0 0 0 0 0.8450671506 0.7060099202 0.6997740817 0.8980535026 0.7714078461 0 0 0 0 0 0 0 0 0 0 0 0 0 0 0 0 0.8202299226 0.8200267591 0.8221740192 0.7603986719 0.7581894541 0 0 0.7460015705 0.7484918669 0.7436929622 0.7344186494 0.7339048134 0.728651388 0.7350995947 0.7271426627 0.7446270298 0.7384948618 0.7362524521 0.5855292333 0 0 0 0 0 0 0.783050461 0.7451942618 0.7744553304 0.6472080389
0.6386142837 0 0 0 0 0 0 0 0 0 0 0.5963669933 0 0 0 0 0 0 0 0 0 0.7009765551 0.6992177718 0.6996177674 0.6249027785 0.5855175597 0 0 0 0 0 0 0 0 0 0 0 0 0 0 0 0 0 0 0.7731389864 0.7680942245 0.7057432264 0 0.7533145172 0.7476335789 0.7446387354 0.7531843401 0 0.7293336338 0.7304923478 0.7345740732 0.7325828103 0.7291353495 0.7301401028 0 0.5755952261 0 0 0 0 0 0 0.7836000973 0.7742501042 0.7836637602 0.7998126552
0 0 0 0 0 0 0 0 0.6640385357 0.6640099869 0.6727654127 0 0 0 0.6969518871 0.6400975131 0 0 0 0 0.6950969004 0.6933732804 0 0.6969175299 0.7050778493 0 0 0 0 0 0 0 0 0 0 0 0 0 0.7145060207 0.721975641 0.5688838535 0 0 0.6658911244 0.5629510052 0.7051888574 0.7061579582 0 0 0.7509159278 0.7511479839 0.7496023438 0.7325857827 0.7356635081 0.7337624416 0.7415791999 0.7320099475 0.7340634149 0.7297734454 0.7342244237 0 0 0 0 0 0 0 0.8259420385 0 0.7757433006 0
0.5073189593 0.7129108608 0 0.6818883089 0.6909222743 0 0 0 0 0.8856659223 0.6809493607 0.7673477121 0.6299320746 0.8267806556 0.7964630282 0.749908315 0.7496385725 0 0 0 0 0 0.6905441033 0.6958248296 0.7017858806 0.8282875746 0 0 0 0 0 0 0 0 0 0 0 0 0 0 0.685060241 0.6918709278 0.6863732206 0.7875810342 0.7866175576 0.6967139846 0.7049864494 0 0 0.5701536554 0.7547345488 0.7570907814 0.7462561856 0.7384778602 0.7391291572 0.7404438607 0 0.7330774676 0.7299717461 0.7311055748 0.8744165309 0 0 0 0 0 0 0 0.8319819172 0.8336041067 0
0.642026622 0.8449277483 0 0.6893398331 0.8886496066 0 0 0 0 0.8848184416 0.8851581214 0.6817900506 0.5412945916 0.5385070511 0.8666611446 0.7414616781 0.52886051 0 0 0 0 0 0.70018013 0.6937417072 0.695178949 0.6961503461 0 0 0 0 0 0 0 0 0 0 0 0 0 0 0.6839628458 0.6834599375 0.7786274466 0.7862296955 0.7917579047 0.7047879393 0.5781046093 0 0 0.5783940255 0.5799527681 0.8558669196 0.7460287905 0.7422044222 0.7432481991 0.7149431877 0 0.7430674921 0.7385479163 0.7328180728 0.7319989139 0 0 0 0 0 0 0 0.8333276939 0.5980484112 0
0 0.8786654049 0.8367953501 0.8125830962 0 0 0 0 0 0.6958383147 0 0 0.5905610279 0.5384497191 0.7470198791 0.7423419809 0 0 0 0 0.8323549272 0.7528692234 0.700157696 0.6900956475 0 0.6992600598 0.582869716 0.7227257816 0 0 0 0 0 0 0 0.8160402999 0.8239521454 0 0 0 0.6842840278 0.7868262533 0.7782022909 0.7816833951 0.7883576528 0.5369707234 0.6089069453 0.8311891374 0 0.7446646472 0.7072610121 0.7397571753 0.8465027933 0.7065678784 0.7110436612 0.7088093947 0 0 0 0.7414516741 0 0 0 0 0 0 0 0 0.6375784478 0 0
0 0.6807063098 0 0 0 0 0 0 0 0 0.6927270428 0 0 0 0.5487932352 0.8340411029 0.7379433865 0 0.759632848 0 0 0 0 0 0 0 0 0 0 0 0.6865609015 0.5866561687 0 0 0 0.8210113695 0.8181100062 0 0 0 0 0.7796768375 0 0.7817120414 0.6094918514 0.885803112 0.6313461386 0.5980969926 0 0.7356986885 0.6555561608 0.8564858027 0 0.7089731866 0.7047197164 0.7123298035 0.7211670982 0 0.5667465439 0 0 0 0 0.5387683058 0.5475329702 0 0 0 0 0 0
0.7711743841 0.7679530864 0 0.8797411544 0.6192539399 0 0.8608479833 0.5303507574 0 0.6971937198 0.6866070686 0.6832396415 0 0 0.7563208056 0 0.6788125455 0.5367891068 0 0.7499933437 0.6348663529 0.5980873883 0 0.7462246803 0.7282365562 0 0 0 0.6791297233 0.6771602307 0 0 0 0 0.8426945558 0.8249545566 0.825726579 0.8497820808 0 0 0.7813722103 0.675231944 0.6743172306 0 0 0.5094976777 0.5290334683 0.6496831907 0.5938084036 0 0.5923512227 0.6648584686 0.8060340463 0.7146152072 0.7144613329 0.7094392268 0 0.5941633544 0 0 0.6670140674 0.7529839889 0 0.5424112766 0.5485683975 0 0 0 0 0 0
0.7648434027 0.7634561054 0.7715623238 0.607758174 0.6098829056 0 0.8892707331 0.7865612006 0 0 0.6898750693 0.6818702388 0 0 0 0.7468617294 0.7495185498 0.7486208325 0 0 0.6049373609 0.5979755411 0.5984339443 0.5985657179 0.5600085545 0 0 0 0.6733688653 0.6735977739 0.6778075972 0.5468461229 0.6221004288 0.846391345 0.8401027116 0.8349528304 0.8420781901 0 0 0 0.8910529397 0 0 0.6761240208 0 0 0 0 0 0 0.8610825537 0 0.5262154868 0.6269441316 0.6330239081 0.7189657377 0 0 0 0 0 0.7486622203 0 0 0 0.5930572066 0 0 0 0 0
0.7695698469 0.6061340664 0.6042959511 0.6044624789 0.6109637362 0.8085968904 0.8821241689 0 0 0 0 0 0 0 0.7483870417 0.7478887147 0.7520977946 0.6797526595 0.6833754578 0 0.557586985 0.5962253954 0 0.5535410182 0.7610648365 0.7671996337 0.5611260044 0 0.6786684502 0.6808453953 0.6819529963 0.8763898759 0.6774412607 0 0 0.8327227873 0.8326921964 0.8393479458 0.8340328548 0.8973400412 0.8645046926 0.8932630217 0 0 0 0 0 0 0 0 0.6029633764 0.8533324525 0.6005923412 0.6258743553 0 0 0 0 0 0 0.7541857448 0.7447693952 0.7409638661 0.7501042769 0 0 0.5910349565 0 0 0 0
0.612395255 0.609149411 0.6027005824 0.6043672206 0.6023015324 0.6049296936 0.6302984715 0.8683372055 0.8258328325 0.5920133495 0 0 0 0.6069883221 0 0.7508225271 0.6790189321 0.6740439537 0.6837879635 0.6840393975 0 0.5984493077 0.5985631339 0 0.8170978561 0.6350881886 0 0 0.8643775442 0.8652409465 0.872123158 0.8761219802 0.5644225219 0.8780714063 0.8768809206 0.8358503687 0 0.8335082165 0 0 0.6607118377 0 0 0 0 0 0 0 0 0 0 0.5937558228 0.585457305 0.6169525958 0 0 0 0 0 0 0.7493782682 0.7454098928 0 0.7455612064 0 0 0 0.6476602848 0.8402043591 0 0
0.6490714979 0.6399219469 0.5946415572 0.5944031258 0.603426997 0.6037991979 0 0 0.708242927 0.6104733901 0 0.7142163066 0.6103898616 0.6047893746 0.6016003535 0.6017573445 0.6082115005 0.6797800449 0 0.6864180758 0 0 0.6048316474 0.5130748887 0.823783921 0.7576119017 0 0.8722852723 0 0.8622910708 0.8634222843 0.8790296206 0 0.8543047069 0.8476997184 0.8513850115 0.7879602976 0.841390863 0.841668379 0 0 0.6591753537 0 0 0 0.8943889752 0 0.7055867593 0 0 0.7325761509 0.621052679 0 0 0 0 0 0 0 0 0 0.7503117876 0 0 0.7499981553 0 0.8122136073 0.8374923361 0.8471560708 0.6455971163 0.6394671805
0.6456908477 0.6405046578 0.639314062 0.6413539457 0.5995778119 0.6030633497 0.8799546371 0 0 0 0.6088615233 0.6022006647 0.5996669124 0.6016815117 0.5990404284 0.6032222915 0.6102218244 0 0.6880510525 0.6880289882 0.6959045408 0.652688623 0.654759616 0.8171984426 0.597736553 0.5128132657 0.8628731348 0.8760621584 0.8713476471 0.8704517766 0.8668097277 0 0.8452456717 0.847085822 0.8448625401 0.8523174407 0.7145234534 0.7972690022 0.8441223439 0.8427125557 0.6658141485 0 0.8246458778 0.8346426371 0.8357760845 0.8957848338 0.7001662804 0.7867979509 0 0 0 0.6142081409 0 0 0 0 0 0 0 0 0 0.8413196822 0.7582826107 0.6990377516 0.8227007432 0.5836370437 0.8857995904 0.7159949598 0.5652475612 0.8148711651 0
0.646609428 0.6382605247 0.6366722109 0.6315361998 0 0.8779682916 0.7673478232 0 0.8412569387 0 0.6022811807 0.6013582097 0.5963165632 0.5989355104 0.6064028714 0.6011104932 0.6059990285 0.6150568974 0.6567044986 0.575414661 0.8701871933 0.5160218321 0.8241933943 0.6963050191 0.7456076678 0.5885517925 0 0 0.8329109213 0.8136571472 0.856759436 0.8492848163 0.8430266602 0.8386644978 0.8448621656 0.5611655442 0.8562756214 0.7825041017 0.6397897106 0 0 0 0 0 0 0.8023213888 0.7930564348 0.782148963 0.7772658432 0 0 0 0 0 0.6625612105 0 0 0.533884525 0.8366680418 0.8279118767 0.8348918466 0.8789193223 0.5525787426 0.7519038738 0.6909927736 0.822259431 0.8275613812 0.8267753845 0 0.8049500343 0.8574331374
0.6428292562 0.6251708118 0.6240700307 0.6274766889 0.6339126321 0 0 0 0 0.612089732 0.6093406776 0 0.5921484321 0.5984881069 0.6026439726 0.6037834175 0 0 0.5515855632 0.6702767655 0.5777238723 0.6635073794 0.6667663343 0.6637614517 0.6589242274 0.8451400087 0.8419035938 0.8320650859 0.8329557714 0.8403293487 0.8523846868 0.6076551901 0.8404097804 0.8447152811 0.8412393929 0.8547982326 0.860730963 0.8689131316 0.6316467431 0.6307792572 0 0 0 0 0 0.8430324191 0.7943741286 0.7855298354 0.7797551198 0.7837804532 0.5588162354 0 0 0.801973897 0 0 0 0.7407657389 0.8285934901 0.8360419296 0.5303199426 0.8350037817 0.8699892754 0.7449422676 0.7421399065 0.7469723653 0.8263277285 0.8060020114 0.7318143624 0 0.8186002113
0.7779977984 0.6298223967 0.6213124023 0 0 0 0 0 0 0 0.5978152173 0.6008741092 0.5920387567 0.5990744772 0.6043396391 0.5944989382 0.5954482448 0 0.5454323975 0.7746334551 0.7800297372 0.874152847 0.661520619 0.6568213837 0.6613111766 0.8402753648 0.8392113577 0.8333814365 0.8342577424 0.8374072986 0.8504566433 0.8431087291 0.8462148843 0.8486793961 0.8513038103 0.8578516174 0.8636444999 0.6865495924 0 0 0.6319859276 0 0 0.6922996524 0.5583482404 0.6914058103 0.8225976626 0.7916307069 0.7607908684 0.5908426464 0.789635525 0.8988372543 0.5892998036 0.8278924726 0.8376094824 0.8336929688 0 0 0.7342967579 0.8361480488 0.8401593485 0.5410121273 0.7506160439 0.7506172467 0.7442044152 0.7465340701 0.7477371869 0.7497122721 0.7574582053 0.7606437787 0.8150148877
0.6933156006 0.6276212897 0.6302466014 0.6238719018 0.8541591923 0 0.7175562238 0.5669915621 0.5593909934 0.5542250837 0.599300955 0.5934945536 0.5928298948 0 0.6058925765 0.507452212 0 0.6934973126 0 0 0.8380255346 0.8515246368 0.6633921876 0.7043776615 0.6274228601 0 0 0.8407213808 0.607618017 0.8347635572 0.8482483404 0.8467949657 0.8454005367 0.8514929369 0.8502204089 0.8566063331 0.7891153915 0.8721305884 0.7362915534 0 0 0 0 0.6998110326 0.6902177228 0.6993765628 0 0.798456799 0.5867443688 0.5942878857 0.5881383407 0.6219115977 0.5862888067 0.580859628 0.8277691743 0.8340394699 0 0 0.7954900506 0.6473484687 0 0 0.8483352579 0.7454629925 0.7559299888 0.7525248286 0.745478229 0.7519205858 0.758641968 0.7638265069 0.8200262002
0.6868048443 0.6652305066 0.6357353165 0.6308288525 0.631042713 0 0 0 0.8220656767 0.8210211937 0.6007578358 0 0.6009803778 0 0.6069178302 0.5987517337 0 0.6999523894 0.9072048856 0.9017319797 0.90742644 0.8994837154 0.9215128579 0.8105980391 0 0.6227530555 0.6274757966 0.6288413361 0.7294009328 0.8539149033 0.8514438418 0.8468009201 0.8194550399 0.823516082 0.7907641959 0.7810138301 0.7888837179 0.7309020539 0.6462423245 0.5601205563 0.5697888968 0 0 0.7511630987 0.5775026331 0.5822612424 0.580038313 0.5550493761 0 0.5786534671 0.6166846771 0.8666913189 0.5877906658 0.8322095899 0.8375387814 0.8283105895 0.7988013176 0.7894268779 0.7981731065 0.8100311367 0.6494733063 0.5722031341 0.6049717749 0.6116427405 0.7550627685 0.7510344676 0.7541563115 0.5173768 0.5528002051 0.5620002071 0.7190587877
0.6881109226 0.5485904329 0.5447198334 0.7060750145 0.5867080442 0 0 0.8312169305 0.8255218729 0.8200670511 0.735090627 0.5404012982 0.5353602074 0.5396214551 0 0 0 0 0 0.8991228503 0.8989197334 0 0.9140120508 0 0.6348583783 0.6191969982 0.6193322652 0.6260223018 0.6226558572 0.6321093652 0.8596730098 0.5937827178 0.8083735039 0.8286519615 0.5553144661 0.5597454496 0.5543959236 0.6421387212 0.5111007037 0.5585092146 0.5538206585 0.5613835354 0 0 0 0.5731925326 0 0 0 0 0.8680688673 0.7617845576 0.7254054101 0.8923778501 0.8440894573 0.8837057518 0 0 0.7961511923 0.8942496342 0.7978161983 0.6060889791 0 0.6029643071 0.8363802948 0.7594828245 0.7591082109 0.5437178954 0.5525749523 0.5529390878 0.5885457157
0.6945681746 0 0 0 0 0 0 0 0 0.5488689377 0.541380387 0.5393721225 0 0 0 0 0 0 0 0 0 0.9078624556 0.5150387087 0.9152661531 0.629946066 0.6270360143 0.6188961689 0.6198110192 0.6250368499 0.6288387839 0.6413367785 0.6192131282 0.8224111999 0.7250673804 0.6750071647 0.5508666561 0.5468244895 0.5536485081 0.5457092791 0.5546961003 0.5525444509 0 0 0.8032363308 0 0 0.5699389149 0.5790390779 0.5863196841 0 0 0.7667726595 0.7027166526 0.7062078719 0.8482542841 0 0 0.7621495698 0 0.652248694 0.6462614679 0.5974610779 0.600357334 0.6081522565 0.8507509744 0.5585968435 0.5499659987 0.546544031 0.5304761799 0.5807410655 0.7938257133
0.7775663229 0.7839199209 0.7780381572 0 0 0 0 0 0 0 0.8136516462 0.5475412065 0.5464532215 0 0 0 0 0 0 0.6006398866 0.6949244606 0 0.6972700684 0.6326548563 0.6276530254 0.6195209546 0.6198796856 0.6245519349 0.6217798908 0.6264314828 0.8396816246 0.9021487802 0.8996926771 0.74577128 0.5591836065 0.6519509151 0.5480229242 0.5380250841 0.5418544637 0.5409309029 0.5462917021 0 0.6605124257 0.5134686479 0 0 0 0 0.5840763623 0.7626195943 0 0.7008980695 0.699935992 0.7095679942 0.7511736787 0 0 0 0 0 0 0 0 0.6031485899 0.5625978313 0.5599581468 0.555793612 0.5535009584 0 0.5641819893 0.6903951093
0.7754116719 0.7741398235 0.6584083419 0.7743961011 0 0 0 0 0.8812868516 0.8110603363 0 0 0 0 0 0 0 0 0.8841556444 0 0.695061982 0.6912071764 0 0.7051841019 0.6317185639 0.6257498264 0 0.8985252303 0.8991808298 0.8943925376 0.900017048 0.9061826775 0.7463536936 0.7431135683 0.7076788097 0.5518135285 0.5488565416 0.5392868702 0.5368220104 0.5407829477 0.5366813221 0 0 0.8389451924 0 0 0.711964608 0.5797111396 0 0 0.5397856893 0.7097721857 0.7042030581 0.6999856647 0.8428130002 0 0.692015702 0.6865115329 0.5471128316 0.5438510291 0.5426991086 0.5431098499 0 0 0 0 0 0 0 0 0
0.7690730402 0.7686838791 0.7679744613 0.7707957209 0.5044307209 0 0 0 0 0.817833827 0.8149652091 0 0 0 0 0 0 0 0.735261617 0 0.6933837631 0 0.6994612249 0 0.544289064 0 0.8851696095 0.8914248166 0.887028558 0.8942911834 0.8067152984 0 0.7481430226 0.5673400458 0.7336758948 0.5491779719 0.5399318309 0.5413763434 0.5377299094 0.5315907033 0.5400564981 0.6515503028 0.8323436552 0.6749653101 0 0.6457383757 0.640904984 0 0 0 0.5407207319 0.5337611307 0.7065190212 0.6108617888 0.6442394179 0.71707407 0.6831476489 0.5671797033 0.5403670568 0.5401041853 0.5338687043 0.5335233949 0 0 0 0 0 0 0 0.6391054694 0
0.7694313368 0.7614463285 0.7668489198 0.7750690404 0.7723855779 0.7345327257 0 0.9056769345 0 0 0.8675477363 0 0 0 0 0 0 0 0.7311423736 0.6075214888 0.7509446856 0.7015858541 0.7075270438 0.8194789949 0.6221619289 0 0.8903089814 0.8845601683 0.8859412657 0.8827689491 0.8820736589 0.8883721219 0.8591145138 0.8820578521 0.7324984777 0.7249770912 0.7288369868 0.5479412473 0 0.5358155847 0 0.8402602243 0.834711225 0.8382738054 0.6820671885 0.5194730481 0 0.507573309 0.5576432547 0 0 0.534082475 0 0.8412548632 0.8381154321 0.6902295311 0.6928092112 0 0 0.5393454895 0.5321058613 0.5397703066 0.5421019157 0 0 0 0 0 0 0 0.608187535
0.5759475839 0.5805749865 0.5782977895 0 0.5766533095 0.8010516341 0 0 0.8980847481 0.6777615835 0 0 0 0 0 0 0 0 0 0.7600234476 0.5028984986 0.5197907659 0.8708490662 0.8738262661 0.894787116 0 0.8932172827 0.8887815403 0.8802632018 0.88173453 0 0.866322094 0.7584681084 0.6412576761 0.7275213168 0 0.8863740631 0.8941943859 0.5392069956 0 0 0.5778830279 0.5746651993 0.5893482547 0.7692590693 0.7709390025 0.7792479709 0.834031084 0.8715199126 0 0 0 0 0.8333318425 0.8350876841 0.6150316014 0 0 0 0 0.5413852101 0 0 0 0 0 0 0.7799023783 0.7734958005 0 0
0.5737529468 0.5706806742 0.5718738718 0.5738031428 0.6028084924 0.5978691414 0.7977954327 0 0 0 0 0 0 0 0 0 0.8594761819 0.8476622254 0.8114095386 0.6402186628 0.5014202402 0.5010830808 0.5067304757 0.871353778 0.8222451633 0 0.8372997682 0.8850169964 0.8895409563 0.8826973199 0.890710102 0.643190915 0.6377991586 0.6450484702 0.6472325245 0 0 0 0.7588238464 0 0 0.8038159939 0 0.7662296832 0.7616629724 0 0.5168139705 0.7505176735 0 0.8546991032 0 0 0.8264300856 0.8351108067 0 0.7995632814 0 0 0 0.5433643863 0 0 0 0 0 0 0 0.7750375355 0.7771081101 0.7108478026 0
