landscape/hab_quality/256/simulation_000040_p061_h070_HABMAT_patch_more_500pix_modified.asc_ac_0.5_quality.asc
NCOLS 513
NROWS 513
XLLCORNER 0
YLLCORNER 0
CELLSIZE 9.980507
NODATA_VALUE NaN
[rows 168 to 195 of 513, columns 189 to 251 of 513]
0 0 0 0 0 0.8145678969 0 0 0.5815992782 0.7484602796 0.8783507575 0 0.6888340547 0 0.5013617818 0 0.5410293759 0 0.5593173905 0.540613271 0 0.8739106858 0 0.8657284244 0.8654766603 0.8741898705 0.8716332064 0.7760459305 0.7840215434 0.5576965869 0.7154674176 0 0.7532290272 0.7454862734 0.8973565369 0.8881960357 0 0 0 0.7498790829 0 0 0 0 0 0 0 0 0.8589550138 0.8545709915 0.856323292 0.8604263275 0.6962246985 0.7971005705 0.6947315743 0.6939171451 0.8432715569 0.6794040657 0.6635064498 0.6628122394 0.6531691465 0.6458413181 0.6397585514
0 0 0 0 0.8226768524 0.8189399793 0.5929498988 0 0 0.875892307 0.6885369717 0.8784194968 0.5628996857 0.6085001258 0.6164335097 0.7007574443 0 0.6011281551 0 0 0.8888674379 0.8740101524 0.8674690101 0.8672835385 0 0.866125445 0.8692107174 0.7836496732 0.5354408586 0 0.5705675367 0.7039238228 0.6978498528 0.7548316449 0 0.8875779352 0.8871888865 0 0.7679144725 0 0 0 0 0 0 0 0.6005405253 0.59901475 0.8596442446 0.8614067394 0.8573684979 0.8613078228 0.6906804729 0.6845076208 0.6852359075 0 0.6985367548 0.6725344841 0.6699810242 0.6644637803 0.6503124781 0.6442238895 0.6446841328
0.8227612672 0.8164827119 0.8139469747 0.8049136857 0.8139386995 0.8203270748 0.8285139003 0 0 0 0.8702566027 0.871971755 0.6090051364 0.611911018 0.6113127235 0.8405708821 0.9078558096 0.5983160428 0.9000984162 0.892318873 0.8878913674 0.8759570877 0.8765253793 0.8730095733 0.8736065779 0 0.869643877 0.722781042 0.6832614167 0 0.8818770591 0.8720443169 0.607001791 0.6931911539 0 0.8961127501 0 0 0 0 0.6736730106 0.673469986 0 0 0 0 0.6496793018 0.5820670384 0.8637279662 0.8634079547 0.6806510617 0 0.6767782951 0.6842564565 0.6855606375 0.6920659619 0.708406893 0 0.6665133559 0.6711407507 0.6538275602 0.6510576474 0.6487179938
0.7499015067 0.8213290214 0.8136215266 0.8042427932 0.8112882868 0.8220483937 0.6321017806 0.8507834117 0.8618658545 0.8609242277 0.7505097736 0 0 0 0.6161059064 0.8058911427 0.6096550189 0.9000616714 0.8945785676 0.8908980405 0.8912616151 0.8835972603 0.879823291 0.8777651077 0.8820985986 0.8760270424 0.8354135968 0.8854786783 0.8403475765 0.5051247951 0.7400130364 0.5381737016 0.7006897041 0.7272123635 0.8981530474 0 0 0 0.6491769586 0.7265525834 0 0.6594063183 0.665120942 0 0 0 0.6663435916 0.751146313 0.7566934012 0.6822953401 0.6859972916 0.6776414399 0.6759979299 0.6779027458 0.6880313279 0.6896902577 0 0.8859181333 0.8844364192 0.6582696653 0.6629231945 0.7865604772 0.6624112801
0.747363216 0.8216754984 0.8137361776 0.8133137807 0.8061424455 0.822906596 0.8862199025 0.8623534197 0.8647856972 0 0 0 0 0 0 0.7337955463 0.8133112331 0.8370041723 0.8981319055 0.8925630741 0.8651408815 0.8833027238 0.6890245243 0.8883336996 0.8867373776 0 0.8827950648 0 0.8300763831 0.6450557459 0.6478054107 0.7011310962 0.572696566 0 0 0 0 0 0 0.6504867068 0 0.6665040957 0.6584763276 0.6603839769 0.5812238751 0.5845061777 0.58187071 0.74813968 0.6371409732 0.6856012401 0.6811647309 0 0.6832564483 0.6779992761 0.6985320968 0.6958862273 0.6967838951 0.8779867504 0 0 0 0 0
0 0.8233259494 0.8185183435 0.8233521642 0.7860218578 0 0.6046930554 0.5849278771 0.8051286724 0 0 0 0 0.5837696824 0.5792669357 0 0.5621466378 0 0.7788735845 0 0.8864341328 0.8949149591 0.902461617 0.896940522 0.8945162776 0.8946421298 0.9019998304 0.5727382145 0.6353127398 0.6885614786 0.6416231475 0 0 0 0 0 0 0 0 0 0 0 0 0.6643317996 0.5735844427 0.5803948453 0.5708006735 0.7050882793 0.6169925963 0.6875610783 0.6844368478 0.6838607856 0.6902588725 0.6904614144 0 0 0 0 0 0 0 0 0
0.7152121056 0 0.7130207531 0.7228177178 0.7261756367 0.7723555233 0.5780373074 0.5755932626 0 0 0 0 0 0.5702420159 0.7372672131 0.5611141724 0.5572877575 0.6520652571 0.6547009845 0.650337783 0.5456044137 0.9012101799 0.8934463955 0.8925480263 0.8925408769 0.8974612248 0.9042978669 0.9018631979 0.8297499338 0.8374002471 0.5286758364 0 0 0 0 0 0 0 0 0 0 0 0 0.5668516322 0.5722205789 0.5707506349 0.5723557088 0.5782518518 0.6249782828 0.6199757851 0.7263240065 0.727713025 0.732897088 0.7205438885 0.7251181671 0.877797881 0 0 0 0 0 0 0
0.7162597577 0.7124356077 0 0.7189754371 0.7483634506 0.7528757885 0.5781855032 0 0.8161111768 0 0 0.5962389864 0.8836878173 0.8423298561 0.7348787984 0.5662946583 0.5653577843 0.5450068582 0.6497264467 0.5462825967 0.5362122757 0.9024256851 0.8996697099 0.8933117274 0.8969158265 0.897630128 0.9003317767 0.9043622254 0.833519735 0.8275257817 0 0 0 0 0 0 0 0 0 0 0 0 0 0.5645020008 0.5632675429 0.565140997 0.5712172853 0.7977098685 0.7326038789 0.7188247855 0.7257687563 0.7257470146 0.7169993961 0.7222211126 0.7314596758 0.8732493061 0.8733932586 0 0 0 0 0 0.6275624801
0.7216797585 0 0 0.7496581879 0.6939720685 0.7548813802 0 0 0 0 0 0 0 0 0.7356882613 0.8846298874 0.8875174504 0.5345156084 0.5402831882 0.5328144962 0.5290625117 0.529888291 0.9011683259 0.8937630418 0.90568574 0.9044580591 0.8984113884 0.9076806485 0.8303836175 0.8359482313 0.8287384351 0 0 0 0 0.6123718164 0.5904503759 0 0.6034946997 0.6023608202 0.5964702161 0 0.8938757444 0.5626653939 0.5617718012 0.5547903249 0.5566594685 0.7185592119 0.7245382178 0.7134274729 0.7143760137 0.7166452706 0.7243872237 0.6055919566 0.7260931505 0.8733782012 0.8784018471 0 0 0 0 0 0
0.7303441509 0.7246581765 0 0.7536058391 0.8565781839 0.505925599 0.7549866284 0 0 0.8008425042 0.7995601324 0.8010174627 0 0.5945507699 0 0.735016322 0.884008985 0.6197662347 0.5335290353 0.5326696917 0.5231590315 0.5214674373 0.525281144 0.9017919719 0.9102683648 0.9128159309 0.907217408 0.8989178377 0.5752296572 0.8401992363 0.8588499377 0 0 0 0.577064043 0.5809428383 0.5908783404 0.5995756901 0.5981459005 0.6015606287 0.5940055825 0.6039603931 0.6111208867 0.5656185383 0.5543470044 0.5523844713 0.6199632773 0.7151274163 0.7183132071 0.7118219627 0.7095129277 0.7073387856 0.7192311606 0.7220033755 0.6393836995 0.6450506877 0.8563039475 0 0 0 0 0 0
0 0.8889822686 0.8915797379 0 0.890808868 0.8909065298 0.6150924666 0 0 0.6447767366 0.7986091088 0.7954878343 0.8134739475 0 0 0 0.7275845945 0 0.5344580215 0 0.5254264948 0.5204834896 0.5301834755 0.5377287096 0.7357303647 0.908796928 0.861440791 0.9137386101 0.8387916025 0.7707426616 0.5651728957 0 0 0 0 0.8744557403 0.8130619852 0 0.5315835207 0.5952837416 0.5978111976 0.6032419144 0.6107180909 0.6147562027 0.5556794154 0.7212598651 0.720285951 0.7128479926 0.699850115 0.706235828 0.7047408333 0.711915182 0.7210345499 0.7266991387 0.6277217297 0.6356354089 0.6295277009 0 0 0 0 0 0
0.8952385437 0.8878256811 0.8855479808 0.8826199386 0.8847092485 0.8093629901 0.7361715045 0.5998223879 0.57017406 0.8936141088 0.8949363045 0.7916461937 0.6732665201 0.8201064628 0 0.7372475622 0 0 0 0.5283871202 0.5268135002 0.52103209 0.5285584555 0.5384933394 0.5539348826 0.8026557264 0.8623277318 0.6094478156 0.6065440879 0.5627935607 0.5119935831 0.6403186629 0.5980885542 0 0 0 0.8090815296 0.8175549217 0.596367525 0.5959137136 0.6041448077 0.6040009785 0.7605322569 0.760233389 0.554813512 0.722510531 0.7172114222 0.7087280069 0.7038422741 0.6985538911 0.7051261397 0.7126421011 0.6919740262 0.6286163127 0.6305132587 0.6271202712 0.6334154853 0 0 0 0 0 0
0.7987085663 0.8884584121 0.8904065515 0.8826140935 0.7994987023 0.5895619091 0.5968798703 0.5752194279 0.8898262521 0.8886704943 0.8046583733 0.840780954 0.5916400114 0.6426676365 0.8450465281 0 0 0 0 0.5360553042 0.5313071271 0.53230065 0.5379569059 0.5430817802 0.891894632 0.8347156394 0.7979101377 0.6788104212 0.6339495954 0.8513781011 0.7965675155 0.8660707602 0 0 0 0 0.8145786771 0.8099470765 0.8947814208 0.8785211138 0.6139768261 0.7617491389 0.7581941053 0.7542661357 0.6872408397 0.7179267492 0.7158751523 0.7116027508 0.7023357044 0.704188306 0.7020428857 0.6235151321 0.6201371942 0.6184442534 0.6257809859 0.6309855754 0 0 0 0 0 0 0
0.7029449083 0.5293432673 0 0.8865586665 0.889209758 0.5872521699 0.5943200433 0 0 0.754565239 0.8580620697 0.8272274698 0.6604219911 0.8829693973 0.6389972453 0.5271875318 0 0 0.8953217022 0.8945024588 0.5334185579 0.5398406163 0.5391079042 0.5416026548 0.7962618988 0.8326791126 0.8272584779 0.6764864739 0.5194936728 0.7757415797 0.519785411 0.7699680223 0.5342739018 0 0 0.5314825487 0.8909422054 0.8888748418 0.8987801961 0.901903728 0.7708835277 0 0 0.7577400175 0.5697927134 0.7163268799 0 0.7173884444 0.7160676563 0.7196716094 0.7085420799 0 0.6165861288 0.6163685901 0.62101559 0.6284115962 0 0 0 0 0 0 0
0.6966423806 0.6058277291 0.5996399497 0 0.8502670187 0.8474287814 0 0 0.7209068213 0.7225249859 0.8773290262 0.7219635836 0.8896297586 0.7062738657 0.7080776133 0 0.5225979944 0 0 0.9028902747 0.9039677487 0.5414311602 0.6652890085 0.5118428202 0.5128385439 0.8227903069 0.8215821224 0 0.611232946 0.5150626469 0.8310152534 0.7626399483 0.843728469 0.5340279841 0.5272774 0.8819331878 0 0 0.8956726265 0 0 0 0 0 0 0 0.5196682392 0.7187943826 0.7165775596 0.718054188 0 0 0.61241183 0.6129520383 0.6112766818 0 0.6291269908 0.7661039714 0.7623780101 0 0 0 0
0.8191609219 0.843695629 0.8408439718 0 0.8448421194 0.8483341523 0.8413380266 0 0 0.7187546319 0.7156173079 0.7764045399 0.6610611119 0.6938569163 0.6991853917 0.6899440612 0.5231284914 0.5221613396 0.5281203797 0.5284762924 0.7679106476 0.6357040259 0.5047939473 0.5031961746 0.5039629663 0.8212145536 0.8261656945 0.827407723 0.6511491381 0.6252422045 0.5170737218 0.6766650554 0.5428826856 0.846512074 0.5291720092 0.5340723312 0.593971779 0.5612008429 0 0 0 0 0 0 0 0 0 0 0.672206054 0.7936865522 0.7942609265 0 0.6045406781 0.6044317374 0.6057358643 0.6082078698 0.6136816009 0.7710525537 0.7558805311 0.7556814517 0 0 0
0.8361166951 0.8408282722 0.8747994312 0.5746382072 0.5695953204 0.8410336772 0.8508415603 0 0 0 0.7186037765 0.6819864732 0.8592230818 0.6939685135 0.6898706852 0.689380001 0.6862541742 0.5269587353 0.5234133631 0.7600839368 0.765594188 0.77248319 0.5096307687 0.5115770648 0.5100556009 0.8278521174 0.8208309039 0.8226384568 0.6521670314 0.7849199182 0.7934673128 0.5496922932 0.5517052054 0.5353040442 0.5352210965 0.5324332206 0.6595077942 0.6546535867 0.6551849466 0.706595645 0 0 0 0 0 0 0 0 0 0.7847589221 0.780418493 0.6141232971 0.6050606712 0.6075481792 0 0 0.6088089527 0.7810376475 0.7645637868 0.8958037946 0 0 0
0.8329342135 0.5871345122 0.849162066 0.570386529 0.8462866723 0.8151233031 0.8431704839 0.8514286602 0.5570851925 0.6625849631 0.6892824762 0.8791148729 0.702496974 0.6983587461 0.6876499048 0.6799924263 0.6893241089 0.8375695759 0.7543927397 0.7600562807 0.7583219324 0.6572476445 0.5200463978 0.5204123767 0.5116993455 0.8211911618 0.6501610807 0.8250581939 0.791515677 0.7919923448 0.5877756278 0.8682598554 0.6882636381 0.8178290258 0.7661086922 0 0 0.6611543822 0.6580875758 0 0 0 0 0 0 0 0 0 0 0.7392277709 0.7793455441 0 0.6100892108 0 0 0 0 0.7533669126 0.7754816364 0.7053194323 0 0 0.5817083527
0.8381651899 0.7339290834 0.7290733519 0.8830922781 0.9029284309 0.7043443158 0.7118109292 0.6087580933 0.5334663907 0.8258325364 0.6250910831 0.6217063022 0.5157592034 0.6915247798 0.6878728545 0.683802807 0.6824932758 0.6872409103 0.5206115241 0.7518402747 0.7586102262 0.6664658628 0.5209076674 0.5284273023 0.5217141884 0.8913429245 0.8287850258 0.8067553897 0.6969642116 0.6995342521 0.8000341782 0 0.8859088852 0.5706020854 0 0 0.5377264304 0.796374717 0.7954176578 0 0 0 0 0 0 0 0 0 0 0 0 0 0 0 0.8500886954 0.8551564925 0.778231304 0.7692615954 0.8989389839 0.5832939398 0 0 0.5790806847
0.5979860808 0.7352989573 0 0.898278586 0.8938924151 0.8976335155 0.6095841302 0.7017059573 0.5280249609 0.866515669 0.5412517976 0.6184418345 0.6629458576 0.6561843002 0.6501663783 0.6453817797 0.5078585553 0.5155784201 0.5151810249 0.5175722971 0.7550852182 0.5368394981 0.597047222 0.5263174081 0.5263214147 0.5097881094 0.5131592958 0.5986342435 0.7822709722 0.7053552389 0.6411962505 0.6853596489 0.6895811574 0.5149217271 0 0 0 0.7937088225 0 0 0 0 0 0 0 0 0 0 0 0 0.8035056844 0 0 0 0 0 0.6626975816 0.5766069504 0.6671225364 0.7834264505 0.7999898035 0.5805635611 0.5830091823
0.55972943 0.5661374715 0.582252304 0.9020685476 0.5839244118 0.8691466951 0.6105493841 0.8139012191 0.5482480333 0.5345288337 0.5383700534 0.5365992825 0.6597536449 0.6570303909 0.6475965057 0.6450127519 0.5081438669 0.5059148427 0.5156135322 0.5165528459 0.5286771871 0.5340407455 0.8918541458 0.5300375974 0.5121117391 0.508440625 0.8585134344 0.8726016325 0.6243533987 0.6282299702 0.8861584511 0.88438715 0.889333989 0.7775730063 0 0 0 0 0 0 0 0 0 0.7421756954 0 0.5839529241 0.6131448623 0.8012682915 0.796033439 0.7972006645 0.8016603874 0 0 0 0 0.8494501111 0.8597457359 0.6620811997 0.6636108122 0 0.7606363489 0.5871514836 0.5914048817
0.5586362224 0.5645273272 0.5876213555 0.6360516262 0.5779591634 0.5459872606 0.6051402411 0.9060414003 0.5484417918 0.5389314009 0.5303484208 0.5352724185 0.6650266983 0.6515537077 0.6533351905 0.6454923005 0.5095652225 0.5148181771 0.5157181172 0.5207030203 0.5285455276 0.5297547634 0.8507349858 0.8607970907 0.8542524811 0.8629212161 0.7899851611 0.6299809947 0.6631375042 0.6300539935 0.8848910604 0.8847832208 0.6306443007 0.6173400671 0 0 0 0 0 0 0 0 0 0 0.7858027001 0.6406543367 0.5150581 0.796268694 0.5664617174 0.7972919924 0 0 0 0.8555699102 0.8468080531 0.8558971847 0.8265051071 0.658751296 0.652203412 0.6515011438 0.6437064675 0.6485868533 0.7540910322
0.5947696804 0.512680088 0.5070593916 0.5114555708 0.6931610937 0.8995656731 0.9016254479 0.6467017176 0.5051446519 0.5337675445 0.5320947535 0.5315875274 0.6422006231 0.6467781319 0.6381257356 0.5130832973 0.5169951922 0.5186054084 0.5208020074 0.528107914 0.5296044321 0.539551639 0.8490271626 0.8487864963 0.8532507277 0.8593975874 0.7497465767 0.7627340622 0.7832379335 0.7926986007 0.8740686245 0.6953008749 0.8935358417 0 0 0 0 0 0 0 0 0.7392808769 0 0 0.7885785015 0.7887722741 0.6251519308 0.5701193657 0.6286636565 0 0 0.6771589977 0 0.8559881681 0.8545812756 0.5274441747 0.6503964953 0.6591090302 0.6514522724 0.64355119 0.642251328 0.6477491836 0.5189634993
0.593608871 0.5096934079 0.5056640756 0.6986373646 0.8176445665 0.8963313777 0.8967703345 0.8973750038 0.8825614983 0.8884562391 0.8809171862 0.5349235487 0.65032707 0.6403537188 0.6374951077 0.6463321078 0.5228693064 0.5277031099 0.5232390303 0.5338712689 0.5334478931 0.5302902117 0.8488136854 0.8446876296 0.8509174306 0.6730134916 0.8064128088 0.677656754 0 0.7909811137 0.8221942167 0.5441204762 0 0 0 0 0 0 0 0 0 0.7623758057 0.8292086055 0.8359450462 0.8677573886 0.6456711033 0.861299454 0.8237527784 0.8206995964 0.5337842623 0 0 0.6691279448 0.6780301202 0.6817290491 0.6034177739 0.5073357482 0.6539657847 0.6472859801 0.6390837663 0.6382753471 0.6466595911 0.51797254
0.5105055123 0.5076196556 0.5140732431 0.5155784569 0.9002985733 0.8959894829 0.8900702519 0.8763508817 0.8828846413 0.8786532825 0.8823409276 0.8875146429 0.7097327049 0.6412470283 0.6467013998 0 0.8085789592 0.8085194828 0.8639072609 0 0.7986760627 0.7937738009 0.7917294774 0.7898709306 0.7914658262 0.7928736424 0.6696247937 0.6718970061 0.6794260502 0.7057929247 0.7657461674 0.7649006635 0 0 0 0 0 0 0 0 0.7671953385 0.7577039094 0.7613229048 0.8773491159 0.8679263649 0.8594309478 0.8656859191 0.5164943663 0.8170019362 0.8263991333 0 0 0.7882415887 0.6264152363 0.6874136943 0.7806072914 0.8042169772 0.674974169 0.6395916763 0.6481127855 0.6473533176 0.6462156845 0
0.7351440962 0.7387344064 0.6677841159 0.8172019931 0.7743952474 0.89087919 0.8889482629 0.8829456909 0.8735874478 0.8812928174 0.883151271 0.8879595891 0.6424884618 0.6515099028 0.5261186257 0.8075376978 0.7991437769 0.800363681 0.750767457 0.7921434854 0.7881401462 0.7865899134 0.7865736497 0.7821553079 0.7899287124 0.7900360591 0.6759418863 0 0 0 0.7697907838 0.7603257754 0 0 0 0 0 0 0 0.9235645705 0.7672269191 0.7631378546 0.7539039876 0.761440748 0 0.8679428972 0 0.819486873 0.8250828804 0.8262146426 0 0.627929288 0.6232704482 0.6276413176 0.6954280625 0.7043797168 0.5532508039 0.6725150828 0.6707377843 0.6808723824 0.6655207126 0 0.6511505091
0.7302723446 0.7323548481 0.6766663463 0.6747907372 0.8950338592 0 0.8838526184 0.8779940324 0.8818581756 0.8751867688 0.8874841944 0.8912340479 0.6453905763 0.6523425221 0.6007046907 0.5611179571 0.5585354619 0.8084505938 0.6425302279 0.791907374 0.7901429981 0.7836508868 0.7789154011 0.7819456087 0.7900406925 0.7986106546 0.629639059 0.5715350508 0 0 0 0.6058340765 0 0 0 0 0 0 0.9196104361 0.6795175708 0.9236881333 0 0.7592424958 0.7610072393 0.5263089262 0.7516550999 0.5499330104 0.5422146272 0 0 0.6375444676 0 0 0 0 0.5474304891 0 0.6602279704 0.6649530701 0.6577558272 0.6666524013 0 0
0.7324900224 0.6143115612 0.5062843355 0.7382231742 0.8981458999 0.8920749959 0.8854022157 0.8824474962 0.8906181753 0.8868325545 0.8891294749 0.6541688744 0.6493273924 0.6098820853 0.661285366 0.8154447292 0.5285817098 0.6954770324 0.8023612973 0.7934963907 0.7885763696 0.782786864 0.7869246472 0.7805648403 0.7839655639 0.6322411914 0 0 0.5790090846 0 0 0 0.6203316335 0 0 0 0.9020889636 0.9023008959 0.6032095197 0.9173626609 0 0.7222534718 0.7255939006 0.7969702428 0.6373837678 0.6377142189 0.5390331144 0.5407330758 0 0 0.5444365496 0.5059559236 0.8992950189 0 0 0.8572576033 0.6638562038 0.666039725 0.6572059089 0.7067931192 0.6781003989 0.7518126946 0.6679897378
