landscape/hab_quality/256/simulation_000078_p059_h062_HABMAT_patch_more_500pix_modified.asc_ac_0.5_quality.asc
NCOLS 513
NROWS 513
XLLCORNER 0
YLLCORNER 0
CELLSIZE 9.980507
NODATA_VALUE NaN
[rows 140 to 167 of 513, columns 320 to 383 of 513]
0.6495547843 0.6490769505 0.6522001799 0.660034961 0.6087831877 0.615529541 0.6129611699 0.7622209785 0.8062111701 0.8126144094 0.8120893423 0.6294648128 0.6266813313 0.6344749273 0.5175283378 0.7548581577 0.7550000452 0.7523605341 0.869742746 0.8694649155 0.7323512451 0.7413460513 0.7507671067 0.5531919084 0.6488845684 0 0.6434564933 0.8428833657 0.8157681421 0.7894963913 0.8887198017 0 0 0 0 0.8637021093 0.8656142763 0.8814341853 0.6436679816 0.6404868567 0.6402931873 0.6174427748 0.6007171974 0.5969202017 0.5896994874 0.5950825861 0.5946795457 0.5933829689 0.8590415867 0.8638586833 0.7388965325 0.7409274579 0.7307739155 0.7301002643 0.8000957998 0.8005589255 0.7883093406 0.7922140839 0.857779956 0.5255107394 0.5230139242 0.5181683512 0.5091647575 0.5090857205
0.6450828965 0.6464550646 0.642883033 0.6818180751 0.7590594574 0.7550113371 0.7606204344 0.7677140983 0.5224460144 0.805624914 0.6701627542 0.8111662362 0.811694143 0.8013974779 0.8014337766 0.8038004212 0.7470162573 0.7442087462 0.752203261 0.7328215119 0.894693094 0.7406686113 0.71024966 0.8665611262 0 0.8717515086 0 0.8932215177 0.5336789606 0.7350701771 0.8952982009 0.8867851508 0.8866700221 0.8781194905 0.8635817334 0.8615568108 0 0.8714777749 0.54775348 0.5404279162 0.6115582806 0.6104318942 0.6005535877 0.7417307109 0.5979974392 0.5926470612 0.5900798685 0.5960627851 0.7437513628 0.734441567 0.7368936517 0.7456669417 0.7261225965 0.7331638352 0.5943560186 0.8762487512 0.5991622478 0.7981050163 0.5349060137 0.5316462968 0 0.5184109211 0.5087867757 0.510789021
0.6385103319 0.6387143447 0.6456583142 0.6489643189 0.6644927966 0.7699362978 0.6186387937 0.5815446838 0.8093533517 0.8013896247 0.8015383494 0.8111740361 0.8071257136 0.7979507078 0.7982583839 0.7989729388 0.7378791536 0.7472890093 0.7007559443 0.8739822487 0.6665975668 0.5082543983 0.7652450981 0.8595182214 0.8629424652 0.858093501 0.6903696263 0.8699430868 0.7189034259 0.8128227951 0.8922942312 0.9019864065 0 0 0 0 0 0.8765974641 0.5414411519 0 0.5429966668 0.7374224429 0.7419214516 0.6034315992 0.5954672914 0.5900978736 0.5981553824 0.5934522799 0.5681520012 0.56896885 0.7314979523 0.7249231552 0.7300693721 0.7287120904 0.5904158979 0.590345883 0.5984928468 0.7974873394 0.5388990625 0.540851421 0.5372001232 0.515261931 0.5078192321 0.5077931595
0.6303216343 0.6318052898 0.6456219232 0.6553336536 0.6607414865 0.6698276024 0.6397393065 0.6349975093 0.8039815027 0.571917659 0.7973628923 0.8097968302 0.8064977938 0.8011500965 0.7994703584 0.8005290371 0.7403081647 0.7421892332 0.8723549748 0.8787839706 0.8898094606 0.7472730862 0.565191411 0.5621159148 0 0.5548558618 0.560673046 0.7284810687 0.6812414178 0.7737284319 0.7186804271 0 0 0 0 0 0 0 0 0.5399222979 0.541529763 0.5441482436 0.7345589675 0.7398260376 0.6236288232 0.6128281647 0.5660150616 0.5693818438 0.54472714 0.5592941438 0.7303944961 0.733770678 0.7284484802 0.6432682562 0.6351172577 0.6407032777 0.5974613831 0.7919307968 0.7894752774 0.538337178 0.5738898154 0.511866783 0.5154737979 0.5100477911
0.632512799 0.6385675506 0.6436365026 0.6537463852 0.662541613 0.6323291765 0.6328283846 0.6292016118 0.6365142607 0.8001310269 0.8007175647 0.8009624876 0.8098153104 0.803469201 0.8029311405 0.7425096212 0.6503003536 0.8654012408 0.8644916465 0.8612629 0.5062008876 0.5644918771 0.5618752062 0.5656537677 0.7327647725 0.554629874 0.5629023329 0 0.7436468274 0.8339030319 0.7193733442 0 0 0 0 0 0 0 0.5423894431 0.5413662226 0.5410478335 0 0.7400525763 0.7382698416 0.6395447898 0.5648308029 0.5638699127 0.6906745408 0.5526721281 0.5439335946 0.5531434327 0.5532051696 0.8908351276 0.8970319181 0.63409879 0.8020350428 0.7997123804 0.8011809874 0.8068759457 0.5799851053 0.5814780465 0.5264916279 0.5199859394 0.5181556605
0.6324977046 0.6403906278 0 0.6723561243 0.8033162076 0.635021219 0.6261534898 0.6267780047 0.6272449988 0.8091589096 0.5553945781 0.8056898641 0.6729760457 0.8159177419 0.5726139972 0.8739442484 0.8138473875 0.6963025257 0.8591180422 0.8937479101 0.8979420775 0.6253670802 0.6267865869 0.6246651225 0.6335907924 0.5187054858 0 0.631379831 0.6466213924 0 0 0 0 0 0 0.8848892244 0 0.8892326062 0.5466571394 0.5445563202 0.5489410598 0.6490705437 0.6468328214 0.8873346765 0.5623274677 0.5654207575 0.5632018689 0.5707500393 0.5475093591 0.5492365725 0.7501145071 0.5598689115 0.5901979644 0.637222263 0.7950522552 0.7985792009 0.7963650655 0.8039311468 0.8103221913 0.7619613091 0.814006577 0.5278662798 0.7163853407 0.5263772702
0.6403421926 0.6346515616 0.6445450124 0.8033164915 0.7999601892 0.7946533653 0.6242632583 0.6292364057 0.6297439118 0.5201185025 0.5571761267 0.559864996 0.5608552951 0.5286539051 0.5137834909 0.8425599619 0.8705120149 0.5404240967 0.8843269055 0.8918666903 0.8967617956 0.6911939413 0.6175648951 0.6261510031 0.6277847164 0.6398026922 0 0.640135469 0.5694380205 0.8227714918 0.5316421452 0.5296465046 0.7339440609 0.5211391654 0.6975876225 0.514395066 0.8975946579 0.55452563 0.5492474258 0.552686234 0.6415485674 0.6456531254 0.6467494233 0.6546455189 0.6567969818 0.6599002391 0.5788795612 0.5534824244 0.7197671351 0.5591208375 0.5273685862 0.749948216 0.7076912661 0.7984564798 0.799528905 0.7951396371 0.7965867703 0.7994403438 0.8112772792 0.6456747663 0.8763581165 0.5235259183 0.5272763409 0.7604850047
0 0.8393777828 0.6473919713 0.8045444478 0.7915768236 0.7954883655 0.6198161238 0.8332728831 0.759757436 0.8060653589 0.7316772027 0.707006045 0.6984013788 0.5186763558 0.5190880918 0.502349053 0.5055716024 0.5108402346 0.8923385691 0.8929317429 0.8983481984 0.6918511461 0.7324703515 0.6251008704 0.6309217681 0.840329463 0 0 0 0.8137165678 0 0.8094639219 0 0 0.5125901611 0.5571947837 0.7373563442 0.5625718028 0.5615822844 0.6418418309 0.6437111462 0.6392861297 0.5258265806 0.6555307411 0.6639820875 0.5661678213 0.8593193255 0.8520931617 0.8471683296 0.8533801599 0.7081012464 0.6986348146 0.7521230682 0.8063602347 0.8001543731 0.8006142706 0.7960086218 0.8013594437 0.6425210098 0.6445353991 0.7424717024 0.5271937564 0.517444248 0.517517146
0.5288219469 0.5338556851 0.7004844131 0.8053943292 0.7997999892 0.7930203 0.5456132105 0.6249607988 0.5358147862 0.8965152702 0.7119838336 0.6993693866 0.6983018833 0.5749687833 0.5104468447 0.8543291462 0.5012223182 0.5017161897 0.8616957394 0.6201114041 0.860759745 0.8620301032 0.8631945019 0.6289014872 0.6234800022 0.6300095385 0.6298085174 0.7107118433 0 0.8119221686 0.8181685016 0 0.8152072082 0.5132843073 0.5131154654 0.5564228083 0.5533160802 0.5573123322 0.5600796526 0.6513136287 0.6412032708 0.6349519383 0.6396037255 0.8163871312 0.6601655036 0.8515694273 0.8591882675 0.8499897853 0.8523496204 0.8484106837 0.7027030492 0.6149592973 0.6155820528 0.6241589041 0.8149919744 0.8018713803 0.7986104504 0.8307819032 0.8323614368 0.6510756175 0.823942774 0.5355722171 0.8665522979 0.6292614853
0.753984055 0.530220762 0.5398057588 0.8023011378 0.8686244338 0.8079614939 0.7734321674 0.7768462287 0.7064144835 0.7537166437 0.8701939481 0.7045211046 0.6421131613 0.5686116282 0.5164702443 0.5086631346 0.5029975493 0.5065234558 0.8580445222 0.853522674 0.8524568096 0.8590802556 0.8624547279 0.6203644485 0.6249322543 0 0 0 0 0 0.8051589679 0.501687222 0.8395354223 0 0 0.5552252474 0.5546543989 0.5548133971 0.5570948073 0.6486199622 0.6396050697 0.6425596008 0.6384479483 0.6566831427 0.8427213774 0.661679673 0.8537547711 0.855172767 0.738449304 0.5066173268 0.5079687355 0.7063413023 0.6239271538 0.6326732798 0.8866150843 0.885271601 0.8384995481 0.8376393418 0.8444375719 0.6249500476 0 0.6171419989 0.6339988123 0.6262786369
0.7574100227 0.8159561858 0.8823116174 0.6718069067 0.8619507026 0.8098790277 0.7698538184 0.6745680827 0.6840698233 0.6694246289 0.5889641924 0.5580873315 0.6239991668 0.6178660831 0.5145148711 0.5101377841 0.5136665019 0.5047530519 0.854630667 0.8557391197 0.8576803191 0.8533313614 0.8620195146 0 0 0.6308514519 0 0 0.8210531096 0 0.7880521376 0.7437999824 0.8462053063 0 0.6631096246 0.6536583921 0.7359873041 0.5617789353 0.6731951737 0.6411556897 0.6413291203 0.664992571 0.6515901903 0.6625672004 0.6661718302 0.5148464304 0.5079175343 0.5170511681 0.5028934708 0.5049226575 0.5095123192 0.6331201724 0.6331855433 0.6274690644 0.6427938481 0.6459822166 0.8258997453 0.6779148993 0.5680110819 0.8013512225 0.6157541007 0 0.63273057 0
0.7562833893 0.7084342721 0.6737336832 0.5579270477 0.5570547987 0.7641177635 0.7600720938 0.7653666803 0.6540148922 0.6858895938 0.8989387838 0.7548848656 0.7602232195 0.6149058413 0.6180592498 0.8187947453 0.6675995942 0.881621471 0.6997260619 0.8663366263 0.8666535861 0.8586086056 0.5031017453 0 0.6303140213 0.6389070677 0 0 0.8923347118 0 0.6984290342 0.5134423043 0.8345312948 0 0 0.6572709338 0.6543357846 0.6762732027 0.6749460635 0 0.6840098858 0.665323282 0.6574644189 0.6635552281 0.6561003088 0.6540508127 0.5071478148 0.5024785788 0.5162133367 0.5064313708 0.5118366567 0.7940146422 0.7595583649 0.7568344432 0.7331507207 0.6397219891 0.6453170067 0.6334854902 0.7195214069 0.6221654554 0.8829026954 0.5686585503 0.7179973713 0.6476092265
0.7675151242 0.7057891913 0.842366368 0.5602289804 0.5634863225 0.7617890834 0.7678961174 0.8222073904 0.7499776644 0.578613199 0.5664307246 0.5718549483 0.61924305 0.7166138992 0.6223662076 0.8167223986 0.6275627801 0.6178558996 0.6558088543 0.8666797461 0.5028341947 0.8644625177 0.8637682551 0.5501384496 0.7748907412 0 0.8523778213 0.6684491284 0.8514485802 0.5753243354 0.8874600665 0.842874819 0.8486676171 0.8375439068 0.741134564 0 0 0.6745936327 0.6703900012 0 0 0.6642274572 0.5253765376 0 0.6186029271 0.6517693883 0.644148196 0.5084388572 0.5040328869 0.510029296 0.7932797735 0.7849049373 0.7564813605 0.751814475 0.6468713534 0 0.6391176299 0 0.8395681707 0.8846393493 0.7210405966 0.8054799598 0.6463896515 0.6429153586
0.7656764402 0.7057008387 0.7859703323 0.7880626649 0.7852571955 0.7767697649 0.8576473193 0.7723571941 0.59010378 0.5755015298 0.5750720503 0.566241608 0.5680283802 0.5614449447 0.7253959982 0.8347725457 0.6535351456 0.8459439282 0.6635802894 0.6623606373 0.5169360469 0.7992039868 0.8743122933 0.7766009719 0 0.854458251 0.8499939517 0.8479030994 0.794132881 0 0 0 0 0.6809174819 0.6822483708 0 0.6859205376 0.7562487478 0 0.680122217 0.6864168192 0 0.5240680843 0 0.6497112457 0.6533041936 0.646826977 0.6491742124 0.6717168935 0.5103375212 0.7836963629 0.7872936568 0.7514968272 0.7573105698 0.622328309 0.6435253614 0 0 0 0 0 0.776217834 0.8173883254 0.7336660392
0.6990727346 0.7064211226 0.7886746058 0.7840741134 0.7884041655 0.7464813909 0.6580278352 0.6513999115 0.8193567741 0.5830603093 0.5662856849 0.7918789053 0.5888631553 0.6005317241 0.5152117101 0.7596943098 0.5756068617 0.6500698753 0.788618424 0.625159518 0.5305705924 0.7153265124 0.6844016745 0.6853882853 0.7367712116 0.6976667984 0.8491260555 0 0 0 0 0 0.6147614338 0.6886913375 0.6788328316 0.8927648184 0.6940438387 0 0.7377496768 0.7381144992 0.8684762506 0 0.5271220526 0 0.6499847961 0.6437431315 0.6480343692 0.6610199125 0.5659368167 0.7792223665 0.7799464951 0.7838670427 0.8229563948 0.8155916976 0.8145044916 0 0 0 0.8351042102 0 0.6678305152 0.6652432781 0.663186257 0
0.6958957752 0.7113262484 0.7855292556 0.7822244335 0.5670877314 0.8701892362 0.7153851278 0.7118680675 0.8787287771 0.523077654 0.5831154526 0.7093844929 0.588265657 0.7258903902 0.7467868109 0.8855096974 0.8494955428 0.7642753954 0.6207207541 0.6167213877 0.6170638697 0.6245414283 0.6330459437 0.7367112427 0.8496182384 0.7181499387 0 0 0 0 0 0 0 0.6795302355 0.6860226612 0.6804659737 0.6881029619 0.6660846576 0.7325619616 0.7284944564 0.7649126174 0.7595270056 0.757822819 0.6454326025 0.6430010668 0.6446771112 0.6520141887 0.6558333696 0.6546185715 0.7783810999 0.7361842931 0.7891565834 0.8184941591 0.8145022828 0.819701849 0.8242036485 0.8374716626 0.8341047816 0 0.5511741897 0 0.6647397408 0.662217598 0.8686068173
0.6958038817 0.8925668908 0.6058788981 0.791488573 0.7899857232 0.8239928682 0.7159766309 0.6406541468 0.7122149009 0.6923614014 0.6751051126 0.6781229282 0.6800479498 0.5676654521 0.5628465006 0.8828582482 0.8785513994 0 0.8772852325 0.7811071372 0.7020477812 0.5939972688 0.7050345139 0.8730812999 0.6920585081 0.8757744817 0.8676494482 0 0 0 0 0 0.8808196117 0.8850093552 0.8409632853 0.5514895067 0.618991287 0.6928289967 0.5110118196 0.6346114943 0.7650167605 0.7576602655 0.8241933996 0.8293377258 0.6437600713 0.6503895989 0.6569368328 0.6556762026 0.8054364683 0.7956363338 0.7868254519 0.7964574662 0.8235459305 0.816372096 0.8186930682 0 0 0 0 0.7355533695 0 0 0.8574009193 0.668523151
0.7938963423 0.7824302263 0.7813266553 0.7829722155 0.7399563281 0.8239562787 0.5969632617 0.6837305391 0.6831208202 0.672888599 0.6789316797 0.6701443124 0.6795023514 0.6887631271 0.5420267376 0.6276473041 0.8794147294 0.8699738654 0.8750356223 0.7086836468 0.6992289537 0.6970425985 0.8280634471 0.8515517897 0.6592623545 0.5568542527 0.8659020544 0 0 0 0 0.8818962529 0.6070139634 0.8717512025 0.8786008006 0.87379473 0 0.5202647097 0 0.5077395759 0.6834265215 0.7582074424 0 0.6776693125 0.6563368889 0.6536212306 0.6568660361 0.790775969 0.8011744708 0.7906775213 0.7938070207 0.7973288059 0.7981006348 0.8282774437 0.8256799304 0 0 0 0 0 0 0 0.8648579481 0.5936814004
0.8864939847 0.7709404746 0.8566315654 0.8254502053 0.8324079511 0.5307445399 0.7976192708 0.6966120652 0.6814307609 0.6796927111 0.6705834864 0.6736933666 0.6798741541 0.8280127022 0.8693853293 0.7952628678 0.8714833644 0.8725562769 0.8774739938 0.5556184086 0.6992410059 0.7038939931 0.7884887219 0.5316890398 0.8025220575 0.7975675357 0.7908681826 0.7877569476 0.7938405506 0 0 0.8780697468 0.8937168013 0 0.8707175041 0.8763672133 0.6414166281 0.514109034 0.6851685302 0.6824178851 0.7593889004 0.7602280332 0.6736703793 0 0 0.6196222788 0.617141579 0.7953447754 0.7900867719 0 0.7918816443 0.7947674731 0.795429447 0.8057857676 0.6109436511 0 0 0 0.5414288676 0.5478287135 0 0 0.8010206572 0.7300339284
0.7669282172 0.8028007002 0.634443281 0.821786613 0.8224797707 0.7043474916 0.8528786499 0.6978538328 0.6878384239 0.6774772343 0.6777438044 0.82266204 0.8239856638 0.8293759295 0.513156583 0.7378312931 0.7410052655 0.7472913149 0.8779964485 0.8479716984 0.7669406293 0.7646302402 0.7690633802 0.8346765143 0.8377270143 0.8357697992 0.7952131754 0.6687651855 0.5919223905 0.7438839081 0.8476825682 0.8832471647 0.8956787577 0.89199795 0.8996014389 0.8783227133 0.5984606471 0.5076218193 0.6926556389 0.6768162101 0.677725491 0 0.6797271224 0 0 0 0.6131063341 0.7889666478 0.7915109004 0.7864608195 0.7858717237 0.7943974718 0.8017970654 0.6023729827 0.6053028851 0.8313844305 0 0.5395341368 0 0 0 0 0.5445871885 0
0.6186121057 0.5810375223 0.5824014048 0.8289569098 0.8262223581 0.7017604694 0.6962179148 0.7085157356 0.6882540729 0.6842922457 0.8276980211 0.8285239072 0.8281088171 0.8325860636 0.8353436136 0.7380821958 0.7415307455 0.7431011572 0.7267339272 0.7757105751 0.7665781693 0.7611843801 0.7674198342 0.7777202118 0.833621827 0.7775400997 0.7834678399 0.5249602302 0.6212815537 0 0 0.9074677917 0.8983933608 0.8898243997 0.8993756143 0.5835659676 0.5940545109 0.7450399712 0.727720816 0.6792100491 0 0.71048638 0.6766061841 0.5260071709 0.6057845664 0.8629506626 0.6220810871 0.7990550355 0.781884565 0.7856128862 0.7918718826 0 0.7984612239 0.5999407842 0.595993172 0.5995134652 0.5952520803 0 0 0 0 0 0 0
0.5749459125 0.5757592312 0.5137977101 0.515643139 0.7286072284 0.7006674666 0.6927838792 0.6959864525 0.6747932761 0.5878008831 0.8368240243 0.8322649643 0.7970618667 0.8058305852 0.8100289194 0.7475261008 0.7386138194 0.6185883053 0.6065945074 0.6052800117 0.7665165307 0.766119099 0.7703039319 0.8283299065 0.8335225154 0.7577956664 0.7637437077 0.7739112796 0.7186344791 0 0 0.8282603937 0 0 0.9090713322 0.5919850171 0.5834518523 0.6027667203 0.6853931678 0.5465733525 0.7504001825 0.8644439712 0.8731550357 0.536077285 0.5983157206 0.7151150115 0.8078840325 0.7886917622 0.7881960765 0.7877336443 0.7877834601 0.7934038981 0.5902610346 0 0 0 0.595728141 0.8587071516 0 0 0 0 0 0
0.5691204272 0.511106942 0.507324383 0.7266312053 0.7132894241 0.7023115742 0.6983608861 0.6976319686 0.7000772761 0.5888697859 0.8550545907 0.6543874509 0.6237404168 0.8127721184 0.8064942097 0.7457785112 0.7514743048 0.7538721367 0.6110062742 0.893373602 0.8266963942 0.7724768611 0.830331384 0.82477572 0.8268173299 0.5322645716 0 0.8791501052 0.769149183 0.7685843446 0 0 0 0 0 0.5901069513 0.5926737137 0.5836610561 0.5813091855 0.5739743322 0.7782875753 0.8704088551 0.8684660719 0.7559582751 0 0 0 0 0.791402499 0.7917094401 0 0.5829542327 0 0 0 0 0 0.8675322881 0 0 0 0 0 0
0.57903207 0.8506705228 0.514501398 0.6543221751 0.6626221253 0.7072520538 0.6990883835 0.7005168295 0.7553202865 0.7618965567 0.6238976236 0.5478273235 0.5209705972 0.5501014627 0.7224020029 0.7162058545 0.7457307277 0.8773942987 0.5532061819 0.6119849738 0.8038661255 0.8349883653 0.8264743174 0.8330296354 0.8298914282 0.5778055582 0.7765925549 0.6568666917 0.7770611813 0.8700899393 0.7662002862 0.9143590337 0 0 0.5581591243 0.5502109855 0.5506179737 0 0.571601445 0.6485927905 0.7770971397 0.7863601113 0.7812311711 0.7814244906 0 0 0.657016508 0.8793910279 0 0.5820709219 0.576835167 0.5759389056 0 0 0 0 0.6040586046 0.5183950219 0 0.8623054351 0 0.8616692405 0 0
0.8760617723 0.871093224 0.5192015443 0.5108408358 0.516693832 0.5228971502 0.5822631356 0.5907611363 0.7623339944 0.7549871854 0.7646067971 0.8687893285 0.5463063449 0.5540212948 0.5588186392 0.5540099006 0.5598762441 0.7546210882 0.5104927284 0.6131030004 0.8681254285 0.5492446152 0.7624153422 0.8285428949 0.554544737 0.5193286399 0 0 0.6332144541 0.7724124602 0 0.7720907157 0 0 0 0 0 0 0 0 0.7848961082 0.7753034339 0.7751401441 0.875751083 0 0.7517840458 0.7570193421 0.8019240427 0.7969310075 0 0 0 0 0 0.5884771869 0.607378715 0.5976749796 0.5182323163 0.5986470447 0 0.8579838971 0.8535505714 0.8531332075 0
0.868359401 0.5214310211 0.5169484376 0.5093718618 0.5142866812 0.5787926118 0.8741290668 0.68672185 0.7624493938 0.7637372848 0.7588513733 0.8597063643 0.5540380487 0.5457977028 0.510255391 0.5507160767 0.557891036 0.7615930206 0.8113486262 0.7171121204 0.5576791197 0.5513237832 0 0 0 0 0.8373161392 0 0.5059442631 0.6546265328 0 0 0 0 0 0 0 0 0.6721200457 0 0.7873011323 0.785222437 0.7819071264 0.7475608067 0.7440802255 0.7524406039 0.5421307028 0.5327635866 0.8043059918 0 0 0 0.6096688607 0 0.5850518047 0.5947798399 0.5967839848 0.597130207 0.600898013 0.8542429194 0.8506975481 0.8571950914 0.8534788948 0
0.8710701378 0.8670516598 0.5181813607 0.5152731342 0.5149170191 0.7328675715 0.6867631055 0.6804210128 0.8477473901 0.8380431949 0.8614478741 0.8660903807 0.5462711503 0.5444919896 0.5436889531 0.5445059128 0.5526372847 0.5856635559 0.5881800886 0.5892098159 0.7070379199 0 0 0 0 0.703443284 0 0 0.8862153482 0 0 0 0 0 0 0 0 0.677632139 0.6692663515 0.7511738735 0 0.7531730789 0 0.7457762617 0.7413372626 0.7441147487 0.744598855 0.8075530661 0.8105279299 0.8099989602 0 0 0 0.5937397655 0.5877695414 0.58958723 0.5904691729 0.5906490846 0.6004661105 0.6420157999 0.847730381 0.8542191379 0 0
0.8631312477 0.8644019424 0.5588781449 0.8290213956 0.5606444003 0.6918219051 0.6896517047 0.6861589596 0.8412859619 0.8434449875 0.6499317213 0.7952745553 0.5538917421 0.5448153604 0.5510001053 0.5895788902 0.5842764206 0.5853626097 0.5846693199 0.5714846835 0 0 0 0 0 0 0 0 0 0.6414438495 0 0 0 0 0 0.6590863491 0.6606513798 0.6506990156 0 0 0 0.7485935849 0.7521808393 0.7511438151 0.7457958094 0 0.7467016315 0.7536687293 0 0 0 0 0.5995252561 0.5960091743 0.5906248643 0.5921450431 0.5913817433 0.593043179 0.643293015 0.8482028652 0.8520812673 0 0 0
