landscape/hab_quality/256/simulation_000068_p047_h043_HABMAT_patch_more_500pix_modified.asc_ac_0.5_quality.asc
NCOLS 513
NROWS 513
XLLCORNER 0
YLLCORNER 0
CELLSIZE 9.980507
NODATA_VALUE NaN
[rows 248 to 278 of 513, columns 0 to 69 of 513]
0 0 0 0.5336587432 0 0 0 0 0 0 0 0.7928028805 0.7981309188 0.8079121821 0.7923916389 0.7937160671 0.7648210916 0.771054651 0 0 0.6599689981 0.7140508877 0.8434923302 0.641922595 0.5731375158 0.573175794 0 0 0 0 0 0 0 0 0 0 0 0.5744866478 0.5682553509 0.8650584585 0.6810224546 0.6831598288 0 0 0 0 0 0.6186905511 0.6251832901 0.8255913907 0.8218137047 0 0.8206808518 0.8251209431 0.7623192475 0.7543507832 0.7544793215 0.7523894622 0.7597024719 0.5163113713 0.5058629456 0.5041627541 0.5080143915 0 0 0.6764392715 0.7988211234 0.8305652938 0.8196179965 0.8134234958
0 0 0.6354619492 0.6637366091 0.6577538806 0 0 0 0 0 0 0.8012528646 0.8045839873 0.8053226107 0 0.7755093166 0.771408143 0.7625052908 0.7615280547 0 0.8511931997 0 0 0.5843068276 0.5740945439 0.5791862944 0.5739366295 0 0 0 0 0 0 0 0 0 0 0.5765587807 0.6412630835 0.898393632 0.6831668315 0 0 0 0 0 0 0.6735492184 0.6262409492 0.828045859 0.8125245017 0.8124125331 0.8185246754 0.8122573813 0.833705937 0.763107469 0.7616889093 0.7583122022 0.7096310674 0.5161781085 0.5102555975 0.5138458337 0 0 0 0.7937995696 0.7990045722 0.7950922017 0.8089612937 0.8126741007
0 0.6462341705 0.6448521132 0.6595646815 0.6559588765 0 0.6743387707 0 0.8565479042 0.8968184279 0.8724777797 0.527044298 0.8089058943 0 0.8432262675 0 0.7712728212 0.7641593476 0.7596485849 0 0 0 0 0.7591334596 0.6801195423 0 0 0 0 0 0 0 0 0 0 0 0 0.5182994759 0.5801840023 0.6361387708 0 0 0 0 0 0 0 0.6209499942 0.5909919883 0 0 0.8055685211 0.811156328 0.813126134 0.8222826926 0.68840334 0.8476477543 0.640488138 0.5214029219 0.7518421406 0 0.5569947264 0.5584969393 0.8155580087 0.8026976162 0.7992061866 0.7922149623 0.7995276675 0.8044352628 0.8140291139
0 0.6424622104 0.9038182966 0.6441390017 0.7269827379 0.6650760534 0.5439989102 0 0 0.8702782971 0.8684560811 0.561581354 0.6333416996 0.57005507 0 0 0.7738372912 0.7631887741 0.769355777 0.5130621769 0.7589699413 0.7525552895 0.7503085633 0.640996806 0.6796475204 0 0 0 0 0 0 0 0 0 0 0 0 0.7403494232 0.7378487106 0 0.6342025705 0.6390347267 0.7570825833 0 0 0 0 0.6258663066 0 0 0 0.8056192327 0.803952846 0.8125303999 0.8131062762 0.8291395777 0.8285614569 0.830145324 0.5551893053 0.6640288033 0.5631457577 0.5542095546 0.5585840783 0.8067856783 0.8061769583 0.7987786713 0.7979013581 0.7952924682 0.8051764434 0.8010172217
0 0.8995743549 0.8964852964 0.8991178764 0.638306609 0 0.7818126751 0.8581914842 0.865697172 0.8608587729 0.8628348614 0 0.5615316144 0.5642553016 0 0.5614311854 0.5660976621 0.7813229621 0.8057386333 0.6148383266 0.753197161 0.7590876761 0.7544447729 0.7585828845 0.685479359 0.6876064706 0.6904056664 0 0 0 0 0 0 0 0 0 0.7901246715 0 0.7327910791 0.8599788774 0.6366597519 0.6358227619 0.67940161 0 0 0 0.6057306897 0 0 0 0 0 0 0.8115656034 0.8206342347 0.8258206512 0.8344910842 0.8834701408 0.5472015487 0.548539275 0 0.5615183218 0.5573785087 0.8146314761 0.8057753652 0.8010282653 0.7973222076 0.7979420943 0.79673877 0.7975335415
0 0.8054313273 0.8958377934 0.8908676551 0.6059768054 0.5722115775 0.7719767608 0 0.856651139 0 0 0 0.565092515 0.5597965286 0.550613867 0.5567637149 0.5601448503 0.6452540534 0.8772560517 0.75872145 0.726168159 0.6475415718 0.6482438142 0.5671029672 0 0 0.5618484974 0.8990677172 0 0 0 0 0 0 0 0.6193843087 0 0 0.7371593504 0.8466450148 0.5795436023 0 0 0 0 0 0 0 0 0 0 0 0 0 0 0.8273486686 0.5438133697 0.8158656942 0.5426116664 0.5435761589 0.5570733327 0.8586939366 0.6624968388 0 0.8045446185 0.8042212938 0.8038986711 0.7982459584 0.8037182889 0.7985105623
0 0.537172155 0.9007985026 0.8955722487 0.7384391322 0.7638357449 0.7698523028 0.8629982322 0 0 0 0 0 0 0.5499709569 0.5595436395 0.5661027269 0.8675522742 0.717976485 0.7157916432 0 0.6535809792 0.6569436791 0.7737655455 0 0 0 0 0 0 0 0 0 0 0 0 0 0 0 0.5107349271 0.5138890509 0 0 0 0 0 0 0 0 0 0 0 0 0 0 0.5232960581 0.5382138877 0.5376664564 0.5397580653 0.5521578673 0.6636970564 0.6679385043 0.6458196736 0.7919939461 0.8083367672 0.8076022716 0.7503057843 0.8084471872 0.8028781461 0.6434321195
0 0.6713673657 0.6739573158 0.7456315493 0.771506878 0.7680389335 0.7685882854 0 0.7252101859 0.7345618058 0.7720966147 0.5768082908 0 0 0.5502750958 0.55058451 0.5692476401 0.8715695307 0.5194047365 0.7137659025 0 0.7072185438 0 0 0 0 0 0 0 0 0 0 0 0 0 0 0 0 0 0 0 0 0.5267596065 0 0 0 0 0 0 0 0 0 0 0 0 0.5305376408 0.5315369498 0.5311307441 0.5716278008 0.5243750103 0.6135243771 0.662816214 0.6684364479 0.6672271097 0.5005359069 0.808780254 0.8124717653 0.7590175962 0.7532208357 0.881895451
0 0.6672813337 0.6717998669 0.8827698974 0.8847373554 0.890767489 0.8923908542 0.7296406016 0.7326781804 0.5883139231 0.7729262708 0.7641198167 0.7593098117 0.7612904728 0.5525187533 0.8601226771 0.5580365653 0.5587580947 0.5499063673 0.551704259 0 0.7082528927 0 0 0 0 0 0 0 0 0 0 0 0 0 0 0 0 0 0 0 0.8355619934 0.8306746767 0 0 0 0 0 0 0 0 0 0 0 0 0.5287713761 0.5256126487 0.5216355336 0.5229232607 0.5267746455 0.6562630112 0.6577244082 0.6613229732 0.6698488144 0.6694040284 0.518200227 0.730407684 0.7634220018 0.7561936051 0.7475623754
0 0.6664227596 0.667126225 0.8888320085 0.8827052207 0.8889761354 0.8966014709 0.7724688833 0.7717126809 0.7663932592 0.7637125681 0.763415799 0.7575570183 0.7631487401 0.7678162401 0.8614295942 0.5601039886 0.5566450217 0.5165038288 0.5427933977 0 0.6590741708 0 0 0 0 0 0 0 0 0 0 0 0 0 0 0 0 0 0 0 0.8340898607 0.8292978346 0 0 0 0 0 0 0 0 0 0 0 0 0.5338435221 0.5287863574 0.5249912644 0.5303548375 0.5315691675 0.6593856299 0.6520986205 0.6597286574 0.6619456704 0.6704497293 0.5155249624 0.5181783978 0.7609259207 0.5505629742 0.755052443
0 0.6575385898 0.6628619038 0.869648179 0.5640513443 0 0.8935411305 0.7763288152 0.7705228698 0.769501567 0.7664751275 0 0.7618325388 0.7582449694 0.6226072253 0 0.5650563988 0.5588074111 0.5518899678 0.5430655336 0 0 0 0 0 0 0 0 0 0 0 0 0 0 0 0 0 0 0 0 0.7279464309 0.732765307 0.8223718825 0.8220640905 0.8173114846 0 0 0 0 0 0 0 0 0 0.8701490018 0.5387244554 0.6935704525 0 0.6895179903 0.6925976553 0.6538929901 0.6600123901 0.653196632 0.6715006085 0.6656627513 0.6694569127 0.5160514971 0.7472400055 0.7478497746 0.7454533557
0 0.65763227 0.6653674898 0.6592588689 0 0.656737119 0.6598543273 0.660584776 0.706058783 0.8110387161 0.8040336858 0.7647873654 0.6295043109 0 0 0 0 0 0.558373229 0 0.5960168701 0 0.813851221 0 0 0.61641118 0.6995495723 0 0 0 0 0 0 0 0 0 0 0 0 0 0 0 0 0.8155322609 0.8220142398 0 0 0 0 0 0 0 0 0 0.7033773569 0.693513203 0.6901778209 0.6865880112 0.690400813 0.6958616879 0.7747015387 0.8558215682 0.6730386909 0.670361493 0.6735516358 0.7897700212 0.7679233023 0.7746462047 0.7413111277 0.7512295771
0 0.6670365678 0.6608278916 0.6576070699 0.6552845221 0.6516212189 0.6556976529 0 0.8161481443 0.8072438769 0.8041601934 0 0.6648621409 0.6346997554 0 0 0 0 0 0 0 0 0.8082226112 0.8078884278 0.6909131655 0.6910697215 0 0 0 0 0 0 0 0 0 0 0 0 0 0 0 0 0.8254695886 0.8242678208 0.8199805399 0 0 0 0 0 0 0 0 0.7099987638 0.6024346187 0.5884136317 0.6895255259 0.6868263059 0.6956659947 0.6928298155 0.6937161671 0.6286146411 0.6755133346 0.7652244928 0.7648417069 0.759452852 0.7646698626 0.7580791599 0.8135484361 0.8580533767
0 0.6611306645 0.6663027239 0.6573363293 0.6497304272 0.6594009945 0.6612408181 0 0 0.8095903314 0.8098951577 0.6170853916 0 0 0 0 0 0 0 0 0 0.8085024909 0.8047189116 0.8077645787 0.6878778936 0.685713545 0.6863166445 0.5766663046 0 0 0 0 0 0 0 0 0 0 0 0 0 0 0 0.8342138836 0.8300457451 0.8280646364 0.5879433275 0 0 0 0 0 0 0.6891795022 0 0 0.701693236 0.6986288011 0.6983952927 0.7013670478 0.6976812429 0.6977137545 0.6971704969 0.7618133192 0.7557004453 0.7567397303 0.7578996033 0.7677088151 0.8145754535 0.6690298152
0 0.6667308613 0.6601355386 0.6497540634 0.6586230317 0.6517614231 0 0 0 0.8438626028 0.7966136733 0 0 0 0 0 0 0 0 0 0.8110843025 0.8084334633 0.8022557923 0.804681306 0.6924524201 0.8556682771 0.686992094 0 0.5774481287 0 0 0 0 0 0 0 0 0 0 0.7985518357 0.7861079133 0 0.887069479 0.7959915004 0.7964656079 0.7936370888 0.7939399815 0 0 0 0 0 0.5797595022 0.8863572341 0 0 0.6980028807 0.7031414348 0.7041377851 0.6985982515 0.5778613431 0.6459265873 0.6536564498 0.7530837341 0.7510561171 0.7534713465 0.7545141105 0.7051175809 0.815078148 0.6709127012
0 0.6602970051 0.6655555131 0 0.6634551194 0.6588292228 0.6559247408 0.6679173922 0 0.6719833865 0.7332977834 0.775949751 0.845859577 0.8403947413 0 0 0 0 0 0.8209651279 0.8137169669 0.8114591145 0.8109748605 0.808113629 0.8144617602 0.6892549394 0 0.6915413236 0.5859469583 0 0 0 0 0 0 0 0 0 0 0 0 0.7313979139 0.6930467217 0.7992797357 0.7933940178 0.8015135247 0.6760763595 0.6770326171 0.70920579 0.7019000966 0.7049189499 0 0 0.8033986898 0 0 0 0.7055710405 0.7087284045 0.8301974357 0.6459671643 0.6449969967 0.7614502649 0.7517675637 0.7450881744 0.7484980662 0.7600989547 0.6984548316 0.8064561694 0.6695497082
0 0.6928982733 0.666170129 0.5687618008 0.6634355999 0.5459568886 0.6608445148 0.6167815837 0.6763676222 0 0.8815432076 0.6275846775 0 0.8389113474 0.8342683114 0 0 0 0 0.8167139045 0.5076928636 0.571393804 0.7646843875 0.6432152769 0.7273067057 0.6156014798 0.5489801693 0.5476466827 0.6726605801 0.6778871013 0.8359849916 0 0.7328676624 0.8729440383 0 0.56294952 0 0 0 0.7426170831 0.7647007531 0.7346664014 0.8127993351 0 0.8027955093 0 0.6757978739 0.6742862236 0.7028150142 0.7079213197 0.7076657242 0.611957028 0 0.8008094367 0 0 0 0 0.642337197 0.6470806565 0.6386255439 0.6428214265 0.7576819569 0.7527729324 0.7542187761 0.8444831992 0.5787957235 0.7044125697 0.6999027855 0.6734803055
0 0.7705830676 0.7623884269 0.7623805201 0.5190322205 0.6182942022 0.6111455629 0.6216969337 0.6204987694 0 0.8963117273 0.7712094039 0.8407902478 0.8412798999 0.8357414115 0.8378588453 0 0 0 0.6120386167 0.6101044577 0.5267501471 0 0.6286731743 0.8861504194 0.7093138145 0.5441147432 0 0 0.6747797742 0.8055477408 0.7397504476 0 0 0 0 0.7261320024 0.7261627778 0 0.777639576 0.7773584061 0.7794909579 0.642101004 0.8093745858 0 0 0.6771929415 0.6822430988 0.6808928817 0.6845571728 0 0.6884583764 0.8054516381 0 0 0 0 0 0.638307369 0.6378737472 0.6475668138 0.6414431645 0.7571328036 0.7627509576 0.8163537735 0.6211971098 0.5857398661 0.6400582763 0.8583473695 0.8547282842
0 0.8957463133 0.7656726896 0.5507275309 0 0 0 0.6074781912 0.6322238467 0.619012471 0.8439611909 0.6803803215 0.8421615841 0.8417482942 0.5330266145 0 0.8702845419 0 0 0.6090528019 0.6112087726 0 0 0 0.7044109878 0.8611328388 0.705563717 0.7686837145 0 0.5280507318 0.5270813561 0.6840852088 0.6335722474 0 0.6254089138 0 0.7226006273 0.7229775388 0.5682563053 0.8667253892 0.769929001 0.7793373631 0.5295736135 0 0.5486952604 0 0.5285598935 0.6842541447 0.6866319039 0.6876347738 0.6880953491 0 0 0 0 0 0 0.7280745203 0.6439015171 0.6383337578 0.6426084201 0.775189641 0.7651900241 0.6802778504 0.7629096761 0.6149123127 0.8701005889 0.8774123049 0.8592196479 0.8519556229
0 0.7943140484 0.6782414609 0.6794148785 0.7990854883 0 0 0 0 0 0 0.8214053536 0.8355318193 0.5406316253 0.5614216514 0.5594722247 0.7437008964 0.7442938965 0.7397024026 0.6044064798 0.6123193267 0.5346272641 0.5389391403 0 0 0.7014611892 0.7044694239 0 0 0.528123426 0.5265614526 0.527683123 0.636154637 0.6314557078 0.6332414813 0.6299054923 0.7297902815 0.7264447709 0.5765484537 0.7768002022 0.7768647583 0.7781945208 0.7834910351 0.5379907777 0.8085183268 0.5400461179 0.6153585839 0.6576809234 0.5007815497 0.7535299761 0.6971150285 0 0 0 0 0.7049447384 0 0 0.6416010608 0.6438166705 0.6477707398 0.6477410758 0.7850488805 0.7720962285 0.6110761396 0.8136244334 0.8790564696 0.8688553544 0.8746304796 0.8557514792
0 0 0.6750225085 0.5007847033 0.7033821183 0.8353269783 0.8257240173 0.8223334644 0.8194847988 0.8258265736 0.8206855067 0.8303521128 0 0.7989653356 0.8039979408 0 0.744613424 0.7347904371 0.8965060188 0 0.6063708375 0.8819415596 0 0 0.6978121945 0 0 0 0.6151557107 0 0.5266807005 0 0 0 0.6329257057 0 0.8453399921 0.8454732438 0.6187058275 0.61454807 0.6220856556 0 0.5316076813 0.6471715043 0.6478165316 0.8600719079 0.8162909232 0.6560996108 0.6489716656 0 0.7732339388 0.5552244629 0.7322469673 0.7253908705 0.8273180448 0.7076206115 0.7035320955 0.7077618748 0 0.7219280973 0.7072899059 0.7774771045 0.6286623467 0.8209753371 0.8107536653 0.5543626162 0.8876402838 0.8788788152 0.8720541883 0.6597137307
0 0.6703347653 0.6826800131 0.5024887991 0.7089924983 0.7011656827 0.8257134624 0.8237432983 0.8259505354 0.8169034529 0.8267653402 0.8216658699 0.8292306441 0.8124734556 0.8033333987 0 0 0.7352847869 0.7395609281 0 0.8461363157 0.7771097529 0.7750916183 0.6622466306 0.6539740474 0.65927879 0 0.8583197629 0 0 0 0 0 0 0 0.8476715925 0.6133456059 0.6092190359 0.6080332783 0.6144593684 0.62404326 0.5370677805 0.8967661831 0.6474541608 0.6450352445 0.6486144568 0.6461780001 0.6489056072 0.6552894418 0 0 0 0.8954149621 0.7255625738 0 0.7062466964 0.709264756 0.7049541613 0 0.5863809732 0.5811351138 0.8157533393 0.8166998614 0.8114633126 0.6530349006 0.6524048851 0.8853538307 0.8692539726 0.8656457135 0.8692436579
0 0 0.6790506595 0.6813555589 0.8409222282 0.8295000929 0.8320575918 0.824547823 0.8175186159 0.8249411658 0.8258549402 0.8294199145 0.828641562 0.8107764194 0.8025961187 0.8015439639 0 0 0.7466494537 0 0 0 0 0.6614273357 0.663364534 0.6577835678 0.659351668 0 0 0 0 0.7228915907 0 0 0 0.6164694959 0 0.6060018003 0.6094537707 0.792090297 0.7183973643 0 0.8632373415 0.6420761542 0.7152062952 0.6412228279 0.6510113335 0.5603621615 0.6550484403 0 0.621578955 0.576901324 0.544586854 0.5486269583 0 0.5598984395 0.5680762058 0 0 0.5801116634 0 0.8422277197 0.8106315033 0.8177938081 0.647748939 0.643523734 0.6380223502 0.8649955163 0.8604089654 0.8693195488
0 0 0.6836123489 0.6876541721 0.8351139179 0.8307128171 0.9018367102 0.8939900963 0 0 0.8295468433 0.8295143026 0.89827615 0.810910438 0.8059606151 0.8111613302 0 0.6886030206 0.6060206611 0.5979881396 0.5932071725 0.5942848349 0 0.8614345528 0.6248608393 0 0.7335816129 0.9014349416 0.8916750088 0 0 0.5345999878 0 0.8281655151 0 0.6112709822 0.6112027289 0.6068781722 0.6099591714 0.6141911975 0.6789637269 0 0 0.6470589039 0.6416508338 0.6453689795 0.6463165824 0.62786377 0.7188857553 0.7214769314 0.5746329844 0 0.5421290898 0.5443726323 0.5492509149 0.5517933999 0.5569866478 0.7355656945 0.584706927 0.8786736241 0.8758336407 0.8173711666 0.8159707565 0.6286891144 0.6317517376 0.6328292702 0.6372065769 0.8693754048 0.8682539708 0.867603331
0 0 0.6883876482 0.6897833962 0 0.5213118378 0.9038303429 0 0 0.8119820596 0.830154506 0.8350994634 0.832704511 0.8091946563 0.8065675244 0.8077966802 0.8177673443 0.875264119 0.6021991761 0.5979826004 0.5995195449 0.599800421 0 0.908005884 0.8983690048 0.9001614445 0 0.8925044453 0 0 0 0 0.8325624897 0.8386827637 0.8348814627 0 0.6197403017 0 0.6156081155 0.8299543351 0.8279866774 0.6530247406 0.8407120243 0 0.6261286231 0.6199271897 0.6258462599 0.6270584481 0.5983550842 0.5774493689 0.7094130445 0 0 0.5403054487 0.5435580379 0 0 0.7335433738 0.7295282052 0.8768998517 0.8274469191 0.8255178201 0.818988586 0.6298514738 0.62827871 0.6299230622 0.6317199373 0.6398006717 0.5799381034 0
0 0.6922651933 0.6949132444 0.7860570717 0 0.9076461667 0.5498892388 0 0.8055544528 0.8015855816 0 0.8032195015 0.5336109406 0.5822391196 0.6294381884 0.7068056702 0.7036123351 0.7044356964 0.6053955943 0.6977887569 0.6354388875 0 0.6322133215 0 0 0 0 0 0 0 0 0 0 0.8247545625 0.5674663544 0.6271495302 0 0 0.8379423396 0 0.8374807882 0.7569432045 0 0 0 0.6188247033 0.6245492768 0 0.897943603 0 0 0 0 0.5474654844 0.5420460151 0.5493547902 0 0.8649166036 0.7368113605 0.8289987671 0.8307896864 0.8264704438 0.8237535935 0.6283748385 0.6317351821 0.6315272385 0.6333460825 0.6440729644 0 0
0 0.7233145231 0.6195515526 0 0 0.8991104105 0.6476082129 0.5408055667 0.7971472917 0.7961591639 0.7982441913 0.8020776219 0.8099361244 0.8249581718 0.7787465687 0.7047172457 0 0.7069450366 0 0 0.5580332815 0 0 0 0 0 0 0 0 0 0 0 0 0.8613759922 0 0 0 0.7260628137 0 0.5445060808 0.5022450564 0.5106601347 0.5103925972 0 0 0.6287271886 0 0.8099827591 0 0.8925031605 0.8059885031 0.7744407616 0.5498085165 0 0.5469769207 0.5500056956 0.8584449624 0 0.8745266427 0.7197548483 0.715033198 0.7192500061 0.8302238324 0.688972126 0.6824568532 0.7995371664 0.6832837731 0.6650953803 0 0
0 0.7416133473 0.7416813798 0.7420030366 0.8937696376 0.8961894712 0.6899986137 0.5486723321 0.7991278569 0.8042437002 0 0.800880914 0.8101127515 0.6782141904 0.9020709994 0.7084819507 0.53204033 0.5469620621 0.6485266808 0.5508489804 0.5630810086 0 0 0 0 0 0 0 0 0 0 0 0 0.6246790012 0.6418749655 0.8582131432 0 0 0 0 0 0 0 0 0 0.593138751 0 0.8149589058 0.8014963886 0.7979722039 0.7741832002 0 0 0 0 0.854155219 0.8546082249 0 0.8588756296 0 0.7141798411 0.7207584163 0.691926309 0.6879608519 0.6837664923 0.6871797236 0.7955907502 0.8496569073 0 0
0 0.7400167702 0.7373964605 0.7440468751 0.7414438062 0.8877222978 0.8897130568 0.5533597351 0.758353582 0.6114337037 0.6054824878 0 0.9023180411 0.8931635028 0 0 0 0.5479496895 0.5443175787 0.5447551202 0.5571997009 0 0 0 0 0 0 0 0 0 0 0 0 0 0.6153450147 0.8539075135 0.8536479016 0 0 0 0 0 0 0 0 0 0.8203925303 0.8144579777 0.7770180422 0.804246497 0.7979885577 0 0.867295199 0.8580338584 0.857495465 0.8555610856 0.8476263818 0.8505633844 0.8579735827 0 0.715825193 0.717902177 0.6943979567 0.6967664999 0.6471023007 0.8752431097 0.6679453679 0.8514853396 0 0
0 0.6649867121 0.6672922499 0.7345971418 0.7417932131 0.8876581041 0.882209238 0.879086545 0 0.6045447863 0.6035873648 0.5871825465 0 0.7970598388 0.8990518029 0 0 0.5529766395 0.5441410916 0.5536144637 0 0 0 0 0 0 0 0 0 0 0 0 0 0 0.6415343161 0.7700539838 0.8469458519 0 0 0 0 0 0 0 0.7517662743 0 0.8198122365 0 0 0 0.5541493144 0.8539608705 0.8679568733 0 0 0.8531845948 0.856603421 0.8494800023 0 0 0 0 0.5648250191 0.8451203041 0.8505109459 0.6419689726 0.5407007442 0 0 0
0 0.6624123032 0.664800106 0.6717442335 0.8808826927 0.8775188514 0.877760006 0.8869673976 0.5170134788 0.6347017155 0.6016994593 0.7907719402 0.5117152468 0 0.7932554411 0.8568779342 0 0 0.5455317795 0 0 0 0 0 0 0 0 0 0 0 0 0 0 0 0.7183448148 0.5302762891 0.6316607061 0.8488695062 0 0 0.8249018331 0 0.8644522447 0.7525429178 0.7515895593 0.7418298798 0.7516556101 0 0 0.5938032112 0.5999354915 0.559882004 0 0 0.8596029848 0.8649963855 0 0.8532325258 0 0 0 0 0 0.8469464047 0.8449569652 0.7086450273 0.7021067026 0.5544395188 0 0
