landscape/hab_quality/256/simulation_000047_p029_h077_HABMAT_patch_more_500pix_modified.asc_ac_0.5_quality.asc
NCOLS 513
NROWS 513
XLLCORNER 0
YLLCORNER 0
CELLSIZE 9.980507
NODATA_VALUE NaN
[rows 324 to 359 of 513, columns 80 to 159 of 513]
0 0.7494145311 0.7498266913 0.5367383493 0.8419607055 0.5293547422 0.7146661899 0.71144171 0.7189091806 0.872565313 0.8789012004 0.5558016003 0.802938918 0.6032287064 0.5937701842 0.5847392541 0.5945308446 0.6067361015 0.5983093781 0.5947290586 0.8607957915 0.8576920433 0.8567426519 0.5615146026 0.5586228017 0.5743023138 0.7920251237 0 0 0.8776113667 0.5126727288 0.5666916348 0.562486502 0.7084309603 0 0 0 0 0 0 0.5067994418 0 0 0.8921863875 0.893068882 0.8891988131 0.8942662952 0.8810303702 0 0 0.6633634716 0 0 0 0 0 0 0 0 0 0 0 0 0 0 0 0 0 0 0 0 0 0 0 0 0 0 0 0 0
0 0 0 0.5280530764 0.527328054 0.5332890146 0.6027357431 0.7165284061 0.8714343548 0.8059800773 0.8760913014 0.5861837606 0.6419598461 0.5942965535 0.5932304304 0.5924781852 0.5865275203 0.6064442964 0.6002412316 0.6725406335 0.5988501536 0.8644482034 0.8626999963 0.6948500016 0.6912338765 0.6907465258 0.7889008978 0.7873599877 0.7926562338 0.8422728932 0.5747118042 0.5743788778 0.5737412926 0 0.8832896563 0 0 0 0 0.7833211353 0.6343614461 0.6400708324 0.5821121283 0.5235235805 0.9091136966 0.9027493928 0.9033738842 0.8943667782 0 0 0.659496691 0 0 0 0 0 0 0 0 0 0 0 0 0 0 0 0 0 0 0 0 0 0 0 0 0 0 0 0 0
0 0.6581652343 0.6561491989 0.5279164527 0.532978754 0.6678313373 0.7174215103 0.8079997056 0.7999599112 0.8015897467 0.818715688 0.8903261792 0.5801061299 0.778656716 0.8310692729 0.8988923064 0.8787195933 0.6527584454 0.7409176301 0.6701701458 0.6633126929 0.6606434765 0.6641525301 0.6976134194 0.6899984454 0 0.7791739808 0 0.6071623035 0.8414341504 0.7110113358 0 0.5778475336 0 0.8823762084 0 0 0 0.6329639625 0.7144717116 0.7105219123 0.6315209561 0.6368303957 0.5909140918 0.9092542481 0 0.9085324785 0 0.8952962201 0 0.6680146259 0 0 0 0 0 0 0 0 0 0 0 0 0 0 0 0 0 0 0 0 0 0 0 0 0 0 0 0 0
0 0 0.6645161625 0.6167006026 0.7162723778 0.713795272 0.8118327702 0.5301770103 0.52540559 0.5593524677 0.8860347567 0.5856992486 0.5896671249 0.5760202167 0.7399412739 0.8262280804 0 0.7052333691 0.6872958248 0.6707039821 0.6691778748 0.6685390262 0.8638319127 0 0 0 0.7825727109 0.7831744175 0 0 0 0 0 0 0.8901451964 0.8900049821 0 0.6276792295 0.7111400974 0.7096006232 0.7160924765 0.723969257 0.6350432279 0.5415557862 0.9197117969 0.917279443 0.9116685199 0.9153041959 0.7885946828 0.7892542302 0 0 0 0 0 0 0 0 0 0 0 0 0 0 0 0 0 0 0 0 0 0 0 0 0 0 0 0 0 0
0 0 0.6402535799 0.8918743349 0.7175000517 0.6477764294 0.6515318919 0.6438858105 0.5211976951 0.6309901595 0.636210483 0.73883029 0.7196355283 0.7199983178 0.7230034014 0.8325176453 0.5424386898 0.889506212 0.6850234746 0.6785265318 0.6715213579 0 0.6741891771 0 0 0 0 0.523869351 0.7180190235 0 0 0 0 0 0.5645375278 0 0.56001955 0.5668247625 0.7187140198 0.7119999534 0.7165406482 0.787526533 0.5334381714 0.5425007985 0.702708544 0.7614768102 0.5584256604 0.7542065599 0.7822116376 0.7448100224 0.7443272881 0.5325431863 0.8352261529 0 0 0 0 0 0 0 0 0 0 0 0 0 0 0 0 0 0 0 0 0 0 0 0 0 0 0
0 0.5116544804 0.7433917449 0.6661651999 0.8914271249 0.6480068262 0.6472711706 0.6480237879 0.6387704216 0.6299104963 0.6316102789 0.6329602231 0.7227381049 0.7192214779 0.5008802704 0.6555807455 0.6515198371 0.6562320277 0.8865149301 0.677480266 0.6724464721 0.6794695201 0 0 0 0 0 0 0.5460818856 0.5412839267 0 0.5568982173 0.8271557716 0.6444995175 0 0.5617521788 0.5613481641 0.5570198792 0.7831179174 0.7775868454 0.7190203217 0.699758865 0.6857446686 0.6401699884 0.6477007203 0.6462943438 0.8986446561 0.7919329562 0.7879514004 0.799020919 0.8063152731 0.8236392246 0.8331638908 0 0 0 0 0 0 0 0 0 0 0 0 0 0 0 0 0 0 0 0 0 0 0 0 0 0 0
0.5027932245 0.5053691896 0 0 0 0.653861032 0.6431196287 0.6396498707 0.6323399901 0.6354213599 0.6316736144 0.6406850905 0.7192746602 0.721567043 0.5936904658 0.6544409308 0.6479648595 0.6556262804 0.66133378 0 0.6850028969 0.6855730972 0 0.8175067868 0 0 0.5606476602 0.5560151553 0.5418435823 0.5427174406 0 0 0.8363187874 0.6471431211 0.6312281788 0.5645462848 0.8403503113 0.6992937792 0.7737998504 0.7817157958 0.7910307988 0.6790495107 0 0 0.5818420635 0.7792898401 0.6460990173 0.6434851756 0.6484845775 0.8493777957 0.6517862634 0 0.826323921 0 0 0 0 0 0 0 0 0 0 0 0 0 0 0 0 0 0 0 0 0 0 0 0 0 0 0
0 0 0 0 0 0.7738053007 0.6464918871 0.66241185 0.641751174 0.7133424926 0.8646016257 0.57031095 0.5833633768 0.8368213457 0.8323696207 0.5291401377 0.6504557075 0.649994192 0.6606589216 0.6031180687 0.8247977955 0.5327404613 0.5345829946 0.7106569973 0 0.718811893 0.5618448619 0.5521992096 0.5581481045 0.5554516736 0.5594429959 0 0.5355972084 0.8798937663 0.5781264555 0.5711991356 0.7774304162 0.7771352511 0.6537984039 0.5689647555 0 0.5600546072 0.565681275 0.5708710152 0.6004718899 0.8162954725 0.6501506976 0.6480500893 0.6517105387 0.8508915618 0 0.8508507895 0 0 0 0 0 0 0 0 0 0 0 0 0 0 0 0 0 0 0 0 0 0 0 0 0 0 0 0
0.8361530976 0 0 0 0 0.6262848281 0.894160876 0.5821190089 0.799525544 0.5726027385 0.5796424783 0.5757213623 0.579852625 0.824705353 0.8273897423 0.5419448958 0.8297508037 0.6632221569 0.6284924954 0.6217020841 0.7634906268 0.7241032813 0.7075526598 0.7072191506 0.7051658826 0.7065718858 0.6988662245 0.5620509906 0.5527300976 0.5547937165 0.5391380023 0.5332103137 0.5315868447 0.7954435033 0.525973019 0.8798768949 0.5747258017 0.8060368589 0.5754738187 0.5760785297 0.5683855357 0.5597006561 0.5656204286 0.5663134233 0.7281774882 0.5856671385 0.6502721717 0.6724352145 0.8023129562 0 0.8044437957 0 0 0 0 0 0 0 0 0 0 0 0 0 0 0 0 0 0 0 0 0 0 0 0 0 0 0 0 0
0 0 0.8825423552 0 0.8799834773 0.7021829244 0.8024625344 0.7885917651 0.501444188 0.585648746 0.5777819067 0.5803223941 0.826720768 0.8260570805 0.8197505476 0.8230309026 0.8326378492 0.8310824088 0.6289704762 0.6313247763 0.613216134 0.7184972751 0.7154593547 0.7053268851 0 0 0.7586160079 0.5539341696 0.5563317233 0.5589502531 0.5373877161 0.5294240352 0.5267273066 0.51884868 0.6134890411 0.6070900784 0.8851640047 0.8104764095 0.5751902374 0.5688220253 0.5690436142 0.5642530339 0.5611194633 0.5700904404 0.7261297484 0.5954893206 0.5922530307 0.5126931642 0.7994396912 0.7958123831 0.8019111171 0 0 0 0 0 0 0 0 0 0 0 0 0 0 0 0 0 0 0 0 0 0 0 0 0 0 0 0 0
0.6384127359 0 0.8841977633 0.8791240694 0.5992307406 0.5981931328 0.6009637023 0.5987253344 0.7946669811 0.5409128959 0.5818133346 0.5787613687 0.5882007707 0.8263408516 0.8294379216 0.8245784879 0.8251837132 0.8254214015 0.8877274399 0.6151543467 0.7349222752 0.7010006343 0.7128539435 0.7122815127 0.7116966726 0.6043004976 0.7097370308 0.7046629127 0.7046841009 0.7015733017 0.5331633342 0.5288306221 0.5304673347 0.8696058268 0.5267581994 0.601668987 0.8197978607 0.5827508035 0.7619089821 0.7138504914 0.7040802739 0.7004915336 0.6519104325 0.5670170221 0.6105750571 0 0 0 0.7963110473 0.7975824724 0.5569745967 0 0 0 0 0 0 0 0 0 0 0 0 0 0 0 0 0 0 0 0 0 0 0 0 0 0 0 0 0
0.633640203 0.6373147142 0 0.5647431572 0.5928533378 0.596851104 0.5981118872 0.6002903364 0.542625168 0.7671585443 0.8030238271 0.5577231881 0.8314188865 0.8320021797 0.8302057624 0.7356428436 0.897569468 0.6344858522 0.5889554877 0.5972017552 0.5942556802 0.7212420996 0.8956637585 0.7166434857 0.6130704748 0.8582435614 0.7130257666 0.7050852859 0.6958466917 0.7611431178 0.7680570592 0.7068217846 0.6300443084 0.6351340747 0.8701988467 0.5285586854 0.5249456072 0.5227022026 0.5524887237 0.6289639081 0.543443964 0.5389270188 0 0 0 0 0 0.7991705545 0.7938950638 0.7904038306 0 0 0 0 0 0 0 0 0 0 0 0 0 0 0 0 0 0 0 0 0 0 0 0 0 0 0 0 0 0
0.8812172001 0.881924697 0.7792461095 0 0.8896296438 0.5899875207 0.5945333523 0.7538397229 0.8876122831 0.5576057077 0.5502760216 0.6924207416 0.836482518 0.8320151287 0.7285833175 0.6076553891 0.556019521 0.7397822527 0.5917151765 0.5883676951 0.5982806406 0.510607258 0.514464194 0.86660212 0.5718952455 0.834457321 0.7056699035 0.7048936085 0.7014214201 0.7671037302 0.7609463302 0.7585491153 0.7645023962 0.6377507142 0.7324054412 0.5288765018 0.5217490763 0.5940785172 0.7841343507 0.5494733453 0.5471277538 0.5452286894 0.6008651039 0.6028221396 0 0 0 0.5387391815 0.7952359066 0 0 0 0 0 0 0 0 0 0 0 0 0 0 0 0 0 0 0 0 0 0 0 0 0 0 0 0 0 0 0
0.8766906902 0.8838547274 0.6887747055 0.593625067 0.5881769298 0.5959801286 0.555251436 0.545334975 0.5469018704 0.7720467121 0.6902632623 0.688657325 0.6900036028 0.826002024 0.7383354117 0.8107587644 0.6837743039 0.7403899182 0.5981592048 0.5919961592 0.5926839413 0.5088327346 0.5149221242 0.5181145472 0.5005531824 0.5031519711 0.8914115008 0.7045220849 0 0.76120597 0.7637546592 0.7624755018 0.7641795625 0.6540647693 0.6002334785 0.5282311217 0.5296026817 0.7685537211 0.5853669407 0.7751411214 0.7762203664 0.5523091811 0.6026710428 0.6024270559 0.7847934778 0 0 0 0 0 0 0.5437565697 0 0 0 0 0 0 0 0 0 0 0 0 0 0 0 0 0 0 0 0 0 0 0 0 0 0 0 0
0.8865393606 0.8791503159 0.6885201662 0.5941908292 0 0 0.5550462445 0.5507483553 0 0 0.7671622961 0.8308455956 0.8343935017 0.6146559096 0.8775691434 0.7185137014 0 0.6497188496 0.5271188588 0.8447784793 0.5117033282 0.5621109914 0.5149848669 0.75674281 0.8652012237 0.5024873719 0.8046390553 0.6802601397 0.7721460976 0.7701455057 0.6841237648 0.6593587503 0.6510847154 0.6535182014 0.9034387053 0.8986512903 0.7763044009 0.7680058037 0.7673906684 0.7767294391 0.782645244 0 0.7797751 0.7831055366 0 0.7882874123 0.7879688323 0.6784471169 0.677669059 0.6768759749 0.6777405888 0.6858079356 0.7681393742 0 0 0 0 0 0 0 0 0 0 0 0 0 0 0 0 0 0 0 0 0 0 0 0 0 0 0
0.5918880353 0.6894597917 0.6750647157 0.651041592 0 0.5595024016 0.7830156689 0.5578848128 0 0 0.8312759594 0.8258450483 0.8258850795 0.6609445721 0 0 0 0 0.9073685667 0.9008936202 0.6235887129 0.5161627422 0.8680146739 0.8597085896 0.862451144 0.7773828416 0.684549848 0.6780045712 0.6826558241 0.6768607783 0.6794852059 0.6768647957 0.7750462828 0.6574061306 0.9023130801 0.9050942793 0.7371079888 0.7728145085 0.7718900141 0.7714261775 0.7806822438 0.787090655 0 0 0.7872481658 0 0.7920489411 0.6647222753 0.6702894672 0.6622294438 0.6772278495 0 0 0 0.5175185101 0.5150213358 0 0 0.692236829 0 0 0 0 0 0 0 0 0 0 0 0 0 0 0 0 0 0 0 0 0
0.7953958593 0.8852198996 0.6661059147 0.5700205431 0.835001378 0.8073746991 0.5197392254 0 0 0.6148223224 0 0 0 0 0 0 0 0 0 0.8976700265 0.8994928752 0.5209393154 0.5119142419 0.625889761 0.8648557022 0.6720116123 0.6696082384 0.6736101069 0.6752203688 0.6800523585 0.6861774864 0.6809692492 0.8926574273 0.7772347757 0.5407770869 0.7018143282 0.7736056344 0.7794069558 0.7729084177 0.7794210262 0.7738226113 0.7283121363 0 0 0.8150227902 0.8051107857 0.6692403374 0.6690579262 0.6616336541 0.6640889586 0.7945953672 0.7524847931 0.7446789539 0 0.5248231975 0.5190531903 0 0.5256422353 0 0 0 0 0 0 0 0 0 0 0 0 0 0 0 0.8487891107 0 0 0 0 0 0
0.7345626081 0.7570959809 0.6142988415 0.6180906654 0.7836813463 0.7605494996 0.6015365082 0 0 0 0 0 0 0 0 0 0 0 0 0 0.9056524545 0.5395972831 0.5386041395 0.7796258117 0.6693789923 0.675393735 0.6718191532 0.6667832567 0.6744690193 0.6786858649 0.5753728056 0.9003334984 0 0.8943642605 0.5519418294 0 0 0.5725350104 0.7864080724 0.8016773216 0.5846624161 0.5798181026 0.5892549955 0.897412804 0 0.8063963416 0.6640886599 0.6598108761 0.6597328079 0.660132327 0.7945453508 0.7490637257 0.7493225616 0.744575788 0.7524695308 0.7508318012 0.522943614 0 0 0 0 0 0 0 0 0 0 0 0 0 0 0 0 0.5481124569 0 0 0 0 0 0
0 0.604869708 0.6103251571 0 0 0 0 0 0 0 0 0 0 0 0 0 0 0 0 0 0.562021064 0 0.8734004011 0.6363756613 0.580569819 0.6799516576 0.6690582938 0.6709045323 0.6720214555 0.552946744 0.5558484284 0.7490363039 0.6364582739 0.7108680283 0 0 0.6726994956 0.8872982723 0 0 0 0.5795028711 0.5793603097 0.5862346627 0.5865712932 0.6664513627 0.766550719 0.6616368064 0.6663228483 0.6684885403 0.6681287335 0.7873791505 0.7525152808 0.7489488547 0.7446486229 0 0.5316863413 0 0 0 0 0 0 0 0 0 0 0 0 0 0.5295172295 0.5233242972 0.8744419523 0.7683496781 0 0 0 0 0 0
0.8566907237 0.6131396062 0 0 0.8133092058 0 0 0 0 0 0 0 0 0 0 0 0 0 0 0 0 0 0.8653513083 0 0.6267361018 0.6259357524 0.5839458506 0.6721813133 0.8527082037 0.6770041142 0.5308701447 0.5318185992 0.8951954426 0.9022658406 0.6691253338 0.5949074267 0.8869980997 0 0 0 0 0 0.5837493722 0.5796809974 0.5869025807 0.6621725167 0.6614735113 0.6551648574 0.6534089441 0.6581848115 0.6597708405 0.7863763738 0.7793126169 0.7805797625 0.7543365783 0.753233978 0.8141446212 0.5371246019 0.5353336682 0.5326985693 0 0 0.7786629711 0 0 0 0 0 0.8232252992 0 0.6452921654 0.6484403805 0.6456045124 0 0 0 0 0 0 0
0.8489624562 0.8293552019 0.6730487122 0.8582373951 0 0 0.6110307904 0 0.5614382446 0.6071333501 0 0 0 0 0 0 0 0 0 0 0 0 0 0.8750451368 0.6977883787 0 0 0 0.677977501 0.5889706599 0.6216956543 0.8839629123 0.8956997714 0.8928765041 0.8896630991 0.8887461712 0.5534241784 0.7508773901 0.5601696318 0.7174023263 0 0 0 0.5874191228 0.5874563225 0 0.6631784232 0.6586050789 0.6532046743 0.6535316261 0.6629410311 0.7851274383 0.7819848383 0.7887681315 0.7269300987 0.8145046481 0.8178287676 0.5612867519 0.5319066688 0.587620616 0 0 0.7889996025 0 0 0.7834841075 0.7753411576 0.7750552051 0.7803523304 0.7305994657 0.7370653579 0.6407474644 0.6485749036 0.504211768 0 0 0 0 0 0
0.8265356298 0.5850718277 0.6995183175 0.5342982705 0.7100302042 0.6150480381 0.8651774312 0.6023694742 0.6023951534 0.6038443569 0 0 0 0 0 0 0 0 0 0 0 0 0.6691149875 0.6557116565 0.6087549024 0.877539692 0 0.6730319922 0.711747506 0.7792351175 0 0.6912658518 0.8782467154 0.6832565925 0.8870138939 0.8962244427 0.5508832035 0.550597435 0.6451391753 0.527962177 0 0 0 0.6940977382 0.592186247 0.6209117994 0.6685592598 0.6629191536 0.656862873 0.6542578454 0.6639706499 0.7835301527 0.7914124298 0.7909284443 0.6783240151 0.6051313068 0.6297068367 0.7384888651 0 0 0.7374782733 0 0.5076444767 0.7915646493 0.7850391691 0.7793065349 0.7788116816 0.7716608613 0.7741453822 0.7293156229 0.7292178284 0.7345837292 0.8131422623 0.8692128293 0.526535808 0 0 0 0 0
0.7894830085 0.788470699 0.7844571792 0.7903472516 0.594716285 0 0.7381351358 0.7572882304 0.5943928479 0 0 0 0 0 0 0 0 0 0 0 0 0.8704634353 0.7050173901 0.8444804074 0.8711103549 0.6160396259 0.5305960617 0 0.8452500274 0 0.7732579876 0.8686615092 0.5897033722 0.7594692143 0.8626759758 0 0 0 0.5521810133 0.5550585622 0 0 0.5681969669 0.5936550344 0.8589244305 0.6056411932 0.6013483932 0.6652124204 0.6573302323 0.6650778043 0.6572599319 0.6658728212 0.7233377062 0.5141303513 0.6756736076 0.8930642307 0.7394532766 0.7314834022 0 0 0 0 0 0 0 0.7849944895 0.7768530188 0.7794690682 0.7732974011 0.7340706504 0.7326802414 0.7274867096 0.7337312094 0.5302305519 0 0 0 0 0 0
0 0.7810774108 0.7888322593 0.7961713592 0 0 0 0.5983734441 0 0 0 0 0 0 0 0 0 0.5825294607 0 0 0.5763865029 0.5728693766 0.8450438523 0.8425909873 0.6523619094 0.8692080662 0.8694986844 0.7144970055 0.7819031688 0.543055703 0 0.5892720781 0.5909567718 0.582095928 0.5849039235 0.7385809519 0.5500300294 0 0 0.6342584176 0.5522064546 0.8157449394 0.7655909236 0.5506637301 0 0.5982733163 0.5996476056 0.6041262601 0.5055547383 0.6588418866 0 0.7634722428 0.651905017 0.6635452403 0.8656515805 0.6767232506 0.7343342191 0.7359993618 0.5832197999 0.7300652145 0.8337604251 0.8316090586 0 0 0.7288137182 0.7859246453 0.7945449402 0.54143749 0.5752337331 0.5953447674 0.7283630094 0.7285821379 0.751475755 0.5239583252 0 0 0 0 0 0
0 0 0.7881765873 0.7896786983 0 0 0 0 0 0 0 0 0 0 0 0 0.5797342829 0 0 0.5691532622 0.5691790378 0.8490076284 0.8488647235 0.596134689 0.5956234314 0.5948474332 0 0.5772392706 0.7306711606 0 0.5822355489 0.5771353792 0.581655899 0.5900133639 0.8426798787 0.8415679147 0.7777945654 0.8718534021 0.7557125237 0.5969226171 0.661787989 0.5446851278 0.5407779438 0.5464744793 0.5472837962 0.5921397034 0.5976940831 0.6091040899 0.8730377079 0.7773366582 0.596749839 0.8924895268 0.6489266427 0.6468798 0.6530177922 0.7617547646 0 0 0.8433703172 0.8395501928 0.8317741423 0.8337930485 0.8371416549 0.761081104 0.843964487 0.8620262742 0.6440812471 0.6452166597 0.6410677517 0.7346691883 0.7317700731 0.7324926351 0.526189355 0 0 0 0 0 0 0
0.6301419431 0.5151967279 0 0.5526399671 0 0 0 0 0 0 0 0 0 0 0 0 0.5770780723 0.5697763918 0 0.5647046871 0.5718433255 0.8555906275 0.8484747915 0.5409574098 0.5867023222 0.7189375296 0.8419702392 0.7213120994 0 0 0.5857477193 0.5766792639 0.5832778166 0.6258004203 0.8389189915 0.8421354632 0.867047965 0.7495645896 0 0.6545483202 0.6535772255 0.7171383462 0.5475075547 0.5406014518 0.5443424951 0.786808556 0.7331065955 0.6109609234 0.803033726 0.8892380538 0.5938840675 0.8691489745 0.6505544696 0 0.6548112541 0 0 0.6545758162 0 0.5217429723 0.8385544161 0.8399624935 0.753350883 0 0.5052604036 0.8341519781 0.6674274124 0.637278538 0.6449767229 0.6358255382 0 0 0 0 0 0 0 0 0 0
0 0 0 0.6998524774 0 0 0 0 0 0 0 0 0 0 0 0.5657535398 0.5705197509 0.5698839323 0.5607324344 0.5681452411 0.5743987709 0.8503758819 0.848715358 0.5902576981 0.702761154 0 0.714723804 0.7160317722 0.6086614064 0.6171538173 0.5824120174 0.5818417079 0.5817444508 0.835261953 0.8385716444 0.8465982746 0.8468533929 0.8488928752 0.6196859994 0.6588407477 0.5820079664 0.5556875566 0.5431161906 0.5444021124 0.7816004124 0.7822645442 0.7942013357 0.6893317502 0.6888836854 0 0.5345865395 0.7038212791 0.6466164195 0.7763478559 0 0 0 0.6480500404 0.6433723856 0 0 0 0 0 0 0 0.6422254371 0 0.6368956229 0.6432962149 0 0 0 0 0 0 0 0 0 0
0 0 0 0.6917270322 0 0 0 0 0 0 0 0 0 0 0 0.6945126755 0.5675864526 0.5608306739 0.5682406855 0.5696891173 0.5749511369 0 0 0 0 0.6946226971 0.7087839624 0.8408923808 0.6074140139 0.6078595496 0.8495168526 0.8423888604 0.8401865366 0.8338738 0.8375043404 0.8343364988 0.8470307608 0.8404566028 0.6625482556 0.6589575234 0.66206265 0.8031895686 0.7959832993 0.7897692087 0.7870325889 0.788141869 0.8161353534 0.6881015551 0.6956781041 0.7461836456 0.5294568229 0.5260147328 0.5311109006 0.5088787399 0 0 0 0 0.6392981976 0 0 0 0 0 0 0 0 0 0.6399170467 0 0 0 0 0 0 0 0 0 0 0
0 0 0 0 0 0 0 0 0 0 0 0 0 0.6062691098 0 0.5749286922 0.6663249165 0.569649503 0.5740772384 0.5710075381 0.572863393 0.7411174541 0 0 0 0.709562449 0.7118621086 0.7177050108 0.72357719 0.849841712 0.8455396968 0.8493323386 0.6119053884 0.8341703462 0.828084979 0.8350877988 0.8403961334 0.8409278171 0.8426685228 0.5334054288 0.8734457778 0.8154032339 0.779877689 0.7991943882 0.7910747707 0.7410487895 0.6923912413 0.6915266648 0.7448709581 0.7491730738 0.7517805549 0.6112070852 0.6189010813 0.6187871076 0 0 0 0 0 0 0 0 0 0 0 0 0 0 0 0 0 0 0 0 0 0 0 0 0 0
0 0 0 0 0.5052269999 0.6445538295 0.6405869129 0 0 0 0 0 0.5971602373 0.6069797705 0.7471941597 0.6825849791 0.5878365046 0.5821570968 0.5794431866 0.5726296337 0 0 0.7324620998 0 0.7162080273 0 0 0.6613582747 0.6651402008 0.6653704609 0.5739040176 0.8177793838 0.8391470346 0.8360960549 0.8367048833 0.8319411453 0.8403740551 0.8471773423 0.8424358247 0.8770053943 0.6439497296 0.7294898815 0.8142175121 0.8078251953 0.880140168 0.8060423086 0.6486020017 0.5866278255 0.7484923696 0.7495026374 0.661124414 0.6113997163 0.6095673697 0.6175130335 0.6198179725 0 0 0 0 0 0 0 0 0 0 0 0 0 0 0 0 0 0 0 0 0 0 0 0 0
0 0 0 0 0.5141913332 0.8063389961 0.5945971648 0.6661270488 0 0 0 0.6034543854 0.6041898248 0.6046347732 0.6876149705 0.7745237549 0.7808631681 0.5774041719 0.572724251 0.5808707158 0.577495774 0 0.6173924654 0.7358073944 0 0 0 0 0.660569592 0.6668767663 0.8133574034 0.8146435983 0.8460045543 0.7077567855 0.8187861209 0.8325499003 0.8413556193 0.7886783238 0.8502042434 0.6352548171 0.6414459128 0.8230914698 0.8149666147 0.8070035111 0.7990068911 0.8076558238 0.5890775312 0 0.8497006226 0.7359257546 0.7357115033 0.6353461732 0.6088588511 0.6182584401 0.6590225911 0 0 0 0 0 0 0 0 0 0 0 0 0 0 0 0 0 0 0 0 0 0 0 0 0
0 0 0 0.8067076166 0.7995313668 0.5346219228 0.8968503991 0.664344833 0.6247847047 0 0 0 0 0.6360401456 0.5926529385 0.6367706224 0.6023650305 0.5770371006 0 0 0 0 0.8884427006 0.8107714848 0.8196803934 0.8218337466 0 0.6653761484 0.6667751891 0.6875851867 0.8096319854 0.8133362799 0.8177912437 0.5654259419 0.5480596993 0.7273805197 0.6994843499 0.6985208532 0.5772007052 0.791702876 0.6416156217 0.6552552904 0.8149742622 0.806137711 0.6486117741 0.6532741893 0.6500636472 0.7209209351 0.7435759534 0.7351612249 0.8524493903 0.6151844986 0.6155995855 0.7562426303 0.6330741983 0 0 0 0 0 0 0 0 0 0 0 0 0 0 0 0 0 0 0 0 0 0 0 0 0
0.6074495203 0.6084513056 0.6158370966 0.8189076362 0.8213913601 0.8203383442 0.5878863501 0 0 0 0 0 0.6417097542 0.6380719957 0.6320705849 0.6346954128 0.5978551132 0.7286133768 0.5849407602 0 0 0 0.8037697105 0.5946401828 0.5552599591 0.8141183369 0.7951864056 0.6696016497 0.6692626715 0.8130981072 0.8075317694 0.8088472216 0.820939088 0.6035532076 0.5683641682 0.8717158363 0.7275265363 0.559637301 0.7109021375 0.5970779741 0.6475398512 0.8907690354 0.6260763236 0.6483208405 0.6491297244 0.6437207131 0.6441027409 0.6501550319 0.7367416663 0.5583847568 0.8116604439 0.6167831285 0.7947723969 0.8984798842 0.7334209358 0 0 0 0 0 0 0 0 0 0 0 0 0 0 0 0 0 0 0 0 0 0 0 0 0
0 0.5020436938 0.7133224427 0.7434120505 0.812890527 0.6295548902 0.5627959416 0.781556667 0 0 0 0 0 0.6381573729 0.5907893244 0.5787339716 0 0 0 0 0 0 0 0.5060644073 0.5280853231 0.820937516 0.8194831136 0.5246792815 0.5179395222 0.8125279245 0.813826038 0.8166876287 0.5982881547 0.6048877539 0.7330249335 0.8791547861 0.5623308831 0.5099397277 0.5110208529 0.5103711451 0.8162031731 0.8317444354 0.6801089153 0.6511298462 0.6480983614 0.6495437978 0.6429612521 0.6519787 0.6504011802 0.6540155482 0.7248874051 0.8040719754 0.5473336527 0.5641435876 0.8514461096 0 0 0 0 0 0 0 0 0 0 0 0 0 0 0 0 0 0 0 0 0 0 0 0 0
0.619801097 0 0.6126256414 0.8206776954 0.8657633068 0.6552497408 0.6287640506 0.9013282952 0 0 0 0 0 0 0.662869938 0 0 0 0 0 0 0 0 0.8172468684 0.8167679999 0.8697867146 0.8649309497 0.6768564991 0.5309770668 0.5207519509 0.8208856405 0.6161791724 0.6037155663 0.5988359782 0.6680201834 0.8832589783 0.6751016175 0.5997682501 0.505108129 0.7481916636 0.5923481117 0.6414692686 0.8226867139 0.6438288291 0.6802546587 0.6508848505 0.6496247031 0.6482202118 0.6518724451 0.6550754961 0.8005832585 0.5162544917 0.7961936142 0.7180213783 0 0 0 0 0 0 0 0 0 0 0 0 0 0 0 0 0 0 0 0 0 0 0 0 0 0
0 0.5178652184 0.7641334493 0.5642493279 0 0.8598550569 0.8685960539 0.9015408069 0.8951698415 0.8981878298 0.5468199911 0.880027096 0 0.745951718 0.7676514086 0.8435975131 0.6146207988 0.6121881453 0.5218859347 0 0 0.834105759 0.8248822835 0 0.814846061 0.8692888136 0.8621937937 0.6158666053 0.7442230012 0.700007956 0.774343963 0.6799328307 0.6719139322 0.667114934 0.7532695555 0.660249196 0.5216328046 0.5133858031 0.887005364 0.8862997258 0.8876380485 0.6470199705 0.6409443161 0.6364211638 0.6393748062 0.6556017719 0.6507097003 0.6503129517 0.656593993 0.8124137897 0.6379479767 0.7908878848 0.6559032687 0.8778327488 0 0 0 0 0 0 0 0.7131381911 0.7092668306 0 0 0 0 0 0 0 0 0 0 0 0 0 0 0 0 0
