landscape/hab_quality/256/simulation_000034_p069_h089_HABMAT_patch_more_500pix_modified.asc_ac_0.5_quality.asc
NCOLS 513
NROWS 513
XLLCORNER 0
YLLCORNER 0
CELLSIZE 9.980507
NODATA_VALUE NaN
[rows 300 to 324 of 513, columns 228 to 284 of 513]
0.8131920258 0.8081990463 0.8124502399 0.8176460197 0.7508955563 0.8606701713 0.6385212953 0.8576176294 0.8486059526 0.8492873275 0.7407263456 0.8343050022 0.8376218907 0.8323201478 0.830978808 0.8247480008 0.8242590679 0.825605717 0.8734440576 0.8661259061 0.8569336078 0.8434652021 0.843283445 0.8447190225 0.6152192885 0.6226368607 0.8655824554 0.859116058 0.8650724841 0.869861057 0.8651055045 0.8676903685 0.6416533345 0.5631134287 0.5650939961 0.7160057943 0.701252307 0.5355905615 0.7015939512 0.6337512663 0.6470144708 0.5602292365 0.6384157973 0.90354842 0.8924863194 0.8933207036 0.8845244219 0.8845503593 0.6456752716 0.6960937245 0.6132076779 0.6089495265 0.6115436102 0.6301411421 0.6362323536 0.7681672114 0.5653202898
0.9097667129 0.9101788217 0.9057296432 0.9107592751 0.7547467231 0.7522913361 0.6354726069 0.8515750861 0.8488433767 0.8504509938 0.7344335647 0.5237249474 0.8381493446 0.8356972999 0.8313690478 0.8344673981 0.8335472685 0.7645920202 0.8663746987 0.8736715057 0.7514445535 0.6330961303 0.6346022815 0.6349615793 0.6169232205 0.6203188979 0.8603808666 0.8622517628 0.8669632048 0.5097509559 0.8599385318 0.8912781014 0.8915887842 0.5677571917 0.8851560935 0.5953887354 0.5945943343 0.5862563977 0.8562337763 0.7028314171 0.652689402 0.6435196029 0.6007433739 0.90467999 0.8997483811 0.8921751362 0.8876954271 0.8868325076 0.7861291081 0.7718718865 0.7908585947 0.6180837372 0.613352095 0.629919448 0.6334260158 0.6439897454 0.5672229288
0.9078401738 0.901785339 0.8544916419 0.9086270209 0.922922131 0.7983355566 0.6375430469 0.6263900396 0.6251729374 0.7343418831 0.7285708878 0.7315138583 0.7332760884 0.8161851277 0.6325227994 0.7627446338 0.7563098192 0.7585482986 0.730554151 0.8683502363 0.8697068332 0.6658462062 0.6298181243 0.6351326825 0.9008424836 0.892318949 0.8320957688 0.5453621216 0.5109077737 0.8969296247 0.8910301207 0.5088680623 0.8969400484 0.5723334208 0.5709660211 0.5894791627 0.5890444009 0.5955179311 0.5912717559 0.6009480647 0.6472481556 0.8913212321 0.7432514114 0.6320375705 0.8992407009 0.8996927871 0.8996766213 0.9088783736 0.8665053633 0.7751244079 0.7655604168 0.59011334 0.70385851 0.6340555331 0.815858915 0.6893709665 0.5683220437
0.8981100139 0.9035519069 0.9038108921 0.9157744091 0.8350272906 0.8584083238 0.6120755004 0.5446743041 0.6164848393 0.7370143661 0.7285178587 0.7356529944 0.7329088717 0.6080765697 0.7056284768 0.7602240918 0.754845066 0.7590130072 0.8741694768 0.8657677059 0.8717498721 0.6372988367 0.6340661044 0.6356114337 0.5721901036 0.9011168963 0.5151993597 0.5112592744 0.5071365321 0.619775394 0.8998964546 0.8982243634 0.748346679 0.7496847156 0.6388369567 0.7855002584 0.7819873669 0.8376032016 0.8300340625 0.8717188486 0.6415860281 0.5045265442 0.6352679803 0.6351092854 0.908558238 0.6803841878 0.9040457472 0.9036618865 0.9098889075 0.6081984463 0.869335112 0.8585741942 0.8596887986 0.712634082 0.8005415443 0.5702220047 0.563930252
0.9036691075 0.6555887262 0.9090260455 0.9151298354 0.9171689846 0.8491300909 0.5629092739 0.6078879632 0.6137144382 0.7291763546 0.7304847583 0.728766128 0.6241689536 0.6229653193 0.8358342392 0.835933259 0.6359213526 0.8937978141 0.8679187014 0.8702350944 0.874045887 0.8751880919 0.8187892703 0.6886444501 0.8157103104 0.7809251107 0.5134407991 0.5062430485 0.512466989 0.5214074001 0.5225136246 0.8691557448 0.7574710481 0.7481957495 0.7520983998 0.7812156617 0.5244333833 0.8954427001 0.891023993 0.7309035859 0.6196927806 0.6138289659 0.8923581389 0.6360563346 0.7284465561 0.9087016105 0.9075433543 0.7815209469 0.7855324267 0.6047613866 0.5989359411 0.5985546129 0.8636208374 0.6833024336 0.7469857576 0.8090107015 0.5666849979
0.9078822785 0.6571063585 0.6568075083 0.5799047689 0.6704755827 0.698055824 0.6155025457 0.6152812235 0.615010728 0.7353466035 0.7347262248 0.7375028131 0.6162280904 0.6191516254 0.6226543684 0.5386479729 0.5412730422 0.5411285661 0.8873158814 0.8834219909 0.8764132712 0.879162007 0.5202476021 0.7294086688 0.7766592812 0.6962172546 0.506448427 0.5066685719 0.511890524 0.8807450684 0.812379887 0.6927189481 0.75450295 0.7152236784 0.7709014787 0.6526818572 0.640077631 0.6770863328 0.7193690408 0.5145690785 0.6103073237 0.6072939137 0.6005518131 0.6037310928 0.5438865448 0.9079091613 0.5452652279 0.7827051234 0.7803290859 0.5927889103 0.5950165784 0.7375084186 0.6051348926 0.6119096759 0.7220261366 0.6770966124 0.7911110529
0.7206315654 0.6203900547 0.7428666939 0.5705833935 0.7048728275 0.6162766723 0.6603170021 0.7664649289 0.7906419141 0.7444888723 0.5040402085 0.7408631667 0.5229054958 0.6155795809 0.5276123787 0.5264038664 0.5329028166 0.5340016001 0.8841974124 0.8897711967 0.5312770507 0.8821757382 0.8891492686 0.8525860402 0.5745187491 0.5666234245 0.5514360518 0.5473567879 0.5534405972 0.5299291753 0.8128309409 0.5712707654 0.7993650134 0.7803492654 0.5672575071 0.5048398562 0.5861304115 0.6875074834 0.5257987463 0.6139784302 0.8918729512 0.6053050824 0.5973051577 0.606163289 0.6102351161 0.5507857952 0.787636198 0.7779006541 0.7856129292 0.5944402433 0.5916915676 0.593741496 0.5616228304 0.525622177 0.6781077732 0.6749141712 0.6717498314
0.7180425938 0.639836763 0.5755738858 0.6371261538 0.6369275947 0.5473637709 0.5377479533 0.7846350387 0.5617797428 0.6308308464 0.7507497587 0.742681704 0.6156042818 0.7653702081 0.5322121044 0.5245508233 0.5306342421 0.542152673 0.790935202 0.6285067296 0.5974535466 0.5919587325 0.5903368175 0.5739905234 0.5656146994 0.7710406378 0.7746058105 0.7721347858 0.5474475575 0.5105048367 0.554686718 0.6515578913 0.8974481164 0.8690582804 0.8835471576 0.8387198889 0.8971404178 0.506355529 0.8242612517 0.6091307005 0.6058206382 0.6022235212 0.6015994081 0.6029964988 0.5517657183 0.7240796527 0.6238938876 0.7863962776 0.6501012818 0.5941633394 0.5993182528 0.5955496419 0.8392110144 0.6222272281 0.8225995981 0.6765927586 0.8048957024
0.7217626436 0.6333760115 0.6315438982 0.6321048387 0.913470423 0.7105919058 0.7924843642 0.5350342969 0.7980433258 0.6917719717 0.6343571049 0.749584121 0.5527445336 0.7472459872 0.5272907939 0.5302425545 0.5252606524 0.8107447081 0.7855409607 0.7427996399 0.505887531 0.5900610021 0.5927067823 0.6919415968 0.7683425211 0.7669215959 0.7651177306 0.7605740014 0.7654625409 0.7295603455 0.6608759771 0.57857787 0.5803442315 0.577418503 0.5449028233 0.8790817939 0.5513423893 0.8184283301 0.8363074738 0.6319830279 0.5722139639 0.5716666206 0.5707561306 0.6065883649 0.6129147406 0.616822911 0.6169120676 0.5453713841 0.8452912896 0.844528239 0.8383591511 0.8368178913 0.6051344883 0.5528478627 0.6124140283 0.5647658228 0.8054566824
0.7216982435 0.7247367964 0.623502895 0.8263339265 0.9053621815 0.8983418173 0.8940363786 0.9016963305 0.7670284985 0.7944620264 0.5039922337 0.6377323221 0.7402314658 0.6426092126 0.8298791831 0.8950605634 0.8264744792 0.8066095643 0.7473234985 0.737541329 0.7461155388 0.5245625025 0.5858703294 0.5919999294 0.7724517303 0.7675915384 0.7624064576 0.7602550228 0.7642749653 0.5329101116 0.8720296748 0.61322694 0.5746054596 0.5811532634 0.5630726796 0.7044045899 0.8824134406 0.8477972021 0.8144792366 0.6068785007 0.5661548862 0.5635894603 0.5731425388 0.6111896069 0.6109428269 0.6175700175 0.6266541136 0.7429975572 0.7347745289 0.6198138683 0.8421252359 0.8429276609 0.8382506037 0.8016275035 0.8921683202 0.598780028 0.8083761348
0.7247600914 0.7198630202 0.7245479829 0.7196176555 0.7187446004 0.8988699658 0.8934745109 0.8967344695 0.6405439493 0.6256607631 0.6353831224 0.630437365 0.6361603103 0.6373886589 0.6378010188 0.826787486 0.5586367819 0.6315076069 0.7413697203 0.7446303187 0.5798063845 0.5903873773 0.5867788656 0.7130573159 0.7676296118 0.768072515 0.7609388221 0.763613212 0.7692813111 0.816078258 0.5902499055 0.5824417071 0.5803679401 0.8064791658 0.8898597458 0.8811237551 0.8844195288 0.8905067276 0.7585321667 0.7521539685 0.7338896686 0.7268149556 0.7320175665 0.7171837041 0.7251837924 0.7616751194 0.5734940089 0.5735628807 0.5722412744 0.7962179505 0.885906919 0.7957898792 0.7942017414 0.8893601505 0.8920208351 0.5996317669 0.5970399429
0.7235256724 0.7148077813 0.7146281348 0.7145555387 0.7160945652 0.89579597 0.8975573558 0.8984054648 0.6394084187 0.626825598 0.6255176371 0.5653341864 0.6310459567 0.6339865038 0.8194632921 0.8268731435 0.8895235075 0.8887729208 0.8789833587 0.8584327884 0.5331336478 0.7222643595 0.7191235113 0.7130676256 0.7210363971 0.5234924904 0.7685782291 0.729802615 0.5881939051 0.5891809742 0.5912700218 0.6037070553 0.5565408196 0.5986339502 0.8866729848 0.8824858569 0.881409594 0.5977631323 0.7462436915 0.7502820081 0.7320646492 0.7240615043 0.7150888925 0.7215317708 0.7247215788 0.877027007 0.5669119827 0.566133 0.5746526456 0.6853111676 0.6154020926 0.5338029116 0.6070169666 0.7964775103 0.8915000368 0.598037918 0.6669147294
0.5612421338 0.7214937218 0.7101134256 0.7091377971 0.7127279321 0.7184549226 0.8870570936 0.637356241 0.6361199302 0.6338978789 0.6268284378 0.6273109794 0.6347651846 0.6343925726 0.6364493306 0.8289201533 0.6637277302 0.8856618363 0.5600308767 0.5318526148 0.5283424693 0.7203266769 0.7274207028 0.5241705803 0.5232207743 0.5225988618 0.7801899484 0.7886927452 0.5807191492 0.658535616 0.8952981996 0.8568930734 0.5951798094 0.5453682788 0.8868363594 0.7433212654 0.88701678 0.8645379623 0.7432063049 0.7199985397 0.7288917388 0.7163625637 0.7144685936 0.719953046 0.7248961848 0.8690144894 0.576103791 0.5741764056 0.5747511175 0.6738173473 0.6568508564 0.6575831638 0.8294775789 0.7309203487 0.6667592439 0.5849702516 0.5907504733
0.7192787534 0.7217992899 0.7154934591 0.7147733847 0.7094971591 0.7164893756 0.6401252259 0.6436982268 0.6378423446 0.6304022594 0.6295042004 0.6336452315 0.6291240584 0.6174583822 0.5926988015 0.5707238353 0.7013418679 0.8150415589 0.8196323537 0.816959639 0.5353049008 0.5319124903 0.7873756898 0.7866953957 0.9045311149 0.5175108974 0.5180824427 0.8083222055 0.6023622028 0.833591673 0.8680405384 0.8601996425 0.8547760504 0.8626715857 0.8220144067 0.6679820756 0.894457658 0.7511966235 0.5617570387 0.5927104916 0.7188449851 0.718618473 0.7208334607 0.7229428154 0.7247164926 0.7360871326 0.737821686 0.5771154064 0.5301666114 0.7018209675 0.6607591811 0.6546223031 0.6584516123 0.6621219533 0.8948486294 0.5916569836 0.8722305366
0.72089069 0.7160100826 0.7174256924 0.8524165902 0.718027152 0.7154808066 0.7482259509 0.7495871914 0.6395726121 0.6364384258 0.639371887 0.6370274416 0.619950237 0.6138236726 0.6213240731 0.5700209636 0.6709938264 0.8227664876 0.8131503162 0.8162446085 0.8257205715 0.8721290272 0.7873673824 0.9041888211 0.8965128157 0.8936313044 0.9017383198 0.5936219515 0.5029158627 0.5575868137 0.8644702454 0.8619702246 0.8641096158 0.7609040049 0.7852649812 0.6580400439 0.6253994447 0.5417497184 0.741716225 0.8388173772 0.7244898448 0.7282607743 0.7188939293 0.7327358248 0.7317886754 0.7335003921 0.7424295744 0.7577505407 0.6518127526 0.6502948829 0.6435129544 0.7131049926 0.6583428308 0.6633743037 0.5406754404 0.5878503683 0.700631744
0.8881190379 0.8888132588 0.8764051636 0.8763284856 0.5294191125 0.7448162049 0.7438599936 0.8738513427 0.8738070526 0.8672433592 0.5928171529 0.6222850079 0.6198927698 0.7728428072 0.6209372866 0.5781141064 0.5786360998 0.8219590589 0.8133637135 0.8206824827 0.8286892605 0.5454788767 0.5405037545 0.5471579066 0.8943512603 0.8925827012 0.88029969 0.7973521414 0.7975024658 0.6255964616 0.8689607522 0.7870587467 0.6754464349 0.7277648234 0.8039116111 0.8331565825 0.8194359115 0.7662620591 0.5807668732 0.8470297536 0.8614137321 0.7359524685 0.7352184893 0.7407279023 0.6305367328 0.7391588772 0.8740963401 0.7504048593 0.7500498059 0.5610730094 0.6460048727 0.6658008185 0.6661648044 0.7416603235 0.8841418152 0.5916277678 0.5898076239
0.8827898615 0.8811933161 0.6366547092 0.869795223 0.87801755 0.7377046181 0.7464011471 0.8703182399 0.8639031209 0.8684596595 0.8404785698 0.808963528 0.8896806248 0.5095816598 0.6520484257 0.6236202895 0.8317879358 0.8284900104 0.8208921601 0.8207512916 0.8262103829 0.5445356638 0.5402800473 0.5383788747 0.8930467786 0.790934172 0.7957115833 0.7957921945 0.8000918127 0.8048402184 0.7418382932 0.770615446 0.7282796365 0.7230348301 0.8884621395 0.8816279849 0.8274450442 0.8192302101 0.8201292443 0.8322634233 0.6560664022 0.6554681025 0.6483077373 0.6538439411 0.8606639891 0.6221548716 0.5756967285 0.7411265695 0.7476475068 0.7482556133 0.6633694557 0.5623824715 0.5609182969 0.5151657485 0.761684362 0.7928368113 0.6066651583
0.7853396079 0.8860421909 0.8782627717 0.8710803041 0.8786438038 0.7386349667 0.7393679334 0.8658659171 0.8734692964 0.8685459362 0.8805237397 0.8833656636 0.6262021466 0.8846825376 0.8850158847 0.6309315951 0.5544255092 0.8277027237 0.8252383736 0.8251679373 0.8301491001 0.8915014901 0.5413199425 0.5971328996 0.8007776425 0.7974867177 0.7893257267 0.7926814442 0.8043983203 0.5172708731 0.6591111123 0.7379016987 0.7262292604 0.7101244813 0.8785631375 0.8800554036 0.880663596 0.8251851077 0.8237429807 0.6981985277 0.6448523091 0.6469185934 0.6456183821 0.6488021495 0.5086482173 0.7438101852 0.6242404842 0.7382293077 0.7365002384 0.7494722189 0.5585493221 0.5583641433 0.5615280619 0.7394255609 0.5692140892 0.891477863 0.8321475157
0.8624831566 0.8879102992 0.883614252 0.8836304324 0.5613426682 0.5411736443 0.5495297354 0.8799286159 0.7078392837 0.8789758414 0.8860984015 0.8831384803 0.8790939855 0.8824581793 0.5119062354 0.7580325885 0.837049943 0.5661095586 0.833039359 0.8307466105 0.5591097187 0.5560256452 0.5573225236 0.8064403802 0.8028484234 0.7962624861 0.7978495147 0.7955298766 0.8031985003 0.8106109849 0.742267218 0.7428994449 0.749376913 0.5564838026 0.8814928102 0.8718939931 0.8798640463 0.5192168562 0.7592600182 0.6481715412 0.6423381607 0.6422261347 0.6509550697 0.5041397224 0.8171998989 0.6138699682 0.7403388915 0.7347072262 0.7387396666 0.5626081863 0.5564058786 0.5614821295 0.5635377451 0.5634536504 0.8427702214 0.7539173939 0.7911829392
0.8660892953 0.8745959797 0.677988828 0.6776365933 0.5390530477 0.5404685106 0.5390080741 0.6170301584 0.8849056188 0.8832181175 0.8799597986 0.8844434057 0.8832626708 0.8806253447 0.7668124935 0.6429708783 0.6433578499 0.7481567248 0.8363583134 0.7540247878 0.5536001907 0.550584038 0.5597452848 0.8059483274 0.8029440663 0.8019974313 0.8020132866 0.8046424569 0.7976095378 0.739011271 0.7320038772 0.7401400229 0.7138691814 0.8724838821 0.8756078621 0.8736849741 0.8736553712 0.865523764 0.5266609012 0.6510754258 0.6451091248 0.6434078276 0.6456861857 0.6075034422 0.6092597775 0.6063356076 0.7359154875 0.7374700724 0.7393775507 0.8262194647 0.5634491595 0.5663344247 0.8066323395 0.6017133528 0.7903314151 0.8363401594 0.7934153573
0.875677871 0.8685282732 0.76315403 0.545743824 0.5394142168 0.5343542159 0.5442856414 0.8572189792 0.7324867832 0.7346469046 0.7328599936 0.8032768621 0.8937220723 0.8147861714 0.6341168513 0.6354679429 0.6366323771 0.8664478675 0.5415914351 0.8857003434 0.5559660631 0.5513088052 0.7795271547 0.6404719771 0.8029456248 0.8088674097 0.5037276569 0.8004126341 0.7392393487 0.7336723838 0.7303698771 0.7038960437 0.7406123852 0.8786629192 0.8816035094 0.8195229304 0.7416584995 0.5398674614 0.5356097204 0.6517505387 0.6475088614 0.8397202555 0.7129559734 0.6024089197 0.6017917806 0.6114891868 0.6111686324 0.5293729967 0.8250890506 0.8269685631 0.8274746433 0.6798394959 0.6752839245 0.6336471227 0.8414670967 0.6527606697 0.7925607561
0.5402990398 0.9114447029 0.9140651789 0.9104703369 0.9152661884 0.757357576 0.7543550046 0.7562854006 0.7301146794 0.7262831361 0.7298828766 0.889133033 0.8887410507 0.632413601 0.6298352467 0.6325763765 0.8495921166 0.5165927499 0.5229806287 0.8521409417 0.8996596283 0.7871739672 0.7796335713 0.511004639 0.6649359604 0.6584022165 0.8450364162 0.8057412 0.7968115253 0.7397787533 0.7336525914 0.7349860759 0.7370284907 0.7093625642 0.6042267993 0.6198984142 0.8297820055 0.7404821831 0.5452581654 0.6587819357 0.768968613 0.8444664568 0.8386906796 0.6021247547 0.6058525481 0.605872247 0.6128051013 0.8275887395 0.8286800243 0.8263637118 0.7145413719 0.7664371167 0.6751752234 0.7453928857 0.7771448082 0.7103355333 0.8573052802
0.519357981 0.9081045188 0.9080625527 0.9056963143 0.9085478002 0.9026268886 0.7509412413 0.7565919868 0.7314118474 0.731982329 0.7846721539 0.8962107431 0.8936742054 0.634565492 0.6279196722 0.8426748749 0.6362441189 0.7266895352 0.5361542151 0.7004498163 0.8486789355 0.8444018672 0.6387128324 0.7980188832 0.837443419 0.7375488832 0.8049062974 0.8055959058 0.8055698999 0.8037735441 0.7393664956 0.6580013092 0.7449295447 0.6039110997 0.8706016098 0.776011347 0.7359670671 0.8340832571 0.5238104252 0.8849697435 0.8357458387 0.8346466429 0.8374813775 0.8093675665 0.6722690573 0.7743427069 0.6187090858 0.6196520118 0 0.6417171765 0.6969784615 0.7045884258 0.7005745965 0.653694142 0.7367997578 0.738593282 0.7357736654
0.660047599 0.9110794811 0.9119693161 0.9062743881 0.9002661362 0.7411389406 0.7490385654 0.7481087488 0.900748678 0.9033180196 0.9091717611 0.7454900465 0.9032501856 0.6349446507 0.6379093354 0.6290462914 0.6324296381 0.8015244705 0.754638869 0.7510849118 0.6326945162 0.8396343758 0.8045279913 0.5086969934 0.8695399702 0.8786087042 0.5001739865 0.7621679708 0.8127721181 0.7468224417 0.5070649832 0.8168638741 0.8589210424 0.8010843762 0.8873546076 0.7373064354 0.7284458649 0.845802571 0.5141956096 0.5138884608 0.8336618582 0.8327441447 0.8393943767 0.8436296795 0.6025891337 0.5657159671 0.5744616701 0.5654378612 0.6352378008 0.6403518825 0.6914763205 0.6955499202 0.6507860773 0.6288600955 0.7285635794 0.7309418713 0.7248940981
0.65240064 0.8150354777 0.9128762239 0.9025452047 0.9001357587 0.8971185243 0.7401551112 0.8957014524 0.9026669496 0.9046211969 0.9111219742 0.9166292719 0.7017610945 0.826989927 0.8269282826 0.6377878337 0.6291733293 0.8114335486 0.6268544851 0.746222853 0.5337023389 0.8376214027 0.8455691514 0.8508460446 0.7671144581 0.8939592188 0.7669264335 0.6152701112 0.7526204191 0.6371137286 0.5121943631 0.5081140634 0.5730025313 0.8094661053 0.8064664051 0.7343928376 0.7308047672 0.7354964798 0.5130717315 0.5169634942 0.8353546463 0.8329718247 0.8349734792 0.8353640886 0.5326315566 0.5666870275 0.5650585238 0.5618917009 0.6282460583 0.6321815056 0.6870846113 0.6861224631 0.6636257495 0.7370001257 0.7277563935 0.7241836529 0.7309750098
