landscape/hab_quality/256/simulation_000081_p064_h070_HABMAT_patch_more_500pix_modified.asc_ac_0.5_quality.asc
NCOLS 513
NROWS 513
XLLCORNER 0
YLLCORNER 0
CELLSIZE 9.980507
NODATA_VALUE NaN
[rows 250 to 274 of 513, columns 285 to 341 of 513]
0.7275097551 0.7247319381 0.7271486562 0.5740180311 0.5825431114 0.5753786569 0.5289035881 0.6891978224 0.6949644639 0.6951613162 0.6927007944 0.821599191 0.7453259211 0.8690601752 0.6871362053 0.513845676 0.6911926143 0.7352885602 0.6221644843 0.6040230294 0.767061731 0.7678964565 0.5180699716 0.508256369 0.7883921879 0.8430558943 0.8470050024 0.8402633989 0.6333261818 0.6312246744 0.5162868564 0.6528724796 0.8582945912 0.841101368 0.8392825189 0.6367261764 0.8308175243 0.8294168879 0.831865234 0.5856864599 0.5844914509 0.5858910507 0.5094933349 0.7163618925 0.8124626957 0.809168159 0.8164732082 0.797195263 0.8101451445 0.8071704736 0.7584350274 0.755262869 0.7560486164 0.7572583749 0.8117691898 0.8084262991 0.8094766276
0.7298681758 0.7272976375 0.6700856808 0.5819862206 0.5773443159 0.5297156191 0.5288630655 0.5137751433 0.5377324197 0.7042785525 0.6977664915 0.8712522708 0.8655450399 0.874761422 0.8722906563 0.8704020687 0.877368714 0.8572314213 0.8273450951 0.8671358429 0.5199582785 0.7628039382 0.509397334 0.5110120929 0.62696259 0.6209022337 0.6229373211 0.6217855597 0.6275321722 0.6327049018 0.6574245983 0.6512157325 0.6567019579 0.8467961592 0.6414884711 0.6046531565 0.6446231273 0.6509114474 0.5879118682 0.5896131119 0.5901796032 0.5936758686 0.7327698948 0.7154361336 0.8117429013 0.5157938566 0.8103029819 0.7968578231 0.5751493953 0.8151939421 0.8141846692 0.8239903786 0.7668459477 0.8023368865 0.8018720302 0.8052938225 0.8046189285
0.5285754417 0.8201075235 0.5841870529 0.8900511439 0.7581723347 0.533717029 0.6254215758 0.5342451446 0.5365305049 0.6964141899 0.7921810246 0.8751084318 0.8684179017 0.8606383107 0.8698583916 0.515313313 0.8605137297 0.8609686427 0.8540133723 0.8585539983 0.8517708006 0.854131224 0.8469897098 0.846229272 0.6261828163 0.6228337665 0.6135355754 0.6198939665 0.6212099835 0.6333453791 0.6555715119 0.6585909162 0.652907833 0.6653492105 0.6889942158 0.5791885852 0.6976082471 0.6551183883 0.645720194 0.6519192437 0.5985954582 0.7085566713 0.737799065 0.7057306747 0.7079542412 0.7178415274 0.8041751689 0.6134513181 0.5117062603 0.8246524125 0.8186177996 0.8217022762 0.8181055796 0.805327454 0.8074592667 0.8016267943 0.7998227171
0.8240314566 0.8361592843 0.5848007626 0.5892543045 0.6986451281 0.6905763402 0.6193016752 0.5387294979 0.5408554827 0.5446272966 0.7598590806 0.8713219755 0.8681319238 0.8520943397 0.8508563496 0.8539750599 0.7603874965 0.6190308414 0.8600515186 0.8509814672 0.8504369119 0.8553237342 0.8454079407 0.8476370915 0.6327507014 0.6193999854 0.6164105778 0.6214703919 0.6213885466 0.6281508633 0.6299590885 0.8220003032 0.7042855893 0.6993876791 0.6975503539 0.6886524853 0.6967363653 0.7331464938 0.7242736792 0.7169519163 0.5053002067 0.706973386 0.7046334262 0.7117932549 0.7149803046 0.7149914369 0.6142414195 0.6147578794 0.620181986 0.6269240417 0.6316170649 0.7415276553 0.8109222386 0.8036198563 0.8016415579 0.8095152486 0.8103254425
0.7027478112 0.7091620502 0.7021078762 0.659569017 0.656799943 0.5374639502 0.5301314008 0.5730602242 0.8654662444 0.6901939352 0.8815167068 0.8688563143 0.8747448997 0.8549555485 0.5047456214 0.8598863876 0.8562730908 0.8656612433 0.8855414432 0.8510413555 0.8491459209 0.8478204772 0.8432262928 0.839828258 0.8482753793 0.6226849942 0.6312343183 0.627246597 0.6311011647 0.627978492 0.7017320634 0.6383076458 0.7479309415 0.853344091 0.8537303888 0.6610154191 0.6628803685 0.7292247137 0.72646498 0.7195197717 0.7122727194 0.7199532281 0.7127850815 0.7047891838 0.5686066504 0.563441737 0.6123563438 0.5825314349 0.617852757 0.6243300217 0.6345235284 0.8985639351 0.8130936172 0.8106537117 0.8042069752 0.8109531993 0.812200338
0.7077440329 0.6995224575 0.6256169018 0.6279342667 0.6239028777 0.5336452879 0.5723938868 0.5631781863 0.6888663475 0.6885557833 0.5840446031 0.5849294875 0.5798518314 0.5858908729 0.7320625549 0.8650131028 0.5677692349 0.5601995692 0.8539059945 0.8538248787 0.8482135747 0.8453437116 0.8389398911 0.8406401211 0.5348898063 0.5356594087 0.7767395179 0.6819730656 0.7438733052 0.6860921058 0.6283791375 0.8618360532 0.5741061343 0.8602385756 0.8532819228 0.5202472143 0.6606021302 0.7868901848 0.7290048367 0.7908901235 0.7282995384 0.7169119163 0.5667754085 0.5584083002 0.5728226882 0.5640760605 0.5713883752 0.6103550394 0.7766180152 0.7511748804 0.7556366919 0.8954083999 0.816515506 0.8189235903 0.8160754658 0.8177813982 0.8146234346
0.5268828248 0.6177155292 0.6195029232 0.6235614953 0.6284201831 0.8772263305 0.56376111 0.6880898212 0.6880822917 0.6976071101 0.5915205702 0.5822720549 0.5859477218 0.5778483514 0.5791276261 0.5708141268 0.5616725745 0.5641171565 0.8599563429 0.8146089214 0.8491549427 0.5419751336 0.5302645084 0.5288884443 0.5321748766 0.5268889783 0.5640803627 0.6823484051 0.6800041867 0.6800904003 0.6853447515 0.5767332156 0.5730841355 0.8553326216 0.7542753236 0.6627315465 0.6575846904 0.6545348774 0.5449214299 0.7317081519 0.7287227224 0.5401659066 0.6733214926 0.7429788029 0.7785607615 0.7808695092 0.7826770105 0.7457973374 0.7418556594 0.7508261087 0.7517634572 0.7092831152 0.8896180994 0.6100487352 0.7316234112 0.8209289127 0.8198025532
0.5295622497 0.6173096715 0.6151375666 0.7056854076 0.6315694637 0.6308320686 0.623704224 0.6888928827 0.6903417712 0.6956944869 0.5891133451 0.5907599885 0.5869746466 0.5828859354 0.5765358761 0.5678288497 0.6623017083 0.7422737554 0.809987787 0.8158986868 0.539561495 0.53626993 0.5355506467 0.5285297566 0.5284909997 0.5644341206 0.561939062 0.6748144339 0.6728684029 0.676068912 0.6846397498 0.5674510472 0.5737937815 0.818452498 0.8088818625 0.8737666546 0.8788547262 0.6168155191 0.5550330056 0.6376817594 0.633267131 0.6712790653 0.6614721935 0.660092911 0.7395950818 0.7736094378 0.7944298201 0.7083361326 0.7455990157 0.7511555277 0.7591851119 0.5661523563 0.5704834279 0.5723168102 0.5746627443 0.5757797932 0.5486588578
0.5319498911 0.7914528437 0.806170448 0.8079318406 0.803384532 0.8070620032 0.8187865744 0.8955022563 0.7220912952 0.7542524221 0.7536048951 0.8463589298 0.5864807585 0.5803983178 0.5828791953 0.5803045735 0.7358577726 0.8414602791 0.5771776908 0.7791985545 0.5455429363 0.5453841983 0.5297507341 0.5362828396 0.5342254052 0.5670685099 0.5605737515 0.6738541186 0.6716605997 0.6793701944 0.6762305322 0.5685346265 0.5678818151 0.8168269045 0.8148150531 0.8065724185 0.8729792437 0.5666013026 0.7740426476 0.8593096553 0.6302333498 0.6507108264 0.6537982026 0.6584543417 0.5187920167 0.7776764107 0.7683308032 0.7704200761 0.7390571616 0.746319744 0.5567791237 0.5535519792 0.5547028385 0.5027364334 0.570329788 0.8779985123 0.5487123179
0.67940947 0.6822598096 0.8137779927 0.8048934135 0.802346028 0.8116666087 0.8124259146 0.7070782878 0.7533505308 0.7462117568 0.6026197163 0.6393127768 0.7382324949 0.5886708196 0.6334201118 0.6299664314 0.6322575008 0.832493811 0.5770707703 0.5837414073 0.9029188771 0.8961001703 0.8975771102 0.6078196272 0.6121950669 0.5640907809 0.5624624717 0.6760705763 0.6730339726 0.6168538343 0.6795308637 0.6034829341 0.6767142616 0.8210265585 0.814950109 0.8821096234 0.8120998816 0.8805921672 0.7715953998 0.5838734192 0.8666817725 0.6532743486 0.6501165026 0.6585123449 0.6582104869 0.7724055315 0.7754742565 0.7736074121 0.6044818762 0.6078351164 0.5578903613 0.5484657825 0.5579053893 0.5665457423 0.8687104169 0.7265453538 0.7187906734
0.6681041672 0.6811581289 0.8073665593 0.8083054256 0.8114741909 0.8076653553 0.8186199987 0.819741649 0.7490549631 0.7475100584 0.7545926541 0.5190696655 0.6567492325 0.7308064344 0.63325745 0.6272575816 0.629779294 0.622740869 0.6316788359 0.5125460606 0.9038121673 0.8943852896 0.8986041651 0.5504147015 0.5481395602 0.5556644149 0.680977113 0.612336811 0.6806166332 0.6821357404 0.6885291562 0.6821884277 0.5052915006 0.5093090261 0.822134595 0.8213062743 0.8898720697 0.8085585412 0.8624560285 0.7085879363 0.7413124267 0.7315113552 0.6535425973 0.6492307485 0.729038111 0.6614304458 0.756505827 0.7640981587 0.8914265186 0.5927657981 0.8587855473 0.5509687675 0.55717811 0.5619720216 0.5420500927 0.7177504616 0.7248497759
0.6889890082 0.6899278866 0.5400469732 0.6463694788 0 0.709381707 0.824732391 0.5198539764 0.5451763218 0.7591433831 0.7629253412 0.7607015578 0.7990778546 0.632366433 0.6299721327 0.6273078987 0.6190311074 0.6314458938 0.5098965386 0.5797955045 0.9008656554 0.8991419233 0.8965679655 0.5333618637 0.5474091455 0.5521981521 0.5919127836 0.6175291776 0.5621681531 0.5476660893 0.5602794948 0.5150356578 0.6304630661 0.7261603703 0.5444597872 0.7217393308 0.8301441416 0.8002697829 0.7998155077 0.7965555876 0.7325659967 0.7312432136 0.7299753261 0.6550977738 0.6545857153 0.7432129083 0.7016290512 0.6993996013 0.6989680142 0.7002741864 0.6981775785 0.5580576824 0.560513289 0.5576768421 0.5431618609 0.7242748465 0.721709206
0.6097217338 0.6101545522 0.9007256645 0 0.5071784212 0.7527807689 0.7408251429 0.7393258759 0.7161017434 0.7393469929 0.738635627 0.569313721 0.6803726137 0.5684982497 0.5798229079 0.619896834 0.6195765379 0.5163429382 0.5163834412 0.9011325576 0.9078091656 0.9086166459 0.5637754753 0.5562597798 0.5493648781 0.5564458562 0.5603490152 0.7992812656 0.5545245005 0.5543950039 0.5484320435 0.5522119188 0.7298540876 0.7266365481 0.7209939333 0.7242481115 0.7257386671 0.7968281862 0.7951806382 0.5565415884 0.7373019866 0.7286425033 0.7340845965 0.7377543055 0.7406650375 0.7461129018 0.7019262871 0.6943429439 0.5947701577 0.6949739096 0.7007563897 0.5636407469 0.561312838 0.5987942861 0.6571166626 0.651304446 0.6551517561
0.6067003472 0.61372839 0.8966631139 0.9027350821 0.6244444048 0.7489380749 0.7436494152 0.7376791417 0.7395397846 0.7355803794 0.6704799816 0.5687475327 0.5629466646 0.5716777483 0.5783426027 0.6270023936 0.5168362501 0.5228498068 0.5172465143 0.522226995 0.9099225582 0.9173268893 0.5577074982 0.562863164 0.5570615199 0.5883774003 0.5944337785 0.5479023471 0.5425941792 0.544338655 0.5446747292 0.5525869248 0.5515610931 0.7281859678 0.7176824389 0.7149266974 0.6886571239 0.7957958925 0.8005334646 0.6302175414 0.6243928425 0.6337502727 0.6314996944 0.6337528419 0.7420867604 0.7429085826 0.7005079529 0.6958709171 0.6914680905 0.7165856213 0.6998444883 0.7349209582 0.5130023734 0.6793706833 0.6835122539 0.6496642487 0.6491852153
0.840856487 0.839018327 0.8413312147 0.7589148988 0.7588992001 0.7503837969 0.7440685274 0.7412098109 0.7318757287 0.6642513977 0.6675811316 0.565810371 0.5664567885 0.5646233034 0.5972656217 0.8855728685 0.6638937719 0.8859318402 0.8777142279 0.6526701337 0.6457576326 0.5364427062 0.5854812833 0.721405292 0.584723554 0.5847003857 0.5917263457 0.5484385358 0.5420783728 0.536240317 0.5436356454 0.5439798953 0.5458932772 0.5484503269 0.5493149789 0.719368191 0.6796787395 0.6464213318 0.8060905212 0.6314126206 0.6274950846 0.6243212622 0.6299290391 0.6370337434 0.6485082502 0.8324835382 0.6985153062 0.6930151947 0.6953638546 0.7012247439 0.7093875524 0.6884044128 0.6812470779 0.6788413636 0.6744643811 0.6501904639 0.6508524276
0.8388855581 0.838872945 0.8339717489 0.6271006496 0.7519026371 0.6197727121 0.7337685273 0.7320280547 0.7389968704 0.6676218458 0.6640760247 0.6683394613 0.6761219396 0.5702901576 0.5706502116 0.8849978294 0.6862752175 0.8768338981 0.8849596784 0.643536075 0.6469985671 0.6480851882 0.8982971355 0.5863833836 0.5917733201 0.5835535867 0.5864396037 0.7894336144 0.5382302608 0.5460594876 0.5435865245 0.5507363131 0.6226409548 0.5410070011 0.8403983122 0.7241883884 0.6524134968 0.6485955891 0.5771947698 0.6337637569 0.6302704882 0.6338790567 0.6266291637 0.6353906197 0.7811375767 0.5551678341 0.7313958528 0.8659002653 0.7014850359 0.7036048605 0.7028484483 0.6876665077 0.6828157533 0.6812911063 0.6733335588 0.6494172578 0.6554221343
0.8438562673 0.8299312856 0.828951985 0.6162764861 0.6173522331 0.6210984636 0.6255146044 0.6918228569 0.7727356712 0.6691092178 0.6731451563 0.6657009276 0.6698714513 0.5486699116 0.5508477833 0.8890698493 0.88426606 0.8844248016 0.883793446 0.6464557589 0.649950497 0.6497351786 0.8948808023 0.8993705414 0.8860162761 0.8927294405 0.5836716571 0.5119644576 0.6985883742 0.5528654028 0.5600902779 0.5422654523 0.541537381 0.844946372 0.8465470384 0.8414872287 0.8705605404 0.6531312644 0.5698718007 0.7558225706 0.5314025422 0.6798659902 0.6891933049 0.8837364973 0.880867694 0.5936417557 0.6242989269 0.7023848075 0.7130951526 0.7079043245 0.7039006724 0.687439606 0.6859216495 0.8761448142 0.671954791 0.6647848409 0.6592038359
0.8405224087 0.8372519458 0 0.6199689603 0.6160227596 0.6249807421 0.6311107296 0.5643175551 0.5470027979 0.6552024155 0.6645381118 0.6440314776 0.5505272079 0.5468409935 0.5527191812 0.887420859 0.8228384652 0.8927039299 0.6517653632 0.6553478374 0.6500777913 0.9020784079 0.9001719094 0.8910384854 0.8895351987 0.8837266998 0.7778206405 0.5192757005 0.7772518458 0.7866736844 0.7739292633 0.767576404 0.5461469072 0.8594740963 0.8625797784 0.8671779217 0.8685571978 0.873299032 0.758146218 0.7601375092 0.7573381146 0.7415942564 0.5873443295 0.5529706138 0 0.5900578861 0.8041670374 0.5181867583 0.8082929147 0.8003839369 0.7040602471 0.7112894119 0.5261814125 0.8360476378 0.667221718 0.6705039934 0.6747845761
0.5185389177 0.8429322982 0.6247077414 0.6199283434 0.6166540119 0.6169598061 0.6297224602 0.5545273354 0.5594954756 0.6604533008 0.7755912658 0.6557772472 0.6525314377 0.5564307572 0.8882846993 0.531648056 0.7203868301 0.7210109712 0.5635207641 0.841308927 0.9072935652 0.9091688192 0.9002636975 0.8977921359 0.8927520144 0.8843030059 0.8856418865 0.7874052179 0.7742000817 0.7715162696 0.7649413108 0.7651721755 0.8653817129 0.6789594774 0.8574871617 0.8669419429 0.8651706265 0.8893264085 0.5591628242 0.5196078998 0.7958653482 0.5885625789 0.5840524007 0.5846851408 0.5828781198 0.6761255502 0.8400908169 0.8200064304 0.8089220837 0.8315203602 0.580329483 0.7121121765 0.5228349855 0.5229637771 0.5250078241 0.5000622193 0.888491743
0.579711411 0.5841619612 0.8821476262 0.8777442265 0.6254848784 0.6178482287 0.6235307083 0.559445758 0.5546783549 0.7714217534 0.7140212476 0.561346626 0.5597663762 0.7541677318 0.5350254679 0.5324992377 0.7208231371 0.7198090027 0.7231723877 0.6183631361 0.5089917734 0.9004184831 0.8985063856 0.9076653126 0.8678303928 0.8868248396 0.8883264477 0.7867121374 0.7781282995 0.771751683 0.7810767752 0.7714870899 0.7779594324 0.86430848 0.8669946458 0.8601696734 0.7695553297 0.543818174 0.5555294013 0.7347206127 0.5784789551 0.5813012262 0.5795024012 0.58211911 0.7075888309 0 0 0.5465041761 0.8111559411 0.8220198322 0.8313868941 0.5244095134 0.5196794417 0.5222804348 0.5579226594 0.5542553552 0.5572940682
0.5759723949 0.5766334284 0.5258959044 0.8729939149 0.6231738962 0.7845649547 0.575825338 0.7599284866 0.7000985714 0.7646455812 0.7643031384 0.5637862632 0.5564792026 0.7145143392 0.6003971249 0.8294155206 0.7326507959 0.736229029 0.7734630393 0.7744549762 0.7122706682 0.7826569813 0.7770233067 0.663636662 0.8755646322 0.8655746574 0.8749024789 0.7792190813 0.779984667 0.7851455297 0.7682723599 0.7722124755 0.5714833652 0.867818215 0.8719071942 0.7785595947 0.7627550229 0.761295133 0.7707411804 0.7322861972 0.7305649217 0.5762697569 0.5908722961 0.5851318124 0.6708576 0.6685544683 0.677027511 0.8127444391 0.5748274128 0.827243286 0.8306548277 0.5208630088 0.516986999 0.5642251597 0.5622170895 0.5550962502 0.5498653677
0.5823704358 0.5809942763 0.8827164828 0.7207978107 0.8770497825 0.5779347521 0.7675506258 0.7603733931 0.7557975092 0.762279507 0.8200835313 0.7559069684 0.5663740037 0.5806151787 0.6072361874 0.743212938 0.7382391749 0.7318269777 0.7694498057 0.7670399316 0.7736049071 0.7758371147 0.7780350067 0.6959521652 0.7032911276 0.6949726795 0.6320826709 0.5206668075 0.7594709882 0.7579389554 0.7789932278 0.5683840456 0.5779105341 0.8771516926 0.8890518841 0.9018445255 0.905111553 0.7753974562 0.7658335539 0.7775391901 0.5689237667 0.5734737718 0.5798510549 0.8059227345 0.8006039963 0.5184925464 0.823586024 0.8240900974 0.6910146518 0.5316136125 0.5313128874 0.5245736276 0.5704964102 0.5634853067 0.5566708628 0.8812914721 0.5537529692
0.6034666758 0.5874003917 0.5944240573 0.7914142534 0.8662765871 0.8936798514 0.7357497606 0.7614582953 0.7577144507 0.757941461 0.768368783 0.5361338548 0.8311149046 0.6134605278 0.6161809988 0.6668578644 0.7332712091 0.7363012923 0.7694546157 0.7752001312 0.7688518378 0.8596337681 0.8632420996 0.7086798613 0.6945334275 0.7018009544 0.5135682772 0.5351426678 0.536728933 0.7821855443 0.5759496474 0.5773477583 0.5745210391 0.5770351901 0.9091392721 0.898315925 0.8970477447 0.9023987674 0.8554777886 0.727372539 0.5774948276 0.5718299115 0.8085630515 0.8066683258 0.7979607414 0.8142504517 0.8202799603 0.824661281 0.8339325155 0.5397232828 0.5286077961 0.5264403725 0.5696902382 0.5647793951 0.5629386236 0.5639262241 0.5577358284
0.8257764353 0.8459256379 0.848463603 0.8088937216 0.6662219358 0.85321267 0.7687017623 0.7668496018 0.8729657128 0.8784708509 0.7466791658 0.8198004425 0.7727385339 0.6063738121 0.6344000172 0.5491128474 0.7348893629 0.7849864759 0.7758961833 0.7757939127 0.7820630709 0.8555414901 0.6364348403 0.696633914 0.6989257855 0.695860138 0.5313350857 0.5308501369 0.538603221 0.5414821411 0.6121147442 0.5764362356 0.5777313681 0.5547482744 0.5791846573 0.8993207638 0.6657621696 0.8992503961 0.8103743458 0.8147066633 0.5809159051 0.578002055 0.8105520801 0.802683069 0.814483567 0.5330501861 0.8218987201 0.5172986657 0.8620983708 0.876913428 0.5354219773 0.7905150839 0.5699018462 0.7606045269 0.6692511869 0.8057919595 0.6741292034
0.8254940063 0.8417315822 0.5167779196 0.849123038 0.8470840343 0.848891854 0.8482241419 0.8450010744 0.848280401 0.8685499669 0.8756615539 0.8820155765 0.6104693296 0.86724696 0.7532049418 0.7109715045 0.6828775982 0.7854330668 0.7768553694 0.7679439094 0.8584594478 0.8632744078 0.8638527199 0.6153284393 0.6691005408 0.8946146485 0.5364665181 0.5331946376 0.53650492 0.7758247112 0.5804610848 0.5361416987 0.7683701524 0.5961059809 0.902505465 0.6755837794 0.6721344414 0.6719495427 0.8062291317 0.8132033857 0.82113701 0.5869661743 0.8056653491 0.8074188028 0.822395497 0.8219133459 0.6896980973 0.6818023537 0.8628785277 0.8531744328 0.8724493926 0.8530789457 0.7538784907 0.6062955858 0.6712315453 0.6691050958 0.6712195015
