landscape/hab_quality/256/simulation_000054_p048_h070_HABMAT_patch_more_500pix_modified.asc_ac_0.5_quality.asc
NCOLS 513
NROWS 513
XLLCORNER 0
YLLCORNER 0
CELLSIZE 9.980507
NODATA_VALUE NaN
[rows 330 to 359 of 513, columns 0 to 67 of 513]
0 0.6266565358 0.5833027698 0.6143657442 0.5132424569 0.6113897537 0.5691254918 0.6846998061 0 0 0.5007798868 0.8844831945 0.7563760797 0.8354164295 0.8255725612 0.8189285994 0.8242247723 0.8314295589 0 0 0.6615049496 0.6579421637 0.886166449 0.6485897478 0.6483358895 0.6496240551 0.6430562446 0.634865752 0.6402108528 0.6343326624 0.6405244018 0.6413445403 0.6447778728 0.6157728073 0.6078820657 0.6052108574 0.6000942232 0.5962320593 0.598489821 0.6026349025 0.6094530339 0.6108455102 0.6133782204 0.5315680369 0.5254670683 0.5234950202 0.5281991355 0.5266599594 0.5377119513 0.8691499561 0.7392277131 0.5561687309 0.6487278979 0.8554216001 0.5270298237 0.607165382 0.6140036411 0.5932709304 0.5863951181 0.5776425873 0.5782215144 0.5807546548 0.5839187222 0.597329662 0.6060579585 0.610246842 0.6120053612 0.8576562077
0 0.5751208524 0.5736898368 0.7258476503 0.8276332089 0.893261822 0.6934692748 0.5359539717 0 0 0 0 0.7609826854 0.6959928422 0.8208383799 0.8288545196 0.8206644259 0 0 0 0 0.8713898298 0.8723294925 0.8751880098 0.8735468027 0.5794435052 0.64069449 0.6440712779 0.6364075122 0.6378411926 0.6400949934 0.6499757596 0.6507790254 0.6454254624 0.6489756884 0.6070331278 0.5977199904 0.592157592 0.5948124618 0.6005111198 0.6058839984 0.6115157619 0.6118280044 0.5265908614 0.5235936173 0.5317619909 0.5240078037 0.532097072 0.5305803436 0.5367274969 0.5475341737 0.6564501553 0.5504198232 0.5528493856 0.8784425478 0.6883394634 0.8951887821 0.5947881428 0.5863374555 0.5821164238 0.5768402608 0.5839017912 0.6927555482 0.5960831386 0.8887239885 0.8979290401 0.8271567894 0.8496157926
0 0.5708418811 0.5719290919 0.5672044808 0.8153408485 0.6709790548 0.8627137265 0.6102564811 0.7724207674 0.764535021 0.7646249917 0.7596970865 0.7564711505 0.7568480781 0.7630503468 0.8273945729 0 0.8235165083 0 0 0.7448588437 0 0.8709310919 0 0.8759096159 0.8688761496 0.5727715555 0.574613575 0.640190751 0.6385661534 0.6444716308 0.6418532687 0.6474694331 0.6544490432 0.8706064387 0.6055069118 0.5973269933 0.5991440291 0.5976983779 0.6073394673 0.7315137384 0.5324158664 0.5485946891 0.5525139105 0.5528962442 0.526803114 0.5287910737 0.5261458321 0.529315332 0.5379626682 0.6053433153 0.86351609 0.6039651635 0.604914314 0.8856829598 0.892257113 0.7239641716 0.5814029382 0.5849826855 0.5814933 0.5836140854 0.5847395524 0.5940301001 0 0.5962348135 0.8905545945 0.844476069 0.8443844664
0 0.5646105353 0.5641008158 0.6724867211 0.6500616906 0.6532112855 0.603557024 0.8033905671 0.799124774 0.7637647528 0.7559973014 0.754412833 0.757450005 0.7564426939 0.7656090908 0.7594150557 0 0 0 0 0 0 0.8742296155 0 0 0.5744224882 0.5710192668 0.5647460543 0.5722904422 0.564548706 0.64818319 0.6452221589 0 0.6625472047 0.8710354825 0.8657881988 0.5975061454 0.599845537 0.602462601 0.60428901 0.532203415 0.5354415079 0.5425919988 0.5471490279 0.5553914944 0.535475985 0.5354111835 0.5290415082 0.5276123372 0.532137802 0.6008874035 0.597967714 0.6009123603 0.6079490214 0.8823766335 0.8824499639 0.8073963618 0.7998859218 0.8017597378 0.5873637774 0.5897085703 0.5934614918 0 0.6007189166 0.5908775918 0.6747686975 0.8448479221 0.8396727606
0 0.5695450727 0.5718215157 0.5713043824 0.6547368287 0.6456694749 0.6483811799 0.8004427006 0.7985571916 0.7910318599 0.7487566723 0.7486128392 0.7478701468 0.7534259918 0.7687614889 0 0.7685462266 0 0 0 0 0.8024711947 0.7947944305 0 0.5424682553 0.8553828053 0.8537118071 0.569872374 0.5625351853 0.5720260469 0.7741801678 0 0.6535841361 0.874724163 0.8737830352 0.6062273835 0.5993876592 0.6042198236 0.6033800202 0.5334362604 0.5326209564 0.5368897733 0.5425855826 0.5090268537 0.5562659005 0.5607831971 0.6070607238 0.8843601037 0.88971244 0.6491984392 0.6470223861 0.6401193541 0.641967728 0.882084615 0.7928247128 0.6938827477 0.6938382063 0.6030028129 0.5968886188 0.5969044293 0.5993560461 0.5933730603 0.6028439941 0.7622023088 0.5881033054 0.5906214375 0.5997409542 0
0 0.6205927831 0.67732111 0.5334109219 0.6553451631 0.6487318904 0.65473999 0.5354971913 0 0.849243122 0.7573964374 0.7517990107 0.7576254832 0 0 0.7752735659 0.7783462436 0 0 0 0 0.8009984215 0.6223238325 0.7998361701 0.6229870944 0.8588771754 0.8523000047 0.5694165333 0.5662023603 0.5666033586 0.5688066554 0.856071655 0.854886329 0.8545222048 0.8837605644 0.8815515441 0.8065016296 0.6069648433 0.6061574842 0.699788751 0.5369302909 0.5428023188 0.5386298735 0.7468822445 0.5632982141 0.676585954 0.8858711188 0.6400304717 0.634701352 0.6398179223 0.6415904594 0.6378593007 0.6413418918 0.6959947586 0.6990979118 0.6851241852 0.6852077801 0.6811341333 0.5313918574 0.6001601642 0.6087315578 0.6089445708 0.5979067011 0.6125324674 0.5876778899 0.5598421021 0 0
0 0.6173150628 0.6236007272 0.5215721772 0.525254517 0 0.525381559 0.5280823941 0.5318003017 0.6689975546 0.7577774373 0.7576945052 0.7604019384 0.7640460734 0.6048368553 0.5978316127 0.8260564629 0.5075133173 0.5153075822 0 0 0 0.5532536402 0.6006907499 0.618007531 0.5648883361 0.8528620493 0.8602404669 0.5758160248 0 0.5736964684 0.8639882321 0.8544690878 0.8640991463 0.8644298924 0.6849833692 0.6363923975 0.6121277223 0.7961850574 0.7932580186 0.5456266263 0.5438969453 0.5483372596 0.7483284931 0.5138764787 0.6474721317 0.7413642248 0.6355344107 0.6319026778 0.6389663059 0.6335615725 0.6384600178 0.6460391294 0.6921155033 0.7019437939 0.6812141366 0.6764588863 0.5246381261 0.5166491394 0.6010471496 0 0 0 0 0 0 0.7022119547 0.7221121239
0 0.6194472737 0.6195407506 0.6192429825 0.518537341 0.5243163491 0.5238457333 0 0 0.735393847 0 0.7924469575 0.7982919164 0.8092708641 0.6016291346 0.5973235793 0.6046674929 0 0.8927093431 0 0 0.8237726878 0.8219040143 0.5927817969 0.6218843259 0.5639896224 0.5484562634 0.5389605556 0 0.8377804463 0 0.8633063821 0.8547138421 0.855971389 0.8710607716 0.5008678789 0.7951653565 0.8035685018 0.7963222057 0.7917528512 0.7960174071 0.7197120434 0.7490089692 0.8149830148 0.5640355295 0.5017444682 0.6379257209 0.6373566165 0.633671736 0.6318695665 0.6350937777 0.6344767134 0.6927828437 0.7011486514 0.6976156173 0.5286903302 0.5229644002 0.5158274853 0.5199605556 0.638341254 0.714550037 0 0 0 0 0 0.7038489314 0.7013654638
0 0.6144649614 0.6129070616 0.6172992716 0.5218233611 0.518121055 0.5202830468 0 0 0.8580945449 0 0 0 0 0 0.5665253036 0.6051619607 0.8682960547 0.8712184498 0.5784560032 0.8264694024 0.8212851709 0.8304994427 0.7743750998 0.7756907755 0.5760767588 0.7890038722 0.5406550577 0 0.7064426037 0.6966311046 0.8700604337 0.7202400828 0 0.720914187 0.7169694729 0.718232485 0.7943204746 0.7935552745 0.8016009168 0.7918411979 0.8060022114 0.6930943461 0.7102230679 0.7114987545 0.714076763 0.6565674721 0.6339448284 0.6413738104 0.6390206398 0.6331891699 0.6697089736 0.6690115809 0.6697108266 0.6724450386 0.6699680524 0.5243667787 0.5232629493 0.5162307829 0.5208748149 0.6472050419 0.6282643368 0 0.5146882696 0 0 0.6343922168 0.7029456475
0 0.6220407863 0.6227122955 0.6205137761 0.519754041 0.5206312283 0.5277857745 0.5315234174 0 0 0.5174292032 0 0 0 0.6109522537 0.8781887833 0.6119169253 0 0.8691739303 0.8974842677 0 0.8281823441 0.5721451046 0.5179422518 0.5740390624 0.5647629068 0.5667779337 0.5698641386 0 0 0.5221134588 0.5198897991 0.527993683 0.7200692479 0.7159056122 0.7147487919 0.7228608556 0.7202000564 0.555853993 0.8809695489 0.5600178538 0.6874955036 0.5351478996 0.6517992823 0.710050283 0.7104707937 0.647644732 0.8534676715 0.8447618861 0.837253414 0.8457811782 0.6681618146 0.6680677367 0.668970917 0.6694041163 0.6660231258 0.6757578262 0.6830503362 0.6858069956 0.5205689086 0.7669092751 0.6661584163 0 0.5066983614 0.7079907616 0.7044664618 0.7075482244 0.6969253746
0 0.624578243 0.6212010762 0.6828611963 0.7378011992 0 0.5348782663 0.5311826422 0.5343994416 0 0 0.6672412982 0 0 0 0 0.8849820806 0.5817798436 0.633416699 0.8931825371 0.5524763866 0.8766768844 0.5743162237 0.5660373162 0.5675751428 0.5630649905 0.5638616413 0 0 0.5256505804 0.52306942 0.518610976 0.5211425388 0.7223694891 0.7194952369 0.7219588054 0.7186081163 0.5629768445 0.5540007382 0.5529362771 0.5613628155 0.874639801 0.6667147853 0.7162913855 0.7172536779 0.5486007336 0.8548939758 0.8539680304 0.844643109 0.8464104909 0.8436701212 0.6718245169 0.6678507847 0.6601675368 0.6603266916 0.6694280732 0.6790568289 0.6852390468 0.6871271217 0.693434826 0.6691790414 0.6721615774 0.6750797117 0.7094417829 0.7050116644 0.7085371355 0.8063807565 0.7129129806
0 0.5409057019 0.8705107604 0.6589322568 0.8657364475 0.6408473168 0.5394633807 0 0.5314456037 0.6598229955 0 0 0.7821131211 0.5810533079 0 0 0.5862610714 0.6654296405 0.5770739736 0.6749521049 0.8639957478 0.7457047313 0.8699924542 0.5652027151 0.559192708 0.5594933046 0.5693548677 0 0 0.529495158 0.5198535243 0.5251975553 0.5220486224 0.7243036753 0.727786499 0.7271235441 0.7742577561 0.5635484262 0.5624998064 0.561539214 0.5600533521 0.5179206892 0.8809512563 0.8591210164 0.8793427502 0.9088618247 0.9102333219 0.8503372834 0.8492780382 0.8495564596 0.6762738711 0.673221959 0.6678690771 0.6627980916 0.6646965087 0.6679880453 0.6789050501 0.683197448 0.6912751591 0.6995886768 0.6998429171 0.7065230251 0.7152174654 0.545047397 0.5390315748 0.5428861398 0.8108114127 0
0 0.6277793606 0.5835848797 0.7246562202 0.6502346072 0.5591764708 0.6400266826 0 0.5361095617 0.533746729 0.5254740032 0.5322815812 0.7763841328 0.7763093191 0.8223262587 0 0.7702235274 0.5847884803 0.5007815722 0.5829581991 0.7114526787 0.6216005928 0.5383831849 0.8408962798 0.7904012016 0.5592734431 0.8953943919 0.5728047914 0.6937112234 0.8536041754 0.5275557346 0.5289945169 0.5284886968 0.5236753783 0.8109289157 0.6992394951 0.5487108985 0.5702129358 0.7243211255 0.5677792793 0.5705369257 0.8825000361 0.8755629995 0.881210069 0.9062795609 0.9033872182 0.6866700597 0.8498506022 0.8586743243 0.6768871185 0.6761106349 0.6752619343 0.6689249833 0.668508435 0.6676518952 0.6768848566 0.6739165783 0.6802336828 0.6857939836 0.6994322572 0.7085807911 0.8105310516 0.8181278022 0.8145248182 0.5355830639 0.5717999482 0.608076327 0.8886533945
0 0.6326550313 0.6053537487 0.7438878959 0.8710224152 0.8649995356 0.8685107597 0.5784989321 0.8176906386 0.809881587 0.7772793742 0.7720057897 0.7708305557 0.7707361614 0 0.764818264 0 0.6480949367 0.6192867886 0.7680485016 0.6164977082 0.6399148697 0.7605097441 0.5164369352 0.5157224279 0.7817762312 0.581147855 0.7625220125 0.6540991509 0.7016060816 0.529464698 0.5323514778 0.5375072536 0.8037483787 0.8069638433 0.8018390567 0.7886446609 0.7353774525 0.5230459556 0.6755002288 0.8994524544 0.7245740461 0.874084238 0.8976040215 0.8996074346 0.9026682925 0.9062548556 0.6863411173 0.6849916895 0.6900040015 0.674633847 0.6705302151 0.6774975749 0.669002012 0.6730094731 0.669740068 0.6731352698 0.6739736226 0.7022364489 0.7007786568 0.708878103 0.5125661131 0.8056109953 0.8124612823 0.8136898183 0.5402987871 0.6966754752 0.8858164487
0 0.6274575966 0.6721898869 0.7472635361 0.8160892516 0.8638031305 0.8621673846 0.5793217338 0.5200545861 0.8171896905 0.8301938884 0.7710037386 0.7674396168 0.7633881855 0.7577018627 0.7565319149 0.7580582307 0.7641758901 0.7646637377 0.7174804242 0.8647404251 0.6458037042 0.7570784194 0.752257798 0.8766127104 0.7845133672 0.5797658928 0.5680843764 0.7360062319 0.5765042165 0.5008229039 0.6972856041 0.7947387065 0.8636382359 0.7979979731 0.8062034833 0.801483744 0.7970785439 0.790041013 0.7959285051 0.7833129679 0.7883987129 0.8932113087 0.8929180062 0.8932070529 0.9021037837 0.5550389674 0 0.6939004394 0.6818695471 0.6803842454 0.6731730109 0.6756408724 0.6733038244 0.6705012655 0.6757147077 0.6704727672 0.6808306806 0.7096488169 0.5360146808 0.8374882939 0.6759454194 0.815383248 0.8055872172 0.8094361533 0.818936232 0.811160413 0.5747181144
0 0.5346401162 0.8357609793 0.7262872479 0.7466905371 0.8586889145 0.8542697085 0.7756312982 0.6654604334 0.8769918727 0.6963641321 0.7751321916 0.7695083136 0.7629094251 0 0.759278736 0.7549914155 0.7604041849 0.7701272022 0.8616943111 0.8680427524 0.5533459358 0.6479593948 0.6795862706 0.7529792138 0.7917615568 0.7341263558 0.5738088242 0.5677957016 0.5741316032 0.5667497977 0.7973003878 0.7899141507 0.7994648167 0.7963808309 0.7963482448 0.792456407 0.7894826419 0.7877535391 0.7835701349 0.7791182457 0.7887352711 0.8888547948 0.8860437182 0 0.8942696194 0.5481852031 0.6993165083 0.6913505952 0.6834676637 0.6825150017 0.6799108262 0.6733281644 0.6756529931 0.6776614987 0.6744327824 0.6765398826 0.672925097 0.6285686431 0.5872577226 0.5838015178 0.6798083243 0.6721724327 0.8088223058 0.8096827922 0.8111217507 0.8201534581 0.7095226568
0 0.8478188905 0.6913062942 0.6903646145 0.6888851386 0.7985314 0.7326087941 0.7940298161 0.8710491318 0.8961487134 0.7867279935 0.783250898 0.7673095124 0.7683582776 0.7597856813 0.7544354144 0.7640231641 0.7586574814 0.7668546489 0.853415641 0.8630172549 0.6174345218 0.7560772514 0.8582406773 0.7654580535 0.9242538001 0.8543950381 0.5737141705 0.8889928026 0.564930033 0.5589702607 0.5593826749 0.5640986533 0.5648718015 0.7934571884 0.7887833987 0.771470718 0.7744158889 0.7704034998 0.7791128306 0.7812889398 0.7873085072 0.8953153047 0.8921542785 0.8894247008 0.5612290218 0.5621722378 0 0.7270269216 0.7223191524 0.6819915231 0.6883651615 0.6853938192 0.6854300356 0.6779680906 0.6867578139 0.6923012943 0.6822888786 0.5969150281 0.7159816748 0.5917516539 0.6816590049 0.6754080547 0.6765996712 0.6139785958 0.8150357818 0.8171708361 0.6944795418
0 0.8401508848 0.6868764259 0.684919153 0.6878667784 0.6801278827 0.7909202555 0.8139961533 0.7397402453 0.6822002486 0.7853241258 0.7893225579 0.7795291009 0.7665707233 0.7582824478 0.7627035577 0.7576335363 0.7132535122 0.7188295195 0.715893449 0.610621063 0.6052592518 0.9117821262 0.9111184205 0.9071077981 0.917941191 0.5917039306 0.5541425169 0.6073661109 0.5632694934 0.5585486414 0.55410481 0.563896366 0.5579361447 0.7925947591 0.7870835864 0.7680641253 0.767395616 0.7691170428 0.7729430618 0.7804276517 0.7904779526 0.5720054151 0.7783960841 0.5631543961 0.5606685339 0.5673810713 0 0.730962037 0.7271722895 0 0.7309058537 0.7253859615 0.7320308953 0.6822095561 0.6853778876 0.6937335932 0.8778274661 0.6006241634 0.6585308982 0.6513741367 0.6843307622 0.6809206332 0.7980906985 0.6780035926 0.5306447884 0.6830768377 0.8873203926
0 0.6629561293 0.6933093094 0.6836031278 0.6781961953 0.678979585 0.8466830336 0.6768144665 0.6791299282 0.7617571834 0.7106521669 0.7822810306 0.7765425456 0.7739137689 0.7698022106 0.7641793911 0.7711114477 0.7154472865 0.7125507909 0.7194106296 0.6040434335 0.6044109588 0.9082224664 0.9054805929 0.9117738551 0.5817887621 0.9190391611 0.8375666987 0.5524162312 0.565940199 0.5590003293 0.5612246811 0.5552117357 0.5623640283 0.7869998208 0.7847928375 0.7721999587 0.7665766282 0.7674150439 0.7747055749 0.7100196171 0.709518504 0.712298948 0.7059725748 0.5677448445 0.5715310768 0 0 0 0.7367888716 0 0.732160603 0.7252707132 0.7269487744 0.6861582207 0.6882387128 0.69327942 0.7437545691 0.5005841158 0.6726296871 0.6485768982 0.7686788716 0.682707426 0.6818233076 0.5238706241 0.5268849358 0.8542247557 0.850963863
0 0.7176638208 0.7116902025 0.6840910473 0.6762616554 0.6737518356 0.6741868586 0.518935155 0.6825821337 0.7092426237 0.7037071201 0.6955589816 0.7833957197 0.7738487502 0.7706190901 0.7741822798 0.77674934 0.7211000211 0.7179085248 0.7184276669 0.5982792251 0.6079494381 0.9097084137 0.9085717231 0.9022013579 0.9099622508 0.9070996354 0.7643507176 0.5605619605 0.6424797794 0.5642969491 0.5595201495 0.5580504792 0.6979911934 0.7864257099 0.7794205519 0.7757207987 0.7680478182 0 0.7716313376 0.7065433327 0.7082946396 0.7058650776 0.6308481303 0 0 0 0 0.5569432452 0 0 0.7234152198 0.6064833498 0.7307562568 0 0.577586289 0.5784436567 0.8503647541 0.8396868486 0.8497306034 0.6390749558 0.8563532218 0.6890961134 0.7208744002 0.7123350224 0.7132134429 0.8521540427 0.8507199407
0 0.8607914763 0.711600754 0.8418064513 0.6772994027 0.6747016506 0.681038704 0.6822467251 0.7570812092 0.70800473 0.6919711451 0.6946922492 0.6944989422 0.6101195259 0.8902347215 0.8897201329 0.8846323251 0.7190844531 0.7262354583 0.7217976779 0.6065306387 0.6005901727 0.6122481213 0.9091389179 0.901685162 0.9015887344 0.9051443681 0.904100249 0.9182488911 0.9203507906 0.5676203888 0.5615435878 0.5618669387 0.7811448774 0.7807559873 0.7773976397 0.7838994245 0.7816398987 0.7717704818 0.7018918514 0.7010346136 0.7031734257 0.7070602972 0.7156347951 0.6818481853 0.7654724585 0.7731231671 0 0 0 0 0.7250435143 0.7247471413 0.8080166959 0.57678344 0.5777151785 0.7332966083 0.6125824045 0.5163546427 0.6466669264 0.6404687975 0.6300757583 0.7211232837 0.722090784 0.7121298716 0.7157544906 0.8539256296 0.8575896509
0 0.7274893563 0.8702554398 0.8565761755 0.7093343335 0.8622109332 0.7576096986 0.7483370232 0.7224384495 0.6999743271 0.6951447157 0.6875919963 0.8824851663 0.6087898177 0.8985018261 0.8861040184 0.8821683257 0.8807905898 0.8872612087 0.7793570646 0.7763702039 0.9085529668 0.9052840829 0.8955312146 0.9051800883 0.8935382886 0.899520752 0.8945622765 0.9116859864 0.9135177121 0.9125200349 0.5701998537 0.7866430249 0.7807563256 0.7847991466 0.7810583412 0.7900172561 0.7739009837 0.7814529959 0.7043884342 0.6970750508 0.7045283998 0.7124067981 0.710216612 0.7638484798 0.7580753996 0.7642192452 0 0 0 0 0.72724376 0 0.816189882 0.813905793 0.5842956608 0.5800549864 0.6075220314 0.611269 0.5749174577 0 0.6347860572 0.6675391459 0.8906799423 0.8395977443 0.71293309 0.7085775014 0.664506462
0 0.8971959714 0.8623414417 0.8606145335 0.7218847993 0.7196882404 0.6402920978 0.6463677528 0.7555670304 0.5931830583 0.6956846452 0.6894749827 0.865043129 0.6186051505 0.8140475515 0.887615349 0.6234540649 0.8777816723 0.8518129301 0.7802011042 0.7597311065 0.8593210458 0.9036032815 0.9020225066 0.8950314389 0.89997494 0.8934762827 0.8980092163 0.9075999088 0.9123881984 0.9170932832 0.8525192445 0.7860248383 0.7826386818 0.5318839491 0.86518848 0.8009722328 0.7201559916 0.7057542969 0.6984812169 0.6950250791 0.6975675983 0.7057522835 0.7097255744 0.7607835275 0.7543907887 0 0 0 0 0 0 0 0.8232293032 0.5869816155 0.5866121452 0.5857476151 0.6150357222 0.6114529848 0.5357061497 0.5219111675 0.5263829304 0.522441298 0.8397081696 0.5196250298 0.5116933566 0.5181777368 0.8518788638
0 0.7575517351 0.8921598931 0.7615445172 0.6246626656 0.6435513083 0.6364362664 0.6254364668 0.6280331115 0.6298618133 0.6295721637 0.5571955303 0.7875846089 0.8098362691 0.8118293495 0.8945374531 0.887618664 0.6006653313 0.8832963835 0.6215707728 0.6328933499 0.6336844595 0.9092874128 0.9010647096 0.8971860458 0.9001542326 0.8952632139 0.8999973808 0.9034983636 0.9115430097 0.9131735501 0.5301425349 0.7827980852 0.7920728703 0.7914535172 0.7614607829 0.6294849305 0.6607147458 0.5147563969 0.703901397 0.6993086603 0.7032475738 0.7100061014 0.7150143076 0.7627900803 0.761842021 0.7635804862 0.7679532924 0 0 0 0 0 0.6245066879 0.6706791502 0.6609403208 0.6627868949 0.8670907781 0.7670928985 0.7619460121 0.5285436651 0.5215677322 0.5244879622 0.6135252948 0.5157638948 0.6601956042 0.5159293859 0.8316923789
0 0.6832015645 0.7517595359 0.7567151954 0.6509991174 0.5359444359 0.6306831207 0.627968409 0.621314084 0.6224076455 0.6181111029 0.7368117292 0.7447717256 0.802803463 0.8021418621 0.7070291046 0.8892345009 0.889980079 0.8714690929 0.7903161261 0.5254405886 0.8521864537 0.51394879 0 0.5168093266 0.9158788685 0.9058854032 0.9061332147 0.9044111105 0.5162509038 0.8991952226 0.5227758722 0.509844504 0.6081066367 0.5971949626 0.5997822892 0.6031180889 0.8570927521 0.899654269 0.7168645678 0.7069582272 0.7057344043 0.7066697973 0.7132313554 0.533968113 0.6459191584 0.570164193 0 0 0 0 0.7753253118 0 0.5523025108 0.752087666 0.5705529411 0.667875708 0.6358576177 0.7574377739 0.7577084352 0.8686875197 0.5276074457 0.5295866827 0.5314139198 0.7285348608 0.7259687835 0.559052623 0.5595783189
0 0.7595087715 0.7560603853 0.7873414035 0.7714651527 0.655735207 0.6261755471 0.6219943812 0.6242491619 0.6156782598 0.622767391 0.8291419681 0.8301392294 0.8288550142 0.805876995 0.8073714987 0.7906038871 0.7196211748 0.5206584538 0.5814855995 0.5128304976 0.5118983848 0.5054476961 0.5095197917 0.5101703681 0.9133438072 0 0.9112035369 0.5313595802 0.5382949857 0.5202630283 0.5259885495 0.6100135828 0.6018588005 0.5988011848 0.5949535551 0.8545355946 0.5936889208 0.5964429325 0.7117070638 0.7087786628 0.7104885978 0.5481958045 0.5305762395 0.554608697 0 0.8649028515 0.8672055858 0.8111289202 0 0 0.6133472338 0.783717999 0.6186652037 0 0.667199846 0.5533712646 0.6669635801 0.5005318483 0.7868275401 0.6635096714 0.7648956632 0.7472117135 0.5363395188 0 0.6181158272 0.5499993972 0.5432247004
0 0.7182932363 0.6435071684 0.7810231219 0.7776262962 0.7678180518 0.6296229586 0.6223715668 0.6185932293 0.6167059495 0.6225081863 0.8167721966 0.8275032109 0.8323771508 0.797712768 0.5411287105 0.5764332 0.808437705 0.8134549727 0.6868446557 0.897542658 0.5121105004 0.5053431328 0.5116103937 0.5745311012 0.7370886612 0.5408170806 0.5312313143 0.5304857345 0.5388406027 0.5446389425 0.5095553652 0.6065819952 0.603561428 0.5965366455 0.5898775987 0.5900798914 0.5888833762 0.5865171522 0.5825517593 0.5817175849 0.5856880106 0.5413192384 0.5487114953 0.5539199615 0.806277028 0.5330958102 0 0 0 0.6099746359 0.6162911761 0.6182328356 0 0.7982913136 0.7549855633 0 0 0 0 0.6171088999 0 0 0 0 0.5505100963 0.5439177358 0.5409342111
0 0.7105829052 0.7685431555 0.7871460588 0.7701529254 0.7688759383 0.771513665 0.8005513276 0.6232846339 0.617165913 0.8321424043 0.8243028197 0 0 0 0.6348487608 0.6092090635 0.8163857052 0.8643074429 0.8780231659 0.679921375 0.7128449267 0.5146971911 0.5123098976 0.520424402 0.83137233 0.5389375119 0.5338174789 0.5315321066 0.6313751685 0.5168384016 0.5013948154 0.6311227355 0.6242799641 0.5959693555 0.5971659555 0.5873197348 0.5948918712 0.5992858966 0.5849029595 0.5877479538 0.5888012903 0.8260792841 0.5441587131 0.8031385728 0.8043075792 0.570407856 0.6602936265 0.7560209422 0.6151744884 0.606662027 0.6127052071 0.6161537424 0.6190679111 0.6247067227 0 0 0 0 0 0.7232840155 0 0.8480760278 0 0 0.6504967329 0 0.6523127317
0 0.7650809029 0.7621348806 0.5769823873 0.7590905405 0.7678025462 0.8685050805 0.6254299397 0.5218086006 0.6574563325 0.8341261929 0.7534979445 0.8242554149 0.7544605441 0.7539301876 0.761128298 0.6656149516 0.8614516249 0.5718628118 0.5766042102 0.5741300918 0.574065521 0.5738504386 0.5154392182 0.7321055743 0.6286335195 0.5390837271 0.6561103664 0.5411762919 0.544455868 0.7381451172 0.8628134932 0.63189295 0.6292310359 0.6271098919 0.597152811 0.5885094391 0.5959089306 0.5987285944 0.5863245393 0.5945836481 0.5517837362 0.8023948855 0.7971813203 0.8060272879 0.8116476235 0.5776431904 0.6593877855 0.65686249 0.8734989327 0.6100884889 0.6110219311 0.6129185623 0.619879033 0 0 0 0 0.7369709815 0.6461618258 0.6787082443 0 0 0.6047736982 0.6114983584 0.6707682178 0.64313589 0.6984962347
0 0.7589742802 0.7675230935 0.7589355657 0.7659136599 0.5978986511 0.6324406594 0.5156048611 0.7370771977 0.7033331315 0.7519023685 0.7445342733 0.7436152203 0.7464873499 0.7516346819 0.7535385548 0.8781954304 0.883307154 0.5706003713 0.5672590845 0.5769565352 0.5690268926 0 0.5796685193 0.5253451124 0.5099994812 0.6233792813 0.5468910538 0.731535569 0.5452951769 0.5507291177 0.5586676486 0.6122997214 0.859424598 0.5694496597 0.5246156688 0.596614361 0.6049409956 0.601193952 0.6037535493 0.5990093529 0.5947464446 0.798019771 0.8495386886 0 0.6581156215 0.6577260127 0.6653970628 0.6613841702 0.6157542202 0.6130272596 0.6109007676 0.611508097 0.6202227705 0.6728875977 0.5420476183 0 0 0.8225466293 0 0 0 0.5949016418 0.6440154497 0.636232521 0.6339879252 0 0.6388513533
