landscape/hab_quality/256/simulation_000094_p039_h065_HABMAT_patch_more_500pix_modified.asc_ac_0.5_quality.asc
NCOLS 513
NROWS 513
XLLCORNER 0
YLLCORNER 0
CELLSIZE 9.980507
NODATA_VALUE NaN
[rows 224 to 255 of 513, columns 432 to 503 of 513]
0.5391378805 0.5341124537 0.7464530214 0.8058972133 0 0 0.9198187866 0.9240580916 0.9096600622 0.9055167796 0.9127400729 0.5004876668 0.6073122715 0.7867863317 0.7817192765 0.7886442244 0.6303226653 0.8781655982 0.6430656452 0.5405830593 0.5606759021 0.8216158391 0.8198135355 0.6216644997 0.8215531786 0.7534158177 0.7473746731 0.7444818835 0.743961222 0.7485681383 0 0.742902626 0.744707382 0.742560709 0.7521923038 0 0.6352594598 0.7745262138 0 0 0 0 0 0 0 0 0 0 0 0 0 0 0 0 0 0 0 0 0 0 0 0 0 0 0 0 0 0 0 0 0 0
0 0 0.8148330796 0.812652838 0.8120269229 0.5751760061 0.5740138494 0.897878782 0.8969875551 0.9045573945 0.5661022723 0.6024148789 0.6008538113 0.8210361563 0.7797987449 0.7887576042 0.8509367024 0.7882305476 0.6382254174 0.5575365898 0.5566746856 0.8215370778 0.8158409101 0.8147072523 0.8214857832 0.8208637383 0.750208067 0.750911501 0.7437556501 0.7430263518 0.7386630415 0.7354613897 0.7389874604 0.7476975643 0.750871615 0.7541211978 0.7552705147 0 0 0 0 0 0 0 0 0 0 0 0 0 0 0 0 0 0 0 0 0 0 0 0 0 0 0 0 0 0 0 0 0 0 0
0.8163280321 0 0.8213814717 0 0.5677146587 0.5718855955 0.5660788867 0 0.8947661508 0.9017293121 0.6020350928 0.5975585655 0 0.789054821 0.7885575466 0.7822013992 0.8506092516 0.854802133 0.7070040752 0.5642224944 0.5601346499 0.557010154 0.8149309211 0.8194582338 0.8141470923 0.820158459 0.8207900892 0.7535568608 0.750452408 0.7406326849 0 0 0.744977971 0.7470728554 0.753363967 0.7549289614 0.7547218695 0.7725538916 0 0 0 0 0 0 0 0 0 0 0 0 0 0 0 0 0 0 0 0 0 0 0 0 0 0 0 0 0 0 0 0 0 0
0.8178037926 0.8189423908 0.557245229 0.5674662582 0.5649640655 0.5661838448 0.5620423212 0.5663515004 0.8990147297 0.8989682071 0.6011571408 0.596194068 0.603281837 0.6767169899 0.8524799013 0.8478280961 0.8521402847 0.862071445 0.8873150473 0.8859155095 0.887553332 0.8960261816 0.8954538355 0.8146598286 0.8226034607 0.8158313008 0.8177049722 0.8305607713 0 0.7457686443 0.7461852016 0 0 0.7509512619 0.7547085866 0 0 0 0.7651320301 0 0.8117962427 0.7606432038 0.6895239249 0 0 0 0 0 0 0 0 0 0 0 0 0 0 0 0 0 0 0 0 0 0 0 0 0 0 0 0 0
0.8219044234 0 0.5619654239 0.5558363732 0.5582220861 0.5569717382 0.5569073931 0.5606066824 0.818480596 0.60500582 0.5962297857 0 0.6009477892 0.6046159083 0.8491561494 0.8474384959 0.8548917938 0.8611179785 0.8830654099 0.8812114305 0.8835569847 0.8869130422 0.8891379632 0.8322653237 0.8231459738 0.8312853613 0.8209626652 0.8265256057 0.7536282646 0.755399382 0.7500210207 0 0 0 0 0 0 0 0 0 0.8049668674 0 0.6711429877 0 0 0 0 0 0 0 0 0 0 0 0 0 0 0 0 0 0 0 0 0 0 0 0 0 0 0 0 0
0.8274993215 0 0 0 0.5552456011 0.5528065246 0.5556628319 0.5644901491 0.5698311328 0.6031493058 0.5970116563 0.6051781951 0 0.572910982 0.8488341742 0.8516997566 0.8556090997 0.5159794943 0.5131531372 0.8767535795 0.8792348771 0.8735536159 0.8912070876 0.7244181398 0.8371216036 0.8293755407 0.5549167038 0.8210894388 0.8223035215 0.5920635252 0.8229762135 0.6586893362 0 0 0 0 0 0 0 0.8090736241 0.5364553873 0.8129509402 0.8962251235 0 0 0 0 0 0 0 0 0 0 0 0 0 0 0 0 0 0 0 0 0 0 0 0 0 0 0 0 0
0.7335488646 0.5206346852 0.5563019936 0 0 0.8673592165 0.5582805693 0.5637480993 0.5670163262 0.6129972986 0.5192807577 0.5105109596 0 0 0.859128989 0.8613860426 0.5472962541 0.519139226 0.5093664655 0.8783677219 0.8724758897 0.881408416 0.6772667885 0.7730073445 0.769319552 0.7683300631 0.8246017343 0.7506474971 0.5885657391 0.5901006732 0.8145783565 0.8224516621 0.7819309846 0.6364138377 0.5758215262 0 0 0 0.740927531 0.6906061669 0.6926280173 0.9047911603 0.8864772462 0.8981243561 0 0 0 0 0 0 0 0 0 0 0 0 0 0 0 0 0 0 0 0 0 0 0 0 0 0 0 0
0.6834880657 0.8074989328 0.7013912038 0.5903606494 0 0 0.8691340416 0.562795042 0 0.6126198933 0 0.7930779285 0.748726418 0.7141869663 0.7139085314 0 0.6560474329 0.5096706371 0.519227761 0.8742826555 0.8784806409 0.7318412526 0.7377919343 0.7359842443 0.7765092832 0.7775576211 0.7707098312 0 0.5939600828 0.5982294554 0 0.8187292706 0.7188201036 0.6094154945 0.5782569714 0 0.5011364535 0 0.6928227545 0.7600603815 0.6992407406 0 0 0 0 0 0 0 0 0 0 0 0 0 0 0 0 0 0 0 0 0 0 0 0 0 0 0 0 0 0 0
0.8038181311 0.8091885225 0.5308212731 0.5688882273 0.5824700856 0.5786496725 0.8741474532 0.8718290629 0.5658237036 0.6503866049 0.6099932822 0 0.6156809731 0.7116884543 0.707354974 0.7116948813 0.7217647252 0.5275184255 0.5262082342 0 0.7393716089 0.7363845637 0.7314112029 0.7333964699 0.7396498436 0.7801172997 0 0 0 0.603786099 0.6124248444 0 0.6039455259 0.6823285963 0.6882179342 0.6862430074 0.7377412064 0 0 0 0.7881885366 0.6706271305 0 0 0 0 0 0 0 0 0 0 0 0 0 0 0 0 0 0 0 0 0 0.552998978 0.5588256003 0 0 0 0 0 0 0
0.8064414618 0.5287056024 0 0 0.5861340759 0.5848619996 0.5786893551 0.5869805786 0.6485839901 0.6133728786 0 0.609214015 0.6165809079 0.709909757 0.7110832809 0.7165418691 0.719067193 0.5296872371 0.5344410936 0.7396854123 0.7380531267 0.7351890262 0.7345336971 0.7348468421 0.6564585681 0.7264057143 0 0 0 0.6079460146 0.6660455035 0.5993488202 0.6819116738 0.5310982307 0.5327909235 0.7416713636 0.8224726256 0.6703610669 0 0 0 0.6693210161 0.7040180885 0.6397926318 0 0 0 0 0 0 0 0 0 0 0 0 0 0 0 0 0 0 0.5569952166 0.5611432788 0.5556948609 0.5131312796 0 0 0 0 0 0
0.807030476 0.6550017865 0.5282632286 0 0.5925721136 0.5881124951 0.5935152676 0.5806342089 0.6566091672 0.6138545806 0.6048617271 0.6144782845 0.682812523 0.8913695729 0.7222880516 0.72379792 0.7925199433 0.5524920242 0.7783103394 0.7398074399 0.7360164198 0.7390281197 0.7396388319 0.7447924463 0.7385843288 0.8014918651 0 0.6645230361 0.659108665 0.6604856449 0.6352109589 0.5224930247 0.5182351395 0.7382402511 0.5299067352 0.8894268187 0.8888326436 0 0 0.6315190137 0.7550791387 0.8165103316 0 0 0 0 0 0 0 0 0 0 0 0 0 0 0 0 0 0 0 0 0 0 0 0 0.5844749542 0 0 0 0 0
0.8346434449 0.516977505 0.5114070206 0.5929552932 0.6013242287 0.8379640081 0.5901305297 0.6259583451 0.5822205369 0.6080465501 0.6099050394 0.6097852165 0.8863031457 0.8878399339 0.6870808154 0.6834324244 0.6885979092 0.772745406 0.7826857513 0.7478521036 0.7469632166 0.6141130632 0.5923746928 0.6083144921 0.7509364252 0 0 0.6640349908 0.6583796636 0.6676015189 0.5252624939 0.5169610025 0.5125531984 0.5127387685 0.5350836067 0.5256568981 0.6898345485 0.8927228702 0.5709743494 0 0 0.6656546521 0 0 0 0 0 0 0 0 0 0 0 0 0 0 0 0 0 0 0 0 0 0 0.7465143228 0.7432765411 0.7455326006 0 0 0 0 0
0.5127741678 0.5124616128 0.5124364745 0.5036836579 0.6042815312 0.6094004843 0.7261757062 0.6359218542 0.597673434 0.8789361581 0.8874580464 0.8811693626 0.8832005826 0.880078823 0.6804122662 0.6792825743 0.6521907066 0.5685153554 0.5180837755 0.5023485103 0.6122865775 0.6106989621 0.6065179999 0.6156604879 0.6124714786 0.6166535739 0.6694516965 0 0 0 0 0.51611606 0.5234851121 0.5136740723 0.5290332505 0.5302168391 0.5323631219 0 0 0 0 0 0 0 0 0 0 0 0 0 0 0 0 0 0 0 0 0 0 0 0 0.8772391106 0 0.8778133886 0.737284671 0.742955086 0.7435237542 0.7366429827 0 0 0 0
0.7836462762 0.5361474472 0.5038214947 0.608124915 0 0.6184288545 0.6189942758 0.8018121313 0.8915436765 0.8864153746 0.8789059975 0.8830587928 0.8787733793 0.8865739933 0.6745149384 0.5682434313 0.5612111932 0.562711376 0.5751584913 0 0.6057804229 0.6063514466 0.605373834 0.610405406 0.7164795773 0.7893972892 0.7747211029 0.7823985365 0.5818423329 0.5031640937 0.5200892848 0.5185590779 0.523493274 0.731044573 0 0.6095387824 0.6251604926 0 0 0 0.5425306056 0 0 0 0 0 0 0 0 0 0 0 0 0 0 0 0 0 0 0 0 0 0.8700441645 0.7357992219 0 0.7359098408 0.7412921383 0.74122035 0 0 0 0
0.7873290158 0.5902878603 0.7892068089 0 0.5533653477 0.8945314622 0.8890417177 0.8908342664 0.878531493 0.8715176175 0.8713833361 0.8745543501 0.8797145792 0.8839522148 0.674827369 0.5606569845 0.5599833922 0.5656374826 0.6065721709 0 0.596604001 0.5962321989 0.5922826373 0.8540177836 0.6054355107 0.5533938907 0.7516920767 0 0.868277073 0 0.5218498582 0 0 0.6462908051 0 0 0 0.6304831851 0 0.5451978653 0.5464864068 0.5433674346 0 0 0 0 0 0 0 0 0 0 0 0 0 0 0 0 0 0 0 0 0 0 0.733542007 0.7381839412 0.7314571998 0.7349236414 0.7362485037 0.8962910653 0 0
0.7804645753 0.785134053 0.7950520093 0.7325396449 0.7001022413 0.8937524268 0.8892143435 0.8842613734 0 0.8761045187 0.8669631323 0.8688470393 0.880330839 0.8822217426 0.8909934648 0.5617142064 0.5619354296 0.5681021533 0.6104650792 0.6039192713 0.5925699425 0.5921803983 0.5955914123 0.5990337432 0.6049608376 0.710684712 0.6563139141 0.8646234352 0.902363239 0 0 0.9029719831 0.8098801602 0.806145506 0 0 0.525007731 0.8291343131 0 0 0.5486103554 0 0 0 0 0 0 0 0 0 0 0 0 0 0 0 0 0 0 0 0.7619512126 0 0.7500075571 0 0.7330244068 0.7324496062 0.726489234 0.7265522027 0 0.6755867224 0 0
0.7887049812 0.7865959048 0.792466873 0.8008076353 0.9067565765 0.8951195297 0.8903917004 0.8915148878 0.8821016241 0.8768759313 0.87127433 0.8687278116 0.8790637702 0.8812913783 0.887308168 0.5657269129 0.5714333908 0.5743279128 0.604421226 0.6040852387 0.592322424 0.5953888178 0.5938334901 0.6729889536 0.7080739862 0.7040374657 0.7017004908 0.6622091156 0.521273324 0.8996338867 0.9015725178 0 0.651690832 0 0 0 0 0 0.6103101432 0.6117509136 0.6578606098 0.826745339 0 0 0 0 0 0 0 0.509242541 0.7979768798 0 0 0 0 0 0 0.8092277893 0 0.7671637418 0.7685916757 0 0 0.7401817501 0.7248553274 0.7234153415 0.7268479391 0.734800279 0 0.678140939 0.5317795274 0
0.7896778437 0.7944725691 0.7956073569 0 0 0.8984278418 0.8994923747 0.8894372041 0.7354234893 0.8916933878 0.8722236327 0.8735983017 0.8743432123 0.889928222 0.884856187 0.7003284617 0.5789069797 0.5800911316 0.5745073312 0.5969752613 0.5966776664 0.5982118398 0.6000621596 0.598693276 0.7939752908 0.6986855663 0.7047784638 0.6668281354 0.5368693523 0.530825262 0.5300701206 0.5320815372 0.8541801047 0.8430866824 0 0 0.6203110143 0.6030368169 0.6020200814 0.607625963 0.5283218057 0.6154374889 0.8835297692 0 0 0 0 0 0 0 0.5580393479 0 0 0 0 0 0 0 0.5871885991 0.5243109983 0.5253129845 0 0 0.7409255563 0 0.7242685047 0.7304648935 0.6286938466 0 0.5728935834 0 0.5400399778
0 0.7887312755 0 0 0 0.8981590816 0 0.6479664614 0.5228500323 0.5304415957 0.8797910789 0.8818979228 0.8823104454 0.790878449 0.8887418831 0 0.6519074105 0.5818730189 0.6992060301 0.6037222519 0.600260325 0.6005081874 0.666059914 0.5670876537 0.5597124966 0.5599986281 0.5044846657 0.7058091385 0.5246526524 0.5287666097 0.5315917843 0.5401605604 0.6992809108 0.6725925635 0.5541420597 0.6257629231 0.6279533707 0.6224696877 0.6049583792 0.5056610587 0.609342202 0.8953888174 0.8692098534 0.6506342139 0 0 0 0 0.7848613973 0.7766776159 0 0 0 0 0 0 0.7537746881 0.8480017447 0.6582961454 0.5245458311 0.528822566 0.5173970168 0.508151244 0 0 0 0 0.6268645714 0.6279253598 0.6227391915 0 0
0.7824877415 0.5471304208 0.7919385363 0 0 0 0.8886222567 0.8924968475 0.5287048974 0.525147516 0.8903814739 0.8900923187 0.6577222837 0.6603335117 0.5871023911 0.7437564976 0.6958608498 0.6910669612 0.6935541981 0.6848355484 0.6869616096 0.5677183376 0.7707560407 0.5501702125 0.557689579 0.5579323578 0.5666246809 0 0.5306941749 0.5240496547 0 0.533867765 0.6570711854 0.5776879914 0.5760060032 0.5755261365 0.626294818 0.6284043622 0.6559245426 0.8145019639 0.6121430456 0.6130881564 0.7069521724 0.5480500882 0 0.7109658375 0.7807871215 0 0.8191855201 0 0 0 0.8304396995 0.8225902532 0.6523343443 0 0 0.8309004202 0.8317974976 0.6536960582 0.830434167 0.5148715126 0.8435411736 0 0 0 0.8393263774 0 0.6218468344 0 0 0
0.7763447134 0 0 0 0 0 0 0.8813945168 0.7123704733 0.7423188592 0.7300013749 0.8354375357 0.6589779347 0.6584673388 0.6796374964 0.7602873677 0.7423376372 0.6935304142 0.6871714033 0.6842670639 0.5613912318 0 0.5544169976 0.548452571 0.5554503499 0 0.6483684467 0.6510317301 0.532906336 0.5340228361 0.5328755904 0.5383875322 0.5361958591 0.698316278 0.5751155445 0.5769923587 0.5841757099 0.6562288977 0.6596219762 0.6570885661 0.7102746167 0.7015121596 0.710672559 0.7125516217 0 0.6189612776 0.7029436922 0.7944305758 0 0.5167452468 0 0.5673814073 0.8217592096 0.8225645718 0 0 0 0.8304243247 0.5849005738 0 0 0.82923588 0.5718984814 0 0 0 0.7822831306 0 0.6280674976 0.6292331607 0 0
0.7766978256 0.7568122661 0 0 0.668789188 0.5655430731 0.776440096 0.5531036702 0.551033859 0.7257099379 0.8279275214 0.8256343678 0.7084131512 0.5203804153 0.7014411415 0.7401988449 0.74156549 0.6958244815 0.6908136336 0 0.5615566204 0.5599647959 0.5537974854 0.5550512025 0.5571270043 0.5609376713 0.8999584231 0.6483304717 0.6534555467 0.541064129 0.5371600487 0.5375002037 0.7769468089 0.5809673442 0.8888346588 0.5794151451 0.583970377 0 0 0 0.7068086174 0.7037925403 0.7475494449 0 0 0.8705145429 0 0.7098866027 0.5106164204 0.8075053114 0 0.7830078481 0.7809234398 0.8139183026 0 0.819736212 0.8204985441 0.8212454735 0 0.820112908 0.8164358622 0.6729010935 0.6462833305 0.7182115548 0.8640434744 0 0 0 0 0 0 0
0.7827690945 0.7841926648 0 0.501021866 0.6889422872 0.5331069588 0.5394988745 0.5525951237 0.5456598186 0.8193604753 0.8215374995 0.8230979386 0.8851378677 0.7526381174 0.6202660026 0 0.7334901078 0.7390638468 0.7705121382 0.5654330997 0.5689104562 0.5218681019 0.5616391694 0.5594675697 0.5574897168 0.5622967069 0.6504167951 0.6571948287 0.6523742359 0.6596315268 0.7727037521 0.7666342006 0.7686039164 0.7694800221 0.7810331177 0.5801149403 0 0 0.8639229934 0.6913490398 0.5182061241 0.5901247788 0.6486348917 0.6450549378 0.6463958672 0 0 0 0.7689772652 0.6120964095 0.8814610115 0.7826483011 0.820987194 0.8201069967 0.8119839286 0.8210578395 0.8133811909 0 0 0.8161924709 0.8203970564 0.7695188501 0.5679461942 0.7420581409 0.8299368906 0 0 0 0 0 0 0
0.7905934481 0.7900673465 0.7856078842 0 0 0.6871468198 0.5298737763 0 0.5327040726 0.8152010306 0.8192962531 0.8258624962 0.6154348013 0.7288046773 0.6726576292 0.7375707138 0.732808609 0.734950379 0.7383609465 0.7330069112 0.8015694014 0.5628733611 0.5624627035 0.5684852951 0.5671823767 0.8525181925 0.6609591983 0.6581474972 0.6617618199 0 0.7640729514 0.7640205677 0.7657120488 0.7677243085 0.771234043 0.7826029315 0 0 0 0.8587047606 0.691051821 0.6517449427 0.6787158324 0.6445215958 0.5135017111 0.7145526939 0 0 0.7677921158 0.5527593269 0.7217489767 0.8576407325 0.824359952 0.8171368794 0.8152639676 0.8111564664 0 0 0 0.7641557819 0.7660440504 0.804843534 0 0 0.7698644366 0 0 0 0 0 0 0
0.5878067546 0 0.5919188878 0 0 0 0.5341110813 0.5247055949 0.5283723417 0.8244950784 0.8186914752 0.8233271521 0.6326473756 0.8454417071 0.5892375525 0.735318357 0.7329025625 0.7203441032 0.7289081522 0.7299239497 0.7348754441 0 0.5698744265 0.6882375279 0.824337174 0 0.8065073598 0.7687053113 0.7643733608 0 0.7539383764 0.7597665496 0.759893842 0.761328916 0.7737205071 0.5786032284 0.597756537 0 0 0.5194752966 0.5564639105 0 0.6457545032 0.6509289622 0 0 0.5576741816 0 0 0 0 0.7270332664 0.8561673016 0.8231185959 0.8170724843 0.8180462447 0.8174686179 0 0 0 0.759974228 0.7602575031 0.7663906672 0 0.7599911003 0 0 0 0 0 0 0
0.8599923091 0.6016970954 0.5918297759 0.5851959689 0.5868542007 0.5924533232 0.5288848457 0.5285172527 0 0.6039595699 0.8193951658 0.6142002118 0.5507397861 0.5500855254 0.5521406654 0.8941861756 0.9035377051 0.7306064118 0.7309831318 0 0.8082967841 0 0.5137876062 0.8565781407 0.844026239 0.7827982101 0.8095896738 0.80600943 0.7611232877 0.7589337965 0.7559820848 0.7510600367 0.7534047078 0.764994544 0.7720849184 0 0 0 0.7502855279 0.7845858806 0.8761659117 0.7816344779 0.7913354738 0.6609993335 0.6959570481 0.7389139 0.740028493 0.7521286499 0.5343883772 0 0 0 0 0 0.8218112007 0.8212646189 0 0 0 0.7620085041 0.7685449392 0.7686101363 0.7632796943 0.7783104304 0 0.7591721053 0.7654503924 0 0 0.7395779875 0 0
0.5185371784 0.5943496923 0 0.5833442291 0.58912388 0.5962351905 0.5341133028 0.5325985376 0 0 0 0.5393226468 0 0.545094416 0.549591356 0.8999596436 0.8975122146 0 0 0 0 0 0.6256688691 0.5293292421 0.6866264148 0.7779128862 0.8086211133 0.7691102265 0.7663110947 0.7559097822 0.7491122775 0.7466233217 0.7551896386 0.7650155196 0.7652647575 0.8127012596 0.822323719 0.8653364048 0.5479206001 0 0.7087657384 0.7075407684 0.7045588461 0.8312975672 0.7428195532 0.7347579902 0.743651007 0 0.8794775856 0 0 0 0 0 0.8218255604 0 0.8284356231 0.7619092231 0.7561889204 0.5111423614 0 0 0.7676218573 0.7684429018 0.8301359007 0.5779242501 0.5777915637 0 0 0.7387492334 0 0
0.8722092019 0 0 0.5839873323 0.5921627427 0.6026506732 0.6061184904 0.7043990658 0.7060078566 0 0.5399426173 0.5367692327 0.5432741336 0.5446620191 0.5035839388 0.5135541917 0 0 0 0 0 0 0.8742100386 0.5600990012 0.5554073788 0.7768199657 0.7693994052 0.7764245015 0.778072057 0.7544296901 0.7517037062 0.7476814993 0.7469439092 0.7632855677 0.6900000722 0.8156674734 0.8160321 0.5970343583 0.5994958652 0 0.7132054548 0.7043327946 0.8275621872 0.7167032108 0.7390447798 0.7370949004 0 0.8098623533 0 0 0 0 0 0 0 0.7444392837 0 0.7520935001 0 0.7844427648 0.5058139956 0.8061298712 0 0.7628473613 0.6604026263 0 0.5720150614 0.5801920161 0.5791821183 0.5008305781 0 0.7481226877
0 0 0 0 0.6063964637 0.7046905714 0 0 0.7005273591 0 0 0.5374119229 0 0 0.8447905924 0.5109105387 0.660355499 0 0 0 0 0 0.6076592398 0.5403009688 0.78517039 0.6338609178 0.8238912337 0 0.7824770908 0.8728482086 0.7580094284 0.756491414 0.7566299855 0.7103529213 0.7135830603 0.7123293706 0.7147112521 0.8582172251 0 0 0 0 0.7114256829 0.7151112407 0 0 0.8682564057 0 0 0.7851905882 0 0 0 0 0 0 0.7430124505 0.7525769431 0.7540888622 0 0.6050131875 0.5678057865 0.7989765579 0.6795872592 0.7660007859 0 0 0.5758122098 0.5801552066 0.5881547217 0.8185195632 0
0.8499580869 0.8430965566 0.8473575096 0.8461102773 0.5657969937 0.7077588687 0.6991460208 0.6978445661 0.6897475505 0.6902905002 0 0.5573358241 0 0.842899873 0.8450579471 0 0 0 0 0 0.7024782633 0.8235212256 0.8299698735 0.7732328928 0.6208849056 0.6171941986 0.6092941024 0.6120098586 0.8796941349 0.8749902947 0 0.8585279178 0.8568943213 0.7126166438 0.7037832079 0.70938392 0 0 0 0 0 0 0 0 0 0 0.8636010507 0 0.8324812907 0.8352503122 0 0 0 0 0 0 0.7481285871 0.7498987991 0.6989129952 0.7301059312 0.6740501133 0 0 0.8089723906 0.6641397268 0.8569706045 0.5843251795 0.5779046154 0.5834549247 0.8215534121 0.8139888951 0.751417665
0.8304626059 0.8350441199 0.838200209 0.8415852336 0.6466171276 0 0.6860100696 0.6810030687 0.6885124838 0 0.6987942734 0.5381987401 0 0 0 0 0 0 0 0 0 0.8346141755 0.5775083628 0.8239490636 0.558013555 0.6108156517 0.6114811271 0.6151651667 0 0 0 0 0.8626529596 0.7090705148 0.7097732118 0.6998166413 0 0.5451621959 0 0.5558868219 0 0.6887573281 0 0.7699428995 0 0 0.6807413536 0.5850045766 0.5461045271 0.7061321533 0 0.5349819673 0 0 0 0 0 0.756485274 0.6718268355 0.8473051756 0.6739889569 0.8236277093 0 0 0.6753777025 0.8863034796 0.8537497409 0 0 0 0.8198641203 0
0.647184347 0.8294300421 0.8299187019 0.8211717148 0.6252844263 0.6848110111 0.6786439032 0.6813497243 0.6837592855 0 0 0 0 0 0 0 0 0 0 0 0.604953079 0.6535937452 0.6634461898 0.529557998 0.5297560058 0.535259709 0.5355223769 0.762576501 0 0 0.7812241796 0 0.5910469075 0.8264635513 0 0.7035288892 0.7037347116 0.7090808812 0.5505394692 0.559520359 0.6896892518 0.6922921692 0.6958852618 0 0 0 0 0 0.854181568 0.6389690835 0 0 0.5503711728 0.5821525982 0 0.8522269369 0.7097591862 0.6650931107 0.6709858122 0.6671074474 0 0.6741330657 0.6776190359 0.6638360354 0 0 0 0.5965126972 0.6038854782 0 0 0
