landscape/hab_quality/256/simulation_000032_p043_h081_HABMAT_patch_more_500pix_modified.asc_ac_0.5_quality.asc
NCOLS 513
NROWS 513
XLLCORNER 0
YLLCORNER 0
CELLSIZE 9.980507
NODATA_VALUE NaN
[rows 174 to 202 of 513, columns 325 to 389 of 513]
0.6699141109 0.6686600644 0.5858252853 0.7596258733 0.9112278456 0.908652124 0.9063216127 0.7539170342 0.8932720914 0.5349460793 0.5363088646 0.5392801314 0.7850364022 0.7574168944 0.8113429172 0.8093006814 0.8266571163 0.8264591902 0.5437485391 0.5697612359 0.5683696624 0.8696161296 0.6544481384 0.6227702543 0.6308705549 0.8813944079 0.6198777679 0.6460458772 0.6374924942 0.7049306247 0.7523198767 0.6658366524 0.8486767152 0.5266587815 0.8305251109 0.7808193353 0.7197918539 0.6886622405 0.6829540367 0.6929128124 0.6420492556 0.5734200514 0 0.5728133116 0.8893720058 0.7235032559 0.8123342095 0.7209388171 0 0.8257352462 0.8277684189 0.8275501325 0.5957285595 0.5961803277 0.597477163 0.5725663404 0.6470096532 0.5828789341 0.5817813678 0.8791803051 0.8781027283 0.5910910085 0.5864227362 0.5871578402 0.5808445542
0.7516128587 0.7071012317 0.7150671278 0.9232946749 0.9142647929 0.9056057401 0.8995777494 0.8989457625 0.6235809258 0.7890013465 0.787922718 0.7872634712 0.7896981368 0.7233457659 0.5614681408 0.559660704 0.5611383981 0.5531402755 0.5731046593 0.5741850428 0.5774603119 0.5328721593 0.6273171592 0.7135215654 0.8734660481 0.8338879591 0.8299417607 0.8079815857 0.7883091131 0.696700796 0.7079423462 0.6820828971 0.8332838038 0.6357666068 0.7431513139 0.5349035461 0.7277381174 0.6856006821 0.6918736281 0.6927794578 0.8799696115 0.8760421222 0 0.8809568156 0.7193165534 0 0.5305457392 0.8229885501 0.8208641434 0.8990550661 0.8162398243 0.8234985672 0.8230422119 0.7185846577 0.5672900634 0.627008114 0.7726234195 0.5398435536 0.7755696984 0.8795902496 0.8714121442 0.8699752632 0.8787600785 0.5894152544 0.5821913734
0.7073458994 0.7097991866 0.6397212346 0.6404917009 0.9149245911 0.8999841617 0.9035753654 0.8987957025 0.9014587687 0.7849744565 0.7867745683 0.7848718584 0.7847744719 0.7215291353 0.8402346623 0.5516405514 0.5586252452 0.5617934926 0.7297766992 0.5672238005 0 0.6283621936 0.570300134 0.5065965619 0.6543014526 0.8270007942 0.83653196 0.8288452244 0 0.6685681026 0.6618097655 0.6686279863 0.5909710107 0.6350154756 0.8263886748 0.8205679304 0.8051919792 0.8123683826 0.8076245361 0.6842790131 0.7392493112 0.8774856335 0.8813604282 0 0.7649064807 0.5886229352 0.7266296786 0.6840391368 0.8448044359 0.7943123296 0.8156680374 0.8147475864 0.8166569928 0.7174561944 0.7270418319 0.8061566844 0.7762804606 0.7682183651 0.6409153386 0.6374262699 0.8755338245 0.6319560187 0.8742489677 0.8955961211 0.7495059896
0.8923790146 0.6434515239 0.7811962003 0.6359662141 0.7276408545 0.6388760751 0.7887828526 0.7891871483 0.791522637 0.6677085709 0.7809728685 0.7779599692 0.7842579029 0.7143810568 0.7131591709 0.7221461077 0.5587351814 0.6730541043 0.7172204029 0.7145046015 0.5676088484 0 0.7119304377 0.7128045382 0.7144071699 0.5810211825 0.8312168587 0.8384069971 0 0.6600136482 0.6610737254 0.6600735969 0.6368709675 0.622138838 0.8186130745 0.817853168 0.8118460951 0.8049814989 0.8126551854 0.8166230704 0.5805272385 0.6905681534 0.6258865452 0 0.5854161093 0.591481487 0.7855295036 0.7521826355 0.6934427511 0.6083752615 0.8237577799 0.8158704032 0.8225994116 0.8761044047 0.7247502851 0.6401602124 0.7782157347 0.6402554392 0.6359446482 0.6367918004 0.6412774046 0.7885338267 0.8867990172 0.8957044027 0.5402843347
0.5236132335 0.7832541107 0.7737780934 0.7737582013 0.6291936776 0.8979199574 0 0.7865366356 0.7940541145 0.7830633991 0.7790719893 0.7783223694 0.7801561186 0.7201648426 0.7196625187 0.7172948292 0.8415572004 0.5422359487 0.7079298884 0.7054502534 0 0.7441026256 0.7141195522 0.7113671999 0.651524957 0.6313218491 0 0.8907921931 0.664859806 0.6549861177 0.6526560936 0.8499730413 0.6461445325 0.6494180507 0.7230959607 0.9039768757 0.8992212634 0.9011936123 0.8101336527 0.8186323084 0.7045184823 0.7111507393 0.8024181402 0.8088790867 0 0 0.6012961442 0.5690251338 0.5312071241 0.5548054625 0.8201149048 0.8932077077 0.7053678448 0.8281722847 0.6895640541 0.8292029211 0.6440987653 0.637195775 0.6323412214 0.7852582081 0.6398402827 0.8814484285 0.8676666568 0.5143166396 0.5370407321
0.7948840561 0.7770130669 0.7814319575 0.6336115863 0.6355825557 0.6316375247 0.7950741844 0.789333745 0.7892819578 0.7888350734 0.7899321165 0.6964362139 0.8213550663 0.7818301259 0.8292750281 0.842010148 0.8377037134 0.8463257573 0.7047455258 0.7011175103 0.7041677375 0.7204291976 0.7124164196 0.8672367034 0.554371342 0.5598369355 0.7223749321 0.887458816 0.6625296817 0.6581518946 0.6533630927 0.6441965946 0.6450613137 0.6466518463 0 0.71565852 0.8983567591 0.9039896942 0.8248596668 0.8464237982 0.8506269086 0.8037684814 0.6944609323 0.6931883128 0.6959616104 0.56324934 0.5961445412 0.8970964929 0.5544364939 0.6087238813 0.8282170366 0.7045898361 0.7540804822 0.8256987771 0.8252426301 0.828432154 0.8237973547 0.6372872119 0.6367811318 0.6421608442 0.8887267168 0.880226076 0.8844896384 0.8316882269 0.8255710898
0 0 0.8125602486 0.8087632144 0 0 0.6321028169 0.7989981555 0.7938160712 0.8760832947 0 0 0 0.7867141932 0.7885134879 0.8419501652 0.8825446047 0.7219075677 0.7322108769 0.7022141624 0.7079516162 0.7073956527 0.8535001223 0.8708499745 0 0.5570709989 0.5637213037 0.6878146468 0.6657689806 0.6597264933 0 0 0 0 0 0.8989209184 0.9064653518 0.8986787584 0.8417594068 0.8382742742 0.8441946965 0.8471287099 0.6959799894 0.6931133165 0.7021182354 0.8259898891 0 0.6929433461 0.6740678394 0.5073097783 0.5855500241 0.5394476908 0.8131879364 0.5792196308 0.5853280733 0.8341125009 0.8193846685 0.701058586 0.6401047809 0.8802577287 0.6895016979 0.7548149465 0.666926508 0.5014278266 0.822267778
0 0 0 0 0 0 0.6319561664 0.7954007514 0.8745360981 0.8783182935 0 0 0 0 0 0.5202445273 0.8500572847 0.5739232003 0.5848816377 0.8059948256 0.7172111159 0.7079331842 0.7132432222 0.7168761427 0.5611161017 0.7817588693 0.7882114668 0.7799678993 0.8057098021 0.6641979365 0.6641702466 0 0 0 0 0.9103563038 0.9053621501 0 0 0.8351830867 0.8377483114 0.6340111263 0.7012541225 0.6954101572 0.6942189789 0.8010105237 0.797080375 0.804939305 0.5170784602 0.5478850285 0.5876144885 0.5790812214 0.5767368905 0.5838814808 0.5893859844 0.7049408388 0.6971922517 0.7005684702 0.6998706844 0.6971103281 0.6884122461 0.6955658315 0.5665564013 0.6937390278 0.7184650739
0.7983779273 0 0 0 0 0 0.630712754 0 0 0 0 0 0 0 0 0.6830763793 0.5709838018 0.5686381903 0.6632280483 0.5554002105 0.5589632394 0.5093039276 0 0.5186726513 0.7881620555 0.6165844477 0.7792006259 0 0 0 0.731641899 0.7240071778 0.7216345957 0 0 0 0 0 0 0 0.6299710867 0.6357524904 0.6919152001 0.8116394299 0 0.6361201368 0.8585682034 0.8583524475 0 0.863343477 0.5942084156 0.584786091 0.5756171359 0.5778676067 0.5897769608 0.7013885078 0.7000627122 0.6917132267 0.6744281043 0.6917932553 0.5616262556 0.6870477622 0.8247146575 0.6913024857 0.5682833949
0 0 0 0 0 0 0 0 0 0 0 0 0 0 0 0 0.5710773161 0.5657030922 0.5615230642 0.5534478042 0.6896196055 0.7959920249 0.5083124063 0 0.7854471573 0.7794316403 0 0 0 0 0.8606232345 0.6133580275 0.5940607624 0 0.7571358135 0.8838914873 0.6324043487 0.6273763619 0.6276207733 0.6235505223 0.629140632 0.6369862408 0.6823202272 0.5952774698 0.7682405269 0.7262533705 0.6283563698 0.8566459392 0.8596151151 0.5360734002 0.5915712696 0.5808525559 0.584205758 0.5843146217 0.7812546075 0.7645461698 0.7077919263 0.6995462536 0.8478266675 0.8570374019 0.6875975967 0.6924947121 0.685801448 0.6815032305 0.6909173647
0 0 0 0 0 0 0 0 0 0 0 0 0 0 0 0 0.5713278862 0.5890293589 0.5590607728 0.8677430563 0.8884433804 0.5103155144 0.5155608945 0.5088763881 0.6750136928 0.5371861705 0 0 0 0 0 0.6101684086 0.5979466584 0.8536290232 0.6352999168 0.852338581 0.6301834747 0.6228854611 0.6186583681 0.6241340455 0.6290830772 0.8752367491 0.6392012506 0.7459829409 0.6368003257 0.6300388077 0.8599842695 0.6739387497 0.85861585 0.8685644178 0.6084984289 0.5827268586 0.5822174685 0.5939055996 0.8931330625 0.6228983476 0.7461790657 0.6808608071 0.570381467 0.8526067377 0.6465791203 0.6956460899 0.688282292 0.6855616329 0.6857800738
0 0 0 0.8915278235 0 0 0 0 0 0 0 0 0 0 0 0 0.8451958425 0.5686378968 0.5602431441 0.6254078884 0.6239631356 0.6271683657 0.6207244509 0.62304739 0.6254843544 0.6703759462 0.6762089178 0 0 0 0.6002228052 0 0.5965015898 0 0.738739986 0.627851942 0.6289233884 0.6190365242 0.6269164299 0.6190054728 0.6337666641 0.8792710781 0.8793952155 0.6089545713 0.6359336783 0.6841310851 0.6745515938 0.8596059301 0.8627697267 0.8605094478 0.543315545 0.637977331 0.8290346446 0.543053978 0.8207186147 0.5481697682 0.8363546021 0.6772506517 0.6847057984 0.521904245 0.8578026868 0.6401498776 0.7528336177 0.668738872 0.6768613304
0 0.580412867 0.8885322462 0.8833482568 0 0.5860750238 0 0 0 0 0 0 0 0 0 0 0.5485839374 0.5975389125 0.6816693608 0.6285256048 0.6193512171 0.6189044221 0.668443487 0.6213265532 0.5248326314 0.5741380171 0 0 0 0 0 0 0 0.7376343444 0.7361421803 0.6566513879 0.6369161373 0 0 0 0.722971634 0.7176400224 0.7165244029 0.7033613354 0.6416399264 0.5571568672 0.5235179326 0.8780832701 0.8193632522 0.8044647839 0.8096388181 0.7836215284 0.6485260854 0.547279467 0.5388653475 0.5361653129 0.6959336604 0.6305233084 0.6363487009 0.8584075926 0.8471915231 0.8502351429 0.8431931918 0.7400323776 0.6748716293
0 0 0.8814108676 0 0 0.5863164492 0 0 0 0 0 0 0 0 0 0.5453827341 0 0.5932719734 0.8832866065 0.695449481 0.6207197099 0.6129234474 0.6204900845 0.7782326713 0.5746853806 0.5681998736 0.9016102563 0 0 0 0.5899114561 0 0 0.7351799651 0.7420314362 0.7456229653 0.8607686477 0 0 0 0 0 0 0 0 0.5489747631 0.7757345684 0.6144676423 0.6131304739 0.8119293115 0.803869828 0.8111387664 0.6564385191 0.5426471758 0.8233298861 0.5308846208 0.5343816877 0.6322651271 0.6295641857 0.8506233565 0.8498895636 0.8402847742 0.7860382605 0.6708462342 0.670823923
0 0 0.8351936419 0 0.5041911922 0 0 0 0 0 0 0 0 0 0.8092900911 0.6761382714 0 0.8742108756 0.8833399381 0.6186472885 0.617111868 0.6169941759 0.6189456478 0.8096273486 0.8070473536 0.5562659108 0 0 0 0 0.5957751122 0.598594258 0 0.7390564788 0.7432575872 0.7522199869 0.7608539262 0 0 0 0 0 0 0 0 0 0 0 0.8176907191 0.5207042548 0.5222314785 0.518792273 0.6455725726 0 0 0 0.8291492952 0.6363278548 0.7549419896 0.855599017 0.8427161702 0.848580197 0.8408331659 0.6634183806 0.6667609584
0 0.6468600569 0.8891467077 0 0.8325951411 0 0 0 0 0 0 0 0.775793542 0 0.8030533753 0.86669121 0.6625506767 0.5470971354 0.8021660897 0.7535228013 0.6094596334 0.6195545039 0.8205043104 0.8062498824 0.8060913961 0.8999333101 0.8948803142 0 0 0.8865790956 0.8352811412 0.72735206 0.7418395026 0 0.7476612781 0.7518168279 0.666096801 0.5362702511 0.6167235108 0 0 0 0 0 0 0 0 0 0 0.6332393884 0.5138414131 0.6368281383 0.6438556174 0.8433363265 0.8413263826 0.8246299611 0.8258661465 0.823406756 0.7184761593 0.8427966708 0.8458462042 0.6220479102 0.6719428481 0.6640496599 0.6590732468
0 0 0.7333979778 0.7282769423 0.7296302615 0.8441179609 0 0.7614996294 0 0 0 0 0.7844938844 0.6356859417 0 0.8032645902 0.7921833942 0.6469449449 0.6501659066 0.8371952311 0.5820896212 0 0 0.8105154897 0.8068277206 0.8999152646 0.9022692635 0 0 0.829380853 0.8239145952 0.826287777 0.8236100839 0.8398345919 0.8091654922 0.8096965287 0.8090845494 0.8072662757 0 0 0 0 0 0 0 0 0 0 0.6415018912 0.6360003472 0 0 0 0.8725420156 0.7926549243 0.5556995382 0.5524400796 0.5497606908 0.8781064278 0.7128806355 0 0.8545064121 0.6278311919 0.5559752259 0.8205778167
0 0.642248063 0.7226526661 0.7248508077 0.7959232786 0.7761454466 0.5718316748 0.5261831744 0.7231158489 0 0 0.7915416515 0.8941156421 0.6186514732 0.7694389458 0.6757395086 0.6476826848 0.7846476039 0.768707633 0.5003039276 0.5749429517 0.5786412792 0.8159605347 0 0 0.5898444341 0.5871259984 0.8386311013 0.8375940489 0.8272847699 0.8227061628 0.8252830739 0.7407761988 0.5018734565 0.7237401787 0 0.8000477001 0.8042972106 0 0 0 0 0 0 0 0 0 0 0 0 0 0 0 0 0.6176534916 0.864690287 0.5478342511 0.556776723 0.5618750471 0 0.8066299472 0.5276272652 0.5657506884 0.5918203298 0.66118782
0 0.7228046152 0.7199099908 0 0 0 0.5336711794 0.693928584 0 0.5013291189 0 0.8609282081 0.6580177216 0.8894570195 0.6161028727 0.5388377893 0.8124659896 0.5886670213 0.5782431592 0.5705713796 0.5755229438 0.5800973732 0 0.5083316698 0 0.5822332065 0 0.5217828523 0.8304041712 0.8247627286 0 0.8252993698 0.8764246782 0.7471888686 0.5292835642 0.8046833409 0.8033919673 0 0 0 0 0 0 0 0 0 0 0 0 0 0.644278261 0 0 0 0 0.8691584859 0 0.5546825112 0.5624138867 0.6277878915 0.7433196443 0.5692774875 0.7395746035 0.593851195 0.5847521539
0 0.7736234203 0.7150661927 0 0.7167932391 0 0.7102314329 0.586939365 0.5556943426 0.8583793069 0.856460301 0.8491980422 0.7407802778 0.6565626081 0.6491323246 0.7903844399 0.8055132582 0.6342822959 0.8323874163 0.577054731 0.5777850798 0.5844154115 0.5082636619 0 0.5001610743 0.5731045412 0.5742225148 0.5255130129 0.8283225083 0.8384252439 0.8297512073 0.8780423188 0.8837299771 0.8794998292 0.5235905696 0 0.6303561617 0 0 0 0 0 0 0 0 0 0 0 0 0 0.5615678003 0 0 0 0 0 0.7385445316 0.7351408578 0.7372829992 0.6853116601 0.6179019631 0.6387779921 0.6205512823 0.8392042351 0.7627076809
0 0 0.7245365207 0.7237862345 0.6001677364 0.7065103175 0.5508247077 0.5487853778 0.5521419737 0.8569941615 0.8484888359 0.8492734272 0.6546657691 0.6472333417 0 0.6128306732 0.8029818398 0.8044998119 0.6955973842 0.6877349235 0.6945344175 0.5864748015 0.5407871723 0.5852781723 0 0.6932894102 0.5786379083 0.7865183173 0.8883527649 0.72910788 0.5820907846 0.5826961422 0.5828394943 0.8318701739 0.7429843326 0.7157357448 0.7392879077 0.7316606524 0 0 0 0 0 0 0 0 0 0 0 0.8270682838 0.5597396426 0 0 0.5660214919 0.632409067 0.7482146776 0.7417142437 0.7337841237 0.7398140394 0.515711348 0.6126797035 0.6116513716 0.6160867349 0.6764676534 0.829371598
0 0.7287101217 0.7334462698 0.8773913564 0.8818586397 0.5472050873 0.5439776979 0.5450139023 0.5337374613 0.8517315569 0.8489271353 0.8537583856 0.6537512668 0.6497643172 0.64772997 0.791815056 0.7960610701 0.7520495899 0.8569996471 0.6891515006 0.6966166486 0.5804520099 0.5904182874 0.8467969662 0.5928248746 0.5888968523 0.7673493323 0 0.555657516 0.7039985772 0.5769062613 0.5740571861 0.5833170373 0.5894736042 0 0.699179646 0.6991797221 0.7082040775 0.6985911995 0 0 0 0 0 0 0 0 0 0.8267085245 0.5067578479 0.5674258683 0.5571903403 0 0 0.6322658518 0.558859664 0.5591071537 0.7390637688 0.7354303136 0.525270712 0.620290555 0.5625206598 0.5576057869 0.5631722902 0.5607006365
0 0.6631146153 0.8924150064 0.8926935574 0.5636572693 0.8672739632 0.5521174232 0.8737060469 0.8596242212 0.8579352964 0.8496552741 0.8499007868 0.8093735837 0.8103134059 0 0 0 0.8026915596 0.8625694398 0.7816164324 0.6031130835 0.500332902 0.8743568659 0.7027136704 0 0.5532026709 0.5423409068 0.5457294491 0.5465754214 0.576111592 0.575979948 0.7259886404 0 0 0 0 0.6984771967 0 0 0 0 0 0.5926055938 0 0 0 0 0 0.8179534229 0.6706947402 0.8676678459 0 0 0 0.5467064051 0.5551026081 0.6997151104 0.7065222288 0 0.5865321351 0.5691446308 0.554528161 0.553504584 0.5587222807 0.5634467084
0 0.8894414051 0.8193366956 0 0.7500790254 0.7632395021 0.5481945499 0.8290442818 0.853976637 0.5117157811 0.8660332485 0.7988292674 0.7920115967 0.801199459 0.8003518043 0.7911118323 0.7862945466 0.7907661884 0.7711743239 0.5991261702 0.7286952046 0.7586485984 0.8623176821 0.8711350105 0.8611736359 0.5491162295 0.548992251 0.5395006083 0.5473490937 0.7444281529 0.5848171997 0.8242709596 0 0 0 0 0 0 0 0 0.7479427802 0.7483497034 0.5873070139 0.5924022045 0 0.5998591904 0.8653433159 0.8195908872 0.8222043913 0.8263739015 0.6861303326 0 0.5587723383 0.5499538437 0.5455623748 0.6922967822 0.7004574813 0.7042275986 0.5883563048 0.5849654449 0.709710794 0.5750593382 0.5613697359 0.562753467 0.5651171701
0 0.5222682167 0.733722925 0.5763066468 0.8178971407 0.6202621707 0.8550021688 0.8466313621 0.793901487 0.8392287837 0.8389517457 0.6322622675 0.649704249 0.8097483428 0.7918530252 0.786747762 0.7840519738 0.7905900608 0.7879764993 0.858894263 0.8597400354 0.5367122322 0.864314592 0.8559374396 0.7718376364 0.6389338484 0.8747311441 0.5457911963 0.743599391 0.7514341507 0.7488206201 0.603774575 0.7624530037 0 0 0 0.5609631215 0 0 0.8036804394 0.7539936093 0.7448709202 0.7462729895 0.5965636962 0.5956131729 0.5956807466 0.5931088572 0.5922699883 0.7835437348 0.6865699205 0.6873404468 0.6624106394 0.5868379802 0.5485676414 0.553728777 0.7671588365 0.697859189 0.8370041798 0.5700785053 0.5721094434 0.75072281 0 0.6419107221 0.6387767097 0.6400474261
0 0.7239982587 0.6589866922 0.7220767911 0 0.6894494737 0.8513374944 0.8471652299 0.8501419049 0.8394612725 0.836200947 0.6593052693 0.7293993015 0.5045496433 0.7957708052 0.7917503196 0.7933958922 0.7862070646 0.7939609544 0.8010702808 0.826773043 0.6352398125 0.7859977147 0.8625717538 0.8571733254 0.6467041546 0.6380887442 0.646636585 0.848280043 0.7428086248 0.7505651406 0.7604008702 0.6405576102 0 0 0.8305626709 0.7052211072 0 0.7637320872 0.81936649 0.8346341298 0.7503358839 0.7506229755 0.5933512766 0.5869819015 0.5919124305 0.5887202423 0.8799341284 0.5918166735 0.7893547015 0.687573283 0.6970605629 0.769320892 0.5615475443 0.5594656843 0.5625934733 0.5713716709 0.8736722813 0.7524213299 0.7493083815 0.6499852895 0.6484425829 0.6411718559 0.6336115224 0.6351893769
0 0 0 0 0 0.5122290255 0.5038744314 0.8262475445 0.8298263735 0.8297763292 0.6978017278 0.5045083662 0.6437752248 0.6671211874 0.8405172745 0.8056737872 0.7982501471 0.7991679176 0.7870941007 0.685682805 0 0.682179114 0.6751531224 0.6749176311 0.5668566886 0.7198870996 0.6400421206 0.644118954 0.6105761623 0.5419610523 0.7553608256 0.7640857807 0.7570478717 0.6376397388 0 0.6505199997 0.8288285699 0 0.8135093804 0.8125655895 0.8123580028 0.8237319423 0.5967247773 0.6484346342 0.5883527879 0.5876730123 0.5509641994 0.868809939 0.7517117736 0.7822240321 0.6929114372 0.883686078 0.8709624016 0.8721615485 0.8667764182 0.8661060914 0 0 0 0.7505187603 0 0 0 0.6427590961 0.6363574213
0 0 0 0 0 0.7108978794 0.8298552657 0.8269381948 0.8243862509 0.8231979048 0.8242789718 0 0.6643006396 0.6637659585 0.8346715683 0.8314799665 0.8343971863 0.6705531292 0.6611739043 0.6527526728 0.6576607067 0.6797662205 0.674876187 0.6793730119 0.831827756 0.8351392643 0.5239936556 0.8519102199 0.8525219129 0.5450601324 0.5478736806 0.7762530593 0.7750368462 0.7778588715 0.6429379072 0.8335338062 0.8278594515 0 0.8206437606 0 0.8166020322 0.8235763768 0.8361253188 0.8329197304 0.8383686742 0.5406196158 0.5910233942 0.6000933392 0.7072661083 0 0.7067545728 0 0.6053092307 0.8656085435 0.8624989454 0.8712169704 0.5495684549 0.6466397386 0.6007997393 0 0 0 0 0.6469412883 0.6449442781
0 0 0 0 0 0.6211968004 0.8300559466 0.8333906474 0.8250488356 0.8272396479 0.8294601985 0.830761435 0.6717773871 0.8317741246 0.8299039203 0.8396737657 0.7141465434 0.7105356419 0.6589323826 0.6618390058 0.5412325983 0.6809968974 0.8235779535 0.8244712603 0.8285969346 0.8357464433 0.8345208408 0.6549251773 0.8611725204 0.7692399292 0.5503301148 0.6203047176 0.7696677421 0.7707234675 0.6504343209 0.8282688058 0.8304578148 0.828109081 0.8163390651 0.8180406753 0 0.8229150938 0 0.8296116114 0.8670371908 0.5668742395 0.8183084912 0.5765906446 0.8241019788 0.7051724247 0.7019282338 0.7012920034 0.70234102 0.8640927501 0.8712233623 0.541371924 0.5499180845 0.5994548321 0.5979108243 0 0 0 0.5244422235 0 0.5212829759
