landscape/hab_quality/256/simulation_000092_p046_h034_HABMAT_patch_more_500pix_modified.asc_ac_0.5_quality.asc
NCOLS 513
NROWS 513
XLLCORNER 0
YLLCORNER 0
CELLSIZE 9.980507
NODATA_VALUE NaN
[rows 384 to 415 of 513, columns 0 to 72 of 513]
0 0.6745245111 0.8929280473 0.7423868232 0.6363862262 0.7380064713 0.7465192982 0 0 0.6753745208 0.771327923 0.6740151768 0.5160470721 0.7825082734 0 0.5867321889 0.5798106297 0 0 0 0 0 0 0 0 0 0 0 0 0 0 0 0 0 0 0 0 0 0 0 0 0 0 0 0 0 0 0 0 0 0.616612115 0.6227827491 0.742175756 0.6375758868 0.6309949806 0.7436325623 0.7423957942 0.9021337814 0.9019298954 0.6962690504 0.8477599107 0.703007765 0.6343430159 0.6074155586 0.8018386881 0.8014523256 0.8023230085 0 0 0 0 0 0
0 0.7266824538 0.8852823052 0.6288658456 0.7925083967 0.832678973 0.5691861134 0.855970476 0.8546368599 0.7715626756 0.779529342 0.6806080443 0.6738118003 0.6772394238 0 0.5801919538 0 0.6636568757 0 0 0.6634443427 0 0.6733869512 0 0 0 0 0 0 0 0 0 0 0 0 0 0 0 0 0 0 0 0 0 0 0 0 0 0 0 0 0.6178873814 0 0.883357616 0.7540080085 0.7502504055 0.7520052098 0.6604412991 0.7840072901 0.5743195999 0.694062321 0.6906890952 0.8788112939 0.7936503674 0.7935784655 0 0 0.7993006869 0 0 0 0 0.720151493
0 0.6065699458 0.8877485021 0.7841833227 0.6365533783 0.70204428 0.7008581516 0 0.8495187315 0 0 0.7878849499 0.6797093703 0 0.7691568021 0.8616381464 0 0 0 0.6564892808 0 0.6753868693 0 0 0 0 0 0 0 0 0 0 0 0 0 0 0 0 0 0 0 0 0 0 0 0 0 0 0 0 0 0 0 0 0.7508147626 0 0.6661721232 0.6602644936 0.6578548713 0 0 0 0.5351246932 0 0.8054772957 0 0 0.8050763388 0.6449259981 0 0.8480399957 0.8411552396 0
0 0.7348116462 0.704814642 0.7856317884 0.7815789086 0.6992311997 0.7070874388 0 0 0 0 0.7564911811 0.6734658988 0.7646037258 0.5650359236 0 0 0 0.6653800297 0 0 0.6691122826 0 0 0 0 0 0 0 0 0 0 0 0 0 0 0 0 0 0 0 0 0 0 0 0 0 0 0 0 0 0 0 0 0.7560060838 0.7027482725 0.6654695471 0.6979848031 0 0 0 0.8010168036 0.7978338459 0.7940746681 0.7907501124 0.7986278111 0.7954593866 0 0 0.8124409331 0.5418677544 0.8487109876 0
0 0.6750651945 0.5836508409 0.7865766055 0.7892437745 0.7955682177 0.6988851264 0 0 0 0 0.8669798698 0.755706628 0.5668489608 0.6899419093 0.5363009326 0.6693096562 0.6719163253 0.6701779289 0.6697925346 0.6652923104 0.7801668577 0.7839812773 0 0 0.6696447379 0 0 0 0 0 0 0 0 0 0 0 0 0 0 0 0 0 0 0 0 0 0.6796109838 0 0.6480475145 0 0 0 0 0 0.6622455458 0.6984720141 0 0 0 0 0.8859245549 0.7972556593 0.657279914 0.6644527554 0.6618882902 0 0.6675424927 0.8065788169 0 0.7464944673 0.8510312485 0.8640513956
0 0.7616494008 0.7647829246 0.7528462786 0.789492807 0.6891209679 0.6977045117 0 0 0 0 0.7605786641 0 0.8879860191 0.6843834851 0.6731978989 0.531665265 0.5228790781 0.6689588932 0.6750682557 0.6763094784 0.5393114999 0.7845300869 0 0 0.6693460661 0 0 0 0 0 0 0 0 0 0 0 0 0 0 0 0 0 0 0 0 0 0.6751971344 0.6468277683 0.6438031816 0 0 0 0 0 0.6560955141 0 0 0 0 0 0.6427569823 0.6682372853 0.6653062256 0.657099159 0.6601826372 0 0.8104876146 0.8164531156 0 0.8753553368 0.8584461503 0.8549412655
0 0.5553507138 0.7680692931 0.7553841654 0.7506597702 0.7551561294 0.7568637199 0.7096526772 0 0.7120569967 0.8570971105 0 0 0.6482281046 0.6351162555 0.5395191835 0.8093726564 0.6610989163 0.668241874 0.6756382684 0 0 0.7830402151 0.776793883 0.7753526822 0.7915997934 0 0 0 0 0 0 0 0 0 0 0 0 0 0 0 0 0 0 0 0 0 0.5538990813 0.643319104 0.6325329889 0.5778558639 0 0 0 0 0.6600230202 0 0.8123634101 0.8203125074 0.8210397103 0 0.8918754266 0.6706027317 0.6645471554 0.6649816541 0.6635179602 0 0 0 0 0 0.5547716578 0
0 0.7729541904 0.7597123315 0.7565731303 0.6618974344 0.7594634402 0.763278146 0.551263978 0.7064592201 0.8663161875 0.8622244088 0.8533766232 0 0.6525173512 0.6611234591 0.5433585218 0.8093925575 0.81250647 0.6696920089 0 0 0 0 0 0 0 0 0 0 0 0 0 0 0 0 0 0 0 0 0 0 0 0 0 0 0 0 0.6491189832 0.6457638689 0.637007234 0.6315721368 0.608606858 0 0 0.5898385411 0.6580687366 0.6630814651 0.7264828695 0.8186144306 0 0 0.675221877 0.6787615149 0.6696431691 0.6742155528 0.6699833016 0 0 0 0.8950627537 0 0 0
0 0.8024816202 0.5849480835 0.76134306 0.7549407614 0.7985691373 0.7983433872 0.7589707102 0.7128828302 0.7102448294 0.8599964027 0 0 0.5635930392 0.6518474065 0.65475087 0.8223208387 0 0.8206688451 0 0 0 0.6745695627 0 0.7768962542 0.7807344909 0.7776666915 0 0 0 0 0 0 0 0 0.6081886609 0.6982720573 0 0 0 0 0 0 0 0 0.7173598718 0.7142316477 0.7079815465 0.7103231243 0.6328745594 0.6351964488 0 0.6109906123 0.667836101 0.6652453963 0.6628964756 0.8559276739 0.8503206454 0 0.8229433008 0.8289106613 0.5603930738 0.6006233486 0.5873906996 0.6808767433 0.6733602584 0.8951326623 0 0.899718374 0 0.7840322179 0.8150549611 0.8865704702
0 0.860489937 0.5164456919 0.5498428747 0.8614224026 0.8009610438 0.7941714553 0.7963952965 0.7979576004 0.6908122526 0.8535834626 0.6528023991 0.6510795765 0.6548594539 0.6607828524 0.661323963 0.6652027641 0 0.8661342343 0.826013586 0 0.659868778 0.5269917036 0.6976117314 0.7801009308 0.7926927748 0.7890827855 0 0.8006164906 0.7527586231 0.7507803978 0 0 0 0 0.6926814659 0.6891710944 0.6583315365 0 0 0 0 0 0 0 0 0.7130918307 0.7124786641 0.7048488061 0.7106360369 0.6412926739 0 0.5246412951 0 0.6085278044 0.6731850204 0.8515739381 0.8553201219 0 0.8308129146 0.8322892355 0.6468502533 0.6456021563 0.6468306145 0.639983026 0.6420181049 0.6826039556 0 0.9018712904 0.895236021 0.9024520253 0.7052340434 0.7542534857
0 0.5258875191 0.5212625993 0.8706766948 0.8766629796 0.8778468745 0.5536650635 0.7970348833 0.5559767406 0.8551087478 0.7903558881 0 0.6490830632 0.6471084415 0.6496412916 0.8349238241 0.6710923282 0 0.8181587464 0 0 0.6683327488 0.6667178107 0.7002831023 0.7049338055 0.8774162469 0.7891582578 0.7911302932 0 0.8091142082 0 0 0 0 0 0.6878762597 0.6105986852 0 0.8868690101 0.881655206 0 0 0 0 0 0 0 0.7597975057 0.7549359258 0.759460345 0.7544259801 0.7626661817 0.756793288 0.5656899224 0.5694542257 0.5973428414 0.8652235184 0.863238928 0.8069693405 0.58772116 0.6526526208 0.6091435284 0.638304499 0.638388284 0.6385986704 0.639979542 0.726353237 0 0.911170716 0.9031636877 0.9051828097 0.7588099394 0.7641931497
0 0.8002182073 0.7965864188 0.5984806309 0.8695308896 0.803248189 0.5560923694 0.5517301901 0.7714984503 0.5506855086 0.6419860733 0.6340999505 0.6396253884 0.6416142173 0.5389096237 0.534102872 0.7149785729 0 0.8155584071 0 0.8223953679 0.7530970381 0.551363332 0.5943372252 0.8224208629 0.8024958207 0.7917772002 0.8150226988 0 0 0 0 0 0 0 0.6918849837 0.6941482201 0.8964652559 0.8910954201 0 0 0 0 0 0 0 0 0 0.7502663539 0.7478893721 0.7445971147 0.7535689252 0.5017105498 0.6552433238 0.5086784364 0.5982000536 0.5954279442 0.5858887646 0.5851276733 0.7826244401 0.6481092506 0.6078609833 0 0.7356632436 0.6457620372 0.5941685734 0.6306046933 0.720959871 0 0.7138560605 0 0 0
0 0.7643609833 0.791526466 0.6464299252 0.5977140895 0.5534493432 0.5455339126 0.5428232763 0.5483405355 0.553859636 0.6377846251 0.63502126 0.5306112812 0.5274709421 0.5364229184 0.6491827992 0.6142336372 0.8596174305 0.5819192805 0.8210494372 0 0.7560490589 0.7470055744 0.5974608288 0.6146258404 0.6072094674 0.6092044644 0.7280143282 0.8084166008 0.6609403234 0.6605488425 0.6630405736 0 0 0.877308384 0.6960242505 0.7030232995 0 0.8997166748 0 0 0 0 0 0 0 0 0 0.7481907486 0.7438845277 0.7444965231 0.7441506697 0.6499139213 0.6578221375 0.7352838182 0 0.5944929721 0.5871861455 0.5500191387 0.5930307349 0.602663514 0.648887653 0.6547269982 0 0 0 0 0 0.7126208666 0.7080530323 0.7091226713 0.8315348231 0.653844616
0 0.7726299003 0.7728892367 0.5879384729 0.5890050884 0.5893474753 0.5451086302 0.5548823526 0.5544544323 0.5543507664 0.8821550384 0.619249765 0.5097596209 0.658973844 0.6562103541 0.7877884187 0.6536926528 0 0.6883780511 0.7413378038 0 0 0.8151686184 0.8232853776 0.5903308293 0.6067658942 0.5896915242 0.7269992113 0.7312824346 0.5240777769 0.8964518648 0.6668698086 0.6689547356 0.8719815458 0 0.7042791539 0.6960192948 0.9058633921 0 0.6370263385 0.7686310591 0 0 0 0 0 0 0 0.7494407883 0.7467367533 0.7456810927 0.5811443332 0 0 0 0 0 0 0.5947377659 0.7928859628 0.6608718685 0.6646045735 0.6569657117 0.7137586012 0 0 0 0 0 0.7017415662 0.7012386311 0.7045110485 0.8528815935
0 0.8984629324 0.8951131212 0.5822188629 0.5842194865 0.5912718848 0.5934509246 0.7495777974 0 0.5551371612 0.8781662929 0.7816506714 0.7875594367 0.6619861188 0.6606420632 0 0.6550646409 0 0.7250534274 0 0 0.8151841469 0.8150465604 0.814093265 0.5850512192 0.5839665106 0.5885950816 0.8636101186 0.8625505325 0.543864968 0.6447704082 0.8667927433 0.8639424012 0.8637004456 0 0 0.7283272305 0 0.8537788117 0.7763390478 0.5969416775 0 0 0 0 0 0 0.6484068983 0.7470870548 0.7651609135 0.7911885368 0.7831450453 0.7919919169 0.8605589041 0.6733816386 0.6619087279 0.8135513709 0.781230855 0.7196319596 0 0.6397220843 0.773033154 0.7890704084 0.9011108621 0.853698971 0.7186221162 0.7038931409 0.7004044484 0.7043319185 0.7005493862 0.705686928 0.7020254355 0.7120358403
0 0.9005425046 0.5748396925 0.7002526037 0.5845020744 0.585296945 0 0 0 0 0 0.7776344602 0.7804321141 0.7147188708 0 0.6694743853 0.9078286259 0 0 0 0.6655175962 0 0.6701737128 0.7900185021 0.5752052076 0.8258593311 0.7199622976 0.861394531 0 0.6488089274 0.6679298723 0.6681937122 0.8577552108 0.865613408 0 0.6339458886 0.6348309082 0.541831812 0 0.8934279268 0.890254621 0 0 0 0 0 0 0 0 0.7675968207 0.7923297129 0.7899759054 0 0.6679689629 0.6608407055 0.6619165531 0 0.8743567198 0.7759036775 0.6550581741 0.6494457534 0.8888626779 0.892813774 0.8939262779 0 0 0 0 0.7087337743 0 0.7123867482 0 0
0 0.5841951685 0 0.6834486875 0 0 0.6291338656 0.6939214875 0.7676121153 0 0.7866273896 0.6786176104 0.6046990865 0.6804049655 0.6733129939 0.9015098329 0 0 0 0 0.6271683982 0.6601876741 0.5884740146 0.8202565701 0.820176014 0.6386965392 0.6293189689 0 0 0.6581655104 0.8445755743 0.772688775 0.6917904309 0.6870636401 0.7029924323 0 0 0.5337510114 0 0.8958074729 0.891985633 0 0 0 0.7494470381 0 0.7603412979 0 0 0.6022098272 0 0.6983771908 0 0.6730635606 0.6647435142 0.6577276128 0.6513347677 0 0.8946255833 0.579773121 0.6568098638 0.8895951379 0.8879688994 0 0.9015306311 0.6888458589 0.7055896392 0.7166672772 0.7131140072 0.7109716271 0.716365552 0.7534215104 0.6343236879
0 0.6660012808 0.5726355454 0.6769945553 0 0 0 0.692534107 0.6912603908 0.6898520726 0.6734746676 0.8291063943 0.8724730322 0.881989582 0 0 0 0 0.8073280489 0 0.6284149038 0.6206455214 0.5871941712 0.8062998215 0.8157418556 0 0 0 0 0 0.7341168742 0.7339775389 0.6758232647 0.6931659909 0 0 0.5390862607 0 0.593091567 0 0 0 0 0 0 0.7585571307 0 0.7560462319 0.7612272423 0 0.608191908 0.5996386478 0 0.8763212412 0 0 0.6530754314 0.6570274902 0 0.5102859264 0.5245827982 0.7767086491 0 0.789324277 0.7873052338 0 0 0 0.7162415729 0.7163349862 0.861452071 0.8024329489 0.7475499544
0 0.6598146543 0.6717510807 0.676791374 0.6779987264 0.825913499 0.5854347475 0.6937338322 0.6824071992 0 0.6974119818 0.8028913065 0.7595178253 0.76597463 0 0 0 0 0.8038785864 0.7917364351 0.7908193659 0.8242542958 0.8104136239 0.8118030657 0 0 0 0.8062745429 0.793600073 0.7194602034 0.7243789782 0.7248257689 0.7023534067 0.6591114827 0 0 0 0.5976868945 0.5991463094 0 0 0 0 0 0 0.7617639032 0.7572945888 0 0.7456547104 0.5519257507 0.8996248277 0.6133432739 0.7175201088 0.7154268357 0 0 0.7838549021 0 0 0 0.5237919392 0 0 0.7794893768 0 0.7827084196 0.7815334682 0.8580934721 0.6667955912 0.5585084103 0.7260861428 0.7870614795 0.751311948
0 0.6742054051 0.5398168126 0.7184803308 0 0 0.8254552345 0.686252749 0 0.6882339452 0.809756485 0.8037657924 0.8085328242 0.7719740099 0 0 0 0.7680072465 0.8409970037 0.8296839717 0.6848860744 0 0 0.6769525918 0 0 0.6372892679 0 0.709584418 0.7145052989 0.717878992 0.575485681 0.7927757488 0.6675048963 0 0 0.787767671 0 0 0 0.5974625333 0.6038126975 0.793617477 0 0 0 0.7627941064 0 0 0.7433172429 0.7543156521 0.7175711729 0.7153948678 0.7099593574 0.7147550308 0.7444488283 0 0 0 0 0 0.789761685 0.7828746736 0 0.7831222819 0.7730804873 0 0 0 0.7261727265 0.7288358941 0.7826195852 0.778512865
0 0.8759115861 0.7195889836 0.5342207344 0.7140428385 0.7116460049 0.8188911756 0.8167462671 0.692876643 0.5724399776 0 0 0 0 0 0 0 0.6831453405 0.6813205849 0.6810657302 0 0 0.640247116 0.7954166169 0 0.6132796708 0.6311623544 0.7197014794 0.713478808 0.7090643347 0 0.7351593908 0.7338441981 0.7324539386 0 0 0.7286989012 0.8286623646 0 0.6588794259 0.5914338038 0.7933739932 0 0 0 0 0.7462364674 0.7474056885 0.7407361059 0.7497790696 0.7499346704 0 0.7178934801 0.7176129432 0.6731301846 0.7796942167 0.8533890989 0.8485590961 0.7702700116 0.5216034543 0 0 0 0 0.814523408 0.6860590747 0.7216009043 0.7083656013 0 0.8112808595 0.5045405886 0 0.7831389258
0 0.8734671383 0.8739713903 0.7150668458 0.7081212498 0.8600187692 0 0 0 0.5643768604 0 0 0 0 0 0 0.5923172328 0.8466666547 0 0 0 0.7965504975 0.6354848279 0.6356039971 0 0.6247010715 0 0 0 0 0 0.7290006212 0.7308354524 0.7377460133 0 0.6827339306 0.6411291551 0.7083886994 0.7974307926 0.7930567028 0.7887146065 0.6435046001 0 0 0.7633734671 0.755281783 0.7476461916 0.7501939299 0.7444265256 0.741360181 0 0 0 0 0 0.509061905 0.7631858595 0.6566184824 0 0 0 0 0 0 0.8120724552 0.6906376107 0.7844880347 0.7168720148 0 0 0 0.6174718347 0.6098909112
0 0.8684144833 0.8640046399 0.6306206572 0.5369240745 0.5372268515 0.536024409 0.5393846803 0.5699198285 0.5618716515 0.5696225555 0 0 0 0 0.884744935 0.6898427039 0.6977491165 0.6915442846 0.6913968218 0 0 0.794551444 0 0 0.6161073653 0 0 0 0 0.7381666747 0.7327211761 0.7301412813 0 0 0.8052409797 0.8021075816 0 0 0 0 0 0.652038932 0 0 0.7609555048 0.5684996873 0.8047717365 0 0 0 0.8964482965 0 0 0.5483965274 0.5473312363 0.7569913654 0.6473613471 0 0 0 0.8172366979 0 0 0 0.6559067399 0.7874710483 0.5696310053 0.5655538002 0.5652331458 0.8385913053 0.732327622 0.7421130442
0 0.8685688726 0.8729840548 0.8353705647 0.5378445231 0.5291362334 0.5375941928 0.5386491942 0 0 0.563478111 0 0 0 0 0.6553628191 0.6638299404 0.69889776 0.6968674335 0.7930625964 0.5941299189 0.8037539613 0.8012716179 0 0.6231561179 0.6238012184 0 0 0 0 0 0 0 0.5257153193 0 0.8063795353 0 0 0 0.5057639045 0.7889740682 0.655088705 0.6607149347 0.6604126004 0 0.5698018949 0.5748218133 0 0.8137375926 0 0 0.9007374922 0 0.8525546759 0.7126002888 0 0.8301015872 0 0 0 0 0.8145587233 0 0 0.6640728109 0.6557678652 0.8168319461 0.8174687063 0.5621189599 0.8376399324 0.5660185562 0.7334008347 0.6169686503
0 0.8761308074 0.8075435554 0.8066523271 0.5294610167 0.5372452598 0.5382455894 0.5411556393 0 0 0 0 0 0 0 0 0 0.5004742971 0 0.6985624451 0 0.8701725164 0 0 0 0 0 0 0 0 0 0 0.7218003938 0 0 0.8155596026 0.8092497461 0 0.5105733518 0.8096221937 0.8908507806 0.897541084 0 0.7194156803 0 0.5833551032 0 0 0 0 0 0 0.9060893115 0.6359287006 0.5550256165 0 0 0 0 0 0.5566919371 0.8134637414 0 0.8150112855 0 0 0.6536308199 0.8127607681 0.813685745 0.5640084529 0.7752963388 0.7749222612 0.6106518836
0 0.5178903896 0.5116070323 0.5665206922 0.6189782179 0.5481235721 0.7990775529 0.546828313 0.5495759857 0.5498711848 0.5567647759 0 0 0 0 0 0 0 0 0.655169886 0 0 0 0 0 0 0 0.8769662357 0 0 0 0 0 0.7101770675 0.8141763142 0 0 0 0.8114313434 0.8996369311 0.8116137631 0.5881918143 0.7664085182 0.728473419 0 0 0.5573325681 0 0 0 0 0 0.6743099583 0.7157640924 0 0.5261711258 0 0 0 0 0.5664916449 0.7021331718 0.6992574972 0.5679196613 0 0.6595855815 0.6497967885 0.6573189639 0.8226714621 0.7249075559 0 0 0
0 0.8660765323 0.8045402117 0.5075288877 0.8071223439 0.5497912812 0.5548708776 0.5512517831 0.5568581467 0.554860169 0.8893320185 0 0 0 0 0 0 0 0 0 0 0 0 0 0 0 0 0 0.6204356889 0 0 0 0 0.7755072079 0 0 0 0 0.5491243759 0.5955401901 0.5946050466 0.8956231255 0.5914203993 0.7623348522 0 0.6855587522 0 0 0 0 0 0.6697969806 0.7279085885 0.8780758526 0.7832481268 0 0 0 0 0 0.5338684622 0.7013953203 0.7077364925 0.6962189976 0.6971183032 0 0.6541529861 0.6516614988 0.7321826893 0.7464095136 0.8053688305 0 0
0 0.7986420098 0 0.7520064239 0.731068285 0.6034783601 0 0 0.5513406479 0.5487878642 0 0 0 0 0 0 0 0 0 0 0 0.8999252755 0 0 0 0 0 0.8683641753 0.6268634744 0 0 0 0 0 0 0.8658708475 0.8681389238 0.6744564227 0 0.5950390918 0 0 0 0.7650304089 0 0 0 0 0 0 0 0.6706894003 0.5077611856 0.7799945573 0.8769738389 0.8643341099 0 0.8441608326 0 0 0 0 0 0.7056419719 0.7012213065 0.7254306489 0.7212865539 0.7238357155 0 0 0 0.7995595596 0.7969743274
0 0 0.6138298159 0.6059681532 0 0 0.595871916 0 0 0 0 0 0 0 0 0 0 0 0 0 0.8940094439 0 0 0.591130904 0 0 0 0.8701556304 0.8699310025 0 0 0.6415677823 0 0.8747639682 0.8665296625 0.8684060392 0 0.5451171245 0.5574678387 0 0.8621327968 0 0.8554935841 0.8605212343 0.6160022158 0 0 0 0 0 0 0 0 0 0.7822314125 0.8747710838 0.8802112762 0 0.8422558195 0 0 0.5227263004 0.521727396 0 0.7243506831 0.7189350961 0.729309125 0.7205463398 0 0.7407143824 0.8660106269 0.8645334647 0
0 0 0.6659305719 0.6041027121 0 0 0 0 0 0 0 0 0 0 0 0 0 0 0 0 0.7959022684 0 0 0.7203904675 0.5103313124 0 0.8488700173 0.7086872426 0 0.8878013785 0.8798159786 0 0 0.8549472779 0.8791700857 0.870651553 0 0.7501076798 0.7374794028 0.7338045341 0.7250698384 0.8545078205 0.8641927955 0.8708133993 0 0 0 0 0 0 0 0 0 0 0 0.8808099967 0.8734760247 0 0.8308503226 0 0 0 0.5267223602 0 0.7249736828 0.715850702 0.717380375 0.7637695754 0 0.7663964578 0 0.8577065332 0.7625088661
0 0 0 0 0 0 0 0 0 0 0 0 0 0 0 0 0 0 0 0 0.8943312195 0.6308320306 0.6898500623 0.5585797783 0 0 0 0.5484317708 0.6678497071 0.8781834123 0.8780649404 0 0.6317226168 0.6348308139 0.6339448318 0.6466893091 0 0.5166833094 0.7406449737 0.7312752739 0.8642177361 0.855054991 0.8638405772 0.8683252865 0 0 0 0 0 0 0 0 0 0.5309079463 0 0 0 0 0.5770955434 0.9084514391 0 0 0.8996124025 0.7290483874 0 0 0.7254361525 0 0.7565077828 0.7631431309 0.8636563639 0.8598785819 0.8628360027
0 0 0 0 0 0 0 0 0 0 0 0 0 0 0 0 0 0 0 0 0 0.7981608769 0.5575703968 0 0 0.546693783 0.5416800556 0.5405432408 0.6899307471 0.8831441157 0.6412480301 0.6372487941 0.6399138318 0.6302464769 0.6370607461 0.6417157338 0.8657345993 0.6289938991 0.7369151064 0.735595404 0 0.8723499727 0.8721788425 0 0 0 0 0 0 0 0 0 0.7398961814 0 0 0 0 0 0 0 0.9023423745 0.8996053587 0.9005730329 0.9097798827 0 0.6257511591 0.6227913083 0.6162915189 0.7568722535 0.7536922177 0.7600010566 0.7600651965 0.8769478648
