landscape/hab_quality/256/simulation_000031_p066_h045_HABMAT_patch_more_500pix_modified.asc_ac_0.5_quality.asc
NCOLS 513
NROWS 513
XLLCORNER 0
YLLCORNER 0
CELLSIZE 9.980507
NODATA_VALUE NaN
[rows 81 to 107 of 513, columns 420 to 479 of 513]
0.5276503053 0.8431033946 0.6168828738 0.6242122017 0.5886559833 0.7575823198 0.861942273 0.6123831853 0.7445294208 0.6804313093 0 0.6638094009 0 0.6477937914 0.6575777985 0 0 0 0 0 0 0 0 0 0.760130059 0.8852014626 0.5678560226 0.5646401227 0.5650293906 0 0 0.5625177376 0 0 0 0.7931565527 0.585079123 0.579297171 0 0 0.5972201064 0.8226736232 0.7963618189 0.7885610912 0.7978335925 0.6640831819 0.5543139512 0.9027867143 0.719066864 0.9079758973 0.6199642728 0 0.7023652051 0 0.5599312131 0.5998406345 0.601157335 0 0.7754489133 0
0.5273872869 0.5324246475 0.6262402458 0.6206349312 0.7816819029 0.5285106103 0.5326190633 0.5340998531 0.8645535534 0 0.5581541669 0.5913986137 0.6573089934 0.6563842374 0 0 0 0 0.7576354545 0 0 0 0 0 0.8785703267 0.8872935241 0.8848141479 0.6224279097 0.5739945429 0.5661414251 0.8729234612 0.5619263712 0 0 0 0.5934728308 0.5888874524 0 0 0 0 0.8056826701 0.7985562249 0.7928970528 0.7946867133 0.8940246533 0.8968868213 0.5570413024 0.7586498382 0 0.6140931898 0 0.6729998915 0.5572040171 0.6020923978 0.5648627644 0 0 0 0
0.5339463055 0.5284469922 0 0.519508249 0.5253549553 0.5260755393 0.5251139986 0.7188501746 0.5387759819 0.5489171782 0.5510800919 0.6578497736 0.665879317 0 0 0.6268410987 0.569846857 0.5726844629 0 0.7670134041 0 0 0 0.8780868156 0.8724639761 0.8782936057 0 0.7547436925 0.7633789042 0.7046302853 0 0.6424018928 0.6370186039 0.631794576 0.6348641434 0.6000353161 0.5985027077 0.605816026 0.8790090602 0.6591323637 0.6209086527 0.6304090606 0.7600187325 0.700593545 0.7930807834 0.796713218 0.5532795314 0.5621346156 0.564712855 0.8919311435 0.7509321111 0.6816956353 0.6630562382 0.6691553447 0.5572087029 0.7306566812 0.732198891 0.6665112658 0 0
0.805971387 0 0 0 0.5241722649 0.5193994167 0.5289465332 0.5547104028 0.5449660605 0.5459997296 0.5489485788 0.6701438188 0.6734582146 0 0 0.5744611718 0.5668310846 0.5672391967 0.767150959 0 0 0 0 0.8800655034 0.8858751412 0.8683795201 0.8694198433 0 0.6829589183 0 0 0 0.6411764725 0.6495930658 0.65179081 0 0.6396457708 0.8693561284 0.6643223214 0.8810117258 0.6363853638 0.8912635486 0.8890939897 0.6669612812 0.6632443378 0.6611770833 0.5539083806 0.5629796095 0.8655892069 0.6840607436 0.8910537868 0.6718337321 0.663911087 0.8894055827 0.8860779542 0.7289900477 0.7372798754 0.6799647222 0.8026269487 0.5015855045
0.8053053064 0 0 0 0.5261680488 0.522591762 0.5202750893 0.7951526821 0.7549687576 0.5468080571 0 0 0 0 0 0.5595605806 0.5654007915 0.5644900523 0 0.7688778372 0 0 0 0.8852292601 0 0.8672579411 0.8725088215 0.8696278589 0.8446515803 0 0 0.7081648734 0 0.6422497311 0.8444801653 0.5676885366 0.8755139361 0.7714540279 0.7168226105 0.7136598697 0.500282828 0.8869547835 0.7251176934 0.6655049893 0.6603336197 0.767837602 0.7692727577 0.8608610807 0.8578060035 0.596874244 0.5161418108 0.5174455584 0.7481028908 0.8895437739 0.8826008255 0.6673690917 0.7360485097 0.7396716623 0.5212935721 0.5341181258
0.6477521068 0 0 0.8019837278 0.5318238571 0.5204808514 0.5238339275 0.523414592 0.5479195622 0.5501938417 0 0 0.5690235102 0.5617843604 0.5569512194 0 0.5590856689 0.5597016911 0.5777539945 0.5800487955 0.7390966923 0.7427148907 0 0 0.8729051202 0.8682514421 0.868047153 0.8873240537 0.830604102 0.8361417981 0.9192297749 0 0.7487523501 0.8481241436 0.854251721 0.8807801375 0.7693897008 0.5595474584 0.5527610605 0.5315828737 0.7266887764 0.7185526753 0 0 0.6537361182 0.7862468843 0.7730829274 0.8639414063 0.858593263 0 0.5102470816 0.5107615319 0.5512782568 0.8903362632 0.5779315631 0 0.7454747599 0.7387805696 0 0.6626172466
0.8351866471 0.8378846659 0.8403776828 0.5430734934 0.7957522175 0.52967736 0.5287422534 0.5273951284 0.7281212151 0.555742504 0.57735657 0.57561803 0 0.565857837 0.5590230338 0.5539974727 0 0.5687922032 0 0.7376931957 0.7406753297 0.5899570799 0 0 0 0.5549143506 0.5010332607 0.8682599466 0.893748655 0.8404970026 0.9096823191 0.9080120058 0.91255852 0.6334100817 0.6328230187 0.5601234481 0.5588100931 0.5497960122 0.6681321948 0.724454383 0.7168735839 0.7186730413 0.7196470175 0.6740653726 0.7872975282 0.6455662996 0.8660425258 0.8716605381 0.8679564827 0.6405608762 0.5094491497 0.5066424024 0 0 0 0 0 0 0 0.9034430301
0.8391570611 0.8421020418 0.8405824872 0.7594986119 0 0.5367936152 0.53074082 0.6610350287 0.5296231588 0.7646810261 0.8319893757 0.577083476 0.5736482295 0.5668973983 0.5620002643 0.5585616153 0.5621466743 0.5737643945 0 0 0.5834549273 0 0 0 0 0.5496050734 0.5584713234 0.5870191576 0.9108102689 0.9072540965 0.9007544363 0.9046720242 0.9120265699 0.6410008842 0.5762148444 0.5684432509 0.5594652336 0.5675294662 0.7264132463 0.7178475642 0.7234435791 0.7169510541 0.8558906728 0.6928045998 0.5208266457 0.7942765363 0.8780282799 0.8783942824 0.6399156375 0.6331778767 0.5087967125 0.5113719782 0.8436208405 0.849514779 0.592999672 0 0.7899894684 0 0 0
0.8368689823 0.8406214948 0.7413716436 0.6211453937 0.5140798052 0.6226691417 0.5582618223 0.5538244282 0.5894480526 0.8407304425 0.8351061471 0.5816132763 0.5677145302 0.5631192419 0.5777361298 0.5669338014 0.5779272686 0.5771297208 0.5755979875 0.5904548444 0.7744123796 0 0 0 0 0.5527305678 0 0.5593744344 0 0.8973525406 0.9000031367 0.8975640055 0.8941691682 0.6490749465 0.8869781654 0 0.8962794156 0.5682027574 0.5808436174 0.6031922974 0.724087496 0.6025298783 0.5932091475 0.6928530085 0.5833003653 0.5800381007 0.6200636108 0 0.6411646636 0 0.6419152136 0.548416275 0 0.8418718284 0 0 0.7817504398 0.6205659736 0 0.9040483831
0.5737993344 0.8403019228 0.8492806455 0.7540948337 0.7794340918 0.5589605247 0.5507368831 0.5490115286 0.5417844299 0.534478078 0.503008897 0.5721502455 0.5712553306 0.5702180328 0.7299767843 0.7358731962 0.5800629423 0.580558583 0.5784670363 0.7835943184 0.73668279 0 0 0 0 0.5676523787 0.5539143774 0.5655446371 0 0 0.8942550563 0.9018427286 0.5506435254 0 0 0 0.6822219805 0.580825172 0.8090547361 0.7438764365 0.5564263761 0.7691863091 0.732096696 0.6507965243 0.5632000288 0.5791308059 0 0 0.6504184488 0.6497133205 0.8509875452 0.5711150078 0.5623066358 0.8432981502 0.5707559119 0 0.7985611699 0.7878615653 0.91204193 0.9055231283
0.8497844808 0.8426589086 0.74479261 0.7526313745 0.5601634604 0.5579745846 0.5552904432 0.5500217146 0.541352734 0.5318096691 0.6141251119 0.6134018416 0.5659627319 0.5625400228 0.7295171091 0.7339261805 0.7252342853 0.5061173871 0.7678919444 0.6576679846 0.7199518375 0.729263787 0.73774431 0.7404262104 0 0.8770646807 0.5025278695 0.7500070799 0 0.9005334313 0.8984068753 0.8965714494 0 0 0 0 0.6675380983 0.8253700955 0.8061217612 0.5853501606 0.5876839258 0.7569858149 0.7390033083 0.6672805091 0.5653714857 0.5600014943 0.5670110788 0 0.6818291094 0 0.8396109529 0.5660994679 0.5613516304 0.5661198132 0.7947908972 0 0.800317814 0.7909479453 0.7907988806 0.7900810289
0.6571394248 0.7508792784 0.5852293194 0.6783944717 0.8884894137 0.5595068104 0.5618831364 0.7265687659 0.5346734519 0.5337265999 0.7251676642 0.5608270298 0.5604185796 0.7193594213 0.5852103892 0.7247971895 0.7274452658 0.6660069909 0.5378351807 0 0.7202630072 0.740742694 0.7399337691 0.6589830463 0.7864680967 0.8780700713 0.7182972412 0 0 0.5405957235 0.5399446797 0.6791800784 0.7742878269 0.642982043 0.6434209611 0.8103642552 0 0 0 0.7219481819 0.8974665548 0.760035862 0.7998807051 0.6611739988 0.6592841741 0.562239205 0.6528460921 0.6607663189 0 0 0.7078315761 0.5633517365 0.5654813075 0.5678025063 0.8022177129 0.7939753172 0.7870591911 0.7875006404 0.7896840001 0.7971742786
0.5550868068 0.5469543052 0.6798028364 0.6741275307 0.5344461893 0.7819105521 0.5270254655 0.5251281566 0.5280610335 0.5339827434 0.7385036957 0.5533811487 0.5541470907 0.7736282317 0.7713994692 0.7691850584 0.7265265886 0.8492934677 0.7985811862 0.7894238902 0.5776638198 0.5507966301 0.5484994004 0.6571651997 0.6527753833 0.7194611591 0.8775779409 0.8733412075 0 0.5333687733 0.6769636556 0.6733081435 0.678885785 0.7711636863 0.635802748 0 0.8196988845 0 0 0.7120762105 0.7137899694 0.6510252078 0.6934116922 0.683910155 0.5696557785 0.6558944861 0.5712438925 0.6591368446 0 0.5442772645 0.7244892864 0.7305723343 0.731122702 0.699196711 0 0 0.7883671173 0.7836001672 0.7924587121 0.7964270991
0.6473910098 0.6518239656 0.6829411667 0.6839020928 0.5323157455 0.5254801278 0.5326214564 0.5226479272 0.5240236532 0.5240361082 0.547947298 0.5453187553 0.78049463 0.527005167 0.7639024511 0.9152132073 0.9086869429 0.7955081056 0.7942660052 0.5793262253 0.5849008251 0 0 0.6601316825 0.653768704 0.8867411128 0.8764743145 0 0.593644674 0.540551049 0.758213932 0.7520299472 0.7674399731 0.5546294645 0.8622966037 0.5849217274 0.7386377184 0.6997387446 0 0.7184516357 0.7135637404 0 0.6875573249 0.5763141592 0.7283606234 0.6563561551 0.6633264976 0.686073707 0.7345250241 0.5378987564 0.5350801009 0.7229167234 0.6956315325 0.6509072739 0 0 0.7841568583 0.7849595659 0.7887545628 0.7931715411
0.648041392 0.6478494687 0.6856381638 0.6920030058 0.5246629675 0.5179312501 0.5242939487 0.5239144355 0.5261266827 0.522584803 0.709810965 0.5902570356 0.7015408774 0.5877474784 0.7636570874 0.9088351291 0.9073187279 0.9188979269 0.9199605826 0.9132529687 0.5303290302 0.8274705252 0.5412279544 0.5346422832 0.5389198635 0.5390110226 0.6701568711 0.5077027762 0.8372173777 0.8391946462 0.5513642548 0.6942543295 0.5472593358 0.5488773137 0.5567716174 0.7739236677 0.579634278 0.6943098542 0 0 0.8661688036 0.7976244544 0.6191658489 0.7366052597 0.8150522784 0.7328241847 0.8640423133 0.6893863178 0.721433619 0.7253900226 0.7219502134 0.724845999 0.6460582467 0.6441834687 0 0.7929245259 0.7885344865 0.7854053228 0 0.7925917165
0.6531675631 0.6290659827 0.6295611976 0.7903012252 0.521670992 0.517473876 0.5230126031 0.688988278 0.7908420038 0.5528673664 0.5960336459 0.7070178523 0.5820806764 0.6658875265 0.9028863925 0.903250177 0.8993542059 0.9107771645 0.9128662685 0.5931754091 0.5960632041 0.9058481535 0.545144121 0.537036802 0.5344191662 0.5368199054 0.5151384332 0.8453771058 0.8407442537 0.8377439306 0.6948949903 0.5426384519 0.5481913273 0.5485374021 0.5579863495 0.7656475796 0.5884616206 0 0.5676096706 0 0.8570880134 0.8588829785 0.8579212252 0.7710230636 0.7612763514 0.8465402711 0.8508103161 0.8479209249 0.7190085826 0.7229967555 0.714989854 0.7175408493 0.6463584905 0 0.5186481978 0.8212087903 0.8245586975 0.89080339 0.7921456665 0.6709826778
0.6585378723 0.6266125875 0.6298541105 0.787063179 0.5241734841 0.5250991627 0.5154514005 0.5202912322 0.7918681363 0.7866192106 0.6314145593 0.5875906623 0.5864816579 0.6918878156 0.65751821 0.8968871194 0.9013350128 0.9055569804 0.9097005203 0.5887234381 0.5967987067 0.5948933451 0.8959559818 0.5430019296 0.5358997418 0.5349522917 0.8503374156 0.8515926033 0.8862213599 0.7982070799 0.6806875734 0.6815378952 0.5447205175 0.5548523915 0.5559390694 0.5763524388 0.5840690885 0.5767973695 0.5728726687 0.5680406194 0.8466032965 0.848744154 0.6508520621 0 0.7685399075 0.8464164356 0.8459401823 0 0.7218473194 0.7146618442 0 0.7187666585 0.766703846 0 0 0 0 0 0.7953575219 0.7935193734
0.6359302333 0.627016212 0.5856833623 0.6830546821 0.6111774637 0.5254200445 0.5236487014 0.5224545838 0.7926409685 0.7912636649 0.7817799435 0.5916327057 0.5911453578 0.6633809537 0.9025422675 0.9150654453 0.905616399 0.9028385308 0.9057586043 0.8480749653 0.5871900852 0.8882059313 0.8952766922 0.5459950119 0.5438627286 0.5524794469 0.7721165163 0.8489156525 0.769459152 0.6777881389 0.6782547184 0.6816923318 0.6852557495 0.5543937408 0.6205650793 0.5739409882 0.5714999705 0.5699715101 0.5778575566 0.5655969395 0.5664062637 0.5732026464 0.8501589005 0.8187833138 0.8224737608 0.841793512 0.8408676074 0.8499657224 0.7246030979 0.7154993219 0.7239237056 0.7227933691 0.7577369343 0.7639300843 0.8109294856 0 0 0.8073838904 0 0.671632621
0.5839616948 0.5916765294 0.5430040449 0.747615553 0.6024329967 0.6016823063 0.5963825105 0.6005158666 0.5362679513 0.7903393558 0.7865619713 0.788731409 0.8617760123 0.613727718 0.9057518628 0.9103955493 0.9133561926 0.9084139622 0.9108270365 0.594466924 0.5960962964 0.6517283664 0.7796778689 0.7772586862 0.6384486887 0.5472124335 0.7682553793 0.7654900301 0.7740434131 0.6742311898 0.6771066898 0.6811512477 0.6857733636 0.6873018102 0.5553255139 0.5650924406 0.5818201583 0.5682282329 0.5647075631 0.5747780952 0.5649164709 0.5650819795 0 0 0.8421553015 0.8408037996 0 0.8388647083 0.8446330449 0.8413577914 0.8424254322 0.8494654209 0.7676516503 0.7578128362 0.6446332101 0.6378521716 0.639556125 0.5554572147 0.5472670343 0.6095678621
0.5879270849 0.5874289749 0.7425932083 0.8415782884 0.5968566566 0.5957789625 0.6003353363 0.5335892612 0.5301540818 0.5326793883 0.5902321354 0.8661085251 0.8708093784 0.8821797753 0.70369417 0.714975095 0.5477238528 0.5483487504 0.5456689238 0.793383391 0.7976130968 0.8778470719 0.7743558168 0.7753968345 0.783143171 0.6420055571 0.7317475184 0.7729419919 0.7739118111 0.6709713915 0.6779761824 0.6722961673 0.6883928248 0.6890612515 0.5553924072 0.5551041978 0.5561492687 0 0 0.5571376086 0.5711602839 0.5738142492 0.801018571 0 0 0.8380273113 0.8312026343 0 0 0.8431693899 0 0 0.8183328819 0.8176763455 0.6444963746 0.6365764651 0.6391644608 0.6472634025 0.6110491665 0
0.8058177928 0.8448724434 0.8395220276 0 0.5972177895 0.6033159831 0.6052329718 0.5247230805 0.5289379551 0.5238145659 0.5315861546 0.5471729509 0.5440118195 0.6974407149 0.7063159241 0.7140232608 0.5411311733 0.5405964536 0.5473624903 0.5394175485 0.8002535187 0.7761491874 0.7794545746 0.7812807867 0.9003707723 0.9052218616 0.7366526642 0.7052064654 0.6725772025 0.6742484116 0.6700036885 0.6783457884 0.6846262142 0.6866277319 0.5610999856 0.5547316529 0.5511049104 0 0 0.5499691285 0.5657720898 0.700070307 0.7996887713 0.7975582804 0.79563022 0.833927208 0.8301159864 0.8323083932 0.8363697671 0 0 0 0.8125181986 0.8099784623 0.6417066888 0.6370394984 0.6428979668 0.6451029815 0.6481082316 0.6255845917
0.8041016597 0.645045773 0.8416569884 0.8383212314 0.8401249298 0.6277878113 0.5257333107 0.5210570592 0.5191042561 0.5280121783 0.7588598866 0.5528736421 0.6996064437 0.8333987295 0.7058581788 0.5495351953 0.5412020336 0.5322383575 0.5391791166 0.5391291378 0.5320043976 0.5299038894 0.547278561 0.9066158421 0.8992667671 0.8946417601 0.6825062226 0.6768808894 0.675827505 0.6762024644 0.670029795 0.6769285562 0.6794870271 0.6341621462 0.5639841912 0.5591624562 0 0.5487648824 0.5536408285 0 0.5541445528 0.8008563 0.7930829308 0.7926549404 0.7944472657 0.8382973832 0.8361376961 0 0.8328743873 0 0 0 0.8138652928 0 0.6442973116 0.6478057555 0.6425417199 0 0.5996952678 0.5987797323
0.6566659583 0.6570549199 0.8432925932 0.8345238058 0.8362571165 0.8426990696 0.632539949 0.5231997956 0.6745414773 0.528552107 0.556683498 0.5576479615 0.5556640646 0.6906107855 0.7932883976 0.5385133769 0.5402641733 0.5337599241 0.5295227089 0.5293640173 0.5256530874 0.526841921 0.5342736239 0.5448076109 0.8969975605 0.8909545596 0.6917802503 0.6774825119 0.6824716909 0.6852851829 0.6707473674 0.6940888572 0 0 0.5675749779 0.5573369831 0.5531753378 0.5579020133 0.5494524792 0.8283066667 0.8095080268 0.8077007991 0.799043947 0.7965375682 0.7883427343 0.7974009092 0.8464537691 0.8556494629 0.8518644649 0.8484624271 0 0 0.6148025812 0 0.5581100197 0.5583874753 0.556362023 0.5988494838 0.5929903549 0.593912298
0.660523003 0.6554759272 0.8400052687 0.8385055633 0.8388877014 0.8472702818 0.6389451304 0.6565026109 0.6975873907 0.5607753088 0.872615043 0.5642721986 0.7040472309 0.7111780052 0.7124754334 0.5429875315 0.53524495 0.5346167689 0.5280901549 0.5265920368 0.5229489994 0.530269503 0.5304634098 0.539686831 0.5533197129 0.5655039881 0.6885995368 0.6838149845 0.6913200518 0.6930110986 0.6944829109 0.6861509736 0.6875844634 0.5748205028 0 0.5697686086 0.7061490073 0.5499534338 0.5579784617 0.5546853222 0.5512777228 0.8007653734 0.8018498044 0.7981189864 0.7913924163 0.7911777016 0.8351467842 0.769996439 0.6669669632 0.8524194314 0.6918841791 0 0.5372008024 0 0.5497423513 0.5495905727 0.5559812475 0.6002602809 0.6020215856 0.7518770048
0.8838509743 0.8909444218 0.6570979764 0.8449209289 0.8415931483 0.8473482301 0.8823150825 0.6602665149 0.653539813 0.7928863396 0.7040402499 0.6991126392 0.7022892329 0.7135645143 0.5322888882 0.5318306526 0.5282918392 0.5247105626 0.5202676963 0.5194247378 0.5254045787 0.5316513354 0.5385720973 0.637958338 0.7195310286 0.8253469527 0.5571079052 0.684526683 0.6930574693 0.6965633706 0.5483588758 0.8810964016 0.6903535885 0.6933883089 0.6314392463 0.6339170331 0.5794783258 0.6988486157 0.5166473621 0.8291554371 0.5556266413 0.5498967993 0.8101647629 0.8037967615 0.8088026118 0.8148941957 0.7632718083 0.7657057229 0.6613394059 0.6660164881 0 0 0.7356023213 0.5563742555 0 0.5613418079 0.5994488984 0.6187190153 0.7497612643 0.7431074309
0.8851281509 0.6979284547 0.8507650231 0.8479171913 0.8528637684 0.8511989447 0.6391541295 0.6377697894 0.8694697192 0.5224847578 0.7917452398 0.7718725802 0.677863952 0.5351867743 0.5302677503 0.5248818534 0.5203032067 0.5207341404 0.5165947077 0.5325125324 0.5212581358 0.792992691 0.5974113823 0.6815864083 0.712158527 0.5902244556 0.5260234063 0.510918818 0.8274759731 0.7027382337 0.5652565711 0.5585330229 0.8281920684 0.8317453011 0.8320556043 0 0 0 0 0.7266335573 0.553635493 0.8180343204 0.5595816626 0.8134322845 0.812816782 0.7992753305 0.7679228234 0.7659426947 0.775042962 0.6704307683 0 0.7367308184 0.7344679127 0.7395560034 0.8259378294 0 0 0.7551564424 0.7559792048 0
0.8871519544 0.8862149886 0.7228751728 0.6421045178 0.6309353012 0.5714594118 0.6392889259 0.6440742168 0.5266914725 0.8003001866 0.7503005684 0.7945056596 0.7466339584 0.537334311 0.5296873916 0.5280730232 0.5207742115 0.519178402 0.5255103178 0.5244093283 0.5373404583 0.5284862575 0.5033482252 0.6018055757 0.7038023534 0.7083089629 0.7134275344 0.6594764448 0.6980184433 0.6578087373 0.7081839014 0.5572532048 0.5554061469 0 0.5174723952 0 0 0.8681705332 0.720160213 0.7215315028 0 0.7633507898 0.9010415959 0 0.8042702152 0 0.8008612972 0.7702735556 0 0 0.7783169286 0.5345857356 0.7340072042 0.7337742242 0.7411088653 0 0 0.6543351836 0.7493825583 0.7550891348
