landscape/hab_quality/256/simulation_000014_p046_h095_HABMAT_patch_more_500pix_modified.asc_ac_0.5_quality.asc
NCOLS 513
NROWS 513
XLLCORNER 0
YLLCORNER 0
CELLSIZE 9.980507
NODATA_VALUE NaN
[rows 480 to 511 of 513, columns 72 to 143 of 513]
0 0 0 0 0 0 0 0 0 0 0 0 0 0.8458966471 0.8491006818 0.8519459715 0.533936445 0.5492202084 0.8546429517 0.6902963436 0.6851082324 0.6821777671 0.6916339136 0.6928230895 0.6145911373 0.6171781485 0.6077209477 0.6059769042 0.8950416479 0.7559933932 0.6251353312 0.6194616015 0.5357401898 0.754009633 0.7517321562 0 0 0 0 0 0 0 0 0 0 0 0.7783489564 0.8908647019 0.8999388193 0.5609265887 0.5416073205 0.5369828452 0.5458734885 0.8553816477 0.5798427102 0.6233654067 0.5641478812 0.542478713 0.6060167644 0.736829721 0.6172674305 0.6174890023 0 0 0 0 0 0 0 0 0 0
0 0 0 0 0 0 0 0 0 0 0 0 0 0 0.8442491338 0.846761957 0.5239754636 0.873855865 0.5937297241 0.6866415123 0.9061403537 0.793706895 0.6041259282 0.6956771618 0.6163146656 0.6196848581 0.6156737421 0.6138555283 0.8593252731 0.619952769 0.6154809047 0.616856122 0.6310813465 0.6324548789 0.7511380492 0.7596302465 0 0 0 0 0 0 0 0 0 0.6959783242 0.7793650489 0.7799439706 0.6693890299 0.6579573138 0.55428816 0.5452244485 0.5372427837 0.8401228839 0.5481885487 0.5480100049 0.5487418964 0.7544007793 0.6230906168 0.6216214314 0.6139285341 0.6214153964 0.624325722 0 0 0 0 0 0 0 0 0
0 0 0 0 0 0 0 0 0 0 0 0 0 0 0.842599192 0.8440051395 0.8372507785 0.5898639075 0.5950073351 0.9026657391 0.9031619357 0.9019668783 0.8989038014 0.9033686303 0.5377786804 0.8976499616 0.8935265176 0.6886332716 0.5830111559 0.7388248493 0.6200630059 0.6253014703 0.6292894478 0.7473192966 0.750374634 0.764569629 0 0 0 0 0 0 0 0 0.794661119 0.7864588578 0.5775609122 0.6629689905 0.6670153085 0.6646172535 0.5577871389 0.5584529571 0.8864211816 0.6380375416 0.5134274158 0.631949364 0.6119837999 0.6078944238 0.6106340688 0.6191715666 0.6148641708 0.5368296727 0.6293158114 0 0 0 0 0 0 0 0 0
0 0 0 0 0 0 0 0 0 0 0 0 0 0 0 0.8359156886 0.8416558557 0.5878713972 0.5886660921 0.8999383083 0.8947345054 0.8932335451 0.901311627 0.8998508976 0.6446679459 0.7042228502 0.6962907252 0.6953241095 0.8158835173 0.818250369 0.6291162292 0.6326129664 0.6255969783 0.638356246 0.7568051732 0.7589794288 0 0 0 0 0 0 0 0 0.8706866252 0.7917520776 0.6655932279 0.6659725802 0.6644651668 0.6735307411 0.6656135767 0.8040635174 0.5348846122 0.8136509447 0.6324069437 0.6232029634 0.6097631868 0.604529766 0.6093790766 0.5579445255 0.5852528749 0.7026072566 0.656998629 0.8479704985 0 0 0 0 0 0 0 0
0 0 0 0 0 0 0 0 0 0 0 0 0 0 0.8426735726 0.8457281646 0.8392846387 0.5910745654 0.5920284908 0.9043705221 0.896124917 0.896292985 0.898935077 0.9011742616 0.7259245377 0.7217850749 0.6970541406 0.6941320685 0.6916929075 0.8108224297 0.6380164552 0.6191601745 0.6348133554 0.765611905 0.5801821706 0.7648856837 0.5534386552 0 0 0 0 0 0 0.8153820692 0.6783730758 0.6811689332 0.6162386657 0.6693785097 0.6668760222 0.6738512476 0.862033581 0.5880585858 0.783982806 0.6352793156 0.6240021665 0.6321485046 0.7993627781 0.6070772279 0.6085104367 0.7613269856 0.8242160999 0.8245923446 0.8249255772 0.8279138957 0 0 0 0 0 0 0 0
0 0 0 0 0 0 0 0 0 0 0 0 0.8707816523 0.8458709468 0.8553548828 0.8464485117 0.8532867783 0.592921299 0.8641804074 0.7462481624 0.9088767388 0.9076555398 0.9034020879 0.9066049492 0.7197924394 0.7218362415 0.6951951405 0.6889525017 0.6919577202 0.8103484005 0.8086489652 0.8073012142 0 0.827853878 0.5103854272 0.5501681838 0.5469331871 0.8991893501 0 0 0 0 0.7320340338 0.7182112471 0.7297536254 0.5910345922 0.6716124434 0.8488439693 0.6718572477 0.852626458 0.8497950276 0.8526987632 0.8637361791 0.8035927034 0.8273320653 0.8180392671 0.7946563862 0.7422407642 0.8800864425 0.8825261978 0.8250864833 0.8235565539 0.8227966742 0.8255877735 0.8294855212 0 0 0 0 0 0 0
0 0 0 0 0 0 0 0 0 0 0 0 0.6082599255 0.8570278416 0.8653534818 0.8587083993 0.8470351999 0.5692928249 0.6179108163 0.8250319108 0.8730441629 0.5850374717 0.7013590258 0.7042011845 0.6248657042 0.6177286491 0.6979388435 0.6970325467 0.815877538 0.8102520808 0.8064804266 0.8125697676 0.8134242638 0.8239399721 0.5506355702 0.5447896125 0.8190418874 0.5757931541 0 0 0 0 0.7319601222 0.728038517 0.5767800258 0.844278124 0.7185509062 0.7192492726 0.6875993425 0.8512142386 0.8488923576 0.7752253967 0.7721775524 0.8819823637 0.7987117984 0.6696989471 0.8902645528 0.8813687332 0.8784332981 0.8798781636 0.6842624574 0.8213182364 0.8168752366 0.8256204529 0.833775648 0.6864604731 0 0 0 0 0 0
0 0 0 0 0 0 0 0 0 0 0 0 0.7711231477 0.7638001789 0.769890686 0.8796408112 0.5616310296 0.5613740343 0.7566242871 0.7614321263 0.8118912574 0.576647802 0.5333084563 0.7022246327 0.7382165734 0.7453544486 0.5571416552 0.822615885 0.8964407524 0.8155620688 0.815750814 0.8079860262 0.8171220184 0.7473157425 0.553495729 0.7236048976 0.8723149491 0.8307008996 0 0 0.7219504479 0.7212249769 0.7224282652 0.7312978662 0.6610686555 0.7184043657 0.7173783101 0.6834966074 0.6741060041 0.6749637633 0.7749340229 0.7712892283 0.7765437032 0.7707644659 0.8744990797 0.888359815 0.8840862445 0.8825560776 0.8758238624 0.8200996223 0.8310560395 0.8251424687 0.8249690586 0.8242380214 0.7865188804 0.8619947816 0.6486026269 0 0 0 0 0
0 0 0 0 0 0 0 0 0 0 0 0.5550222601 0.772266591 0.7628957198 0.7636266056 0.7163220156 0.7061906264 0.7019957548 0.7609855835 0.7515354585 0.7545158691 0.5302346985 0.7319530351 0.7324170405 0.7388622861 0.8657432893 0.5922824321 0.5391993065 0.8658393625 0.5210932315 0.5270158773 0.5227547486 0 0 0.8487449362 0.6811304729 0.6774840929 0 0 0.8983038056 0.7146035918 0.7141132308 0.7222751504 0.7226936623 0.7227250007 0.6190664827 0.7152353529 0.6738523528 0.6737340483 0.6758243483 0.7775192838 0.7664151994 0.7687720084 0.7632231539 0.7648741114 0.8813550905 0.8863661757 0.8785039237 0.8765807787 0.8800826199 0.7415079929 0.887349551 0.8814374389 0.8754654839 0.8762965331 0.8779004067 0.8889257837 0.8944890894 0 0 0 0
0 0 0 0 0 0 0 0 0 0 0 0.7812690202 0.7683186994 0.7721061352 0.7704504563 0.7093830647 0.8573180613 0.7005397462 0.7597070768 0.7549954425 0.5739094117 0.6600586582 0.7379946512 0.7300639005 0.7400115889 0.7427960114 0.8740880012 0.6622126756 0.7480709005 0.7579616489 0.8575698268 0.5189434912 0 0 0.5515862316 0 0.5872578107 0 0 0 0 0.7188231855 0.7179184556 0.7263814941 0.7977958488 0.7205289356 0.7221180746 0.5254335068 0.6692810975 0.6730355323 0.7843343099 0.7621719614 0.7614584669 0.7658882753 0.766458256 0.5868229688 0.5857456661 0.8306092891 0.8801515726 0.8855463165 0.5001583378 0.8880652316 0.8828572515 0.8749169225 0.8769392711 0.882529307 0.8915377456 0 0 0 0 0
0 0 0 0 0 0 0 0 0 0 0.5269696381 0.7413278584 0.5819592416 0.7791008686 0.6684732939 0.6210324267 0.6123633785 0.6181695905 0.7633225302 0.757388486 0.6609973742 0.653574306 0.7349914536 0.7382053568 0.7369100263 0.7409619851 0.859827299 0.8656745278 0.8626611176 0.6103171552 0.8554832808 0.8537529026 0.8616305381 0.7194372116 0.7517389217 0 0.5833499525 0.5886326265 0.5889697133 0 0 0.7231680497 0.5222231429 0.5201389426 0.5198170676 0.5236873055 0.6716028485 0.6700561421 0.6772422043 0.6768198256 0.7377513254 0.8522945864 0.7660142836 0.5630092304 0.5719010207 0.579042895 0.5843263348 0.8287259001 0.8296363468 0.8223623634 0.714205449 0.8922798928 0.8762912784 0.8788375834 0.875665272 0.8832692521 0.8911027872 0 0 0 0 0
0 0 0 0 0 0 0 0 0 0.7314610472 0.7247119764 0.7375489985 0.8748596753 0.767760093 0.7765550868 0.5754616925 0.6114886121 0.6148916102 0.8319348456 0.8599930149 0.6624029133 0.6549867459 0.7681172171 0.7676090198 0.5247709099 0.7602095512 0.8642807228 0.8589189179 0.8540887347 0.859359104 0.8556658358 0.8748996625 0.8594802817 0.7150370364 0.7126552204 0 0 0.5869707542 0.6730859968 0.8232479596 0 0 0.6699660627 0.52227203 0.5191778298 0.5518159145 0.6780799452 0.6781900068 0.5457924541 0.8083543698 0.8041647982 0.6570663496 0.5690976369 0.758526234 0.5652796477 0.5032487728 0.5618617913 0.8251550279 0.8210395019 0.828546859 0.8320616257 0.5337028923 0.8845933942 0.8445631621 0.6997811509 0.8657522358 0.5557754934 0 0 0 0 0
0 0 0 0 0 0 0 0 0.8857006302 0.7231669752 0.7290479515 0.7360533371 0.7452123458 0.7751532426 0.7742414798 0.6158792501 0.6058970266 0.598591096 0.5975818222 0.5827479957 0.6821894108 0.8442794793 0.6696704206 0.759946251 0.7566876369 0.7571364342 0.8664518092 0.8579631768 0.8542441287 0.851728423 0.868718716 0.8707221274 0.7172707892 0.714438285 0.7175485075 0.7195401919 0.6540246307 0.8140141288 0.7015216522 0.7466453139 0.7423778356 0 0.8262048378 0.5256531447 0.5994372439 0.5210372819 0.7703606976 0.7676987489 0.6609294331 0.6415186669 0.5365669935 0.7670076854 0.7613758752 0.7844577133 0.5999515912 0.5974564554 0.5915212613 0.752997223 0.8234159747 0.8242482426 0.8298398433 0.839155602 0.8530554395 0.51222971 0.7126403919 0.6601781814 0.6588157462 0 0 0 0 0
0 0 0 0 0 0 0.6318450092 0.6341741983 0.6801781047 0.7254666922 0.7252055269 0.7346977494 0.7301799093 0.733312005 0.7924446782 0.7931666247 0.6032936798 0.5960534398 0.6018722145 0.6054862919 0.7513216857 0.5127098812 0.7615311813 0.7631661354 0.7577988366 0.7560131136 0.7627128829 0.8577196499 0.8565392893 0.8470634842 0.5630515288 0.8733844551 0.7834882594 0.7313043321 0.783677916 0.7956331799 0.7243452869 0.5497650208 0.8883286695 0.553662014 0.5869219907 0.7051582916 0.7125962365 0.7265283555 0.6015526152 0.6051105638 0.7609080012 0.7665867858 0.7675587161 0.6541750776 0.8576366254 0.8151892865 0.6312185339 0.8688582929 0.5871008766 0.5902607917 0.5916967056 0.5893458418 0.5452866244 0.7312306779 0.513577056 0.8799485865 0.8409092563 0.5708915739 0.5373549891 0.6641840609 0 0 0 0 0 0
0 0 0 0 0.6416126266 0.6287633563 0.6251740768 0.6667297948 0.6704415845 0.8977532794 0.6752423419 0.7300978578 0.728933616 0.7332864335 0.7361300957 0.7912889182 0.602982648 0.59569743 0.5966356564 0.6119862174 0.6091529032 0.6153498554 0.7253468144 0.7201447684 0.7643786016 0.7650318426 0.7623113798 0.8560010549 0.8542822652 0.8564544885 0.8526661489 0.6528102912 0.7886088139 0.7787701754 0.7876151844 0.7890342539 0.5406770508 0.6730243681 0.5225501694 0.8478398132 0.5899211551 0.582934779 0.6935524218 0.5871581787 0.5940048798 0.769756618 0.7875033303 0.7673479604 0.5754288609 0.8597235942 0.5285080794 0.7861242618 0.6021266931 0.7545286982 0.5896064891 0.5818328404 0.5869783034 0.5449614884 0.5482634029 0.5244122762 0.7769613676 0.667876023 0.684248447 0.5670138436 0.6473363511 0.5024479259 0.7365728557 0 0 0 0 0
0.8975215799 0 0 0.6046176296 0.7687160757 0.6348770381 0.631011699 0.6326892882 0.7835313063 0.6841834811 0.6754110496 0.7308774609 0.728985052 0.7269100743 0.7879011217 0.7950710093 0.6008588013 0.5980585022 0.6045593851 0.6073595806 0.6128629679 0.7126813885 0.7173474831 0.7187900849 0.7244084056 0.7660617119 0.7686560788 0.5679608443 0.8632569872 0.86040676 0.7310856678 0.7348438747 0.7811825755 0.787249922 0.7832965374 0.7841822052 0.534646188 0.6758903245 0.5325817215 0.7864425079 0 0.5800850283 0.5804937719 0.5875396066 0.5890470197 0.5580665359 0.6882118559 0.7199212954 0.8351832042 0.5114009275 0.770145777 0.5248977554 0.8064175064 0.5986908118 0.5912543281 0.5873172424 0.582573327 0.5892012481 0.5459623655 0.556657722 0.8635536348 0.7878176096 0.5855116314 0.7436087193 0.8044032727 0.6911926493 0 0 0 0 0 0
0.6337174384 0.5715203525 0.5721666082 0.5646155965 0.5638982229 0.7660012577 0.6363502422 0.7088916924 0.6835711604 0.7289796697 0.6905030652 0.7349506116 0.7242757173 0.7224231659 0.7251780211 0.7922539754 0.6048525456 0.6047704511 0.6086553475 0.6109752885 0.6151572016 0.717020671 0.7126475743 0.7178646829 0.7266102412 0.7268118525 0.8779992706 0.6256332753 0.6094195301 0.8715983693 0.7360711165 0.7337611477 0.7928460207 0.7931204594 0.7955890292 0.5268132858 0.5265117607 0.529164452 0.8218533952 0 0 0 0.5854633483 0.5897976708 0.5206272637 0.7716212682 0.8417782286 0.8344771017 0.8312636896 0.8376031646 0.5403546342 0.7934188983 0.7710479528 0.5706925959 0.8994417989 0.5871204548 0.5848712491 0.5917161548 0.5256914941 0.6053299902 0.7030795021 0.8068046144 0.6563017269 0.6448417427 0.6874818843 0.6864768957 0.6817234211 0 0 0 0 0
0.7606801129 0.5628643208 0.5635387809 0.5637805582 0.5560532544 0.5549739239 0.7599674732 0.7600556722 0.838087243 0.6391640224 0.6450637982 0.6734276756 0.7285513345 0.7236209932 0.7302608017 0.7283081308 0.800838109 0.8038302492 0.6157341928 0.611024638 0.7201727297 0.7188306236 0.7161648502 0.7216483087 0.7273160739 0.6730136349 0.6287283426 0.6268582564 0.7921039487 0.7955627465 0.7489341889 0.7503980253 0.7933647851 0.7871389579 0.7860257255 0.5271790122 0.5198601404 0.5246003346 0.8155426773 0.7581719287 0 0 0 0.586591349 0.7432730774 0.6724537254 0.8367993991 0 0 0.7571656308 0.5410016578 0.5101640196 0.6362905853 0.9002882609 0.8993938657 0.8955684493 0.901476431 0.7507051198 0.621367127 0.8941581163 0.8175536221 0.8151542078 0.8156133473 0.7955934628 0.6951491667 0.6849058063 0 0 0 0 0 0
0.7173642838 0.5754566829 0.562653773 0.5620057686 0.5655388734 0.7603671753 0.8289051799 0.8335358999 0.8554600937 0.7248627729 0.6370914508 0.7314078488 0.7285600291 0.736223891 0.7242720178 0.8080137202 0.8210467155 0.8074492769 0.815382261 0.7233419598 0.7248643217 0.7178330736 0.7226845807 0.7238849231 0.6404684081 0.6309484675 0.6383695889 0.7957814002 0.7941517341 0.7937672685 0.7470133434 0.7472046242 0.7933339964 0.783942992 0.7918208462 0.5246327986 0.5226777873 0.5215710259 0.8069941596 0.8689582421 0.8677913148 0 0 0.5445023607 0.7824573711 0 0 0.5232393466 0 0.779931814 0.5076318617 0.7119005531 0.8966998338 0.89246277 0.8920399252 0.891962364 0.8964585486 0.9038380381 0.9026004748 0.8919618018 0.8097062009 0.8076699035 0.8135410212 0.8190220492 0.5107069937 0 0 0 0 0 0 0
0.8913547374 0.6743551078 0.8296063151 0.8290171273 0.8242854634 0.8279427894 0.8313842331 0.8255587891 0.8307893686 0.6429667453 0.6433102828 0.5304186722 0.5311505673 0.529373136 0.5327419674 0.8271033065 0.8284635245 0.8288804845 0.8827357858 0.8412027606 0.7277872619 0.7242951035 0.6994757321 0.7801003488 0.5547584669 0.7639835094 0.5071544958 0.8809937221 0.5103142322 0.7557017415 0.7495906072 0.7444073287 0.7495015431 0.7437913986 0.7898103905 0.7526534755 0.7604672781 0.8123918439 0.5197224173 0.7452014855 0.8660859354 0.8678397625 0.8451842953 0.8061718137 0.8021377287 0 0 0.8800527406 0 0.5298632945 0.5376383162 0.5352727911 0.892924335 0.889013476 0.8904768104 0.9001312126 0.8994257912 0.8988885042 0.9019822296 0.7354474239 0.8124935446 0.8055982559 0.8120153311 0.8207722974 0.6299478751 0.662388113 0.7615685119 0 0 0 0 0
0.8405748234 0.772803262 0.8321868034 0.823705344 0.8213124689 0.8195360199 0.8233329927 0.8313173885 0.8281100883 0.6506997764 0.6493610025 0.5256433541 0.5227192753 0.5243902868 0.6510258454 0.8317731595 0.8348615537 0.7337960544 0.7406193229 0.5142351529 0.6831197969 0.5772849036 0.6878180498 0.7768752662 0.7725754791 0.8826567097 0.766668977 0.8613399519 0.8595712255 0.5075007702 0.751190461 0.7488747035 0.7417615501 0.7434398483 0.7483240982 0.7559368557 0.5981695838 0.8680556036 0.6699239819 0.5146099689 0.8690420166 0.8675040293 0.5322266821 0.816622956 0 0 0.8730941273 0.876324611 0.8709919269 0.5241292814 0.5238626075 0.5288361909 0.8889411218 0.8846035551 0.891184951 0.8999379972 0.7143055099 0.9039409115 0.906118684 0.7069783984 0.551447553 0.8081123504 0.8098142113 0.8216994253 0.783315704 0 0 0 0 0 0 0
0.7730124268 0.7699518429 0.8326249983 0.8241635576 0.8194334456 0.8147825422 0.7708262217 0.8256222482 0.8381653721 0.8076331553 0.7190230389 0.5242570188 0.5317210112 0.5289718007 0.5309602848 0.6212730667 0.6831702481 0.7572243844 0.7425774861 0.5609069701 0.6842897958 0.6800508912 0.7698072584 0.8759948415 0.7704216394 0.7671092719 0.764878354 0.6582736437 0.8541485027 0.7658608728 0.7540214844 0.7459814037 0.7476803551 0.6367268832 0.7563506431 0.6550387311 0.7562324671 0.8715129053 0.6806270061 0.6834221929 0.6822702785 0.8715746678 0.5988043743 0.7915202587 0 0.8697947122 0.867838686 0.8663901749 0.5865059004 0.5875104344 0.5198572416 0.5193434653 0.8921044351 0.8921870959 0.8861902256 0.5030886886 0.5795888384 0.5043395548 0.7811483244 0.7780654671 0 0.7877967585 0 0.7826103022 0.7913501313 0 0 0 0 0 0 0
0.8732801973 0.8699142286 0.7500818376 0.7489817423 0.8211423448 0.8181304028 0.8206210332 0.6138644069 0.6116066751 0.8988449835 0.7993447494 0.8395103949 0.8342019219 0.8417691441 0.6705834661 0.6027204347 0.6743417325 0.5576693944 0.553911677 0.5602462635 0.8748503775 0.7959801409 0.6834521638 0.7432987186 0.7678676334 0.7644828876 0.7576270907 0.7592556346 0.7574506542 0.7625538106 0.7744451304 0.7530941489 0.869239994 0.755665077 0.7613147246 0.7663935523 0.709484781 0.5419983542 0.6852110946 0.6806244924 0.6826166726 0.6732387709 0.7853993125 0.7898661014 0.8721547005 0.8696952951 0.8654612725 0.5861566917 0.5790381468 0.5870902556 0.5186888584 0.5223453063 0.8961018272 0.8209334067 0.8966265172 0.8310940738 0.5734238946 0.5086043522 0.590219163 0 0 0 0 0 0 0 0 0 0 0 0 0
0.8168238502 0.6932271402 0.7573881783 0.7521521846 0.7435864692 0.7460067325 0.6099704138 0.6087747932 0.6100947552 0.6073683267 0.7579751978 0.6516619611 0.8377987089 0.8411426833 0.6494700623 0.667151163 0.6745621297 0.5517762039 0.6716977878 0.7018545419 0.6865643382 0.7756455304 0.6197474902 0.5614489333 0.771157565 0.7586058429 0.7585190113 0.756249012 0.7650244494 0.7648363958 0.7786586235 0.7767065953 0.7633173046 0.7643932392 0.7598586607 0.6798734769 0.6826203186 0.6855103359 0.680055142 0.6794690887 0.6817905227 0.6938906108 0.7922635588 0.6752429876 0.878855488 0.871339914 0.5829201345 0.57801497 0.5788990431 0.5837941307 0.5283286329 0.5280273024 0.8289545737 0.8302899773 0.8214698744 0.828359147 0.8317143705 0.8316464646 0 0 0 0 0 0 0 0 0 0 0 0 0 0
0.8221847146 0.6920003605 0.7527455969 0.7500083197 0.744228655 0.7507910845 0.6012517622 0.6002530513 0.60621632 0.7609797309 0.558243327 0.8149043577 0.5459181788 0.6394571077 0.6683364785 0.6687217415 0.6703266568 0.8459909848 0.8358314045 0.840829541 0.8286495477 0.8314865639 0.8316888359 0.7416723769 0.7051657496 0.7620232928 0.7611450253 0.7564377708 0.7639533459 0.5257975265 0.7664206875 0.7679268442 0.769096079 0.7763686228 0.6717847293 0.6756704186 0.6752437286 0.7633527975 0.683214155 0.6833333237 0.6875755273 0.6942786435 0.6964256125 0.8850543824 0.8801590295 0.589012684 0.5870756657 0.5820002016 0.5872809211 0.758790532 0.6218654442 0.5890250653 0.5422576176 0.7234411482 0.835910384 0.7275454053 0.8240952668 0 0 0 0 0 0 0 0 0 0 0 0 0 0 0
0.8166123765 0.6834751997 0.6834722943 0.6870701819 0.6875476874 0.6497024887 0.6050350509 0.6044251999 0.5710727657 0.7083840483 0.6366733957 0.7961482759 0.5107290837 0.6768348789 0.6779601498 0.6780880437 0.6775284809 0.8420712957 0.8374222757 0.8324011428 0.8272396215 0.8244676566 0.7382591061 0.7413511836 0.7191846047 0.7639778421 0.7627882369 0.762063257 0.5118245717 0.6109391167 0.873580737 0.6428967367 0.7676026419 0.7691803429 0.6778918739 0.6692254435 0.6661421353 0.6721444643 0.684850004 0.6953823703 0.6761803439 0.6941655889 0.8232274222 0.7998366349 0.6016717606 0.5913622736 0.5831545802 0.5834103615 0.582699981 0.5938492655 0.593326499 0.6200985855 0.5982020304 0.545031173 0.5451332868 0.8326883666 0 0 0.7826638266 0 0 0 0 0 0 0 0 0 0 0 0 0
0.6897700864 0.6826280965 0.6810897287 0.6798791596 0.6812054224 0.6906014245 0.6046508185 0.6108455705 0.5582188452 0.712077844 0.7173313865 0.5182960238 0.8665675029 0.5142711804 0.6273605493 0.6784381494 0.8258223264 0.8418563103 0.8419583723 0.8349514196 0.826605319 0.8257707693 0.8313344296 0.743626277 0.8295782436 0.7714802422 0.762140121 0.7681350693 0.5353638313 0.7674269175 0.764080885 0.7599332163 0.7668131859 0.7697775552 0.6731214918 0.6685530887 0.6625596326 0.6677743497 0.6776781199 0.6922977685 0.6954746773 0.7186410008 0.8521984631 0.6559719603 0.5830820903 0.5925794035 0.5900677962 0.5887997507 0.705668424 0.5937702662 0.895247225 0.5056613901 0.6281234582 0.5379005202 0.5352040844 0.7729981517 0.777215853 0.8987944997 0.7887733973 0.7807956185 0 0 0 0 0 0 0 0 0 0 0 0
0.6878975778 0.6823388116 0.6885522279 0.6881554505 0.6820830221 0.617398121 0.833785012 0.5393305081 0.6926750033 0.7193786164 0.5675609401 0.5908151378 0.6331092671 0.779565935 0.6857637467 0.6880644874 0.5825224066 0.5241177646 0.8362250445 0.8278073023 0.8355228532 0.7203192555 0.7158213068 0.7161499073 0.6106241306 0.5080129594 0.5383744624 0.5311039444 0.8007266345 0.7694646269 0.7674448563 0.7663073977 0.7875163158 0.8229491131 0.8257171512 0.6715945056 0.6655896451 0.6658156281 0.6684379132 0.7754097563 0.8517570082 0.729599072 0.5995164051 0.5862503588 0.5861779537 0.5810426893 0.5850646912 0.6062135394 0.6207509115 0.5292563367 0.5143217952 0.5315196999 0.7333287924 0.7906165318 0.5428775949 0.8559974091 0.6746615908 0.7781877381 0.606373877 0.864921455 0.7815016215 0.8530201037 0.6942497489 0 0 0 0 0 0 0 0 0
0.5530431708 0.6900997229 0.8345997605 0.5555843968 0.6835294262 0.6916555453 0.7819960833 0.6823758203 0.5628907347 0.5609753882 0.544280769 0.6357988153 0.6407961497 0.5110525411 0.6684584273 0.8241301812 0.651742477 0.5524476465 0.5447005133 0.5401610538 0.5445187431 0.7182066837 0.7112608333 0.6014755698 0.6050488205 0.5474487915 0.662355517 0.7225520507 0.5401582097 0.7550917016 0.7752450844 0.6819436169 0.8581363641 0.8210732969 0.8202407142 0.8292371267 0.7070541302 0.6707917216 0.7988080736 0.7298558307 0.7295787174 0.6227587047 0.5964046543 0.5952448483 0.5909020015 0.5890399509 0.5890350349 0.524750261 0.5275241754 0.5344300483 0.5487066817 0.7947247908 0.5998723884 0.7496741377 0.5964114358 0.6776790529 0.6809502456 0.6792147277 0.7945807123 0.6592320016 0.8850168844 0.6412385606 0.7118516098 0 0 0 0 0 0 0 0 0
0.6976358787 0.6990982901 0.6935312257 0.6909625838 0.6851970285 0.6877740608 0.7877379896 0.5621683366 0.5554518664 0.565349511 0.8948376414 0.5067605036 0.8246775346 0.7255550562 0.8799555068 0.7468932096 0.7241237955 0.8120340216 0.5410979833 0.5363100478 0.5429641581 0.7171828817 0.7205581537 0.7163889623 0.6747604687 0.635541998 0.7537123064 0.724444364 0.7294321125 0.5454182111 0.8999152457 0.6251007763 0.5612274826 0.8276775731 0.8217976523 0.8211035266 0.5394447895 0.8768665054 0.7956686203 0.8209862126 0.7389073969 0.7229265365 0.5975328575 0.5924463659 0.5879252386 0.5899022922 0.5939854401 0.5214175669 0 0.5337679235 0.5905227859 0.6017318688 0.6271217409 0.5906533934 0.5964823827 0.8109459538 0.661087661 0.5085946222 0.7925474052 0.812356301 0.5488944144 0.8571729646 0.6735754705 0 0 0 0 0 0 0 0 0
0 0 0 0 0 0 0 0 0 0 0 0 0 0 0 0 0 0 0 0 0 0 0 0 0 0 0 0 0 0 0 0 0 0 0 0 0 0 0 0 0 0 0 0 0 0 0 0 0 0 0 0 0 0 0 0 0 0 0 0 0 0 0 0 0 0 0 0 0 0 0 0
0 0 0 0 0 0 0 0 0 0 0 0 0 0 0 0 0 0 0 0 0 0 0 0 0 0 0 0 0 0 0 0 0 0 0 0 0 0 0 0 0 0 0 0 0 0 0 0 0 0 0 0 0 0 0 0 0 0 0 0 0 0 0 0 0 0 0 0 0 0 0 0
