landscape/hab_quality/256/simulation_000095_p042_h010_HABMAT_patch_more_500pix_modified.asc_ac_0.5_quality.asc
NCOLS 513
NROWS 513
XLLCORNER 0
YLLCORNER 0
CELLSIZE 9.980507
NODATA_VALUE NaN
[rows 0 to 35 of 513, columns 328 to 409 of 513]
0 0 0 0 0 0 0 0 0 0 0 0 0 0 0 0 0 0 0 0 0 0 0 0 0 0 0 0 0 0 0 0 0 0 0 0 0 0 0 0 0 0 0 0 0 0 0 0 0 0 0 0 0 0 0 0 0 0 0 0 0 0 0 0 0 0 0 0 0 0 0 0 0 0 0 0 0 0 0 0 0 0
0 0 0 0 0 0 0 0 0 0 0 0 0 0 0 0 0 0 0 0 0 0 0 0 0.703041849 0.6996810634 0.8341163145 0.8721564825 0.8478119667 0.8386380023 0.8480944625 0.8103818468 0.6035267569 0.6029881742 0.6075230597 0.6154982034 0.7240494181 0.8035327849 0.7955904372 0.7891621189 0.7821199217 0.7791082752 0.7843231117 0 0.7902547015 0.799274185 0 0.8005162865 0.8036052896 0.8057841699 0 0 0.5827911523 0.8508388613 0 0 0 0 0 0 0 0 0 0 0 0 0 0.8177508065 0.8147993381 0.8201636951 0.8108393617 0 0.8129902846 0.605028921 0.6138159586 0.8841408447 0.8723006321 0.8743456764 0.8638203279 0.8571795853 0.8632101926 0.8705846975
0 0 0 0.5968529605 0 0 0 0 0 0 0 0 0 0 0 0 0 0 0 0 0 0 0 0.6872211442 0 0.6992213261 0 0 0.8469640517 0 0.8458597884 0.8675220961 0.7340878192 0.610785785 0.6090118515 0.5820730583 0 0 0.7892000398 0.7799282965 0.7794828647 0.7803558585 0.7806802199 0.7849196405 0.7879543072 0.7903043933 0.7903678705 0.7999001012 0.8031454629 0.8104401352 0.8128589299 0.7014945797 0 0.8468391492 0 0 0 0 0 0 0 0 0 0 0 0 0.8187130902 0 0.8213890808 0.8136697923 0 0.8112137516 0.8192538528 0.6098782938 0.6081748909 0.6223445698 0.8789731561 0.8719553117 0.8643501727 0.8638545076 0.8619087446 0.8649959848
0 0 0.5920974624 0 0 0 0 0 0 0 0 0 0 0 0 0 0 0 0 0 0 0 0 0.5933043141 0 0.7077875306 0 0.6401372002 0.7030001702 0.8684399017 0.8661316899 0.8737059725 0 0.7381957412 0.6093406882 0 0 0 0.7881428723 0.7826608839 0.7814692491 0 0.7872170052 0 0 0.7922792966 0.7991983159 0 0 0.8036460508 0.8110512156 0.5263020176 0.7545526066 0.7470352184 0.6753487218 0 0 0 0 0 0 0 0.8632866426 0.7043302881 0.7094971384 0.864549653 0 0 0.8161405638 0.8217375213 0.8223693324 0.8169061997 0.8207340404 0.6160950418 0.6161471353 0.6229361272 0.8789592405 0.8651375501 0.8703998802 0.8680549646 0.8619738896 0.8662564576
0 0.5945968406 0 0.686639517 0.6463548526 0 0 0 0 0 0 0 0 0 0 0 0 0 0 0 0 0 0 0 0 0 0 0 0.7779294957 0.872369385 0.8675582281 0.8662719716 0 0 0 0 0.8542078256 0 0.7845261452 0.7876678175 0.7925413965 0.7936256291 0.7922551784 0.7893848039 0.6884449085 0 0.6791848322 0.8059023978 0.8155151043 0.8769060603 0.8719496392 0.5403474984 0.7499157624 0.7548502701 0 0 0 0 0 0 0 0 0 0 0 0 0 0 0 0.8934857985 0.8215135307 0.8191205989 0.8184912501 0.6228505499 0.7356737808 0.5861499187 0.5842239764 0.5812464273 0.8761158653 0.8739454335 0 0.8924511121
0 0 0.5167301565 0 0.6557311738 0.9125659509 0.9138579693 0.9192902499 0 0 0 0 0 0 0 0 0 0 0 0 0 0 0 0 0 0.6830100892 0.6889707398 0.7763624799 0.7732169538 0.6999185304 0.8309741335 0 0.8673963406 0.7885871579 0.8549484551 0.8454217621 0.6829252075 0 0 0 0 0 0.7954157679 0 0 0.5341450917 0.5344923836 0.8094943723 0 0.7225817947 0.7242731038 0 0.8707036264 0.7632083613 0.7635432589 0.7894456678 0.7893757889 0 0 0 0 0 0 0 0 0 0 0 0 0.8496323068 0.8008589928 0.8029048623 0.8083464459 0.5869279796 0.5842009108 0.5846901559 0.5766619787 0 0.587842724 0.8790650573 0.8930504091 0.5549776238
0 0 0 0 0.7696208139 0.9142829091 0.9106703197 0.8997951536 0.9061397791 0 0 0 0 0.9022633631 0 0 0 0 0 0 0 0 0 0 0 0.8373622664 0 0.5145198444 0 0 0 0 0 0.7761294274 0 0.6961654245 0.8492497595 0 0.5253358998 0 0.7530459491 0 0 0 0.5358422336 0.5931531301 0.5438256136 0.8813184444 0.815996526 0.7270750692 0.718753284 0 0 0.7713062145 0.8447904714 0 0.7849595179 0.7815852849 0.7866852692 0 0 0 0 0 0 0 0 0 0 0.8476749654 0.7928650988 0.7990215428 0.8022530763 0.5927563099 0.5846824982 0.5831707284 0.5774642387 0.5851685887 0.5865073201 0.5971792756 0 0.6042156174
0 0 0 0 0 0 0.9095180015 0.908271563 0.8987396458 0 0.8960817066 0 0.9012114386 0.9021219447 0 0 0 0 0 0 0 0.8423760377 0 0 0 0 0 0.8756153789 0 0 0 0 0 0 0.8290926617 0 0.8248790677 0 0.629913135 0.6219667666 0 0.6930761671 0 0.7344720618 0.8381382532 0.8366793919 0.8360116969 0.6283316663 0.8746694801 0 0 0 0 0 0.5480753632 0 0.5205539392 0 0.7902134069 0 0 0 0 0 0 0 0 0 0.8478419787 0.8483903803 0.805604221 0.800545647 0.8058647249 0.5930062047 0.5893132454 0.5868833023 0.5797981272 0.5802640212 0.5902411805 0.5930757189 0 0
0.7376175352 0.9004220928 0.8962960813 0 0.9015822652 0 0 0 0.901019237 0.8910816821 0.8964406927 0.8986861237 0.9020646215 0.9046738419 0.5855464183 0 0 0 0 0 0 0.5844470213 0.5736843115 0 0 0.6049905786 0 0.5113649009 0 0 0.7903263634 0 0 0 0.8829651846 0.6729874551 0.7297505334 0.6958504544 0 0.6848189507 0.6909606433 0.6896630816 0.687415312 0.5657345011 0.5275593149 0.829538116 0.835612446 0.8426023326 0.5801355736 0 0 0 0 0 0 0 0 0 0 0 0 0 0 0 0 0 0 0 0 0.8095881964 0.5562674044 0.7029372626 0 0.7047333539 0.6010910491 0.5520949025 0.6336528144 0 0.5983500488 0 0.502209119 0.5603565001
0.6448347571 0.7318130816 0.9028578589 0.8933351262 0 0.5994226791 0 0.7747665562 0 0.8995721781 0.8970396539 0.9016545757 0 0 0 0 0 0 0 0 0 0 0.8682254808 0.9018317739 0.8058870711 0 0 0 0 0 0 0.7901664347 0.782674711 0.7871305672 0.7472869094 0.7129911182 0 0 0.6932274953 0 0.682583325 0.6819248787 0.6917050183 0.5160413092 0.5209819708 0.7824560485 0.8355877592 0.6768853789 0.5787888496 0.5705941607 0.5711596471 0 0 0 0 0 0 0 0 0 0 0 0 0 0 0 0 0 0 0.6672012452 0.8416183164 0.7100684235 0.7017003411 0.7112582015 0.6143861088 0.6214332145 0.7582150573 0.6789036999 0 0.6516753313 0.6566897578 0.5490276334
0.8661865239 0.7381768369 0 0.8947130844 0 0.6390872625 0 0.7821930848 0.9066274997 0.9048531694 0.9086328062 0.9216845769 0.8264039578 0.8752688041 0 0 0 0 0 0 0 0 0.6035815214 0 0.8943701634 0 0 0 0 0 0.6947009254 0.8105935385 0.7873667274 0.7877646898 0.7864038117 0.8929489949 0.8906713459 0 0.5818849326 0 0.6864400653 0.6861829264 0.6861609699 0 0.5121811972 0.5212386669 0.5225599208 0.5744168276 0.5691091607 0 0 0 0 0 0 0 0 0 0 0 0 0 0 0 0 0 0 0 0 0 0 0.7028786992 0 0 0.813016355 0.6211294993 0.7657526124 0.7593685258 0 0 0 0
0.8187451335 0 0 0 0.6972099551 0.5180889049 0.5906771433 0.8289911567 0.9136138137 0.8513355369 0.913205845 0.7713923037 0.8743830217 0.8813889092 0 0 0 0 0 0 0 0 0 0 0.8969578065 0 0 0 0 0 0.6760586837 0 0.7619269994 0.6084493489 0 0.6086242745 0.8832801813 0.5121418502 0 0.5264872764 0.5304878367 0.5223337052 0.5236988318 0.5177146121 0.5135915467 0.5125977165 0.524675412 0.5165758244 0.5650570914 0.5611872504 0.5608349873 0 0 0 0 0 0 0 0 0 0 0 0 0 0 0 0 0 0 0.5775009442 0 0.5508053797 0.7682939782 0.6053417946 0.6022226098 0.6097118281 0.6685184437 0.7734713752 0 0 0 0.5515234405
0 0 0.7023686883 0.6961865582 0.8285845736 0.5941803698 0.5927871405 0.5832509576 0.5836035678 0.5533907561 0.6763532995 0 0.7106491943 0 0.6007994841 0.7367062521 0 0 0 0 0 0 0 0 0.5225379605 0 0 0.5806908277 0.5784415027 0.5869760482 0.7418533959 0.6137125774 0.7258083976 0 0.6051576117 0.6072066156 0.8188059077 0.5069464206 0 0.5210779846 0.5193151757 0.5173213693 0.5236666883 0.8094376191 0.7996843271 0 0.8071722912 0.8109136999 0.5600705639 0.5602029294 0.564369929 0.5677004801 0 0 0 0 0 0 0 0 0 0 0 0 0 0 0 0 0 0 0.5750401608 0.5717210562 0.5694246483 0 0.6032946919 0 0.6698108185 0.6702015534 0.6747868396 0 0.7124407941 0
0.8125209435 0 0.6943205997 0.8246235906 0 0.5967837608 0.591182456 0.585373148 0.8850433603 0.8172810823 0.8440945053 0.53119441 0 0.6219166451 0.5062794003 0 0 0 0 0 0 0 0 0.6093774049 0 0 0 0.557396839 0 0 0.6760832053 0 0.6812925633 0.6129095647 0 0.6123208152 0.5480494941 0.7473204759 0.522577597 0.5174289087 0.5134132472 0.5201735034 0.7909112067 0.54563765 0.8132204697 0.8053432976 0.8050890571 0.8129857422 0.55711464 0.5566854622 0 0.616568913 0 0 0 0 0 0 0 0 0 0 0 0 0 0 0 0 0 0 0 0.6390068578 0 0.5186543889 0.8900371124 0.6836217103 0.673058992 0.6732057146 0 0 0 0
0 0.8168344091 0.8228497301 0.6097292761 0.8294054124 0.7846000234 0.5378857415 0.5381553371 0.5369045561 0.8811585784 0.7191386774 0.6224711376 0.6208313605 0.6294481457 0.5042355585 0.506959425 0 0 0 0 0 0 0 0 0.8088822893 0.8057896624 0 0 0 0 0.6810048214 0.6725998183 0.6734089307 0.6728030331 0 0.7294768428 0.6130859345 0 0 0 0 0.5141204042 0.8112006553 0 0.8207409923 0.8072219387 0.8102110077 0.8072993508 0.5602400569 0.5605093141 0.557016491 0.6098007537 0.6128260007 0.6559707772 0.649771778 0 0 0 0 0 0 0 0 0 0 0 0 0 0 0 0 0 0.6403699888 0 0.8902322672 0.8501753781 0.8484156146 0 0 0.6823188704 0.86220952 0.5905989536
0 0 0.8225358214 0 0 0.5252849792 0.6224407663 0.5333774938 0.6250458774 0.8551288488 0.6206146299 0.7512958578 0.7504793201 0.7501299523 0 0.8395128654 0.5114020314 0 0.603463684 0 0 0 0.8566139941 0.8078440881 0.8045645322 0.801251326 0 0 0 0 0.6417667392 0 0.6681736809 0.676909726 0 0 0 0 0 0 0.6283017617 0 0.7969543399 0.8003253932 0.8238762267 0.8189262377 0.8113015513 0.8169242251 0.8212199085 0.5639936949 0.6169286042 0 0 0 0 0 0 0 0 0 0 0 0 0 0 0 0 0 0 0 0 0.5403470659 0 0 0.653699199 0.6916231834 0.7103037103 0 0.6804264651 0.6271240939 0.7336256519 0
0.8394295062 0 0 0 0 0.6204920394 0.618398331 0.6176698662 0.6211333712 0.8489249064 0.5352442618 0.7482451064 0.7439082833 0.747304682 0.8296655852 0 0 0.5976228771 0 0 0 0 0.7314060973 0.8066978446 0.8021723919 0 0 0 0.6890833221 0.5905579266 0 0.6698236326 0.6727402314 0.6751039636 0.6862520122 0 0 0 0 0.6441497317 0.6446175639 0 0.6325262088 0 0 0 0.8211383024 0.8224121171 0.7766948956 0.6137198603 0.8952473897 0.5630897089 0 0 0 0 0 0 0 0 0 0 0 0 0 0.7248680804 0 0.8777725094 0.752070008 0.8191083757 0.5391432135 0.5304612821 0 0 0 0.8492857794 0.6242433864 0 0 0 0.7184439965 0.7158242454
0 0 0 0 0 0.6235743226 0.6179660191 0.6214560842 0.624049002 0.5257265208 0.5332728494 0.7467976287 0.8804726729 0 0 0 0 0 0 0.7299780669 0.7284957211 0.7270078734 0.7349138187 0.8162006566 0.8099660069 0.6182928131 0.7342083147 0.6824236696 0.7335310287 0.5670927314 0.746459075 0.7463509037 0 0.6821120775 0 0 0 0 0 0 0.642792137 0.6501880106 0.6250754961 0.6314887478 0.6236974228 0.6290621704 0.6099113999 0.6167836833 0.831466086 0.5135458582 0.8886053518 0.8469206458 0 0 0.688377474 0 0 0 0 0 0 0 0 0 0 0 0.8854755891 0 0.7467901808 0.7518498488 0.8294515162 0.5324259079 0 0 0 0 0.5194598998 0.5201796342 0.8558469657 0.8645364759 0 0
0.7610902079 0.7696689816 0.7767077572 0 0.6286937268 0 0.7117306591 0.6227653454 0.5694132654 0.573500935 0.7203803958 0.8840877351 0.7537648484 0.7536205 0.7443372911 0 0.5920144316 0.743819403 0.5759490686 0.7286573447 0.7291647026 0.733504851 0.7288841165 0.7073668438 0.6124300812 0.6157794517 0.6117759714 0.7264490991 0.8172498003 0.7595950877 0.7552948419 0 0.8291416069 0.8251218322 0.8333341452 0 0 0 0 0 0.642713057 0 0.6304542557 0.6232036081 0.6279556952 0.6296713537 0 0 0.8202784007 0.8223923646 0.8359136706 0.8432413789 0.8389556196 0.6924829367 0.7291181533 0 0.730338155 0 0 0 0 0 0 0 0 0 0.8580478267 0 0.7439906365 0.7448390234 0.539939041 0.5268822407 0.5137769795 0.5120776929 0.895064688 0.5202106404 0 0.5199659392 0.8440913837 0.8403613767 0 0.7288869076
0.7597464679 0 0.7594473743 0.8809220915 0.6188986822 0.5316739696 0.9051119771 0.9079868348 0 0 0.8597386397 0.6251635495 0.6239691145 0 0.7501489589 0.7457940934 0.5669386827 0.5690728636 0.5699413554 0 0.7353858315 0.7122549211 0.8364231601 0.7061870194 0 0.6161883692 0.530723236 0.7299089208 0.7299479358 0.5645031932 0 0 0.8203005771 0.8237070903 0 0 0.7920093269 0.6522419101 0 0.6476764752 0 0.6333772938 0.62935791 0.6253509871 0.6234099955 0.6368272784 0.6322837822 0.8171870027 0.8118830963 0.8134821117 0.8252737244 0.8333825124 0.8417947685 0.8234291054 0.7266445909 0.7255339401 0.7249748112 0 0 0 0 0 0.7664370401 0 0 0 0 0 0 0 0 0 0 0 0.8032660461 0.5214296642 0.8670644588 0.5989138982 0 0 0.730409469 0.7355619355
0.7601119171 0.7574373708 0 0.6342725041 0.9027352354 0.6126744051 0.8985526475 0 0 0.8499930969 0.8528842891 0.7634886298 0.6252519745 0 0.7590254438 0.7510346075 0.5985343018 0.5609000566 0.602973704 0 0.6456493511 0.7779232636 0.7058016368 0.7143189617 0 0.5322980308 0.539367446 0.7329442132 0.7284158837 0.7320149542 0.8402272155 0 0.824755363 0.8185493864 0.8155265129 0 0 0.6486566835 0.6463824834 0.6512421069 0.6403099936 0.6364052253 0.6337323033 0.6381882529 0.633374461 0.6287989964 0.6301226191 0.8181808897 0.8114612226 0.8204781294 0.8256485749 0.8263222013 0.8420858999 0.8269796574 0.7325031448 0 0.7182915241 0.7273575146 0 0 0.5402034428 0.6735067171 0 0 0 0 0 0 0 0.7335814241 0.8637374105 0.8623649737 0 0 0.7364066141 0 0.7581624405 0 0 0 0 0.5964822629
0 0.7601103918 0 0.8835488519 0.901063692 0.8985008847 0.9000555137 0.6816923352 0 0.5406237135 0.5362429888 0.769934506 0.770171357 0.8614432566 0.8613524639 0.5780743213 0.568858407 0.5524887806 0.5463938762 0.7339892015 0.5574098187 0.7063866302 0.7112653225 0.7141069109 0.5029929275 0.865248759 0 0.7373673483 0.7345153839 0.7335139001 0.8351227316 0.8312605462 0 0.8177973207 0 0 0 0.6531017686 0 0.6438267717 0.6346386062 0.6351177288 0.6392251906 0.6583765868 0.6377520348 0.6369579945 0.6292686606 0.8191627503 0.81171312 0.8190249447 0.8282397226 0.8332008084 0.7090265707 0.6543551362 0.6560415221 0 0.7222709986 0.7220948712 0.8923291946 0 0 0 0 0 0 0 0 0 0 0 0 0 0.8274320476 0 0.5378068086 0 0 0 0 0 0.6839675967 0.7043937214
0.7615191826 0.7655121773 0.7658486925 0 0.9039095079 0.9015122928 0.6752006598 0.6808138521 0.757940905 0.5347387142 0.5403012662 0 0 0 0.6490646956 0.5700257121 0.5545662047 0.5521050277 0.5459040406 0.5502271999 0.5555506842 0.8618930974 0 0 0 0.9036394243 0.9003763083 0.7164005795 0.7336842612 0 0.8336434996 0.8331896504 0 0.5675684356 0.8067027183 0.805492996 0.6580968365 0.6706154291 0 0.6430979423 0.6341049077 0.6415050489 0.6399201264 0.6488380847 0.6387653274 0.6439645588 0.6440877712 0.8162629571 0.8200113067 0.6323330005 0.6371943797 0.7051187995 0.5009833334 0.6499463655 0.6521729866 0 0.7270582441 0.7309026981 0 0.8885743571 0.5306739667 0 0 0 0 0 0 0 0 0 0 0.6111606578 0 0.8308509476 0 0 0 0 0 0 0.7522582557 0.7518405644
0.7659394917 0.7708041076 0.6967466491 0.6913578415 0.6876395586 0.6835699466 0.6824531199 0.7234318256 0.5369039947 0.5441715195 0 0.5524035037 0 0 0.691733171 0.6719044281 0.8514093808 0.5535948585 0.5541401448 0.5524165748 0.5584432831 0.7077726339 0.8634330745 0 0.9005965367 0.8937749032 0.9029016358 0.7641713142 0.7335006179 0 0.5693670805 0 0 0.7577335962 0.804727189 0.8013834641 0 0.6613952832 0 0.6358182181 0.641789372 0.6341260962 0.6393994277 0.6463104786 0.6510300381 0.6544331485 0.6496034354 0.6478676719 0.6375511047 0.6532463085 0.6504699175 0 0.8980051563 0.6466380438 0.6491881511 0 0.559359951 0.7477001503 0.8981638222 0.8953949217 0 0 0 0 0 0 0 0 0 0 0.887460725 0.8864912583 0 0 0 0 0 0 0 0 0 0
0.8555422034 0.653909411 0.6953772828 0.6906033257 0.6894729779 0.6911869041 0.6892137045 0.5468571619 0.5512274715 0 0.550742083 0.7923915078 0.7893323668 0 0.7844400118 0.7877198879 0.6306347124 0.6251138556 0.883498314 0.6215600447 0.6152570002 0.5624026825 0 0.5247142537 0 0 0.8965502865 0.6494822865 0.8411185992 0.8929883899 0.7415121442 0 0 0 0 0.8080594114 0.7505838354 0.661827425 0.6522917619 0.6512583005 0.6395394735 0.6384201884 0.6365012724 0.6451826741 0.6483611893 0.6507752352 0.6598963192 0.89123191 0.6633965826 0.6547569766 0.6490253263 0.6423637322 0.6441925778 0 0 0 0.6215067122 0.9010029319 0.5906521948 0 0 0 0 0 0 0 0 0 0 0.8943798234 0.8873879665 0.8848493887 0.8775072706 0 0 0 0 0 0 0 0 0
0.5789913487 0.6031859896 0 0.5112150718 0.7125882292 0.7069170418 0.7014633074 0.6332832587 0 0.5526399892 0 0 0.7764456111 0.7832608121 0.7837173958 0.7883561825 0.6252991261 0.6343425474 0.6288706191 0.6116573589 0.612173395 0.6504421203 0 0.6430981546 0.6383638297 0.644118171 0.5194967709 0.8456541733 0.9026786815 0.7308510387 0.8961175378 0.541033021 0.5407817931 0 0.8086827119 0 0 0.7930835377 0 0.6451046039 0.6427532917 0.6480323207 0.6388397873 0.6532128888 0.6516389415 0.5905012294 0.8838306155 0.5885093661 0.6648716702 0.6589672117 0 0.6473148453 0.6500522243 0 0 0 0.6711965364 0.5274244224 0.535877772 0.5277934484 0.5310963829 0 0 0 0.5553970898 0 0 0 0.8970637353 0.8602347446 0.8908729302 0.8920811475 0.888783015 0.6414812791 0 0 0 0 0 0 0 0
0.764848472 0.779917157 0.5638971055 0.5698980588 0.7147014216 0 0.6953954339 0.6932387975 0.7028562629 0 0 0.7941417574 0.829871434 0.7763499489 0 0.6344497221 0.629217149 0.6256331027 0.615925853 0.6203620844 0.6180786023 0.5650617749 0.6430058522 0 0 0 0.6329096371 0 0.7594739633 0.7617219056 0.5603655169 0 0 0 0.6785728664 0.7929987419 0.8770883934 0 0 0 0 0 0.656920054 0.6597544948 0.5495336036 0.546893297 0.541723372 0.5527779966 0.6629600348 0.659722891 0.6515579987 0 0.6569957138 0.6525328373 0.6639763087 0.8772686308 0.5201301448 0.5174955262 0.5328087233 0.5264283204 0.53124619 0 0.7307044541 0 0 0 0 0.8986844601 0 0.8969055278 0.891105712 0.8838398766 0 0.8782055001 0 0 0 0 0 0 0 0
0 0.563696249 0.5632857358 0.5669206198 0 0.7259019374 0.6989271592 0 0.7031047764 0 0 0.7286433299 0 0 0 0.5082207743 0.6361154887 0.6290332569 0.6263471639 0.6777821922 0.530006637 0.594170134 0 0 0 0 0.6001567646 0 0 0 0 0 0.802874072 0.6265465121 0.6713748662 0 0.7276256217 0 0.6545488187 0.5797086746 0.5804993597 0 0.6367073835 0 0 0.5396518392 0.5485520685 0.553114276 0.5609063228 0.6653932468 0.6618417439 0 0.7876575299 0.7878227655 0 0 0.523060229 0.5166851427 0 0.5315700388 0.5305489988 0.5381990686 0 0.8016420933 0.6170752055 0 0 0 0 0.9029531325 0.8855092698 0.8778161029 0.874845217 0.879596569 0 0 0 0 0 0 0 0.6443191793
0.8630958052 0 0.5587210385 0.5580689551 0.722998533 0.7294930561 0 0 0 0 0 0.6720798889 0 0.8692842871 0 0.5177899066 0.6297333348 0.6303378023 0.6736441225 0.5030770004 0.5107086991 0.5641188532 0.5625189402 0 0 0 0.8053729997 0 0 0 0 0 0 0 0 0.7408325763 0 0.7114347713 0.5831466309 0 0.5812563046 0 0 0 0 0 0.5449492078 0.5514032843 0 0.6701162512 0.6659361265 0.7829286012 0.7788324887 0 0 0.7877746889 0.5238111027 0.6439838954 0.5411440873 0.5332953399 0 0.5441870307 0.8034491956 0.7963118453 0 0 0 0 0 0 0 0.8750400942 0 0.8792759824 0 0 0 0.6213088457 0 0 0.5854958912 0.8451109688
0 0.8531834357 0.5679876377 0.6000826246 0.7244035023 0.7220471328 0.7241068706 0 0 0 0 0 0 0.8686155251 0.568250527 0.8661457263 0 0.5158194732 0.6912914066 0.5030198389 0.5097554002 0.5041046834 0 0.566706876 0 0 0 0 0 0 0 0 0 0 0 0.68744433 0.7143261693 0.7113398623 0.7089734755 0.7120450962 0.7139671861 0 0 0 0.7551573647 0 0 0.5556299129 0.5566421727 0.8907395642 0.8917824386 0 0.7777851333 0.773783615 0 0.650624637 0 0.5422800806 0.5494953169 0 0 0.8009523804 0 0 0.8057378278 0 0 0 0 0 0 0 0 0 0 0 0.8169502529 0.8186549132 0.737664185 0.5406308287 0.6496284871 0.6406053958
0.8503920236 0.8467935279 0.5259577373 0.8867731224 0.8351902103 0.723018246 0.7270855146 0 0 0 0 0 0 0.5651270848 0 0.7056386588 0.7356046074 0.7323502803 0.5031123 0.5041739874 0.5123576218 0 0 0.6550522775 0.8625350804 0.8334480552 0.8274965684 0 0 0 0 0 0 0 0.7135185485 0.5559469269 0.7146441058 0 0.7086588775 0.845824457 0.7152468575 0.5740717574 0.5736188026 0.578097706 0.5689948198 0 0.8633595673 0.8565375327 0.8940397968 0.8894994072 0.8886678077 0.8949219326 0 0 0 0.7074172667 0.6884584228 0.7418178891 0.7451140317 0 0 0.7551660088 0.8002446321 0 0 0.6076834998 0 0 0 0 0 0 0.6308592297 0.5770759793 0.5807738921 0.8221891183 0.8128875837 0.8533418006 0.7328120464 0.7284476112 0 0
0.8541118032 0.7107001284 0.6605660985 0.8564209893 0.636050886 0.7297408959 0.7287039986 0 0 0 0 0 0.5652360354 0.5682256008 0.6957861511 0.6979337494 0 0.5468484075 0.830134706 0.5192582235 0 0.5208232053 0.528683142 0.8545078718 0.8276406509 0.8325239011 0 0.8351400802 0.7416075934 0 0 0 0 0 0.7391312534 0 0.8038224725 0 0.7101105396 0.7110154107 0 0.5773527995 0.5732104259 0.5686762315 0 0 0 0.8634749902 0 0.8907242563 0.8986506188 0 0 0 0 0 0.7400130624 0.7398584532 0 0 0.7532311808 0 0.6224071894 0.6219623638 0.611986462 0.6139146478 0.6092159979 0 0 0 0 0.5726132124 0.5716083903 0.572553007 0.5791319282 0.8673992941 0.893422671 0.8927630438 0 0 0.6038156322 0.6228661344
0.5840402903 0.7420355951 0.6954106311 0.6730866375 0.7297601667 0 0.7040028699 0.7091912386 0 0 0 0 0 0.796768064 0.8655615367 0 0.8761423329 0 0.5829812269 0 0.5224091388 0.5222862602 0.5260926635 0 0.8552573078 0.7810975193 0.8615948055 0.6309168241 0 0.6239209543 0 0 0.8133788861 0 0 0 0 0.6564452671 0.6531588951 0.6487879103 0.6452125868 0.6877762813 0.5696308677 0 0 0 0 0.8369205914 0 0 0 0 0 0 0 0 0.7487356045 0.745610483 0.7384239705 0 0.6254130116 0.6164007891 0 0.6181232269 0 0 0 0.7869869208 0 0 0 0.8165913089 0.5739095784 0.5770717638 0 0.8985260507 0.8925715734 0.6708577205 0 0 0.6124349664 0.6038107446
0.7329013249 0.5125728615 0.6875068768 0.6868399297 0.8409508848 0.8397400331 0.7101396369 0.7008937029 0.70326471 0 0.5271813547 0 0 0.5918668971 0.5539676316 0.6332361242 0.6584459764 0.5518156368 0.6049252688 0 0 0 0 0 0 0 0 0 0.6306886611 0.6332491476 0.7718611044 0 0.6957522866 0.6941003473 0 0 0 0.5077831318 0.6532101306 0 0.6451985912 0.6375052894 0 0 0 0 0 0 0 0 0 0 0 0 0.8570627109 0 0.7513812221 0.7478654414 0.7447185333 0.7447828402 0.6204082639 0.6177251265 0.6154947313 0.6171288204 0.6216574148 0 0.5422658959 0 0 0.5297582484 0.53083602 0 0.5794110279 0.5775457026 0.5775884989 0.8996248082 0.9010629007 0.5182935076 0.8735280012 0.6072372586 0.6051647717 0.6117437569
0.8569231736 0 0.6785275799 0.8374895301 0.8318643812 0.8397029278 0.7079195018 0.7048042687 0.7085817742 0.8333408895 0 0.8798183064 0.8778613459 0.8850715572 0 0.558509237 0.5525323577 0.5484097631 0 0 0 0 0 0 0 0 0 0 0 0.6976914669 0 0 0.6994836756 0.692114485 0.7015669607 0 0.5058823175 0.5152539977 0.516287107 0.6532436933 0.6435944715 0.637073871 0.6419305372 0 0 0 0 0 0 0 0 0 0 0 0.5137127533 0.7964893767 0.7525305242 0.7452454008 0.7496179032 0 0.6238291026 0 0.6211442242 0 0.6257377349 0 0 0.5463404381 0.5396953026 0.5299549069 0.5245489401 0 0 0 0.6144899395 0.8002902114 0 0 0.8692433736 0.8664071806 0.6051935651 0.6040180291
0.8551829728 0 0.8311211118 0.8213729549 0.8299500768 0.8101832822 0.812556629 0.5614717051 0 0 0 0 0.8772123142 0.8807342926 0.8775599333 0.8787934926 0.5524056045 0.5467708749 0.5388335467 0 0 0 0 0 0 0 0 0 0.6893771247 0.699119201 0.8009570823 0.79725624 0.8004819632 0.6975399593 0.6979335474 0.5079331561 0.5141187509 0.5129737192 0.5204588425 0.5232882163 0.6412306711 0 0.6426638353 0 0 0 0 0 0 0 0 0 0 0.7702116938 0.5755550219 0.7870590149 0.7929541203 0.7884493977 0 0.8605207724 0.7180936507 0.6244677857 0.8119362301 0 0.6136632322 0 0 0.7895310999 0.7825267512 0 0 0 0 0 0.7773661074 0.7815893604 0.781708148 0 0 0.8718150017 0.5133347564 0.6040641866
