landscape/hab_quality/256/simulation_000003_p057_h041_HABMAT_patch_more_500pix_modified.asc_ac_0.5_quality.asc
NCOLS 513
NROWS 513
XLLCORNER 0
YLLCORNER 0
CELLSIZE 9.980507
NODATA_VALUE NaN
[rows 248 to 278 of 513, columns 70 to 139 of 513]
0.8318202506 0.8261566506 0.7921694768 0.8110058897 0.6783925372 0.6814146191 0.5224775872 0.708591416 0.7013668447 0 0.8779157114 0.7282941192 0 0.7595572757 0 0.7533584403 0 0 0 0 0.8422476415 0.8809087595 0.6797028542 0.7761195368 0 0.7681305094 0 0.6667259878 0.580732759 0.5903162482 0.5022246588 0 0.8996787959 0.8459206334 0.901207379 0.5948209713 0.6151614668 0.7051125458 0.7106895385 0.6942648444 0.686783534 0.6928551266 0.9007809044 0.8914413147 0.7971440952 0.607530879 0.8638715134 0 0.6023447907 0 0.8524711301 0.8550910021 0.8530048193 0 0 0 0 0 0 0 0 0.5957106777 0.6697163347 0.8840250646 0.8771817887 0.6389678569 0.8882110511 0.8969052904 0.8993118401 0.5977605253
0.8174010674 0.8255112046 0.8020722495 0.8033062141 0.805934383 0.5191348322 0.515987997 0.5150264327 0.7004682129 0 0 0 0 0 0.6232499971 0.760781515 0.6471142692 0 0 0 0.6026890491 0.7681518643 0.8817071329 0.6799947016 0.5119808936 0.6558602549 0.7652748798 0.7703014584 0 0.6237195438 0.7331510755 0.90802807 0.903615935 0.8982491924 0.8993705972 0.7975233956 0.5697887569 0 0.7038929455 0.6857246741 0.6855292521 0 0 0 0 0 0 0 0.5715979806 0 0.8556862216 0.8469985768 0.8524667045 0.8504262154 0 0.7639790916 0 0 0 0 0.7228303029 0.7226147087 0.7153421937 0.8809456987 0.8804850357 0 0 0.8966013617 0 0
0.813842957 0.8075870791 0.7994016345 0.8029965223 0.8072301411 0.5135998654 0.5095687583 0.5112652976 0.702717254 0 0.9019950039 0.6903134295 0 0 0 0.5174945561 0.6406819561 0.6371806453 0 0 0.6009342143 0.6088687429 0.6063355008 0.6895261244 0.651918041 0.7676234967 0.7627967737 0.7683769235 0.7731970469 0.7776101832 0 0 0.9057321239 0.5568269284 0.8985758366 0.8169475668 0 0.5613177318 0.6975297813 0.69404097 0 0 0.723788071 0 0 0.5975764475 0.5984265777 0.7654581933 0.7692178185 0.6957279686 0.6983229784 0.8440065864 0.8434893039 0.8487693354 0.8502563015 0.768649494 0 0 0 0 0 0.7146141887 0.6061484685 0.56924834 0.561407915 0.5698947176 0.5758168543 0.9050628706 0 0
0.6379359881 0.7568361006 0.8032033006 0.7977345737 0.7987684512 0.8049874687 0.5195503213 0 0.5231260577 0.8928338667 0.6960437801 0.6905292546 0.7935091818 0 0.7140013607 0.6125933933 0 0 0.6345659371 0 0.7924241969 0.5992298377 0.8147267156 0 0 0 0.758453418 0.768325929 0.7822988219 0.7772181019 0.8457134544 0 0.5132622246 0.8296199227 0 0 0 0 0.7008546172 0.700194948 0 0 0 0.7273921453 0.844390005 0 0.7275096461 0.7623964687 0 0.769227131 0.6906522284 0.8496086987 0.8508325153 0.8515026102 0 0 0 0.6877927678 0 0 0.7418099626 0.505420528 0.6051859443 0 0.5700504822 0 0 0.5760697084 0 0.8982737936
0.6447708631 0.8095808534 0.8056885587 0.7975444018 0.7976974757 0 0 0.5912250903 0.5034490604 0.5802779802 0.6967483417 0.7829735839 0.7864713965 0.7765307309 0.6109860357 0.6054645928 0.6082170142 0.8367832223 0 0 0 0.8062222597 0.6072369312 0 0 0.7504767912 0 0 0.5919117264 0.6510724626 0.649355836 0.8267753373 0.8252679118 0.8239549381 0 0 0 0 0 0.5607047561 0 0 0 0 0.574562582 0 0.8036336149 0.7645797186 0 0 0.6819311957 0.691715505 0.8542339773 0 0 0 0.7814293857 0 0 0.7513931177 0.681265809 0.6812551123 0.7084484484 0.714993882 0 0.6784330383 0 0 0.89473757 0.8934164912
0.6439945892 0.8066500454 0.8023123499 0.8027670775 0.8027448713 0.5019559851 0 0 0 0.5028990496 0.7899944597 0.7833574617 0.7808099387 0.6422329978 0.5204089464 0.6067102574 0 0 0.7964516813 0 0.8777038377 0.5978173846 0.6131215405 0 0.7579842566 0.7535318665 0.7586015098 0.7676754312 0.7047163996 0.5504310276 0.6442301381 0.6868275148 0.8198075796 0.8565001945 0.8593259842 0.890092973 0 0 0.5652939749 0.5682792898 0 0 0 0.794187433 0 0 0.5865252075 0 0 0.6839718864 0 0 0 0 0 0 0.7742515686 0 0.7398181656 0 0.6854573403 0.6780889326 0.6819904474 0 0 0 0 0 0.9024208285 0.9005100745
0 0.8257931803 0.758837321 0.6161052931 0.8088690116 0.8035386224 0 0 0 0.5079135309 0.7853441208 0.7830899333 0.7883576787 0.7872144572 0.6462267178 0.6521546394 0.8282102247 0.5542722464 0 0.6239595716 0.6077287756 0.5978712247 0.5997429807 0 0 0.7612713027 0.7543049131 0.7231078839 0.7597848817 0.7779495514 0 0.8475398189 0 0.8527601293 0 0 0 0 0 0.5903298862 0.8811616555 0.5606891255 0 0.6705191976 0 0.8330361167 0.5674162049 0 0 0 0 0 0 0.7254437667 0.7213153986 0 0.657938617 0 0 0 0 0 0.5374987461 0.7375342113 0 0.8091172229 0.8012923067 0 0.9100093376 0.9100660244
0.5138510829 0.6663223655 0.6212329157 0 0.8642494907 0.8659695003 0.6597004311 0 0.5731152181 0.7789924399 0.82066476 0.799196054 0 0.792050811 0 0.8206116021 0 0.8456773439 0.8440407021 0.6286217985 0 0.6013276482 0.604217633 0.6011684444 0.6500859763 0 0.8548581222 0.8621949462 0.6381554982 0 0 0.8774642916 0.847112707 0.8558807124 0.625877269 0.816852968 0 0 0 0.7297791934 0.8855961937 0.8148638528 0 0 0 0.7394586317 0.7399098464 0.5675857684 0.5720103023 0 0 0 0 0.7260660806 0.7288922495 0 0 0.6523083973 0 0.8385394343 0.7011187675 0 0.532504432 0.536076605 0.738005922 0 0.7363514082 0.8194855882 0.8121457848 0.666214076
0 0.5317874607 0.66278992 0 0 0.6938565119 0.7242272384 0.5346636829 0.586325504 0.5131655457 0.8250302502 0.8203595152 0 0 0 0.582548626 0.8789407735 0.6322347507 0.8813376044 0.6295370331 0.6308642412 0.6339801374 0.8715375513 0.875267992 0.8829745115 0.8969606395 0 0 0.8627623258 0 0.7920151993 0.8477596271 0 0.8664397677 0.85851157 0.6358160278 0 0 0 0.5055329903 0.5023207124 0.642444048 0 0 0 0.7400913964 0.7332207535 0.7375971051 0 0.7071280911 0 0 0 0.6764676806 0 0 0.6515433263 0.6472266021 0 0.8161043882 0.6361447543 0.6956919268 0.6961124229 0.5377435152 0.7232507433 0.6608995783 0.6609973579 0.8221199377 0 0
0 0.6646782544 0.8627231891 0 0 0.774716389 0.7666996201 0.7718054664 0.5071213924 0.8653416089 0.8282976602 0.8289591983 0 0 0 0.58667259 0.6300972666 0.6332449097 0.6307830378 0.6377779277 0.6331793898 0.5911649516 0.8779843696 0.5063765209 0.5071535191 0.5097908153 0 0 0.8556988029 0 0.8688725579 0.8664647491 0 0.7788149338 0.8197505207 0.8691441151 0 0 0 0.8095833298 0.5008589514 0.8595720593 0 0 0 0.7374490108 0.7391873193 0.7304761143 0 0.7394348781 0 0 0 0.6537020985 0 0 0.6504106239 0.6472834765 0 0.7447790599 0.8107192795 0.7037042305 0.6959008921 0.7199434279 0.7276374168 0.7362141483 0.5588877984 0.6151009151 0 0
0 0.8950347664 0.6193248828 0.8940552076 0.6562913981 0.7718585023 0.7653565245 0.7660746239 0.8631645868 0.8717561931 0.8666704775 0.8377360027 0 0 0 0.6239431934 0.6265971218 0.6241824097 0.6312982886 0.6436216454 0.6487915264 0.7624240286 0.7428731629 0.5024501392 0.5002517401 0.5087247745 0 0.8641556088 0.8636431294 0.8618774803 0.8642910069 0.6945358372 0 0.5263745025 0.5104798754 0.7118330443 0 0.6142718194 0 0 0 0 0 0.7495736882 0.7406008018 0.7470091861 0.7372869432 0.7394935807 0.739187769 0.7514529551 0 0 0 0.6462360528 0 0 0.6838032111 0.6880178558 0.6891799197 0 0 0 0.7790591373 0.7025461688 0.6770138251 0.5623429839 0.5606711634 0 0 0.858768905
0 0 0.8852559394 0.8787298852 0.6514809222 0.7697597626 0.6680742049 0.7661285832 0.8525340169 0.5477873969 0 0 0 0 0.6226783243 0.6265641148 0.6199796704 0.6222412069 0.6248643291 0.8776172789 0.691398757 0.5510690778 0.5587137967 0 0 0.5087094914 0.8681158589 0 0.8657274391 0.8642213081 0.8619577403 0.8679045486 0.8208285594 0 0 0 0 0 0.6116505313 0 0 0 0.5126520221 0 0.7439520416 0.7397677085 0.7390559325 0.7454284555 0.7478942087 0 0 0.6827727522 0.8306997987 0.826536117 0.694289259 0.6876473487 0.6814369124 0.682591195 0 0.7264596779 0 0.8227739366 0.507399692 0.8772461787 0.7771132444 0.8444658294 0 0 0.5858944149 0.627989118
0 0 0.8909464433 0.8851443838 0.5967302264 0.5659940564 0.5578904419 0.7684795057 0.8229431854 0.8251651685 0 0.8701098896 0.8669897921 0.8642638159 0.528601697 0.6259224969 0.626280864 0.6253722147 0.6307998974 0.6325521824 0 0.5590759925 0.5594225086 0 0.7055043983 0.6964543363 0 0.5144613954 0.5084254289 0.5167630884 0.6768381509 0.8117855843 0.702740521 0 0 0 0 0.8956609117 0.8913505811 0.8980781607 0.5237285521 0.9007710722 0.8639611389 0.7500858974 0.7497227913 0.7486490183 0.7483428658 0 0 0 0.7520031208 0 0.8008490196 0.8260455658 0.6950184289 0.6878728262 0.6814897321 0.7303656488 0 0 0 0.5090473177 0.7652079724 0.8760019964 0 0 0 0 0 0.7754875107
0 0 0.886131935 0.893221598 0 0 0.7732502491 0.7758560485 0.5454893407 0.7383052289 0 0 0.8630304343 0.863430109 0 0 0.7908655876 0.628904653 0 0 0 0.8752931548 0 0.8013603694 0 0 0.5132790898 0.5052460592 0.5135920539 0.5677412224 0.570183795 0.8282595392 0.789869558 0.6540371348 0.7737502915 0.7703540623 0.5089677768 0 0.8906643997 0.8912000027 0.8949510051 0.8936809514 0.8557619917 0.86053499 0.8566274611 0.753833265 0 0 0 0 0 0 0.8294304801 0.8735256301 0.8681292468 0.6905213703 0.6030693504 0.7388653399 0 0.5984694526 0 0.7595946675 0.8592979917 0.860756474 0 0 0 0 0.8430404537 0.8390966551
0 0 0 0.8933968328 0.5905031466 0 0 0 0.885261451 0.6054312227 0.8540872119 0.8569298305 0.5146859474 0.8599705913 0.8635241601 0.6899079013 0.6353421124 0.6788947696 0 0.6971802672 0.8747852711 0.8720324824 0.7736782789 0.8078401986 0.8012339911 0.8056410354 0.5103170671 0.880108963 0.5138554973 0.5642810762 0.7598755021 0.5923714696 0.5885154898 0.5025386403 0.7666589859 0.7655089986 0.7713407036 0.9003362665 0.8908261852 0.8926100589 0.8914978364 0.8985823816 0.5702262855 0.851717583 0 0 0 0 0 0 0.8886317097 0 0.8479281039 0.8729372823 0.8754722167 0.8391060305 0 0 0 0.6585916221 0.7631942796 0.5222734617 0.7627498491 0.858024462 0 0 0 0 0 0
0 0 0 0 0 0 0 0 0 0.8057478845 0 0.8477663872 0.8525501582 0 0 0.6725653332 0.6750920479 0.8841128289 0.5634921167 0.6951839363 0.872166661 0.8792455328 0.5796361795 0.8041313209 0.8084491954 0.6811575764 0.87879466 0.5630384997 0.5560346969 0.7181420735 0.5664590729 0.6352886075 0.7981556019 0 0 0.7640347042 0.7582920014 0.7643312776 0 0.8955055504 0.8938313769 0 0 0.8613534457 0.8521349788 0.7934430249 0 0 0 0 0 0.7294805498 0.5794040028 0.7291477435 0.5287315562 0 0 0 0.5073302189 0 0.6646303696 0.5595314739 0.864844301 0.8558331135 0.8530634333 0 0 0 0 0
0 0 0 0 0 0.5745488075 0.5667493826 0 0.55373631 0.5515626375 0 0 0.8434849152 0.8487313147 0.8288950563 0.6704856792 0.6748610204 0.8795511385 0.8880670239 0.6893370748 0.6871177208 0.6785144274 0.5920853092 0.8693786333 0.6477798084 0.5003288706 0.8236636502 0.7807678911 0.5668365512 0.5620475149 0.7189064506 0.8648699524 0.588424588 0.5954479207 0.5792222265 0.7548554749 0.7557774967 0 0 0 0 0 0 0 0 0 0 0 0 0 0 0.7220092415 0.720921969 0.7216902373 0 0.5190802507 0 0 0 0.7328814822 0.7425897733 0.8122517389 0.8115302219 0 0.861350424 0 0.770840069 0 0 0
0 0 0 0.7542958876 0.5766067599 0.5758109069 0 0.550062531 0.5539464809 0.5604988713 0 0.846320749 0 0.8508419773 0 0.6725770239 0.8793982449 0.8838943859 0.88100925 0.6740769136 0.6785099134 0.6724846677 0 0.8069830237 0.5652035586 0.5754961162 0.5667901329 0.5651463856 0.5612065619 0.5632094203 0.8154543282 0.5840092718 0.5914590234 0.5784424446 0 0 0.7640624173 0 0 0 0 0 0 0 0.6055459593 0.5131577606 0 0 0 0 0.7222070751 0 0 0 0.5209587271 0 0 0 0.7926504474 0 0 0 0.8038255578 0.8044283293 0.7821136062 0.7782979545 0.8620134959 0 0 0
0 0 0 0 0.5251722209 0 0 0.5504462637 0 0.6954425196 0 0 0 0.8500483853 0 0.8454079528 0.882738505 0.8834568817 0.6398907448 0.6714013465 0.6701702331 0.6768347951 0.647690593 0.6992927306 0.8450633391 0.8470570741 0.8467016068 0.5616801315 0.5580940788 0.5596788305 0.574442829 0.5768060265 0.5750877767 0.5786436449 0.5840630342 0 0 0 0 0.6395072905 0.6942424336 0.5438180149 0.5995112041 0.5916704457 0.5166472041 0.75966183 0 0 0 0.6727015765 0 0 0 0 0 0 0.6157622689 0 0 0.5750690504 0.8000883792 0.7991644254 0.8004981413 0.8077225869 0 0 0.8686930887 0 0 0
0 0 0 0 0 0.8124501593 0.8119587722 0 0 0 0.6948859096 0.6992857446 0 0.8346791173 0.8422556898 0.8327643446 0.8450206447 0.8019142166 0.5721369898 0.6415134131 0.6427587213 0.6445741858 0.6539089727 0.8477234825 0.8132946302 0.8528821502 0.5712048733 0.564136302 0.5613326454 0.5645133508 0.5337157073 0.5776591642 0.5811415482 0.5827055367 0.5558955564 0 0 0 0.6369227375 0 0 0.7170290087 0.8674336647 0.8945462025 0.6932518818 0 0 0.6730668953 0.6702017608 0 0 0 0 0 0 0 0.5145378572 0.6485901357 0.6498463511 0 0.7992696524 0 0 0.6926237932 0 0.8079133935 0 0 0 0
0 0 0 0 0 0 0 0 0 0 0 0 0 0.8397168177 0 0 0.7975664839 0.8039298672 0.8124672605 0.5708143548 0.6371733023 0.642406908 0.5937906635 0.7371739641 0.8545851973 0.6160449384 0.7549165121 0.5629941905 0.5615909428 0.5670418136 0.5726319247 0 0 0 0 0 0 0 0.6429999933 0 0.8543427592 0.5186979025 0.6182072489 0.8888927396 0.6890008533 0 0 0.6719475366 0.5579597853 0 0 0 0 0 0 0 0.6809796288 0.6558530342 0.8167836815 0.8632638759 0.79219313 0 0.6082669649 0.5974924098 0 0.7986968791 0 0 0 0
0 0 0 0 0 0 0 0 0 0 0 0 0.5923907749 0.8355519556 0.8379303157 0.8422703468 0.8446411805 0.8019364253 0.8863147284 0.6390763278 0.6425935025 0.5409824793 0.7294906707 0.7861327431 0.7856644986 0.7882488981 0.5709550614 0.5676705007 0.571096628 0.5668688523 0.5743991727 0.7024805307 0 0 0 0.6687902143 0 0 0 0 0.8217376158 0.8507297478 0.8844249985 0.6965877968 0.8630338983 0.8563217471 0.8535470454 0.8562816432 0.8672567779 0 0 0 0 0 0 0.6711815797 0.5376587073 0.6833188372 0.8661592636 0.8635492929 0.866213516 0 0.8904968505 0 0 0 0.7460909581 0 0 0
0 0 0 0 0 0 0 0 0 0 0 0 0 0 0.8433294328 0.8538929144 0.7735177888 0.8516356657 0.7111294805 0.6477130258 0.6525186341 0.6505962983 0.8845966019 0.6873727795 0.7811711412 0.7840113567 0.8011128556 0.5726886109 0.5710662941 0.5682135385 0.5720446899 0.7041920131 0.7042897292 0 0.5641319009 0 0 0 0 0.8126479344 0.8134387005 0.8068719805 0.8038023653 0.7973514414 0.8574430261 0.8558683289 0.8482247592 0.850798444 0.8627470658 0.8720246506 0.7334990043 0.7422790948 0.7006383498 0 0.6784491623 0.6758601835 0.6754311923 0.6851962695 0.6279643353 0 0 0 0 0 0 0 0 0 0 0
0 0 0 0 0 0 0 0 0 0 0.6994582073 0.7018400919 0.7823637454 0 0 0.7707449172 0.7766092221 0.5579679638 0.5595713233 0.8142571342 0.7648425236 0.8788260403 0.8781426059 0.78347355 0.7832183357 0.778247593 0.7978979632 0.7949622063 0.6271842436 0.5743117121 0.6382116256 0.5940827969 0.8759401384 0.7201991803 0.5974613098 0 0.5621048285 0 0 0.8828370892 0.8105480581 0.8065982553 0.7969614001 0.8028229069 0 0 0.8487435252 0.8575177699 0.8619669094 0.6869771714 0.685093154 0.693193883 0 0.8707995713 0.8674501664 0.6783196444 0.6784639269 0 0 0.506519318 0 0 0 0 0 0 0 0 0 0
0 0 0 0 0 0 0 0 0 0.7052447887 0 0 0 0.7770844623 0.7731764134 0 0.5484153571 0.5537037855 0.6478752112 0.6446239412 0.6411111769 0.8855016796 0.581287229 0.858698864 0.7804114118 0.7897946343 0.7875729196 0.7882208292 0.7950773375 0.6290649644 0.8913317463 0.8713466088 0.777126545 0.7657752569 0.7298574653 0.7912921945 0.839944533 0 0 0.8706108839 0.8090212239 0.8024659351 0.7286107708 0.8067079836 0.8601863607 0.8585468375 0.8932898431 0.8535736347 0.8603541682 0.6924870064 0.6844304011 0.8745053933 0.5362971036 0.8705935785 0.8622892477 0.8953893274 0.6984584932 0.7539710836 0.7145013958 0 0 0 0 0 0 0 0 0 0 0
0 0 0 0 0 0 0 0 0 0 0 0.649529297 0.7795202799 0.8594794744 0.7788510492 0 0 0.5507435482 0.6458207448 0.6380824666 0.6301105926 0.6349237548 0.6315278584 0.6267118876 0.7345397437 0.7942165901 0.7868924942 0.7960428296 0.5750557514 0.6313762395 0.577331723 0.7696272767 0.7647054061 0.530824192 0.5320886735 0.8328877455 0.8335806974 0.8323084413 0 0.8943439503 0 0.8082450763 0 0.8337187639 0.8346944914 0 0 0.854020289 0 0.6852381037 0.6868278584 0.6915295553 0 0.8623725206 0.6028154233 0.6899633014 0.6906637115 0.7505630595 0.5287236758 0.7253829505 0.551553473 0 0 0 0 0 0 0 0 0
0 0 0 0 0.6168276348 0.6175272971 0 0 0.6366971455 0.6403525327 0.6472692512 0.6512537829 0 0.7512355091 0.907830361 0 0.5402385812 0.5353737363 0.6466193881 0.6321635487 0.6296293705 0.6253423165 0 0 0.7943882546 0.792006149 0.7916381202 0.7907643198 0.7982161205 0.8350240066 0.582437384 0.5296706059 0.5290642566 0.5293703982 0.6479320701 0.8188183824 0.8257841181 0.8336871438 0.7760059137 0.8312230938 0 0.8180689667 0.8130577291 0.8388407258 0.8325073826 0.833689392 0.5173623896 0 0.5262419297 0.6220480907 0.6950662595 0.6900792983 0.6945172912 0 0.6933670452 0.6972061357 0.7025395103 0.6732898364 0.7686867502 0.549340035 0 0 0 0 0 0 0 0 0 0
0 0 0 0 0 0 0.6266886527 0 0 0.6379048236 0.6455721571 0.6512299872 0 0.9035480774 0 0.914628923 0.9067387063 0.6522717578 0.8848506462 0.8796051349 0.5830523705 0.6231671223 0 0.6330524799 0 0.7984939014 0.6760849094 0.6728783698 0.6800817847 0.8574201802 0.8410771523 0.5426871298 0.7230301352 0.6441333717 0.6535977837 0.8173689776 0.8252888661 0.7456129201 0.82329262 0.8263512372 0.6956150882 0.6873384388 0.6930601523 0.6894245383 0.5715412159 0.8359089676 0.5168801766 0 0 0.5541235091 0.6924778646 0.6884380383 0.7355299751 0.695802164 0.8157723692 0.7169533128 0.6699992758 0.8038115551 0.8244670226 0.5711231482 0.6656813297 0.8074474382 0 0 0 0 0 0 0 0
0 0 0 0 0 0 0.5957731112 0 0.628023162 0.6425060337 0.6498956709 0 0 0 0 0.9048351458 0.6880860958 0.8691437489 0.8752045547 0.8768864591 0.6318340381 0 0.6304515759 0 0.8490857728 0.8447674392 0.6738036858 0.6681544853 0.6685922499 0.6598551176 0.5347737718 0.5831478135 0 0.6536855873 0.6499063369 0.8231404539 0.8231155586 0.5550924594 0 0 0.6926748834 0.6858934089 0.6866307172 0.8060611775 0.8697543271 0 0 0 0 0 0.6919034126 0.6920622987 0.6863764505 0.6593030774 0 0.7687188218 0.8015577471 0.5903094922 0.505383894 0 0 0.8151635995 0 0 0 0 0 0 0 0
0 0 0 0.5635717457 0.6130535848 0 0.6046848219 0.6329371696 0 0.81561103 0.8184593638 0 0.8900443563 0 0 0 0.8698210336 0.8657642317 0 0.8830072825 0.8842071037 0.8022656557 0 0.8447977712 0 0.7698466593 0.668919638 0.6662652749 0 0.6772828118 0.6731170666 0.678687749 0 0 0 0.6955414049 0 0 0 0.6949141661 0.6938190174 0.6829799 0.6798515382 0.6747776245 0.6717598644 0 0 0 0 0.5960871727 0.7870789533 0.7334875391 0.7330465135 0 0 0.8083323088 0 0 0.502426709 0.5931132914 0 0 0 0 0 0 0 0 0 0
0 0 0 0.7642727635 0.7687745081 0 0 0.8845075677 0.8852759045 0.8110147431 0.8106297137 0.8181084659 0.8882800646 0 0 0 0.8757177289 0.867880549 0.8735830035 0.8741350161 0.8039718237 0.808021937 0.8847441659 0.8147519861 0.768607955 0.7665775657 0 0.6695852699 0.6621652435 0.6669491942 0.6741023629 0.6811732658 0.6887025106 0.6953996848 0 0 0 0 0 0.6932780194 0.6987895241 0.7041719752 0.6785141009 0.670458313 0.6762172223 0 0 0.8924794146 0.893044512 0.8891798544 0 0.7348902624 0.7277905407 0.7313201647 0 0 0 0 0 0 0 0.6445082054 0.5472239688 0 0 0 0 0 0 0
