landscape/hab_quality/256/simulation_000080_p041_h079_HABMAT_patch_more_500pix_modified.asc_ac_0.5_quality.asc
NCOLS 513
NROWS 513
XLLCORNER 0
YLLCORNER 0
CELLSIZE 9.980507
NODATA_VALUE NaN
[rows 403 to 433 of 513, columns 70 to 139 of 513]
0 0 0 0 0 0 0 0 0 0 0 0 0 0 0 0 0 0 0 0 0.8941130703 0.5615706665 0 0 0 0 0 0 0 0.8269813403 0.5729560066 0.5647496689 0.5540718297 0.5575865974 0.5518240547 0.6449188218 0.79200417 0.6278095375 0.8224288625 0.817100422 0 0 0.6146423154 0.6096038156 0.6726140756 0.874046614 0 0.7977646809 0.5235693057 0.8147317904 0.8177861995 0.8920096485 0 0.8850248305 0.8666263162 0.8692278062 0.8961923732 0 0 0.7530582864 0.7542739763 0.8327363227 0.8328246545 0.8349547282 0 0 0.6022404468 0.600244603 0.7892459058 0.792339112
0 0 0 0 0 0 0 0 0 0 0 0 0 0 0 0 0 0 0 0.5275178657 0.7767976769 0.7048165527 0.8988917958 0.7316527204 0.6933664057 0 0.5160836294 0.6368921803 0.5966272645 0.5740798682 0.5657658329 0.5613270171 0.5607912869 0.5517195711 0.5582174979 0.6460538384 0.6303473355 0.6341674758 0.8188419436 0.8132907059 0.819344751 0.7867456097 0.8583976505 0.7759327014 0.6109499303 0 0 0 0.738596748 0.6293617494 0.5611121181 0.8750812887 0.8852155458 0.6264924361 0.8856818583 0 0 0.6547323012 0.6495170055 0.6572375004 0.6607361005 0.726748158 0.7311301069 0 0 0 0.579866954 0 0 0
0.8619543302 0 0 0 0 0 0 0 0 0 0 0 0 0 0 0 0 0 0 0.5286458732 0.5198120489 0.6257410177 0 0.6886914485 0.7837774432 0.6881707561 0.6675005794 0.660271374 0.5153932948 0.5163427319 0.5156265346 0.569893277 0.5527539968 0.5521487222 0.7235591716 0.8384066537 0.8333449923 0.8413477196 0.8227086168 0.8159364316 0.8192265477 0.7863534335 0.7796486529 0.7864726979 0.7857211373 0.6463721848 0 0 0.7312577482 0.565222014 0.5606419401 0.5600477814 0.5623825444 0.8876919731 0 0 0 0 0.6565823885 0.6587274514 0.6632814579 0.7238325835 0 0 0 0 0.6549297421 0 0 0
0 0 0 0 0 0 0 0 0 0 0 0 0 0 0 0 0 0 0.7826221264 0.5626530307 0.662326332 0.6762718259 0.6776053303 0.6968719045 0.6884804321 0.791945244 0.6619047404 0.6590598776 0.514148666 0.5090453659 0.5182086105 0.5582993169 0.7215568342 0.8147057373 0.7240786263 0.7600774464 0.8323633683 0.8363656391 0.7121879984 0.7046468855 0.7271142905 0.7800548221 0.7840289206 0.7792392884 0.7805153698 0 0.6671336733 0.6477367991 0.7315504713 0.5679606062 0.5591090835 0.5569667542 0 0 0 0 0 0 0 0 0.6635823512 0.5710618676 0 0 0 0 0 0 0 0
0.8504050831 0 0 0 0 0 0 0 0 0 0 0 0.6770065489 0.7096770402 0.5481800376 0 0 0 0.696420061 0.5321057021 0.6792302709 0.6838837774 0.7938610307 0.7599650422 0.6926649542 0.6922006471 0.6650916637 0.5251616282 0.5178443855 0.513390462 0.5174645428 0.7228675531 0.7280874904 0.7245179461 0.831481947 0.8371952958 0.8342162584 0.7132006625 0.7124645689 0.7135491698 0.7877128375 0.7799529204 0.7768874969 0.7825164898 0.7886591937 0.7968305952 0.8818820388 0 0 0 0 0 0 0 0 0 0 0 0 0 0 0 0 0 0 0 0 0 0 0
0 0 0 0 0 0 0 0 0 0 0 0 0 0.5465734156 0.856816886 0.8549414158 0 0.8274541614 0 0.7901663572 0.6382522813 0.8429639209 0.5251135155 0.6787274684 0.7036604629 0.6330492485 0.6374622715 0.6283843211 0.796391948 0.5248185952 0.5257061229 0.7310710809 0.7363868146 0.6218140207 0.6224486256 0.6233812476 0.5255973284 0.5260848503 0.5609886259 0.7893885124 0.7851560894 0.7770355979 0.7812523087 0 0.5351649771 0.6220442502 0.536822828 0.8773358803 0.8843185902 0 0 0 0 0 0 0 0 0 0 0 0 0 0 0 0 0 0 0 0 0
0.8127696494 0 0 0 0 0 0 0 0 0 0 0.6251266916 0 0.5365784026 0.7155178633 0.8943551714 0.8741963361 0.7382706691 0 0.8823364452 0.5252300689 0.5153487972 0.5161568627 0.535099602 0.5276160869 0.6346004992 0.6276088707 0.6298051003 0.7980605173 0.8020222449 0.6150982304 0.5340073075 0.6304360532 0.629839589 0.5628410011 0.5241214699 0.5165594847 0.5197971974 0.7421920392 0.6594948242 0.6673636328 0.8970482497 0.6491919247 0.6207456775 0.613288906 0.5937759524 0.878364548 0 0 0 0 0 0 0 0 0 0 0 0 0 0 0 0 0 0 0 0 0 0 0
0 0 0 0 0 0 0 0 0 0 0 0.6204524997 0.6203623462 0.5752236374 0.7579679802 0.5724920931 0.5247038696 0.5567062282 0.8006302209 0.89131236 0.7619979199 0.762677555 0.7583375236 0.7624363731 0.7576369695 0.6312868283 0.6338029078 0.6330921313 0.8956647116 0.6818867283 0.8121996551 0.583510281 0.6707896435 0.6298972484 0.5226842623 0.5185393936 0.5148544878 0.7533943047 0.8204654864 0.7369325684 0.7462776278 0.6779902525 0.8083124917 0.6144016324 0.537563195 0.8054947354 0.5410218391 0.5388525693 0 0 0 0 0 0 0 0 0 0 0 0 0 0 0 0 0 0 0 0 0 0
0 0 0 0 0 0 0 0 0 0 0 0.6226408721 0.5793142765 0.5788037151 0.5710392032 0.5784340249 0.7884196245 0.7936962328 0.7499022519 0.7480600487 0.7697255609 0.7605759283 0.7536790635 0.7546225061 0.7509036119 0.7574663223 0.7910937824 0.8978832559 0.8953790147 0.7413883086 0.8669057762 0.5268660922 0.6304499487 0.8002701107 0.6475432812 0.5176025537 0.5180995763 0.5173249324 0.7445400973 0.7468339124 0.7387199837 0.5680203028 0.7277871866 0.721562772 0.5415877828 0.5360803168 0.5366993099 0 0 0 0 0 0 0 0 0 0 0 0 0 0 0 0 0 0 0 0 0 0 0
0 0.8916667167 0 0 0 0 0 0 0 0.554266413 0 0.5793939396 0.8265693126 0.5712560508 0.5770686912 0 0.8603414331 0.6820105251 0.5402428754 0.8091521261 0.7607915935 0.7520954001 0.7514585221 0.7473155036 0.7560402416 0.7563318605 0.8951116544 0.8903064874 0.8930939033 0.7889856911 0.677139984 0.5766868671 0.5647545192 0.862654104 0.6688860386 0.7400793697 0.8818094063 0.7790791687 0.7739562044 0.7697194937 0.7439017857 0.7473459581 0.875878679 0.7193705287 0.5431321642 0.5454911627 0.5445214535 0 0 0 0 0 0 0 0 0 0 0 0 0 0 0 0 0 0 0 0 0 0 0
0.5389792132 0.7135325055 0 0 0 0 0 0 0.7402908959 0.748021234 0.7252205299 0.720055496 0 0.5775291707 0.5775873803 0.5921200019 0.591308812 0.7362840857 0.7310583054 0.7871105449 0.7854530024 0.757895458 0.7555686434 0.7493531636 0.7540189639 0.9018638225 0.8964621284 0.9001580329 0.8903532305 0.8914022538 0.8402677342 0.7518049537 0.7536458794 0.755151837 0.5220123492 0.5815036147 0 0.7739047163 0.5911173026 0.5122997653 0 0 0 0 0.7799299975 0 0 0 0 0 0 0 0 0 0 0 0 0 0 0 0 0 0 0 0 0 0 0 0 0
0.5385292078 0 0 0 0 0 0 0 0.7353122566 0.5332891845 0.7256718099 0.7200632684 0.6749256416 0.6714565505 0.588618988 0.6667118301 0.5939324976 0.6460026624 0.7385562195 0.7824131907 0.7822473433 0.8273911394 0.5383616737 0.5546700551 0.5224545775 0.5693104656 0.5742485031 0.6528352635 0.876752142 0.7434023801 0.7396198995 0.8363080562 0.7499897069 0.7501821266 0.745053373 0.7365791303 0.5960238867 0 0.7998668409 0.7777715664 0.7717113057 0 0 0 0 0 0 0 0 0 0 0 0 0 0 0 0 0 0 0 0 0 0 0 0 0 0 0 0 0
0.5425667872 0 0 0 0 0 0 0 0 0.7293997037 0.7246536292 0.7281468587 0 0.6670354183 0.6646811824 0.6664525864 0.6737985703 0.6698799954 0.6779930011 0.7877893971 0.786482935 0.7915311114 0.8893173165 0.5573324523 0.5725443768 0.5762963165 0.5700904108 0.5213247161 0.7443433074 0.7348397373 0.7384767317 0.7448049883 0.7536874264 0.5330990633 0.5150496126 0 0 0 0 0 0 0 0 0 0 0 0 0 0 0 0 0 0 0 0 0 0 0 0 0 0 0 0 0 0 0 0 0 0 0
0.9060805264 0 0 0 0.9095678 0.6984535519 0.690798374 0.6937951175 0.5112069643 0.8633994823 0.6890935893 0.7247322397 0.6683862028 0.6637049375 0.6734187026 0.6657031658 0.666798838 0.6764576061 0.6790746167 0.8050120865 0.725733307 0.7202693068 0.720484974 0.7207411759 0.7173993661 0.7042308903 0.6620313601 0.7527657589 0.7377964892 0.741512752 0.7432768534 0.7459825351 0.7506622195 0 0 0 0 0 0 0 0 0 0 0 0 0 0 0 0 0 0 0 0 0 0 0 0 0 0 0 0 0 0 0 0 0 0 0 0 0
0.9126003677 0.9039180617 0.9045294583 0.8999512077 0.9089103058 0.6928953734 0.796030201 0.7944527495 0.79694819 0.6667626152 0.6004978624 0.5931308353 0.6676390083 0.668300871 0.6654780278 0.6798423389 0.5028496708 0.7059296574 0.6837415464 0.7259679351 0.7213613334 0.7191028287 0.7137340369 0.6389583517 0.5879819718 0.7526883107 0.7454276778 0.7487128803 0.759239063 0.7481813844 0.750589442 0.7492597615 0.7499763657 0.7758754673 0 0 0 0 0 0 0 0 0 0 0 0 0 0 0 0 0 0 0 0 0 0 0 0 0 0 0 0 0 0 0 0 0 0 0 0
0.9127398591 0.9002312492 0.8975972718 0.8979453039 0.701740689 0.7073612046 0.5697503438 0.7903095291 0.7917625432 0.7881202287 0.7890023015 0.7850308363 0.7108022907 0.6303817223 0.8593219168 0.8499173636 0.8553418751 0.7452025895 0.6904836045 0.6921882956 0.7263811568 0.7165642269 0.7168265897 0.7158228931 0.8755499433 0.5971098732 0.7522331636 0.7541942276 0.7545136905 0.7519505982 0.6374202496 0.7549954391 0.7512081397 0.6332235765 0 0 0 0 0 0 0 0 0 0 0 0 0 0 0 0 0 0 0 0 0 0 0 0 0 0 0 0 0 0 0 0 0 0 0 0
0.9073717083 0.906539232 0.9075479462 0.89877339 0.7044180469 0.7006248071 0.7044567726 0.7872410345 0.785593905 0.7906838465 0.7828792968 0.70956209 0.7893673382 0.7186964498 0.8515141296 0.8505753423 0.8585665293 0.5229170197 0.5272569596 0.5248362566 0.7327110399 0.7234472231 0.7235162781 0.6891928486 0.6869087754 0.6901161968 0.6990601663 0.7561929233 0.6592753673 0.8922651324 0.6910299336 0.7770900273 0.5113591245 0.8065595103 0.7102285366 0.7081091689 0 0 0 0 0 0 0 0 0 0 0 0 0 0 0 0 0 0 0 0 0 0 0 0 0 0 0 0 0 0 0 0 0 0
0.9138193004 0.9120412147 0.7070306466 0.7113134539 0.70139004 0.7082994195 0.7012411432 0.7968515763 0.7517531721 0.7823477226 0.7888758353 0.7821769939 0.7876971169 0.6351732422 0.8567588654 0.8506547777 0.8577476903 0.5319530899 0.6506137069 0.5352479553 0.730060818 0.5151097872 0.7268948299 0.6849650916 0.6827568208 0.6923415827 0.748706865 0.7041552848 0.706165006 0.6866014603 0.6856252308 0.8449742796 0.5062682189 0.5279272372 0.7090827488 0.7085715485 0 0 0 0 0 0 0 0 0 0 0 0 0 0 0 0 0 0 0 0 0 0 0 0 0 0 0 0 0 0 0 0 0 0
0.9148088365 0.9214702868 0.9176177499 0.7139513339 0.712547522 0.7128700947 0.713886442 0.7938013801 0.7910087721 0.7827233685 0.7790679175 0.7827244033 0.7852430734 0.6404269736 0.6870124418 0.5129345567 0.5101909216 0.7693944624 0.678690073 0.5349138228 0.5380422266 0.6711362436 0.6783926427 0.6841880035 0.6878017028 0.6890267449 0.6946841207 0.6963909519 0.8033037884 0.6328487168 0.6918083744 0.7809700361 0.5828370953 0.8716312852 0.594809607 0.6989809656 0 0 0 0.8807396841 0.850658402 0 0 0 0 0 0 0 0 0 0 0 0 0 0 0 0 0 0 0 0 0 0 0 0 0 0 0 0 0
0.7449511299 0.7679995395 0.8475568857 0.7191527611 0.8796534759 0.8083274103 0.8019154363 0.7987152074 0.791253151 0.7803051213 0.7825552243 0.7882864747 0.884523964 0.8651943208 0.5112544423 0.5130841329 0.5090843712 0.6298910678 0.6379382156 0.7778542831 0.5403778107 0.8658327514 0.6188972062 0.5084757658 0.5102746447 0.7456562867 0.702937813 0.6952767114 0.7063608981 0.8595633446 0.7244688417 0.6681397708 0.6639279373 0 0 0 0.5177844533 0.6659015657 0 0.8458966875 0.8414335865 0 0 0 0 0 0 0 0 0 0 0 0 0 0 0 0 0 0 0 0 0 0 0 0 0 0 0 0 0
0.8953798586 0.5404598559 0.8665982889 0.5114176451 0.7757897503 0.804009352 0.8087475489 0.6227070047 0 0.7872912817 0.7904483618 0.7884392399 0.7819982794 0.7007539094 0.7093679107 0.7053727739 0.534998477 0.6342655503 0.628556605 0.747151481 0 0.5482066138 0.5057386826 0.5017294139 0.5056818446 0.7076657791 0.7065051603 0.7089427064 0.711300498 0.7144076498 0.8032678643 0.6867129514 0.6608199696 0.657550022 0 0.5842607223 0.5821941487 0.5812010686 0 0.8462762599 0.5486346995 0.8460654136 0 0.5973022431 0.781313482 0 0 0 0 0 0 0 0 0 0 0 0 0 0 0 0 0 0 0 0 0 0 0 0 0
0.8287456101 0.8255360478 0.5031591715 0.8634855918 0.809934114 0.7296959852 0.5800642354 0.5766692164 0.7983819889 0.6939332149 0.7239543387 0.6614120621 0.7022845945 0.7044920112 0.7000051914 0.7028768028 0.5182640258 0.6327882931 0.6787312154 0.6764831616 0.5727883511 0.5625273403 0.5089139902 0.5102541599 0.5104137843 0.769443011 0.647775028 0.715341553 0.5302407989 0.6650493177 0.8914721739 0.6619367347 0.7937944464 0.562237992 0.6195197151 0 0.5734329862 0.5741089937 0.5836616597 0 0 0.6835284962 0 0.6841992404 0.5928167938 0 0 0 0 0 0 0 0 0 0 0 0 0 0 0 0 0 0 0 0 0 0 0 0 0
0.6835882046 0.833660808 0.5768531114 0.6664017471 0.5663308353 0.719897979 0.6722200403 0.7915638652 0.8967069657 0.6406486865 0.6674939557 0.5633126429 0.5390533574 0.7010834259 0.7081462683 0.5130757951 0.7647226656 0.7675526471 0.7636083622 0.6728996959 0.6869719385 0.5652764188 0.5622267566 0.5668244966 0.5628724972 0.644222599 0.6475065292 0.7899242332 0.7027495236 0.7851844417 0.6462356337 0.5393301485 0 0 0 0.5710170571 0.5696872495 0.5759227607 0.5768389389 0.7282858567 0.5559953737 0.681233059 0.6807488597 0.6881980375 0 0 0 0 0 0 0 0 0 0 0 0 0 0 0 0 0 0 0 0 0 0 0 0 0 0
0.681845654 0.5091894514 0.6802924301 0.571418336 0.7551758817 0.5621980908 0.717131665 0.7235269606 0.637567205 0.659393814 0.6716316643 0.6623079108 0.5901624064 0.71649371 0.5215941178 0.7676830327 0.7596091567 0.7653634336 0.682176938 0.6775230315 0.8664208523 0.8703957741 0.5607737835 0.5584700128 0.550695594 0.5550075884 0.6485756322 0.7361188402 0.6958978074 0.7009821357 0.6616259958 0.700873665 0.7089986357 0.5553041465 0.6359712834 0.5785522805 0.5725022796 0.5762133156 0.6648521566 0.6643817281 0.8351095416 0.686505419 0.6891256787 0.6861265338 0 0 0 0 0 0 0 0 0 0 0 0 0 0 0 0 0 0 0 0 0 0 0 0 0 0
0.685939841 0.6780109533 0.6793923209 0.6818741957 0.5760043057 0.707825956 0.7112681669 0.7139592937 0.7155418148 0.5269948652 0.8661889648 0.5233324054 0.8951073474 0.8932238502 0.7605188219 0.7597063523 0.76652929 0.7628092437 0.640945878 0.6353088298 0.8635268656 0.8621657391 0.5585241642 0.5513277304 0.5500670221 0.5507851082 0.7304280897 0.7278767871 0 0.693830303 0.6980477312 0.6969808451 0 0.706896159 0.713765928 0.8720298508 0.5209200036 0.657755138 0.6600588327 0.665424923 0.8397299317 0.6930169079 0.6913972688 0.6871471385 0 0 0 0 0.895732911 0 0 0 0 0 0 0 0 0 0 0 0 0 0 0 0 0 0 0 0 0
0.6872006301 0.6745087242 0.6770534574 0.722255452 0.7267847568 0.714911104 0.7062433218 0.7121933637 0.7194689464 0.7386943544 0.5176165357 0.8912420746 0.7631180705 0.8932033635 0.8994373496 0.7614422375 0.7740721366 0.6358323783 0.6907916896 0.5605668101 0.8689611584 0.8711531042 0.5481087608 0.5504851164 0.5451253854 0.5477674179 0.7328778587 0.7287267711 0.6973102949 0 0.694195754 0.6969847871 0.5879262854 0.7054822378 0 0.8709088553 0.8740460891 0.6574105321 0.6562223734 0.5258039862 0.6962102461 0 0 0.695400281 0.7049583812 0.520531104 0 0 0 0.8956365001 0.8910391919 0 0.8900117079 0 0 0 0 0 0 0 0 0 0 0 0 0 0 0 0 0
0.8862949468 0.6746104107 0.6722131305 0.7909035802 0.7190374994 0.7124246046 0.7132374041 0.7121937788 0.8556455604 0.8339788561 0.9008728638 0.8949825186 0.889393518 0.5230045777 0.6217629003 0.9051132727 0.6366876763 0.6417851755 0.8232278131 0.6811783393 0.6826648702 0.6827046421 0.5471876641 0.5412437722 0.5465130056 0.5533972767 0.5533741324 0.5583083525 0.5609449711 0.6956520075 0.6974200671 0.6968100476 0.6997272868 0.7086168653 0 0.8641901399 0 0.7935667669 0 0.5478818646 0.7359312409 0.66991791 0 0 0.5079480651 0 0 0 0 0 0.9004586623 0.7102636238 0 0 0 0 0 0 0 0 0 0 0 0 0 0 0 0 0.8061459187 0
0.6236366514 0.7485131787 0.6817322217 0.721351892 0.7233646066 0.723155798 0.7289462249 0.6198375163 0.8019804034 0.9048420834 0.9003962263 0.8918407017 0.6390647094 0.8871728767 0.8954799847 0.9033080858 0.5406191354 0.830371318 0.832970656 0.8259768969 0.6901553946 0.6342415235 0.5462951905 0.5457360872 0.5458793141 0.5519260551 0.561680535 0.5572352117 0.5039671153 0.5396462679 0.5323952988 0.5355505366 0.7005020936 0.7063510393 0.800145375 0.7508627117 0.7875756251 0.7850459088 0.5392442814 0.6701229021 0.6733403073 0.6687062481 0.6699783598 0.6949471757 0.6959735897 0 0 0 0 0 0 0.717584374 0.7079275847 0 0 0 0 0 0 0 0 0 0 0 0 0 0 0.8968600634 0.906034537 0.5987258488
0.5823709557 0.5828642232 0.8110571233 0.729760345 0.604041826 0.6009467004 0.6104170469 0.6176249382 0.6211558188 0.6071525359 0.906780571 0.8567905625 0.7819148982 0.5833577628 0.584438692 0.5867849564 0.7589975194 0.7611385036 0.8251187281 0.8301175341 0.633741354 0.6393575987 0.5510223373 0.5467552244 0.5463927446 0.5600802079 0.5539487179 0.5638200067 0.5667986673 0.5219905366 0.5326190087 0.5372621122 0.7056429514 0.7045401872 0 0.8408416926 0.7924538692 0.7910231655 0.7937429873 0.6615936978 0.6665521318 0.6657543032 0.6706618126 0.6945359364 0.6927879231 0.6996195833 0 0 0 0 0.7005350987 0 0 0 0 0 0 0 0 0 0 0 0 0 0.519009981 0 0.9008610672 0.8965071064 0.9002925458 0.9105984156
0.8353158113 0.5779007467 0.5061010109 0.5051693176 0.6029540596 0.6009061182 0.6036840655 0.5829284954 0.5861615024 0.5891736242 0.6240096031 0.8496528812 0.8489690478 0.8416441598 0.5798821087 0.8432116452 0.7279053569 0.7540390221 0.5557560009 0.680682881 0.5591718645 0.8946380009 0.5212041369 0.548875549 0.5526642907 0.555682453 0.5693722025 0.557561951 0.5691276729 0.5406695783 0.5319161568 0.5261273982 0.5345703298 0.5181141201 0.5144328646 0.7539741918 0.8213760097 0.7735042525 0.6771241998 0.6641219693 0.6594242404 0.6601948462 0.6636155883 0.6952092362 0.7364245957 0.6985272509 0.8909196105 0.6943061939 0.6952854907 0.6895521876 0.6957598818 0.5736769663 0.5784618226 0 0 0 0 0 0 0 0 0 0 0.7348830773 0.7805711021 0.7238799764 0.8262312149 0.9046739196 0.7808304367 0.8867112633
0.6329938604 0.8076401832 0.5041018952 0.5005170555 0.6071208916 0.6009912313 0.5822352072 0.5802151595 0.58043561 0.7599000447 0.520551826 0.851544437 0.8439469976 0.8392256113 0.8404994492 0.8466610797 0.7490757798 0.7497512154 0.5577285886 0.5554905136 0.562161466 0.5595242437 0.5517556988 0.5596542537 0.5599951258 0.5609558627 0.5584058375 0.6798939592 0 0.6724320002 0.6972836198 0.6806776157 0.6830677571 0.6836062631 0.7161388632 0.7401513075 0.7612436215 0.7734036703 0.7668142759 0.6684481311 0.6614811465 0.6618666006 0.67025912 0.6954470962 0.6952399069 0.7061165016 0.7739327661 0 0.6867777564 0.6942623496 0.6920223081 0.6991609821 0.6140786138 0 0 0 0 0 0 0 0 0 0 0 0.6656508257 0.6632429048 0.5835075749 0.5557245419 0.5523773942 0.7773165717
