landscape/hab_quality/256/simulation_000012_p058_h094_HABMAT_patch_more_500pix_modified.asc_ac_0.5_quality.asc
NCOLS 513
NROWS 513
XLLCORNER 0
YLLCORNER 0
CELLSIZE 9.980507
NODATA_VALUE NaN
[rows 377 to 405 of 513, columns 396 to 461 of 513]
0.5652972245 0.5657389763 0.5830742246 0.7792154608 0.7810012453 0.778746221 0.7917053573 0.7148536615 0.5246234342 0.8647983747 0.6649849153 0.6704493701 0.6717883796 0.5816941618 0.5810166228 0.5790775819 0.8450286166 0.8477604872 0.7652346095 0.6458066739 0.6441900191 0.6367010854 0 0 0.5115875753 0.5022189811 0.5039602631 0 0 0 0 0 0 0 0 0 0 0 0 0 0 0 0 0 0 0.8182741067 0.8123741684 0.7938525602 0.7928529378 0.7949380303 0.7984882001 0.6619092815 0.8003229186 0.6916113748 0.6902545722 0.6929038449 0.8035998827 0.8035621863 0.7998241767 0.8069288857 0.8053156082 0.804708739 0.7994915769 0.5431510195 0.6104379698 0.5861218158
0.5732127114 0.5731248351 0.7791469716 0.7733463528 0.772355699 0.7759713869 0.7851478307 0.6805924743 0.6353111211 0.6966430778 0.6967004074 0.6644602032 0.7840436212 0.5750606167 0.5734173382 0.84395754 0.843925438 0.7941680044 0.8763045464 0.6522291545 0.6441652625 0 0 0 0.5107485923 0.506541664 0.5111433365 0.5395245637 0 0 0 0 0 0 0 0 0 0 0 0 0 0 0 0 0.6313673429 0.8217951612 0.8192344174 0.7979165833 0.8017305987 0.8022111058 0.6687770339 0.6697663335 0.668191369 0.5137721659 0.7970572539 0.7983137934 0.7968891945 0.6773306859 0.7916372625 0.7909307251 0.7983660341 0.7907823502 0.7982564478 0.7973374117 0.5340696998 0.5837929557
0.7873663156 0.7826463628 0.7802362015 0.7722424431 0.777100378 0.7780384763 0.7910234376 0.794101868 0.6981443193 0.6969680205 0.6939196469 0.6920272571 0.7008825057 0.5780428271 0.8467617072 0.8403379702 0.8413283852 0.8450145296 0.8785459401 0 0.6500343961 0 0.7224953161 0 0.7161474398 0.7166275891 0.7176137163 0.7244022764 0 0 0 0 0 0 0 0 0 0 0 0 0 0 0 0.5922780645 0.6408186855 0.6984681717 0.6763771795 0.8202393319 0.5759833441 0.643514676 0.7319927964 0.6692163967 0.6756827053 0.7982779783 0.7917154177 0.7948386783 0.7744574946 0.7812223534 0.7741843516 0.7834328981 0.7905334019 0.792173793 0.7935082468 0.7798845845 0.7239411765 0.6826660311
0.7909557495 0.7854066034 0.7818414468 0.7731795716 0.7809116637 0.7823996644 0.7842351786 0.8352273119 0.8774278955 0.880040471 0.697418604 0.6968178824 0.6939353529 0.6242576397 0.5366227842 0.5424201307 0.5362448377 0.8434315514 0.5391995353 0.8764338409 0.8688717629 0.6561997428 0.7114476557 0.7159774364 0.7177699737 0.7150463748 0.7187286429 0 0 0 0 0 0 0 0 0 0 0 0 0 0 0 0 0 0.706100027 0.7025898003 0 0.7458243771 0.7410396486 0.7355605298 0.7330949339 0.6237341006 0.5914586128 0.7968331998 0.7961663498 0.7876183668 0.7823909357 0.7736640917 0.7757773254 0.7822872686 0.7907875232 0.7935089373 0.8044848361 0.7911265232 0.8635961413 0.8343067454
0.7930670913 0.7884469926 0.7823633976 0.7899440032 0.7770344593 0.7837446309 0.7828184397 0.6747347257 0.8746669893 0.8758330866 0.7338370573 0.8679658716 0.8266851138 0.5409967296 0.5392395008 0.5345465699 0.5358510913 0.5316147707 0.5333607357 0.5649819117 0.8949237787 0.7105225575 0.7043549708 0.7071881586 0.7106494621 0.7137123123 0 0 0 0 0 0 0 0 0 0 0 0 0 0 0 0 0 0 0 0 0 0.760904388 0.7528913776 0.7369637416 0.7420096745 0.7397052982 0.8006181165 0.7965003014 0.7974220643 0.784430832 0.7798555816 0.777959179 0.7736117576 0.7805771256 0.7779191277 0.7945977321 0.7875682284 0.7965702483 0.7967497737 0.5525527765
0.7954124692 0.7927904549 0.7953956309 0.7848206932 0.7911203798 0.8733322955 0.8773025172 0.879986047 0.8790622009 0.6026648974 0.5440334492 0.7906834142 0 0.5431716599 0.5389506624 0.5346142045 0.5262919097 0.5303482225 0.5386683482 0.5426015686 0.6259297324 0.6556046044 0.7072027324 0.7030195158 0.7064998493 0.7147508926 0 0.8760812017 0 0 0 0 0 0 0 0 0 0 0 0 0 0 0 0 0.6951729938 0.7602700723 0.7557177801 0.7510084011 0.7552743592 0.7683528318 0.835246965 0.8874485929 0.7401938264 0.8083911699 0.7916957118 0.7886583123 0.7820042443 0.7798413211 0.7787545618 0.7769274191 0.7868071256 0.7861301257 0.7884562389 0.7931904368 0.7987649627 0.6306070413
0.6948916912 0.6918286894 0.7969030847 0.7099219747 0.7613601608 0.8755984896 0.8676891602 0 0.8129396918 0.8227404692 0 0 0 0.5476626169 0.5652237247 0.527670978 0.533646501 0.5263653026 0.5402102151 0.7456255249 0.6249454051 0.7612721174 0.7112438697 0.7028422609 0.7105869526 0.8189661811 0.8201546322 0.8236119458 0.6776672744 0 0 0 0 0 0 0 0 0 0 0 0 0 0 0 0.7851083785 0.7580301178 0.7524565213 0.7525333844 0.7583645332 0.761424289 0.8801965923 0.8834224585 0.7448412707 0.803251919 0.7986375828 0.786295166 0.7902802394 0.7827408374 0.7794559184 0.7864309143 0.785400033 0.7894462608 0.7955955496 0.7946460978 0.7952815157 0.629522435
0.686585685 0.6964146266 0.7054777035 0.7064258579 0.8286106055 0.871509245 0 0.8751266959 0.6132231654 0.6067042024 0 0.6578435911 0.6220306117 0.5752043509 0.5721425453 0.5621080354 0.5612263048 0.5611272592 0.5386669967 0.6223896152 0.7136693704 0.7154379744 0.7092592079 0.7079792607 0.7090134965 0.6426009031 0.8188802688 0.8230215304 0.5132972514 0 0 0 0 0 0 0 0 0 0 0 0 0 0 0.668685569 0.5140415729 0.6214811248 0.7078504379 0.7082733894 0.8175566731 0.668246424 0.7440641238 0.7432029877 0.743542265 0.8045345241 0.8027599828 0.8054964206 0.7940476328 0.7805059035 0.7812892058 0.7816354284 0.7904295193 0.7950380056 0.5639296987 0.6436926332 0.7268325653 0.8708300505
0.6954143871 0.6900136428 0.7020037129 0.6451758522 0.5361133599 0 0.5422156056 0.7104564992 0.5813277328 0 0 0.8177957004 0 0 0.5666081784 0.5646652438 0.5557137199 0.5640383028 0.6110597093 0.6246984659 0.7126573555 0.7112678689 0.7092226283 0.7161623808 0.7113686955 0.7182051754 0.8265851377 0.8216825532 0.733451972 0 0 0 0 0 0 0 0 0 0 0 0.8772488123 0.6729398216 0.6812794749 0.5310419416 0.7593062062 0.6582067374 0.7043825608 0.7038609657 0.707750139 0.742609469 0.7446316504 0.7362949812 0.739895359 0.7402187582 0.7491854411 0.7638173658 0.7550758335 0.7635014696 0.8378894395 0.791427858 0.5031004688 0.7945944634 0.6745413834 0.6767113607 0.568907036 0.8644533173
0.7054906863 0.7117056416 0.8464496132 0.5377272719 0.6514370427 0.5399656514 0.5372449264 0.5459045549 0.5884264569 0.5176441724 0.8736684493 0.748818129 0.5577903258 0.5668642881 0.5627122924 0.562323515 0.5641494244 0.5596572037 0.5679530057 0.7643976675 0.7202734832 0.7144968436 0.7219465193 0.720693492 0.7218382016 0.5729846184 0.6753491335 0.8309434589 0.736090242 0 0 0 0 0 0 0 0 0 0 0.662940647 0.5985550959 0.5871938364 0.8168285584 0.8567530525 0.6942109732 0.7039904678 0.6973081283 0.7001646228 0.7098727727 0.8702363135 0.7381394686 0.74235628 0.7335692176 0.7309766044 0.7296909374 0.7597376979 0.7547832301 0.7563628484 0.7635864668 0.8795187486 0.8461672701 0.675360578 0.6735970148 0.5717115327 0.7532442888 0.520901574
0.7146861268 0.7092560566 0.5672084212 0.8072222738 0.8591039629 0.6622112928 0.5432561684 0.8507509372 0.8430630054 0.8457928406 0.8439453565 0.8492938539 0.5623687347 0.5661305117 0.562399254 0.7112786918 0.5647222989 0.5364341116 0.778596835 0.8476635223 0.6820174228 0.7848599678 0.7260593576 0.7227247796 0.6868921996 0.5716715629 0.6125599303 0.6823945967 0.7527852924 0.7875834932 0.8226158839 0 0 0 0 0 0 0 0.7458742442 0.5988658552 0.5527589568 0.8461929993 0.8470983754 0.6915476684 0.6945535445 0.6933234508 0.6950790592 0.6942887804 0.7015484722 0.8705622501 0.8607892434 0.735158337 0.7368293481 0.7273037957 0.733616991 0.7564908986 0.7603302094 0.7635543209 0.5274207014 0.726037558 0.5125569593 0.673823351 0.680877854 0.7467705357 0.8406987393 0.7507011134
0.7114845709 0.5618870362 0.5718798856 0.7982631682 0.7974542522 0.7978350176 0.8452699718 0.7021621445 0.8450528851 0.8377382307 0.8434582316 0.8517899104 0.8718329066 0.7994764898 0.8076296141 0.5659347349 0.6253363419 0.6211637115 0.6211807704 0.6229986724 0.6868567304 0.681048202 0.5482107011 0.5733587967 0.5674687702 0.5693336054 0.5742308412 0.709062998 0 0.7308499294 0.7330455949 0.7299840329 0 0 0 0.6701594297 0.5337953239 0.5948091075 0.8271526601 0.5256825987 0.6596672955 0.556591842 0.699870552 0.6875682261 0.6869810547 0.6905514135 0.6895863143 0.6926276784 0.5045670786 0.8663572777 0.8220854064 0.8356893667 0.7317614101 0.727821852 0.7351646569 0.7698063117 0.7609106273 0.7619006759 0.5398477583 0.6915598683 0.7002972221 0.7470284938 0.7806383741 0.7443248769 0.7433226993 0.895091966
0.5571623078 0.5580364246 0.5659352696 0.7980975004 0.6264807609 0.8050606679 0.8971435336 0.8478091091 0.8447039632 0.838692817 0.8460109348 0.8526277584 0.8011719943 0.5312246166 0.6119202129 0.6446569985 0.6374098167 0.6414753712 0.6161898922 0.8643286597 0.630418985 0.6648637669 0.6693255006 0.5758411758 0.5677118065 0.5685472864 0.7136383981 0.7288427087 0.7334157714 0.7643581061 0.7284285063 0.735163046 0.8156058159 0 0.56633043 0.6664396247 0.8476466487 0.7920844115 0.7927644898 0.7975191803 0.7915134231 0.6660069991 0.7443595244 0.7420672855 0.687162218 0.6832037059 0.6842734376 0.6995238271 0.502950348 0.5046450692 0.6329504834 0.866422316 0.8681655877 0.8665594908 0.8639508038 0.8607876362 0.5375867442 0.5353274164 0.5398765381 0.6993809602 0.7018040247 0.7553858567 0.7454945436 0.7390649624 0.7487449181 0.8827167932
0.5641976787 0.8076815615 0.799507792 0.8063554458 0.8037325683 0.5402960414 0.8575166375 0.8558920363 0.8771757973 0.8732924614 0.8822566947 0.6729310212 0.551318836 0.8382018723 0.5559810953 0.6393608712 0.6370876974 0.6434173899 0.619060553 0.621005169 0.654403839 0.6396960459 0.7754682735 0.7736481813 0.7254393164 0.7168378175 0.7223079925 0.7314137022 0.7102672631 0.7347659053 0.6732463462 0.7309929092 0.5735606207 0.8633282211 0.6470562435 0.7977339878 0.7985160022 0.7831767369 0.7908646798 0.7893565821 0.5232838964 0.5266008423 0.5960715588 0.6954458757 0.690601954 0.6861545683 0.6840390906 0.684244461 0.6978019104 0.5072717754 0.8357805869 0.8694898687 0.8642029996 0.8633488964 0.8576617233 0.8570934059 0.8558189189 0.8564832847 0.544253519 0.7731941337 0.5374223632 0.7511400532 0.7415406482 0.8394967389 0.8125497801 0.8831732877
0.8663170505 0.8588182335 0.8890905556 0.8140497765 0.5440326412 0.7470849599 0.8494890695 0.8538681948 0.7398931965 0.880130389 0.7670396055 0.6376885214 0.6327738288 0.8334099738 0.7524730466 0.6447695273 0.6371954275 0.641429188 0.5246883411 0.5562962778 0.6308044827 0.8358561284 0.5672696421 0.7655398455 0.7673453412 0 0.7171263682 0.7319736702 0.5793208314 0.5507216387 0.6946342416 0.6861789483 0.704143248 0.5874217375 0.8040370283 0.7967575236 0.7888268656 0.7896070032 0.7830223684 0.7877607628 0.7975496058 0.5950702421 0.6001348598 0.7088125677 0.7003027202 0.6860166592 0.6928792118 0.7998587136 0.8037440778 0.5202943887 0.6404797402 0.8680887243 0.8671537585 0.8603326189 0.8538717894 0.8522622245 0.8476540979 0.850778171 0.7503538316 0.864249291 0.7872898377 0.7498404679 0.5913816626 0.7930927266 0.7981601905 0.8838960897
0.6759697228 0.7314073153 0.8201563814 0.6023965194 0.7559386978 0.8595485155 0.5320092825 0.7109910187 0.7413600631 0.6714698305 0.8899271272 0.6315902797 0.6287291262 0.6356383593 0.8293064777 0.5344072127 0.527057353 0.5186904738 0.5253725648 0.6356870774 0 0.6325421911 0.7689574347 0 0.7655741497 0 0 0.7114070706 0 0.5106783242 0.7742520742 0.7930534187 0.82378679 0.8061161992 0.8002908187 0.7968647519 0.7959493834 0.7878056151 0.7906027195 0.7910921541 0.5133133747 0.5962205139 0.7890389763 0.7782687399 0.6996061327 0.6966064354 0.6970749564 0.701811357 0.8051026818 0.8513629446 0.5275193955 0.8742537682 0.8758268276 0.8759201585 0.862028633 0.8491934696 0.8520041472 0.8511118731 0.859750184 0.8682537371 0.8769736107 0.8076819261 0.5006861629 0.56671473 0.7282318662 0.6260285159
0.9007349659 0.9002273236 0.6132950954 0.9010063487 0.7663050496 0.7279976665 0.7600641654 0.6099827 0.5580935316 0.6471158881 0.5722090951 0.6318283101 0.6257791457 0.6243593461 0.7708604602 0.5337888274 0.5209284843 0.5252510238 0.5191958588 0.8871307685 0.6779970071 0.6850851264 0 0.7852387205 0 0 0.7147092117 0.708725764 0.7116247998 0.7128939366 0.7190705732 0.8177871699 0.8151745872 0.8083993931 0.8057604494 0.8003935006 0.7944286142 0.7935899857 0.791081023 0.7944182622 0.7971991472 0.644120477 0.6478390388 0.540043007 0.6991902674 0.7119887383 0.699138916 0.7936981011 0.7963251689 0.7974969333 0.5974248918 0.5920815767 0.7635464154 0.7717068737 0.7635354958 0.8591078599 0.8543703 0.8601007892 0.8535497699 0.8691408398 0.8770693926 0.88627216 0.6875981762 0.7551813538 0.860079785 0.6935415805
0.8945437331 0.8927552042 0.8952432824 0.8939890673 0.7584292515 0.7564667701 0.7612337068 0.8208128285 0.6193329146 0.6387179403 0.6386760867 0.6269125869 0.6228587948 0.6269754338 0.5141230611 0.5410221972 0.5428676398 0.7217351479 0.542705028 0.525177984 0.5288026423 0 0 0 0.7220343506 0.7123601662 0.714762401 0.7084762512 0.7092457486 0.7187325235 0.7084739735 0.8202657551 0.8145468647 0.8088776933 0.8124282536 0.7965171485 0.8019922201 0.801777863 0.8097870804 0.8785595914 0.5440314536 0.5625826202 0.567050518 0.5525765717 0.5667959869 0.5700001812 0.7421112319 0.7854326456 0.790707318 0.7942077226 0.5884698555 0.6334178277 0.81933282 0.762955878 0.7670824384 0.8572362666 0.8663111871 0.8682343413 0.8641074424 0.8734987855 0.7573302962 0.8921355576 0.8856364238 0.7394378976 0.8982733918 0.7386537356
0.8946555411 0.7254722854 0.8379280798 0.7667430935 0.7655488738 0.5810544415 0.55949353 0.5619291224 0.5880478714 0.5914499225 0.6444949356 0.6268775755 0.6327494406 0.6286890089 0.8184279305 0.8154660837 0.5320438116 0.617361776 0.524114445 0 0 0 0 0.7241509961 0.7172290414 0.7176871192 0.7103574835 0.7067591508 0.7116609699 0.7192753722 0.8423647982 0.815893321 0.6173874593 0.8099135825 0.8105748363 0.8147378975 0.8061470643 0.8080837995 0.8076637431 0.5405868872 0.5715140862 0.5601313332 0.5577295534 0.5585820955 0.5614740736 0.5632158844 0.7344937225 0.792279696 0.785252343 0.7868435448 0.6331904871 0.6328674973 0.7692631114 0.7679916638 0.7691174289 0.7769104735 0.8262675121 0.7551199212 0.8691109821 0.8699812369 0.8832327884 0.6865022275 0.7904662831 0.5338913604 0.7324771145 0.722395555
0.6615136427 0.7751118459 0.8344920612 0.8281705013 0.8776345026 0.5482985759 0.552297448 0.5608753925 0.5864209713 0.5888142857 0.5980117179 0.8843410726 0.8258809571 0.831051295 0.8330759802 0.8104318302 0.5277746346 0.5234983536 0.6948859355 0.6638180232 0.6513969809 0.737286466 0.7287836189 0.7213813534 0.7286445494 0.7199085294 0.7100873674 0.7157730295 0.7134125387 0.7220826549 0.7324563652 0.7326641995 0.812834881 0.8155253879 0.6499231657 0.8122396699 0.6400398687 0.6321092675 0.6359015955 0.5452937154 0.5664511605 0.5629005328 0.5536236154 0.5567243331 0.5617418416 0.5712973294 0.5593882433 0.7909504778 0.7950458972 0.8909233364 0.6213818768 0.6246875042 0.7093267777 0.5276416313 0.8131743109 0.8213884363 0.7608687087 0.7567539301 0.7625676837 0.7649154881 0.5727224492 0.6347344201 0.7095289599 0.7332179238 0.7245215598 0.7261623042
0.6663886031 0.8309217738 0.8278081205 0.8348811585 0.5465599782 0.5450437923 0.5444816109 0.5372484469 0.5398755859 0.5924649288 0.8501343181 0.6491597713 0.8519823883 0.8258730304 0.8278348156 0.8302388475 0.5189666232 0.6042807954 0.8603827998 0.6011464427 0.6500936723 0.7309691318 0.7242361318 0.7319818804 0.7250420991 0.7239404996 0.7254095403 0.7184481606 0.7242793315 0.7228947771 0.7266259195 0.7283960716 0.7090899051 0.7105351215 0.7060568913 0.6406764802 0.6393342065 0.6344577044 0.637905182 0.5436424668 0.5388766158 0.557210397 0.5548910923 0.5565966969 0.5618994315 0.5706968523 0.5571595614 0.554517189 0.5581480858 0.5546528293 0.6264673949 0.6176130291 0.7844345762 0.7428011476 0.8491533583 0.8124236451 0.6354630084 0.8061292936 0.8038728238 0.8078412611 0.8410844508 0.7079161823 0.511785772 0.7280429699 0.6972771835 0.7202464479
0.5473309213 0.8323881495 0.837093974 0.8286594123 0.6014345594 0.5544734352 0.5736261553 0.5359477433 0.5379527369 0.8339270311 0.5323586154 0.8428631811 0.8428640956 0.828375309 0.8248889922 0.8255856597 0.6121335768 0.6118648369 0.5987575491 0.5950873172 0.5979393192 0.7855279687 0.737774677 0.7333075161 0.7367112271 0.7275966968 0.7315512023 0.7333483145 0.7184608297 0.7260312409 0.7287405669 0.7325272607 0.7076887991 0.7024532632 0.7025507874 0.6453617044 0.6488141483 0.5094152185 0.5015698169 0.5454039637 0.5479594974 0.540664492 0.5653493887 0.5574415177 0.5631908314 0.5665013167 0.5581266067 0.5563832002 0.5494805898 0.5560786339 0.5652704949 0.7373420849 0.7334538204 0.7412566835 0.8050935976 0.8038109858 0.8034733396 0.8050624785 0.8022531408 0.5908222027 0.8402346691 0.8436048734 0.5669177162 0.7347228154 0.7277664799 0.8259301167
0.6702209912 0.846356452 0.8413293786 0.6370189518 0.7952006284 0.7803361483 0.538090437 0.5432781666 0.5414005974 0.8373973314 0.8335025153 0.8393075599 0.8363869841 0.8353663734 0.8285303359 0.7748059275 0.771009979 0.6087826593 0.5986765361 0.5898771202 0.5907029783 0.7845352473 0.7797455216 0 0.7850899522 0.738507502 0.7388478592 0.7627947312 0.7245059912 0.7203154763 0.733442879 0.6046255455 0.6074808352 0.6094554392 0.6071014482 0.611509365 0.8332014063 0.5065980796 0.751180949 0.5549354347 0.5484257992 0.5844415211 0.5731234419 0.5748880453 0.564948184 0.8794834076 0.5580427628 0.5507167675 0.5556041997 0.558942732 0.5642720364 0.7366862105 0.73293905 0.8007548804 0.7320746193 0.8090565021 0.8035360838 0.7990728257 0.6080762592 0.8312364292 0.889274131 0.8829331467 0.884672643 0.5363899635 0.7885599055 0.7808358219
0.8531139771 0.6519410751 0.7672583439 0.7623925876 0.7931733678 0.8008036771 0.7933244189 0.8031309568 0.6553877797 0.8369895157 0.8276327115 0.8322644174 0.8301545641 0.8257219343 0.8305536631 0.7731133564 0.7699049818 0.7716423064 0.5993329821 0.5934352052 0.775609004 0.7771513424 0.7768278528 0.7757539325 0.7767292075 0.7819434128 0.786623441 0.7872839494 0.7630662047 0.7430569992 0.8153835061 0.6093875553 0.5999167254 0.6041029822 0.6077982418 0.6131248473 0 0 0 0.6796611238 0.5641702442 0.8113332189 0.809557214 0.812356366 0.7006368062 0.5584479194 0.5582042076 0.5600936681 0.5609821861 0.5640057508 0.820832652 0.7367752076 0.7315603268 0.725628507 0.7326387083 0.8042879031 0.805598629 0.799907824 0.8071417208 0.8786044806 0.8751485752 0.8804385695 0.8834505115 0.6916078737 0.7206909996 0.732769152
0.5241889753 0.878523609 0.7686408326 0.7620373417 0.7674687984 0.7930695688 0.8548560899 0.8014998604 0.6461592647 0.6474396512 0.8277588033 0.8226100833 0.8216422755 0.8157073829 0.8222651479 0.7762615685 0.7669932912 0.7690303276 0.7699789271 0.771545731 0.7717645577 0.7690515621 0.7725281343 0.7807190953 0.7781555354 0.778920861 0.7840900671 0.7930718569 0.6738830599 0.7544625574 0.6115253574 0.6096878099 0.6086938054 0.6062551955 0.6160651679 0 0 0 0 0 0 0 0.8151497187 0.8198738564 0.6961319783 0.8429344786 0.8157762444 0.8719746356 0.8467538655 0.8479821142 0.6001754706 0.8280122605 0.635373299 0.8249791507 0.6837581086 0.8075316219 0.8097006934 0.811015265 0.8247587645 0.8672502154 0.8720895332 0 0.833103313 0.7263430144 0.849630319 0.8994890555
0.6378840912 0.7778217071 0.7625489903 0.7508746341 0.7596748047 0.7587863874 0.8000654211 0.772458 0.8075732719 0.6488794952 0.8244912707 0.8185944211 0.8138307255 0.8167709341 0.8278265231 0.8220648814 0.7672051072 0.7607866692 0.7607717937 0.7612604387 0.7629912408 0.7663893297 0.7771550939 0.7741388205 0.7770555974 0.786908405 0.7795760208 0.5900587162 0.7618214535 0.5928426848 0.6182945795 0.6092775363 0.6126340422 0.6149656329 0.6090176671 0 0 0 0 0 0 0 0.5948964582 0.7022096672 0.5341802712 0.533172519 0.535647454 0.8277331267 0.7513842556 0.8403424182 0.8291584017 0.8255745222 0.8202306498 0.8206603191 0.8337922427 0.6921449904 0.5172045204 0.5494925845 0.5411515698 0.8700699505 0.8637551339 0.8681386825 0.7571514977 0.758398781 0.7522285539 0.6287980237
0.7837074661 0.7839217125 0.7580385489 0.7570276029 0.7499192086 0.7564229541 0.7664919874 0.8057077802 0.8069794126 0.7536897284 0.7879759124 0.8208067126 0.8172216232 0.8183534312 0.82092731 0.8285888428 0.7648383648 0.7621235645 0.7595430937 0.7578563807 0.760150655 0.7631734922 0.7689849835 0.7787619831 0.776306563 0.7819327374 0.8351132166 0.5857609919 0.5831664786 0.5080987744 0.6094038748 0.6147836625 0.6208258387 0.6142201493 0.6122038944 0 0 0 0 0 0 0 0.8313966649 0.8284729559 0.5360928809 0.5315319697 0.5315831518 0.7485269499 0.8424211578 0.8330066579 0.830774286 0.8213737447 0.8275730159 0.826370554 0.9082365254 0.846597385 0.5399262718 0.5452676195 0.8719392885 0.8638783274 0.8655327797 0.7619170489 0.7567199663 0.7504302748 0.7563027558 0.5549244447
0.7730034841 0.7752681973 0.7575237365 0.7493639666 0.749296912 0.7591192517 0.766470049 0.7994018383 0.7958547154 0.7920040838 0.8293293619 0.7351019142 0.738344407 0.7410243102 0.827226012 0.8223703194 0.8289964136 0.7671407156 0.7653576131 0.7587951153 0.7617669821 0.7662872767 0.7747427942 0.7805284931 0.7863120584 0.781957057 0.5976499596 0.5886513361 0.5855470612 0.5844624452 0.6138798 0.7744130484 0.6226859988 0.6167774544 0.6177804099 0.61662988 0.6173692604 0.7294166813 0.5970520812 0 0.7334572681 0.8286415495 0.8214242297 0.8265259141 0.534953311 0.5368488209 0.5321533376 0.7482056117 0.753851529 0.5051662281 0.8319184337 0.6542535575 0.7240110036 0.9019391804 0.587372829 0.8094157327 0.5309797502 0.8732871963 0.866195316 0.8642203858 0.7597226684 0.7581607585 0.7569049971 0.7599195345 0.8352361167 0.6418140343
0.5498680206 0.7688944262 0.7613476735 0.752044023 0.7504535234 0.7579754285 0.763257622 0.795668099 0.7913690116 0.7454251802 0.7447843775 0.7407432635 0.7320768688 0.7398853837 0.7481269444 0.7782964486 0.777398551 0.7723878687 0.7624942137 0.7622339695 0.760323781 0.7679388761 0.7702513271 0.7843789017 0.7789261076 0.7075676838 0.5929255673 0.5902141253 0.5942439843 0.5890324872 0.5940678958 0.6032405805 0.6245730004 0.616936974 0.6190388814 0.6259593641 0.6185387366 0.6031997834 0 0.6030847054 0.7347135734 0.6105618664 0.5719321887 0.8215913424 0.5426101764 0.5368727493 0.5844625605 0.7567691117 0.5890305872 0.6047459919 0.5548935737 0.5545008031 0.5622895453 0.8952364877 0.8928262826 0.5222386874 0.5289545247 0.6814014286 0.6605938364 0.6536243058 0.6544627042 0.7639244748 0.7572117751 0.7588093277 0.6414202848 0.6427252513
