landscape/hab_quality/256/simulation_000034_p069_h089_HABMAT_patch_more_500pix_modified.asc_ac_0.5_quality.asc
NCOLS 513
NROWS 513
XLLCORNER 0
YLLCORNER 0
CELLSIZE 9.980507
NODATA_VALUE NaN
[rows 200 to 224 of 513, columns 114 to 170 of 513]
0.9067604634 0.5189624513 0.5529926415 0.6230371693 0.7200178702 0.7420608867 0.7437943442 0.6319944386 0.6679182511 0.6614506323 0.6641499321 0.7669036099 0.8146643985 0.8254698205 0.8595841587 0.8726618328 0.7989607645 0.8890794098 0.7865270987 0.8982342452 0.8939682143 0.9003449003 0.9084944142 0.507801414 0.849269541 0.5945051895 0.5916118321 0.6555250589 0.7262842515 0.7059561383 0.7067161327 0.5992344451 0.5979400283 0.6039946384 0.5960761827 0.6349071522 0.7783632383 0.6072029087 0 0.860069432 0.8602887261 0.5294665714 0.6947455843 0.8605750541 0.5279348069 0.6157870096 0.5295070933 0.8774260783 0.8894907786 0.6415523815 0.6324494104 0.635588141 0.7237948929 0.7162744011 0.7139537543 0.7138712958 0.7143941126
0.9065458872 0.8883508479 0.712354049 0.7271008013 0.9082786411 0.5014633972 0.9009918097 0.8836299941 0.8658536314 0.8669543645 0.6540688701 0.7278136447 0.5830755143 0.7208503121 0.7154245852 0.7194608626 0.7098051714 0.7166212711 0.6774448526 0.9030116456 0.8362873988 0.8942265233 0.8818815257 0.5144343392 0.6427798762 0.7934955128 0.6440005135 0.8019164176 0.7087972956 0.6840994072 0.7071919244 0.8471076078 0.8374946658 0.5952995617 0.7969094334 0.7972954831 0.800517147 0.7854417326 0.8026870307 0.6097833767 0.6094282624 0.6325589478 0.8285407379 0.8117559115 0.6662772528 0.5414576921 0.7218037932 0.7263267664 0.7291893384 0.6347398892 0.6287608507 0.6295447265 0.7267436603 0.7203310539 0.714030881 0.7102828415 0.7185529627
0.7110855442 0.7105344332 0.5237446188 0.7167881949 0.7552401865 0.8989892134 0.6212056683 0.9069302975 0.8748258831 0.8658299107 0.8666451501 0.5902159158 0.7113258536 0.7076998848 0.7097470677 0.7146974211 0.6555720844 0.708338493 0.649751313 0.6560265631 0.8373458848 0.8801841925 0.7796444189 0.5462550616 0.5385192542 0.71221647 0.7129598446 0.6805267052 0.8141239874 0.7889731675 0.845168345 0.5571471444 0.8372290303 0.8404320871 0.803149407 0.7954219263 0.734808825 0.6934944724 0.7136627228 0.602083633 0.5999990761 0.6022389679 0.5726392137 0.6603599587 0.6575999616 0.6612682014 0.6595305955 0.7207957815 0.7224476383 0.6258703015 0.6285390235 0.6274150622 0.7245515 0.7198847729 0.7151153714 0.7180233288 0.7089480487
0.7767830189 0.7196170382 0.8911424803 0.6195813012 0.9080821721 0.8994891365 0.9002623142 0.9051739631 0.8751366948 0.8695401398 0.5959842178 0.5752700005 0.7062533351 0.7027102311 0.7071091897 0.7074340277 0.6427768823 0.645612194 0.6419992634 0.6586019056 0.6725308571 0.8589730698 0.7762637532 0.8757495235 0.8769784174 0.5438336744 0.7064149582 0.7744176377 0.5893169206 0.5913606348 0.8438929197 0.8432893786 0.8398612506 0.8410479925 0.8028149183 0.8037923854 0.802361035 0.8152289886 0.5098171747 0.7307947564 0.8819091809 0.783618069 0.8996346719 0.8666580887 0.6540228975 0.8520338608 0.730726256 0.7276148522 0.7274597376 0.6290604164 0.6246112364 0.6250501389 0.7253957657 0.7225596692 0.729602647 0.7131967198 0.7163243615
0.6880907176 0.6147125065 0.8969681786 0.8258700469 0.6750283164 0.9056154551 0.9030755644 0.9005687014 0.8787690182 0.5210736495 0.6142192577 0.6135200624 0.7101014108 0.7027645379 0.7020994312 0.7085230381 0.7087073545 0.6414756139 0.6497651465 0.6894877096 0.6509426671 0.589829345 0.7819108751 0.8559919469 0.6592036019 0.7784896718 0.7689377344 0.7473240355 0.7450328338 0.5886829035 0.7358185862 0.7370274797 0.5122746753 0.8490280043 0.7587258404 0.5191816878 0.5513474856 0.7995788297 0.7996349329 0.7924836766 0.8689052026 0.7017441948 0.6993218634 0.574356392 0.5785641739 0.578254596 0.8532133315 0.5866569888 0.8002141093 0.6342803846 0.6307861427 0.6267015259 0.6305008512 0.8251226658 0.7383479147 0.7239312795 0.7194654522
0.849275489 0.6260360993 0.5197665121 0.5943559617 0.6659233745 0.6681927783 0.8707317738 0.7074178759 0.6946507915 0.7393916401 0.7153107197 0.6082313057 0.7037062996 0.7032846213 0.7043390636 0.7048850491 0.7102018528 0.647453136 0.6507082146 0.6601752445 0.5354090756 0.8662342865 0.664481689 0.6861498699 0.7202864523 0.7758465921 0.8983855865 0.768985303 0.7434429743 0.7404549824 0.7335508986 0.740364788 0.7719511769 0.6954759681 0.6581829751 0.5834892918 0.8933074227 0.6602018366 0.7907751945 0.6615915929 0.7451035023 0.701383226 0.696180155 0.5801307284 0.5742655656 0.8393016879 0.5635544132 0.836476348 0.7990353168 0.8074068787 0.6303345029 0.6318058765 0.6488796094 0.6369482607 0.6110494934 0.6074527511 0.6027372604
0.8189521722 0.5909047061 0.5735420653 0.5716727689 0.7361894564 0.6593750423 0.6644509616 0.6917535487 0.7015620275 0.7995882318 0.7382803758 0.8599391471 0.6123841581 0.7061223206 0.7074833993 0.7050328665 0.5333554824 0.5537268653 0.5520080071 0.5502982102 0.7602639634 0.7612694835 0.6679062006 0.7566745091 0.6663587822 0.6892791757 0.6825812338 0.6884028335 0.7464905804 0.7391108852 0.7352569334 0.8876509592 0.5856469691 0.6607489908 0.6551535728 0.8870645596 0.8840604223 0.6440544342 0.6555806195 0.639832552 0.7415733191 0.7428564853 0.7409425032 0.603027188 0.5762478913 0.8403357316 0.8349500966 0.7984961747 0.8048952272 0.8032771293 0.5862585039 0.8605210308 0.8362381524 0.7572884784 0.5564051661 0.8055079451 0.807095246
0.8184257543 0.5825715309 0.8230188384 0.5788989385 0.6632352584 0.6673354348 0.6661560671 0.6923174023 0.7008178703 0.8275491231 0.7336560205 0.6136532756 0.8939744229 0.8872533132 0.5639547078 0.5907663986 0.5886394226 0.555727994 0.5497737466 0.5564994955 0.7628678374 0.7543950287 0.7513537059 0.7512402669 0.7573234176 0.687244721 0.6793522144 0.5148756088 0.8791860364 0.8721771944 0.8970846409 0.7954011328 0.6403177338 0.5001165063 0.5245431343 0.5498484702 0.8917517947 0.8818000071 0.6348751724 0.6385572695 0.8739288076 0.7383467775 0.7391552913 0.7400625426 0.7486986143 0.8361513875 0.8386237167 0.8393519325 0.8023188327 0.8030890563 0.8039644743 0.779053754 0.6789513258 0.7854127632 0.8147383051 0.8125374817 0.8037120907
0.705733078 0.8253181758 0.6285224997 0.8753707079 0.5050112121 0.6715450331 0.6409412464 0.637609539 0.6588605815 0.7450830791 0.828983842 0.7779167283 0.8959861287 0.6486728049 0.8917485492 0.857388064 0.7684070639 0.5566953945 0.5588325429 0.5555279857 0.7635323757 0.7541820508 0.7478210455 0.7563340401 0.7639881217 0.6518698213 0.5386114713 0.8797372649 0.8706057732 0.8750482446 0.6187477397 0.900537979 0.8361533993 0.8776292118 0.8838221464 0.8789937473 0.8821571917 0.6403497676 0.6422867638 0.6392377312 0.7249678506 0.5897128187 0.7342432497 0.7438046856 0.5969869944 0.8407852639 0.8395766496 0.8444903938 0.5435391545 0.547305875 0.5535125992 0.7818957788 0.7835272389 0.7821396667 0.6994147632 0.8092392716 0.8105888961
0.6005052858 0.722993312 0.6287328716 0.6276053892 0.6215052863 0.6210636134 0.6193647892 0.6341388914 0.7835979622 0.5966946459 0.5069668294 0.7098966379 0.7579783224 0.75946017 0.7368336811 0.6663096851 0.5427512767 0.8263173379 0.5939824893 0.771405052 0.6916305971 0.7510954659 0.7480811887 0.7568843241 0.757166935 0.6689048298 0.8607365459 0.6341313582 0.6845525197 0.8803366298 0.8122242728 0.5648612949 0.7602503127 0.882728885 0.8749137722 0.8773896068 0.8755075856 0.6496693544 0.6468840545 0.7333809845 0.7338448032 0.7242693529 0.7297146088 0.7358365475 0.6280717734 0.6309839415 0.6365725652 0.5421514487 0.5322981148 0.5681139059 0.5453386664 0.7769926676 0.7737389086 0.7798796237 0.7260013604 0.7255004949 0.7293574985
0.916838769 0.6290323677 0.621648335 0.6158462596 0.5466411118 0.6169756238 0.688393993 0.7950908434 0.6862890621 0.8918861142 0.5625727423 0.7486496527 0.7546241061 0.7549072163 0.7866860594 0.6788535493 0.6372321439 0.6320132151 0.6390563634 0.7893538396 0.5475145818 0.573215316 0.5736713112 0.7602652522 0.7668537869 0.759744224 0.8104168145 0.8087941605 0.7389053501 0.5785921175 0.7674955035 0.5675701326 0.5584349174 0.8831608856 0.504354343 0.8676580259 0.877158648 0.5074767446 0.5767186351 0.8948102494 0.6722846392 0.7282748796 0.7248562144 0.6722665121 0.6283188738 0.6266954377 0.6238963502 0.6305752782 0.5322492996 0.7347834985 0.7411369821 0.7792194233 0.7788981169 0.7756049131 0.7246698112 0.7229449632 0.7233420957
0.9124661517 0.621819743 0.6300464164 0.7725889795 0.6102375027 0.6183750063 0.6884896932 0.6808840714 0.6898179797 0.689949631 0.557774991 0.8382949986 0.7519478355 0.7577865884 0.726957818 0.7340043917 0.7273162706 0.6297395968 0.7861186578 0.5403609545 0.5365692051 0.5800445573 0.5733747782 0.575593137 0.8102357397 0.8084218959 0.8077876609 0.7328066799 0.7407080346 0.6909131963 0.6095109525 0.5663424298 0.5596603551 0.7408504733 0.8680423514 0.8732118743 0.8722757376 0.9010585609 0.9002312757 0.8969289761 0.8899797091 0.8901065859 0.8914500884 0.8909962964 0.6317121195 0.6278695777 0.6231714863 0.8275570356 0.7297937449 0.7329616093 0.733174423 0.7465766577 0.780991152 0.7231484626 0.7254628437 0.7166703028 0.7179994857
0.7549469141 0.9125629378 0.533351358 0.6136714686 0.699056771 0.5388199636 0.5423194576 0.6724692808 0.6871794177 0.6957532777 0.5572254424 0.5668085019 0.7537927356 0.7712949889 0.6829667834 0.7248658266 0.8741998083 0.600048259 0.5369464294 0.5309939914 0.540781663 0.8892246662 0.5799409809 0.6440598396 0.8181449959 0.8117880071 0.8057043494 0.808004973 0.7331487537 0.5269826474 0.8177095598 0.7437563756 0.5985216793 0.7735936648 0.7477068998 0.8782845105 0.5381868298 0.884728858 0.905223546 0.8906489888 0.887817434 0.886795159 0.889685993 0.8891054014 0.8988654118 0.6262149048 0.6208472414 0.6220478522 0.736728047 0.7367500587 0.7374870371 0.8281401568 0.8331148838 0.8138450173 0.7155986531 0.8239953323 0.8210379608
0.6715043902 0.893482224 0.8336072042 0.8294682615 0.7612473733 0.5448777214 0.5357883757 0.5423155391 0.7612671236 0.6888338344 0.5582470024 0.5653748363 0.6006776524 0.8496920599 0.7292622176 0.7217677014 0.7246535166 0.8825306007 0.5355083427 0.5415394599 0.5339303884 0.7864453825 0.673782796 0.5143691565 0.6457321322 0.8125570164 0.810526763 0.8087098686 0.8147120645 0.5185569757 0.847522402 0.7205592311 0.7820047778 0.7536371156 0.8405665796 0.7546552543 0.6686956282 0.558599902 0.8943119535 0.5972947349 0.8871330208 0.8843043845 0.8824955011 0.8846257581 0.8896503165 0.573921936 0.5756067295 0.5771119224 0.7546854299 0.7546346162 0.8980375583 0.8267854264 0.8268293336 0.8146092875 0.8112852647 0.810537395 0.8168802364
0.8901501342 0.8890217697 0.8327821289 0.6679091793 0.8236016831 0.5453314302 0.5390044716 0.5455730501 0.8195604388 0.7695122703 0.5795667481 0.5780085401 0.8678359012 0.5504742518 0.7306795943 0.5597439252 0.722100148 0.7262029748 0.6008047372 0.6772790846 0.5389759535 0.8341912671 0.5000810248 0.5722686506 0.8988397277 0.5746248987 0.7452627746 0.809977318 0.8185309744 0.7505861912 0.7334539082 0.7453832975 0.697695993 0.7545526883 0.7515844494 0.6793363027 0.6774408041 0.6815419888 0.6749536239 0.6055241598 0.6063885229 0.8435284723 0.7532241389 0.8831554385 0.5791298134 0.7671706377 0.5674440273 0.574509982 0.5829534706 0.7638865783 0.7567670869 0.6478865052 0.8200284281 0.8144778964 0.8090345936 0.6074676348 0.5984655753
0.8812361237 0.8853038789 0.6020177941 0.6345609762 0.8199782517 0.8139426834 0.8160984371 0.5793567977 0.5699030961 0.7143064253 0.5696012577 0.5700289678 0.7149996451 0.563751648 0.6349975255 0.7074239599 0.5636363646 0.7265037542 0.7226623101 0.7238014229 0.8571176203 0.5031204721 0.6165626326 0.6565612656 0.8439827483 0.8424908263 0.8181414059 0.5294639366 0.8374156242 0.5402170088 0.728145606 0.888696616 0.659126323 0.6576580428 0.6677227567 0.6741645888 0.6661810276 0.7447522617 0.7162865967 0.7133810739 0.7983262889 0.7109911745 0.8847892306 0.8881016406 0.5837852162 0.5754623069 0.5733357041 0.5766741845 0.6738798591 0.5251721708 0.6479034503 0.6450237164 0.8192566632 0.8142762434 0.8104705785 0.6055855909 0.5978615733
0.8825813354 0.8854755449 0.6083550864 0.6455676133 0.8143242591 0.5665239629 0.571387606 0.573270176 0.5745460039 0.5694236573 0.5673483491 0.5736224276 0.8944707235 0.5548947498 0.5704507415 0.8727363231 0.6036318982 0.7316194924 0.7275074639 0.7267482843 0.570884153 0.7006695685 0.7498302662 0.6577685312 0.8433014401 0.8451012795 0.8478450566 0.52915583 0.5413256014 0.612696143 0.5305693668 0.5309421591 0.6632160457 0.6553129533 0.658049539 0.664479007 0.6680577713 0.7904487494 0.7184316253 0.7131159053 0.7046779967 0.7132220031 0.8963697072 0.8844457872 0.5806274067 0.5834705489 0.577566026 0.5862092506 0.5866053868 0.7499836168 0.5910114092 0.878201082 0.8249336907 0.6137917288 0.6036252487 0.5979361805 0.6064346519
0.8331837707 0.6010678409 0.6461483273 0.5991021665 0.5749756804 0.5675245355 0.5663309806 0.6211502791 0.7719227282 0.5642835381 0.5640884266 0.8941212166 0.5683399641 0.7931203571 0.55468141 0.7011394221 0.599949185 0.7282053285 0.7192954243 0.6291168208 0.6803437882 0.7626138526 0.6730848966 0.5566318356 0.777117172 0.6822511196 0.8134724247 0.7146959286 0.5277095356 0.7129974516 0.6104238294 0.5252742549 0.6629167919 0.6522594688 0.655031927 0.6536931419 0.6720359004 0.6564999445 0.7783117528 0.7080885732 0.7134543449 0.7071787767 0.5889458488 0.69622142 0.6969638386 0.6955063406 0.7566621816 0.5917946322 0.7481377128 0.8132978484 0.644961034 0.8182729932 0.8150320904 0.6103189296 0.6043610582 0.5995590174 0.6071389675
0.7236989202 0.7853058324 0.5940145551 0.7912913472 0.8002976655 0.5691074918 0.567864169 0.5760422024 0.6253923729 0.5705303669 0.5739207741 0.567739695 0.8797027136 0.6886983098 0.6699332406 0.7984867576 0.5181010228 0.5322969619 0.6105218345 0.5402680981 0.6751849386 0.6718332023 0.8882192619 0.8062039087 0.7748108671 0.7106852903 0.7179153836 0.7124505541 0.7138649925 0.5258606865 0.5236615115 0.7249474422 0.6457828582 0.6575361075 0.6509403714 0.6572563785 0.6478273139 0.644020893 0.6468172488 0.7160743302 0.8989112486 0.7185648506 0.8017829813 0.5383950745 0.6870276484 0.694117304 0.8982857667 0.8661641258 0.746441208 0.7705541963 0.8047525486 0.8060100922 0.8037938953 0.6085502642 0.6071579116 0.6046298811 0.6219270612
0.794890882 0.7943062842 0.7848635774 0.787982254 0.7991767679 0.8009980235 0.6753161272 0.5743289722 0.778489888 0.577044225 0.5753562434 0.5803881498 0.8602851248 0.6184571571 0.5963707768 0.6623750253 0.7894719625 0.5094468349 0.7913234328 0.6798498076 0.8553273761 0.6668287677 0.6726931617 0.6398199475 0.7188714865 0.7097230822 0.7085652911 0.7181280868 0.7140744852 0.5245985052 0.5271083951 0.5269303394 0.8451862701 0.657653417 0.6579791277 0.6572251284 0.6449561247 0.6428549416 0.6426375938 0.8562307215 0.8560271511 0.7967348157 0.7935972605 0.7934823395 0.5523873055 0.6363517157 0.8905227973 0.6242614878 0.7408823827 0.7401953713 0.8088849164 0.8006288572 0.806691234 0.6266949227 0.7745524681 0.6255776742 0.6228510496
0.7906303818 0.787757688 0.6268021837 0.7910706181 0.7954789647 0.5276603869 0.5215319587 0.6411380536 0.529606362 0.6912751707 0.8583191307 0.8548900383 0.5864226764 0.5855987495 0.5903516201 0.5876459746 0.7867667847 0.7890214689 0.6482270595 0.7876304764 0.6690874733 0.6687811228 0.6710740019 0.7218231574 0.7242629738 0.7156511993 0.7179954683 0.7119423677 0.6815074273 0.5400208834 0.608110657 0.6713236075 0.5036707541 0.6637151087 0.6611815838 0.6472927753 0.6398426421 0.6383850917 0.6437281105 0.8475420031 0.7936128995 0.7877126917 0.7872845055 0.7892968513 0.7939365523 0.6703653178 0.6836862985 0.8909471487 0.7412754383 0.7403301251 0.8011676587 0.5417103049 0.5150727155 0.6194151602 0.6240582968 0.625557047 0.6226659389
0.7878775448 0.7967341769 0.5348900232 0.5225407675 0.5203911495 0.5243127822 0.518582433 0.5285174761 0.6311244071 0.6941293392 0.6430295508 0.849231736 0.5929272954 0.5860046992 0.5806772199 0.7783084939 0.7831419906 0.7779496878 0.7826928138 0.7912174501 0.6300869193 0.6299567771 0.8437455051 0.7168887869 0.7161856743 0.724421492 0.8676886994 0.79256704 0.6850968475 0.6754491169 0.8463899039 0.8122045127 0.5004788442 0.860635795 0.6413788009 0.6506394444 0.6407830046 0.6397485261 0.6445254614 0.8544538311 0.6587352678 0.7886395421 0.7936712955 0.7955744785 0.7955707018 0.7999676451 0.6005544005 0.7793084741 0.7435873248 0.8536182545 0.7442140454 0.5723667716 0.6256274587 0.6231172403 0.622304398 0.518916808 0.8571308622
0.7881471478 0.790430412 0.802929058 0.5186364506 0.514870842 0.5152023502 0.5123331575 0.522474472 0.5296322365 0.50227773 0.851517842 0.8565588576 0.8474367658 0.855518478 0.5890718791 0.7745118176 0.773373844 0.7811038942 0.7850560826 0.7889302644 0.6395112812 0.8310958749 0.8293020242 0.7190934011 0.7196264723 0.7254171098 0.7293438643 0.5186715106 0.6394626198 0.7256274241 0.8512960285 0.588794995 0.616161884 0.6662787369 0.8917715679 0.6500719064 0.6484095036 0.6462363095 0.8593001112 0.8584993057 0.8072845505 0.7997456667 0.7949172966 0.8009538278 0.8011063494 0.7448552093 0.5129584613 0.5042343139 0.5565802863 0.8159961764 0.7475916177 0.5874646965 0.5737490307 0.5729163086 0.5126137375 0.7700195947 0.7095913392
0.5603755471 0.5228508339 0.6012689188 0.5189418985 0.5090192743 0.5055899535 0.5126237338 0.6780886136 0.7346196555 0.6876286653 0.5444010687 0.849125068 0.8708149187 0.8491051358 0.768631314 0.7738847155 0.7738784766 0.7767972922 0.7865330999 0.7895427078 0.74632096 0.8350090747 0.6066782298 0.7528108924 0.6344749745 0.6340501529 0.5153110996 0.7333315121 0.7337350394 0.7819245153 0.6832220052 0.8371593846 0.830633756 0.8329434028 0.8791115071 0.6495187206 0.5908269113 0.5839066054 0.5863996645 0.812232109 0.8453862522 0.8625615319 0.7773479839 0.8041175102 0.6327792267 0.6797322623 0.7375148464 0.5034601383 0.8136244312 0.5296925192 0.5145186676 0.674217119 0.5742383668 0.5688018553 0.5690765283 0.7275052177 0.7124552427
0.6787243136 0.6018637903 0.6391465275 0.7327473924 0.5071020134 0.5069452165 0.5149212337 0.6832369329 0.6824314258 0.537203356 0.8784325063 0.880474317 0.8505955507 0.89836655 0.764956512 0.634190133 0.7841038518 0.7851473154 0.7864503087 0.7876899526 0.6999592604 0.8082036715 0.8456459232 0.7446736339 0.7526320445 0.7588523537 0.8039596391 0.5992236457 0.7754725045 0.7717570034 0.7769364545 0.7723619521 0.7738956304 0.7701072315 0.8217979876 0.8151373939 0.5905306475 0.5827057967 0.5863634898 0.8874895324 0.8371308482 0.8857288363 0.5780461761 0.6023007356 0.604219431 0.7393825582 0.504911005 0.5078900327 0.5071133128 0.799496895 0.7969514865 0.6692645176 0.6089838661 0.6088488249 0.6032639391 0.613644018 0.8638044115
