landscape/hab_quality/256/simulation_000003_p057_h041_HABMAT_patch_more_500pix_modified.asc_ac_0.5_quality.asc
NCOLS 513
NROWS 513
XLLCORNER 0
YLLCORNER 0
CELLSIZE 9.980507
NODATA_VALUE NaN
[rows 248 to 278 of 513, columns 210 to 279 of 513]
0.7461207073 0.7199639731 0.7363697145 0.6747989409 0.6817354853 0.8055779127 0.8226689538 0.8988448098 0.8004321406 0.6336249349 0 0 0 0.5031670141 0.8424052971 0.6082416785 0 0 0.651622939 0 0 0.514396107 0 0.8012825632 0.7990218592 0.7957030818 0.8054922776 0.5265730847 0.6727749384 0.7302935177 0.7220058779 0.5317764576 0.5318668556 0.7453885523 0.5139716891 0 0.595598011 0 0 0 0.6425341812 0.7970898751 0.7889785259 0.79321778 0.5779761396 0.5718285049 0.571352666 0.5677163778 0.5765799511 0.5808195232 0 0 0.6621875542 0 0 0 0 0.729939255 0.7212763854 0 0 0 0 0.5739032645 0.7491068453 0.6893847418 0.6821353349 0 0.7581492715 0.5675516084
0.712877532 0.7162708834 0.6751246699 0 0.8784706695 0.5613383592 0.5445413708 0.9041670361 0.8991135124 0 0 0 0 0.8432802131 0 0 0 0 0 0.5684674587 0 0 0 0.8041492591 0.800781064 0.8049817675 0.6844271846 0.8032111636 0.7332004212 0.7313745099 0.728593703 0.5383970811 0.5299147258 0.7467714947 0.740328575 0.7451505191 0 0 0.5467494712 0.8094377408 0.8028059347 0.7956559782 0.7878131289 0.788469319 0.6130867177 0.573670353 0.5653210202 0.5721237834 0.5722051589 0.5796068894 0.7100417942 0.6582398248 0 0 0 0 0 0.7443097928 0.8553329328 0 0 0.5788233645 0 0.5658744656 0.7980924308 0.7913464235 0.6858241524 0.6822356966 0 0
0.734024569 0.8818847507 0.7014637461 0.6513864591 0.6472361305 0.5541342751 0.5572942061 0.6213957077 0 0.8217915542 0.5129764601 0 0 0.6890184528 0 0 0 0 0 0 0 0 0.8170112701 0.8064780899 0.81022351 0.7776557498 0.769727414 0.578285083 0.6517319198 0.5822465304 0.7022674352 0.5385181821 0.5353705536 0.7468094001 0 0 0 0 0 0.8104541973 0.8037270658 0.7967460251 0.7928705785 0.7903695913 0.7547090527 0.8160753383 0.8157422607 0.8219447677 0 0 0 0 0.7822802143 0 0 0 0 0 0 0 0.5179435433 0.5820163947 0.5725449722 0.7926540361 0.7907333199 0 0.5228935635 0 0 0.6406377555
0 0 0.6528314665 0.6430315317 0.5464389618 0.5484757748 0.5555719051 0.5141087796 0 0.5357411932 0 0 0 0 0 0 0 0 0 0 0 0.6430215301 0.7633259795 0 0.6493205359 0.649355539 0.8887584938 0.7775540618 0.836270752 0.8980329138 0.6894276701 0.6848393263 0.6597296845 0 0.6557413008 0 0 0 0.7854336605 0.8084384887 0.6377696764 0.7975230456 0.7960160939 0.801336199 0.6160269452 0.7332806592 0.8142808987 0.8147483891 0.7467730931 0 0.564903237 0 0 0 0 0 0 0 0 0 0 0 0 0 0.7958710255 0.8007000015 0.7902005822 0 0 0.5135502835
0 0 0.6444808959 0.6527072965 0.8413364216 0.5476176587 0.7254962315 0.7157567336 0 0 0 0 0 0 0 0 0 0 0 0 0 0.6403757729 0.6335169144 0.6494783738 0.6492506974 0.7674741487 0.773141503 0.7656291047 0.7831476644 0.60378963 0.613749033 0.6801598242 0.6791289956 0.6521409173 0 0 0.7444917096 0.7984781139 0 0.8453349721 0.8163790072 0.7991113556 0.7180147502 0.8664277315 0.8473001323 0.8203977464 0.8162997483 0.8230831721 0.7429488654 0 0 0.6397306032 0 0 0 0 0 0 0 0 0 0 0 0 0 0.7971193491 0.8000889721 0 0 0.7363586655
0.8672880019 0.8749724735 0.7650493603 0.7323675946 0.6601359626 0.8757607269 0.7580573742 0.7169853392 0.7080452619 0.7021600748 0.7109900398 0 0 0 0 0 0 0 0 0 0 0 0.8364214101 0.6588077744 0.5582938073 0.7677666458 0.7640222259 0.7735354522 0.5484123784 0.5382362736 0.6810495312 0 0.6525766903 0.6522281871 0.6572177493 0.6606474883 0 0.8803392261 0 0.7601794031 0.5382384552 0.8414173851 0.5741892684 0.5331677432 0.5325916053 0.5308212166 0.7483759172 0.7468902633 0.7400168434 0 0 0 0 0 0 0 0 0 0 0 0 0 0 0.6283079498 0.6347120139 0 0 0 0 0
0 0 0 0.7902370727 0.5109425555 0.5235511056 0.7200224829 0.710676984 0 0 0 0 0.8007235998 0.8070660298 0 0 0.5405259716 0 0 0 0.7569280365 0.8044884016 0.5758322995 0.5792866361 0.5819325072 0.7641289599 0.7641463432 0.7678949758 0.6900626631 0.6833872651 0.5953272269 0.6897176271 0.5863656224 0.6656227037 0.9066425175 0.8984121533 0 0.8017809974 0.8147390967 0.814889554 0.819878868 0.7364485447 0.818282796 0.8204150893 0.5267042875 0.5335744725 0.5752337922 0.5943818566 0.7785766314 0.6980926051 0 0 0 0 0 0 0 0 0 0.6974215717 0.6802399464 0 0 0 0 0 0 0.7604821809 0.8470482584 0.6809146249
0 0 0 0 0 0.8509887346 0.8450525262 0.7145310387 0 0 0 0 0.8078601222 0.8002919385 0 0.5457502715 0.7727675521 0.7364724295 0 0.8426968093 0.6701314613 0.865119845 0.5824214968 0.5426470342 0.5772400246 0.5840274038 0.7647673449 0.7658809549 0.9058826444 0 0.8364576791 0.8375110026 0.8404573375 0.8356764161 0.9026994445 0.8968107746 0 0.792817878 0.7950669577 0.8146043938 0.8163999137 0.8273410988 0.814587651 0.8130196391 0.8151518128 0.8156720798 0.8316661415 0.8437659747 0 0.7044076439 0.701790863 0 0 0 0 0 0 0 0.6996116013 0.7016722773 0.5180702278 0.7320486172 0.7284881631 0 0 0 0 0 0.622642132 0
0 0 0 0 0 0.8415786417 0.8449104221 0.5250458146 0 0 0 0.7340507666 0 0.8048335926 0.8069825627 0.558245245 0 0 0.8747359684 0.6882821619 0 0 0.5918988427 0.7982159377 0.5754505231 0.5839796336 0.8471206029 0.8929966141 0.8987878204 0 0.8415521196 0.8411877348 0.8325610236 0.8402846831 0.8970369523 0.9054417833 0.7865271938 0.7875620839 0.7878912431 0.7944120759 0.7938138826 0.5084959642 0.8198381993 0.670390252 0.8135826667 0.6321144083 0.64175157 0.6055065185 0.5949045703 0.5968289485 0 0 0 0 0 0 0 0 0.7589420842 0 0.7253719325 0.7218080268 0.7275111095 0.7271826147 0 0 0 0.721865758 0.7184137453 0
0 0 0 0 0 0.5658581703 0.6633774164 0.8572207832 0 0 0 0.769266881 0 0.869113394 0.904179192 0.6256633721 0 0 0.8694541079 0.7826364724 0 0 0.7170667415 0.5916706244 0.5819621312 0.8424329348 0.842803918 0.8994901561 0.8900637534 0 0.5468764633 0.8422776421 0.836553267 0.8334194595 0.9151590827 0.7943654315 0.7903078047 0.7806464221 0.7881274143 0.7921424421 0.6978693897 0.8651757092 0.8254199454 0.656892999 0.6525803263 0.6621214733 0.6417157352 0.5976650263 0.5936309359 0.8607378069 0 0 0 0 0 0 0 0 0.7543909091 0 0.7332482491 0.7242458296 0.718270847 0.7266906864 0 0 0 0.5812621981 0.7252451396 0
0 0.6111230549 0 0 0 0 0 0 0.8510716899 0.8540254156 0 0 0 0.8944140931 0 0.627949922 0 0 0.8783777651 0.8732061347 0.5818097472 0 0.7160809352 0.5905504299 0.5877829894 0.5900279562 0.6286340458 0.8975001787 0.5850501435 0.8954175116 0.5887391994 0.8783214584 0.8810252693 0.8332591896 0.5504630354 0.7880399897 0.7869359131 0.7813348145 0.7895537865 0.6913605637 0.5052059371 0.8469387367 0.8543969315 0.6620652786 0.6625460098 0.6598074977 0.575022634 0.6385176884 0.6421267247 0.6399725275 0 0 0 0 0 0 0 0 0 0.738489897 0.726860083 0 0 0.7217754335 0.7302339822 0.6175969761 0.6080711063 0 0.8841281494 0.7488988499
0.6313014582 0.5619978464 0.5382061689 0.841341865 0 0.6852073261 0 0.8512443418 0.854421702 0.8498554573 0.8584584021 0 0 0 0 0 0 0 0.8156858922 0 0 0 0.5844973739 0.5847464907 0.5926566147 0.5960511283 0.533000065 0 0.898008193 0.5954533429 0.8860300399 0.8804118601 0.8811207048 0.5290633105 0.8373082208 0.7935176748 0.787412146 0.7832985691 0.5375158615 0.8435832817 0.8423189297 0.5297911866 0.8447976999 0.8496036357 0 0.6719735728 0.6573761075 0.6434046495 0.6349054901 0.6413074289 0.5367642336 0.5298075689 0.6322884837 0 0 0 0 0 0 0.5671710636 0.5619678926 0 0 0.7223347162 0.7264574609 0 0 0.608956156 0.5450688233 0.7587490573
0.6444710205 0 0 0.5654991615 0.8512685319 0.693092588 0.5109816142 0.5013212334 0.849972499 0.852815951 0.8574635829 0.7810024886 0.561517944 0 0 0 0 0.735810627 0 0 0 0 0.5787354437 0.6214077604 0.8136735142 0.8130419307 0.6146158065 0.7847898613 0.5162156382 0 0.5090073378 0.8353138559 0.8342120972 0.8412806291 0.6644976737 0.5290264792 0.7674539967 0.8772645952 0.5736375987 0.5691984884 0.8374335396 0.8362519573 0.8457820883 0.7783498642 0.6159248869 0.6231855118 0.6811502591 0.635863932 0.633770546 0.6406311719 0.79287715 0.5512766399 0.5395836426 0 0.6345443045 0 0.6856689642 0.8064407055 0 0.5672799559 0 0 0 0.8732028686 0.6931889587 0.689983921 0.691254408 0.5362755022 0 0.5055590886
0.7673622743 0.7591623328 0.5618046948 0.5689429407 0.5992171315 0 0 0.853278087 0.8573990344 0.8564403602 0.6552908689 0.5604890573 0 0 0 0 0.7424719499 0.743921497 0 0 0 0.5134613754 0.5862875909 0.5818949901 0.8101255269 0.8323154543 0 0.8169258878 0 0.5077798847 0.5134344793 0.6257389197 0.6272124489 0.501264099 0.7448639425 0.765032305 0.5012551145 0.5568019125 0.5748564337 0.8435721638 0.8377872696 0.8387456516 0.6199400619 0.6186724661 0.6139737589 0.6778879853 0.6857820836 0.6360408933 0.6694813409 0.639826203 0.5113108752 0 0.6106166713 0.548255011 0.7129826949 0.8780693118 0.8740163036 0 0 0.6576395366 0 0 0 0.8670468686 0.8094489629 0.6900930932 0.6913177404 0.5371866534 0.5379333309 0.5115673064
0.7662279914 0 0 0 0.6606366 0.656790848 0.5250412828 0 0.6971783836 0 0.6935579683 0.5648350349 0.600094182 0.5974237893 0.6066339428 0 0.7838201385 0 0.5732597693 0.7814141209 0.6141534111 0.7297045733 0.8304778235 0.8176887596 0.8104921244 0.8011055485 0.8101866621 0.6089266546 0.511939362 0.5098393566 0.513788908 0.6222250668 0.6316616761 0.7373419813 0.7404525297 0.7208987597 0.6636774651 0.7428607087 0.7357296041 0.8452350276 0.8391107813 0.8379126656 0.6672706447 0.6233412582 0.8074962799 0.6227711487 0.6050480283 0.7705167656 0.7637521957 0.5111745496 0.5160561125 0.7505137261 0 0.6213565763 0.8030836853 0.7043804212 0.8804312147 0.8759670915 0 0.6675842946 0 0 0.7363945832 0.7368282969 0.8912860559 0 0 0.7114789364 0 0
0.7900832574 0 0 0 0.6561744499 0.6511748633 0.6528418462 0 0 0 0 0 0.7386866057 0.743567484 0 0 0.5718695064 0.5652110917 0.5867234795 0.650464625 0.609740584 0.6054391046 0.6122089495 0.800039713 0.8967840621 0.8103011296 0.7789919089 0.5950072697 0.6372680191 0.5339620849 0.5554490285 0.5518164299 0.6294312479 0.6367560744 0.8966744024 0.6621196994 0.5089521947 0.7447198389 0.7362536136 0.7668640411 0.8484911088 0.8086135698 0.8063055437 0.8102987397 0.704152859 0.7064695181 0.6157607493 0.7673321702 0 0 0.5211328018 0 0.8254470057 0.8309358863 0.8007778641 0.7990189667 0.8130993059 0 0.8236034013 0 0.6625719525 0 0.6656873465 0.7310161149 0.7383964355 0 0 0 0 0.6912067677
0.8851655571 0.8498585289 0.8760351282 0 0.6559148039 0.8124971708 0.6577478708 0.849418219 0 0 0 0.8204452748 0 0.7362785784 0.7448492944 0.7130638981 0.7495858152 0.5721889463 0.8497546776 0.852613767 0.6020446019 0.7889443274 0.7879529687 0.7851109631 0.6075859726 0.7527208285 0.6390072046 0.8190200028 0.5481171638 0.848357588 0.5493532963 0.5514656186 0.6351191314 0.6369495515 0.6678000447 0.6697334829 0.663966644 0.8570532478 0.8844389475 0.529553441 0.5385088143 0.7452179042 0.8081168829 0.8045069711 0.5204441471 0.7111175717 0.5594478364 0.7269073168 0 0.5099692055 0.8003678101 0.8340913582 0.8305285374 0.6484070387 0.8048301171 0.8056664034 0.800306901 0.8207968264 0.824015887 0.5345752911 0.6698904113 0.6604958398 0.629960639 0.7694252708 0.7680008729 0.7691283445 0.7545268599 0 0 0
0 0 0 0 0.6639018294 0.7378096334 0.7305737952 0.7308058394 0.7357606012 0.7084016609 0.8390205071 0.8289595097 0.7427265756 0.746069475 0.7397828362 0.6562670397 0.5977779037 0.5716427102 0.5338446722 0.8484597211 0.8439381979 0.7368206134 0.7797393105 0.740874944 0.744885397 0.7595426478 0.7625181425 0.76110753 0.5542363548 0.5471091684 0.5538297133 0.553183751 0.7082271541 0.7149723612 0.6661560202 0.6741507982 0.5503067283 0.5823355712 0.8531391162 0.8425780353 0.8702179593 0.744903577 0.8085277547 0.8089106923 0.7760540071 0.8194624514 0.7328052357 0.7239880505 0.5692877604 0.7936087708 0.6671934522 0.7746453707 0.5203056083 0.8348354453 0.8909291307 0.6662837502 0.8301070027 0.8242349004 0.7808902559 0.7852628644 0.7766303564 0.6616731331 0.6693363134 0.6817907491 0.7662123457 0.7633297571 0 0 0 0.7666881147
0 0 0 0 0.6566985466 0 0.7332521708 0.726193039 0.736064689 0.6469118889 0 0 0 0.6481698638 0 0.6904537847 0.6859891928 0.6889901982 0.6844802725 0 0.8571768101 0.7405543597 0.7310177714 0.7391278163 0.7605595028 0.7574297366 0.753255859 0.6973559361 0.5536562947 0.5504379352 0.5540558616 0 0.8482232678 0.8545091535 0.6267551013 0.7967334904 0.730647572 0.8423140603 0.5724719741 0.706513651 0.7388944478 0.7375399902 0.8158218139 0.8174026118 0.8138075389 0.8143118475 0.7309169869 0.727822595 0.733276482 0.5430071726 0.5674134305 0.5133706825 0.661711086 0.8866749629 0.6376893804 0.7325560484 0.8908654418 0.58961669 0.7735535287 0.7712754872 0.7654691537 0.7708000618 0.7705557792 0.7673228756 0.762378694 0.7632410708 0.7583850784 0 0 0.762461063
0.8460186671 0 0 0 0 0.6633961079 0.7286990839 0 0.8219476621 0.8799530021 0.6464972207 0.639478052 0.6401290178 0.6437543526 0.689193297 0.6832386849 0.5375742571 0.6860337609 0.6921145938 0.6926788845 0.7415865577 0.7375842578 0.7036204258 0.7360374114 0.7212076711 0.7834244607 0.8711653248 0.7419203788 0.6999164193 0.5467233467 0 0.6122064955 0.8084051782 0.8597732286 0.5300088488 0.7387979191 0.5138755819 0.7330865139 0.5056958724 0.5041567503 0.7404954725 0.7467624131 0.7487666444 0.892206329 0.6258473264 0.8227227961 0.8545297435 0.6005971609 0.7883040259 0.7965883235 0.5606180094 0.5630574604 0.6544948354 0.8120495272 0.6176852629 0.6196579384 0.5960722572 0.5796679032 0.7777469213 0.7689087009 0.7654261462 0.7667657103 0.7707061904 0.7693073441 0.7635476587 0.7584390218 0.7592660039 0.7539102888 0.7611420986 0
0.8503279798 0.8437524209 0.8720429415 0.5506270969 0.5435413479 0.5661688213 0.7382184162 0 0.7681745112 0 0.6484565027 0.6469315669 0 0.6493609081 0.6241466944 0.7145993573 0.7063149503 0.6992769299 0.5297242808 0.7004508825 0.5201153796 0.7088323413 0.7108568026 0.7133924405 0.7197988411 0.8661755299 0.8675411614 0.8695097077 0.5950918187 0.6017054429 0.8810619528 0.5495196056 0.79581225 0.8792270284 0.5299300013 0.5206794779 0.5193329128 0.5096330491 0.5033384404 0.5125690454 0.7400110042 0.7440960826 0.7539301415 0.6632256062 0.6590810461 0.6572118764 0.8801504077 0.7918918906 0.5900532782 0.5106171521 0.5672064892 0.721057725 0.5985364896 0.8628482559 0.6144571112 0.8704880741 0.6886412617 0.6956762147 0.5991886533 0.768544226 0.7657751581 0.734157258 0.7834336471 0.5112187416 0.768069849 0.7650349631 0.7586713835 0.5378693711 0.7546735961 0.7589341289
0 0.824304994 0.8249965813 0.8286632191 0.6948998261 0.5523323288 0.7589812042 0 0.760962045 0.7585576756 0.7495251393 0.7564321642 0.7620508039 0.7387894741 0.7140072595 0.7086670657 0.7076530795 0.6984541661 0.7046659778 0.7109856356 0.70870441 0.6774939471 0.6735408166 0.6764499529 0.7205794988 0.8684384858 0.8597250664 0.5910717576 0.5926196686 0.5477134917 0.8802035504 0.8785955291 0.8703133382 0.8756174945 0.7421269463 0.5210391462 0.5154415199 0.5114991383 0.5056228249 0.6273942175 0.7466783065 0.7839137153 0.7039595274 0.8627066586 0.6558441714 0.652297519 0.6524818298 0.640427576 0.8330817041 0.7469944736 0.7187348042 0.7115897945 0.7154918021 0.6766328802 0.5032217821 0.6108173512 0.6939762636 0.5406271413 0.5997006991 0.5974906974 0.6053501848 0.780769472 0.784379933 0.7874841202 0.556464934 0.5502738621 0.5424283233 0.5470708736 0 0
0.8281205539 0.830683975 0.8212140158 0.8311320083 0.6799112855 0.5516412547 0.5023337925 0 0 0.7510975382 0.7490539777 0.7450397199 0.7501887434 0.7334729535 0 0.6069468003 0.6999557066 0.7077618909 0.7048274108 0 0.7188646656 0.5648455195 0.6768736431 0.5546620854 0.6118266978 0.8651637007 0.8607806263 0.8688598869 0.5982691692 0.598326718 0.697866725 0.876654216 0.8776671749 0.8695428267 0.8693410817 0.8662071989 0.8755323104 0.5243798291 0.8685718709 0.6275046173 0.631371981 0.6363473415 0.5129009298 0.5962450623 0.6533157827 0.6492150917 0.6545005125 0.7000502232 0.7399350337 0.7041053056 0.7137407835 0.7089891833 0.7108424788 0.7203989866 0.533426712 0.7013880357 0.7029121648 0.8475845328 0.6005795181 0.5978943409 0.5777722442 0.7852110034 0.7886018881 0.7844534403 0 0.5431951049 0.5445471136 0.5439303042 0 0
0.6722494213 0.8223887319 0.8259686888 0.8264930082 0.6816329322 0.6780529347 0.6785820349 0.801683985 0.802918629 0.6792994587 0.7481317084 0.742205463 0.8610266579 0.735513715 0 0.7032207942 0.7043014178 0 0 0.7115263092 0.7192972597 0.8912428877 0.552583074 0.7038888731 0.5069992683 0.8750297142 0.8667597963 0.7424071845 0.8985630077 0.6059664954 0.8783012108 0.8686446208 0.8648779668 0.8620541535 0.8642721483 0.8691003447 0.8404220251 0.8378418538 0.7021622942 0.697353017 0.6973732313 0.5169297589 0.5148989847 0.6679142228 0.6581671593 0.6492798094 0.6515719129 0.692869304 0.6949039798 0 0.822516916 0.7161242621 0.7113542268 0.7038380065 0.7704169708 0.7238918206 0.6879612774 0.7255929473 0.7257299483 0.5825035266 0.6677285285 0.6713931169 0.666755057 0.7233489736 0.7115746789 0.8945386205 0.8908696336 0 0 0
0.6691516729 0.8126857063 0.7789691927 0.7771292111 0.7838364822 0 0.6833711036 0.8006787545 0.800567697 0.7569770684 0.7498327927 0.7517569379 0.7507238786 0 0.8941763638 0.904098523 0.6562591485 0 0.5848910009 0.7200335421 0.5224726101 0.6328304815 0.6740026725 0.6827004767 0.8432008487 0.7905604474 0.6987829544 0.7559301785 0.6805744835 0.542959416 0.8621827203 0.8699767318 0.8641899502 0.8617399014 0 0.8739309007 0.8315700328 0.6692866355 0.6999390475 0.6940733752 0.6961867146 0.7019895232 0.7527430683 0.6636939637 0.6523763892 0.6555676916 0.6530915115 0.6897188823 0.6994079131 0.8108521761 0.8582707073 0.7979928081 0.7133577812 0.702613533 0.7091727015 0 0.8677363758 0.7209010724 0.7183547792 0.7141253642 0.5372426356 0.6643375558 0.851102745 0.8176164075 0.8828812445 0.8971536817 0.895679323 0.7535048293 0.8515765053 0.8444382508
0.775415974 0.7820951727 0.7795869922 0.7740986006 0.7791435542 0.5331664003 0.8684864462 0.8044839283 0.7457886994 0.791120124 0 0.5945982068 0.5975251642 0.6000223259 0.5904766298 0.7218643742 0.6686159284 0.5924534953 0 0.7766461978 0.5848401037 0.8128426773 0.7208144043 0.672184799 0.8401176927 0.527414174 0 0.6747706028 0.5448692139 0.7269844223 0.5000403278 0.8659478699 0.8641193661 0.8639942826 0.8670660027 0.8224770984 0.8759986753 0 0.6963852197 0.6955462579 0.6967303007 0.852967529 0.6092829686 0.6140190545 0.6635365632 0.8930161581 0.6655038127 0.8506791166 0.6943721525 0.7705408638 0.7077294158 0.7061232895 0.7075882462 0.7107645029 0.7044817435 0.8608657212 0.5293719462 0.7203636412 0.7121621303 0 0 0 0 0 0.6742500796 0.8829860378 0.8989916683 0.8781468586 0.6082015212 0.7480009641
0.7727159872 0.7790899531 0.7820086147 0 0.7798625367 0.7816449847 0.6092637755 0.6093105034 0.7989241607 0.7963084204 0.8001885303 0.7878507851 0.593647367 0 0 0.718657616 0.7214207009 0 0 0 0.8388363223 0.8372731107 0.8460369705 0.6775588005 0.5268010299 0.5211628707 0.6754480325 0.8507538873 0.6735700842 0.7752587396 0.7210211506 0.7956336849 0.698781641 0.6450443071 0.8752509954 0.8753732429 0.875592902 0.6761008166 0 0.6863742096 0 0 0.5085858212 0.613400163 0.9019000134 0.7760521624 0.8951653834 0.5763656775 0.7143934273 0.7080226901 0.7056854033 0.7013901788 0.7060532696 0.8084816873 0 0.564996537 0.5256349237 0.5226972215 0.5203990748 0.522190051 0 0 0.8337526504 0.6379467617 0.8380047425 0.7544806504 0 0.6678016571 0 0
0.7768289444 0.7750458479 0 0.7819468088 0.7894461961 0.7867129602 0 0.6038595052 0.7600673857 0.6255940988 0.6300679413 0.5965917775 0.5058692252 0 0 0.7243047725 0.6918135346 0 0 0.5181787299 0 0.8371680435 0 0.8419371133 0.8148144469 0.5298252432 0.6721902574 0.6697978002 0 0.5494121096 0.7289051099 0.5361783003 0 0.5576636491 0.87892265 0.8812355001 0.8834771576 0.6726650383 0.6816720469 0.6863096048 0.6349620796 0.6332571542 0.7884268481 0.5891755932 0.7589798158 0.7640183407 0.7490314877 0.7478529101 0.751839164 0.7096647598 0.7010899148 0.7072801544 0.6707029819 0.6717404247 0.6723385493 0.6790073271 0.5288794883 0.5200413257 0.5129675531 0 0 0 0 0.830394004 0.5141177733 0.7493605645 0.8346473385 0 0.8785154809 0
0.7767822643 0.5329748276 0.8131142407 0.81026855 0.8158367691 0.7877497933 0 0.6094798172 0.6044235336 0.5586785101 0.6288529601 0.6213850112 0.6283805011 0.6356048812 0 0.7261425362 0.7285249843 0 0.7275186906 0.7115654263 0.8468107334 0 0.6427924756 0.8335380953 0.8346013818 0.6692012839 0.6653287187 0.6642342695 0.6706728737 0.7936090932 0.5759335371 0.83845755 0.8802325321 0.5573308047 0.8865496904 0.556504252 0.6752136865 0.679797327 0.714425846 0.6832171093 0 0.5702731984 0.5071525078 0.5848779681 0.7557565522 0.7557848632 0.7479673426 0.7473199782 0.754779078 0.7019333895 0.7011861565 0.710700534 0.6679982381 0.6672255029 0.6749399232 0.6823470703 0.6908532539 0.5139740629 0.8220308156 0.5144928634 0.5213909898 0.5229887415 0.8346129597 0.8421134561 0.8215479283 0.8254572822 0.8276228575 0 0.5806595273 0
0 0 0.6086851426 0.7972482719 0.803539405 0.8015716812 0 0.7803719156 0.8616573487 0.867758589 0.6290018443 0 0.622606635 0.6327467376 0 0.8437024284 0 0 0.612315583 0.8304301503 0 0.7658434432 0.6679475568 0.6629719618 0.6701359037 0.6640425359 0.6619734899 0.6665351688 0.7842542766 0.7934298254 0.6027130456 0.7559603142 0.5567890975 0.8670799655 0.5545349587 0.5595753176 0.7785746719 0.8371930052 0.7198628776 0 0.667588139 0.5044624202 0.6172529283 0.8751737605 0.5769714316 0.7462589713 0.7460852128 0.7469715856 0.749105192 0.6765011989 0.8754622627 0.6760602838 0.6789941393 0.675400666 0.8374993223 0.6812742933 0.7916232813 0.5936169602 0.5156762365 0.5202896748 0.5161401136 0.5281484012 0.8306294264 0.8269659962 0.8265727127 0.652962131 0.831705184 0.5572355346 0.6618571443 0
0.7307502368 0 0 0 0 0.7963501014 0.795929441 0.867689981 0.8675010916 0.8605056958 0.8643840015 0.8728854635 0 0.5075554569 0 0 0.8473417342 0.8418311067 0 0.6460856503 0.6259052904 0.7604685789 0 0.6624541467 0.6638994365 0 0.6612087402 0 0.7872775429 0.7879740968 0.5929881692 0.5999902128 0.7276980682 0.721146009 0.7244087719 0.5629822301 0.8178032608 0 0 0 0.7949541703 0 0.5318283904 0 0.7484557686 0.7498162839 0.7498141475 0.7500259135 0.7513386992 0.8825095154 0.6776815806 0.6784706154 0.6803762127 0.6833433655 0.6752749623 0.6772296857 0.5901937396 0.783319508 0.5932486681 0.6018150084 0 0.7647834704 0.8365359018 0 0 0.8345799616 0.6796009034 0.7321460374 0.5917325713 0
