landscape/hab_quality/256/simulation_000089_p064_h077_HABMAT_patch_more_500pix_modified.asc_ac_0.5_quality.asc
NCOLS 513
NROWS 513
XLLCORNER 0
YLLCORNER 0
CELLSIZE 9.980507
NODATA_VALUE NaN
[rows 464 to 492 of 513, columns 66 to 131 of 513]
0.7395849924 0.7642173108 0.6275146662 0.5321698687 0.5291524676 0.5311016548 0.5318379482 0.8293219036 0.8242333532 0.8193562398 0.5390683937 0.5972546207 0.835053419 0.5942256755 0.5878633583 0.5883994295 0.5943869611 0.8229085949 0.8135120529 0.8214157044 0.7475587921 0.6865164971 0.7653760423 0.738336483 0.7371143846 0.7391456408 0.7366032982 0.7427600251 0.7473417024 0.7894882994 0.7925914324 0.7868532614 0.7903724305 0.8030523128 0.645512999 0.6515740794 0.7900278281 0.7908292366 0.5622314497 0.5624817511 0.5604951424 0.6659275234 0.6682582358 0.6670367175 0.6630739324 0 0 0.7307637805 0.5809478898 0.7329372265 0.6712209114 0.6720150441 0.5058042069 0.6052008052 0.601088497 0.7480740053 0.7497314838 0.7512746079 0.7524831721 0.7462353554 0.7379199744 0.7886784126 0.852219511 0.9202245216 0.7152138831 0.5095578387
0.7615316851 0.7679020289 0.5215826895 0.5308474042 0.5270890154 0.8797903561 0 0.7990240213 0.8204263683 0.8175679972 0 0.6912416164 0.8369266923 0.8313550079 0.8502277934 0.595569305 0.5904977476 0.8156855414 0.8835031922 0.8151101182 0.725763701 0.751871348 0.7454449819 0.7341497956 0.7321921158 0.732546297 0.741944695 0.7442766747 0.7475118889 0.6293934978 0.7887618697 0.7952587246 0.7960299648 0.7981245845 0.7934508688 0.7845712993 0.7936947152 0.7742019892 0.6112198668 0.5702783846 0.8433918739 0.6701666949 0.6654258854 0.6679590633 0 0 0.740124033 0 0.7230227092 0.6695172614 0.6761921673 0.6791408144 0.899775301 0.6088858662 0.6108471506 0.7522306814 0.747788269 0.7522750913 0.744994216 0.7548295964 0.5828130693 0.8819594187 0.7040008718 0.6070981686 0.7368005471 0.5100416321
0.5234225669 0.7444188575 0.521514522 0.5246606688 0.5274236524 0.6536800024 0.6516236678 0.6821832442 0.8272454229 0.8203116027 0.8255521977 0.8461916968 0.6617838312 0.6408358733 0.8384399376 0.7463723811 0.6317284393 0.718074046 0.7168444512 0.7217636379 0.6240921153 0.7554095806 0.7496643306 0.7403342508 0.7383898783 0.7382939467 0.7387324367 0.7439586172 0.8845040407 0.6307401702 0.623725614 0.8014647855 0.8045888138 0.8218272151 0.845074219 0.7884692563 0.7919213818 0.5213286799 0.5268166262 0.6333698703 0.5770894755 0.5219681516 0.5896833854 0.5607974972 0.5924322677 0.7412812923 0.7475281245 0.6337305453 0.7268746248 0.7329431367 0.6784759808 0.6860141214 0.9197267975 0.9190408276 0.7520712065 0.749809099 0.7551499858 0.7465288741 0.7499354153 0.7479793903 0.5275503879 0.5190701591 0.8040520029 0.7688875674 0.7076314425 0.5156804808
0.5244331246 0.5194635654 0.5266340029 0.842205766 0.5924399702 0.5892175119 0.6481485826 0.6530961487 0.5422786047 0.8148977783 0.7103840539 0.7292045332 0.700106861 0.7339036885 0.8566801371 0.7503813691 0.7461730626 0.7064340211 0.7140913954 0.7124156823 0.7305979111 0.7509461333 0.7445637513 0.7419374575 0.7432348442 0.751595617 0.7549256177 0.8858852317 0.8823841003 0.6283592843 0.6241075225 0.6305197349 0.8038556407 0.5057742642 0.5131663368 0.6262746378 0.5302382743 0.5220326379 0.5228249241 0.8949424804 0.8617956243 0.8601492517 0.5058866624 0.5609891125 0.7479446182 0.7127890781 0.7427916926 0.7273581252 0.7203414094 0.686894072 0.6863117509 0.9121133696 0.9101400415 0.6008435875 0.8247937751 0.7548331142 0.7437045413 0.7460593769 0.7441470732 0.5055285649 0.5151779113 0.5851003782 0.5133443992 0.7053298571 0.7031048595 0.7038623259
0.5178344365 0.5255424077 0.5277276252 0.8351313505 0.5910998338 0.5839359671 0.5877688502 0.5884903921 0.649849462 0.7245420259 0.7347058681 0.7325778844 0.7263250423 0.7330211101 0.731412156 0.7550655394 0.7114985137 0.7137562537 0.7047485102 0.7104795496 0.7179769854 0.8841519961 0.7530257903 0.7516258419 0.7451269498 0.7489124465 0.6048458484 0.8837415726 0.5065198897 0.8895579889 0.5254331347 0.523714976 0.5314034884 0.5089256952 0.5150872137 0.7434050861 0.5672943625 0.890120208 0.8852865437 0.8942317517 0.5145828232 0.8548906898 0.652785378 0.5556535716 0.549788422 0.5642484208 0.8395227602 0.8399463339 0.9241497856 0.7550068904 0.9265861816 0.9042427674 0.9060195834 0.9061240724 0.832125657 0.7483087991 0.7451546626 0.7376429494 0.7428428127 0.5367762106 0.8541395753 0.5034094587 0.7118545339 0.703095527 0.7018417069 0.706419422
0.5205004688 0.8345218428 0.7356750312 0.8346643908 0.8282936296 0.5897211996 0.5853581633 0.5910195469 0.643292551 0.6440224224 0.7329043892 0.6814663431 0.721528024 0.7244993981 0.7309561238 0.7399739981 0.7163383185 0.707198337 0.7138911232 0.7086402448 0.7141760216 0.5729517806 0.607416566 0.7533332604 0.558257051 0.7507244624 0.6128765836 0.758637189 0.8527472274 0.5426208684 0.5334798247 0.5281120991 0.5316158278 0.8756387197 0.519965554 0.7120416502 0.7298533982 0.7263539881 0.5064955062 0.8875880191 0.5089953446 0.5155062026 0.7136348551 0.5552032871 0.611961019 0.8452296548 0.8367601998 0.8389825691 0.9220343124 0.919485339 0.6754543703 0.9040988187 0.9022022437 0.9032381074 0.8981373187 0.8695374942 0.7427319975 0.7430362596 0.7430804438 0.6600531443 0.576282073 0.7194051457 0.7139100064 0.7048118603 0.8125841436 0.7093367764
0.5976643364 0.5495500768 0.5494072986 0.8334835205 0.8003728245 0.5916565737 0.5870526015 0.5938254562 0.644829153 0.6472527399 0.5523403471 0.5852400294 0.7252554565 0.7212747481 0.7311750666 0.7315964351 0.7115528172 0.7144421216 0.708669063 0.7207233335 0.8086157554 0.5983186711 0.605948938 0.8596773687 0.5649282153 0.5690736865 0.8635546785 0.857305108 0.7921805797 0.704206941 0.6925084241 0.6896099902 0.689937467 0.554122636 0.585733106 0.7672315797 0.891187109 0.724168782 0.7287212983 0.5216676472 0.7140051823 0.7062031403 0.7011598759 0.7009491669 0.7054733158 0.7267541419 0.8465665528 0.8419838149 0.8875339925 0.7822863779 0.9097363242 0.6894493354 0.9045127 0.8975789259 0.9000714977 0.9114438923 0.9052218671 0.7280635989 0.7346417282 0.7317551924 0.5782549032 0.6784037639 0.706499896 0.7074785785 0.7097652829 0.7531364029
0 0.7368533183 0.7648586005 0.5618370559 0.5623443954 0.5637795397 0.6494621364 0.690013599 0.6856860376 0.6874770733 0.6960681268 0.7704739024 0.8381472229 0.7275955064 0.7222244551 0.7347644378 0.7153507704 0.7160789302 0.7221879232 0.8841995212 0.8894197122 0.855563822 0.655692208 0.8657974467 0.5355049341 0.6459032939 0.6983898423 0.8566398736 0.7761453821 0.6452815697 0.6973675274 0.6923413472 0.6976135963 0.6490759108 0.7507421408 0.8943399448 0.7268390554 0.726922914 0.7333033256 0.7421564673 0.5842898622 0.711409009 0.6991750452 0.7006692431 0.6514271881 0.8814310481 0.7396157673 0.5041811554 0.6645386544 0.9149555583 0.9145983737 0.9056033691 0.9021797969 0.9017777057 0.9028496689 0.9033012909 0.9174746461 0.924376452 0.6697828273 0.765186509 0.8302248475 0.6570333828 0.8222552485 0.8813860508 0.8734539672 0.8760566024
0 0.883351941 0.5473432398 0.5501382756 0.5582942992 0.5370647818 0.8842541162 0.8818886814 0.6815089419 0.5435946769 0.5415025729 0.5916085193 0.7574887373 0.5059171939 0.8736345717 0.7716098809 0.6313987332 0.8833228014 0.8799191626 0.8795829706 0.8797618891 0.5139538555 0.5085135428 0.862075373 0.7417359063 0.8088837426 0.5127941166 0.8486582222 0.8016284733 0.8851325915 0.5484584059 0.7940845537 0.8894990632 0.5266927976 0.5722955225 0.5744031589 0.5728623811 0.5691054625 0.7932310075 0.5359028451 0.6876944685 0.6994182145 0.7024468614 0.7036257235 0.7040728969 0.8440169791 0.5326979043 0.6856076678 0.6415995979 0.6467567279 0.9074278669 0.9095854555 0.9065654122 0.9089929363 0.9100220416 0.9094562847 0.9172151675 0.9209578279 0.6288692138 0.9036994357 0.8258271919 0.8225857898 0.6482759987 0.7137940372 0.834835907 0.8707825512
0 0.5527252184 0.5453243673 0.5456089767 0.5535194527 0.8881450693 0.8812181652 0.8813453928 0.5112286613 0.5404671487 0.5879201572 0.7399241197 0.7402620542 0.8940111495 0.5207035564 0.5302362427 0.5292371051 0.67061626 0.8864533231 0.8864568021 0.5423403124 0.8197302114 0.5085009076 0.8206925588 0.5602482687 0.8234496302 0.706049044 0.7166763572 0.6579395855 0.7487409278 0.8526128871 0.7582665929 0.7485135159 0.7520371512 0.562815428 0.5706269319 0.5647231077 0.5746486997 0.5394000669 0.8909515755 0.5708868965 0.6203425115 0.8099118753 0.7102901706 0.5780005001 0.8227585164 0.8464812673 0.786342432 0.6449048772 0.6401226411 0.9125027423 0.9173124811 0.9096780072 0.913332955 0.9143606429 0.9152174586 0.918064421 0.9210952517 0.9214962631 0.8993618065 0.9022270759 0.6508703096 0.6550443522 0.6468639436 0.5504306693 0.6596346297
0 0.5525679082 0.6521094731 0.6826020578 0.5537139164 0.882314704 0.8784356693 0.8850052255 0.8859319517 0.5440037801 0.5443056264 0.7392786334 0.7344288913 0.7588169267 0.5286384474 0.5204800894 0.522363623 0.525849451 0.5525260211 0.809378892 0.5238639421 0.8139176678 0.8136885695 0.5593293025 0.8182628879 0.6221179286 0.8315731455 0.7394844528 0.7462004588 0.7477444612 0.7409036096 0.7460075024 0.7482815703 0.7487481478 0.5701927221 0.5619656061 0.5675848514 0.7549859733 0.7058157517 0.5344372727 0.8857668245 0.5316465201 0.6130787387 0.6433820323 0.6448109784 0.646284967 0.632295122 0.6455706991 0.646151801 0.6390507975 0.8947102832 0.9136173629 0.7313881683 0.6783691582 0.6785147465 0.6716951196 0.6703576371 0.9290907605 0.9226289817 0.5439686005 0.8662884018 0.7744919113 0.7329992523 0.8048394468 0.5752468941 0.8387077202
0.5826787693 0.6594535633 0.6563528157 0.6611318921 0.6358070289 0.8851914108 0.6133334884 0.8841442816 0.8865968307 0.8406843075 0.7391511182 0.7324179715 0.7736698867 0.7651407788 0.7568498461 0.5235210436 0.5251282222 0.5481234894 0.5563811554 0.8017318465 0.8112195759 0.8089591813 0.8068513943 0.8130777383 0.5682767521 0.5997833947 0.5757280822 0.7382797621 0.7378336729 0.7397610882 0.7432051465 0.7444307091 0.7458504656 0.7570799487 0.569116035 0.5704575949 0.5703538748 0.5754947726 0.6988732794 0.7132748266 0.530725616 0.7107740567 0.5047001979 0.6132689686 0.6379719281 0.6303345792 0.6244511634 0.7499336311 0.665715913 0.6263216323 0.6849550763 0.8203998497 0.6183857613 0.6701891181 0.669991402 0.6674323958 0.6669330527 0.6810053851 0.6805335573 0.6073540173 0.7042558429 0.8731328581 0.8744724368 0.584514448 0.5773721156 0.8299527386
0.5734029863 0 0.6348241891 0.6318117234 0.8790881503 0.8233187667 0.8884858348 0.8850713033 0.8623939023 0.8596651326 0.8087935025 0.7372610053 0.7704460753 0.765144267 0.5236704768 0.5297447437 0.5319529092 0.8928678206 0.8145517845 0.822962366 0.711921876 0.8101972032 0.8107873304 0.815739406 0.5779748002 0.5719530451 0.5526521819 0.7475481243 0.7466085659 0.7375439848 0.7408260213 0.75415435 0.7504730121 0.7651198807 0.5252805997 0.5202567503 0.5212458534 0.6981013858 0.7077006205 0.5787321859 0.7059852167 0.7112202377 0.611488754 0.6145770487 0.6127544569 0.6310542342 0.6224079848 0.6180923037 0.6183573421 0.626080793 0.8153070568 0.8222844052 0.8083328412 0.8175314997 0.6696282759 0.6609371007 0.6658932415 0.6716334505 0.6435171986 0.829148596 0.8703228851 0.8691013781 0.7939032128 0.5777129859 0.5833855356 0.8349430706
0 0 0.6411105597 0.6364021035 0.816584342 0.8169676209 0.8694102912 0.8665128042 0.8570555978 0.8569895822 0.8657967517 0.8735032991 0.7680741337 0.7981530367 0.7942167849 0.7952469014 0.7280737491 0.8950720289 0.8986407494 0.8113101965 0.7162403914 0.7069760163 0.7075583542 0.7145214723 0.5747074078 0.5802868616 0.5785893669 0.9100025419 0.7444237765 0.7467674062 0.7381019062 0.7434717975 0.5189250059 0.5336333197 0.5257022618 0.5173414224 0.521711977 0.7022773954 0.7095762864 0.7126551845 0.7066966375 0.7091923588 0.6157995411 0.6079538782 0.6092191083 0.6064149036 0.613227649 0.6168700935 0.612446987 0.6245707141 0.8154751609 0.8139631718 0.8084346021 0.8083053184 0.6621375088 0.6687707866 0.6610254257 0.8791678356 0.6628606427 0.6717625986 0.5458222537 0.5463712364 0.5472300383 0.6551528866 0.6624091431 0.8089235164
0 0 0 0.8176012842 0.8248288996 0.8242906476 0.8691653155 0.8669142571 0.8648159669 0.8576409333 0.8586478145 0.7534500766 0.8048837329 0.7965437233 0.7942579167 0.8006424838 0.8015775889 0.5848588327 0.7341158036 0.679178935 0.697916748 0.7099914353 0.7047768756 0.7050520282 0.7215016649 0.8781931718 0.9032616781 0.7795881299 0.9014782553 0.5560515621 0.7514111043 0.6428527717 0.8175467206 0.5176633222 0.5173639537 0.5229628468 0.521521991 0.5270892855 0.7090110544 0.7160500369 0.7139326695 0.7169492053 0.6105144561 0.6016853597 0.6057454917 0.6048528561 0.6105055842 0.60754062 0.6166960068 0.8180833581 0.8006355311 0.8065402711 0.8045409549 0.812566643 0.6712629681 0.6784199435 0.6701062167 0.6636996677 0.6681082398 0.6691246678 0.5455759325 0.5445850073 0.5512652952 0.6552847497 0.6643909035 0.7007717757
0 0 0.5087434502 0.5122509453 0 0 0.8740674424 0.8694665346 0.527580683 0.5230673415 0.5274194658 0.8616056999 0.8021744147 0.7436395586 0.516305232 0.8040810534 0.8547761641 0.8545759613 0.5940559139 0.7802949349 0.719559894 0.6088808813 0.7111852293 0.712984281 0.668125463 0.5101833106 0.8977706382 0.8935837742 0.8937177864 0.9081291863 0.5216197921 0.8194991791 0.8131363001 0.5437303749 0.5394968009 0.5270330576 0.5215586791 0.5312216823 0.5363702725 0.7127965152 0.721470403 0.717243645 0.6067784315 0.6045729273 0.5961206165 0.6051899721 0.6072152515 0.6147731906 0.6102733595 0.6230029982 0.8005681037 0.7972452416 0.7983328366 0.8116094989 0.6837786006 0.7610065434 0.6864272917 0.6723267282 0.8954843601 0.5065349419 0.7273020702 0.545282532 0.8118344831 0.820020421 0.8293112608 0.6924731833
0 0 0.5076309222 0.5070109829 0.5147824691 0 0.7660850674 0.767456581 0.5254603406 0.5316407583 0.527929876 0.5311444352 0.746067979 0.7502360685 0.74426429 0.7460053829 0.8570802042 0.6035412736 0.5986311086 0.5982809966 0.6950962679 0.7156039824 0.7182784977 0.7162100447 0.5060767823 0.5306278632 0.5257777942 0.8960744427 0.8962830529 0.7253458613 0.8987162621 0.8096289357 0.809923565 0.5400305565 0.5375080862 0.5303175162 0.5354619018 0.538595673 0.5409552032 0.7186170225 0.721851451 0.7284507368 0.8007569969 0.5988057114 0.6059519881 0.6034522458 0.614254799 0.671873869 0.8113803598 0.8028253757 0.8018298609 0.798215306 0.7986826055 0.8058573036 0.808272609 0.6908458636 0.8437409026 0.8495717384 0.8455152004 0.5364095573 0.7881411812 0.5534492516 0.7046955853 0.8233063594 0.8273570077 0.7205376002
0 0.7709080299 0.5390591021 0.5080405002 0 0 0.90865233 0.6312083926 0.873821775 0.581247819 0.8234145025 0.7404635824 0.8512137881 0.5713587675 0.5667437012 0.5664093501 0.5505237133 0.8604443264 0.6064239961 0.5161457194 0.6067222611 0.6116232878 0.7242516953 0.5081522802 0.5083449338 0.5133669525 0.834729511 0.9043533621 0.7886295637 0.7064950934 0.5946255823 0.8115697734 0.8169298233 0.5471815561 0.5402081068 0.5422267784 0.8314549578 0.8296818049 0.8322027072 0.5429649436 0.5448918826 0.8263389216 0.721824718 0.71716599 0.7222193095 0.5014586733 0.6752251291 0.8182401066 0.811920852 0.8023665605 0.8085797675 0.799864864 0.8041607177 0.8078069685 0.8120644781 0.8178481751 0.8147703842 0.854792183 0.5064506605 0.5476220786 0.5609604414 0.8518149267 0.8573089828 0.6730065206 0.6670176153 0.6624759564
0 0.7810436349 0.8504467298 0 0 0.898729829 0.8795981878 0.7236287991 0.7755868134 0.6884557331 0.566980526 0.7962031595 0.7176100227 0.5671819105 0.5645936031 0.6626187584 0.7650680604 0.863048913 0.8725725297 0.6446543983 0.6027334865 0.6043546223 0.5591835754 0.8541836061 0.7174688771 0.6020634696 0.5979108836 0.880891691 0.7735874238 0.708259146 0.6071259667 0.6413859876 0.7012697915 0.5517956635 0.5484145262 0.5473744655 0.8341697935 0.8349184994 0.7775958326 0.6368740595 0.5524660731 0.8234627114 0.8188526874 0.7141740956 0.8164135563 0.6927734301 0.6634945732 0.5848212864 0.677753158 0.5446336862 0.5374970716 0.8057054047 0.806621605 0.8128184877 0.8129753909 0.8143241517 0.7966549947 0.6886243434 0.7370413751 0.7407777004 0.7401666995 0.6225949436 0.8497546551 0.8441880748 0.6653514033 0.6583072912
0 0.6914667565 0.8575269961 0.6851237132 0 0 0.8994783558 0.7905538631 0.7859241859 0.7937695738 0.6752679099 0.7864772782 0.7180637218 0.7684398133 0.7213804476 0.5658261791 0.8754819524 0.5468659764 0.6738666568 0.6757415053 0.5861481715 0.8898433454 0.7162842755 0.5769215772 0.5940491871 0.5953999518 0.5988440268 0.8752124595 0.8001114763 0.7120142276 0.603907492 0.5956244832 0.6026842709 0.6575175119 0.5579880603 0.5844569061 0.5787310338 0.5805198357 0.8424155564 0.6460189846 0.6443606718 0.8274994055 0.8582202155 0.8090659783 0.8167611554 0.6559232974 0.5445420791 0.5403021387 0.6261793999 0.7128716794 0.7113255502 0.8223070246 0.8221504096 0.8246939033 0.8221877538 0.7725267597 0.7914311972 0.6448714487 0.7414256234 0.7352533901 0.735736096 0.7517502268 0.8705753632 0.8431872346 0.6650761518 0.6574087046
0 0 0.6865575266 0 0 0 0 0.7947683276 0 0.7861803853 0.5322835137 0.875667627 0.7200768071 0.7123231567 0.7111944087 0.7136543321 0.8719386349 0.8661703553 0.8545722025 0.6657954688 0.6623798087 0.6602379407 0.6761505547 0.6882590175 0.5917090067 0.5900182865 0.5932342082 0.6029953927 0.5545073381 0.8609489081 0.5970153348 0.6014004313 0.5992890003 0.5697868536 0.5376509678 0.5803591552 0.577721318 0.5662214589 0.5705189921 0.5637099471 0.5716250652 0.8138997831 0.8141583083 0.6437047855 0.6464006961 0.7177171512 0.6503734115 0.7151397781 0.8088268166 0.8858984509 0.7062584185 0.8268474673 0.8288575679 0.8218814303 0.8295165502 0.6671910528 0.5552482404 0.6409433048 0.7381923209 0.5831384299 0.737132743 0.546481287 0.8517137279 0.8480144843 0.8511008432 0.6545891031
0 0 0.6965166345 0 0 0 0 0 0.6854773155 0.8063586025 0.5148774521 0.5111390435 0.5166151627 0.5230723693 0.7085935643 0.7087016829 0.8628813347 0.8725713768 0.6691382109 0.6629414782 0.6570863406 0.6630829335 0.6435285308 0.6853657511 0.5876675275 0.5861803082 0.5878106429 0.5259815677 0.6693371593 0.6693431166 0.6733336654 0.8407098805 0.6100800003 0.5743433954 0.5685615534 0.5647224564 0.5778743715 0.5687602292 0.5623012601 0.5690412258 0.5688209532 0.6274145546 0.6397792685 0.6364890179 0.6373618545 0.6409073244 0.8787608203 0.7131983764 0.7114514294 0.7067416423 0.7151531647 0.7073926975 0.8234059646 0.8281916816 0.5946012831 0.654921845 0.7261157773 0.6773663163 0.6356612479 0.6799906973 0.5479139752 0.5423646327 0.549667745 0.702339163 0.8610073657 0.6967998962
0.8149317522 0.5869728842 0 0 0 0 0 0 0.7912565297 0.5055036897 0.50425852 0.5083028875 0.5144263496 0.5218782026 0.7117000949 0.7087380612 0.6235146028 0.6607654867 0.51014578 0.6599462268 0.6623782836 0.6665528495 0.6855309481 0.8477490843 0.5893218247 0.6591498859 0.6632039582 0.6614986953 0.6676202555 0.662934531 0.6653372149 0.6623979082 0.7034414355 0.5779207343 0.560196445 0.5589011051 0.5589469457 0.564650624 0.5627024139 0.5677095303 0.6990284359 0.6353116595 0.6382117719 0.6305245984 0.631236398 0.6286253051 0.6379950846 0.6382155426 0.7081001626 0.7185532059 0.5463208043 0.7213276091 0.8239267887 0.8852677354 0.6498112787 0.6597145929 0.6728857642 0.6722752741 0.6706369895 0.6752421 0.8069056842 0.8845402333 0.6462320238 0.8732982879 0.6982983043 0.5056986801
0 0.5922662522 0 0 0 0.6215155104 0 0.6183353522 0.55704189 0.5032883149 0.5018136566 0.5079557723 0.5170256851 0.5185476209 0.593914513 0.8843002688 0 0.7973134311 0.8059674007 0.6401148468 0.5317598693 0.633890493 0.8513657074 0.6191040312 0.5981061673 0.6611489714 0.6562372073 0.664326742 0.6418994451 0.657136407 0.6556716019 0.6623983197 0.5489587649 0.8226385272 0.5664863886 0.5626899436 0.5540293539 0.5560519038 0.5717449487 0.5707312059 0.7449833867 0.6043903486 0.6328780071 0.6300325245 0.6283895938 0.63426407 0.6349876395 0.642073274 0.6402074558 0.8907433637 0.7190524264 0.7186860795 0.8622325896 0.6571338273 0.6651571158 0.6514252505 0.6816782638 0.6751903099 0.6803190905 0.6799076361 0.6376944368 0.6341882059 0.8780802964 0.5018250221 0.8705395534 0.7424531035
0.871193553 0.5445753419 0 0 0.5117647332 0.6268307777 0.6178809603 0.6216443483 0.6269800362 0.601169053 0.503902535 0.5048442352 0.5170903217 0.7592774842 0 0.8722310191 0.8765503969 0.8705076745 0.8787295944 0.6415638032 0.6334989144 0.6351233824 0.5534540154 0.5545372325 0.7995865245 0.6568502048 0.6644428924 0.6581253775 0.6356315221 0.658776791 0.6580230609 0.6561063432 0.6717103958 0.5081857464 0.576351866 0.5638110924 0.5639168452 0.5636152478 0.5595803662 0.7353880425 0.735140072 0.7364063635 0.6393731879 0.6364496006 0.6288855412 0.6379451143 0.6360076996 0.7488152241 0.8439017536 0.8395825037 0.8442085248 0.8377976152 0.8573454062 0.7993257354 0.7362439131 0.8407454264 0.821214831 0.5821695229 0.6099457593 0.7159663034 0.6340434029 0.6288772513 0.6343312941 0.8650277455 0.8676793237 0.8157699038
0 0.7403408801 0 0 0.6218680531 0.7727609573 0.6198637069 0.6173175717 0.6647945731 0.5094407575 0.5041263892 0.5135766852 0.5123607832 0 0 0.8738339686 0.8676112164 0.8768908191 0.8787556956 0.5869995693 0.6400721787 0.8041769833 0.5468006548 0.5497433682 0.6635604542 0.9148123415 0.9105001115 0.6025501386 0.6395650613 0.6449227334 0.6670298695 0.539387033 0.7654542425 0.6090321331 0.6087307983 0.568107945 0.5654670339 0.5666713964 0.809898489 0.7337962473 0.7316264497 0.7407235605 0.6389790112 0.6388644224 0.6382578903 0.6404882585 0.6467310967 0.8459426578 0.850656098 0.8394106738 0.8370528328 0.8454083785 0.8369625635 0.6867254584 0.6834546875 0.5483002281 0.6048442459 0.639004325 0.5190981612 0.60525087 0.6517422617 0.7547463847 0.6479326239 0.8156103851 0.8692555836 0.8959305095
0 0 0 0 0.6147092037 0.6071125643 0.6137087694 0.619426943 0.6238608264 0.5547871009 0.6133778937 0.6148306165 0 0 0.7139684493 0.8707752846 0.8740671217 0.7384467233 0.8836720198 0.8905529727 0.5570876588 0.5504404042 0.6924866244 0.5468552963 0.7678637082 0.9071695096 0.9070928604 0.5384352924 0.7469948225 0.8247355861 0.6133021668 0.6069889989 0.6064678071 0.6065120814 0.606230363 0.7291684908 0.7194349741 0.7236493764 0.5702511112 0.7322018192 0.7360337407 0.7337457875 0.7457263356 0.64439482 0.6497798908 0.8510597265 0.8439888249 0.8457798904 0.8490505333 0.8465495555 0.83818784 0.8354372916 0.8429870142 0.8480730141 0.7081613645 0.7137367628 0.5091331119 0.5980154444 0.5100282646 0.8115406869 0.8429953649 0.6455843439 0.6500715975 0.8356756891 0.8815492022 0.8296435296
0 0.7355014809 0 0 0.6130640811 0.606053485 0.6105837693 0.5550521973 0.5513267705 0.5517667684 0 0.6160103008 0.8962987658 0.8955847722 0.708574671 0.7094020532 0.7409714969 0.7438652393 0.7476709222 0.8887225156 0.797308778 0.5590413744 0.5505010571 0.6438039737 0.8962111214 0.8989246765 0.5955008601 0.8755895554 0.5122207699 0.8660449157 0.8150456958 0.8570758665 0.7969642843 0.5999934971 0.6751945378 0.6814674657 0.5841201163 0.7284815416 0.6819231579 0.6729717363 0.6754310628 0.6778029713 0.6707947125 0.8729894064 0.8687496243 0.8499510657 0.852525637 0.8513843692 0.8479684759 0.8471614903 0.8377237304 0.8398281127 0.8393656933 0.7097322415 0.7049472412 0.5095185702 0.7364420145 0.7366242525 0.7355423816 0.5151307712 0.6543526255 0.6478076829 0.6543218831 0.8326886116 0.7700181039 0.6424722254
0.5989729185 0.8155233052 0.6416958354 0 0.6043192218 0.6130724313 0.5489438492 0.5527820149 0.547061296 0.5554859717 0.5607496614 0.7313702333 0.9017222513 0.7096346613 0.7130082406 0.7147596085 0.7421015373 0.7460371877 0.7534821863 0.8731943108 0.5977279589 0.6071399793 0.5514037565 0.5459436104 0.8952624824 0.7023911645 0.8226834431 0.6116179793 0.7568497871 0.7513210584 0.7575332012 0.8157096037 0.6087059497 0.6796773347 0.6723456847 0.6734908617 0.5879537469 0.5913167056 0.8326055584 0.6593566801 0.6628447161 0.6680294343 0.6772180332 0.8702988357 0.8643602826 0.8601038826 0.8069049064 0.8550741937 0.8574850155 0.8444132576 0.8445717546 0.7569663769 0.7826444425 0.704934759 0.7065709674 0.705105122 0.7349060044 0.7292994773 0.7315410798 0.6580857518 0.8497341392 0.853355284 0.7973191833 0.8370723852 0.7785332814 0.881972378
