landscape/hab_quality/256/simulation_000007_p030_h015_HABMAT_patch_more_500pix_modified.asc_ac_0.5_quality.asc
NCOLS 513
NROWS 513
XLLCORNER 0
YLLCORNER 0
CELLSIZE 9.980507
NODATA_VALUE NaN
[rows 33 to 65 of 513, columns 219 to 291 of 513]
0 0 0.8441286488 0.8058255792 0 0.651420226 0 0 0.7756321501 0.8885871611 0.8878129513 0 0.7284824877 0.797546726 0 0.6782923919 0.7140528242 0.5753078605 0.775093653 0.7771438147 0.7793991179 0.567601894 0.5649256268 0.5555909124 0.5528242071 0.6841486964 0.6591604773 0.6318226626 0.5519889587 0.5530328666 0.5729289906 0 0.7140348182 0.7173933031 0 0 0 0 0 0 0 0 0 0 0 0.8986623272 0.7657630618 0 0.8309749581 0 0 0.731802276 0 0 0 0 0 0 0 0 0 0 0 0 0 0 0 0 0.768179457 0.5187597977 0.5130822007 0 0.5112538161
0 0.5718004571 0.7199621949 0.8863976258 0.8887624219 0 0 0.768711036 0.7698765314 0 0 0 0.813049296 0.5047829878 0.675962132 0.580301198 0.8078595333 0.7684377192 0.7799296981 0.7786524222 0.7214308088 0.5654572579 0.5586982663 0.5517362873 0.5466361723 0.7155041198 0.5987974829 0.5513069411 0.5463908404 0.5515332396 0.5267952559 0.5706986658 0 0 0 0 0 0 0 0 0 0 0 0 0.8920876627 0 0 0 0.8344005943 0 0.7251965663 0 0 0 0 0 0 0 0 0 0 0 0 0 0 0 0 0 0 0.5991941753 0 0.7662037596 0
0.5769092199 0 0.8818710854 0.8812692156 0.8844888661 0.8900588467 0.7715883764 0 0 0 0 0.6194302869 0 0.7985331845 0.6694559389 0.8168455703 0.6430500151 0.5236003339 0.8378499434 0.8396821811 0.5273130267 0.5247800081 0.5230845583 0.5490363774 0.5287638267 0.5192590583 0.7289499357 0.5481226678 0.5563977565 0.5501811356 0.7119439877 0.7057960016 0.7042133328 0.7068629519 0 0 0 0 0 0 0 0 0 0 0 0.8897017806 0 0.7961762932 0.7893153738 0.7291760471 0 0.5200994279 0 0 0 0 0 0 0 0 0 0 0 0 0 0 0 0 0 0 0 0 0
0.6492556309 0 0 0.8782863578 0.8865881063 0.8880245756 0 0 0 0.7601929948 0.5187737863 0.6005470099 0.7482921749 0.7475604373 0.5487192418 0.7293200145 0.7337340677 0.8372417454 0.71643983 0.8410575797 0.730582112 0.51755006 0.5173286321 0.5141668226 0.5095473222 0.5161764065 0.6343246213 0.6609228147 0.5525090511 0 0.82173415 0.7094784947 0.7086398774 0 0 0 0 0 0 0 0.7516709084 0 0 0 0 0 0.8904555057 0.7868639785 0.7963775635 0 0 0.560883787 0.5638806663 0 0 0 0 0 0 0 0 0 0 0 0 0 0 0 0 0.6809144734 0.6856427381 0 0.845111744
0.731673826 0.6199216014 0.8861819174 0.8170197237 0.8862404338 0.8924192 0.6257542526 0 0.7593367778 0.755103394 0.5556537152 0.7459075097 0.7429813187 0.5703638375 0.6505286623 0.6515869042 0.647274058 0.6631669092 0.8193238078 0.7217747711 0.7285427672 0.5268207281 0.5219792423 0 0.6667479131 0.6624917924 0.6707349311 0.6416778347 0.7788319472 0 0.7171957779 0.8967556923 0.7058520316 0.7091201636 0.7103246192 0 0 0 0 0.6268242806 0 0.6226085795 0.6254582939 0.6417948519 0.5931861208 0.8011148455 0.7873178007 0.7915788471 0.7957143651 0 0.5608245822 0 0 0 0 0 0 0 0 0 0 0 0 0 0 0 0 0 0 0.7627060458 0 0 0.7960583734
0.6114300002 0.8919705163 0.6824927237 0 0.5868008231 0 0.7411306024 0 0.7691815645 0.7654144453 0.7406650548 0.7363967079 0.7460775201 0.5972094155 0.6529427953 0.6463861882 0.6526128959 0.6691907285 0.7580879862 0.7603600305 0.724344641 0 0.5190288757 0 0 0.6612273237 0 0 0 0.6146025509 0 0 0 0 0.7170186214 0.7100717165 0.7104437104 0 0 0 0.6286036306 0 0 0.7682386355 0.7747525925 0.7950249283 0.794459972 0.7990550312 0.5625966366 0.5645553531 0 0.560650364 0.5718510587 0 0 0 0 0 0 0 0 0 0 0 0 0 0 0 0 0.7934456753 0.6876285218 0.6983689445 0.7864632552
0.6150041764 0.5897224639 0 0.8117239387 0.8762238919 0.658500051 0.8696011279 0 0 0.5419783585 0.8845270061 0.7397028413 0.7467041028 0.7402210521 0.6478135239 0.6044708864 0.6494652193 0.5708623619 0.573547392 0.7657648019 0 0 0.6901289339 0 0 0 0 0 0 0 0.8989958584 0 0 0 0 0 0 0.656858339 0.6605988687 0.7730008238 0.8513324184 0.6697700028 0.6321471416 0.7703815668 0.7501596199 0.8003178883 0.7979231794 0.8010499914 0.5293920804 0.5613981678 0.5554832921 0.5573808279 0.8882805555 0 0 0 0 0 0 0 0 0 0 0 0 0 0 0.79729593 0 0.8110643879 0.6707554159 0.6974819643 0.7951280302
0 0 0 0 0.5271867771 0.8693338129 0.8750231712 0.5035092545 0.6761739777 0.7311234134 0.7434629711 0.7341695482 0.7353054829 0.5287018119 0.5263938826 0.5577330877 0.5611709482 0.5699457513 0.5551471098 0.5555025644 0.5496321433 0 0 0 0 0 0 0 0 0 0 0.8896764384 0 0 0 0 0 0.6513110326 0.6562210114 0.7527868372 0.9003920219 0 0 0.836747863 0.8439303386 0.8222460073 0.5669739287 0.8076590131 0.7508250604 0.7490998891 0.7576142045 0.560888493 0 0 0 0 0 0 0 0 0 0 0.5734457568 0.5654261973 0 0.6113075226 0.6323947703 0.5492221849 0 0.7871775294 0.7921439346 0.7046169773 0.600375542
0 0 0 0 0.7371424265 0.7346908685 0.615487569 0.8699429557 0.5165272642 0.5069453303 0.7476681457 0.738563752 0.7287024327 0.5212914444 0.5231302319 0.5164290755 0 0 0.5549526116 0 0 0.6500769284 0.6449859106 0.6571787531 0 0 0 0 0 0 0 0 0 0 0 0 0 0.660961424 0.6555847594 0.8478594145 0.8909249503 0 0.5412728543 0.6149589412 0 0.801628721 0.8101584405 0.8100252056 0.7516469602 0.7570169755 0.7494648347 0.661232421 0 0 0 0 0 0 0 0 0 0 0.5615838001 0.5655415513 0.8927953787 0.6185919249 0.6116371808 0.7940349625 0.7955097579 0.5438361944 0.5519001368 0 0.831588072
0.5958221624 0.7270129099 0.7258409706 0.7266503858 0.7300005683 0.7392907408 0.5871363034 0.5184557696 0.5163094919 0.5135911365 0.8295657275 0 0.6913993492 0.8449610028 0.5158801526 0.8103303071 0.7146318215 0 0 0 0 0.6483571986 0.5058362448 0.6558006964 0.6566871954 0.6580970975 0 0 0 0 0 0 0 0 0 0 0 0.8755393616 0.8441050185 0.5384934851 0.8486120161 0.8881838489 0.7332232052 0.7236570864 0.7319861506 0.6209981475 0 0.8045978331 0.802826852 0.6145399148 0 0.5146751742 0 0 0 0 0 0 0 0 0 0 0 0.5688921988 0 0 0 0 0 0.5523518826 0.5431733004 0.5503915609 0
0.8039617729 0.7350407507 0 0.7245064059 0 0.7326765771 0.6999109676 0.5720004682 0.5233095383 0.536230857 0.6263926393 0.6915724631 0.5290522093 0.5211419554 0.5189074335 0 0.8436491342 0 0.7925522333 0.748355153 0.7465593438 0.6514783322 0.6468756752 0.6486483253 0 0 0 0 0 0 0 0 0 0 0 0 0 0.8731029322 0.7894624136 0 0.8905047691 0.8858650239 0.883434983 0.7242719172 0 0 0 0.7989986806 0.8084099777 0.7029422723 0.6770368452 0.5200337256 0 0.5057581657 0.5059032788 0.502180679 0.5316515798 0.8097728949 0.9004508971 0.9000161822 0.8923062609 0.5745799291 0 0.7366458951 0 0 0 0 0.7503532348 0 0 0.5409209063 0
0.8130458852 0.8158802813 0.7260200012 0.7421531538 0 0 0 0.5246940658 0.6193079558 0.6098244887 0.8336618847 0.7099390887 0.5237612508 0.8894950138 0.5234210477 0 0.5332961291 0 0.7525876326 0.7513133148 0.7535873985 0.6476820176 0.6459822457 0 0.6501419453 0 0 0 0 0 0 0 0 0 0 0 0.5960167957 0 0 0.6542999543 0 0 0.7286962695 0.5668955903 0.7307184234 0 0.8011655472 0.8035900221 0.8010018905 0.6931052937 0 0 0 0.507703177 0.5004353171 0 0 0.5257623583 0.7530901869 0.535067682 0.7397458034 0.5808362207 0.7343518655 0.7323951839 0 0 0 0 0 0 0 0.5070204607 0
0 0.6425109103 0 0 0 0 0.7398143517 0.5994807223 0 0.6063101093 0.6047282928 0.6539582583 0.6443525623 0.8534702419 0.8820618458 0.8584862844 0.8105897448 0 0.818534394 0 0 0.6481549458 0.650381826 0.8491347974 0 0 0 0 0 0 0 0 0 0 0.9020307632 0.9116045917 0.9105956607 0 0 0 0.6657275686 0.6612018978 0.6677594203 0.5667781994 0.5609553108 0.5641316933 0.5741097711 0.8094494394 0 0.5681384397 0 0.5133542385 0 0.5076418906 0.5022164805 0.5071366734 0 0.5182131803 0.5255985532 0.5409354737 0.5399737103 0.7387979557 0.7371739634 0 0.6137747543 0 0 0 0 0 0 0.5324592906 0.7894812841
0 0 0 0 0 0 0 0.5946983094 0.6016161451 0.6128190073 0.6757872072 0.675452371 0.8642308727 0.8598772044 0.852597046 0.8390872185 0.8056144865 0.8096948022 0.8136292219 0 0.6524998222 0.6529108371 0.8640220036 0.87422069 0 0 0 0 0 0 0 0 0 0 0.8981677152 0.9049791429 0.9095513616 0 0 0.8142675053 0 0.6629514832 0 0.5676581316 0 0.563094311 0.5666167769 0.5822346109 0 0 0.7369687391 0 0.5640396576 0 0.5153910411 0 0 0 0.8328265753 0 0.8363425846 0.740741023 0.7378680199 0.7449324402 0.6156630023 0.7336083375 0 0 0 0 0 0.6902700497 0.5681881343
0 0 0 0 0 0 0 0.5959765877 0.5994892827 0.6024936077 0.6762893549 0.7643997193 0 0.8890069011 0 0.8464742462 0.8365951371 0.8030525398 0.8099967191 0.8160314374 0.823419543 0.8644691332 0.6792121909 0.8949691279 0 0 0 0 0 0 0 0 0 0.9033627201 0.903357465 0.9072163231 0.9100161586 0 0 0.8085897145 0.8118140276 0 0.8278167473 0 0.5700348542 0.5707066146 0 0.5031602769 0.7456090075 0 0 0.7335716408 0.5550221855 0.6215126696 0 0 0 0 0 0.8324687518 0.8365813127 0.8354462265 0 0.7328999209 0.7140678451 0 0.725101432 0.8178611089 0.8633908956 0 0.6547024519 0.8610383767 0.5551989352
0 0 0 0 0 0.7666750906 0.7611088657 0.6119501069 0.6106595205 0.6113342933 0.6107759089 0.6761202594 0.6728137124 0.6732306085 0.6550687752 0.8399148186 0.8040742129 0 0.8082011045 0.8157784924 0.6338193252 0.636239008 0.6718338813 0.6772598258 0 0 0 0 0 0 0 0 0 0.6855533952 0.6347155483 0.9064786656 0 0 0 0.8032353225 0 0.7593094793 0.7571442435 0.7602352712 0.6011357689 0.6023267537 0 0 0.6895030644 0 0.545381836 0.620027324 0.61183836 0 0.5435326549 0 0 0 0 0 0.8296683968 0 0.7362574966 0.7306694495 0.7278100321 0.7240905097 0.739805606 0.7378018764 0.7348205167 0 0 0 0
0 0 0 0 0 0.6153887585 0.7659199805 0.6161503127 0.6116680484 0.6122248152 0.6680478806 0.6631026848 0.6505064546 0.6459608913 0.6476278376 0.6489913781 0.8069250023 0 0 0 0 0 0.6300993639 0 0 0 0 0 0 0 0 0 0 0.6329878562 0 0.6383215867 0.7104603129 0.515814594 0.5203624437 0.5179268097 0.8701888933 0.5259617405 0.8165976755 0.7582900385 0.7602368321 0.6063754307 0.8540932395 0.6968176879 0.6052644544 0.5979124921 0 0 0 0 0 0 0 0.5264041018 0 0.8312141003 0.8298191503 0 0.737598612 0.732711404 0.7261981285 0 0.7323134937 0.7366203294 0 0 0 0 0
0 0 0 0 0 0 0.601368412 0.6137867356 0.5865990607 0.6759452844 0.6707008532 0.6660556076 0.6613107896 0.65218736 0.6446551485 0.6612875453 0.6652976111 0 0 0 0 0 0 0.6430783777 0.6440864997 0 0 0 0 0 0 0 0 0.6368504887 0.6341530961 0.5269481977 0.5249596384 0.5171358013 0.5120366783 0.5176551755 0.5228482725 0.529959674 0.5335702402 0.7777839254 0 0.8496413572 0 0.5926019858 0.5944758939 0.5968712056 0.5997283015 0.6095660271 0 0 0.6465362776 0.6409157027 0.8718558053 0.5132088684 0.5228335254 0.6029268611 0.7639203391 0.7601053265 0.7640309182 0.6641083181 0.6580587259 0.7483553342 0.739732531 0 0.7389997852 0.7495044208 0 0 0
0 0 0 0 0 0.6071537832 0.5471458371 0.5392605576 0.8210210486 0.6833977847 0.6735771172 0.6675390194 0.6563444831 0.6535235653 0.6492959253 0.6531571178 0.6545145607 0 0.8714964643 0.6275972769 0.6229702013 0.62285667 0 0 0 0 0.7703708178 0.7702632366 0.7691901352 0 0.7866583404 0.6439428096 0.6141979184 0.8040756657 0 0.5264107383 0.5220765131 0.5186434866 0.521603017 0.5207494005 0.522905546 0.735625804 0.5383195265 0 0 0 0 0 0 0.5939989785 0.6022319117 0.6041051842 0.7272145296 0.7306722751 0.637912144 0.6449481129 0.5437731328 0.5130394288 0.5193755303 0.7721599774 0.5251142191 0.7597330803 0.7665885767 0.7677215084 0.6602070259 0.747945449 0.7438728591 0 0 0 0 0 0
0 0 0 0 0 0 0 0.5382925187 0 0 0.5305283671 0 0.6535892792 0.6508401359 0.6498926781 0.6542453911 0.6616564864 0 0.876279722 0.6314171307 0.8609581331 0.6302680183 0 0 0 0.7292399658 0.776808613 0 0 0 0 0.5563885275 0.82296529 0.8510864217 0.5337778547 0.5293428629 0.5193215733 0.5232621167 0.5283253259 0.5348069028 0.8610886243 0.7409889083 0.736142813 0.7445507311 0.7265633493 0 0 0.5891497944 0.5946882957 0.5910052878 0.6032960394 0.6093260561 0.7951892654 0.7357651997 0 0.6445157832 0.5161230573 0.5109327806 0.5128813894 0.7940871077 0.519446302 0.7603066777 0.7574823964 0 0 0.5588245097 0.568405074 0 0 0 0 0 0
0 0 0 0 0 0 0 0.5440377994 0 0 0.5219547615 0.527436094 0.5237453459 0.850911775 0.8443653331 0.6684880708 0.6669486846 0.6676735012 0.8543560853 0 0 0.8612480024 0 0 0 0.7202152729 0.7196747527 0 0 0 0 0.826416951 0.8468223962 0.8412513154 0 0.8207351522 0.5410889216 0.536200757 0.5301208988 0.537757894 0.5259183298 0.649708292 0.7467504454 0 0 0 0 0.7827862979 0.8402383606 0.5616372737 0.626599526 0.6311157343 0.802274451 0 0 0.52249645 0.5129783478 0.5137075064 0.5164111705 0 0.6981082515 0.7575968337 0.7561862048 0.7603469543 0.761849465 0.5616165869 0.5610915028 0 0 0 0.7948372549 0.7882991212 0.8075781188
0 0 0 0 0 0 0 0.546045521 0 0 0.5220254312 0.5178997976 0.5156097843 0.5242931465 0.8348143714 0 0.8485650373 0 0 0 0 0 0 0 0 0.7293258919 0.7257014368 0 0 0.8176051079 0.8123880709 0.894787939 0.5462409999 0.5319899344 0 0 0.5412602451 0.5414448675 0.5396661968 0.6346840455 0.5249979228 0.5278776478 0.6804168654 0.6847394458 0 0.5111411551 0.7761733991 0 0 0.8204815008 0.7679851051 0.5584639272 0.6028612888 0.8074070903 0 0 0 0.5136500064 0.5147681457 0.5208683502 0 0.7605667771 0.7616384299 0.7558378412 0.7625045587 0.7605039255 0.8028712603 0 0 0 0 0 0.7890658711
0 0 0 0 0 0 0.8918563344 0 0.5313206021 0.5273626343 0.5225264635 0.5240107446 0.515469004 0.5184344209 0.8340061062 0.8380473192 0.8471018564 0 0 0 0 0 0.5115122245 0.5108173452 0 0.5824910791 0.6278047598 0 0 0.6079175732 0.9037057317 0.9014428458 0.9042367825 0.8419476037 0.5520972711 0.5509482143 0.5580942073 0.6278938042 0.5429690885 0.7462954171 0.5231103542 0.5296438519 0.7370066847 0 0 0.5034651483 0 0 0 0.8214292678 0.7757837815 0.76654736 0.7608841332 0 0 0 0 0.5809506213 0.5180030811 0.5245943593 0 0.6998839477 0.7176561603 0.7562431379 0.7598562716 0.7609060025 0 0 0 0 0 0 0.5323590722
0 0 0 0 0 0 0 0.8080226568 0.6141976856 0.6110712908 0.5267794282 0.5229954327 0.5238286616 0.5238801228 0.8341734299 0 0 0.8546457999 0 0 0 0 0.7264988859 0.7099179156 0.872423379 0.8037819381 0 0.6191325062 0.8288565518 0 0.6259684081 0.5394225916 0 0 0 0.5541372752 0 0 0 0.524747183 0.5318586766 0.5326346569 0.5308680916 0.7323857661 0.5121128497 0 0 0.8736230775 0 0.7727249002 0 0.7644478287 0 0.7557819078 0 0 0 0.7682001976 0.5888077475 0.5386285875 0 0.5203131848 0.5188720342 0.5206913844 0.520543031 0.5207998784 0 0 0 0.849264359 0.904262166 0 0.8001035428
0 0 0 0 0.6238471208 0 0 0.6223173323 0.8997130294 0.6072841104 0.6092852777 0.5268628901 0.5327850191 0.5311978963 0.5399752932 0.5422828114 0 0 0 0 0 0 0.7076379577 0.717202663 0 0 0 0 0 0 0 0 0 0 0.5465628875 0.8044966626 0 0.5321810661 0.5285501343 0.6194987663 0.6978610939 0.653732175 0 0 0 0.6721385327 0 0 0 0 0 0 0.7580564048 0.7578999882 0 0 0 0 0.5379457068 0.5380234246 0 0 0.5155387359 0.5163431659 0.5162976359 0.5335554865 0.5335671626 0.6082984712 0 0.8996459335 0.8990274696 0 0
0 0 0 0 0 0.631417805 0 0 0.8159178855 0 0.5298554762 0.8125434019 0.5320607894 0.5341832297 0.5396823746 0 0.5450025632 0.8620767288 0 0 0 0 0 0 0.7401206402 0.6182726107 0 0 0 0 0 0 0 0 0.7130785421 0 0.5610686764 0.6717058044 0.6263620352 0.70287549 0.6538627477 0 0.6594773641 0 0 0 0.6685243468 0.6744211457 0.7834829816 0.6666921252 0.5761258901 0.57365457 0.5747021775 0 0 0 0 0 0 0.5332240816 0.5304068086 0.5222801003 0.5135111599 0.5139231125 0.5198826061 0.5248333548 0.5302912083 0 0 0 0 0.9075099963 0.9009703034
0 0 0 0 0.5884937036 0 0.8161033996 0.8095630609 0.8066018236 0 0.8115148132 0.8257996425 0.8242163051 0.5401063478 0 0.5479710002 0 0.5461590205 0 0 0.8149871266 0.8177935517 0.8206753759 0.5674752431 0.6140779007 0 0 0.5410680675 0 0 0 0 0 0 0.6353248094 0 0 0.8127692736 0.7074806567 0.7022092494 0.706558754 0.656301346 0 0 0 0 0 0 0.6785365992 0 0.5720056581 0.5701053541 0 0 0 0.7723173087 0 0 0.5414832051 0.5384650327 0 0.5201822156 0.5194496217 0.5180106602 0.522068701 0.5310430258 0.5368147594 0 0 0 0 0.5683548712 0
0 0 0 0 0 0.5844652159 0.8198686294 0.810204625 0.808177667 0.8065981745 0.8164264218 0.8187055361 0.8131054141 0 0.8311155284 0.8309824367 0 0 0.5929911573 0.6224773093 0 0.8123229252 0.8130262827 0.8115616407 0.6177737291 0.5399793391 0 0.541615536 0 0.5253755132 0.6631455201 0 0 0 0 0.8205306372 0.8210412581 0.8152835397 0.7067819452 0 0 0 0 0.6731328229 0.6563522659 0.6622598101 0.6902196934 0.5444878145 0.8740947171 0.7810867933 0.5736071041 0.5745368154 0.6812497562 0 0 0.8331061721 0.5761950195 0 0.5390963141 0.5468796647 0.8969475483 0.5222048961 0.5221595957 0.5320131226 0.5347760972 0.5376148735 0 0 0.6391113474 0.5613880761 0.5636929979 0.5616392957 0.5631393959
0 0.8598195052 0 0 0 0.6992954457 0.5198547609 0.7493052268 0.8017355149 0.7991248524 0.8087388334 0.8099317543 0 0 0.8270240242 0 0 0 0 0 0 0 0 0 0 0.5355063064 0 0 0 0.6644483698 0 0.6725010162 0 0 0.7653415277 0.764893267 0 0.7163355148 0.6456101223 0 0.5913980547 0.6853114984 0.6729598113 0.6615496739 0 0 0.5532130067 0 0.5140303054 0.5138501705 0 0 0 0.7666845579 0.5907297694 0 0.8614726524 0 0 0.8270768048 0.8312486466 0.7061005174 0.5315551624 0.5292813487 0.5519010322 0.8635125141 0 0.5490183806 0.642047586 0 0.5545166757 0.555196443 0.5668042835
0.6014512388 0 0 0.7015556372 0.6972495619 0.5625048892 0.6921585926 0.6001419655 0.8019808616 0.8106917432 0 0 0.8167520142 0.8244157671 0 0 0 0 0 0 0 0 0 0 0.6346448023 0 0.5488009317 0 0 0.8298696495 0.7674321502 0.535044872 0.7638898322 0.7576671389 0.764668434 0.8100427561 0.7167078766 0 0 0 0 0.5958395477 0.6682333196 0.5379748112 0.5334834338 0 0 0.5133321041 0.5060337388 0.5141335766 0 0.8799025467 0 0 0 0.8769647007 0.5022256412 0.8995056631 0.8275241767 0.8309685704 0.836813154 0.7624587842 0.6370471571 0.6955821704 0.7449450276 0 0 0 0 0 0.5579814647 0.5628276815 0.565313036
0.5947760486 0.5573886237 0 0.5039556446 0.5570517588 0.7441946571 0.8348755951 0.6533481869 0 0 0 0 0.8230271744 0.6319935636 0 0 0 0 0 0 0 0 0 0 0 0 0 0 0 0.5073662739 0.7532261516 0.7192724011 0.9002613009 0.7586210544 0.7673232968 0.7651266339 0.5529364587 0 0 0 0 0.6455160867 0.7501063745 0.5291525728 0 0.6684578268 0.712060341 0.7336216307 0 0.509331396 0 0.8783226756 0 0.8760193782 0.8765701596 0.7617025736 0.881907168 0.7421335397 0.8395462557 0.834497793 0.7641294738 0.7723592581 0.6316181999 0.5681787941 0.6239670902 0.9034876836 0 0.896475426 0 0.5575405208 0.7654852062 0.5717658271 0.5685967527
0.5971248493 0.5537867021 0.5535731793 0.5499954127 0.7567579305 0 0.8203441899 0.8231283054 0 0 0 0 0.8071701549 0.8090695735 0.8080789235 0 0 0 0 0 0 0 0 0 0 0 0 0 0 0 0 0.8937834919 0.8996043856 0.6208970448 0.6126023845 0.5968272436 0.543289105 0 0 0 0 0 0.5316852497 0 0 0 0.7432204349 0.7426887464 0.529382291 0.6332614883 0 0.836560863 0.8723014314 0.8697131766 0.7594916766 0.7544810526 0 0.6735817859 0.603439985 0 0.8713088967 0.5846614871 0.5767186955 0.7582286116 0.9004313548 0.9016008609 0.8971577421 0 0 0.5597364146 0.5815226905 0.5720735195 0
0 0.7205152007 0.5485411921 0.550363689 0 0 0 0.7994126428 0 0 0.843740967 0 0.7953194404 0 0 0 0 0 0 0 0 0 0 0 0 0 0 0 0 0 0 0 0 0 0.5895883465 0.5960467903 0.538008352 0 0 0 0 0 0.786419362 0.7481005321 0 0 0 0.7436433171 0.5316180822 0.5208153698 0.7624841708 0 0.8746157768 0.7490254484 0.7560666089 0.7505218298 0.7530262123 0.766798296 0.8763291853 0.8685016232 0.8860877787 0.576297047 0.7402950383 0.5280094626 0 0.8960494707 0 0.9004947423 0 0 0.7069795729 0.5895662383 0
