landscape/hab_quality/256/simulation_000072_p058_h088_HABMAT_patch_more_500pix_modified.asc_ac_0.5_quality.asc
NCOLS 513
NROWS 513
XLLCORNER 0
YLLCORNER 0
CELLSIZE 9.980507
NODATA_VALUE NaN
[rows 432 to 467 of 513, columns 0 to 79 of 513]
0 0.5981581645 0.5167671295 0.8676515547 0.7992293715 0.9077206456 0.9040696821 0.9029056057 0.906396691 0.909092786 0.6791825697 0.8445146331 0.6380531177 0.6313737607 0.6217660505 0.6131827048 0.6062857261 0.6121594038 0.8381578711 0.845850319 0.8481026893 0.8647126946 0.6482715617 0.6408988915 0.6455751636 0.6445534409 0.6056229244 0.7646332912 0.7682539409 0.7050213758 0.7038731745 0.8602901698 0.8456027767 0.8416188485 0.8189095755 0.8355378591 0.8414000002 0.8398365078 0.6952008749 0.6943090787 0.6878511867 0.8376648683 0.8448731895 0.8389490708 0.7056291991 0.848971783 0.5021718796 0.5105126318 0.7611905204 0.7623169819 0.754698307 0 0.71327659 0.523816575 0.8201726022 0.8126477684 0.8183485469 0.8787835693 0.8821517547 0.5425180253 0 0 0 0 0 0 0 0 0 0 0 0 0 0 0 0 0 0 0 0
0 0.8341372621 0.5254588054 0.5688744801 0.6445544899 0.751051291 0.8101195142 0.8097022845 0.7774239426 0.9123880349 0.8621368333 0.6501209211 0.6405162994 0.6656404848 0.6153561458 0.6145915992 0.6139318102 0.8302054534 0.8394514254 0.8443804854 0.7116342433 0.718097353 0.6430968704 0.5726635678 0.5673924793 0.5704308378 0.6781716459 0.7618190335 0.8276822834 0.7064439021 0.6800820232 0.7124515306 0.8447125981 0.8450542713 0.7390722689 0.7406876164 0.7399559423 0.7399009969 0.6872553399 0.6865593027 0.6934308835 0.8477016105 0.7072022486 0.7029489709 0.70694032 0.6920779327 0.5105187135 0.5026573185 0.766222369 0.7573506825 0.76106827 0 0 0.7857293308 0 0.8152018462 0.5007320055 0.8856816119 0.8864252086 0 0 0 0 0 0 0 0 0 0 0 0 0 0 0 0 0 0 0 0 0
0 0.5145120496 0.6148769659 0.6607855449 0.8794581766 0.8104713848 0.8088407022 0.8124644647 0.5338736151 0.8706744113 0.8588201155 0.8526214089 0.8603880698 0.6300953041 0.624319687 0.6214362277 0.8375754219 0.8371262752 0.8395728729 0.8435896733 0.847851968 0.5664911212 0.7361632073 0.5639507105 0.5655796821 0.5603127889 0.5335866231 0.532725238 0.5325929252 0.5326798225 0.6420298264 0.621486676 0.5202482627 0.6287064618 0.7429394738 0.7385761422 0.7385447773 0.7394647065 0.6878501051 0.693189842 0.6608622592 0.8047065146 0.7031743059 0.701129628 0.7048621042 0.7126748761 0.6112057252 0.5622329442 0.7651137018 0.7645788474 0 0 0 0.8031121003 0.8064199841 0.7306885692 0 0.7133841287 0 0.7583078995 0 0 0 0 0 0 0 0 0 0 0 0 0 0 0 0 0 0 0 0
0 0.7908446488 0.6193654516 0.8732030578 0.8168958765 0.8176389668 0.8182650374 0.5302426983 0.5390091981 0.8813876225 0.861553156 0.8524503178 0.755523072 0.6314940412 0.6342521322 0.6278476 0.8415371967 0.8379471454 0.8453280806 0.8957109752 0.5685489291 0.5584878359 0.5593321849 0.5545048892 0.558982412 0.7434649668 0.8320632918 0.5243170982 0.5286667957 0.6412440146 0.5206959649 0.5269735001 0.528226859 0.6087445605 0.7465094589 0.7444593664 0.7446833397 0.7466165706 0.689128556 0.8977233786 0.8596346209 0.8639839084 0.7096991007 0.7100638762 0.7049126834 0.7135985275 0.6631439094 0.7372453562 0.8102850199 0 0 0 0.7999164309 0 0 0 0 0 0 0 0 0 0 0 0 0 0 0 0 0 0 0 0 0 0 0 0 0 0 0
0 0.5057841607 0.7905238034 0.8989169552 0.5794222856 0.8183716586 0.5346347276 0.5354479704 0.8821187743 0.8917704009 0.8398679601 0.8571279408 0.8544308873 0.7174737757 0.7232344246 0.717103218 0.6466991878 0.8428117129 0.8434122968 0.8877020238 0.5663820257 0.5621711898 0.5575750208 0.5538100863 0.5540522423 0.563980005 0.5247170356 0.5319980267 0.5255185877 0.5371971723 0.6626470558 0.5196693333 0.5654549514 0.8601694876 0.5610546602 0.7602449571 0.792274355 0.7690358484 0.8662639313 0.8613397996 0.8556133336 0.853322418 0.855001003 0.5917821224 0.6181887965 0.7109289883 0.6429949585 0.6483135399 0.7870965185 0.7933059179 0.8017628514 0 0 0 0 0 0 0 0 0 0 0 0 0 0 0 0 0 0 0 0 0 0 0 0 0 0 0 0 0
0 0.8184038235 0.6788755248 0.5104983534 0.7353196653 0.7926195068 0.7845584209 0.5849860465 0.8159878292 0.8870117163 0.6299227991 0.6215929266 0.6854288156 0.8695853595 0.7168194124 0.7216347545 0.8828657642 0.8782924178 0.8819998589 0.8788636978 0.574617722 0.5657538589 0.5608654056 0.5577417722 0.56330565 0.5581970014 0.7130545759 0.8839745547 0.8782765592 0.8778514755 0.5214588289 0.5206460627 0.8563903731 0.549890283 0.8626046224 0.5464723519 0.8614629614 0.861824274 0.8116561563 0.8523077864 0.8497203675 0.8457602816 0.8459713284 0.8583521434 0.6202844528 0.6232183292 0.6481720225 0.6424799043 0.7989472017 0.7926407612 0 0 0 0 0 0 0 0 0 0 0 0 0 0 0 0 0 0 0 0 0 0 0 0 0 0 0 0 0 0
0 0.8865311713 0.6799377551 0.6068025579 0.6067660949 0.6074424525 0.7757220088 0.7777443818 0.8479329343 0.6662240139 0.6244487141 0.621119055 0.5813901787 0.6396082278 0.8129529749 0.7169718997 0.8870309526 0.8773111357 0.8749293776 0.8640359417 0.8635204793 0.8663461283 0.5620429154 0.5633433112 0.5631827475 0.5681528773 0.5819116947 0.881641019 0.8745736702 0.8758945223 0.6583594419 0.5458554098 0.5290300705 0.633219354 0.5441467353 0.7634791412 0.8598595201 0.8534021711 0.852440585 0.8471276755 0.844489365 0.8534801686 0.8551091497 0.8575665741 0.6259167829 0.6280733098 0.6394439889 0.6478373257 0.6491163755 0.6244690034 0 0 0 0 0 0 0 0 0 0 0 0 0 0 0 0 0 0 0 0 0 0 0 0 0 0 0 0 0 0
0 0.8384730057 0.8028574538 0.6025280176 0.5975400121 0 0 0.777595414 0.7777195201 0.8040684736 0.6247090266 0.5139100157 0.5119240999 0.5157366175 0.7268462271 0.7029152983 0.8919998549 0.6072908713 0.869250796 0.8653905616 0.8621274574 0.8682908187 0.566718766 0.5731607563 0.5659477573 0.5842599393 0.5779604915 0.8660186492 0.8697951661 0.8716640913 0.8806295227 0.8869844511 0.6032695561 0.546739857 0.5443068217 0.6041716963 0.5029428406 0.8594623991 0.8606506044 0.8515843019 0.8540384834 0.8456276494 0.855558111 0.8610975852 0.8624236781 0.6429161547 0.6399570852 0.646414926 0.8734561336 0.649800743 0 0 0 0 0 0 0 0 0 0 0 0 0 0 0 0 0 0 0 0 0 0 0 0 0 0 0 0 0 0
0 0.5659514968 0.7507518041 0.605821627 0.6022908462 0 0 0 0.7853714272 0.8007840867 0.5179483597 0.5136425004 0.5079248913 0.5171559051 0.8245074273 0.561035254 0.8851511695 0.8822649103 0.8744580536 0.8658676576 0.8643423732 0.8641126822 0.5463703115 0.7469294293 0.6809632528 0.8632953882 0.8701200414 0.8698128788 0.8639178664 0.8703073655 0.8755450132 0.8841975329 0.8858600226 0.8858748002 0.655106194 0.6786563833 0.8717919679 0.8663997814 0.856444949 0.8579603071 0.8592832405 0.8569370143 0.7452759953 0.8498960541 0.8678316624 0.8791314477 0.8737213825 0.8732423187 0 0 0 0 0 0 0 0 0 0 0 0 0 0 0 0 0 0 0 0 0 0 0 0 0 0 0 0 0 0 0 0
0 0.828987537 0.8230532524 0.814910355 0 0.7427871523 0 0 0 0.7987465918 0.7947002372 0.5110109698 0.5126817047 0.5114944328 0.5312060519 0.896775711 0.5651278784 0.8803892863 0.8807160864 0.8788083391 0.8731404272 0.8660944881 0.6401971553 0.5465770643 0.8660242194 0.8624673558 0.8660806334 0.8628490286 0.8654801965 0.8676527919 0.877372825 0.8829074225 0.8832590375 0.8742575609 0.8746358221 0.8303562225 0.6334319051 0.8088546473 0.8584232781 0.8688896673 0.8631613875 0.8639600276 0.8721243026 0.7516992282 0.8825742024 0.8760880446 0.8782099052 0.8755889827 0 0 0 0 0 0 0 0 0 0 0 0 0 0 0 0 0 0 0 0 0 0 0 0 0 0 0 0 0 0 0 0
0 0.5278187099 0.6206769651 0.8139583954 0.8202826651 0.7356036137 0 0 0 0.7979504385 0.8027401547 0.7364332648 0.8318812271 0.6562029879 0.7232976732 0.660521357 0.6145543121 0.8902273657 0.8840388376 0.8810690822 0.8797022759 0.878636654 0.823403054 0.8203138891 0.8701328828 0.8628761202 0.8577522178 0.8608559054 0.8639570112 0.8764959425 0.8764394909 0.8861555403 0.8710837641 0.8669963917 0.8753044108 0.8393864579 0.5074076477 0.8143385912 0.8736696099 0.7529662131 0.7508118719 0.7522011609 0.5555234961 0.5557436185 0.8844003765 0.8850270823 0 0 0 0 0 0 0 0 0 0 0 0 0 0 0 0 0 0 0 0 0 0 0 0 0 0 0 0 0 0 0 0 0 0
0 0.8249456984 0.8191385654 0.8199398394 0.8123374911 0.8145761617 0.7375492303 0.5792091158 0.5819930771 0.5314369875 0.7710187576 0.5736627241 0.6582974041 0.6532468331 0.6560352628 0.5358102838 0.8099006645 0.8048815855 0.7925137904 0.7934906841 0.7993438018 0.8044707514 0.8135959632 0.8249468793 0.8678045778 0.8648827893 0.8635456814 0.8646338019 0.5553978146 0.5608844833 0.7057556553 0.6978426562 0.6992091604 0.8682050866 0.8682079246 0.7233712971 0.6762416651 0.6921207675 0.685582048 0.7555712728 0.7528780909 0.5504450826 0.5505570345 0 0.8162508663 0.5382121133 0 0 0 0 0 0 0 0 0 0 0 0 0 0 0 0 0 0 0 0 0 0 0 0 0 0 0 0 0 0 0 0 0 0
0 0.7528088714 0.82331334 0.8286127478 0.8161335539 0.8205717824 0.5714287052 0.5676798321 0.5765894668 0.5784603963 0.5719462012 0.5788474884 0.5105494941 0.6616202653 0.6969934094 0.7585180527 0.8090536967 0.8075823793 0.7982830347 0.7911215255 0.7970221991 0.7369111644 0.7400289254 0.7374817822 0.8206391731 0.8685164247 0.8650220716 0.8238383197 0.7989526101 0.7040375074 0.6960909214 0.6973451464 0.6989875171 0.6486174794 0.6460264818 0.8689603852 0.6361410467 0.6910668046 0.6822053228 0.6917170761 0 0 0 0 0 0 0 0 0 0 0 0 0 0 0 0 0 0 0 0 0 0 0 0 0 0 0 0 0 0 0 0 0 0 0 0 0 0 0 0
0 0.8594681687 0.6243382724 0.8221271739 0.6688892247 0.8644777164 0.5658783486 0.5628185715 0.5618611832 0.5708009809 0.5630604242 0.5135242276 0.8782344341 0.8755940835 0.828865472 0.815116253 0.8086023222 0.8030383465 0.7966417682 0.7960980704 0.795543105 0.5568785311 0.7345176511 0.6776346561 0.8919554941 0.8239708137 0.8155503522 0.8220068875 0.6944854535 0.6926651782 0.6951011392 0.7015232028 0.7056425987 0.6373019734 0.6329951024 0.6325488502 0.6513289106 0.8522234956 0.5156865396 0.8128737378 0 0 0 0 0 0 0 0 0 0 0 0 0 0 0 0 0 0 0 0 0 0 0 0 0 0 0 0 0 0 0 0 0 0 0 0 0 0 0 0
0 0.8506741247 0.5937021052 0.8898501187 0.8706114151 0.5143676486 0.5710395089 0.5679888565 0.5611473665 0.5620791367 0.8085725516 0.6463866926 0.8683478367 0.870005971 0.8281613972 0.8202158142 0.8114634755 0.8104902539 0.8077908179 0.8011560701 0.5563945356 0.5547276348 0.5645568926 0.7427668788 0.5145386781 0.5193956123 0.5128178677 0.8202081171 0.6878287605 0.6915538523 0.6967108095 0.6982039853 0.7521505193 0.6324574072 0.6298124997 0.6314777643 0.7345275777 0.7264844879 0.7001286494 0 0 0 0 0 0 0 0 0 0 0 0 0 0 0 0 0 0 0 0 0 0 0 0 0 0 0 0 0 0 0 0 0 0 0 0 0 0 0 0 0
0 0.7905082014 0.7969893884 0.7899139581 0.718656831 0.7149656691 0.7194261637 0.5654595722 0.563323569 0.5632399574 0.5719791123 0.8710867333 0.8627413081 0.8694507253 0.8265031713 0.8151217818 0.8168194903 0.8164040299 0.8191197703 0.8359069102 0.5597929212 0.5637863116 0.5613740014 0.5245256573 0.5215223665 0.5123514473 0.5169292649 0.8297098929 0.6897451795 0.6871809127 0.6877652016 0.7004166829 0.7550006949 0.5973385877 0.6363535546 0.6360953088 0.7254494834 0.7260739842 0.6991020297 0.6922827032 0 0 0 0 0 0 0 0 0 0 0 0 0 0 0 0 0 0 0 0 0 0 0 0 0 0 0 0 0 0 0 0 0 0 0 0 0 0 0 0
0 0.7579524594 0.7893231894 0.7186129616 0.717359792 0.7118959811 0.7126009897 0.5683148868 0.5707882064 0.5709705442 0.7276948501 0.864109752 0.8701901371 0.8659480638 0.5200994992 0.8253439123 0.8177662121 0.8174446128 0.5394669783 0.5071270875 0.7157070449 0.5711314983 0.5301645923 0.5284700549 0.5219357786 0.7175697114 0.7123152092 0.7141269 0.6894905265 0.6881586671 0.6942959264 0.6953362591 0.7004333322 0.8977070242 0.7578562443 0.7242881534 0.7170933718 0.7152947864 0.7119792784 0 0 0 0 0 0 0 0 0 0 0 0 0 0 0 0 0 0 0 0 0 0 0 0 0 0 0 0 0 0 0 0 0 0 0 0 0 0 0 0 0
0 0.7888127981 0.5572050209 0.8330447043 0.7143941368 0.7781390586 0.7170918007 0.8368050686 0.8534157446 0.5701083035 0.563868769 0.5250325935 0.7372795564 0.780552543 0.6817694927 0.5314724124 0.5276751334 0.5301077642 0.5322166365 0.6649583332 0.8168144399 0.5882612134 0.6339030542 0.530860192 0.535969767 0.703935656 0.7094475775 0.7101770196 0.6425150137 0.6393000646 0.6416299602 0.7005002084 0.6388494795 0.7116470883 0.7078112383 0.7241246522 0.7095596534 0.7094258476 0.7153191379 0 0 0 0 0 0 0 0 0 0 0 0 0 0 0 0 0 0 0 0 0 0 0 0 0 0 0 0 0 0 0 0 0 0 0 0 0 0 0 0.6182449522 0.8933456953
0 0.7926456514 0.7907231292 0.8359800596 0.8316848496 0.8977242335 0.8313579601 0.514950024 0.7604864456 0.5711687946 0.5649166925 0.5660049833 0.7753971614 0.7613532245 0.5344356222 0.528614306 0.5279509043 0.5251090578 0.52543333 0.6030786173 0.8517997856 0.8518252168 0.8555523951 0.7937920359 0.6327661228 0.7072757916 0.7005395895 0.7030226523 0.6425264558 0.8394277955 0.7170095244 0.6388190135 0.7082144471 0.7060468883 0.7120556594 0.619264396 0.7111391258 0.7130965799 0.7150883757 0 0 0 0 0 0 0 0 0 0 0 0 0 0 0 0 0 0 0 0 0 0 0 0 0 0 0 0 0 0 0 0 0 0 0 0 0 0 0.7144202594 0 0.8847214524
0 0.8302827568 0.8457666122 0.833456159 0.8378289158 0.8071316307 0.5427481016 0.7319546865 0.6441502218 0.8306882416 0.7895878786 0.7823651924 0.7823417837 0.8736389633 0.5373606087 0.5294303539 0.5231904232 0.5244876065 0.5325330079 0.7886715599 0.8548994594 0.8467684587 0.6505861878 0.5316968325 0.5309634493 0.7042063522 0.7082866615 0.7013779877 0.8774558541 0.8856804546 0.7347328231 0.8880829078 0.8692999349 0.7098851518 0.7515710404 0.7513202929 0.7436315956 0.5310836202 0.76956866 0 0 0 0 0 0 0 0 0 0 0 0 0 0 0 0 0 0 0 0 0 0 0 0 0 0 0 0 0 0 0 0 0 0 0 0 0 0 0 0.8292195582 0.8201290275
0 0.6536503083 0.6568222089 0.6508561581 0.5421853609 0.6498599801 0.8542782512 0.7236984705 0.8952447767 0.6357262804 0.782823693 0.7341699049 0.7825784303 0.8713572742 0.5377898331 0.525603905 0.5316042285 0.5280416035 0.7722872798 0.5020997591 0.7266492887 0.8545946433 0.6206328694 0.5223123296 0.7704310007 0.7689354012 0.7784586699 0.7774759623 0.8179344774 0.8809793582 0.8834230405 0.5426365761 0.8872126674 0.891446519 0.7502443208 0.7436342822 0.7457274023 0.7480651718 0.5079864844 0 0 0 0 0 0 0 0 0 0 0 0 0 0 0 0 0 0 0 0 0 0 0 0 0 0 0 0 0 0 0 0 0 0 0 0 0 0 0 0.8229838492 0
0 0.6476298299 0.6458776075 0.6469642554 0.6439364302 0.6478725502 0.660736 0.7863049899 0.7844129064 0.6273144354 0.6499130894 0.6300407384 0.6348033074 0.6351839072 0.8774605045 0.7777850209 0.8460627722 0.767772456 0.764257191 0.7706099013 0.6704471644 0.7633319215 0.5223165963 0.5492410412 0.7784531029 0.7688232204 0.7766524475 0.7823957385 0.5824890289 0.6141959376 0.7328000106 0.8800640772 0.7311678419 0.8886812188 0.663505118 0.6636436327 0.6674619842 0.6663908175 0.5804832018 0 0 0 0 0 0 0 0 0 0 0 0 0 0 0 0 0 0 0 0 0 0 0 0 0 0 0 0 0 0 0 0 0 0 0 0 0 0 0 0 0.8176509042
0 0.6398511865 0.6401803123 0.6404553598 0.642219189 0.6512083083 0.658376939 0.8539632968 0.7850840559 0.7767093969 0.6240562007 0.6253450643 0.6264551258 0.6358919927 0.6449435611 0.774160495 0.7735748195 0.7721384122 0.7630307062 0.766885189 0.6693350693 0.6667997403 0.6617093101 0.5568480095 0.7708936606 0.7701462863 0.7752713865 0.7851868262 0.748155397 0.6103190558 0.7336103859 0.730450319 0.7343571557 0.558596854 0.6723233129 0.6625872051 0.6602941682 0.6699562937 0.6688935788 0 0 0 0 0 0 0 0 0 0 0 0 0 0 0 0 0 0 0 0 0 0 0 0 0 0 0 0 0 0 0 0 0 0 0 0 0 0.7292554084 0.8197882467 0.8179594351 0.8178170036
0 0.6367860146 0.6307706661 0.6358750902 0.6421740783 0.6509616506 0.6500440378 0.8056868068 0.5120658192 0.6185142025 0.6173543037 0.6234034748 0.6255923188 0.6359025402 0.6983564814 0.7777758431 0.7820506534 0.7671832679 0.7683855455 0.7716513156 0.8910887969 0.6645543058 0.6668575298 0.6700357332 0.6716163328 0.7757155667 0.6033534998 0.5766236075 0.7547579959 0.7450653356 0.733323348 0.730225464 0.736982261 0.8676128602 0.6662451542 0.6630411084 0.6687209242 0.6638298089 0 0 0 0 0 0 0 0 0 0 0 0 0 0 0 0 0 0 0 0 0 0 0 0 0 0 0 0 0 0 0 0 0 0 0 0 0 0 0.7130205263 0.8200267929 0 0.8166088867
0 0.6330237671 0.6332966959 0.6336454841 0.6349584345 0.6491242048 0.6531853672 0.8108272699 0.804512193 0.6211611601 0.6210563825 0.6205680523 0.7619121169 0.7809961719 0.7855448552 0.7900586821 0.5265419454 0.5085528838 0.6735558878 0.7750581302 0.8950058877 0.887218676 0.8944400493 0.6768141853 0.6793792636 0.7099488624 0.772415551 0.6019478873 0.7428305122 0.7420256863 0.7388948188 0.731210503 0.7384815772 0.5312636751 0.8629633756 0.8684934706 0.6687373204 0.6703134324 0.671446667 0 0 0 0 0 0 0 0 0 0 0 0 0 0 0 0 0 0 0 0 0 0 0 0 0 0 0 0 0 0 0 0 0 0 0 0 0 0 0.8252170719 0.8187740194 0.8260361996
0 0.6395922026 0.6402001056 0.6343958983 0.6378933662 0.6511977679 0.6583700518 0.54433353 0.5487112831 0.8091791293 0.6239133229 0.6273168761 0.7803947043 0.779787036 0.7807456252 0.7898270375 0.6469078325 0.8970132344 0.8726950543 0.8598826215 0.6953341868 0.896302442 0.7261075617 0.7884571013 0.7107907968 0.6786034425 0.5018791976 0.8961690772 0.7491799558 0.7423844733 0.7333847313 0.7368923457 0.7386557597 0.8656758521 0.8630626306 0.8716282141 0.6710194408 0.6740380766 0.8685852036 0 0 0 0 0 0 0 0 0 0 0 0 0 0 0 0 0 0 0 0 0 0 0 0 0 0 0 0 0 0 0 0 0 0.6240038328 0.6365099098 0 0 0 0.8197780851 0.8196402917 0.8203394358
0 0.6491637308 0.6394982954 0.6380559486 0.6358677623 0.649385438 0.5436124874 0.5430140417 0.5486417357 0.5553117332 0.8487987593 0.8229862112 0.7745074404 0.7795106879 0.7799380901 0.7484268274 0.7523212897 0.7924506064 0.7574095811 0.6304585833 0.5423157051 0.7427740081 0.5459326393 0.5437899965 0.7565207679 0.551031345 0.731352549 0.6336102146 0.7442730631 0.752336716 0.7414478241 0.8729321668 0.7389240963 0.633747139 0.8890632573 0.8505088111 0.6697692372 0.6713381934 0.8641311904 0 0 0 0 0 0 0 0 0 0 0 0 0 0 0 0 0 0 0 0 0 0 0 0 0 0 0 0 0 0 0 0 0 0 0.6573391895 0 0.6895475661 0.6908214118 0.7074293905 0.5191397571 0.5815677613
0 0.771077113 0.6445974494 0.6435291588 0.6477757458 0.6488493354 0.6591957317 0.5497978502 0.8285635274 0.5708017043 0.6051072986 0.780138373 0.7725078548 0.7718204375 0.7812076862 0.7444932174 0.7413260107 0.7568400273 0.7539494852 0.6746632209 0.5449620862 0.537593743 0.7574103953 0.5777886879 0.5786769988 0.513567915 0.7845628746 0.7765011449 0.7549501222 0.8095136196 0.8007612138 0.801118324 0.5184499849 0.8083008263 0.8170348879 0.6674052468 0.6626660902 0.6669062292 0.668706991 0 0 0 0 0 0 0 0 0 0 0 0 0 0 0 0 0 0 0 0 0 0 0 0 0 0 0 0 0 0 0 0 0 0.6008273345 0.5963636172 0 0.681167925 0.6875453281 0.6767732076 0.6825983153 0.6761042173
0 0.6928273529 0.7364978526 0.5875159977 0.6554098263 0.6565346974 0.558328076 0.5561766342 0.5595481871 0.7618194259 0.6065809225 0.780842001 0.7775387087 0.7749997217 0.7766069885 0.7383415221 0.7437985321 0.7492280236 0.7556046554 0.8352515309 0.542831762 0.6510361939 0.5454178958 0.5837347595 0.5754431686 0.5837888488 0.7720208978 0.7817654056 0.6657217849 0.8012431633 0.803554569 0.8093214189 0.5043470329 0.7720729698 0.6059764547 0.6671885342 0.6597130102 0.5731694594 0.6764140415 0 0 0 0 0 0 0 0 0 0 0 0 0 0 0 0 0 0 0 0 0 0 0 0 0 0 0 0 0 0 0 0 0 0.7027090498 0.8645356795 0.6893043701 0.6824059118 0.6827058826 0.685641477 0.675972356 0.6789962742
0 0.5358510162 0.7298515368 0.7369212157 0.6562758092 0.6590389412 0.6592974479 0.6991149837 0.6953119225 0.5855772893 0.7856769935 0.7814839646 0.7799697511 0.7835301248 0.739222717 0.7443947712 0.7450500388 0.7488482701 0.752680711 0.808076167 0.8312955854 0.8396954104 0.8884057606 0.8886436312 0.8942285784 0.8797127338 0.772564121 0.8313341792 0.5944282755 0.8051369967 0.722902437 0.5027776364 0.8061881486 0.6026801875 0.6165026485 0.8954900888 0.6648355247 0.6651286534 0.5403589809 0 0 0 0 0 0 0 0 0 0 0 0 0 0 0 0 0 0 0 0 0 0 0 0 0 0 0 0 0 0 0 0.6874734422 0.7009489957 0.8632723573 0.8225062567 0.862465525 0.7970028899 0.8848947562 0.7982156331 0.677190069 0.6729572996
0 0.6898579324 0.6919124427 0.6891278143 0.6624530225 0.658442874 0.6667162557 0.6906813044 0.7902319298 0.5758794598 0.5276247868 0.5268156608 0.5305086868 0.7902761755 0.754904474 0.7462780187 0.7474167308 0.7464112719 0.7522511391 0.8380226482 0.8330582814 0.5525094731 0.8935750822 0.8854314298 0.614098602 0.5927548995 0.5964904238 0.5995438475 0.5998640462 0.8074176221 0.650136631 0.8362608343 0.8128539398 0.7153485789 0.8430092853 0.5383904518 0.5363670277 0.53777648 0.5423878581 0.5651458592 0.5635448033 0.6978779945 0 0 0 0 0 0 0 0 0 0 0 0 0 0 0 0 0 0 0 0 0 0 0 0 0 0 0 0.8624123717 0.86648152 0.8701996569 0.8675127264 0.8614484668 0.8553686433 0.8605070366 0.7962927885 0.8647829186 0.8016802725 0.6766973
0 0.6902698003 0.6839743812 0.68873097 0.699571804 0.6105326908 0.5713405683 0.5664189883 0.5701348164 0.5656335797 0.5281334745 0.5210650169 0.5308374148 0.5269570456 0.7504932068 0.7502475864 0.5114779041 0.5862047533 0.5905839844 0.6388340178 0.8429338909 0.5518701407 0.5510383621 0.8901273128 0.8911914372 0.5905434156 0.5651848487 0.5958079412 0.5968878766 0.6845832304 0.6773205927 0.6760348621 0.5495259064 0.6662032327 0.6673321654 0.6279183787 0.6872801612 0.5459834981 0.846840104 0.5652667732 0.5719264942 0 0 0 0 0 0 0 0 0 0 0 0 0 0 0 0 0 0 0 0 0 0 0 0 0 0 0 0.5622077616 0.6928109993 0.8612199053 0.8599078285 0.8578034554 0.863323772 0.8548644689 0.8542919881 0.8036128698 0.79409488 0.7956418335 0.5211722821
0 0.6869635645 0.6931163125 0.6928146818 0.8881928024 0.6647609443 0.5731937692 0.5665705238 0.5621114595 0.5641156913 0.5603109999 0.5271706732 0.5210805033 0.566021711 0.5744535075 0.7022839848 0.5920324763 0.5840559156 0.7227380948 0.6368393276 0.7323990902 0.5521276296 0.5563079724 0.5573033006 0.5380041157 0.51565634 0.7711816371 0.7432334098 0.7324984465 0.6729058378 0.6687937237 0.5463442682 0.7315966676 0.854257978 0.6615660666 0.6391344491 0.8584939252 0.8554866655 0.7972645661 0.8033462649 0.793716666 0 0 0 0 0 0 0 0 0 0 0 0 0 0 0 0 0 0 0 0 0 0 0 0 0 0 0 0.6940765322 0.8661371433 0.8621087582 0.856967653 0.8581051191 0.8508544962 0.8540909222 0.8560923522 0.8698440249 0.8718020277 0.7987779321 0.791844515
0 0.6961280323 0.6935790889 0.6969664074 0.5155925241 0.6665410234 0.6606952447 0.5651853419 0.5659039092 0.5569528552 0.5614004764 0.5575298704 0.5600547857 0.5618953648 0.5666630468 0.5785053991 0.5820798068 0.584251474 0.8033938729 0.6346583705 0.6386018187 0.7085328056 0.7045665014 0.7085683061 0.8493809097 0.531768135 0.8910893284 0.7254019222 0.7277830768 0.6717987601 0.6781782584 0.8381002531 0.5531943769 0.8494739615 0.6634598386 0.5871606856 0.5281498611 0.8542892331 0.7970381857 0.7934011257 0.8138539153 0 0 0 0 0 0 0 0 0 0 0 0 0 0 0 0 0 0 0 0 0 0 0 0 0 0.7907930435 0.7888345468 0.7882874943 0.8396764957 0.8649649219 0.8558972638 0.8482713363 0.8513011172 0.8569012919 0.8642203385 0.866914977 0.8692996887 0.8792394568 0.5166468318
0 0.6763604385 0.8856915308 0.8865258211 0.8868093886 0.6640029931 0.5160727978 0.562472814 0.6096298419 0.5502209422 0.5531379591 0.5465196092 0.5574815668 0.5649316483 0.5723028771 0.5758690508 0.5824617021 0.5543492871 0.5596260208 0.6427437513 0.6437334445 0.7049994148 0.7028172524 0.7102357754 0.53265364 0.5274514192 0.5369516655 0.7341924953 0.7296820471 0.7812120862 0.5347605433 0.6407362213 0.5874288657 0.6755888047 0.583651876 0.7078731487 0.6209597494 0.8039871538 0.7998710543 0.8013923221 0.6161794131 0.7436719552 0.6214617917 0.6199267372 0 0 0 0 0 0 0 0 0 0 0 0 0 0 0 0 0 0 0 0 0 0 0.7928588377 0.7849000366 0.7901297687 0.8455185418 0.6215555475 0.8544667256 0.8490808087 0.857369383 0.8564066985 0.8642263469 0.8740090085 0.7383774381 0.8761548294 0.7803156075
0 0.6956526534 0.8840520077 0.8828078981 0.8852800958 0.6517493137 0.6908545671 0.5631282036 0.5588650391 0.5530814089 0.545985146 0.5545208445 0.5630409257 0.5602194057 0.5711670452 0.5758669005 0.5792050208 0.5534423606 0.5591922107 0.5608330584 0.6496818885 0.7125619261 0.7041626165 0.7058952361 0.5344086375 0.5342633107 0.5278187556 0.8020836641 0.8049686051 0.7861922501 0.7798083357 0.7829299035 0.7928736461 0.7874033859 0.6263557314 0.7847429346 0.797033198 0.6792606669 0.877710275 0.6273952305 0.6168765521 0.6103906204 0.6153286911 0.6120526312 0.6205874187 0 0 0 0 0 0 0 0 0 0 0 0 0 0 0 0 0 0 0 0.5083569201 0.5100216877 0.789969032 0.7894102009 0.7854672926 0.9080135169 0.6205514367 0.6222978962 0.8585334424 0.8623759034 0.8568563572 0.8630200519 0.8700101628 0.7758338528 0.7785409319 0.7227735966
