landscape/hab_quality/256/simulation_000043_p064_h010_HABMAT_patch_more_500pix_modified.asc_ac_0.5_quality.asc
NCOLS 513
NROWS 513
XLLCORNER 0
YLLCORNER 0
CELLSIZE 9.980507
NODATA_VALUE NaN
[rows 216 to 242 of 513, columns 427 to 487 of 513]
0.7809431497 0.626973957 0 0.813785855 0.7672807455 0.7609599913 0 0.8745899139 0.8751088595 0.667031565 0.7010412632 0.7035037586 0.5992645177 0.5956400474 0 0 0 0 0 0 0 0 0 0.7446290751 0.8215928456 0.6172253479 0.8876995191 0.7792152403 0.6242687804 0.7710248354 0.8258858616 0.8328505665 0.839846123 0.8434656912 0.6704445086 0.7489219327 0 0.8692341207 0.6447093551 0.6290842555 0.6272951839 0.8814221926 0.6311963561 0.6357439032 0.6286383227 0.7554805716 0.7683423172 0.7670104892 0.6923257722 0.8158824881 0.6432587361 0.7868492487 0.777248709 0.7723436438 0.7769731525 0.7805054157 0.7337152604 0.7942752667 0.7977404111 0.8485115005 0.631620899
0.622311162 0.6201379054 0.8773519931 0 0.5220421149 0 0 0.877635631 0.8753295551 0.8759040895 0.7104894767 0.6972967311 0 0 0 0 0 0 0 0 0.8227196332 0.8258125664 0.5022764815 0 0.7440570484 0 0.7754625331 0.57917793 0.767998624 0.7756604932 0.6772400212 0.8378397736 0.8411809921 0.8487477803 0.8816474635 0.8745248553 0.875663824 0.8770610373 0.5943067199 0.631021076 0.8874695486 0.7540322229 0.6375624147 0 0.6248732305 0.6253069287 0.6478618436 0.6277664791 0.6261228616 0.6290320007 0.806524449 0.6617942245 0.7708112985 0 0 0 0.792267065 0.797107876 0.7915686808 0.7900643997 0.8395300856
0.6138154727 0 0.6096538476 0.6299577814 0 0.5234663864 0.6119067536 0.6025845293 0.6074181757 0.8827500278 0.5364768077 0.5336296347 0 0 0 0 0 0 0 0 0 0 0.8226583643 0 0 0 0 0 0 0.771842006 0.6709827006 0.7781953969 0.8404180534 0.8427336327 0.8884137033 0.8803222651 0.8761570167 0.8813035291 0.8895867786 0.7831201744 0.7156231205 0.6232776776 0 0.6189808506 0.6165664846 0.6475580174 0.6398661819 0.6289589996 0.6237064953 0.6392270489 0.6410875459 0.6634572203 0.6604589851 0.7713279974 0 0 0.8022384386 0.7920390313 0.6041371667 0 0
0.6160135574 0.6170274223 0.7947367415 0.5526033761 0.7976347593 0.8064638317 0 0 0.6950178553 0.7402886824 0.686095101 0.6906161999 0.6403305063 0.642572281 0 0 0 0 0 0 0 0 0 0 0 0.7748906855 0 0 0.6001872013 0.6777004477 0.7799677118 0.5978271678 0.7837093553 0.8922195503 0.8895291984 0.8864017373 0.8822521047 0.8891435437 0.8825132304 0.7083110895 0.7241508257 0.7567846614 0.5637941549 0.6286670563 0.6231315931 0.6397787464 0.6379823444 0.6412656253 0.6467050739 0.6332687756 0.6683651725 0.6697862419 0 0 0 0.908582008 0 0.7949390825 0.7944114102 0 0
0.6227473135 0 0 0.723878968 0.5768756394 0.792864518 0.7895121125 0.7905048604 0.694794205 0.6936218216 0.6855891325 0 0 0 0 0 0 0 0 0 0 0.5217464339 0.7144182181 0.710602239 0 0 0.5551675072 0 0 0.5948256616 0 0.6024149176 0.5877752801 0.90202184 0.8928334191 0.8907650157 0.8951308212 0.78475655 0.7102690127 0.6409443987 0.5281573375 0.7319662743 0 0.6248154961 0.6521734055 0.6440776829 0.713449779 0.8350224511 0.8313434132 0.829441672 0.8903543596 0.6739183364 0.6718177747 0.8981734778 0 0.9076538485 0 0.7990866731 0.7947984277 0.8035235272 0.802985344
0.8015132039 0 0 0 0.8017092816 0.7980822173 0.7985631614 0.7917274958 0.7061781744 0.5715971484 0.6936689212 0.6939468796 0 0.8596129835 0.8683815152 0 0 0.6544905693 0.5716644468 0.5803103798 0.571574668 0.7040129958 0.5931616982 0.5909032159 0 0.8993276888 0 0.5988022744 0 0.5957532782 0.7606437495 0.606385709 0.8117867443 0 0.8532410392 0.5472854775 0.8566434769 0.8995851653 0.7848664824 0 0.8006838276 0.5207446406 0 0.8094702368 0.8606891737 0.7119609148 0.649192511 0.8343980432 0.8310860586 0.8229154223 0.8852001266 0.8896349006 0.7988949547 0.9021949205 0.9055513731 0.9146374768 0.9099319861 0.6208298611 0.6184464393 0.8606178881 0.8123861547
0 0.8388880077 0.8709338781 0.6582948666 0.5138361847 0.509163585 0.502820151 0.507365343 0.580251589 0.6494110811 0 0.6940704303 0.8642235022 0 0 0 0 0.5534703277 0 0.5711232204 0.5746195983 0.605202418 0 0.5834776487 0 0 0.895274427 0.8926275145 0 0.6333920901 0.7782574535 0.9158791401 0.8145528759 0.8115108906 0.7962380807 0.7691765957 0.515040524 0.8612576267 0.7776048307 0.7952659542 0.7910821708 0 0.5200003564 0.68201696 0.8556380234 0.8523936591 0.7152289055 0.7499905292 0 0.8999838216 0.884740979 0.8839691395 0.8933346944 0 0.8718770686 0.8806756413 0.7369148622 0 0 0.6174537554 0.6383239998
0.6116685992 0.73879913 0.6467434142 0.8083409857 0.5184215192 0.5094315322 0 0 0.5716775942 0.5978706123 0 0.5393037598 0.6125704677 0.5185020131 0.8340660121 0.8325832874 0.5772917147 0.5843979607 0.7532816248 0.5713361249 0.7496995832 0.6087626892 0.5997861999 0.5876738135 0.5877782189 0.8930093849 0.8909193785 0.8941712826 0.8952850806 0.6377146628 0.6316182151 0.70464012 0.8132885829 0.5155459386 0.8927711179 0.5344755254 0.527024303 0.7826241276 0.786448845 0 0.8120080131 0.5423972707 0.7692105315 0.6382682779 0.6355718377 0.5073865149 0.6557263626 0.5535153557 0 0.8763054189 0.8795975862 0.8833926212 0.8769247105 0.8695815427 0.635569177 0.8733958797 0.730205231 0 0 0.6469115879 0.6425293458
0.6157483085 0 0 0.8600360356 0 0 0.5534093382 0.8761778254 0.5431670084 0.7057602552 0.5024749707 0.6381173237 0 0.603308325 0.5419563151 0.7738812232 0.7303613986 0.7595870462 0 0.7472014005 0.7504498634 0.6028946709 0.6057254684 0.6989870226 0 0.8870847766 0.8903951315 0.5984346059 0.6325143256 0.5974280738 0.635486273 0.626700509 0.6269778464 0.893441135 0.7332925656 0.5260456278 0 0.7961238609 0.786830785 0.7842701414 0 0 0.5393149431 0.6298821701 0.6314028435 0.6395316696 0 0 0.5467158792 0.8798908016 0.8710575823 0.8779813974 0.8719085992 0.8738650326 0.6450911906 0.838709006 0 0 0 0 0
0 0 0 0 0 0 0.6828709028 0.7980615513 0.8272484919 0.8231095116 0.692229715 0.6206488475 0.6269503339 0.6042626144 0 0.5900870831 0.8951279155 0.7576480157 0.7514377258 0.7487752131 0.7520313787 0.8922339149 0.5429020112 0.538507004 0 0.7084850951 0 0.8930680443 0.5414645465 0.8551936773 0.8333409145 0.8810225005 0.6727700333 0.5600694027 0.8974972756 0.8475969209 0 0.7957549095 0 0.7872244243 0.8301381549 0.546237408 0.5306335971 0.6363403031 0.7349776002 0.6229634861 0.7963676431 0.6238214147 0.8894445075 0 0.8712112437 0 0.8818276847 0.8860468471 0.8745839884 0 0 0 0 0 0
0.6892487492 0.8579116871 0 0 0 0 0 0.55234912 0 0 0 0.5579476878 0 0.6237196571 0 0.6434468028 0.559293373 0.6976700047 0.7590501276 0.8250439594 0.5902328662 0.889771163 0.5441380586 0 0.7117066598 0.7858175203 0.7149248839 0.6007097401 0.849647093 0.6001930007 0.8875175388 0.8822389606 0.8795966326 0.5680117276 0.5597835168 0.8098399798 0.8036630851 0.802697922 0.7982669045 0 0 0.5320371496 0.7345247766 0.7306496821 0.734009878 0.8163099282 0.5187372879 0.8734442121 0.7479046272 0.6824913846 0 0 0 0.7652320589 0.8041870388 0.6350351413 0 0 0 0 0
0 0 0 0 0 0 0.6590625953 0 0.6651734723 0 0.5391590014 0.7822670045 0.5296808462 0.613701278 0.673241635 0.6710703685 0.6341824515 0.7578284946 0.6521584633 0.8250787227 0.8177464608 0.8834246912 0.8899081116 0.8808366866 0.8843435134 0 0 0.5988561672 0.5956558124 0.6038852671 0.5784715931 0.8863754259 0.5060777844 0.5647643002 0.5600063882 0.903077923 0 0.8059058807 0.8496236623 0.7894239987 0.6327128407 0 0.7327588164 0 0.5656699164 0.5643269636 0.569019319 0 0.8437696267 0 0.6441576002 0.5125252997 0.8038051893 0.760160195 0.7595260686 0.5479062799 0 0 0 0 0
0 0 0 0 0 0 0 0.5762775305 0 0 0.8851276274 0.78617952 0.6047511132 0.643127735 0 0.727448402 0.726791616 0.84889474 0.5321147588 0.8185446193 0.8883005391 0.8823183146 0 0.8746959223 0.8828995802 0 0 0 0.6026921655 0 0.6534874739 0.8829932001 0.8915347475 0.8496137683 0.5600808683 0.5614255864 0 0.7680270931 0.6459930844 0 0 0.5488504603 0 0 0.7644111134 0.6927758922 0 0.527059531 0.5219207091 0.5159246705 0 0.8097343727 0.8109901275 0 0 0.7615182476 0 0 0 0 0
0.6487304118 0 0 0 0 0 0 0.8935328136 0.7220890134 0 0 0.8701852493 0.5587030579 0.6007781806 0.8732620126 0.726956428 0.7246534955 0.6171099684 0.7514711062 0.7674048192 0.760140439 0.8806947282 0.8805894957 0.8903638309 0.8827249295 0.6275507719 0 0 0.6938581766 0.6862208483 0 0.8360710936 0.6112148893 0.7139146022 0.7666946768 0 0 0.641310142 0 0 0 0 0 0 0 0.5770454808 0 0 0 0.6075157562 0.6753381375 0.6681110856 0.8995137042 0.5341912584 0.7616729914 0 0 0 0 0 0
0 0 0.5328891635 0 0 0 0 0 0.843718948 0 0.5006692806 0.7065651333 0.8124119541 0.602673454 0 0.5653826125 0.727188481 0.7266005907 0.8641796944 0.737944826 0.7528205586 0.8863932593 0.8871417317 0.880760405 0.7262310873 0.7284116137 0.6452776496 0 0.6685864124 0 0 0 0.5362570808 0.8139848802 0 0 0 0 0.5337200893 0.5253209418 0.5266820879 0.776596341 0 0 0.7409170893 0 0 0.8596672672 0.8587439156 0.599090151 0.6763598131 0.6620140208 0 0 0.768189355 0 0 0 0 0 0
0 0 0.6033883816 0 0 0 0.659148699 0 0.8471035328 0.5404007221 0.8574269791 0.7118523807 0 0.5700628429 0.5546387231 0 0.7289937203 0.6289874464 0.7129267883 0.7225101985 0.7097499133 0.6803568403 0.5068776335 0.7323363313 0.7718499688 0.7264147185 0.7201017353 0.6386527381 0 0.6726101802 0.6634020057 0.6565794629 0.6618319834 0.6903985704 0 0 0 0.5386555513 0.8788408342 0.5255983064 0.5268989247 0 0.7347397105 0.7314452511 0.7270160511 0 0 0 0.5894218491 0.5950688714 0.6435980463 0.6436301934 0 0.5051244411 0 0 0 0 0 0 0
0 0.7272724371 0 0 0.6756999157 0 0 0.6544737524 0.5906784866 0.5746027353 0 0.6906932198 0.8112070931 0.8116754536 0.7505460309 0.5170933118 0.8148105711 0.7824023327 0.6697623337 0.6674428609 0.718490926 0.7202041651 0.8172567413 0.7950001033 0.6647613296 0.7681326776 0.6474328044 0.6423585038 0.8220340833 0 0.6643012703 0 0 0.6623460102 0 0 0 0.816886415 0.8204039951 0.8153070262 0 0.7712533346 0.7168989089 0.7287658626 0.737372426 0.5288095435 0 0 0 0 0.6446690251 0 0 0 0 0 0 0 0 0 0
0.5043654008 0.582417408 0.8876015017 0 0.5306237317 0 0.7384725652 0.8632965164 0.8665900403 0.579499281 0.5530280573 0.6464251934 0.5093788564 0.7447161521 0.7473697493 0.6752953112 0.725551776 0.5789333232 0.6632617536 0.7715995064 0.8300575906 0.8417801147 0.8406387027 0.8387668218 0.705695024 0.7099496123 0 0.5083228767 0.8700517432 0 0.8307801608 0.6714596297 0.6659015901 0 0.7379685721 0.6469855042 0 0.8145709213 0.8141663956 0.8140292494 0.8165996854 0 0.5968860166 0.7292515914 0.7254524717 0.7319425334 0.7355100934 0 0.586618777 0.6462821125 0.6374230904 0 0 0.6501620625 0 0 0 0 0 0 0
0 0 0.5749746478 0.5795397395 0.5845437494 0.791457262 0.5635402035 0.8683106614 0.8609783553 0.8674286041 0.5023662098 0.7097718944 0.7055184352 0.8123789101 0.7496917766 0.7169702336 0.7354742448 0.8592511293 0.8378920765 0.8300498526 0 0.8418479725 0.8351293722 0 0.8453384209 0.7045551836 0 0 0 0 0.6894075807 0.764470745 0 0.7290557076 0.7381614907 0.7444336282 0 0.8211900572 0.811515478 0.7346384553 0.815268527 0.8981948931 0.5522144696 0.5478129261 0.5394697734 0.7347807517 0.7322175398 0.5872608645 0.8941287046 0.6471453552 0.6376043598 0 0.647543917 0 0 0 0 0 0 0 0
0 0 0.5739576473 0.5830512765 0.5907014068 0.8523715919 0.7459344083 0.5420255606 0.5692447443 0.8767938565 0.8207244602 0.8300680594 0.8253531953 0.7491833641 0.647405005 0.6759926991 0.8439957763 0.8195868757 0.8226204506 0.8292313698 0.8177343827 0.5605091151 0.8441322276 0.8394458486 0.8422352933 0.6967718302 0 0 0.669347702 0 0.7574114342 0.8248665731 0 0.72875703 0.5892179864 0.539845402 0.5407554478 0.8164634128 0.8143576695 0.8144060443 0.5473056757 0 0.7192139324 0 0.5446764799 0 0.6191240031 0.6085245609 0.8929201362 0.9015076137 0.6177589763 0 0.8705585836 0.6436946457 0 0 0 0 0 0 0
0 0 0.5893883965 0.6092612241 0.6081626897 0.7390507459 0.7373077622 0.8318286394 0.5701974059 0.558974493 0.8216225375 0.8205702706 0.825103505 0.8241384029 0.5101164543 0.8412447492 0.832764739 0.8652359813 0.8193686575 0.6785309661 0.5454739619 0.8125810803 0 0.5142698123 0.8312207497 0.6996682413 0 0 0.8846731669 0.8769959058 0 0 0.8558662702 0.5396526903 0.5389767385 0.5330952428 0.5365026677 0.5409197496 0.5422704342 0.5415541467 0.7074081129 0.709396992 0 0 0 0 0 0.6108868468 0.9019412708 0.895006549 0 0.8958991955 0 0 0 0 0 0 0.7443030953 0 0
0 0 0.609803895 0.6022042131 0.7576249939 0 0.7440195985 0.7461420147 0.5581802201 0.566663719 0.823384862 0.8272989351 0.8286596712 0.8843060135 0.9007579739 0.8450570434 0.8360361515 0.8282707948 0 0.5394624063 0.5376956281 0.5445928996 0 0.7278035377 0 0.7333568625 0 0 0 0.7747834121 0 0.8512715468 0.6594444038 0.8393380045 0.8452660029 0.5318241986 0.5411884714 0 0.5502067777 0.8416148902 0.716828845 0 0 0 0 0 0.5366757149 0.5357923751 0 0 0 0.8695429418 0 0 0 0 0.8071869045 0.7462443451 0 0 0
0.7276533868 0 0.6022868753 0.6047071771 0.5741474241 0.6825348188 0.6852489553 0.6638759515 0.6629740329 0.6654292006 0.8356446377 0.5562979148 0.5723510022 0.81325036 0.9001909027 0.8928074005 0.8335688875 0.8804101304 0 0 0.5316173917 0.6774787493 0 0.7240642936 0.6833061542 0 0 0 0 0 0.7715424378 0.8466059423 0.8414222869 0.8385094027 0.8361441018 0.8371607563 0.5296841556 0.5334865351 0 0.5431073011 0.7137152998 0.8715606959 0 0 0 0 0.5351722082 0.5372619735 0 0 0.7811358785 0 0.6101210937 0 0 0 0 0.8072782504 0 0 0
0.8710988067 0.7609971634 0.6222222004 0.8534385465 0.5357753892 0.6803763008 0.6642969181 0.8938655749 0.6627708351 0.6681798446 0.686263721 0.5045973737 0.8404380287 0.7231432135 0.7227429507 0.7201763541 0 0 0 0 0 0.5323160906 0.6768510761 0.6048751752 0.5030998165 0.6818791725 0 0.7746840717 0 0 0 0.8253262697 0.8394236149 0.8405748395 0.8314880456 0.8338807764 0.6637537879 0.7005226675 0.6941869721 0.686781611 0.7460201787 0.5523429278 0 0 0 0 0.5345958659 0.5359018802 0 0 0 0 0 0 0.5773314403 0.8039824271 0.7295399053 0.5855465068 0 0 0
0.8683634212 0.8654528 0.8591852431 0.8544484726 0.8598576515 0.6886413222 0.6696042195 0.6607212948 0.6622474633 0.6635823476 0.8977597602 0.8649442093 0.7193963338 0.7183096719 0.7150282908 0 0 0 0 0.6941422137 0.6974939113 0 0 0 0.6710364261 0 0.6840046823 0 0 0 0 0 0.8282304293 0.8309748052 0.8331633533 0 0.559756751 0.5248620412 0.6917077892 0.692668412 0.6917241994 0.9003319893 0.9047644569 0.9027780053 0.9104361987 0.6697272445 0.5385262552 0.6378957204 0.9043725092 0 0 0 0 0 0 0.7246212218 0.7277190813 0.8537130179 0.6092952182 0.747789503 0
0.6226628231 0.6184008221 0.6204704056 0.623112604 0.6164730371 0.6299413262 0.6678009183 0.6706992722 0.6630213755 0.6116981964 0.8764039062 0.5541181223 0.7279341208 0.7221790854 0 0 0 0 0 0 0.7017770813 0.8621488548 0.6737926404 0.6648028048 0.6713981087 0.6816773842 0.6536536672 0 0.7734264927 0 0.7727251356 0.8457203019 0.8357739456 0.8362093353 0 0.6407676212 0.600704569 0.5238568213 0.5219440344 0.5230811064 0.8988420492 0.8991051572 0.8972979918 0.9034428985 0.5254823404 0.5353827064 0 0 0 0 0 0 0 0.6722185388 0.8085309433 0 0 0.7216743202 0 0 0
0.7594281521 0.6225341316 0.6161274508 0.615975607 0.6202849971 0.6259797507 0.625201405 0.7044711306 0.6081470959 0.6126943315 0.678875324 0.6099011373 0.61016391 0.6019820391 0 0 0 0 0 0.8018736658 0.8544078054 0.6798152907 0.6712967135 0.6658081119 0.6723838215 0.6712611037 0 0 0.7763427999 0.7810757069 0.7826445363 0.7777537987 0.7064647329 0.8441193344 0 0 0.6061196388 0.5245455033 0.5234414228 0.5217778186 0 0 0.8961794066 0 0 0 0 0 0.7916910877 0.5630593665 0 0 0 0 0.8086362364 0 0 0 0 0 0
