landscape/hab_quality/256/simulation_000090_p062_h046_HABMAT_patch_more_500pix_modified.asc_ac_0.5_quality.asc
NCOLS 513
NROWS 513
XLLCORNER 0
YLLCORNER 0
CELLSIZE 9.980507
NODATA_VALUE NaN
[rows 155 to 185 of 513, columns 0 to 69 of 513]
0 0 0 0.6228825413 0.6948622075 0.687636975 0.7516464089 0.8401007491 0 0.8325443317 0.8268450035 0.8305415065 0.8294667206 0.8620784904 0.8423490195 0.6360115385 0.6325927244 0.6323757106 0.8215191049 0.8156126094 0.8135335148 0.8168223455 0.6939471075 0.6374329408 0 0 0.5171771361 0.5177033699 0.5265758504 0.682818615 0.5206258796 0.7559376628 0.7544388724 0.7479581238 0.7524165102 0 0 0 0 0.5233307848 0.8812870543 0 0 0 0 0 0 0 0 0 0.6983524604 0.5294418376 0.7273523251 0.5443306479 0 0 0 0.5340823148 0.8433733068 0.6195608399 0.7745802946 0 0 0.5193020691 0.5194956894 0.6286115162 0.6206170041 0 0.619284043 0.6201207237
0 0 0.5559672908 0 0 0.5548866591 0.8472509745 0.6542508646 0 0.8313994708 0.825216113 0.8259834946 0.8276973979 0.7908828819 0.5776972509 0.6339151743 0.6390997137 0.6376238458 0.7034068329 0.7036849762 0 0.7053718685 0.821224674 0.8256717888 0 0 0 0.5125144042 0.5198080089 0.8570330485 0.7094797012 0.7097436978 0.7486273654 0.7437274922 0.7402767957 0 0 0 0.7409774701 0.7465772543 0.8853270983 0 0 0 0 0 0 0 0 0 0 0 0.7037537121 0.8527496857 0.847012743 0 0.8988626454 0 0 0 0 0 0.5253186539 0.5167583178 0.5254957067 0.8465058811 0.8453671304 0.8039945599 0.6213060743 0.6238117267
0 0.602987602 0 0.6043523201 0.913467052 0.9104237694 0.9104823135 0.7639334902 0.8400149655 0.833814426 0.831104361 0.8251604416 0.8310570019 0.648420566 0.5785785378 0.5806238264 0.885629099 0.8895754426 0.7104633403 0.7009696337 0.7026296664 0.7107172183 0.6954145036 0 0 0 0 0.5145119983 0 0 0 0 0.7087048132 0.5098711118 0.7386620231 0.7425788713 0 0 0 0.7488446901 0 0 0 0 0 0 0 0 0 0 0 0 0 0.8431886411 0.8525871035 0 0.8544295184 0.7104251732 0 0 0 0 0 0.5266505605 0.5256304672 0 0.8427850543 0.8520064516 0.5101566475 0.5105320133
0 0.5414697196 0.5945176237 0.5964320314 0 0.9064197561 0.9070135938 0.671083578 0.8069447249 0.6500620929 0.8319814967 0.8281024403 0.8266309912 0.7124325614 0 0.7114005868 0.7120431101 0.7082318178 0.7105191409 0 0.6967664318 0.6897779336 0 0 0 0 0 0.5131976909 0.5184179423 0.5262817688 0 0 0.7010721943 0.7402309969 0.7384599881 0.7379756101 0.7437112999 0.7496939375 0.7444743638 0.7464473033 0 0 0 0 0 0 0 0 0 0 0.5990855094 0.5097646609 0.8357184621 0 0 0 0.7028749752 0.7012027187 0.6396947959 0.6434083661 0 0 0 0.7298568126 0 0.852139677 0.8525985989 0.8520055008 0 0
0 0.6042947093 0.5997017401 0.5956869348 0.6049263087 0.9081006482 0.8994149845 0.6125887371 0.9085054019 0.8032369899 0.8319636105 0.8336568005 0.7623204604 0.6986747258 0.7043671568 0.6272219526 0.7078957698 0.7088357143 0 0.7011812128 0 0.6862758143 0.6813007496 0.5774882923 0 0.5149587583 0.5350431068 0 0.6847434762 0.5188234333 0 0 0 0 0.7336537103 0.7361432909 0.7464124215 0.7526696606 0.7515839005 0 0.525024894 0.735641855 0 0 0 0 0 0 0 0 0.6761443899 0.5116066618 0.655046312 0 0.6529276501 0.7020646764 0.6931693099 0.699443576 0.7018250068 0 0 0 0 0 0 0 0 0.7048365399 0.6259438553 0.7539098857
0 0.6561715549 0.6546272696 0.6614716123 0.5995487012 0.9014087895 0.9064253454 0.9002362744 0.9015934109 0.5776181381 0.7964626281 0.8036993011 0.6369798847 0.6973117531 0.7171713506 0.7845246891 0.713191206 0.7038137978 0.7005582458 0 0.6872629886 0.6828593404 0 0.68316183 0 0.8672738958 0.5262804887 0.5272240449 0.8116469114 0 0 0 0 0 0.7415107762 0.738887414 0.7613370653 0.7595405092 0.7605240761 0.8484229862 0.6611640035 0.7292623147 0 0 0 0 0 0 0.552651037 0.8738120681 0.6228438148 0 0.7934437921 0.6495664579 0 0 0.6965729361 0.6993598516 0.7011573448 0 0 0 0 0 0 0.5392624909 0 0.8486954212 0.7531868286 0.755902799
0 0.6554000713 0.6553514778 0.6549076091 0.6048105087 0.7265741027 0.7270482243 0.6742214046 0.903892605 0.8034117709 0.7985281786 0.6320247787 0.637782394 0.7843019881 0.7069075826 0.7131524562 0.7060604872 0.7090334389 0.5225858927 0.6949226991 0.6904156426 0.6861177483 0.688357035 0.6902843686 0 0.7900883012 0.7998584929 0.8176522259 0.8081312585 0 0 0 0 0 0.6462548189 0.737769453 0.7357363773 0.737128918 0.7501233965 0.8467190443 0.8449369299 0.8513891599 0.725209801 0 0 0 0 0 0 0.5438212839 0 0 0 0 0.6488839038 0.7074172282 0.7026626145 0.5940123864 0.7090288241 0 0.710746042 0.7185392055 0 0.6179312588 0 0 0.7551944384 0 0.7486949737 0.7432611155
0 0.6638841053 0.7054284856 0.801091383 0.7341684974 0.8241685 0.7204135379 0.7249958715 0.7538490268 0.5657167079 0.5211948048 0.7799898803 0 0.7807366957 0.7897046709 0.7070161922 0.7223465811 0.6600192434 0.6666011207 0.6967538441 0.6997695818 0.6907379153 0.697266236 0.6939971997 0 0.7351601422 0.7408600005 0.8189748138 0.8111863064 0.8038587349 0 0 0 0.6388037885 0.6429745043 0.7429338447 0.7354820503 0.7425878583 0.7426926669 0.8496128485 0.84286818 0.8328447936 0.8360675403 0.7256161184 0.5090706082 0 0 0 0 0 0 0 0 0 0 0 0 0.711912004 0.7179757968 0.7176466168 0 0 0 0.6181194575 0.6092707784 0.6175981817 0.6770376029 0.7515831398 0 0.7422148964
0 0.6819871686 0.7440454858 0.7826627431 0.7458313032 0.7266914617 0.7225798121 0.7300406943 0.8624196331 0.8531119287 0.7651437649 0.7791925139 0.7728168535 0.7740299719 0.7821566239 0.655223356 0.6693147936 0.6602071347 0.5106595973 0.7788319627 0.6981398181 0.6925754168 0.6907689667 0.7348344969 0.7343555411 0 0.6382276793 0.637413343 0.8058022724 0.8090305318 0 0 0 0 0.648124222 0.74130723 0.7446254513 0 0.6714968172 0 0.6822353815 0.8353532425 0.83072642 0.7353045732 0.7494621391 0 0 0 0 0 0 0 0 0 0 0 0.5366364742 0 0.7260361514 0 0.7201001303 0 0 0.6161215917 0.6423821723 0.6108342796 0.5652334651 0 0 0
0 0.5063468998 0.6301427059 0.7359749919 0.7445154557 0.7362492501 0.7295012936 0.5453379109 0.5182769488 0.7759219106 0.8227248403 0.7767531118 0.7751081733 0.7722583454 0.7730383028 0.8688753478 0.8663974015 0.8684137468 0 0.8493639775 0.8444953475 0.8427023145 0.8507006332 0.7368244254 0 0.6326985866 0 0.6238305346 0 0.811000335 0.8122266359 0 0 0.8290831589 0 0.6860060007 0 0.6800380655 0 0.6868660621 0.6775580535 0.6839503715 0.8240946061 0.5140902821 0.8492329946 0 0 0 0 0 0 0 0 0 0 0.6289374444 0.6295025332 0.5906004444 0.5952566282 0.5985231051 0.5768044624 0 0 0 0.6240625711 0 0.6166098379 0 0 0.7109896025
0 0.6302540683 0.7439562267 0.7453548945 0.7408594415 0.7480117296 0.8728338991 0.7213798623 0.7669877837 0.5355824778 0.8223509982 0.8193576765 0.7731694614 0.7719880133 0.8549258241 0.8581162747 0.8602682538 0.8679432799 0.8713400896 0 0.8487933968 0.8475214393 0 0 0.5163861518 0.8781332532 0.625511356 0.6225409995 0.6264961704 0.813565977 0.8169897991 0.8246658746 0.6433561596 0 0.6859767827 0 0.5979104295 0.6363408884 0.6426630886 0.6795817583 0.6849365056 0.6854973024 0.8492136802 0.6030844301 0.8266291955 0 0 0 0 0 0 0 0 0 0.5326522338 0.6243427654 0.6252810748 0.8942251832 0.5893598257 0 0.6071225691 0 0.8784355186 0 0.8901187044 0.6160691842 0.5635768578 0.8203375441 0.8506943875 0
0 0.7893504919 0.620719941 0.6218976977 0 0.8715285926 0.6594741261 0.8722903764 0.7210041395 0.7663468828 0.8279906398 0.8454597042 0.7753341062 0.8521949893 0.8506977988 0.8536406831 0.8592490789 0.8642955466 0.7170508155 0 0 0 0 0.7108645643 0.7123441221 0.5334376711 0.6313129013 0 0.6269381146 0.8223920563 0.823226689 0.651693807 0 0.597854583 0.6698367025 0 0 0 0.6356874403 0.5836514511 0.8307447736 0.8054149463 0.7129975858 0.8206247407 0 0 0 0 0 0 0 0 0.7632924901 0 0.5807090782 0 0.6169454415 0.6127813896 0 0.5903398297 0.5152925674 0.8821908997 0.884451758 0.8820812825 0.8878999139 0.6159487084 0.6127069255 0.612816446 0 0
0 0.678719977 0.6147629399 0 0.5445698047 0.5410972397 0.5239143298 0.7196640762 0.5264297234 0 0.7589192017 0.8551899601 0.854823593 0.8462348812 0.8457080195 0 0 0 0 0.7165475055 0 0.7296591216 0 0.7039921609 0.7052417368 0.7051323162 0.7086673741 0.6270871636 0.6314837889 0.515173271 0 0 0 0.8207175196 0.595016461 0.5963164513 0.6572601898 0.6438796079 0 0.6823350435 0.7064149964 0.7054397962 0.8220423623 0.8238316486 0.8192660597 0.8195902979 0 0 0 0 0 0.519346908 0.6452600241 0 0 0.6218704882 0.6145820133 0.6127707996 0 0.6408322761 0.6418369835 0.6301860273 0.8872757757 0 0.8884216003 0.6142602145 0.6189233069 0.6137231935 0 0.7308488197
0 0.6503449945 0.6453254795 0.6585672256 0.6632836177 0.6632977713 0 0.5237106518 0 0 0 0.8571579655 0 0 0 0.8535124062 0 0.8637178865 0 0 0 0 0.5843689319 0.5876456978 0.6982130516 0.7013012911 0.6990400731 0.5489478323 0.8815688058 0.6641405368 0.7151532472 0.5683013492 0 0 0.8242163502 0.6531111559 0.8042718072 0.5565187017 0 0.7969388998 0.7775109896 0.7081759358 0.823164711 0.8170138395 0.8249704236 0 0 0 0 0 0 0.6448904845 0.6983505056 0 0 0.8447737302 0.6150931594 0.6179821268 0.8219939194 0.6392634002 0.6355383245 0.6323444773 0.6275651863 0.6243971638 0.6317005951 0.6423724771 0 0.8961550343 0.6200599014 0.7076437005
0 0.6415812645 0.6496685488 0.6479711304 0.6542357595 0 0 0.5117600387 0 0 0 0.8590791396 0 0 0.8548214398 0 0 0 0.6832008807 0 0 0 0.583169613 0 0.7022650863 0.695861183 0.7119266144 0.5448185697 0.551560381 0.5352688657 0.7047496765 0.7098858461 0 0.7504779964 0.7354133923 0 0.7983566843 0.7837405114 0.7885758817 0.7886100989 0.7900693931 0.603066114 0.821353087 0.8231415272 0.82024675 0 0 0 0 0.8896929577 0.8637041664 0.6164880254 0.8657176924 0.8877112442 0.6689690155 0.6646838132 0.6588977099 0.6646632883 0.6415650246 0 0.6373759527 0.6285281855 0.6232036772 0.6326009563 0.6333626203 0.6416731893 0.8260932775 0.8241058256 0.6252674362 0.7333836927
0 0.6412114306 0 0.6456419758 0.6524062614 0.6624610595 0 0 0 0 0 0 0 0 0 0 0 0 0 0 0 0.7381786406 0.7458633837 0 0 0 0 0.5547088854 0.8240491461 0.8225961757 0.8231814905 0.7010984922 0.6771607432 0.8066991857 0.8601917217 0.5949959639 0.7170383052 0.789257977 0.7826556237 0.7865712589 0.7816172483 0.5875296937 0.5994592829 0.657481128 0.8099080089 0 0 0 0 0 0 0.8557756613 0.7441074138 0 0.6657462691 0.7519213988 0.5278599359 0.7469801729 0 0 0 0 0.6234464013 0.6275576504 0.6415660698 0.6425014694 0.8242295868 0.5826861576 0.7748736967 0
0 0.6378258848 0.6456434349 0.6484201175 0.6498706944 0 0 0 0 0 0 0 0 0 0 0 0 0 0 0 0 0 0 0 0 0 0 0 0 0 0 0.8120368498 0.8053267773 0.7258241411 0.8154352747 0.7263591159 0.7897196273 0.7945054701 0.7849579055 0.7811759072 0 0.6263118177 0.5961899925 0.6121333785 0 0 0 0 0 0.7624769577 0 0 0 0 0 0.7428465982 0.7425268901 0 0.5812370492 0 0 0 0 0 0.5663984145 0.8021826333 0.7044184667 0.8203325927 0.663587617 0
0 0.6444117581 0.6418293592 0.6543566818 0.6549122498 0 0 0 0 0 0 0 0 0 0 0 0 0 0 0 0 0 0 0 0 0 0 0 0 0.8034273859 0 0 0.8679392485 0 0.7290114507 0.7757761657 0.7118096937 0.7874398997 0.7903231567 0.781816841 0 0.6129549983 0.6108718075 0.6214633249 0.6297948808 0 0 0 0 0 0.8508626958 0 0 0 0 0 0 0.7504010377 0.7851359356 0 0 0 0 0 0.7981865594 0.8069534472 0 0 0 0
0 0.6496967019 0.6524675359 0.6557101452 0 0 0 0 0 0 0 0 0 0 0 0 0 0 0 0 0 0 0 0 0 0 0 0 0 0 0.8067346339 0.810849826 0.7221561221 0.7274809614 0.5437991182 0.8196123772 0.5947928842 0.7968606024 0.7995776873 0.6085581625 0.6099369773 0 0 0 0.5336229769 0 0 0 0 0 0 0 0 0 0 0 0 0 0.6872062441 0 0 0 0 0 0 0 0 0 0 0.8930579744
0 0.6582159719 0.6541122934 0 0 0 0 0 0 0 0 0 0 0 0 0 0 0 0 0 0 0 0 0 0 0 0 0 0 0 0.8095232689 0.6180475567 0 0.7275374569 0.7087620013 0.704577252 0.7069156659 0.7053192247 0.6003208348 0.6002372958 0.6031246077 0 0 0 0.8559847532 0.5283254115 0.5180553138 0 0 0 0 0 0 0 0 0 0.522105364 0 0.6344471495 0 0 0 0 0 0 0 0 0.8093177961 0 0
0 0.7827400569 0 0.6848610553 0 0 0 0 0 0 0 0 0 0 0 0 0 0 0 0 0 0 0 0 0 0 0 0 0 0.8177673917 0.8594816521 0.8668599666 0.8676846034 0.8454478662 0.7070388816 0.7015882683 0.6981561714 0.7039792244 0.599352504 0.5938551951 0.6005320315 0.611017302 0 0 0.5316672305 0 0 0 0 0 0 0 0 0 0.5227151703 0.5169058172 0.7664908405 0.7626804834 0.7626075258 0 0 0 0 0 0.5296238141 0 0 0.8000480676 0 0.802967472
0 0.7859124494 0 0 0 0 0 0 0 0 0 0 0 0 0 0 0 0 0 0 0 0 0 0 0 0 0 0 0 0 0.8572865755 0.8402372849 0.8394875444 0.6040989742 0.7096671964 0.6989753594 0.6958447409 0.7027240371 0 0.5982915297 0.5983110422 0.5443430213 0.6208106421 0.5894685139 0.5325066262 0.6541428136 0.5232809357 0 0.5190186239 0 0 0 0 0 0 0.7585404399 0.8651796219 0.7606971306 0 0 0.7089584702 0.7473116603 0.5281997822 0.520962027 0.727746165 0.8921949359 0.7942447796 0.7891987425 0.7953899399 0.8052791717
0 0.7040826946 0.8878169944 0.8354529 0.6777566406 0 0 0 0 0 0 0 0 0 0 0 0 0 0 0 0 0 0 0 0 0 0 0 0 0 0.8372858315 0.8353979536 0.8429805129 0.8431202034 0 0 0.7023113828 0.7009351173 0.7058037639 0 0 0 0 0 0.7782542293 0.6543209015 0.6527339535 0.5259691341 0.5205504682 0.5251150238 0 0 0 0 0 0.7501461144 0.7556869908 0.7624123063 0.7681886152 0 0.7694431526 0.7645988038 0.5294569612 0.5276500151 0.6727478951 0.6762253428 0.7976272419 0.7879298126 0.7927954654 0.802128823
0 0.5159158607 0.9021469773 0.712871303 0.6513827982 0.651500593 0 0 0 0 0 0 0 0 0 0 0 0 0 0 0 0 0 0 0 0 0 0 0.8447423387 0 0.8327024706 0.8331051363 0.8410050792 0 0 0.6085494044 0.883574773 0.5451084632 0.7119626485 0 0 0 0 0 0.6326689445 0.6581006093 0.8024261022 0.7932360683 0.7859136199 0 0.7969213305 0.5021026756 0 0.650411805 0.6594403464 0.7461296928 0 0.6441163389 0 0 0.6536270498 0.6881573532 0 0.6945393531 0.6737419501 0.6665699867 0.7228747688 0.792588148 0.7928368545 0.888408318
0 0.9035044585 0.895577953 0.859805825 0.6490671734 0.6491897549 0 0 0 0 0 0 0 0 0 0 0 0 0 0 0 0 0 0 0 0 0 0.6838907688 0.8417039592 0.8416481327 0.8380038416 0.839877312 0.8491982771 0 0 0 0 0 0.6119565139 0.6153339739 0 0 0 0 0 0 0 0.7210703497 0.7860084994 0.5491865152 0 0 0 0.5267697653 0 0.6616180362 0 0.6394917722 0.6384873898 0.6470605702 0.656021841 0.68155227 0.6862580503 0.587440202 0.8483289983 0.6670588699 0.5435156739 0.7518686081 0.7530993036 0.7557358284
0 0 0 0.6635628929 0.6505612468 0.6427690431 0 0 0 0 0 0 0 0 0 0 0 0 0 0 0 0 0 0 0 0 0.6452628652 0.6487042952 0.6510714999 0.8501451979 0.848037899 0.8411423542 0.8450168109 0.8549139023 0.7252263756 0 0 0.6070063508 0 0.6255503352 0 0 0.7847797745 0.7831520899 0 0.7158117747 0.7112421499 0 0 0 0 0 0 0 0 0.8781182286 0 0 0.6462008814 0.6425481911 0.6564424152 0.8183431054 0.6872011142 0.6646703063 0 0.6140276542 0.7501523182 0.7519112039 0.7467722195 0.7544905288
0 0.8501090184 0 0.6603370083 0.6469370744 0 0 0 0 0 0 0 0 0 0 0 0 0 0 0 0 0 0 0 0 0.6359010222 0.64207451 0 0.6465278059 0.6041850789 0 0.8517469212 0 0 0 0 0 0 0 0 0 0 0.7719440819 0 0.7158924698 0 0.7129242687 0.7194611587 0.7206113633 0.5004711522 0 0 0 0 0.7370953319 0.6301614969 0.6231832419 0 0.5078973211 0.6940927261 0.8130800472 0.8151545681 0.8224336525 0.6961257679 0.6713727388 0.7302338989 0.7483092671 0.7422314301 0.7409882524 0.5509940028
0 0 0 0.6555184583 0 0 0 0 0 0 0 0 0 0 0 0 0 0 0 0 0 0 0 0.6598007501 0.6606565862 0.6437996344 0 0.7816335955 0 0 0.7689423603 0.8563640956 0.8598167841 0 0 0 0 0 0 0 0 0 0.7695437285 0 0 0 0.710103207 0 0 0 0 0.7157695067 0 0.7234102771 0 0.6168407602 0.6173501863 0.6153087786 0 0 0 0.8158380119 0.8252836437 0.829604458 0.8070885022 0.8094640881 0.7486062839 0.7462836624 0.738389177 0.7444889939
0 0 0 0 0 0 0 0 0 0 0 0 0 0 0 0 0 0 0 0 0 0 0 0 0.6652655308 0.6703858526 0 0 0.7721988628 0 0 0.7815683881 0 0 0 0 0 0 0 0 0 0.7728365168 0 0.7784268688 0.5731229323 0 0.6222692151 0 0 0.7756360816 0.7268697494 0.7174674172 0 0 0 0 0 0 0.7668611801 0.7717963732 0.776814729 0.8238923562 0.8241475795 0.8315667263 0.8325264652 0.5387338223 0.5391160424 0.7480104809 0 0.7482728002
0 0 0 0 0 0 0 0 0 0 0 0 0 0 0 0 0 0 0 0 0 0 0 0 0.6656452561 0 0.8769732193 0 0 0 0.7725391562 0 0 0 0 0 0 0 0 0.5052234191 0 0.8668800233 0 0 0.7788553312 0 0.8740212267 0 0 0.8528666468 0.7186365856 0 0.7199323001 0.7157380611 0 0 0 0 0.5109557823 0 0 0.8248650229 0.8259273063 0.8288615864 0.805656541 0.5401784481 0 0.6482868532 0.649651604 0.6587012891
0 0 0 0 0 0 0 0 0 0 0 0 0 0 0 0 0 0 0 0 0 0 0 0 0 0 0.8797092124 0 0 0 0 0.7806430831 0 0 0 0 0.5176725624 0 0 0.8864619362 0.860025229 0 0.8580291228 0.8600993206 0.6584492281 0 0 0 0 0 0.7319285168 0 0.730246782 0 0 0 0.6250806797 0 0.5011550217 0.5024723603 0.5136948666 0.8280971335 0.8255356123 0.8350361219 0.6622985855 0.5631285177 0.6478450085 0.6449975389 0.6515722733 0.6386718148
