landscape/hab_quality/256/simulation_000070_p066_h065_HABMAT_patch_more_500pix_modified.asc_ac_0.5_quality.asc
NCOLS 513
NROWS 513
XLLCORNER 0
YLLCORNER 0
CELLSIZE 9.980507
NODATA_VALUE NaN
[rows 403 to 433 of 513, columns 0 to 68 of 513]
0 0.8804927311 0.880997363 0.8968692308 0.7381270743 0.7418299812 0 0.7263357515 0 0.7192489468 0.7252952237 0.8723104952 0.8705770059 0 0.8033330807 0.8102564489 0.5367266176 0.5324360946 0.5351863421 0.5312336284 0.5255292479 0.5893319246 0.5555277525 0.5528641538 0.5526057381 0.5552262433 0 0.5741485062 0.5704461578 0.561516537 0.5735705587 0.5617686065 0.8143580585 0.8686540425 0.7906887416 0.8192261497 0.55548504 0.7109454646 0.7056033101 0.7043987296 0.8999618237 0.9014666118 0.5518900921 0.8377330546 0.8753836663 0.8728967193 0.8038409533 0.7655522977 0.7422173545 0.6068850367 0.7586022551 0.5764018499 0.6215173396 0.5262878399 0.5341726443 0.5252043882 0.9123846227 0.5494310125 0.5408677208 0.5378657843 0.6780487504 0.7152476995 0.71746899 0.7110931597 0 0 0 0 0
0 0.8898429132 0.5814848091 0 0.7391477814 0 0 0.6654987251 0.6670368912 0.7204299257 0.7234578084 0 0.6130055373 0.6125773864 0.6140839997 0.8059677457 0.5340667534 0.5371629774 0 0.521258906 0.5272486932 0.5283390378 0.5631015068 0.5604281334 0.6218176439 0 0.5734689688 0.5714016363 0.5709674306 0.5637659145 0.5584841482 0.5824161419 0.5767234871 0.7838885324 0.5831517036 0.5830570682 0.5800735693 0.5921334532 0.7040677582 0.6462793648 0.7238829507 0.5554375626 0.5546713112 0.6198911798 0.6260293182 0.7559534854 0.7513986294 0.715536308 0.7496132282 0.6855792963 0.5666601236 0.811202289 0.5627368297 0.5328600901 0.5244957762 0.5267341526 0.6039297103 0.8361157675 0.5433910491 0.6715104534 0.6685726234 0.6699753926 0.7132418976 0.5905983726 0 0 0 0 0
0 0.5879613427 0 0 0 0.7796895905 0.6686485581 0.6714344949 0 0 0 0.506788128 0.6060318081 0.6049798503 0.6146903741 0 0 0 0 0 0.5209263427 0 0.5082526921 0 0.6585082596 0.6125731514 0.5575325285 0.6166838294 0.5691116816 0.5697963797 0.5684674413 0.5681903747 0.5722824352 0.5937249076 0.7881885127 0.5784675095 0.5871450628 0.8534933173 0.7058783437 0.7095873106 0.7212022177 0.5643300083 0.5688614842 0.6667334285 0.9038658518 0.7500642086 0.7625983214 0.7593438478 0.6977439144 0.7298676673 0.5762112973 0.8170264406 0.5418688881 0.5308476053 0.5233262883 0.5216389936 0.5299065087 0.536067118 0.5447344933 0.5663376869 0.6734466002 0.6958201111 0.7055067314 0 0 0 0 0 0
0 0.5816265772 0 0 0 0.5869724839 0.6845509976 0.836814923 0.6679114611 0.6547182545 0.8026869945 0.7060007416 0.6054302622 0.6090067274 0 0 0 0 0 0 0.5300699441 0.5212073744 0.901289259 0 0.6139748816 0.652306258 0.6093668547 0.7083830799 0.6090253198 0.5588020545 0.577114044 0.5756516813 0.5698886866 0.589744255 0.5843520403 0.5809630707 0.5805876908 0.5024325435 0.6221560005 0.6137710031 0.8528164358 0.8984905438 0.8898813296 0.8973818728 0.8462323683 0.7553929655 0.7589687549 0.7621159186 0.8002334718 0.8308508405 0.6857421458 0.5402177992 0.8165165067 0.759693206 0.7625001338 0.7637371233 0.7562918318 0.8541253147 0.7179121181 0.5647322067 0.5637219058 0.8913087257 0.6880638673 0 0 0 0 0.6919034818 0.6918809368
0 0.6879596637 0.5708271712 0.5652039606 0.6796630104 0.6788647567 0.6822686908 0.6939123001 0 0.7309996173 0.8078509199 0.7981450215 0.5170248319 0 0 0 0 0 0 0 0 0.8963009446 0.8948032834 0.6936626579 0.8100743884 0.6129132811 0.6091447572 0.6045491416 0.6099870414 0.6799654974 0.6713706459 0.7946521285 0.6655866784 0.5885678887 0.6700346178 0.8305558931 0.7012030247 0.6142213952 0.6124185335 0.6127139562 0.5822358906 0.8516070151 0.8887283061 0.6207600827 0.8432429883 0.8415134963 0.7633615252 0.7460598822 0.7465024866 0.7497525755 0.6778988587 0.8162189608 0.8174440625 0.7606107783 0.7559781716 0.7466300744 0.8509124337 0.5584711839 0.563579114 0.5670042403 0.5612665593 0.5603492449 0.8747125437 0.5399981165 0.847948426 0 0 0 0.6990134068
0 0 0.8471015849 0.8402605069 0.8445791559 0.6836111095 0.6886048931 0.6956045333 0.6305693109 0 0.5549734447 0.743192145 0 0 0 0 0 0 0.8419384899 0.8112915979 0 0.903940141 0.9026825835 0.9002172614 0.592405069 0.5869290423 0.6043797033 0.6007518194 0.6104343387 0.5135256147 0.6222215492 0.6634965568 0.6642138941 0.6609282056 0.6557392248 0.6678013897 0.665889183 0.6126754801 0.6205047476 0.6202409296 0.718813387 0.8463663632 0.8421540242 0.6181000846 0.84385044 0.8419970632 0.8365470013 0.6804937772 0.7401630789 0.5413542928 0.7648516691 0.8218504023 0.897835316 0.7648583265 0.7604717923 0.7611364285 0.7470901962 0 0.5197757155 0.5716180551 0.5625397439 0.8810908273 0.5493444307 0.8881731586 0.7498043412 0 0 0.6946197591 0
0 0.5469136942 0.7465650788 0.8396639895 0.8496461513 0.8473161812 0.84980376 0.781525475 0.8388564843 0.7150398257 0.6262856745 0 0.5320970269 0 0 0 0 0 0.807041031 0.7274686457 0.5246321379 0.653952216 0.6068304292 0.59508204 0.591351275 0.5842763454 0.5860875355 0.603146958 0.6022724722 0.6122399962 0.6213079981 0.8104376432 0.6558315639 0.6547880565 0.6600491364 0.6635783225 0.6685699468 0.6163718451 0.7178817439 0.7134709216 0.6722859494 0.8787678602 0.8373286058 0.8397026433 0.8514950555 0.8385711021 0.7088213969 0.7359988219 0.686602394 0.5375533342 0.536014008 0.5426738853 0.893784479 0.8905777691 0.8839885158 0.5606340274 0 0 0.6313213333 0.5711620499 0.5628949546 0.5591170668 0.7385984965 0 0.7501284223 0 0 0 0.5184547187
0 0.6812678692 0.8427074039 0.8397974848 0.8366670317 0.8412980223 0.8383314064 0.8354804827 0.5991621975 0.7468330999 0.7503431287 0.7314297639 0.6090586523 0 0 0 0 0 0 0.746791671 0.7383180523 0 0.6643529748 0.5969538185 0.5869627332 0 0.5868571455 0.7696932454 0.5736233878 0.7691244914 0.6303823252 0.8134999827 0.6612235106 0.6657535249 0.6616517804 0.6646924513 0.6724764732 0.517902988 0.5143233566 0.6105988394 0.7172956412 0.5222964516 0.5265536012 0.5286678801 0.5261421878 0.7232376621 0.7270552707 0.725446214 0.547255392 0.5450849271 0.5455939489 0.5394230664 0.6238031041 0.6251873836 0.6224203594 0 0 0 0 0 0 0.5683616509 0 0 0 0 0 0 0.5756789413
0 0.6720679717 0.6788616645 0.8384187588 0.8365953344 0.8330636064 0.8347550544 0.8404085343 0 0.7545444181 0.7448577697 0.5585992919 0.8826081594 0.8755608944 0.609283253 0.5997817258 0 0.5595858431 0.5609438744 0 0 0 0.8964980827 0.8978916006 0.5152815679 0.5237446466 0 0.5222468802 0.7624543093 0.5316420162 0.5282775552 0.6278883949 0.637123295 0.7276630688 0.7314138916 0.793272306 0.6107379303 0.5209537704 0.8644168954 0.5164565268 0.525645401 0.7729474089 0.7643788596 0.523559819 0.5231265732 0.7600726679 0.7228268649 0.7230671489 0.5812799343 0.5780697434 0.5742797651 0.547442562 0.6221328744 0 0 0 0 0 0 0 0 0 0 0 0 0 0 0 0.5769863292
0 0.6731038956 0.758061733 0.7579237562 0.7535059059 0.8443870367 0.8369644597 0.8353212239 0.6602191631 0.6070061115 0.6262273629 0.7527241744 0.8849379439 0.6329523676 0.6089418027 0.5994923188 0.6017138693 0.5541882879 0.5543362744 0.7182355232 0.7186547536 0.893452238 0.889863298 0.891787571 0.7383074492 0.5146665444 0.5254137543 0.5284526835 0.5275950835 0.5231965155 0.6456591804 0.6349183772 0.6335257548 0.64966913 0.7237253518 0.7248204807 0.725136916 0.6039966388 0.7858266546 0.7615619769 0.7604560606 0.7552657484 0.7596907741 0.7550221625 0.7573114243 0.5136766341 0.728708909 0.6230372896 0.5443880017 0.573063746 0.7174645371 0.8356051387 0.6214571005 0.6146551759 0 0 0 0 0 0 0 0 0 0 0 0 0 0 0.7628086015
0 0.7529459204 0.7432291051 0.7528151149 0.762326139 0.8282158727 0.8151555945 0.625762006 0 0.5240913872 0.5213809214 0.7761963007 0 0.6181476419 0.6093754793 0.7748508636 0.6083848512 0.5531826163 0.519023841 0.7190572408 0.7161670738 0.8964989786 0.8971488957 0.8934419674 0.7343051742 0.725663675 0.5172536019 0.5235655248 0.5224370149 0.5247312493 0.6440487455 0.6400742232 0.6478792636 0.7100429314 0.7168570469 0.7168949267 0.7300959091 0.8022205244 0.7914284513 0.7712011227 0.7604575771 0.7535724603 0.7481612564 0.7485176492 0.7001893853 0.7528065805 0.6158843156 0.6550231786 0.8179045174 0.7055608661 0.7112492498 0.7098496177 0.619392284 0 0 0 0 0 0 0 0 0 0 0 0 0 0 0 0.7605660867
0 0.8297198891 0.8248545139 0.7518027231 0.8280075711 0.823921748 0.6214079895 0.62201922 0.6298599204 0.5207969123 0.51625205 0.5154206506 0.5115143546 0.6161957997 0.6102060319 0 0.562069903 0.8665261695 0.7191471717 0.6389361445 0.7146281592 0.5115403814 0.8717883239 0.7290724919 0.7249232497 0.6650266619 0.6152056879 0.5231216918 0.5319101793 0.5295542416 0.8389551366 0.7097590872 0.8422085936 0.71843503 0.7093497974 0.5967994224 0.7970751105 0.7910263996 0.7924113875 0.7687062821 0.7621307782 0.7534377418 0.7467535748 0.7474404734 0.7466306175 0.7497416788 0.6543227024 0.5458026406 0.5486460494 0.8424759873 0.703805661 0.7124754004 0.7155461848 0.6262116379 0 0 0 0 0 0 0 0 0 0 0 0 0 0 0.7438571883
0 0.6879596737 0.8281464002 0.8276678216 0.8272321768 0.6166342918 0.6130637196 0.6159109646 0.6251180236 0.6199937727 0.5127453392 0.5035846947 0.7895518896 0.5197482049 0.5148875802 0 0.708944493 0.7178562695 0.8372004376 0.71427894 0.6196511767 0.8660030975 0 0.7299388558 0.6741641823 0.5793462859 0.6552572646 0.8480932139 0.8440148339 0.8409908891 0 0.8324376277 0.8350937846 0.8734707782 0.8742836876 0.710938448 0.7878866829 0.8291613688 0.8546285426 0.7630543048 0.8520465517 0.7497482233 0.7388014462 0.7381881612 0.7466405516 0.5476345175 0.8922732383 0.5448727399 0.5470923107 0.5801086078 0.7266887427 0.756169095 0.7632825242 0.6729438712 0.7957292911 0.7446713469 0.744048989 0 0 0 0 0 0 0 0 0 0 0 0
0 0.6407886378 0.7224378358 0.7272251064 0.631492761 0.8615445808 0.614819432 0.6234112657 0.6207870083 0.6293757239 0.5160894643 0.5059471633 0.5131052827 0.7859397088 0.5030995117 0.507381879 0.501849444 0.7046403392 0.7088489122 0.8027452212 0.7977419884 0.7364933417 0.7370229223 0.7355032498 0.5617054659 0.540988927 0.5782421987 0.5838946334 0.5745019937 0 0.8399669478 0.832031462 0.8336761876 0.8658703609 0.8728676709 0.7110849596 0.7784889835 0.5841675902 0.853389439 0.5855297012 0.8511227138 0.856718831 0.7220140251 0.7390552216 0.7448421602 0.7025463058 0.5429463994 0.5506699584 0.5532329752 0.748476054 0.7513048769 0.7657917372 0.7134466378 0 0.5114736699 0.7991303515 0.5143974726 0 0.7302936062 0.7194958193 0 0 0 0 0 0 0 0.7183771165 0
0 0.7174052263 0.7342412654 0.7314223781 0.7289271197 0.6212934266 0.6184852946 0.6195315478 0.5411933054 0.5445194154 0.542200627 0.6513978672 0.7120576521 0.7198005069 0.5075404266 0.5088332483 0.5027285441 0.7045495552 0.7130650392 0.7941924639 0.8069220086 0.7301571776 0.7297352366 0.7304053004 0 0.7829220219 0 0.5057337393 0.5442894875 0.8495150331 0.8395181992 0.8394966467 0.834227153 0.7864868999 0.8741231247 0.6929295526 0.8954741238 0.5877916329 0.5817075885 0.8524012219 0.8473178925 0.8422528271 0.7298628201 0.7238878084 0.7076679958 0.5433374019 0.5470214701 0.5018331884 0.5571673013 0.7723859106 0.7423610731 0.7446542973 0.7133541231 0 0 0.5117158915 0.5210456957 0.5213320119 0.7545738626 0.7516949853 0 0 0 0 0 0 0 0 0.8049336267
0 0 0.7234772017 0.7312331903 0.6255017362 0.6201063765 0.6228639202 0.6277746412 0.624764049 0.5378033332 0.5448996224 0.5472513648 0.547303198 0.7206954474 0.5065053229 0.5017540349 0.5027671521 0.5055535091 0.7844501924 0.6661924094 0.7332658407 0.7360494685 0.7312620839 0.7315906366 0.7550474779 0.7800468962 0 0 0.7101580726 0.8399649196 0.8397682606 0.8414483127 0 0.6369004895 0.8973491037 0.8983093241 0.8487640086 0.621888911 0.5479825347 0.8507223599 0.5704936222 0.5686105042 0.5643372665 0.700244146 0.7314088856 0.5502257391 0.8228910162 0.5706501045 0.8429720867 0.6015775663 0.7608014443 0.6580113673 0.7193921735 0.5457354227 0 0.5180544303 0.5173645934 0.5252947344 0.7301988843 0.7301055177 0.7296096927 0 0 0 0 0 0 0 0
0 0.5999065149 0.5664003575 0.8098912475 0.6266519527 0.6245621456 0.8271074004 0.7472619829 0.7379418692 0.5477493699 0.5415963637 0.5461666416 0.556153954 0.694664311 0.5089280347 0.5038823344 0.5029727369 0.8054303431 0.7929596602 0.7911713219 0.6306973513 0.6246411486 0 0 0 0 0 0.701643257 0.7053847601 0.847995702 0 0.8528686172 0 0.7964940195 0.6432941233 0.7586584713 0.7557603958 0.5523892324 0.5461163914 0.5544323532 0.5673098874 0.5627707191 0.5722143021 0.6472704296 0.5178687431 0.7774247063 0.8062447561 0.7135959924 0.594520304 0.7949853919 0.6577241029 0 0 0 0.5295943675 0.5240733432 0.6078588353 0.5998147036 0.6408250314 0.7274640753 0.7321714575 0 0 0 0 0 0 0 0
0 0.6840707182 0.6754731003 0.7116928726 0.740218314 0.7372908482 0.7415239083 0.7432098718 0.7376249671 0.7321680636 0.7429084316 0.6941954826 0.5558440759 0.6863032855 0.6931443807 0.5598019089 0.6887742726 0.5267128994 0.691110715 0.6978441184 0.70227061 0.584433521 0.6323879935 0 0 0 0 0.7089892714 0.7022463819 0.7174913513 0.65783782 0.8587026744 0.659611642 0.689717371 0.586841958 0.7617665318 0.7526203936 0.5052896653 0.5514069629 0.5457827674 0.5691611516 0.5719669767 0.5721822614 0.5817041932 0.5533287257 0.6457133316 0.6406168459 0.7972755169 0.713431736 0.7073374797 0 0 0 0 0 0.5341127074 0.6822432198 0.5463952461 0 0 0 0 0 0 0 0 0 0 0
0 0.6756051846 0.6750166376 0.6807908434 0 0.7168559458 0.7335068384 0.7300218715 0.7296496869 0.7349143935 0.7483840172 0.7542049883 0.6895457543 0.6935911192 0.695823561 0.6783609181 0.8916680506 0.5340189503 0.5347764647 0.515095681 0.7047507561 0.5888560234 0.7993860725 0.7286438079 0 0 0.8355425164 0.7138969894 0.7154627873 0.721006249 0.666261118 0.655163744 0.5605089121 0.6861037855 0.6913223898 0.7190070602 0.6697408093 0.5607310117 0.5449705644 0.5542227576 0.5722462947 0.577717149 0.5812437253 0.577831629 0.5889661756 0.806035703 0.635818598 0 0 0 0 0 0 0 0 0 0.5385178741 0 0 0 0 0 0.7427444245 0 0 0 0 0 0
0 0.6812122803 0.6836433645 0.6814118783 0 0 0.5954479886 0.583712309 0.5879034053 0.5839834855 0.7259324207 0.7183200576 0.7285283336 0.7431419737 0.685990068 0.889930439 0.8839468769 0.88321306 0.802276519 0.8025917154 0.7176264237 0.6107819614 0 0 0 0 0 0.7992043772 0.6392370262 0.7176894206 0.5373727639 0.6580103879 0.6630028887 0.5573053103 0.5591477851 0.5999088916 0.5944814786 0.6663032871 0.8177928833 0.8169330614 0.640376627 0.5635826374 0.5865804694 0.864253844 0.6695954421 0.6747051948 0.7364222616 0 0 0 0 0 0 0 0 0.532503604 0 0 0 0 0 0 0.6809049257 0 0 0 0 0 0
0 0 0 0 0.6821986902 0.5892638016 0.5897015823 0.5014608358 0.584029977 0.7280821353 0.6843308449 0.72235522 0.739248823 0.7762530484 0.5482918734 0.8847805582 0.8924089711 0.8761600371 0 0.8090715017 0.8092006723 0.7109602558 0 0 0 0 0.8864063292 0 0.6483248914 0.5122843453 0.5189678158 0.7112404865 0.5196170863 0.5573199789 0.5670905732 0.5839837344 0.5780588915 0.5857297899 0.6483718147 0.6382827865 0.641136184 0.5536146127 0.8883284093 0.8558539165 0.6745150527 0.6666543989 0.7367293413 0.7272232948 0.7285888761 0.7110179537 0 0 0 0 0 0 0 0 0 0 0.589860246 0.6778458432 0.6788560155 0.8810041989 0 0 0 0 0
0 0 0 0.5640521011 0.5966315178 0.5941413928 0.595158537 0.7479148667 0.735251351 0.8378917395 0.7275716233 0.7266223926 0.73222439 0.7250577844 0.7177970065 0.8993568496 0.8833354578 0.8847943355 0.8791531685 0 0.7048716223 0.720828625 0 0 0 0 0 0 0.5219743321 0.710442709 0 0.5109580955 0.560726325 0.5625676398 0.5198844333 0.5851380251 0.5772523246 0.5788242153 0.6429529033 0.6405384945 0.5060609094 0.5469286079 0.5534679579 0.5583238486 0.6654751582 0.6711096778 0.6743605427 0.7290022668 0.7196257197 0.715464939 0.7070593868 0 0 0 0.5373107298 0.7745909892 0.7662940155 0 0 0 0 0 0.6747177026 0 0 0.6793157971 0 0 0
0 0 0 0.5403177432 0.5588679546 0.5612902554 0.8799898032 0.8834652785 0.7367868742 0.7305067951 0.7335917131 0.7374622591 0.7129115855 0.7160820226 0.7222583333 0.670068711 0.6451696184 0.7729609779 0.7191699967 0.7125111844 0.7112401079 0 0 0 0 0 0 0 0 0 0 0 0 0 0 0.5894554294 0.5804822886 0.6004793818 0.5945511176 0.5884585909 0.7743462288 0.77486889 0.7788129976 0.5629814092 0.5395984272 0.8578337447 0.5359534594 0.7267338137 0.7290078867 0.7081844709 0.7064696417 0 0 0.6405771301 0.7818689866 0.7667563017 0.7745094495 0.7751659843 0.879383919 0 0 0 0.6701020783 0.6675493476 0 0.6822217461 0 0 0
0 0 0 0.615977913 0.7190043974 0.6550042987 0.6183012506 0.6195932941 0.7313982452 0.7347220552 0.7310966415 0.6036583737 0.7758168995 0.7795953972 0.5593257618 0.6776087364 0.7987294797 0.7452525254 0.7176368054 0.7157035749 0 0 0 0 0 0 0 0 0 0 0 0 0 0 0 0.6764853875 0.6835870905 0.5285005166 0.5878950919 0.5874926831 0.7801931529 0.7715412374 0.7789177315 0.788591727 0.8879739401 0.8841585655 0.8520259125 0.6258588709 0.531342583 0 0 0.7107867643 0.7162135826 0.6402346669 0.631821668 0.6396394235 0.5658801004 0.5686220733 0 0 0 0 0.6650315927 0.6706367397 0.6736062473 0 0.679786935 0 0
0 0 0.6082986451 0.6230963624 0.5257153521 0.8212656062 0.667105982 0.6216044022 0.611656019 0.6126083638 0.6219973208 0.7139114784 0.7138374802 0.7775692626 0.6279971743 0.5251945938 0.5448121641 0.6637360978 0 0.5729566544 0 0 0 0 0 0 0 0 0 0 0 0 0 0 0.6685826708 0.6699595362 0.6864118045 0.6841886988 0.7895813545 0.656454051 0.7801162125 0.7760206893 0.7784003769 0.7830093723 0.881642039 0.8840015843 0 0.771704333 0.8369049587 0.5233798516 0 0.7114114304 0 0.6387823217 0.6405703017 0.6399170178 0 0.5731412952 0 0.8894024286 0 0.6744929265 0.6673910983 0.6671701338 0.6673572406 0.5449468251 0.5398403843 0 0
0 0 0.600269068 0.6076129699 0.8238849635 0.8306240858 0.828151907 0.6135646528 0.6145697706 0.6198806226 0.6287488703 0.5696608685 0.5673472187 0.5696503064 0.523842773 0.5573342648 0.7661549387 0.543168609 0.7625619142 0 0 0 0 0 0 0 0 0 0 0 0 0 0 0 0 0.6747203195 0.6813229212 0.6917370125 0.7972108497 0.8350124643 0.767292028 0.6894832706 0.6903585306 0.6489277684 0.8781453273 0.8781228172 0.772399268 0.7710984085 0.7798387579 0.6914393438 0.5362895363 0.7280639202 0.8506905527 0.8874928487 0.5100235062 0.811107775 0.5572929602 0.6551171001 0.8581012938 0.5140892383 0.8821838276 0.6787076287 0.6693473538 0.6719220339 0.6705898987 0.5328469958 0.5357252587 0.5422961946 0
0 0.6005215732 0.603671006 0.6022399177 0.8763837692 0.8282516734 0.6106031488 0.6128126484 0.6045639579 0.5564665178 0.556730434 0.5700412041 0.8720862675 0.5747296402 0.5765806895 0.5256891991 0 0 0.5442236886 0 0.5733084598 0.528257414 0 0 0 0 0 0 0 0 0 0 0 0 0.6782236994 0.6786307846 0.6839098337 0.8285451915 0.8262580886 0.8066674556 0.7880142025 0.6827955243 0.6899340597 0.8888062688 0.879595112 0.6320538037 0.5101503476 0.7245269819 0.8028128609 0.5794248474 0.9041015958 0.907404794 0.9081508522 0.7270421396 0.8060039022 0.607415514 0.6526920378 0.6528611608 0.6878662298 0.8483320503 0.8530010178 0.8507439968 0.845391671 0.6706515571 0.5371770647 0.5281973761 0 0 0
0 0.6108904359 0.6125168698 0.6130667798 0.7828484418 0.6596541756 0.613990231 0.6105887842 0.6149448149 0.8497480546 0.8461900762 0.8000874249 0.8844089322 0.5761542789 0.5816353198 0.8589619392 0.7603663991 0.6707465828 0 0.5731324468 0 0.6328411399 0 0 0 0 0 0 0 0 0 0 0 0 0 0.6865113925 0.6868893172 0 0.8262056926 0.8264869753 0.7995185921 0.5759936613 0.7936684423 0.8115590473 0.7225395871 0.7501125598 0.7446981916 0.5652339362 0.8922822733 0.8979507048 0.8978235402 0.8918673526 0.9080830832 0.7851233525 0.6933845681 0.6988738752 0.8828362782 0.6522449252 0.6473512019 0.6399615667 0.8465071182 0.8479719987 0.5488342148 0 0.5324613029 0.5355777266 0.5292780054 0 0
0 0.8495196338 0 0.7617841271 0.7870809338 0.8658862354 0.6172168104 0.6118820172 0.6833901015 0.683618715 0.8408833402 0.8312651329 0 0.8291927037 0.5880109543 0.7364122667 0.6634426263 0 0 0 0.6257645285 0 0 0 0 0 0 0 0 0 0 0 0 0 0 0 0 0 0 0.8283852916 0.7900683443 0.7927654874 0.802459735 0.8068017775 0.8092716453 0.7431694331 0.7523257914 0.5107253552 0.9035914943 0.8884661499 0.8886558326 0.8272265336 0.8012280921 0.8462644636 0.6996417036 0.6867965962 0.7414160062 0.6510446491 0.6459705268 0.8637915525 0.8441942887 0.8530814933 0.6656170372 0 0 0.5351770921 0 0 0.5329004807
0 0.7803657474 0 0.5424346626 0.6473150614 0.7850516564 0.6834175782 0.6762880975 0.676448976 0.6761050725 0.6823516381 0.8319328181 0.8255468002 0.8319476794 0.5426249838 0 0 0 0 0.770496489 0 0 0 0 0 0 0 0 0 0 0 0 0 0 0 0 0 0 0.8359684395 0.723051009 0.7940625267 0.8023938185 0.7980614894 0.5692429553 0.5741005996 0.5753978058 0.7420603364 0.8996739572 0.8902655833 0.8970767148 0.8888721313 0.5220507631 0.5255920879 0.8067145183 0.810551248 0.8160332294 0.7131362397 0.7060677847 0.7058851654 0.8497053969 0.8457617252 0.8496760093 0.5873823994 0.5394087827 0.5418821163 0.5303377015 0.5339802184 0.5368713607 0.533905432
0 0.8140697816 0.8376901803 0.5440356082 0.5357811812 0.537529021 0.6820689316 0.6712022944 0.6689066715 0.6780853691 0.6852122364 0.8298330501 0 0.8257063979 0.7553047463 0.7598100204 0 0 0 0.7698278735 0.7670546783 0 0 0 0 0 0 0 0 0 0 0 0 0 0 0 0 0 0.7234557772 0.7247206593 0.7371303022 0.7314895309 0.6899859429 0.5728094469 0.5815503298 0.6064116477 0.9023464933 0.8904760938 0.5375263959 0.618816518 0.7825545105 0.5280913697 0.720761018 0.7933200194 0.8063726762 0.8086275521 0.8494500497 0.7090162168 0.7078234771 0.7051904272 0.7906956055 0.8524621349 0.5613020124 0.8729333269 0 0.535403216 0.5451409131 0.5437245197 0
