landscape/hab_quality/256/simulation_000014_p046_h095_HABMAT_patch_more_500pix_modified.asc_ac_0.5_quality.asc
NCOLS 513
NROWS 513
XLLCORNER 0
YLLCORNER 0
CELLSIZE 9.980507
NODATA_VALUE NaN
[rows 384 to 415 of 513, columns 216 to 287 of 513]
0.5798555469 0.8272178076 0.8307821576 0 0.8262863544 0.8359131238 0 0 0 0 0 0 0.7640489932 0.6660289967 0.6651943776 0.818804729 0.5719431199 0.7306672155 0.8169337324 0.7048098794 0.7058035861 0.7012690701 0.8622104319 0.862333914 0.8664901592 0.8553901367 0.8605193392 0.8603001428 0.8571018531 0.6163168844 0.5256340761 0.5249338954 0.7438291424 0.8459536841 0.5596794731 0.5529227592 0.5523334276 0.5567324999 0.6716595608 0.5593030989 0.6613542759 0.5435066761 0.7018621299 0.6137700012 0.6061796192 0.839136696 0.8393493758 0.8426145184 0 0 0 0 0 0 0 0 0 0 0 0 0 0 0 0 0 0 0 0 0 0 0 0
0 0.8342572136 0.8259553613 0.822843524 0.83241799 0.827235732 0 0 0 0 0 0 0.7612367031 0.7661311422 0.7790522166 0.8686275358 0.5715702135 0.6261192706 0.713043287 0.8840776143 0.5494621905 0.5486319812 0.5453446937 0.8678620878 0.8643371371 0.8998059116 0.763888909 0.7594511067 0.7603013605 0.5625226552 0.7319678153 0.6201295567 0.6651257238 0.7821306528 0.5595044226 0.5559447497 0.5529209984 0.5542533359 0.699541849 0.8351548556 0.6551670743 0.6693718439 0.5361097293 0.6009659577 0.6878540517 0.8341786848 0.8389135815 0.8388977224 0 0 0 0 0 0 0 0 0 0 0 0 0 0 0 0 0 0 0 0 0 0 0 0
0.5802094202 0.5801249773 0.8314218854 0.8293763623 0.8265225703 0 0 0 0 0 0 0 0.7658207528 0.7699598056 0.6622803071 0.732379578 0.7951005472 0.5799178437 0.5771679721 0.8036930563 0.5427409648 0.5421927032 0.5460806346 0.877610192 0.8745590746 0.8980910045 0.7652045443 0.7620416927 0.7690429424 0.6507748885 0.6876770321 0.7413211453 0.782189637 0.655911686 0.599693642 0.5602683782 0.5636386371 0.5718606602 0.6623031347 0.8677344868 0.8621482791 0.8630914412 0.8618335529 0.6013189344 0.6102409896 0.8345907741 0.8303544727 0.8376605724 0.8200788734 0 0 0 0 0 0 0 0 0 0 0 0 0 0 0 0 0 0 0 0 0 0 0
0.5622208035 0.57587075 0.5831043099 0.8318700335 0.8268718334 0.8282845491 0 0.610670749 0.6449419985 0 0 0 0.6144672912 0.7723535512 0.7785125753 0.7108895084 0.7026180693 0.5686681914 0.5855412723 0.651687946 0.5518734288 0.5515344001 0.5442177585 0.6600619968 0.9022699643 0.9021825902 0.9033343966 0.6391331911 0.5216409325 0.615183525 0.6500854216 0.6425621087 0.5630927356 0.7403754137 0.845626924 0.8355768368 0.5147856445 0.8478762994 0.8019698682 0.8660174995 0.8601580239 0.8532288025 0.8506619143 0.8550702589 0.85475566 0.8368349245 0.8308980091 0.8303722957 0 0 0 0 0 0 0 0 0 0 0 0 0 0 0 0 0 0 0 0 0 0 0 0
0.5690013297 0.5717485979 0.5776343043 0.5841182222 0.5926351464 0.6548736716 0.6603415357 0.7229142159 0.5927417267 0.8499527106 0.798005677 0.795107261 0.7976362903 0.8032715698 0.6323094425 0.6532495361 0.7022069077 0.7093843825 0.6483235027 0.6565900352 0.6565415492 0.6460216834 0.6523805044 0.6455234704 0.8242567291 0.5310009256 0.9121054771 0.5812536782 0.5807417355 0.6505190691 0.648235926 0.6420055378 0.5145134012 0.6439628432 0.5212999013 0.5123198417 0.510578778 0.9045988893 0.6506299599 0.8680957579 0.8586934113 0.8552807298 0.8501894439 0.8473030735 0.8531804506 0.8398518412 0.8361192529 0 0 0 0 0 0 0 0 0 0 0 0 0 0 0 0 0 0 0 0 0 0 0 0 0
0 0 0 0.5843884651 0.6454886944 0.6529253957 0.5108916596 0.7123873398 0.7179790695 0.7145736391 0.7161789617 0.7901673639 0.7953602232 0.7952551417 0.7124947335 0.707048959 0.7454090826 0.7028646587 0.643027325 0.6414548939 0.6482652047 0.6449929469 0.6449620645 0.6411781364 0.6413024364 0.6513367311 0.6529293806 0.6070814748 0.5772838855 0.5647584933 0.6481511449 0.5923105558 0.641297974 0.8539210154 0.8480053199 0.5198036376 0.7290854886 0.8964187559 0.8954991688 0.8619245393 0.8565343172 0.8536137824 0.8515897119 0.8511759202 0.8545124948 0.5244563188 0.7536138176 0 0 0 0 0 0 0 0 0 0 0 0 0 0 0 0 0 0 0 0 0 0 0 0 0
0.5692715447 0.6867860691 0.8730780184 0.6467498878 0.6444336992 0.6434206318 0.7071897236 0.7095421672 0.713311372 0.7102832351 0.7115073806 0.7902397771 0.7880697333 0.7910221388 0.7080441796 0.7074871082 0.5347698455 0.6460653953 0.6434560345 0.6365078299 0.6407887115 0.7199931242 0.6411916396 0.6390210215 0.6421736851 0.648460136 0.6555761896 0.6589743155 0.8579538896 0.6103960681 0.6371872636 0.6386714744 0.6381242361 0.7988714062 0.7917473357 0.7978642346 0.5604208426 0.5549539564 0.5508122051 0.5554091418 0.8555190939 0.8552844611 0.85406672 0.8516165622 0.8659380598 0.5091573447 0 0 0 0 0 0 0 0 0 0 0 0 0 0 0 0 0 0 0 0 0 0 0 0 0 0
0.8763957182 0.8748839865 0.5328658334 0.6431776564 0.6408762081 0.6449121242 0.7130265476 0.706148024 0.7036755457 0.7065652317 0.6763505823 0.7888647208 0.8723993089 0.8740087285 0.8728070081 0.8667203224 0.8644059671 0.8001117608 0.6449263964 0.6393953966 0.6333373527 0.6304033209 0.6413460044 0.6453503536 0.6412237596 0.6503686595 0.6562579263 0.6574137165 0.5041161542 0.601734653 0.5995761026 0.6304168849 0.62961888 0.6258425774 0.7914387155 0.795090761 0.5198726823 0.5390129016 0.5483542412 0.5501188492 0.5511906487 0.858592512 0.8618494371 0.8639342316 0.6496391721 0 0 0 0 0 0 0 0 0 0 0 0 0 0 0 0 0 0 0 0 0 0 0 0 0 0 0
0.5290084385 0.5234029035 0.5242914357 0.5255821231 0.64529078 0.6484453697 0.7108940033 0.7063227398 0.5767666517 0.7122913846 0.7923746019 0.8803495247 0.8758511377 0.8700078318 0.8630811669 0.8636955373 0.7306869909 0.8735384797 0.6382670671 0.6401231401 0.6274598021 0.625352368 0.6485051202 0.6417236871 0.6502517714 0.6485015168 0.6578527792 0.7180965232 0.5980389125 0.6006836104 0.6036570487 0.8947933627 0.6239996019 0.6337808713 0.7963428943 0.7962053656 0.5488529364 0.5461827033 0.537998574 0.5451100347 0.5414286597 0.6434791973 0.8673138661 0.8689937689 0 0 0 0 0 0 0 0 0 0 0 0 0 0 0 0 0 0 0 0 0 0 0 0 0 0 0 0
0.5197322722 0.5200943393 0.517931714 0.5289918279 0.6537795448 0.6793231525 0.6517509379 0.66071268 0.702225756 0.6188949884 0.8491147275 0.5801022479 0.8720756913 0.8671657711 0.8627303995 0.8655208265 0.8679901363 0.5621026838 0.6418104341 0.6365426313 0.6292828538 0.6286109353 0.6500915767 0.6446077331 0.6426842563 0.6021078728 0.5977033105 0.5897733453 0.5919240834 0.5937502325 0.5882176018 0.6319770196 0.6252927002 0.6312589624 0.8279593405 0.6006991052 0.5972542496 0.5392337691 0.5381563537 0.5357347027 0.5376827959 0.5406195353 0.5374158546 0.5450013925 0 0 0 0 0 0 0 0 0 0 0 0 0 0 0 0 0 0 0 0 0 0 0 0 0 0 0 0
0.5145662369 0.517506053 0.5132202055 0.5190779556 0.6450488108 0.6457211067 0.639836722 0.7797374482 0.8530945622 0.8459960827 0.8449219872 0.8403292861 0.8369998476 0.6588755082 0.8724243381 0.8661724974 0.8679096488 0.8405570726 0.6409884306 0.6335746256 0.6345904221 0.7179502259 0.6350047386 0.6433647473 0.6029104315 0.6023957244 0.5929858738 0.5889329055 0.5872195461 0.5875383125 0.5937738386 0.5637924374 0.5432322415 0.6263479559 0.5457069812 0.6258613794 0.5425840452 0.542990055 0.5368224032 0.7345009075 0.5443217654 0.5439116484 0.5470708396 0.541235789 0 0 0 0 0 0 0 0 0 0 0 0 0 0 0 0 0 0 0 0 0 0 0 0 0 0 0 0
0.512028097 0.5089478904 0.5133854935 0.5183232139 0.7689774896 0.638561998 0.6461154416 0.651774129 0.5020643597 0.8450558184 0.8388748804 0.8357639407 0.8446416108 0.6680507129 0.8703869004 0.8693652256 0.8700517924 0.8421170897 0.8494389815 0.6104470088 0.6062442562 0.6384102307 0.637669828 0.6436259429 0.6101449114 0.5959622049 0.5968476176 0.5948299942 0.5851376502 0.5925168694 0.5922409524 0.5395550582 0.5443164451 0.5443808162 0.5496408127 0.5513202171 0.7412798825 0.7649111585 0.7605633416 0.7542009628 0.6052957155 0.6139086101 0.8703814435 0 0 0 0 0 0 0 0 0 0 0 0 0 0 0 0 0 0 0 0 0 0 0 0 0 0 0 0 0
0.5092099113 0.5161967198 0.5109905295 0.5195392488 0.643345083 0.6413560839 0.644903906 0.5645385812 0.8702224165 0.8393640913 0.8361009476 0.8438979899 0.6154099809 0.5321548412 0.8715435634 0.8035741966 0.8646025627 0.6865077429 0.8902871113 0.615360779 0.5166393978 0.6421214491 0.787347607 0.6067410567 0.6051167794 0.5728137254 0.6057998356 0.5859833037 0.5913820409 0.5894687217 0.5491464145 0.5476602317 0.5410357035 0.5429816969 0.552159116 0.7424647247 0.5509743249 0 0 0.7578430828 0 0 0 0 0 0 0 0 0 0 0 0 0 0 0 0 0 0 0 0 0 0 0 0 0 0 0 0 0 0 0 0
0.5127282884 0.5141093296 0.5211152517 0.5193814416 0.5376630595 0.6494386746 0.9024712982 0.6991958696 0.8001750486 0.8959291007 0.54837732 0.5397283772 0.5303245389 0.5300620832 0.5315097863 0.5407472339 0.5249598875 0.7720202362 0.558493252 0.5485504425 0.5579562212 0.5631273512 0.5809392075 0.5965143698 0.7335922244 0.6064020057 0.862600857 0.5962659692 0.5931386845 0.5915343398 0.7346302337 0.5447467475 0.5420650922 0.5492481451 0 0 0 0 0 0 0 0 0 0 0 0 0 0 0 0 0 0 0 0 0 0 0 0 0 0 0 0 0 0 0 0 0 0 0 0 0 0
0.5170268841 0.5132968414 0.5283764824 0.5293705018 0.5373379704 0.8965707607 0.816122744 0.5585070452 0.7903968202 0.8798041494 0.5724546885 0.5349505769 0.5181847341 0.5215136639 0.5232529588 0.5261219602 0.5565337938 0.7849505824 0.5624542485 0.5583851789 0.5534024935 0.562341923 0.8460631048 0.5767977692 0.7527706423 0.7493799601 0.6089389714 0.6071735924 0.6521319998 0.5993356575 0.5943377356 0.5474287459 0.5452173964 0.5463767643 0.5483254953 0 0 0 0 0 0 0 0 0 0 0 0 0 0 0 0 0 0 0 0 0 0 0 0 0 0 0 0 0 0 0 0 0 0 0 0 0
0.5817443936 0.5289826765 0.5334814481 0.5315489622 0.5324756835 0.7954359228 0.653739155 0.7915705967 0.5526956772 0.6735178543 0.6792838702 0.6832331063 0.5255585555 0.5175225823 0.5161418127 0.5184355768 0.6236609339 0.5553434862 0.5505561336 0.5502003479 0.5614967462 0.5539315003 0.7388538629 0.5948875213 0.5972199452 0.5970689433 0.55175012 0.6010265249 0.5990553798 0.8077928363 0.5536385667 0.5502799926 0.7286565147 0.5459413913 0 0 0 0 0 0 0 0 0 0 0 0 0 0 0 0 0 0 0 0 0 0 0 0 0 0 0 0 0 0 0 0 0 0 0 0 0 0
0.5894924274 0.5381765731 0.5354689774 0.5384321167 0.5322990851 0.5414702613 0.9069989967 0.8975318938 0.681838821 0.6719656705 0.6755075492 0.6828785297 0.5207225282 0.5157859651 0.5134724744 0.5211268192 0.7208131477 0.5540777345 0.5476367915 0.5520857057 0.734813218 0.5898635715 0.5023100817 0.8739011967 0.7484862622 0.6374921256 0.7149620255 0.5998800447 0.602686451 0.8384957486 0.7589726621 0.8378774012 0.78423529 0.700673617 0 0 0 0 0 0 0 0 0 0 0 0 0 0 0 0 0 0 0 0 0 0 0 0 0 0 0 0 0 0 0 0 0 0 0 0 0 0
0.6095974558 0.6096803538 0.7162098172 0.7548566012 0.5412387097 0.5342261036 0.6564489305 0.8950992584 0.6784137026 0.6787171842 0.6788451707 0.6765853175 0.5201305106 0.5233392948 0.5206479485 0.5169433097 0.7134932883 0.5487429569 0.5497996721 0.5035795283 0.8792438581 0.6715647714 0.6580669983 0.7112593032 0.555361257 0.8435447589 0.8442075106 0.7148937247 0.8332704885 0.8419049004 0.8329458957 0.8616438826 0.8460569257 0.6989566123 0.7976716652 0 0 0 0 0 0 0 0 0 0 0 0 0 0 0 0 0 0 0 0 0 0 0 0 0 0 0 0 0 0 0 0 0 0 0 0 0
0.6040891605 0.7139594893 0.715765789 0.7109187624 0.7148713894 0.8171457281 0.8859318173 0.7699523805 0.8880141752 0.8709370586 0.6837966994 0.5202425904 0.8461136689 0.5264761175 0.6581269483 0.521089331 0.7051946331 0.7036927353 0.7098223592 0.7012622181 0.7142175199 0.5557753741 0.7708011738 0.7703768078 0.8377552381 0.8349100594 0.7087405376 0.7055070185 0.7055730588 0.7027458277 0.693706739 0.8397850518 0.6963225527 0 0 0 0 0 0 0 0 0 0 0 0 0 0 0 0 0 0 0 0 0 0 0 0 0 0 0 0 0 0 0 0 0 0 0 0 0 0 0
0.7626488289 0.7111473584 0.7085768855 0.715558795 0.7193144237 0.5151145469 0.8485615844 0.8846118167 0.8491505183 0.8957897741 0.7602063678 0.5356785023 0.8046580969 0.5307570672 0.5292255526 0.5377110029 0.7081185186 0.7110646503 0.701176601 0.704524021 0.7676758843 0.7895873008 0.7664917327 0.7695761396 0.7145389197 0.8444238081 0.7072361373 0.6997120607 0.6999446628 0.7052523013 0.7070879416 0.7071275528 0.5556578017 0 0 0 0 0 0 0 0 0 0 0 0 0 0 0 0 0 0 0 0 0 0 0 0 0 0 0 0 0 0 0 0 0 0 0 0 0 0 0
0.6319207639 0.7149349071 0.7154823346 0.7148250198 0.6635098641 0.8435317785 0.8369853015 0.8415150996 0.8416500288 0.8522499294 0.7138567064 0.7511187867 0.5336754745 0.5731665554 0.6677155297 0.5347124098 0.6662176625 0.7031487041 0.7042809424 0.7011832112 0.7651151936 0.7605406062 0.7689946149 0.5680293594 0.8490231121 0.5639103257 0.7059486956 0.7091086473 0.704462243 0.703442022 0.7120771032 0.7121801033 0.638639445 0 0 0 0 0 0 0 0 0 0 0 0 0 0 0 0 0 0 0 0 0 0 0 0 0 0 0 0 0 0 0 0 0 0 0 0 0 0 0
0.7242457036 0.670688887 0.7173948332 0.7230195078 0.7175488659 0.8399505989 0.8338891185 0.8848702231 0.8470469449 0.8514252992 0.5404132405 0.6891156647 0.5387263518 0.751172399 0.780893187 0.8009934868 0.788344684 0.5627059184 0.5831705607 0.7642218081 0.7627607937 0.7653574507 0.7629531442 0.6227831857 0.7880312273 0.7817632891 0.8945543542 0.6433657661 0.7139017414 0.7053184651 0 0 0 0 0 0 0 0 0 0 0 0 0 0 0 0 0 0 0 0 0 0 0 0 0 0 0 0 0 0 0 0 0 0 0 0 0 0 0 0 0 0
0.5252700167 0.5186356502 0.6452843218 0.7250646321 0.6013562997 0.8145230737 0.6785254243 0.8347753869 0.8516482491 0.8486185364 0.5366685394 0.5363695556 0.6593943635 0.8387367795 0.6711367842 0.7084785179 0.5569167712 0.7795817808 0.8767804993 0.5820046601 0.7743718044 0.8013497408 0.7726569265 0.7746253911 0.7872664321 0.7256690167 0.7863394747 0.7232729234 0.7220897835 0.7210601623 0 0 0 0 0 0 0 0 0 0 0 0 0 0 0 0 0 0 0 0 0 0 0 0 0 0 0 0 0 0 0 0 0 0 0 0 0 0 0 0 0 0
0.5185240529 0.5141798935 0.5273121504 0.721490651 0.8298369411 0.8140093884 0.5307386117 0.8775870322 0.7002483675 0.8701089403 0.5287919293 0.5282345423 0.5364744321 0.8213709408 0.8209675417 0.8622875265 0.5585476439 0.7886453589 0.5469707895 0.5586179726 0.8467560789 0.7216905012 0.8021164841 0.7811742304 0.8101040255 0.5749721267 0.7269770394 0.7278686237 0.6256506344 0 0 0 0 0 0 0 0 0 0 0 0 0 0 0 0 0 0 0 0 0 0 0 0 0 0 0 0 0 0 0 0 0 0 0 0 0 0 0 0 0 0 0
0.5099810991 0.5176956349 0.5186331806 0.8268973981 0.5826849752 0.5376707286 0.5399219198 0.8770500596 0.8679942809 0.8760645623 0.7251609994 0.5058824558 0.7010167932 0.8149607239 0.5523381278 0.8556027702 0.7495204874 0.869864817 0.7520735821 0.5647723911 0.5495132901 0.7242700901 0.6473178005 0.878472071 0.7775644657 0.8579766201 0.7851012213 0.8788420699 0.7951155715 0 0 0 0 0 0 0 0 0 0 0 0 0 0 0 0 0 0 0 0 0 0 0 0 0 0 0 0 0 0 0 0 0 0 0 0 0 0 0 0 0 0 0
0.5104059728 0.512937069 0.5202550607 0.5143808312 0.8327519174 0.5486707948 0.6019968037 0.8749324001 0.7191058777 0.8770427309 0.7336597543 0.8917283514 0.8209064373 0.7630524573 0.8888673029 0.7235611627 0.8004545335 0.7447268558 0.7447401256 0.8080248421 0.6311205941 0.8692757301 0.7180706201 0.7865768129 0.7852225694 0.7768694002 0.7823849126 0.7897570666 0 0 0 0 0 0 0 0 0 0 0 0 0 0 0 0 0 0 0 0 0 0 0 0 0 0 0 0 0 0 0 0 0 0 0 0 0 0 0 0 0 0 0 0
0.5172134481 0.5181020254 0.5141989829 0.5225600226 0.7986757048 0.7701064418 0.8339796464 0.8074914352 0.7850582529 0.7735181957 0.7646533508 0.7623558078 0.7667709305 0.7640536422 0.6594452698 0.5618125064 0.5623898403 0.6112296558 0.6231699739 0.8668911002 0.6228849968 0.6193048129 0.8043293699 0.7945599082 0.785581576 0.7798916442 0.7848720588 0.7919570148 0.8010660856 0 0 0 0 0 0 0 0 0 0 0 0 0 0 0 0 0 0 0 0 0 0 0 0 0 0 0 0 0 0 0 0 0 0 0 0 0 0 0 0 0 0 0
0.7230134129 0.5143732961 0.5192529168 0.5187641786 0.6767534123 0.7782304777 0.5640466938 0.8953252311 0.8064883769 0.8045454661 0.7693312598 0.759945616 0.7614493635 0.7712161078 0.5474056881 0.5582657044 0.5553870125 0.7998186402 0.7940516523 0.7943411508 0.7882522311 0.8064066267 0.591292109 0.5830194951 0.5874957104 0.5915711516 0.7926086879 0.7874458121 0 0 0 0 0 0 0 0 0 0 0 0 0 0 0 0 0 0 0 0 0 0 0 0 0 0 0 0 0 0 0 0 0 0 0 0 0 0 0 0 0 0 0 0
0.8824491577 0.6600674614 0.6597180612 0.6653729565 0.7998207352 0.801616551 0.7987145163 0.7974249585 0.5162335815 0.7743882157 0.7629300348 0.7677548002 0.7614002421 0.5625596005 0.6846229313 0.5566604274 0.5559131671 0.7976219281 0.7913340251 0.7880020994 0.7957556841 0.5939448214 0.5875090218 0.5891022466 0.5827208478 0.5863642574 0.5936174093 0.597823833 0 0 0 0 0 0 0 0 0 0 0 0 0 0 0 0 0 0 0 0 0 0 0 0 0 0 0 0 0 0 0 0 0 0 0 0 0 0 0 0 0 0 0 0
0.8837369789 0.8312296238 0.6042691083 0.8340437189 0.5993547213 0.7932184963 0.7924215609 0.7959018469 0.5154954983 0.7813764963 0.7729917338 0.772421223 0.7684591888 0.7660468219 0.6928624177 0.5548856055 0.8493443266 0.793397226 0.7892996078 0.7925920872 0.7906629759 0.5920062625 0.5892013433 0.5857529406 0.5910467206 0.585536822 0.5928836702 0.5977252711 0 0 0 0 0 0 0 0 0 0 0 0 0 0 0 0 0 0 0 0 0 0 0 0 0 0 0 0 0 0 0 0 0 0 0 0 0 0 0 0 0 0 0 0
0.8533702919 0.8309811058 0.8242826594 0.832807514 0.5145775774 0.5154192322 0.7779741116 0.5152180767 0.5216715558 0.7740044593 0.7776131564 0.7737570863 0.774591549 0.6050584624 0.5454149683 0.6065300568 0.5212391893 0.7927353845 0.7947815135 0.7903734412 0.7926327438 0.5895057861 0.590475495 0.5898048667 0.5876861594 0.9055077632 0.5958461397 0.5946144444 0.6039264564 0.6114808045 0 0 0 0 0 0 0 0 0 0 0 0 0 0 0 0 0 0 0 0 0 0 0 0 0 0 0 0 0 0 0 0 0 0 0 0 0 0 0 0 0 0
0.8499607346 0.8290312939 0.8251011892 0.8282410331 0.5131368101 0.5129090358 0.5068193796 0.5118823197 0.5178740819 0.686134563 0.7381252494 0.7766160232 0.6005377539 0.6037045552 0.7520903031 0.5230156037 0.7267061024 0.7837463237 0.6488511156 0.676364084 0.5936342622 0.8304137396 0.5966792389 0.8995582157 0.8962512694 0.8942425784 0.8988807124 0.5985405855 0.565240939 0.8669762247 0 0 0 0 0 0 0 0 0 0 0 0 0 0 0 0 0 0 0 0 0 0 0 0 0 0 0 0 0 0 0 0 0 0 0 0 0 0 0 0 0 0
