landscape/hab_quality/256/simulation_000078_p059_h062_HABMAT_patch_more_500pix_modified.asc_ac_0.5_quality.asc
NCOLS 513
NROWS 513
XLLCORNER 0
YLLCORNER 0
CELLSIZE 9.980507
NODATA_VALUE NaN
[rows 84 to 111 of 513, columns 384 to 447 of 513]
0.8746807844 0.879849334 0.879733923 0.7225573713 0.722652778 0.7876193969 0.7185620832 0 0 0 0 0.8184723259 0.6885306045 0.8293406486 0 0 0 0 0 0 0 0 0 0 0 0 0 0 0.6401675385 0.6397268748 0.6387016137 0.7915199727 0.5583534878 0 0.7965460045 0 0 0 0 0 0 0 0 0 0 0 0 0 0 0 0 0 0 0 0 0 0 0 0 0 0 0 0 0
0.8902057361 0.8758614151 0.5466494577 0.5444617584 0.5410129203 0.7141279274 0.7116708367 0.7120721367 0.7470879002 0 0.8155104347 0.8211708614 0 0 0 0 0 0 0 0 0 0 0 0 0 0 0 0.7241355098 0.7195797737 0.6427771053 0.6486848163 0.5850725131 0.7844018933 0.787917841 0 0 0 0 0 0 0 0 0 0 0 0 0 0 0 0 0 0 0 0 0 0 0 0 0 0 0 0 0 0
0.8906283662 0.8360384052 0.8339434976 0.5392475895 0.7131222676 0.5458635496 0.7105824505 0.5920250609 0.5158755351 0.8195057324 0.821727043 0.8195988835 0 0 0 0.7203860383 0 0 0 0 0 0 0 0 0 0.904133072 0 0.8531847222 0.6846422713 0.6151906005 0.6670465427 0.8074388285 0 0.7932976281 0 0 0 0 0 0 0 0 0 0 0 0 0 0 0 0 0 0 0 0 0 0 0 0 0 0 0 0 0 0
0.8238211692 0.8281075126 0.8356930175 0.5395360625 0.5391117593 0.5386141042 0.8084123107 0.7987557641 0.514486889 0.5063706485 0.8289637201 0.8348589836 0.830422052 0.8394918269 0 0 0 0 0 0 0 0 0 0.6047613964 0.9085097737 0.6822230102 0.5428355225 0 0.5460796373 0.5183586081 0.5128847353 0.8075026634 0.7994141718 0.7977138458 0.5252691595 0 0 0 0 0 0 0 0 0 0 0 0 0 0 0 0 0 0 0 0 0 0 0 0 0 0 0 0 0
0.8274900935 0.756800222 0.7550573674 0.7643035988 0.5033166375 0.7111011727 0.5112022325 0.780932927 0.5066134862 0.8124545876 0.5153462404 0.8354389741 0.8309844504 0 0.6547740901 0.6463476541 0 0.6820167667 0 0.6809751283 0.7497463593 0.5898576397 0 0.6868914387 0 0.5492900666 0.543556745 0 0.551209494 0.5102647483 0.8871182787 0.592898952 0.8032784676 0.8033603148 0 0 0 0 0 0 0 0 0 0 0 0 0 0 0 0 0 0 0 0 0 0 0 0 0 0 0 0 0 0
0.7601634494 0.7505249363 0.7599450299 0.769694647 0.5072096543 0.5017163368 0.5035671011 0.5100720379 0.6700161606 0.5578761746 0.5633303627 0.8390443677 0.834639359 0.839758464 0.655329267 0.6512030919 0 0 0.6881444982 0.7802536459 0 0.5836890816 0.8081764929 0 0.9079424248 0 0.6061711817 0.5439011482 0.5432883906 0.5200019025 0.5127995938 0 0 0.8047642982 0 0.8109891217 0 0 0 0 0 0 0 0 0 0 0 0 0 0 0 0 0 0 0 0 0 0 0 0 0 0 0 0
0 0.7474078177 0.7470625899 0.7534347503 0.5109001758 0.5194486799 0.5114364387 0.6080499362 0.7031051343 0.558641989 0.5573598617 0 0.8394494999 0.6613669074 0 0.6621518239 0 0 0 0 0 0.5911788867 0.590575308 0.9136693405 0.9093070788 0.9076741347 0.7939892287 0.9050339193 0.5048855028 0.5139942609 0.7213089408 0 0.8065859274 0.8060895264 0.8106065329 0.813052972 0 0 0 0 0 0 0 0 0 0 0 0 0 0 0 0 0 0 0 0 0 0 0 0 0 0 0 0
0 0.7476675629 0 0.7534173128 0.758079625 0.5193261915 0.647577958 0.7093015153 0.5540470503 0.5654136462 0.5585699592 0.8418425795 0.8405593349 0.7116420909 0.7413986035 0.6990705254 0.7053341807 0 0 0.5579957339 0.9006257639 0.897344082 0.9171122641 0.9013492711 0 0.9053660369 0.9007370747 0.8736762538 0.6505358337 0.8874226828 0 0 0 0.8200203629 0.8202343133 0.8479955544 0 0 0 0 0 0 0 0 0 0 0 0 0 0.7157768262 0 0 0 0 0 0 0 0 0 0 0 0 0 0
0 0 0.7513229148 0.7511222789 0.7566580325 0.5991247815 0.877203667 0.6411135096 0.5817969299 0.8576629215 0.8510889212 0.8495997345 0.5862101694 0.5915776349 0.7025999776 0.7007444763 0.7086417477 0.6103573027 0 0.5546215691 0.8981823359 0.9010238669 0.9041539923 0 0.8966384541 0.8965760603 0.8986037108 0.6724976806 0.702075364 0 0 0 0.7603642064 0.822754274 0.8232591447 0 0 0 0 0 0 0 0 0 0 0 0 0 0 0.709610939 0 0 0 0 0 0 0 0 0 0 0 0 0 0
0.6767112326 0 0.8806677127 0.7533979607 0.7577785401 0.643369598 0.6020455223 0 0.7270876365 0.7348955607 0.8502986224 0.5797572342 0.5815277776 0.5817872174 0.6514857208 0 0.8074344948 0.6629127896 0.5595179953 0.6036215583 0.6265522702 0.6285292308 0.629769296 0.8325044692 0.9005192296 0.8958865333 0.8983123042 0.9039456694 0.9025914376 0 0.7055941451 0.7601457755 0.7581682738 0.7571111901 0 0.5900675499 0.5112649208 0.8490434873 0 0 0 0 0 0 0 0 0 0.822417215 0 0.601752796 0.7108071742 0.7120272822 0 0 0 0 0 0 0 0 0 0 0 0
0.6728105284 0.8892906615 0.8875424217 0.881190376 0.545337182 0 0.6313639375 0.8894309704 0.5818833623 0.7368603415 0.8529032501 0.8985703873 0.5792472547 0.5855892156 0.6796223936 0.6600231109 0.6676806263 0 0 0.8030855402 0.6215846689 0.6212499153 0.6203023063 0.6168514791 0.6144403149 0.8987544882 0.8950950645 0.9024046694 0.9114585038 0 0.6998952091 0.7602350767 0.7520470183 0.757303393 0.7133720902 0.5864015968 0.5804905793 0 0 0 0 0 0 0 0 0 0 0.6116059664 0.6593746716 0.7137380225 0.717071565 0.7120005287 0.8822436314 0.8696098357 0 0 0 0 0 0 0 0 0 0
0.6779953307 0.6813586321 0.892869116 0.7774775558 0 0 0 0.5074077406 0.8535306114 0.8440986023 0.8492774532 0.5837818956 0.5883028254 0.5810751241 0.6018162961 0.7672025975 0.6090287501 0.8010332189 0 0.5280159681 0.5353648436 0.6281593353 0.6184726662 0.6148294885 0 0.9036870529 0.9025962422 0.9029811376 0.6611968757 0.522694912 0.5178835583 0.5550887551 0.7529073897 0.7597775566 0 0.5849580004 0.582057298 0 0 0 0 0 0 0 0 0 0 0 0.5349969045 0.747955683 0.7080770373 0.5674528738 0.873783586 0.8769882777 0 0 0 0 0 0 0 0 0 0
0 0 0 0.5899858006 0 0 0.5067497207 0 0.847213361 0.8504343196 0.8486707435 0.5925155745 0.5918389099 0.5957959127 0.5991579042 0.6029905209 0.6050026874 0.7636694291 0.7641349718 0.6587367969 0.6317828486 0.6229788456 0.5202816589 0.605625915 0.8863710707 0.7358473279 0.7882858756 0.792892745 0.8449894992 0 0.5187788114 0.6365609641 0.782826645 0.6403748131 0.6418175484 0.5839908446 0.5727358358 0 0.7543941084 0.685265172 0 0 0 0 0 0 0 0.5273595989 0.5363610694 0.5313083723 0 0.8757565313 0.873791924 0 0 0 0 0 0 0 0 0 0 0
0 0 0 0 0.5108489497 0 0 0 0.8594914367 0.8516139001 0.8523213707 0.6014653338 0.5987033514 0.5961289565 0.5972851247 0.6071731241 0.75963095 0.7570759412 0 0 0.625189071 0.6239865689 0.6324846123 0.7883009274 0.5555358988 0.7324725133 0.680422308 0.6874899107 0.6881786977 0.7652381852 0.6993633176 0.6409020534 0 0.6392783452 0.6401535338 0.8915093041 0.890536618 0.8714020214 0.8652188111 0.6935438586 0.6923736835 0.6986450177 0 0 0 0 0 0.7076978331 0 0 0.7815437603 0 0 0.6399797582 0 0 0 0 0 0 0 0 0 0
0 0 0 0 0 0 0 0 0.8661888689 0.863045277 0.616359722 0.6113932208 0.6022146073 0.5996113592 0.6053867621 0.6554424683 0.7552503083 0.7497082778 0 0 0.6291450171 0.626694114 0.7880901391 0.7417426193 0.7372442645 0.6876797827 0.6876393869 0.6790119717 0.683685084 0.69008696 0.6965164261 0.6420585946 0.632982934 0.6370816736 0.6395082042 0.894321178 0.5345222884 0.8693819959 0.7025142001 0.7009304413 0.6944070027 0.6974153348 0 0 0.8021486248 0 0 0.842163698 0 0.7771197802 0.6344250605 0 0 0 0 0 0 0 0 0 0 0 0 0
0 0 0 0 0 0 0 0 0.6745283377 0.6155419514 0.6143234398 0.6079476767 0.881398259 0 0.5939616032 0 0.7503928143 0.7567814006 0.7594947137 0.8794305148 0.886031993 0.5569042925 0.7399405973 0.7444915201 0.7414178644 0.7444598325 0.6797642306 0.6878094042 0.6855045527 0.597839568 0.6919671138 0.6382342884 0.6355626085 0.6376165249 0.8466534121 0.8473478388 0.8470367662 0.7765652258 0.7003278795 0.6994527761 0.6946668795 0 0 0.7130593631 0.8256695134 0.818846807 0 0 0 0.7809733823 0.7826474343 0 0.646103209 0.5785721546 0 0.836118914 0 0 0 0 0 0 0 0
0 0 0 0 0 0 0 0 0 0 0.8328069125 0.828357059 0.8253169777 0 0 0 0.8174292057 0.6488596028 0.8796132788 0.886373978 0.8857270509 0.6800566546 0.7447519259 0.7446229514 0.7508998188 0.746293934 0.6930903181 0.685811221 0.6943701505 0.5170255634 0.512600123 0.6479296193 0.6363786294 0.5637508146 0.5193555854 0.8448432427 0.8508712901 0.7831336503 0.7084808205 0.7092717421 0 0 0 0 0.8260841606 0.8184717452 0.8130814243 0 0.8823893588 0 0.648028079 0.6549883257 0.6231550456 0.6629205327 0.6646813004 0.6678714751 0 0 0 0 0 0 0 0
0 0 0 0 0 0 0 0 0.8109672313 0.826353921 0.8312638976 0.8234034799 0.8298690755 0.6486879683 0.6427857666 0.64355218 0.6420534337 0.6425218456 0.6570412341 0.5817318319 0 0 0.7028654433 0.7521712718 0.7513408051 0.8402105819 0.6948828318 0.6962455961 0.696665816 0.7743078132 0.7713620449 0.6368037103 0.632389019 0.6239579449 0.6334751374 0.6365630202 0.6434600409 0.8524477886 0.5921285029 0.5962371634 0.6003369384 0.7540050341 0.527323743 0.8128520464 0 0.6321603883 0.6243140241 0.8230779041 0.8765730518 0 0 0.5086816632 0.5174271719 0.519125515 0 0 0 0 0 0 0 0 0 0
0 0 0 0 0 0 0 0 0.8052959935 0.8327934544 0.8234244625 0.831045933 0.8269063544 0.6864269114 0.6354170335 0.6338818018 0.6393565106 0.6457909395 0.5801290255 0 0 0 0.7566901967 0.5293529816 0.583859699 0.7044230158 0.7107211152 0.7008632076 0.6992796823 0.7731129757 0.7793598386 0.6357663874 0.6247452947 0.6730973526 0.6309099704 0.631736072 0.6458234187 0.6446237868 0.5976484549 0.5916435288 0.5240858752 0.5229057264 0.5237233607 0.5329224531 0.5306263129 0.6231164354 0.5961732454 0.5328479729 0.5322831066 0.6591783589 0.5127041047 0.5078124062 0.5132943845 0 0 0 0 0 0 0 0 0 0 0
0 0 0 0 0 0 0 0 0.8831578503 0.8825968125 0.8066542322 0.8021743176 0.8115977577 0.8392252942 0.642769947 0.6247480858 0.643371052 0.5825977577 0.5854344619 0.73270985 0.7344454052 0.7378217588 0 0.8269512611 0.7187517582 0.7126880961 0.7017338723 0.7027174034 0.7043476506 0.7000542753 0.7734906843 0.6339585566 0.6797426553 0.6829982504 0.6818419782 0.6386433549 0.6739514535 0.9081785201 0.8988676704 0.8974741941 0.5276458351 0.5181312079 0.5258318578 0.5233377509 0.5222530277 0.5216190814 0.5235071427 0.5263098997 0.6471653176 0 0.651548001 0.5167288025 0 0 0 0 0 0 0 0 0 0 0 0
0 0 0 0 0 0.5527988762 0.555847705 0 0.8750450882 0.7998359 0.8014286989 0.809023212 0.8123714424 0.6534908575 0.6404562992 0.6435297259 0.6109496009 0.6688228157 0.6972736266 0.7327664169 0.7309693279 0.7273264721 0.5501751436 0.8661665666 0.7180179 0.7023550794 0.7070880716 0.707569022 0.715759155 0.7172630343 0.6391780791 0.6431828505 0.6342996751 0.6832679904 0.6193362857 0.6868200247 0.8609052674 0.9012667299 0.896538023 0.8939667283 0.5260414477 0.5145020844 0.5085864784 0.5221655065 0.5170664421 0.5209639142 0.5249337196 0 0 0.6448463959 0.6450462128 0.7739437078 0 0 0 0 0 0 0 0 0 0 0 0
0 0 0 0 0.5620250003 0 0 0.8041911402 0.7995032567 0.7983013359 0.8031471822 0.808686769 0.6509085889 0.6484172444 0.6477852102 0.6389387957 0.645003268 0.6502078395 0.6618611133 0.8197832601 0.7253377923 0.722160974 0.5448300559 0.5401349279 0.5411252213 0.7139169651 0.7127734306 0.714535804 0.7136978477 0.7175175109 0.7233050979 0.5725142177 0.6023880986 0.5974348209 0.6050275485 0.5120010847 0.8684206415 0.8591184196 0.6660156507 0.6656206159 0.6645206934 0.5155491712 0.5002995013 0.5237537856 0 0.5237213101 0 0 0 0.6525926167 0 0.5339387455 0.742241538 0 0 0 0 0 0 0 0 0 0 0
0.7156506337 0 0.5711496382 0.5622114 0 0 0.8031988944 0.8006004338 0.7951056802 0.8003918871 0.8059039896 0.8093888846 0.8090942221 0.6556680317 0.6429532029 0.6719870579 0.6472094419 0.6558000991 0.6630400984 0.733710314 0.719434217 0.7164814741 0.712506368 0.5363561971 0.5374764535 0.7202935482 0.7149261912 0 0.7242149856 0.5720478675 0.7258362232 0.748045397 0.5977981292 0.5964142174 0.5025970119 0.5099043651 0.7767379778 0.7797276839 0.6650785833 0.662126464 0.6441818996 0.6382302212 0.529660762 0.5330654435 0.5253720385 0.5255271833 0 0 0 0 0.539944173 0.5305255363 0.5397881515 0 0 0 0 0 0 0 0 0 0 0
0 0 0.5693540969 0.5689653883 0 0.555788317 0.8038455133 0.8029131704 0.7970841009 0.8043496315 0.8922989746 0.6578769329 0.6978058778 0.7990916009 0.6515403848 0.6499357727 0.6539413764 0.6511962245 0.5624832278 0.7539582025 0.7221315757 0.7195368651 0.5448391065 0.7181671835 0.5450905716 0.5385752661 0.7293411557 0.8474281161 0.8464062074 0.8508750625 0.7472159376 0.8918933846 0.599073542 0.6026083823 0.5996387044 0.5094252219 0.5175751332 0.6402915928 0.6626582598 0.6463615092 0.6369058224 0.644310073 0.5369557823 0.8194368761 0.5280365563 0 0 0 0 0 0.5322854944 0 0 0 0 0 0 0 0 0 0 0 0 0
0 0 0.6179620977 0 0 0 0.6672559986 0.8090821141 0.7571168547 0.8886100487 0.6065330457 0.6038497918 0.5503118848 0.7885556213 0.6540120552 0.6530077171 0.5821490144 0.880445429 0.7753307441 0.8728797422 0.8819676107 0.5380857888 0.7235482145 0.7277040896 0.7192866431 0.8648105249 0.849123126 0.8488205591 0.850389693 0.848209154 0.7507409402 0.7492230433 0.8222997848 0.8743430788 0.8753363697 0.8717939854 0.5162434869 0 0 0.6418277951 0.6371361878 0.6376254932 0.640004049 0.5297964202 0 0 0 0.5095198423 0.5587392028 0.5411884671 0.8831651422 0 0 0 0 0 0 0 0 0 0 0 0 0
0 0.6055921691 0.610083859 0.6091712846 0.6158921404 0.6151196138 0 0.8093394179 0.6672454378 0.6504283156 0.6418564188 0.6114554872 0.6130863581 0.5199964387 0.7806090953 0.8028637266 0.8688987072 0.8743964463 0.870234205 0.8752297868 0.8757232575 0.8815114297 0 0.7357806266 0.730204155 0.7266405968 0.8569393771 0.7741932901 0.8534700367 0.8548922448 0.8168302427 0.8195969991 0.8207402057 0.7149690895 0.8656034765 0.5531068133 0.6579588792 0.6573508711 0.6505441542 0.6451515675 0.6504756387 0.6375841537 0 0 0 0.8739378886 0 0.5802551375 0.5772730069 0.5500189138 0 0 0 0 0 0 0 0 0 0 0 0 0 0
0.6622892399 0.606907348 0.605485601 0 0.6110728891 0 0.6162968867 0.7228240366 0.7260188311 0.8802704166 0.6425891803 0.6471395537 0.8572772321 0.7967177946 0.7971101827 0.8774657314 0.8658275725 0.864586504 0.8680159739 0.8687663765 0.8689544476 0 0 0 0.7308396971 0 0.7372521658 0.8007233944 0.8629188553 0.8232082105 0.8202746294 0.8183525955 0.6782931213 0.8681516231 0.8714128772 0.8702107458 0.6597642155 0.6572992199 0.6583784146 0.6551913806 0.6470327176 0.6524546399 0.8720828778 0.8665099066 0.868372107 0.5431290489 0.7948773504 0.8702628751 0.5724588185 0 0 0 0 0 0 0 0 0 0 0 0 0 0 0
0.7834514447 0 0 0.6052378758 0.8786036977 0.6130547241 0.6207585164 0.6328862578 0.7803728606 0.7585371931 0.7539483555 0.7174355635 0.796788463 0.7959335293 0.79070933 0.7972039346 0.8721108225 0.8738462099 0.8672359603 0.8682389474 0.8698794906 0 0 0.7402106166 0.697054543 0.7294283951 0.5840538375 0.6455419368 0.6504356388 0.8265215622 0.8225181829 0.783246653 0.8446726206 0.7355383154 0.8786671588 0.6108134958 0.6585107445 0.6665867957 0.6671430398 0.6531638408 0.5477510217 0.6537507118 0.8758867972 0.7219905673 0.8301018845 0.5436157805 0.5400396624 0.547376838 0.5812033673 0.5756460877 0 0 0 0 0 0 0 0 0 0 0 0 0 0
