landscape/hab_quality/256/simulation_000076_p052_h045_HABMAT_patch_more_500pix_modified.asc_ac_0.5_quality.asc
NCOLS 513
NROWS 513
XLLCORNER 0
YLLCORNER 0
CELLSIZE 9.980507
NODATA_VALUE NaN
[rows 90 to 119 of 513, columns 138 to 206 of 513]
0.6222677692 0.6270531842 0 0.7027861174 0.6763232262 0.6772692875 0.6729359108 0.6840757217 0.7094227874 0.6531729772 0.6306632642 0.5168995263 0.513276682 0.7444120706 0.8544517233 0.8477117368 0.8380643593 0.8504042352 0.7049581729 0.7649146105 0.5246025554 0.5336004615 0.5322205846 0.6871140953 0.5878510404 0.6469254426 0.6437856955 0.6424017455 0.6515953241 0.8614111511 0.6744473799 0.5016793467 0.6722795072 0.7289386694 0 0.8181841076 0.8142952759 0.8162895588 0 0 0 0 0 0 0 0 0 0.8836229118 0.8872439496 0.6284654447 0.6230170615 0.6204372974 0.6128446467 0.6170829998 0 0.6339935426 0 0 0 0.6792571279 0.6883024258 0.6904163072 0 0.5065433563 0.6671819186 0.5785869068 0.58309716 0.5785366523 0.6753454417
0.6249790603 0.6292836874 0.6932034308 0.6976506376 0.6728380333 0.6728300769 0.6747650551 0.6830615765 0.686010397 0.717568523 0.7250713753 0.5834396335 0.5804961813 0.5844011061 0.5917226754 0.8466489495 0.8455496995 0.8521697812 0.8992102429 0.9006444259 0.904449764 0.5880085384 0.6577240905 0.6882234873 0.6479558735 0.6537575207 0.6443939372 0.6490749515 0.6436237849 0.6218168679 0.6800689589 0.6703606959 0.6790456846 0.7202542522 0.7113530402 0.7132658864 0 0 0 0.8391261091 0.7739580584 0 0 0 0 0 0.7228240005 0.8919315229 0.8880321829 0.8893052241 0.6246980218 0.6263461977 0.6182203131 0.6108830511 0 0 0.6296923316 0.7682733656 0 0.6249804359 0 0.8138354894 0.5334700832 0.8370410111 0.6763632146 0.6649770599 0.6619560159 0.6651816049 0.6700215989
0.6318975779 0.6367032666 0.6295436937 0.6980250836 0 0.6736887718 0.6738174331 0.7019221925 0.7820294132 0.7164391762 0.7624637142 0.5890186295 0.5791984975 0.5851708406 0.5942601805 0.7724002761 0.8485121964 0.5039391915 0.9044107825 0.901953786 0.5422354451 0.7766058914 0.6304735552 0.6487231343 0.6469095347 0.6582246834 0.649234441 0.6452327276 0.6502845489 0.6482594049 0.6788332965 0.6702835602 0.6709846238 0.7119225761 0 0.7201210873 0 0.6637199624 0.619384448 0 0.7529478334 0 0 0 0.7179774501 0.7191789078 0.7283730949 0.7373048221 0 0.6674622649 0.6923311382 0.6271144532 0.6122390689 0.6181501635 0 0.8286300128 0.5701361848 0.6238666391 0.6235851295 0.6176303522 0 0.5264203926 0.693455773 0.6862268881 0.678590223 0.6690469056 0.6655642519 0.6674878587 0.7738654503
0.6390273933 0.6308435315 0.7078421113 0.7044994885 0.6759986047 0.6826147934 0.6814090207 0.8049890626 0.781575613 0.7852881109 0.8890886412 0.5847881711 0.7231647646 0.5866852892 0.5910337281 0.5957274058 0.7627612824 0.7671999224 0.7652468467 0.8908826491 0.7206939334 0.534226215 0.6360148688 0.6558246335 0.6484342301 0.6417619534 0.6476149773 0.6483769514 0.6549395318 0.6873175582 0.6785087895 0.6778173279 0.6772282742 0.6890822806 0.6934275543 0 0.6556874223 0.6552731712 0 0 0 0 0 0.7153580942 0.7172639317 0.7262688769 0.728772582 0.734163506 0.7384813733 0.7353114361 0.7406942985 0.7380691636 0.8460280631 0 0.6203632287 0.570341144 0.6258912535 0.6241715343 0.6213971334 0.622005538 0 0.6354207559 0.6133991617 0.6871551146 0.6780247756 0.6772963855 0.6701118441 0.6710309572 0.6756946816
0.6356785707 0.6332919319 0.6742222015 0.6336232212 0.6198092456 0.5064146189 0.8838805424 0.7887193623 0.7897061016 0.7855019271 0.7919341309 0.5943190219 0.5890178057 0.5191363489 0.5945815934 0.566438148 0.7685757955 0.7612560272 0.7168709479 0.711244408 0.6764147379 0.6793573255 0.6774707633 0.6492048504 0.6514659334 0.6496037338 0.6489056797 0.6508785452 0.6489213487 0.6942061506 0.6863680365 0.6782986614 0.6830311701 0.6909317569 0.7001769039 0.5827121824 0.6987783725 0 0.6574662072 0 0.6076900192 0.6090438011 0.7182059992 0.7130865194 0.7225573383 0.7190420029 0.7245097611 0.7293363496 0.7361675444 0.7285509148 0.7317195813 0.8435202059 0.5993872487 0.6018143744 0.5741567808 0 0 0.6236949662 0.6275083303 0.6289653305 0.7374833538 0.6483051893 0.7035080772 0.6923348064 0.8061343575 0.8038081618 0.8097475736 0.6775553266 0.7118555786
0.5782598523 0.6240037625 0.6291399488 0.6253333237 0.5550828308 0.514567351 0.5071279586 0.511614557 0.7903105951 0.7588497701 0.7919589699 0.860558954 0.7703342137 0.6011004773 0.6030731966 0.7665090758 0.7602856585 0.7628090074 0.5811228862 0.7767550264 0.6757864094 0.6701627571 0.6744611249 0.6758849424 0.6521846997 0.8633692447 0.7711915862 0.7667891673 0.7749601627 0.7755136174 0.6911950236 0.6870822354 0.6840919784 0.6903451575 0.6936594192 0.5190576305 0.5774351929 0.8243311252 0.5903317546 0 0.6006528413 0.6000318842 0.7448632807 0.7224053749 0.7171686233 0 0.721582468 0.7270365783 0.731242139 0.7232341381 0.7222067868 0.7274157821 0.8506530239 0 0.6958913258 0.8890352663 0 0.8325955718 0.834224753 0.8373893457 0.8398041293 0.8238302757 0.6940072305 0.5992000569 0.813899022 0.8951778908 0.7653208291 0.6541034123 0.5810416148
0.7158883545 0.6252281178 0.6196448585 0.6266157647 0.679887812 0.5159079522 0.5077851215 0.5098460453 0.6666406473 0.7736592271 0.6165837325 0.5648760437 0.5698872781 0.5177876753 0.5778613772 0.7611438272 0.6232501494 0.6226052618 0.6200013189 0.5370625457 0.6475612393 0.6452567357 0.6738720672 0.6792153582 0.7666843443 0.7721854748 0.7666182039 0.7694596725 0.7666052169 0.7668839135 0.7748456499 0.6937685849 0.6861724423 0.6924953119 0.696105165 0.8636229635 0.8674917351 0.7031918129 0.749440088 0 0.5982302358 0.5928299525 0.6013929389 0.7229894309 0.7207034029 0.7230562761 0 0.7177087531 0.7273287049 0.7214619855 0.7210275101 0.7198103812 0.7228060764 0.8524067851 0 0 0 0.832440495 0.8318463895 0.8312661925 0.8302799878 0.8281895966 0.6272967842 0.5080060293 0.7354388799 0.7351241792 0.6446099671 0.5374149955 0.7991942154
0.8328814567 0.6264021902 0.8395684065 0.7837426637 0.8700099913 0.8848559822 0.785867744 0.6511852147 0.6445899293 0.6397112577 0.6792529526 0 0.6852589398 0.8017815342 0.7763936418 0.6148102144 0.6132488094 0.6172867024 0.6254590414 0.647555046 0.6392616742 0.6469890759 0.5780716971 0.680636627 0.7699355004 0.7739676422 0.7677436654 0.7659500168 0.6571076761 0.7673067374 0.7531645679 0.7601910803 0.6936761517 0.6987964905 0.7019965997 0.8616960944 0.6938613217 0 0.6911522382 0 0 0.600445298 0.6003470534 0.6027299942 0 0 0.5101578974 0 0.7115538421 0 0.7124410048 0.7158808111 0.7222530712 0.8366300498 0.8446752764 0 0 0 0.8368261916 0.8293920214 0.8257579748 0.8272922089 0.8912235278 0 0.7391664144 0.793315424 0.6482061721 0.6398509815 0.8002553271
0.8359876925 0.862700607 0.8485228722 0.8442151017 0.7780251866 0.8232941917 0 0.5794842083 0.6442864496 0.6431424484 0.669199826 0.6789109495 0.8320654462 0.8351613347 0.7671997522 0.6219086052 0.6131862409 0.6192758822 0.615045606 0.6428154915 0.6427859573 0.6374738891 0.6473809671 0.6422874062 0.6060496521 0.657562747 0.6531389065 0.6543931149 0.6562150936 0.6572539929 0.7513103767 0.7577150475 0 0.6966904369 0.8077284053 0.794716598 0.695285003 0.6882266038 0.6981827414 0 0 0 0.6004737812 0.6060022309 0 0 0.7241274458 0.7215200892 0.7204845951 0.7076599989 0.7085855801 0.7068902762 0 0.8339724404 0.8362210561 0.8318764143 0.5542483584 0.560883492 0 0.8333482929 0.8280894847 0.7247493782 0.7087832179 0 0 0.7841289157 0.6497432708 0 0.6460394064
0.7293687843 0.5613727461 0.8311666255 0.5857197997 0.5765336399 0.777922221 0.5751698691 0.5563960585 0.6483557045 0.6776661018 0.621650718 0.6683935511 0.6669100419 0.6775332581 0.6282816325 0.6207082164 0.6186633754 0.6134881472 0.6169501795 0.6232284647 0.6341874038 0.63473713 0.6398144914 0 0.6611467803 0.6536749595 0.6522562172 0.6532863604 0.6563179907 0.666466166 0.7546075796 0 0.763970769 0.8105769158 0.5057171625 0.6993159158 0.6906786982 0.6910970025 0.6149857213 0.9002928516 0 0 0 0 0.6733989806 0 0 0.7248519779 0.709886922 0.7009384994 0.6986967549 0.7059536323 0.712386968 0.8372010534 0.831430945 0.8355619105 0.5606229279 0.5644223732 0 0.7268906585 0 0 0 0 0 0 0 0.6587099173 0.822429968
0.7985118905 0.7354659415 0.7077812502 0.7585336579 0.5713228787 0.5704534373 0.5710576175 0.7530399397 0.6743650686 0.6570673711 0.6624759936 0.6634844731 0.6592615016 0.6676307233 0.6723144777 0.6247186984 0.6175967806 0.6191509872 0.6189661264 0.6243416692 0.6307774946 0.6355760624 0.6397783867 0 0.6617971424 0.6601520681 0.6526554654 0.6581699486 0.6616144922 0.6628075693 0.6696002009 0.6726451776 0 0.7615387911 0.7684285424 0.6928705018 0.9036353398 0.90291255 0.8956076327 0.8986260219 0.9049619486 0.7573846652 0.6612523838 0.6659788011 0 0 0 0.7314938456 0.7168171901 0.7070656194 0.7012800708 0.7040881163 0.7106203268 0.8315679847 0.8371103148 0.8358617928 0.5629229282 0.5687437983 0 0.7899728913 0 0 0 0 0.552973454 0 0 0.7195976354 0
0.5447632169 0.6950073054 0.7613857896 0 0.5740875711 0.5750813198 0.5799495717 0.7106970496 0.6646392324 0.6562387548 0.6575029238 0.6549183312 0.6639897105 0.6672432286 0.6670816414 0.6249337113 0.6244237189 0.6276182156 0.6219616232 0.621019591 0.6304867335 0.637542156 0.6363156547 0.6373445708 0.6666886183 0 0 0.6631074508 0.6633280164 0.6700750156 0.6711373752 0.6738342818 0.6870170824 0.6439032689 0.8115628853 0.9050876596 0.9006228494 0.8946536849 0.8964300943 0.9026519305 0 0 0.6568253262 0.6569651974 0.8751790408 0.7047518712 0.8252082352 0.8195117675 0.7076455424 0.7121497531 0.7158647056 0.7161932157 0.71880172 0.713940604 0.8375445756 0.8169311852 0.5717107187 0.5732410544 0.527441194 0.7024495483 0.6379050311 0.6324706311 0.6264054588 0 0.6203227755 0 0 0.7150702756 0
0.5264624057 0.7022165806 0 0.6980860767 0.6893110438 0.6787252618 0.7065503454 0.8930827275 0.8963019241 0.6525587439 0.6511152059 0.6532204955 0.6618766965 0.6647133118 0.6654310785 0.6704981614 0.6863354474 0.6875696452 0.6824344805 0.635409227 0.6384263595 0.6393156838 0.6435884606 0.612971509 0 0 0 0.6729533162 0.6670296715 0.6653316327 0.6706082024 0.6976919231 0.653756184 0.8119007941 0.7549757879 0.7476677944 0.8964810963 0.8981779536 0.9027289991 0 0 0.8664085086 0.6557453036 0.650967793 0 0.7071280692 0.8243165745 0.8178055036 0.8251314546 0.7170982541 0.7169489938 0.8091181517 0.8133578232 0.8083645104 0.8066331438 0.8097542937 0.6311696976 0.7425745766 0.5264767281 0.5449792791 0.6362667832 0.6313012937 0.6261622885 0.6185480139 0 0 0 0 0
0.52052255 0.7075677565 0.6979565521 0.6889502355 0.6981816122 0.5789079107 0.7953283341 0.8938291619 0.8894187488 0.6526114833 0.6579934966 0.6568822447 0.6626640279 0.666185071 0.6710055841 0.6786141945 0.6882165113 0.6917649702 0.6411460827 0.6444226492 0.647993337 0.6470827438 0.6423729408 0.6967141094 0.7010054143 0.6538713883 0 0.6323669783 0.6742760593 0.6690056919 0.8019569855 0.8035358351 0.5524315845 0.6339576785 0.7505000887 0.8372245063 0.9065358037 0.9002006656 0.8660202143 0.8649319176 0.8572174819 0.6872973022 0.8288956084 0.6606062406 0.6575739341 0.8439950707 0.8238277777 0.8248308492 0.8269220461 0.8363310175 0 0.8200057978 0.8065849799 0.7639646963 0.8039159967 0.7666300186 0.7710918928 0.6032725135 0.606193781 0 0 0.7148433986 0 0 0 0 0 0 0
0.5093937836 0.5111943352 0.6983907379 0.6954595708 0.6899708516 0.7993091725 0.791896579 0.5481552169 0.6703842265 0.6622738976 0.6601702179 0.6602566884 0.6730442393 0.6693830911 0.6706197868 0.671040956 0.6842351949 0.8159938209 0.7361159794 0.8060886777 0.8064779075 0.7976529881 0.7558256226 0.6949034644 0.7018337054 0.7020534265 0 0.7762251729 0 0.8079497655 0.8059988758 0.8066015889 0.7506945414 0.5577177336 0 0.8324388237 0.8637717335 0.8559721763 0.8553027373 0.8569046388 0.8510462219 0.8592102887 0.65505643 0.523303414 0.6677919065 0.8202333607 0.8338028736 0.8305876546 0.8310250011 0.8294808477 0 0 0.8195710963 0.7664814566 0.7625317259 0.7645634785 0.7618863592 0.6029975527 0 0.7300477342 0.7203230408 0.714140222 0.7193109116 0 0 0 0 0 0
0.5022229503 0.5036291062 0.7053869406 0.7044601735 0.7056698789 0.6766668669 0.7020589715 0.7021755934 0.565573067 0.7232507912 0.7198599581 0.6806974325 0.6722783225 0.6709086546 0.6742563032 0.5056157447 0.700880914 0.6701491673 0.8101820834 0.8012173044 0.7968476903 0.7991360457 0.6888295781 0.6959083377 0.6939888713 0.6975217818 0 0.7727511228 0.7811005297 0.6752382592 0.6687397001 0.8232930873 0.8605214725 0 0.8599652154 0.8296726139 0.8631409317 0.8573411915 0.8497574813 0.8488963519 0.8582782359 0.8609178242 0.6609151989 0.6574399042 0.5768386279 0.5782698681 0.5738411474 0.8315939586 0.8385201748 0.6499807146 0.7853194816 0 0.778337136 0.7637685006 0.7620434636 0.7615047964 0 0 0.6105042917 0 0.7202680032 0.7228923409 0.7152433376 0 0.8279120221 0 0 0 0
0.5039532651 0.5090470274 0.7046660523 0.7052808438 0.7122864501 0.5314037136 0.5513206568 0.7014472621 0.7079184658 0.7141260077 0.7211429968 0.8916967474 0.6731604127 0.6779845765 0.6801388843 0.6280026962 0.7010092369 0.6967992804 0.8070859551 0.5805973038 0.8061119901 0.6984629525 0.6950483022 0.6919242089 0.6923104241 0.699091917 0 0.7771156156 0.5459776336 0.6674581544 0.6764315331 0.8024411418 0 0.8567573979 0.8651375796 0 0.7151298476 0.7192583589 0.8550615898 0.8535533751 0 0.8643359066 0.6950585756 0.5766617488 0.5697327518 0.5696830638 0.5613089522 0.5661716132 0.7240874473 0.6449364109 0.644146303 0.6448384395 0.7743021813 0.7716067773 0.768216377 0 0 0.6117006612 0.613223519 0.6161015468 0.7258676372 0.7192725819 0.7182637951 0.7185853345 0.8596667165 0 0 0 0
0.8073995689 0.5189683872 0.7962026874 0.524010833 0.5312949039 0.523011858 0.7048219895 0.7109486465 0.7108317591 0.7118277551 0.7199556183 0.7178673195 0.8610016577 0.5617582438 0.5261168696 0.6286620295 0.6986303232 0.6968365089 0 0.6417223782 0.6841773882 0.6842081301 0.68869308 0.6939040173 0.697672028 0.6937844565 0.8714696631 0 0 0.6709934441 0.6701741176 0.5701470567 0.8655630861 0.8645070333 0.8592580396 0.7239577826 0.7148610112 0.7189848567 0.7696054462 0.8615601079 0.857365586 0.6901133514 0.5834444499 0.5796652135 0.5745759443 0.569023591 0.5610921842 0.5660079671 0.5755869191 0.8230244563 0.6524261214 0.6494853285 0.5630332016 0.7777487342 0.7810118729 0.7905890824 0.8549102341 0.6139752207 0.7132425369 0.6206204008 0.759505951 0.7608639138 0 0 0 0 0 0 0
0.8148942121 0.6544150088 0.5288884856 0.5308632685 0.7506171617 0.5328604972 0.5321316972 0.7166039793 0.7199356392 0 0.710239342 0.7104648094 0.7091342548 0.7376723111 0.5322431774 0.530738982 0.601575296 0.6378426892 0.7265867042 0.6948795155 0.6861859354 0.6804148861 0.6864725997 0.6961672773 0.6875766391 0.7036128283 0.8755899334 0 0.7214345261 0.7532993357 0.7200258492 0.5699407595 0.5676810154 0.5583744941 0.567535569 0.7213189266 0.7168597466 0.7228716609 0.7220306287 0.5235242783 0.5255554566 0.5831275435 0 0.5737711667 0.5680147515 0.5673301063 0.5626359365 0.5686139061 0.5695671383 0.5789979436 0.6533206127 0.8194884124 0.7007794578 0.7886682578 0.7860577759 0.7827739671 0.6092716617 0.8979429361 0.6805430084 0.686149622 0.7556007249 0.7526081846 0 0 0.7893765824 0.5351276661 0 0 0.831019858
0.8129139502 0.7406300529 0.5504300621 0.626249466 0.5321581192 0 0 0.7333683144 0.5973819721 0.7323900395 0.7069028902 0.7045134053 0.6991575348 0.527883854 0.5234058686 0.527157676 0.8218198102 0.6058171264 0.8977992537 0.6929510392 0.6879382899 0.684369965 0.6812052416 0.6856387178 0.69245529 0.6943845879 0.5588758442 0.674199841 0.6719371689 0.7124534325 0.7144310225 0.7128335769 0.5691637283 0.5665906196 0.5577899536 0.7227642821 0.7230137243 0 0 0 0.5172000436 0.5775747604 0.5741208222 0.5718983404 0.5690916864 0.5752170858 0.57696075 0.5834645666 0.5700003795 0.5750890255 0.6577003736 0.6929512028 0.692468217 0.8791689888 0.8784239736 0.7928490687 0.8548850321 0.6903588183 0.6837288365 0 0 0.7612704768 0 0.8491876615 0 0 0 0 0
0.8162827145 0.8137681016 0.5100428156 0.5093343681 0.8853987614 0.8825901227 0 0.5993633904 0.8434498554 0.592404894 0.7013871639 0.6983572034 0.7077506494 0.5266428721 0.527281171 0.7002986449 0.7560042861 0.5748587182 0.5726390765 0.5767257689 0.6855497006 0.6903134397 0.6855148582 0.8211498544 0.6930364455 0.6379259153 0.643939402 0.6628355882 0.6620581113 0.6644483357 0.7100539321 0.711849125 0.5709013873 0.5582713427 0.5580780203 0.5616002848 0 0.7232304641 0.71900127 0 0.6441903878 0.5828803775 0.5790472419 0.5779633628 0.5760718635 0.5723586909 0.582675948 0.5803459629 0.5873644675 0.5763389151 0.8854240914 0.88630535 0.8750489109 0.8751210157 0.8704486804 0.8551152449 0.8518607386 0.5622749504 0.8540812725 0.8499329931 0.5801310511 0 0.5717111985 0 0 0.6466143883 0 0 0
0.9124557022 0.9167594811 0.9087953107 0.5066765009 0.8813121696 0.8796039721 0.8836884294 0.5331414733 0.6013927027 0.694972844 0.6989213531 0.7015766318 0.6983876202 0.6157125771 0.7611293491 0.5365367584 0.7918523245 0.5719385645 0.5718690109 0.5766707585 0.5833551829 0.6064181891 0.6032597021 0.6881720507 0.6387924515 0.6374264534 0.816393286 0.6905912109 0.6600451636 0.6613810753 0.6487513211 0.5086676395 0.5148669889 0.5755600176 0.7055164712 0.6961320279 0.87094862 0.5259569652 0 0.7182535621 0.7456777883 0.5863892337 0.5872597255 0.5879492408 0.7750371051 0.7680230063 0.7774836798 0.5844297298 0.5823807934 0.5766251181 0.8803284942 0.8780854289 0.8755565554 0.8700407959 0.8709747482 0.8532577751 0.8502447031 0.8445408047 0.8449230619 0.740154991 0.5732529216 0.5712552133 0.5738246196 0.5797987578 0.8745969318 0.8684898389 0.7218801237 0 0
0.9151080638 0.9080979069 0 0.5118417993 0.7385378977 0 0.5442778584 0.8254486008 0.5231588513 0.6992482188 0.694834233 0.7027657248 0.5060493242 0.5074653007 0.5928830266 0.590004478 0.5461180702 0.5753393584 0.5683748289 0.5752933917 0.611261795 0.6094197207 0.6071072456 0.609377198 0.6461749986 0.6410824477 0.6461106156 0.828187394 0.6642496559 0.6653985895 0.8171781245 0.5545498231 0 0.6739578724 0.5756846846 0.8856071421 0.5860194815 0 0 0.8103007183 0.7174474096 0.5620018575 0.5936246701 0.699369257 0.7749051164 0.7767589028 0.7729974592 0.7612879374 0.5720704862 0.7850200033 0.8790296166 0.8694364963 0.8692607197 0.8792416067 0.8794057319 0.8575544852 0.8462238923 0.8417273923 0.8352969728 0.7171344117 0.5655765796 0.864385378 0.57431949 0.8917529042 0 0 0.8632401533 0.7156231871 0.7194522916
0.907076049 0.9062977407 0.9098758935 0.5458697303 0.5198960157 0 0.5353917618 0.5321769927 0.6948534262 0.5753908869 0.7028929061 0.7016216345 0.8477613481 0.5966042319 0.5882015712 0.5855370549 0.5827677554 0.5679653574 0.5653552423 0.6638475051 0.6632094845 0.6574469757 0.6602007253 0.6620580821 0.6240063751 0.5767843476 0.7596400036 0.6678827815 0.6672953094 0.8282882452 0.547115753 0.7978410938 0.5251927739 0.7233310323 0.7162950442 0.7436153586 0.5276194369 0.5176625293 0.5088466618 0.8923076817 0.8011459693 0.8032813896 0.7052436703 0.7779319484 0.7002584016 0.8648717919 0.5323079453 0.5344738144 0.5303328887 0.5323532531 0.5434448168 0.8748737987 0.8727912978 0.8722396743 0.8842686177 0.871203692 0.9151525964 0.9181225841 0.911825521 0.9142498697 0.9163821746 0.8938440696 0.6768567484 0.8870778719 0.8209676099 0.7238889171 0.7233366548 0.7171406374 0.7177670755
0.9022208984 0.9039731636 0.5026431873 0.5321398256 0.563414013 0.5244027922 0.5272499147 0.5318200158 0.5352567039 0.6433755809 0.7494842195 0.7700199734 0.5806696424 0.6015928172 0.5837777674 0.5814279056 0.5761315975 0.5693372152 0.5641719191 0.6631801548 0.6566134916 0.6585599902 0.661132414 0.6221179664 0.5059657781 0.5181697612 0.5141810677 0.5108527162 0.5144728013 0.5090962435 0.7845731347 0.7165263365 0.7135933731 0.7119823132 0.669186492 0.7986788013 0.7309332932 0.7767627217 0.8250875581 0.8029955415 0 0.549174482 0.5060593852 0.8692446838 0.8062690063 0.8418370856 0.7347282811 0.5254132857 0.5253775078 0.5271965566 0.5336156612 0.8089476346 0.8054946151 0.7979389819 0.7891060833 0.9176897482 0.9163761003 0.9082217483 0.9121501376 0.910261111 0.5241145056 0.8953778151 0.8860356439 0.8917516927 0.8920260414 0.7323555836 0.731567895 0.724762486 0.5389909919
0.8920089755 0.8942311927 0.9020185825 0.531540173 0.523437264 0.8420538051 0.5241509132 0.5333579798 0.8546546729 0.8630826079 0.8563369751 0 0.5708023218 0.5760908235 0.5341478074 0.577328183 0.5801728076 0.5711949947 0.5677576763 0.6648116353 0.6586665549 0.6579867507 0.667601483 0.6042898452 0.6095675973 0.8841036724 0.5163123758 0.5096139516 0.5061023319 0 0.7435235678 0 0.5037070506 0.5029443612 0.7144393093 0.831031841 0.5624416367 0.601912244 0.5899203031 0.5337400905 0.7337290227 0.6926791761 0.7224477689 0.5108287161 0.6567966872 0.530464394 0.5311616182 0.523044051 0.5235913553 0.518200346 0.8129153004 0.8055953186 0.8000066205 0.5871175247 0.9078052974 0.9104121155 0.9009844439 0.9078944829 0.9070784202 0 0.9174536333 0.8867743363 0.8931753523 0.8868924255 0.7354376936 0.734827512 0.7410827087 0.5252284745 0.5540750108
0.8906713755 0.900503154 0.9099584215 0.5296579196 0.5218524337 0.5202710204 0.5294499713 0.5291815106 0.8555180367 0.8536999183 0.8632235466 0.5043448377 0.5694497725 0.5792584498 0 0.5290490042 0.5734815965 0.5364658438 0.5738352029 0.5745087439 0.6173391492 0.6093810958 0.6029211613 0.5997615654 0.5955846628 0.5992335253 0.612606855 0.5125833675 0.5065788894 0.5115521258 0.7232051638 0.5816641704 0.6419737909 0.5038073269 0.8243684857 0.7150593493 0.5057511192 0.7151724948 0.5968149983 0.5813232013 0.7990002567 0.5026784178 0.5200913604 0.6631966868 0.8933327315 0.647400004 0.5215263815 0.5217098276 0.5168455578 0.5211170509 0.5268472556 0.5711545752 0.5738442169 0.7947423763 0.9122577813 0.9043077844 0.8921893362 0.8970555449 0.898256223 0.9046097084 0 0 0 0.7409410358 0.7373356688 0.7378015419 0.7433536261 0.8934668276 0.5498071874
0.8966759979 0.8997831024 0.9032596859 0.5319972684 0.5261929126 0.5217029943 0.5238755474 0 0.8553747572 0.8628668404 0.8600348536 0.5752749613 0.5750004676 0 0.5272362083 0.5254682082 0.5230762842 0.5786765535 0.5816463527 0.5776522684 0.6156164466 0.6011734547 0.6006319212 0.5960646361 0.5954287502 0.6029624798 0.6081495452 0.6137979882 0.5026905398 0.7323248388 0.7244657066 0.7524634006 0.6480147906 0.826253554 0.7144491542 0.7097225021 0.7070716548 0.7094412791 0.6534076152 0.7698418674 0.6524960427 0.7793853414 0.7784411679 0.7799593634 0.6550735819 0.6442553015 0.6433492367 0.5126519732 0.5163886751 0.5250728247 0.774044711 0.7695823497 0.7680888892 0.7160533948 0.9071527535 0.9050618291 0.8973213417 0.8902781173 0.8931130386 0.9030083909 0.9090923384 0.9075288139 0.875024409 0.6522065973 0.7399324367 0 0.8913749948 0 0.8470890309
0.896143045 0.9049094864 0.5946689471 0.6336553076 0.530147719 0.5270700895 0.5309220334 0.5306154109 0.6288233935 0.6285695396 0.6253801892 0.6240698328 0.5716617023 0.6328932001 0.5271324483 0.5199440688 0.5279128179 0.5869751234 0.5877688023 0.5847686198 0.8351008334 0.6057489916 0.6092377377 0.6018805778 0.5985458706 0.5960123943 0.6050345109 0.6629980232 0.6388976591 0.7824305047 0 0.7136489696 0.7086512636 0.5392675699 0.7777067372 0.8780434178 0.7122246787 0.6426757099 0.6470763201 0.6501480586 0.6525732128 0.7754488176 0.7724219301 0.881143624 0.8932397707 0.6496144557 0.5212276286 0.518434886 0.514734908 0.5245804207 0.7664875909 0.7656442528 0.7732643478 0.7231594532 0.909150919 0.9061627558 0.890593567 0.8985913133 0.8985605352 0.9090212266 0.9034067164 0.6671756643 0.6607819181 0.7560687762 0.7567283744 0 0.6207286724 0 0.8433100317
0.9020315672 0.9016663537 0.5980462599 0.5920877433 0.600284384 0.6012582594 0.6318228592 0.6228214079 0.6255621591 0.6323104169 0.6230085628 0.6154489504 0.6243920902 0.6315775835 0.5227997481 0.5272874804 0.5290516731 0.5900332377 0.695025222 0.5523698811 0.8227121352 0.6184000489 0.6135246355 0.8269439055 0.5503002108 0.6502459857 0.6038378395 0.6076894845 0.6885305552 0.842903551 0 0 0.5525554383 0.5342777818 0.5252688756 0.5153172609 0.518223849 0.6930728856 0.6412640671 0.6472642447 0.6395290065 0 0.7800532701 0.774696008 0.6655115209 0.6731667442 0.8858032382 0.8923653868 0.6492136766 0.680825064 0.677064041 0.6822838566 0.7695788929 0.642868079 0.9071618372 0.8911026583 0.905270313 0.9083706469 0.9026545529 0.909055335 0 0.6581250747 0.663433507 0.7582885191 0 0 0.5172780402 0 0
