landscape/hab_quality/256/simulation_000017_p067_h049_HABMAT_patch_more_500pix_modified.asc_ac_0.5_quality.asc
NCOLS 513
NROWS 513
XLLCORNER 0
YLLCORNER 0
CELLSIZE 9.980507
NODATA_VALUE NaN
[rows 476 to 503 of 513, columns 126 to 188 of 513]
0.8920723371 0.8893041291 0.7964754211 0.8061608548 0.6779875508 0.7456088158 0.7487288275 0.5289492601 0.5392792602 0.8521527632 0.7027787582 0.825720401 0.6222883676 0.637122891 0.8463713606 0.8471186087 0.8508667548 0.5106686517 0.6913422398 0.688528047 0.7261104392 0.6904474742 0.5470396691 0.5374144152 0.54067252 0.5454177127 0.565734191 0.5714969898 0.5721397341 0.5429942405 0.5402025043 0.5331335417 0.5397135847 0.6425323967 0.7608825979 0.7526530573 0.8087988225 0.5242483276 0.5198756337 0.5082479903 0.7058976716 0.8942940797 0.5560108919 0 0.7929881663 0.7993360159 0.7995582851 0.7790079577 0.6380869444 0.6430345599 0.6497840416 0.8250374303 0.7656151153 0.7624583718 0.7529942685 0.7453783053 0.7360367614 0.8863825707 0.6939010917 0.6843320994 0.6762153526 0.6768695188 0.6886365793
0.7584523206 0.7952923792 0.798105245 0.7108859427 0.8658498689 0.7471328367 0.7402107874 0.7042303467 0.7034127261 0.6993317653 0.5147247781 0.7205540724 0.611461333 0.8533788014 0.848205812 0.8443971195 0.6774844467 0.6730417796 0.6780119551 0.6828832152 0.6847263758 0.8789610063 0.6213953953 0.5399870883 0.5463617396 0.5410811792 0.7537866379 0.7447128128 0.7494563565 0.5425107505 0.536446916 0.5398175198 0.5402714411 0.6392084307 0.5610597192 0.8860783333 0.6768681252 0.5277900308 0.5299332459 0.7249066542 0.8815793172 0.7213178879 0.7219606702 0.7810670633 0.800896007 0.8026118661 0.8076940859 0.5075963881 0.621318635 0.6872602465 0.8732487332 0.8919771902 0.5560901073 0.7564120297 0.7473482607 0.7392434256 0.7401760898 0.7430220563 0.6934755453 0.6781481803 0.6811702085 0.6838751564 0.5507424095
0.7967974757 0.7959602421 0.7962015671 0.860508588 0.5928561478 0.7465474956 0.7483006873 0.7558919147 0.6959916257 0.7011892113 0.7047152044 0.8036308182 0.8603980092 0.8549969709 0.8497226361 0.6794831701 0.6733362971 0.6719809451 0.6789249032 0.6783952279 0.5470411133 0.5469033849 0.747075609 0.5402078727 0.5431235492 0.7563970642 0.7509500981 0.7438324593 0.7456706597 0.5647804434 0.5457507921 0.5407361336 0.5428660664 0.5451579559 0.5553122445 0.5646040195 0.7238630565 0.7664865626 0.7159002663 0.7200020496 0.7155360566 0.7198237796 0.778296241 0.7830879339 0.6080075977 0.5956598373 0.5244171883 0.5105007424 0.5033352627 0.6792977958 0.6480479895 0.8124989571 0.559465886 0.5547211563 0.5493302739 0.7442680863 0.7495566172 0.7478352244 0.6989312061 0.6943415016 0.6853647896 0.5548670493 0.5494940837
0.5269256402 0.8535365953 0.7783304344 0.7733296311 0.7648767508 0.7693208164 0.7760778746 0.700527791 0.7016779079 0.7042172429 0.7091350137 0.7127421828 0.8443709632 0.8508986043 0.6800052066 0.6769750542 0.6720067512 0.6706075961 0.675907429 0.6788828331 0.8332011159 0.5385968652 0.5468706567 0.6645329728 0.5471363133 0.6727891312 0.7466243707 0.747639756 0.743873347 0.5488310911 0.5424077165 0.5295371291 0.5489751454 0.5461902506 0.5467521351 0.5610537444 0.8862207647 0.8871035572 0.7282867893 0.715658181 0.7144650308 0.7172053829 0.7141170158 0.5997619444 0.7218366313 0.5151945683 0.8970552512 0.6140493499 0.5543234045 0.6946083152 0.8055776994 0.7428723667 0.8183408214 0.5566452405 0.5584697861 0.6031481495 0.5695775394 0.5628842641 0.5656098135 0.5468661547 0.8520408351 0.5558007083 0.5471728567
0.8480174104 0.6187867511 0.5104423611 0.7704469419 0.7679925418 0.7746442104 0.7746674121 0.7056144604 0.8425869178 0.7041406495 0.7111682297 0.7204417497 0.6317441818 0.628408714 0.6821967887 0.6817254511 0.678867387 0.6765044802 0.6762714487 0.681143398 0.6577484247 0.6613341894 0.6581012241 0.6651381711 0.6687050626 0.6027325887 0.5543189969 0.5492687802 0.5435189279 0.5516823845 0.5513196322 0.7608306057 0.7512834458 0.5485357546 0.5486060934 0.6437877461 0.649755548 0.8559700046 0.6460194461 0.717524768 0.7123062585 0.7086879252 0.7151729362 0.7173234056 0.7226893268 0.5198522221 0.5013255832 0.5097791397 0.8159544381 0.7850669193 0.8670360241 0.803545743 0.6951640891 0.7917709893 0.5855324641 0.7371839643 0.6020040675 0.5491958701 0.5578313549 0.5551137276 0.5466518595 0.5545941095 0.5501519836
0.5169546175 0.6234452288 0.6109091367 0.7792631048 0.7132078034 0.7813884792 0.7784455568 0.5513638017 0.6070664687 0.6308641337 0.7115242977 0.7168926812 0.6383447634 0.6297082668 0.8290482113 0.7754631133 0.6796883422 0.6836007611 0.6833767778 0.6794079115 0.657243139 0.656703355 0.6552576697 0.6552930108 0.5566487035 0.5940695989 0.5934231135 0.5484535405 0.5428014347 0.5443018044 0.552032502 0.7571876707 0.7543205886 0.7535472958 0.6420858461 0.6425925709 0.6348625996 0.8483212061 0.6464561438 0.6419390493 0.7171168482 0.7085304813 0.7081539055 0.7162798684 0.6564087334 0.6546453455 0.6519112001 0.5076278895 0.6088370003 0.7424753758 0.5518018871 0.7029366404 0 0.7077746337 0.7100227943 0.6045625284 0.5936529015 0.5932931063 0.5497749759 0.8251702435 0.5506797311 0.5455961659 0.5427018523
0.5148229913 0.6118413427 0.8518145994 0.8738500562 0.8504478402 0.7345200167 0.8718051528 0.8440768969 0.6029151245 0.5982863668 0.6985921092 0.8264223225 0.5191400064 0.6414292888 0.5214166365 0.7675060166 0.7664836822 0.7591633458 0.754095173 0.7618907362 0.6628342927 0.6645035642 0.658092964 0.6649307408 0.7485010577 0.5969220179 0.5546494756 0.5499645906 0.5478087305 0.543869844 0.5458773791 0.7415312366 0.741378352 0.748918909 0.6348553636 0.6330832601 0.6345537317 0.6321659847 0.6513415348 0.6502707668 0.7008192998 0.7025569697 0.7079619783 0.6496601538 0.650109314 0.6509980009 0.6503238167 0.6491776477 0.6455795662 0.7344919735 0.5396668562 0 0.7005369785 0.7089810993 0.5768448988 0.5757436768 0.8593270995 0.7801116339 0.6697522127 0.7209491177 0.7912652515 0.5451514495 0.5474866589
0.8226952649 0.8760264713 0.8541868129 0.8486438676 0.5391421489 0.5414779216 0.5402340334 0.8737408616 0.7591534341 0.568728899 0.5591661427 0.5599066598 0.5178958178 0.5170440955 0.5214878271 0.7699783489 0 0.6745031695 0.6741137083 0.761701001 0.6724054802 0.6672875849 0.6710334647 0.7475808179 0.7446328578 0.6054925851 0.5501739362 0.5518548126 0.6512653395 0.6603573417 0.6136703605 0.7414543962 0.740104763 0.7418829688 0.6412445829 0.6399453387 0.6316634344 0.6348325372 0.6406978764 0.7110980262 0 0.6984463154 0.7005911816 0.6555945819 0.6473971571 0.6479127198 0.6409964854 0.6434147054 0 0 0 0 0.7269389158 0.7105253223 0.5790805183 0.5757027421 0.5754989033 0.621539426 0.7795843705 0.7892347136 0.8988592099 0.5329797783 0.5521203049
0.8171436087 0.8751900551 0.8563237069 0.5473156755 0.5420632857 0.5359273146 0.5438442657 0.5516373472 0.5619042677 0.753745957 0.5140274466 0.5659971529 0 0.6441843879 0.7535118389 0.6665481889 0.6712485845 0.6655479272 0.6727786371 0.6778025071 0.6877451234 0.6753159363 0.7559706615 0.7261124947 0.7479106177 0.5523576521 0.5583913666 0.6596331118 0.6550473238 0.6600687844 0.6616793551 0.5507989447 0.5466284753 0.7432467004 0.6434913485 0.6318702535 0.6330991063 0.632438817 0.6330209518 0.6323590566 0.7043251876 0.706607363 0.7045783675 0.652727637 0.6429977188 0.6393125652 0.6420537238 0.6492784742 0 0.6651632631 0.6634555113 0.5349184339 0.7204184253 0.7128776262 0.5835140917 0.5834435399 0.5735842758 0.6159047143 0.6247563331 0.7891468955 0.7921380475 0.8930391986 0.7822194826
0.8226334333 0.7366046827 0.8760933488 0.8150712552 0.5420081975 0.5412175324 0.5455613979 0.549710711 0.6514122667 0.7541085905 0.5108822762 0.7332154911 0.6426301042 0.6567955587 0.6810888704 0.671401634 0.6661235661 0.6744732999 0.6737931545 0.6794584212 0.892303314 0.6177560127 0.5136011293 0.7526252355 0.5594894032 0.5545169796 0.7056036921 0.6750225625 0.6676590501 0.6648263536 0.5484077976 0.5455360827 0.5550279879 0.5528782872 0.6444622293 0.6376829976 0.6391934209 0.6404922828 0.6245624744 0.8352925154 0.7108324773 0.7114375477 0.7161770984 0.6504327358 0.6485509822 0.6450573154 0.6473371242 0.6425934704 0.6485766444 0.6568077251 0.5810262512 0.5775478243 0 0.5757539272 0.5870654245 0.5807380798 0 0 0 0.8104761169 0.8107041537 0.7857683509 0.783944222
0.8204795586 0.7259558141 0.814790905 0.8138119579 0.8088462088 0.8122877804 0.7992853774 0.8056016467 0.805954585 0.810925969 0.8610811702 0.5022675698 0.5858030694 0.8330894926 0.6781476315 0.670299866 0.6884639873 0.6743014036 0.5573607319 0.6819135392 0.5610107579 0.7599432276 0.5819435434 0.7924474968 0.8698141109 0.818455098 0.6766559722 0.7951659841 0.6254396469 0.6188830956 0.8387511128 0.7022084217 0.5454276352 0.8810070315 0.6466995095 0.6377556432 0.6392814769 0.7547807857 0.6214861761 0.6180162419 0.6243822291 0.604619026 0.715836887 0.6544663034 0.6499296559 0 0.6482610794 0.6467023316 0.6491119911 0.6535916693 0.5857045278 0.5785228057 0.573345181 0.5757403788 0.5896900812 0.7710405563 0.7669989464 0.7588608051 0.88452255 0.8041881396 0.6321289746 0.7701594168 0.7701114031
0.717406649 0.6435527354 0.5256894434 0.8104451306 0.8085550721 0.7986318627 0.7997733417 0.7943174045 0.8052004925 0.8072662656 0.5065624897 0.5010096553 0.509217584 0.5095543134 0.5152254015 0.5588169815 0.5541707397 0.5486558403 0.5566305191 0.6105848406 0.629462884 0.6237281737 0.7855950817 0.7871229126 0.7880536363 0.7962303489 0.7984517475 0.5607385224 0.6175307857 0.6918460679 0.7002335996 0.698585456 0.6591613642 0.8848082413 0.8752875943 0.8828220222 0 0.6860286585 0.6943398421 0.6193826754 0.6231086295 0.8863358153 0.7185749552 0.7228061692 0.6521227445 0.6501732928 0.6537459229 0.6589714528 0.6578396492 0.6548685652 0.5832813834 0.5772627611 0.5741581649 0.5823176027 0.5853458275 0.7767644095 0.7606917142 0.7596612093 0.5703250739 0.7985264048 0.8514117023 0.765495264 0.7602681926
0.7169166198 0.7135035898 0.7137252242 0.81793644 0.8124309731 0.8036458929 0.7942998227 0.7992979038 0.8038401245 0.8085960756 0.5036641404 0.5009314531 0.509281267 0.5140518994 0.5168828423 0.6672122475 0.5585710447 0.548994337 0.5511155275 0.6208413089 0.6147663652 0.7945192906 0.7895853969 0.7845547931 0.7823030973 0.7984477285 0.802238637 0.5638179276 0.7368991713 0.6448242494 0.8444036838 0.638719355 0.6310091093 0.8837765371 0.8389076972 0.6414305463 0.6928579502 0.6845967429 0.8342145755 0.8381190609 0.8384667666 0.8402891437 0.7211440792 0.6611580883 0.6571707721 0.6591249646 0.6588729278 0.6682022053 0.6643615475 0.8833122332 0.5834850857 0.5833538006 0.5797926866 0.6639687616 0.6019781176 0.5995613366 0.5903561841 0 0.5771485734 0.5683811044 0.5661952892 0.7582062971 0.7523030669
0.5173984432 0.7106822706 0.7165857759 0.7150057089 0.8057312334 0.7947949484 0.8014364889 0.7983399238 0.808649803 0.8122581709 0.5096191986 0.5091076641 0.5057557693 0.5170725484 0.7463020452 0.6846434968 0.5578584994 0.5518807597 0.6171122079 0.6133865704 0.6187753586 0.6411173762 0.7867476781 0.7811393795 0.7886661545 0.7924356997 0.660314752 0.89844392 0.563400209 0.7290368247 0.6426919253 0.6401217278 0.6332161875 0.6337229282 0.8868471872 0.5875899487 0.6876860467 0.8393386683 0.8368360639 0.8301088927 0.8371139688 0.676622977 0 0 0.6678379841 0.6637089439 0.662331939 0.7874583401 0.8632743331 0.7288608063 0.5684404155 0.6570651207 0.5901470079 0.6059604311 0.6057474896 0.5985523228 0.593260522 0.5864522342 0.5888573319 0.6221594497 0.558512469 0.6446578823 0.7494683763
0.7121215547 0.7171169379 0.7110093748 0.7196622584 0.8060004975 0.8035832299 0.8019974518 0.8525751647 0.5237722719 0.517814551 0.5179508804 0.5100864503 0.5198196931 0.6846754169 0.6817570474 0.6837143739 0.5534408295 0.6193051384 0.6140706762 0.6126014188 0.6169394833 0.6254777519 0.7816940955 0.783316613 0.8939065005 0.7907973212 0.5603433317 0.6667865458 0.8888161953 0.6461895125 0.8818704748 0.7305925931 0.7323252719 0.6223246223 0.6165088731 0.6158165406 0.6137796057 0 0.8330007308 0.836321059 0.6687257696 0.6732743928 0 0.7376411167 0 0.7907238371 0.7835878031 0.6471889091 0.725198132 0.7286719776 0.6579040988 0.660507406 0.8255971524 0.6072956058 0.6026842699 0 0.595831967 0 0.5627606374 0 0.5846678182 0.5764681431 0.7531827241
0.8332265907 0.71323544 0.7150495761 0.7183819592 0.8117258919 0.8082758827 0.8061723389 0.5258557072 0.5235568808 0.7657028212 0.5234855547 0.8366748246 0.8429046753 0.6825548522 0.6807748956 0.6782847086 0.6837629871 0.6173795437 0.6151735299 0.6219910791 0.6203150421 0.6198175467 0.7904365113 0.7925673259 0.6196442709 0.6145678063 0.6229074341 0.6188626188 0.7715444381 0.7459918485 0.7377305885 0.7368999668 0.7321437212 0.6141366965 0.6100346061 0.6118376539 0.671322255 0.6755911369 0.6749586153 0.6824795572 0.6865034738 0.6762749068 0 0.7949912139 0.7868360392 0.7858493312 0.8763359403 0.7846663007 0.8418606463 0.7307786498 0.7522560456 0.5682327819 0.5608771714 0.5571039949 0 0 0 0 0.5621831616 0.7067334914 0.8875700917 0.8861198511 0
0.7549966066 0.7567701969 0.7146899719 0.7479830587 0.7073606206 0.8783878438 0.7000719381 0.5464270895 0.6367698029 0.7069364193 0.5211486011 0.5343653373 0.8349659924 0.6836433749 0.6761944123 0.7421697813 0.6879084683 0.6180348645 0.6188272504 0.6235510753 0.6205199871 0.624413879 0.7930177964 0.6139006488 0.6151826404 0.6136451419 0.6154588388 0.6165419204 0.6281984428 0.7453653868 0.6248191453 0.6245023717 0.615504122 0.6117457094 0.6075727094 0.6069230201 0.6112409065 0.6689119002 0.6737837596 0.5017313744 0.6838305803 0.7482248455 0.6803866933 0.7971172592 0.791056506 0.5127691208 0.582235396 0.8210355333 0.7132397225 0.8819582169 0.6235685879 0.7522070346 0.7519438178 0.7881273281 0 0 0.5786795346 0.5699291366 0.8821666094 0.8838189096 0.8777527471 0.8794163866 0.887863597
0 0.755092748 0.897306174 0.9014492107 0.8962352185 0.7374306216 0.7658084772 0 0 0 0 0.8393996405 0.8371702722 0 0.7178798247 0.6850174385 0.7153790708 0.6897067057 0 0.628058708 0.6268699179 0.6260251667 0.6294078486 0.6090554836 0.6066477595 0.6160259436 0.6196177151 0.6189897072 0.6257182827 0.5294004895 0.6231283576 0.6195186924 0.6154694214 0.5973911741 0.604343621 0.6032119914 0.6050492021 0.6102759343 0.6693788345 0.6747444686 0.6484480134 0.7502315247 0.6521928508 0 0.8545480748 0.5744075448 0.8165050646 0.5756140144 0.581847536 0.5639113756 0.7536781077 0.5646901361 0.5480060639 0.5554079773 0 0 0 0 0 0.8780749191 0.854980355 0.8815542556 0.6681570683
0.8435764266 0.702428198 0.582848442 0.8383820787 0.8373791782 0.8354469923 0.5288156647 0.862391289 0 0 0 0.5708901285 0.7478720509 0 0.5069644743 0.7344370077 0.6862169693 0.8954178964 0.8327400808 0 0.6634568895 0.6780963246 0.5958061926 0.6154676558 0.6155447985 0.6155175979 0.6245193996 0.6287434871 0.8171688314 0.7351172288 0.6226134236 0.6225460175 0.6140432146 0.6060943684 0.5952141355 0.5989999729 0.5989360627 0.6096892645 0.6141056453 0 0.5791697048 0.640237065 0.5806374489 0.5656743345 0.5673126946 0.5582468821 0.5691739305 0.5726682499 0.5832920631 0.7733935923 0.7739180311 0.8393750421 0.5547456437 0.5467980397 0.5500261595 0.6718908198 0.770863313 0.8697366561 0.7762635755 0.7841307604 0.8619553588 0.6708608721 0.6743125042
0 0.8389144254 0.8348883019 0.8373125474 0.8327792856 0.834597685 0 0 0 0 0 0.8709092058 0.7478258483 0.7409689605 0.7369598047 0 0 0.7047707167 0.7614901509 0 0.675600754 0.6786582696 0.5510036075 0.737975042 0.805993773 0.8842305074 0.879059639 0.8809308888 0.8325563503 0.7441662409 0.7348671868 0.6088290592 0.6061720116 0.6011671528 0.600099109 0.5903143475 0.5988041206 0.7502595617 0.794717794 0.5852946739 0.5788806712 0.5729870144 0.6475899664 0.5666902327 0.5579842477 0.565172224 0.5670731361 0.7661751189 0.7475250975 0.7703834072 0.7681098209 0.7754249826 0.5529706056 0.5526005157 0.5558787651 0.8995095436 0.7756791139 0.7702028333 0.7737979348 0.7780469597 0.6835672724 0.6834148876 0.752374784
0.5084231616 0.7091304908 0.8376328224 0.8412773298 0.7464256627 0.7356447307 0.8855999748 0.8699530992 0 0.8646449792 0.8655756164 0 0 0 0.7505140264 0.8956508118 0.8967196396 0.8290249492 0.6017842648 0 0.8772176584 0.6742955726 0.6325860109 0.5713545272 0.5662121579 0.8826193574 0.8826899894 0.8801848649 0 0.7410750229 0.6185328805 0.609355836 0.6062838318 0.6073060293 0 0.5969052426 0.5937961438 0.6503547234 0.6479999209 0.7053806256 0.6116323206 0.7475119872 0.5706930849 0.5611287944 0.5613780936 0.5573876344 0.5608672285 0.7577367096 0.760633867 0.764597317 0.7729628342 0.770417484 0.5141090536 0.724917958 0.8913129771 0.8944633862 0.7732086079 0.7741802359 0.7717222793 0 0.6900272346 0.8339332926 0.8339671501
0.5103083112 0.8148800258 0.6784140871 0.5338942539 0.7698072295 0.7737808319 0 0.6794933982 0.8694835617 0.8733232105 0 0 0.818347251 0 0 0 0.5409623985 0.8309909131 0.8267740718 0.8766443999 0.8744648881 0.714216547 0.6663876672 0.5660126177 0.6682027201 0.7631503774 0.8080156427 0.7615288508 0 0.870267302 0.6143580239 0.6125914867 0.6905680229 0.6134625047 0.6044485333 0.6040846372 0.6050389192 0.5631101281 0.6476123401 0.6459140003 0.6538212079 0.6520850745 0.5651521524 0.6493932448 0.5645722207 0.5601193579 0.566772583 0.7611198934 0.7620662 0.6922515907 0.6177868891 0.7069081808 0.7286707869 0.9006804551 0.8951386974 0.897112718 0.7750407282 0.7795223912 0.7812479402 0.7410859913 0.7384058155 0.8276406585 0.8245534266
0.7661682802 0.8539222599 0.5134526038 0.7481960456 0.7468867114 0.7454580311 0.7437794227 0.6745329058 0.6794475352 0 0.8485810704 0.7998185338 0 0.6410818712 0.5983324013 0.53562664 0.5387929507 0.832339425 0.8637054031 0.8820448237 0.8754240355 0.8792963554 0.7976099877 0.6644538024 0 0 0 0 0 0 0.5849619133 0 0.6931143795 0.559817732 0.5602973002 0.557955307 0.5625582462 0.5706865112 0.6505028545 0.6530575456 0.6487775846 0.6554318764 0.5662782418 0.5694913094 0.5617385057 0.5728569072 0.5719179092 0.5756135748 0.7692420099 0.7713439809 0.7064835496 0.8703788688 0.6002116798 0.6581936846 0.5545293182 0 0.5646619314 0.6771723855 0.5072821728 0.6504692305 0.8452053613 0.8251965056 0.8302433147
0.7700737591 0.5179033024 0.7576535306 0.7510929446 0.7423068478 0.7376843087 0.7413371753 0.6697037154 0 0.8565036407 0 0.8669468392 0 0 0.5378310321 0.5039262195 0.8194920351 0.5487588356 0 0.8756790605 0 0.5198203158 0 0 0 0 0 0.7950481663 0.5566816104 0 0 0.6894837092 0.6835056604 0.556452755 0.5540012962 0.5529588113 0.5596022838 0.5627237532 0.8881305991 0.5232777723 0.654589138 0.6515123007 0.5408718596 0.5639907932 0.5640216653 0.5789808867 0.5686160467 0.5800992899 0.5871388717 0.7563188881 0.753666024 0.6017511829 0.6341441581 0.7671735768 0.5495924113 0.5591635437 0.6698687328 0.8819679695 0 0 0.6421997086 0.842735617 0.8410702836
0.7680113513 0.7749365889 0.7553807931 0.7495691525 0.7382226102 0.7417654497 0.7397576317 0.6782609382 0.8618883717 0.8227303033 0 0.8842441794 0.5315135295 0.8470641546 0.8261023638 0.8175320038 0 0.7499769579 0 0 0 0 0 0 0 0.7806743772 0.66621142 0.861051788 0.624133238 0.5300839456 0.8701352923 0.6909371888 0.7850100827 0.6753065795 0.5621187344 0.553697162 0 0.8923595964 0 0.8192029138 0.5598713944 0.5009911819 0.5662234556 0.5692173283 0.6615733977 0.6089126324 0.5857396953 0.8310463785 0.8779774654 0 0.749890084 0.7531703964 0.6253432741 0.5504962171 0.5564393867 0 0.5687788462 0.5774999256 0 0.6385294852 0.6443766148 0.842112897 0.841153493
0.7277267893 0.5542774381 0.7573259569 0.7215493895 0.7503666729 0.5853883324 0.579538598 0.7427962943 0.7510462607 0.6805316166 0.6729336437 0.8824391971 0.7838241504 0.7890187931 0.7494319065 0.7408848004 0.7412614016 0 0 0.7764250319 0.7077172478 0 0 0 0.6753454839 0.714613911 0.876095714 0.8935664444 0.8929061689 0.7890523957 0 0.6276686426 0.6768293138 0.8005093341 0.6830425256 0.5708641523 0 0 0 0.6315763601 0.6815232368 0.5708184072 0.5699068732 0.6092182015 0.6154704143 0.6099759179 0.6182270472 0.8417433621 0.5906928315 0.5887955164 0.5941121663 0.5863095823 0.8636643919 0.8005317432 0 0.7218107921 0.7245397592 0 0 0.7104895413 0.6454473136 0.5359444557 0.5330971484
0.5430438772 0 0.8281966889 0.7233688393 0.8793642596 0.8718881595 0.8788262388 0.7995271905 0.7517843584 0.873108332 0.8750426348 0.8726876254 0.7831478169 0 0.7483695319 0.7408398785 0.7487124506 0 0 0.711527488 0.6036261716 0.5189633777 0.5052934951 0.6301561719 0.6349143256 0.634948697 0.8870698468 0.8901762221 0.8969641465 0.8953793813 0 0.8964472669 0.8088329596 0.8406945738 0.8077444688 0.5173642807 0 0.7691818679 0.6379423197 0.6308988634 0.5640772339 0.5758006568 0.5746232278 0.7153351557 0 0 0.892703063 0.8870789553 0 0.5208884392 0.5177846124 0.5154552448 0.7491382456 0.7238212287 0.7218359317 0.7157580622 0 0.8275094341 0 0.7691308228 0.5722575121 0.5280374333 0.5342010392
0.7254758142 0.5235386215 0.6841374292 0.5308117064 0.5914292251 0.8791171258 0.8714341848 0 0.8639253897 0.8635640634 0.8668348176 0.86795498 0 0.503635502 0.7432578649 0.7494947646 0.7467546271 0.7677374231 0 0.6555127863 0.5795493521 0.821776896 0.5462262636 0.6337650656 0.6282056749 0.6344632491 0.8857110431 0.8950599831 0.8882832531 0.8946667335 0.8926552504 0.8972869495 0.7761407688 0.7708899937 0.8729794969 0.5627653444 0.6059715546 0.641514167 0.6342378251 0.6312223406 0.6347552871 0.6562621895 0.648291075 0.5760640466 0 0 0 0.5866795652 0.5101789493 0.5118969658 0.5146425121 0.5192847584 0.7528376864 0.7219397349 0.7167212272 0.7191025527 0 0 0 0.8654216904 0.8588727161 0.5279557707 0.527846309
