landscape/hab_quality/256/simulation_000014_p046_h095_HABMAT_patch_more_500pix_modified.asc_ac_0.5_quality.asc
NCOLS 513
NROWS 513
XLLCORNER 0
YLLCORNER 0
CELLSIZE 9.980507
NODATA_VALUE NaN
[rows 352 to 383 of 513, columns 72 to 143 of 513]
0 0 0 0 0 0 0 0 0 0 0 0 0 0 0 0 0 0 0 0 0 0 0 0 0.8583902706 0.8677379082 0.8668405701 0.8662333944 0.8727345661 0.8671201719 0.7332557735 0.7252730621 0.7153319382 0.8546114217 0.8516437723 0.8572829245 0.8790305837 0.8797385396 0.6753435635 0.7893722133 0.7844026191 0.7744083003 0.7669518151 0.7719880102 0.7765028135 0.6698408361 0.6767857593 0.7924314142 0.7827596884 0 0 0 0.8386233503 0 0 0 0 0 0 0 0 0 0.6205012514 0.6140062865 0.6344019913 0.643434774 0.5813726553 0.5840902628 0.8079129071 0.5828110702 0.7304144073 0.7066987494
0 0 0 0 0 0 0 0 0 0 0 0 0 0 0 0 0 0 0 0 0 0 0 0 0.8579095142 0.8582440151 0.8628770454 0.8634297651 0.8643784809 0.8672605733 0.6993861173 0.7192782883 0.7191643133 0.8570415299 0.857005317 0.8553887864 0.8700425831 0.8722690563 0.5437463979 0.789667444 0.7791841654 0.7690401936 0.7728782528 0.7768741717 0.7732469744 0.6864855306 0.8556483771 0.7840167722 0 0 0 0 0.8475355614 0 0 0 0 0 0 0 0 0 0 0.6195883636 0.5799460317 0.5800606124 0.575217425 0.5742773338 0.5814740147 0.5807929136 0.5763997682 0.7069727507
0 0 0 0 0 0 0 0 0 0 0 0 0 0 0 0 0 0 0 0 0 0 0 0 0.8483873106 0.850628801 0.8671484825 0.5464886272 0.8679387169 0.6932994127 0.889035308 0.7944565957 0.5165948391 0.8803511974 0.8587593082 0.8653807133 0.87094216 0.8749939829 0.5761467042 0.7913938569 0.7757148506 0.7759406861 0.7703381571 0.6083448136 0.8575959566 0.8568913925 0.5826676369 0.705619403 0 0 0 0 0 0 0 0 0 0 0 0 0 0 0 0.8671177592 0.5837713219 0.5775365317 0.5730710737 0.5809753153 0.5742939016 0.574401136 0.7505107462 0.8640647477
0 0 0 0 0 0 0 0 0 0 0 0 0 0 0 0 0 0 0 0 0 0 0 0 0.858122626 0.8573901553 0.8581963782 0.8643682033 0.5465787926 0.6933094493 0.6994736241 0.5192467302 0.7951831157 0.8680661504 0.8672897377 0.5804613461 0.8705118716 0.8157919988 0.8257211009 0.7735567847 0.6493274058 0.7759412323 0.7725935274 0.7793107866 0.8621861411 0.7479951135 0.8717494023 0 0 0 0 0 0 0 0 0 0 0 0 0 0 0 0 0.8572035493 0.5872188443 0.5828038961 0.5772311606 0.5741873687 0.5840842272 0.5776682057 0.5800832881 0.5883776565
0 0 0 0 0 0 0 0 0 0 0 0 0 0 0 0 0 0 0 0 0 0 0 0 0.8625462946 0.8602484838 0.8651405428 0.8655819847 0.8180908518 0.8445954333 0.6423392689 0.8043926418 0.8927020393 0.8673517726 0.8724524024 0.8681875938 0.8216261596 0.8204942616 0.7764437436 0.7345057792 0.7358862616 0.774072723 0.7776178726 0.7815365174 0.5863623624 0.5822536517 0.8627968102 0.794767212 0.6272339148 0 0 0 0 0 0 0 0 0 0 0 0 0 0 0.8540331236 0.5324129217 0.585416106 0.5801686018 0.5813199409 0.57720858 0.5824147153 0.6032659802 0.586518465
0 0 0 0 0 0 0 0 0 0 0 0 0 0 0 0 0 0 0 0 0 0 0 0 0.8704431751 0.8646511391 0.870942359 0.7079316435 0.7065262915 0.8826939625 0.7329047884 0.813409327 0.7024771008 0.8896053286 0.8882541892 0.8797306185 0.8843360499 0.7133822759 0.736350503 0.8842902229 0.6357173047 0.5643568252 0.7511201296 0.6239974676 0.5827810009 0.5808928856 0.5860114292 0.8681950248 0.6220684318 0.9083317825 0 0 0 0 0 0 0 0 0 0 0 0 0 0.5231529932 0 0.5233206577 0.8142900593 0.5821057152 0.5906301097 0.6079518266 0.5051393897 0.799271576
0 0 0 0 0 0 0 0 0 0 0 0 0 0 0 0 0 0 0 0 0 0 0 0.5360489869 0.8716476545 0.8697149748 0.7031325233 0.7049530406 0.6982980059 0.7195479709 0.6718003398 0.5817406958 0.8893126873 0.8807195849 0.8869995638 0.8857742075 0.8887404427 0.7289998713 0.8487859087 0.6351738966 0.6383064059 0.7341978785 0.5326598747 0.7413520196 0.8897634556 0.8923044718 0.8958662475 0.8907707612 0.9006098507 0 0 0 0 0 0 0 0 0 0 0 0 0.5244502604 0.5229278455 0.5204750407 0.5190044219 0.5205015084 0.5234244288 0.5381138652 0.7795222245 0.6394454941 0.8091556198 0.8990375976
0 0 0 0 0 0 0 0 0 0 0 0 0 0 0 0 0 0 0 0 0 0 0 0 0.8336593764 0.8894509485 0.6985619077 0.6980932306 0.6970839096 0.6948987372 0.691913288 0.894487026 0.8847738757 0.8878757703 0.8830837252 0.68455514 0.8481072513 0.5397686922 0.6786001113 0.8875090344 0.7873119562 0.6287922919 0.6340324809 0.627982152 0.8880996536 0.8853605527 0.885891015 0.8908540526 0.7141623626 0.5858647531 0 0 0 0.6295364757 0 0.8215086196 0 0 0 0 0 0.5257922984 0.5179696229 0.5166409811 0.5164720408 0.5171731104 0.5289983108 0.5349692996 0.7975988766 0.7551823465 0.8753547486 0.8755784644
0 0 0 0 0 0 0 0 0 0 0 0 0 0 0 0 0 0 0 0 0 0 0 0.5392898772 0.5416702428 0.5380206921 0.7042891299 0.6976905626 0.6925186377 0.6977269282 0.7300756283 0.7345824939 0.723541402 0.5323810527 0.5005310865 0.7338570397 0.5475937588 0.7848472054 0.5194062441 0.5796006389 0.6155128831 0.6156700896 0.6242969414 0.6266281037 0.886500174 0.8867331471 0.8830327664 0.8848456902 0.8975690922 0.5955165537 0.6437981577 0.650907884 0.6502560485 0.7215578196 0.8362928621 0.8302572318 0.8523080337 0.7117046528 0 0.8678206276 0.5274634745 0.5250622697 0.5124447022 0.5110573439 0.5173186249 0.5239081356 0.5332815028 0.5370535743 0.6078799736 0.7685460501 0.7622922299 0.8692127786
0 0 0 0 0 0 0 0 0 0 0 0 0 0 0 0 0 0 0 0 0.8249883639 0.8227437215 0.82131527 0.5376499579 0.532842815 0.5365791926 0.8471779565 0.6969481383 0.7008852045 0.6995679473 0.7293330408 0.7918368748 0.6725866763 0.6116160791 0.6096773833 0.6097879753 0.7112543341 0.5893989857 0.580940088 0.5773396377 0.624411612 0.615491908 0.6217822622 0.6236509226 0.7475959189 0.8886250443 0.8880693549 0.563795303 0.7293712993 0.6341815724 0.7616671707 0.6436602984 0.6449138018 0.8320851977 0.857162251 0.6809771558 0.855363261 0.6606167826 0.7199998147 0.6801442257 0.5320005355 0.5287376639 0.5174893151 0.5150845684 0.5119524885 0.5254226447 0.519569828 0.512174775 0.5156118766 0.7645082814 0.5310377783 0.8756645123
0 0 0 0 0 0 0 0 0 0 0 0 0 0 0 0 0 0 0 0 0.8326682758 0.8251183747 0.5397501071 0.5415589119 0.534853293 0.5351071646 0.5396956581 0.7686363369 0.8259843014 0.7280998311 0.7333479925 0.5927261209 0.6087360773 0.6068782906 0.6133101379 0.7517914631 0.5878801364 0.533801844 0.6010171525 0.6790322707 0.6228152208 0.6218192067 0.557119663 0.6294754747 0.632442251 0.6817541936 0.676810767 0.7272175102 0.7314557445 0.8243529387 0.6431205475 0.640447069 0.6457558109 0.5054311506 0.7127401517 0.7095208687 0.5810496444 0.7808216602 0.6522396486 0.6830974715 0.6900691524 0.5303734586 0.5169768989 0.5907087791 0.5168019882 0.5251853097 0.5215455559 0.5329477798 0.5187043756 0.5278424725 0.5094377939 0.8674603677
0 0 0 0 0 0 0 0 0 0 0 0 0 0 0 0 0 0 0 0 0 0.6782154903 0.670037571 0.6769143166 0.5461446022 0.8990154602 0.8989194458 0.8724777626 0.733544205 0.7305539149 0.7384700018 0.6781369893 0.5990217597 0.6832536739 0.8896754763 0.8910087137 0.8908144405 0.5952826174 0.7644837662 0.7348770504 0.6304414239 0.6302329383 0.6219710625 0.68861157 0.6343679474 0.6149603336 0.732078516 0.7315593642 0.7331798242 0.8105191933 0.6501407932 0.6479637922 0.6448457453 0.8794114175 0.5338826527 0.7038629889 0.7173154753 0.8474620059 0.7821906876 0.7336185675 0.8356144834 0.8389777591 0.5954371093 0.5230626469 0.5207623896 0.5205784724 0.5303294179 0.533685963 0.5223159895 0.5206094538 0.8761560798 0.8700683398
0 0 0 0 0 0 0 0 0 0 0 0 0 0 0 0 0 0 0 0 0 0.6710857515 0.6697930766 0.6764558637 0.7410044406 0.9005199236 0.9050682085 0.7327296398 0.7348530227 0.5806176603 0.7331594424 0.6058577897 0.6073412433 0.6367327325 0.8823916596 0.8836211764 0.8820330279 0.6709540254 0.5279029458 0.5419894448 0.6331632497 0.6352986843 0.6398732169 0.6305131325 0.6384877105 0.5974719794 0.8528125836 0.7358372187 0.5099403063 0.6564767222 0.5041316071 0.656838752 0.6505353681 0.8703991912 0.87858028 0.8740315019 0.8403754486 0.8311673344 0.8480031964 0.583451217 0.8310997349 0.6669805874 0.5596279025 0.5292548052 0.5218230925 0.5295394802 0.5223431173 0.636498118 0.837320108 0.8069577757 0.8832829301 0.8320715312
0 0 0 0 0 0 0 0 0 0 0 0 0 0 0 0 0 0 0 0.8358732027 0.5943929422 0.6792343243 0 0.6763266981 0.588694964 0.9080232909 0 0 0 0.8741510982 0.8712630104 0.8751990997 0.8712730203 0.8701773834 0.8850925483 0.8787488775 0.8829152516 0.618367913 0.5340495478 0.5796766448 0.5402446075 0.7000152508 0.6364531887 0.6375439071 0.6380184336 0.7766132438 0.7921088657 0.6315619478 0.5100789224 0.5002054608 0.5136057375 0.50468835 0.5251430046 0.871770763 0.8693837141 0.8275301065 0.8310116378 0.8312984733 0.8380069424 0.8303654222 0.7061137141 0.71136341 0.874553969 0.8797416556 0.6936227844 0.8908396052 0.8561922214 0.8635616827 0.8693820736 0.5478721601 0.5163991323 0.7644774703
0 0 0 0 0 0 0 0 0 0 0 0 0 0 0 0 0 0 0 0 0.8914590646 0 0 0 0 0.6486736632 0 0 0 0.8772965247 0.8676766191 0.872680053 0.8670778309 0.8687474522 0.8820965056 0.8818083987 0.8845564198 0.571618769 0.8708606294 0.7714841808 0.5051698676 0.7928673266 0.6398189409 0.639634036 0.6408507155 0.5944327122 0.7828053041 0.906503307 0.503297084 0.510988545 0.5037159295 0.5126648976 0.7380698034 0.7339370567 0.7322939609 0.8269517791 0.8258200696 0.8307446143 0.8362878119 0.7069953235 0.705123829 0.7000219442 0.5497846063 0.8725969155 0.8734402097 0.8840899955 0.8646654173 0.5944666643 0.6079475696 0.6351562625 0.7053993917 0.5190975155
0 0 0 0 0 0 0 0 0 0 0 0 0 0 0 0 0 0 0 0 0 0 0 0 0 0 0 0 0.9010678504 0.8982723372 0.870600944 0.8649400236 0.8628074152 0.8697170098 0.8714561268 0.8861545756 0.8861341431 0.8778904924 0.820396097 0.6713333203 0.8570451353 0.8621264668 0.6478638988 0.6730050089 0.8909792273 0.8927014191 0.8998233387 0.6223064394 0.5084014284 0.5066755118 0.5069336052 0.5060561375 0.5054990874 0.729638656 0.7337450933 0.8301714139 0.8306366284 0.8258401535 0.8363341969 0.733344516 0.6398620524 0.69736468 0.5965821946 0.8819255757 0.8824781801 0.8914332265 0.8986736015 0.6315569522 0.6269734235 0.6097370143 0.7091004089 0.7084630891
0 0 0 0 0 0 0 0 0 0 0 0 0 0 0 0 0 0 0 0 0 0 0 0 0 0 0 0.8691479776 0.8696610199 0.8944719333 0.8926686441 0.8608651909 0.8608088216 0.8676181247 0.8727150346 0.8772120583 0.8743127667 0.8789698722 0.6440570895 0.8414631943 0.7878611093 0.6024244691 0.5984657202 0.6151843064 0.8983937121 0.8899331972 0.8928797162 0.746500258 0.5135965313 0.8796021349 0.5152423593 0.5112783359 0.7039573187 0.7343201157 0.7333518252 0.6373456267 0.633574512 0.6315949098 0.6414082572 0.6475215777 0.7069438626 0.6988726444 0.7101035184 0.509736102 0.8876966749 0.8020240636 0.7992878103 0.632903014 0.7181880278 0.7116367549 0.6665252321 0.6719830386
0 0 0 0 0 0 0 0 0 0 0 0 0 0 0 0 0 0 0 0 0 0 0 0 0 0 0 0.8649122214 0.8635630513 0.8967699369 0.8534082804 0.8509498561 0.8434266847 0.8461545491 0.8522673183 0.8828373602 0.8822810864 0.883781403 0.6488731247 0.6450116816 0.603555066 0.5958785646 0.5955655972 0.6130192357 0.8916904269 0.7335705728 0.7873403336 0.7523240056 0.7876790832 0.5184056492 0.5199175964 0.7601741837 0.7396022649 0.6410874996 0.6328224653 0.6337908111 0.6298776505 0.6376241099 0.6412514812 0.6198907186 0.6173400261 0.6161240798 0.5639183654 0.846706554 0.8429666964 0.7686529055 0.730770624 0.7100337559 0.7069972462 0.7106813177 0.6051351308 0.8517172102
0 0 0 0 0 0 0 0 0 0 0 0 0 0 0 0 0 0 0 0 0 0 0 0 0 0 0 0.8704192957 0.8554172549 0.8552921803 0.8539829368 0.8466593768 0.8409807066 0.8492943125 0.8506565925 0.7740908594 0.777293109 0.7118776614 0.5467510415 0.5492315422 0.6021073297 0.5980296421 0.5905886178 0.5984993577 0.7353105026 0.7405965814 0.7411311982 0.6685608749 0.8742615023 0.8343425963 0.7617743045 0.5215715658 0.5209756804 0.6440695457 0.6396340904 0.6324863614 0.6383883257 0.637036959 0.6453448177 0.6192923724 0.6152720647 0.6137517895 0.6188188893 0.838029323 0.6168022903 0.759869756 0.5505839379 0.5489586232 0.7053210585 0.5505706002 0.5448508738 0.5483739136
0 0 0 0 0 0 0 0 0 0 0 0 0 0.6803244847 0.871774759 0 0 0 0 0 0 0 0 0 0 0 0 0 0.8566254926 0.8620849605 0.8629998299 0.8412254686 0.8479442576 0.8481213344 0.8566998087 0.8215758174 0.7689818662 0.5366080246 0.5406731796 0.5368053471 0.5423284236 0.5933573994 0.5928620691 0.5965224967 0.6794463148 0.7388920203 0.5001162687 0.8882530567 0.8495920415 0.6429973613 0.8321043023 0.8311306837 0.5267268186 0.6455757735 0.6365169534 0.6367666017 0.6364876814 0.636962213 0.6107880366 0.6166350743 0.6122943823 0.6146312475 0.8341114324 0.8399170107 0.6123408278 0.5427175307 0.5413753252 0.5427510314 0.7084439992 0.5439238675 0.542117081 0.5477413449
0 0 0 0 0 0 0 0 0 0 0 0.6576081426 0 0 0 0 0 0 0 0 0 0 0 0 0 0 0 0 0.5587757411 0.8727711554 0.5544249717 0.6041359796 0.6040354115 0.6113939841 0.6029222608 0.5478066392 0.5356397903 0.5407438779 0.5338858361 0.5396396508 0.5418876493 0.594113085 0.5951806845 0.6002623602 0.8835209022 0.8907836867 0.6980492013 0.5920912357 0.8767841464 0.7265204862 0.61630689 0.8366398995 0.840075802 0.8984060609 0.6432088314 0.6421721486 0.7353514168 0.6379195769 0.6091751773 0.6128913728 0.6200839124 0.6150723132 0.6148697689 0.8401614182 0.6783741114 0.545665737 0.5426771851 0.5508641731 0.6130234375 0.5559798064 0.5436150741 0.5420563585
0 0 0 0 0 0 0 0 0.6676988295 0.5004616383 0 0 0.844138995 0 0 0 0 0 0.7974017687 0 0 0 0.6362714364 0 0 0 0 0 0 0.6200162645 0.6092188205 0.6082131184 0.6012423617 0.5997848269 0.5965293944 0.5941931369 0.5379661996 0.5316536514 0.5364790023 0.5413113628 0.546399548 0.5462004418 0.5004130217 0.8784758189 0.8022317888 0.7948176783 0.7944076143 0.6208327213 0.7373510646 0.7724035467 0.722714176 0.729730366 0.8945743559 0.528336675 0.6434993996 0.6447927834 0.6485481149 0.6179129554 0.6356347622 0.6388221241 0.6361854828 0.623508623 0.6238541627 0.6794058845 0.6862816337 0.6875818031 0.5915228406 0.5611496081 0.5596352089 0.6089838546 0.5513086322 0.5458602391
0.8281987859 0.8380159906 0 0 0 0 0.7231817457 0 0.5906278513 0.8373271771 0 0 0.7247273909 0.7332359 0 0.881608243 0 0.5228958313 0.8738480079 0.6561372272 0.6484073995 0 0.5617977872 0 0 0.8293974041 0 0 0 0 0.613867582 0.8340128274 0.6067650954 0.5960012974 0.5931784096 0.5958788337 0.535275419 0.5355866505 0.5332683828 0.6089857767 0.7456524641 0.8843994924 0.8761548069 0.7856476839 0.7920889121 0.7930264688 0.6619720146 0.7473634243 0.8022592753 0.7323069784 0.7227811838 0.7288676525 0.677815515 0.6494949851 0.6448633316 0.8893269647 0.8314097015 0.8405929135 0.6337917565 0.6299828209 0.6370648911 0.6452276607 0.6313479467 0.7164179589 0.8705301667 0.5934616796 0.5921604263 0.5667047764 0.5553251376 0.5542383961 0.5604004912 0.5551410416
0.8297436743 0.8340434718 0 0.8832967295 0 0.6370422411 0.7811888512 0.8989710765 0 0.8379446042 0.8359697608 0.7261012066 0.723875522 0.7297776913 0 0 0.7268868235 0.5146333248 0.6858698827 0.6472214019 0.653866258 0.5571412993 0.556499948 0 0.893369404 0.8275227683 0.8264876799 0.745146769 0.620597029 0.6193163472 0.622899305 0.6138886472 0 0.5947948826 0.591267911 0.5946531535 0.5904956783 0.5994272731 0.6036266568 0.7014194611 0.8653823188 0.7810988794 0.7731661433 0.7893907877 0.7834592077 0.7869089273 0.7765562022 0.7870557166 0.6656338326 0.6720869255 0.6595413718 0.6616032119 0.6559670711 0.6694851533 0.746051009 0.8362892435 0.7062655945 0.8323856145 0.638505984 0.6309229926 0.6376656895 0.5041218495 0.5222546638 0.5320132507 0.7057366954 0.6880724114 0.7290033195 0.5606272342 0.5586593855 0.5623268498 0.5637116864 0.5733558656
0.8423677791 0.8371453699 0.7020000193 0.8743952562 0.7316578719 0.8615106218 0.6271190237 0.6255921982 0.8366457752 0.8301969514 0.5791233413 0.7167916637 0.7231607466 0.7200478857 0.7231587189 0.724222713 0.7308869104 0.8892716883 0.6460280843 0.6517175246 0.6498514496 0.5566642017 0.562080334 0 0.8029560172 0.6902774005 0.8276263335 0.8270208575 0.6283249059 0.6230589437 0.6218733846 0 0 0 0.5859183801 0.5897265631 0.5995834784 0.6028871713 0.6003947627 0.6079084311 0.8300581536 0.7844913551 0.7797750922 0.772472034 0.7816903558 0.7733967225 0.7794142191 0.6695030731 0.6715137074 0.6635868989 0.6539337341 0.6528690089 0.6626969678 0.670027018 0.6669932159 0.7090503745 0.7141105005 0.7103701638 0.6465748228 0.6379847472 0.6388775565 0.6440476842 0.8636118284 0.6858060498 0.6904780536 0.7355447593 0.8018136513 0.6565093146 0.5801783607 0.5728201182 0.5706457403 0.5714823695
0.5406468086 0.7221923176 0.7257623764 0.7238132781 0.7323597107 0.8075590673 0.6277500882 0.8901151065 0.8375697476 0.838035304 0.8329460008 0.7225204227 0.7142265873 0.7111744196 0.7194202284 0.7231862433 0.7263140583 0.6481600227 0.7164411418 0.6512957518 0.7841673948 0.7346606167 0.694250382 0.7896175287 0 0.7991940269 0.8324333697 0.8296503933 0.8368283236 0.6269529199 0.7204878422 0 0 0 0 0.5910526501 0.593489923 0.5946006404 0.5960893505 0.6042142967 0 0.8259567649 0.8199798828 0.7793069067 0.7723586254 0.7776287919 0.6531369007 0.6673365852 0.6641575145 0.6628848586 0.6540072268 0.6618527042 0.6625866045 0.6658420776 0.6752605125 0.7167362989 0.7389150922 0.570099757 0.5739964799 0.5656584032 0.5907036996 0.7133029049 0.5329118176 0.8441680154 0.5296099226 0.6945162225 0.8002449356 0.7970830209 0.7938402329 0.5746273688 0.5804309455 0.588935348
0.7258094014 0.7215690101 0.7186023119 0.7208857533 0.5916293771 0.826494937 0.5102175938 0.6124556617 0.8298258385 0.8297676925 0.5693948419 0.7130758513 0.713042493 0.7107435272 0.7080069975 0.7198750982 0.7212145268 0.615926336 0.8134006837 0.7921405417 0.7692101616 0.7882977971 0.6400511089 0.7158617071 0.5441921567 0.82855685 0.8403598952 0.7384258554 0.7271180223 0.6298493473 0.7864745194 0 0 0 0 0.599012845 0 0 0.600871044 0.7284021905 0.888986201 0.8219641449 0.8198696738 0.7758482852 0.7807719771 0.7746056301 0.7791128973 0.6703910416 0.6685556071 0.6627049759 0.6605183631 0.6697966009 0.6629375329 0.6687345553 0.6690143143 0.6068236217 0.5742450498 0.7388982551 0.5651035063 0.5689463957 0.5729732727 0.5799701468 0.5371816497 0.5282560124 0.5299543134 0.5254895146 0.7998977639 0.7942555919 0.7998938219 0.8024278852 0.5812637296 0.5862815778
0.6802994899 0.7582109088 0.7206611575 0.7211271455 0.5441626593 0.7323436043 0.6846592866 0.6899415856 0.8289218992 0.8232548352 0.8220192677 0.7154286208 0.7081704605 0.7037677999 0.7060393406 0.7211777802 0.7252801889 0.5226043027 0.8175681386 0.5577392246 0.7026285566 0.6422937963 0.8248434103 0.8209927211 0.8209938541 0.8242544446 0.5026617354 0.6350824964 0.6334252023 0.6530136655 0.5388811965 0.781954865 0 0 0 0.7486223349 0.6585285701 0.6063928053 0.6030582305 0.6056306664 0.8287049587 0.8206296116 0.8202218424 0.8224324768 0.7797560195 0.7762455695 0.7843411725 0.5158556952 0.6714795189 0.669075775 0.6700914624 0.6682763526 0.671871044 0.6643208548 0.8445348174 0.6521751102 0.5669614614 0.5661820564 0.5735766338 0.5707024453 0.5747120401 0.5431219643 0.5332582001 0.7109658099 0.5239502235 0.7092721921 0.7552480833 0.8081052932 0.8066065893 0.8030989342 0.6641647279 0.6600965857
0.5262821723 0.5451069415 0.5437471266 0.5404810947 0.5462800599 0.6910949435 0.6820856314 0.6877250593 0.7218819929 0.8182334822 0.8172925003 0.8173997721 0.7111972049 0.7090986023 0.7127165508 0.7139532172 0.8681403507 0.864772443 0.8701219943 0.8965584839 0.6979077496 0.5772859942 0.5225689967 0.8231222889 0.8159954456 0.8202921311 0.8151667164 0.5547128451 0.6435639815 0.6893144302 0.6321437473 0.8282847655 0.691986758 0.5489414419 0 0.7381455203 0.7509025194 0.6033371294 0.569821247 0.6320347695 0.6382460969 0.8605850173 0.8287524272 0.7892213808 0.7894944156 0.803673556 0.613365044 0.5227762034 0.5140555926 0.5092412027 0.5095983026 0.6767117791 0.6771262554 0.887742626 0.5166033452 0.8813075657 0.571047016 0.5683374525 0.5755488887 0.5842981103 0.5901891514 0.5809766871 0.5934127451 0.6033036782 0.530830206 0.8033864701 0.5574102723 0.7486097895 0.7569678515 0.6682426631 0.6586934477 0.6561234154
0.5679981026 0.5463982538 0.5378720678 0.5420828304 0.5380812559 0.7945696165 0.6871070622 0.6834987211 0.8875801954 0.8207268062 0.8147708397 0.8154127856 0.8182878253 0.7178938846 0.7214959254 0.8614804868 0.8570744275 0.8610042493 0.5581902089 0.5610002152 0.5631606095 0.5661909331 0.5746609849 0.8230929267 0.8207691182 0.813900247 0.8139340536 0.5558623108 0.5153320044 0.5801095967 0.6791789301 0.6980033128 0.6917117522 0.7442381811 0.7470733262 0.7500970226 0.7589979693 0.7739781323 0.7507794643 0.5684064862 0.6313852775 0.5940341053 0.8384252267 0.5118642878 0.717481225 0.6946472487 0.5594067117 0.5238349353 0.5127398863 0.504290457 0.5097998302 0.5142676102 0.7528615448 0.6621411847 0.8803540802 0.8876845195 0.7725081366 0.5847430752 0.5820744209 0.5788202647 0.5856786742 0.5959323336 0.59889108 0.6042468374 0.6111539956 0.8432218097 0.7549847125 0.7558789291 0.7515106124 0.660828431 0.6570975487 0.662185649
0.7634971457 0.6265646626 0.7396111821 0.5363828705 0.5370590962 0.5374004446 0.5310500534 0.534323275 0.7707414525 0.8141526582 0.8110653543 0.8104513513 0.8145757839 0.8164297384 0.8473371486 0.8522074463 0.8552520168 0.8605690184 0.5542161139 0.5589367966 0.5620265403 0.5719182261 0.5773205277 0.5773293244 0.8156694236 0.820307304 0.816042082 0.8217725458 0.56584428 0.5140119351 0.5197105409 0.69353672 0.7964366642 0.7517187557 0.7441449211 0.7426930374 0.7393647945 0.741712815 0.7481911239 0.5271343962 0.763806486 0.6331384215 0.6070426698 0.5801150224 0.765226456 0.7669183793 0.7643742965 0.838216822 0.5049438758 0.5045080103 0.5120415337 0.5199933958 0.6291971812 0.8854276341 0.8847298324 0.6178779075 0.7133002478 0.5898310421 0.5885094192 0.5862042289 0.5986618384 0.5978751044 0.6011282866 0.6073423122 0.6042865515 0.8376216918 0.7592208754 0.5813528827 0.5834841394 0.6267052579 0.5174497666 0.6599783093
0.6316748397 0.7628829663 0.5211674677 0.5254245563 0.5309638625 0.5242470942 0.5299258611 0.8913781271 0.5444468054 0.7627471264 0.8177064372 0.8201386361 0.8119842661 0.852632525 0.8505891867 0.8467567749 0.8481132585 0.8578803178 0.8599407081 0.5581498373 0.5620688019 0.5697230751 0.5744647943 0.8237084572 0.7687255954 0.5921236329 0.8535946078 0.8530152841 0.5175043695 0.5156415165 0.638516889 0.699381598 0.6932397035 0.7564948397 0.7466589655 0.7390002247 0.7354140971 0.7342057033 0.7485233976 0.7523710418 0.7531932361 0.766581077 0 0.7588466882 0.7597636276 0.7605510603 0.7525940326 0.7469611599 0.5096839169 0.5075200602 0.5142179806 0.5211433368 0.8723174885 0.6124091904 0.881877665 0.6086519483 0.6391644753 0.7569243446 0.5941173979 0.7012078136 0.5863836273 0.5387806373 0.6057404824 0.6718965155 0.8692960287 0.8679430384 0.8745438757 0.5805296948 0.5803099245 0.5711366349 0.6176443863 0.5717699639
