landscape/hab_quality/256/simulation_000043_p064_h010_HABMAT_patch_more_500pix_modified.asc_ac_0.5_quality.asc
NCOLS 513
NROWS 513
XLLCORNER 0
YLLCORNER 0
CELLSIZE 9.980507
NODATA_VALUE NaN
[rows 378 to 404 of 513, columns 427 to 487 of 513]
0.6905861736 0.6255257468 0.7100076818 0.7086849498 0.7050906855 0.7071645479 0.6827071677 0.8005197518 0.7588867416 0 0.5980885793 0 0.7382826371 0.7418924962 0.8825434138 0.7864420155 0.8680827525 0.5617512286 0.6284983415 0.739638347 0.7663914214 0.76735489 0.7644319114 0.5807938795 0.5864872412 0.6893422245 0.6863888734 0 0 0.6920026905 0 0 0.622145604 0.6089637318 0.7862717309 0 0 0 0.6668522903 0 0.8055461982 0 0.7708092325 0 0.7802461378 0.7911349099 0.7922034201 0 0 0.8433579654 0 0 0.7906481084 0.5309268391 0 0 0.5098444483 0.6593041235 0.8226179899 0.8183927815 0
0 0.7038108915 0 0.7062869606 0.7968351574 0.710064821 0.7109726054 0 0.7630083415 0 0.5888519071 0.5905957395 0.7461575157 0.7408661749 0.5791163056 0.8719453974 0.8736141776 0.8733510302 0.882505096 0.6098388029 0 0.57836556 0.5721616149 0 0.5826647107 0.6049222436 0.6073078047 0.8511520839 0.9048817691 0.6679425326 0 0 0.6250836268 0 0 0 0 0.805367453 0.8018083956 0 0.8037365474 0.7805237961 0.6327718864 0.5194851496 0.7925809629 0.7950586603 0.7989639531 0.8088214877 0.7524648078 0 0 0 0 0.7943870269 0 0 0.5308081685 0.7632712823 0 0.8163009712 0.5478881953
0.7040768405 0.7103294254 0.7332442197 0.7956427859 0.539768145 0.6468531142 0.6980265499 0 0.6217365157 0.6167430842 0 0.5905357343 0.7202124991 0.7272005095 0.6104078263 0.7408352234 0.5180235666 0.6018771735 0.6048922976 0.5995593709 0.6064708938 0.5722220602 0.5709477711 0.5702797881 0.5080665084 0 0.8436853955 0.8969132537 0.5044432799 0.5047477036 0 0 0.8315982582 0 0 0 0 0.802047121 0.7967682359 0.570204755 0 0 0 0 0.7403629533 0.8041924722 0.793662048 0.8056494648 0.8149416385 0.8222619485 0.8066435413 0.6220800824 0.5946703401 0.8842765265 0.8578489503 0.6888893827 0.76263618 0.7534188498 0 0 0
0.8313397162 0.8022178101 0.8380908048 0.5147100129 0.6952881237 0.6930405675 0.6919176117 0.698229174 0 0.5517218221 0.5975587683 0.7453699508 0.5923000869 0.7293319187 0.6090225394 0.8139637298 0.6107523771 0.6067059933 0.5978823032 0.6004272894 0.5850625843 0.5740193145 0.5702097574 0.5793668754 0.5773380598 0.5055342757 0.5069615981 0.8987348258 0.8960202342 0.5021078685 0 0 0.8037017521 0.8427441516 0 0 0 0.7354186729 0.8047610351 0.6787699706 0.796514458 0 0 0 0.6287911751 0.7380436881 0.6665962297 0.8191250558 0 0.8229169933 0.6662812563 0.55801764 0.6198100669 0.6786040315 0.6795727112 0.6794838036 0.7569371132 0 0.8622649062 0 0
0.7365314859 0.8293773356 0.7742543652 0.7863521165 0.7831592121 0.7894747067 0.6171321813 0.6926517906 0 0 0 0.6889944262 0.5155199979 0.5194911416 0.8044535091 0.6085277828 0.6069846095 0.6014334883 0.5342240294 0.6120063487 0.5863062001 0.5797646276 0.5702524929 0.5714508442 0.6015120735 0.6018094547 0.615149988 0.8153234132 0 0.611661506 0.6201983841 0.7896136722 0.7969267658 0.5638008393 0.5657510763 0.564432294 0 0.6437672904 0.6042795752 0 0.7894098828 0 0 0 0.6548932505 0 0.7298333641 0.7840089214 0.8192429107 0.8210157832 0.6741349332 0.6199964796 0.715213297 0.8746838222 0.6747614698 0.6838102423 0.6469171397 0 0 0 0
0.8381153225 0.7695489706 0 0.7883720226 0.8623065402 0.7891879415 0.903074407 0 0 0.5096877322 0.5082858113 0.5104456369 0.5183289676 0.5299708362 0.531342898 0.5333397019 0.605719241 0.6100631794 0.5423544096 0.790459486 0.5934842498 0.5824507842 0.5884422507 0.7556841783 0.6004030676 0.609908714 0 0.8382402326 0 0.832955011 0.8379661915 0.6762806193 0.5829324236 0.751321489 0.5637186299 0.566226833 0 0 0.5261098393 0.5247116201 0 0 0.7338864247 0.8323436603 0.6551205544 0.6489590893 0 0.8260071932 0.8172786372 0.8208863798 0.502763886 0.5248671572 0.6491192939 0.6766197827 0.6775219019 0.678904119 0.6810598744 0 0 0.8544182941 0.8574824425
0.8408877157 0.8469836686 0.7725415161 0.7954386473 0.5761800029 0.9074756206 0.8990572007 0 0.8889521974 0.7088927228 0.7101836681 0.5276235882 0.5228241688 0.5252112367 0.5244562203 0.5256758072 0.6164483204 0.7866070383 0.7855008011 0.7943983996 0.5932489389 0.5950881783 0.5908514331 0.5905737607 0.5959026983 0 0.6180033548 0.8303192113 0 0.8299922438 0.8337658221 0.7459952146 0 0.7557525518 0.5729841635 0 0.519231916 0.5183993379 0 0 0 0 0 0 0.6527145411 0.5146311094 0.5154900527 0 0.8237016655 0.8255155496 0.6399980323 0.6547874747 0.6884721256 0.6792682534 0.6787812838 0.8137921432 0 0 0 0 0
0.537331902 0.7746863185 0.7761634072 0.7816820628 0.7841194104 0 0.9051064923 0.7188901022 0.7100253832 0.7170501458 0.7118424778 0.8049041542 0.5886894421 0.8960844778 0.8964770869 0.897062305 0.530570116 0.9151553564 0.9094774546 0.6179821611 0.5968864776 0.6039764407 0.5993978008 0.7064218882 0.600806113 0.6062486707 0 0.8159836371 0.829346296 0.8343138267 0.7373833607 0.7508051522 0.7546501534 0.7534271547 0.8219919233 0.8127629902 0.5260607377 0.5176281311 0.5236671293 0.5192698461 0.7545506947 0.5334847504 0 0 0.5165608399 0.5179598076 0.6866898597 0.5070198092 0.5081723711 0.5135847429 0.520578821 0.5170834439 0.68726117 0.679312809 0.5442218725 0.8141040432 0.8135436947 0.8143706615 0 0 0
0.7821939112 0.7745731005 0.7829233038 0.7460427252 0.8106306649 0.8056362835 0.7256402912 0.7160920423 0.711765258 0.7181227036 0.5567817975 0.8063881403 0 0.5822545893 0.8957510508 0.8987624104 0.9054636086 0.9148224383 0.9082662347 0.6193406 0.6117465146 0.6164784491 0.6089272015 0.8614026225 0.7125613127 0.8830673735 0.6573023647 0.837093227 0.6692408235 0.7444522426 0.7316426343 0.586009295 0.7430168096 0.8185915119 0.8268106634 0 0.5227760537 0.521639379 0 0.608160514 0 0.6072402433 0.5376277758 0 0.8740037284 0.6389900291 0.7505105718 0.5097900761 0.5068548185 0.508215694 0.5161164522 0.5237174978 0.8428802143 0.8014911039 0.8184028407 0.5429272848 0.8143527043 0.5408654811 0 0.7341467979 0.6799434119
0 0.7768175326 0.7844873447 0.798061915 0.8018988804 0.9140108674 0.9050198231 0.9091827358 0.9070003648 0.9081457454 0.91450419 0 0 0.8996979363 0.894769393 0.8973971443 0.9061924456 0.9121279545 0.9144061962 0.6182096595 0.6280866624 0.6087349258 0.610470048 0.8678151292 0.7149629426 0.8875701913 0.6146287172 0.8339819329 0.5121362624 0.7381341188 0.7366224535 0.7364364089 0.5119267557 0 0.8330625594 0.8353453993 0.7455613902 0 0 0 0.5987914187 0.5471430767 0.5434408855 0.867085103 0.519623335 0.6374569184 0.5188344209 0.5201480311 0.5051413334 0.5101037475 0.5127218038 0.5247302498 0.756318213 0.5227558235 0.5387453473 0.5337387413 0.543470614 0 0.5903589875 0.6743531913 0
0 0.8664285853 0.8733206675 0.8706903846 0.7940862886 0.9125215871 0.9049927021 0.9005693419 0.9027382671 0.9054116065 0 0 0.9254730423 0.8998272502 0.8993006645 0.8954142456 0.8984034594 0.5141203056 0.5777241261 0.9155156632 0.6770809843 0.8656823855 0.619142412 0.6984357498 0.6009847792 0.6081103574 0.6040282224 0.8267476264 0.6708152502 0.6564144066 0.7426017249 0.8871559605 0 0 0 0.7450811215 0.7479904115 0.7492938624 0.8694451697 0 0 0.5398425515 0.8383079755 0.6495203476 0.8672168963 0 0.732039652 0 0.5192653177 0.5159967142 0.5187702596 0.6271683827 0.6239564475 0 0.5221372442 0.5262325983 0.5347984771 0.5413730465 0.6407830157 0.6576361949 0
0 0.8716495022 0.86519476 0.8684349777 0.8006416027 0.9130466769 0.9033321411 0.9006651185 0.8960762516 0.8997782211 0 0 0 0.908982376 0.7360175683 0 0.9082984236 0.5229697561 0.5325949606 0.6741643857 0.7832784078 0.6360310787 0.8667001346 0.8692034328 0.6046894983 0.5992781422 0.605926498 0.6720427869 0 0 0 0.6072927634 0.7161692015 0 0.5612228774 0.5468538858 0 0 0 0 0.7669061247 0 0 0.828531813 0.8206326745 0.7269360063 0 0.7351816445 0.5250951344 0.6343359476 0.5595430059 0.630719533 0.6186518461 0.6241676073 0 0.5239348533 0.5452024251 0.538018874 0.6612705668 0.6633333508 0
0 0 0.8742263879 0 0.8764101423 0.9078951127 0.9123099316 0.8983363392 0.9015033317 0.9058449062 0 0.9210033051 0 0 0.8496071346 0.8424545903 0.5178112745 0.7309000013 0.722776333 0.7256158616 0.719514321 0.8687730454 0.8460446169 0.5955455951 0.5928121387 0.5993734437 0.6028990056 0.5865768738 0 0.6412757649 0.7504573609 0 0 0 0 0.876921841 0 0 0 0 0 0 0.8253740643 0 0.8146320935 0 0.7343246698 0.7358433474 0.8099466043 0.6268873812 0.6256729802 0.6239650027 0.6213392642 0.6165034845 0 0 0.7953358724 0.8140438807 0.5757703024 0.5781403555 0.784947423
0.5354977148 0.5106562337 0.5468083759 0.8446388718 0.5466240624 0.9094544666 0.6785315075 0.9031997562 0 0.6931091578 0.9158170417 0 0.8778942988 0.6335186329 0 0.8406288437 0.5138635769 0.7327501545 0.7260292493 0.7186624943 0.7279815844 0.8564717772 0.8526119404 0.845679522 0.5864694515 0.5996212269 0.5861790891 0.7595546087 0.5647240425 0.5574996978 0.6338979975 0 0 0.56349763 0.5008375945 0 0.5806543832 0 0 0 0.7717113674 0.7649186496 0.8161838099 0.8208614946 0.8225553654 0.8348721803 0.6063863722 0.7994440948 0.8068122598 0.8025401304 0.5256187081 0.7880320894 0.8616982016 0.8626334942 0.8588102414 0 0.8218005187 0.5797952251 0.573069957 0.5756519505 0.7529055587
0.6231210234 0.5360615129 0.5614718107 0.5546738135 0 0 0 0.5507847628 0.5855953808 0 0 0 0.8702526024 0.87507926 0 0.8438650241 0 0 0.8372387437 0.7281879641 0.7259354433 0.8079843725 0.8536800058 0.839493637 0.5884141496 0.5858942351 0.711953032 0.8833010883 0 0.634250536 0.6430532861 0.6436824578 0 0 0.5693368073 0.5776924069 0 0 0 0 0 0.7664463518 0.7680956871 0.8204014532 0.828598438 0.8341277955 0.5999762343 0.8028104625 0.7971736382 0.8012547284 0.7848687463 0.5169061794 0.7696738186 0 0.8668753238 0.8671429119 0 0 0.5749012709 0.5762976915 0
0.630624786 0.5636665054 0.8447736107 0.5550602478 0 0 0.5468982123 0.5850561044 0 0.8834073026 0 0.8761509809 0 0 0 0 0.834176454 0 0.5520668503 0.8391981616 0.8394275319 0.8636790927 0 0.5881762349 0.5874141484 0.5947902997 0.7089880966 0.8932147628 0 0.6946321983 0.6534497767 0.6501270524 0.6533512268 0 0 0 0 0 0 0 0 0 0.8397397363 0.8320029639 0.8380934131 0.6222347535 0.6037739206 0.8029917661 0.7997444906 0.792032921 0.7924928374 0.6031036179 0 0 0 0 0 0 0.5810494048 0.5817529316 0
0.5875262917 0.6455195473 0.6769566074 0 0.5422301377 0.5494895696 0 0 0 0 0 0.666993093 0.5429488867 0 0 0 0 0.6524550706 0.7586284881 0.7544997795 0.6517206793 0 0.5930575449 0.5882657873 0.5860146447 0.5812399663 0.5959007697 0.7100851918 0.5920571082 0 0.6531848237 0 0.6566623332 0.576828707 0 0 0 0 0 0 0 0 0.8366030496 0.8326030945 0.6192378716 0.6238185715 0.7161165159 0.6222867636 0.7969778239 0.7977939835 0.7870595766 0.7968146095 0 0 0 0.6650097342 0 0 0 0 0
0 0 0.6265284354 0 0 0 0 0 0 0 0 0 0.5776429972 0 0 0 0 0 0 0 0.6531304226 0.6529607982 0.5963362664 0.6059039237 0.5886267771 0.5904489395 0 0.5917427103 0 0.5537562287 0 0 0.5393840812 0.5765356809 0 0 0 0 0 0 0.6764159617 0 0 0.6174842228 0.6167469204 0.618482133 0.6203502777 0.7109633912 0 0.5954662496 0 0.605901133 0 0.8078435976 0.6255032957 0 0 0 0 0.7859046916 0
0 0 0 0 0 0 0 0 0 0 0 0.8387983918 0 0 0.8372185335 0.8308152107 0.8275569669 0 0.8333069793 0.6532783719 0.7315560338 0.6503351957 0.6000552835 0.7166366204 0.5837825097 0.5927425387 0.8736984951 0 0 0.8663921281 0 0.5490701763 0 0 0 0 0 0 0 0 0 0.5119532266 0 0.6181848678 0 0 0.6200070302 0.8898273036 0.6624334036 0 0 0.6090641131 0 0.6148001986 0.8050045331 0.8147615527 0 0 0 0 0.7372659305
0 0 0 0 0 0 0.588310906 0 0 0 0 0 0 0 0.5574580694 0.5052928562 0.8328573596 0.6382393646 0.6359491916 0.7648538068 0 0.7639788856 0.7731898146 0.6792774936 0.8892364749 0.8817904767 0.8820834208 0 0 0 0 0.8064408771 0 0 0 0 0 0 0 0 0 0 0 0.5079445723 0.8730544682 0.8723979268 0.6163573902 0.8059747933 0.6679464771 0.6634418187 0 0.6683720646 0.7997979707 0.7957211261 0.80308711 0.796717156 0 0 0 0 0
0 0 0 0 0 0 0.7001074738 0.5431529194 0 0 0 0 0 0.756470031 0 0 0.6390739742 0.6319374402 0.6340541859 0.7599811789 0.7597313358 0 0 0.5648742015 0 0 0 0 0 0 0 0 0 0 0 0 0 0 0 0.7226773858 0 0 0 0.8815235559 0.6327329509 0.627603452 0.8781386882 0.8858882094 0 0.7991252387 0.7419546982 0 0 0.80523911 0.7933889011 0.7461545249 0.7517558985 0.747092609 0 0 0
0 0 0 0 0 0.6087462258 0.8247890884 0.6556703518 0.663893461 0.6644524596 0 0 0 0 0 0 0 0.8830536451 0 0.7667117264 0 0 0 0.5584986331 0.6202607659 0 0 0 0 0 0 0 0 0 0 0 0 0 0.6702184588 0 0.8989201434 0 0 0.5178840604 0.5198769352 0.5090580227 0 0 0.7887431311 0.7959802669 0.7912069698 0 0 0 0.5554923725 0.8006204836 0.7427351314 0.7348863358 0.7352326803 0 0
0 0 0 0 0 0.6413959194 0.6644349655 0.6627700505 0.6652074453 0.8076544737 0.5256123754 0 0 0.6528815507 0 0 0.8864133344 0.511659825 0.7320385712 0.7096854657 0 0 0.8287945979 0 0 0 0 0 0 0 0 0 0 0.6141677719 0.8363294223 0.8499962803 0 0 0.6586583964 0.6990327961 0.8981799423 0.7056327109 0 0.7128979743 0.5147307931 0.7974343312 0.5996994096 0.6239997041 0.7888773937 0.7812173866 0.7824781169 0 0 0 0 0 0.6509370431 0.734338006 0 0 0
0 0 0 0 0 0.5687927741 0.6402806019 0.6411030156 0.8165150061 0 0.5295488361 0.5315891644 0.7155475493 0.664597512 0.6566991105 0 0.5452320196 0.7283527818 0 0 0.6035916597 0 0.89653788 0.5696309599 0.5678867472 0 0 0 0 0 0 0 0 0.6541148999 0.8492987225 0.8412180223 0 0.7956774412 0.8465838255 0.7075219011 0.6984651074 0.7044898149 0.7128670933 0.5226609915 0 0.5119792941 0.5207121807 0 0.7865944812 0.7863732594 0 0 0 0 0 0 0.7044178985 0.7377294779 0 0.5403568078 0
0 0 0 0 0 0 0 0 0.6018150024 0.6082207397 0.5982862333 0 0.7135412342 0.7104270968 0.6638478049 0.7188189286 0.5999808723 0 0 0.5082010327 0 0 0.6201960299 0.7376545051 0 0 0 0 0 0 0 0 0.6476023298 0.6462788176 0.6363714264 0.8574700121 0.5490534351 0.5280381914 0.8407307071 0.6988980163 0.7061519974 0.6990222712 0.5548581641 0.5436695292 0.6053772174 0.6053588179 0 0.5292511655 0.6032837818 0 0 0 0 0 0 0.8221652516 0.8246733111 0.8129546069 0.6611066821 0.5259896963 0.5288535742
0.5588320354 0.7940720394 0 0 0 0 0 0 0 0.9039342233 0.900668704 0.6327626512 0 0 0 0.5681383518 0.7256416096 0 0.7927612687 0.5036204093 0 0 0 0.8946454515 0.6614515415 0 0 0 0 0 0 0 0.7336056302 0.7279896725 0 0.5818838881 0 0.8397503937 0.835009152 0.8949035108 0 0 0 0.548435655 0.5425541932 0.6003456394 0 0 0 0 0 0 0 0.7615136436 0.8306939639 0.8295277547 0.8222314182 0.8160190578 0.8048550975 0.5205460472 0
0.8181517342 0.5687777779 0 0 0 0 0 0 0 0.8955489022 0 0.7140067054 0 0 0 0 0 0 0 0.7240920837 0 0.79331776 0.7995673146 0.6397814363 0 0 0 0 0 0.8932036109 0.8931749041 0 0 0.7297265587 0.7329195374 0.5738427352 0.5734279476 0.8676120524 0.8449386266 0.8444823967 0 0 0 0.5487653036 0.7218064771 0.5897847673 0.5823061126 0.5996805508 0 0 0 0 0 0.7580828929 0.6177557017 0 0.6096564548 0.6124392024 0.5286283317 0.8760157136 0.875811593
