landscape/hab_quality/256/simulation_000060_p027_h070_HABMAT_patch_more_500pix_modified.asc_ac_0.5_quality.asc
NCOLS 513
NROWS 513
XLLCORNER 0
YLLCORNER 0
CELLSIZE 9.980507
NODATA_VALUE NaN
[rows 36 to 71 of 513, columns 162 to 242 of 513]
0 0 0 0 0 0 0 0 0 0 0 0 0 0 0 0 0 0 0 0 0 0 0 0 0 0 0 0 0 0 0 0 0 0 0 0 0 0 0 0.61641341 0.7295997075 0 0 0 0 0 0.7505046645 0.8922664075 0 0 0 0 0 0 0 0.8803287387 0 0.5880999572 0.6013702817 0 0 0.5629933269 0 0.8153980075 0 0 0 0 0 0 0 0 0 0 0 0 0 0 0 0 0.5151497868
0 0 0 0 0 0 0 0 0 0 0 0 0 0 0 0 0 0 0 0 0 0 0 0 0 0 0 0 0 0 0 0 0 0 0 0 0 0 0 0 0.7276567554 0.7269723235 0 0 0 0 0.7543818394 0.7535763053 0.9014058068 0 0 0 0 0 0.7599986873 0.7545645032 0.8373266181 0.7881585159 0.7377335264 0.5915138883 0 0.5716085779 0 0 0 0 0 0 0 0 0 0 0 0 0 0 0 0 0 0 0.7267012992
0 0 0 0 0 0 0 0 0 0 0 0 0 0 0 0 0 0 0 0 0 0 0 0 0 0 0 0 0 0 0 0 0 0 0 0 0 0 0 0 0.7207849699 0.7272776265 0 0.714007797 0.7135386576 0 0.7224608358 0.7549062782 0.6145895274 0.757636384 0.7598431009 0.7572967572 0.7503045785 0 0 0 0.7853124798 0.7834535019 0.5987037378 0.5891229173 0.5895904981 0.5903578632 0.5952518685 0 0 0 0 0 0 0 0 0 0 0 0 0 0 0 0 0 0.7247454106
0 0 0 0 0 0 0 0 0 0 0 0 0 0 0 0 0 0 0 0 0 0 0 0 0 0 0 0 0 0 0 0 0 0 0 0 0 0 0 0.6272966058 0 0 0 0 0.7159022934 0.7259989846 0.6325621914 0.5145021087 0 0.5558650957 0.8339971434 0.7647307367 0.5791401324 0.7570665219 0.7550266248 0.564589461 0.7800316051 0.5952453683 0 0 0 0 0 0 0 0 0 0 0 0 0 0 0 0 0 0.599258814 0.9208504853 0.9128395033 0.7288201431 0.7198141198 0.7149754575
0 0 0 0 0 0 0 0 0 0 0 0 0 0 0 0 0 0 0 0 0 0 0 0 0 0 0 0 0 0 0 0 0 0 0 0 0 0 0 0 0.7175500394 0 0 0 0.7194564568 0.724857934 0.7302043445 0.5152735596 0.5058798172 0.5144794303 0 0.6301270977 0.8476523409 0.8034422296 0.7803661122 0.7649024773 0.7724390118 0.6717842326 0 0 0.5459374055 0 0 0 0 0 0 0 0 0 0 0 0.9057397208 0.9012750997 0.5983917608 0 0.9117427154 0.9070924176 0.9123147634 0.7184053169 0.7174546991
0 0 0 0 0 0 0 0 0 0 0 0 0 0 0 0 0 0 0 0 0 0 0 0 0 0 0 0 0 0 0 0 0 0 0 0 0 0 0 0.531049414 0.7289890978 0 0 0 0.7277654611 0.7225568566 0.7269167174 0.5701439961 0.5089517333 0.5077760789 0.7187742855 0 0.8891688329 0.7479925344 0.7653990821 0 0 0.5580874193 0.5530569816 0.6697457907 0 0 0 0 0 0 0 0 0 0 0 0 0.5869524473 0 0.6028779124 0.601625628 0.9078619139 0.904190142 0.9019476674 0.8988515389 0.7095205056
0 0 0 0 0 0 0 0 0 0 0 0 0 0 0 0 0 0 0 0 0 0 0 0 0 0 0 0 0 0 0 0 0 0 0 0 0 0 0 0 0 0 0 0 0 0.7254963462 0.7323266572 0.8146314753 0.5170111213 0.6069268086 0 0.8910230968 0.8946553552 0.774792609 0.7658462349 0.5646518157 0 0.5516955868 0.5565479497 0.6003548097 0.6318016806 0.618615634 0 0 0.614929931 0 0 0 0 0.8994451019 0.9058816366 0 0 0 0.7287874377 0.6018203707 0.8075711189 0.9039143341 0.8961959841 0.8945747374 0.8941073623
0 0 0 0 0 0 0 0 0 0 0 0 0 0 0 0 0 0 0 0 0 0 0 0 0 0 0 0 0 0 0 0 0 0 0 0 0 0 0 0 0 0 0 0 0.600286287 0.9160178863 0.9076421544 0.5482789741 0.5109821836 0.8465057682 0 0 0.8594133603 0 0 0 0 0.6943580487 0.5607741703 0.6331617889 0.627369495 0.6233643447 0.6173454861 0.6234547197 0.6236075858 0 0.6170852972 0.8994786803 0.8940270156 0 0.8996231143 0.9014754405 0.7410571144 0 0 0.7597153653 0.9046194302 0.9026325795 0.8926428855 0.8898688828 0.8867259736
0 0 0 0 0 0 0 0 0 0 0 0 0 0 0 0 0 0 0 0 0 0 0 0 0 0 0 0 0 0 0 0 0 0 0 0 0 0 0 0 0 0 0 0.6594258876 0 0.7940394342 0.9072706825 0.9096244513 0.5991719248 0.7461432984 0 0.8610246314 0 0 0.6834423056 0 0 0.6865595234 0 0.6298083273 0.6258298342 0 0.6196669749 0.6265241745 0.6305141184 0.6300807489 0.6256117179 0.8958579065 0 0 0 0.9042606434 0.5328287183 0.5408986592 0.8541180234 0.7486789353 0.9030733117 0.9057696436 0.8992513797 0.8892024241 0.8826573818
0 0 0 0 0 0 0 0 0 0 0 0 0 0 0 0 0 0 0 0 0 0 0 0 0 0 0 0 0 0 0 0 0 0 0 0 0 0 0 0 0 0 0 0 0 0.8960959074 0.9007691083 0.9055488362 0.9100702126 0 0.864867881 0.8530448181 0 0.8549277749 0 0.6840897322 0 0 0 0 0.6276102684 0 0.6343677935 0.6349351488 0.6324100193 0.7713656103 0.6282052254 0.6332592347 0.8589283299 0.9117726525 0.9077173567 0.9089454779 0.5317978121 0.5387371437 0.5428758095 0.5950566287 0.5974758553 0.9063190214 0.8893820784 0.8828279717 0.8852210266
0 0 0 0 0 0 0 0 0 0 0 0 0 0 0 0 0 0 0 0 0 0 0 0 0 0 0 0 0 0 0 0 0 0 0 0 0 0 0 0 0 0 0 0 0.8983688603 0.8946402693 0.9002678847 0.9041525217 0.5243978174 0.595605697 0.5250970243 0.6407211827 0 0.6821980398 0.6806678986 0 0 0 0.6317959955 0 0 0 0 0.618805458 0.6267632341 0.6187317278 0.8266557974 0.6328261465 0.5757367178 0 0.6619821995 0 0.5337700697 0.5400830463 0.5979391809 0.5992913652 0.56771272 0.8962551725 0.8962057725 0.8907250473 0.8940686667
0 0 0 0 0 0 0 0 0 0 0 0 0 0 0 0 0 0 0 0 0 0 0 0 0 0 0 0 0 0 0 0 0 0 0 0 0 0 0 0 0 0.6458402075 0 0.7010100762 0.9021902092 0.8092985859 0.9010755669 0.5442083692 0 0.5201056503 0.6940515033 0.7097640145 0.7001585168 0 0.6814838628 0.6798437591 0.6746834417 0.6806672783 0 0 0.6320158428 0 0 0 0.6173013325 0.6196017377 0.6309365826 0.6379862434 0.8006157616 0 0 0.6956535279 0.5990610167 0.5957583432 0.6214556257 0.8489812295 0.7469542872 0.5654527762 0.5460957652 0.8942304402 0.5893477365
0 0 0 0 0 0 0 0 0 0 0 0 0 0 0 0 0 0 0 0 0 0 0 0 0 0 0 0 0 0 0 0 0 0 0 0 0 0 0 0 0 0.8260203841 0.6913891462 0 0.6921973261 0.6967192773 0.5288673376 0.5256329331 0 0.5654488457 0.5665071769 0.7013642453 0.5031151117 0.6518941025 0.6813573728 0 0 0.6835531793 0 0.7732024209 0.5417343431 0.616186122 0.6160678197 0.6090466366 0 0.624915134 0 0.6175303052 0.5001118163 0.6955335381 0.5810824833 0.6859888349 0 0.6885224171 0.6741808003 0.8069484379 0.8872801652 0.5031803671 0.6420227983 0.5271074824 0.6032835572
0 0 0 0 0 0 0 0 0 0 0 0 0 0 0 0 0 0 0 0 0 0 0 0 0 0 0 0 0 0 0 0 0 0.8957946999 0 0 0 0 0 0 0.6820417161 0.6829017642 0.6865185811 0.6894442986 0.6939600984 0 0.703465423 0.5665036736 0.5224613624 0.5639200079 0.5655461673 0.5752683795 0.6561555524 0.6568477487 0.6491548559 0.6576258073 0.8751763796 0.5747232721 0.573337838 0 0.5448391794 0 0.6097282652 0.6180201546 0.6182218308 0.6341647144 0.628567686 0.587087401 0.5199655029 0.7578112552 0.6861955082 0 0.6943457283 0.6788950087 0.6665480864 0.6658043514 0.6261485742 0.8266330919 0.5206286576 0.524842584 0.7819309427
0 0 0 0 0 0 0 0 0 0 0 0 0 0 0 0 0 0 0 0 0 0 0 0 0 0 0 0 0 0 0 0 0.8872215201 0 0 0.5818558915 0.5847804733 0.8863982285 0 0 0.686707273 0.6801766363 0.6796550015 0.6854924419 0.6951331881 0 0 0.6534716339 0.5639622036 0.5728707985 0.5648004791 0.6481011035 0.6556667304 0.653066462 0.6508823865 0.8690635024 0.874605404 0.571387093 0 0.5670603994 0 0.5797910178 0.625687557 0.6215765398 0.5844326009 0.5389980703 0.6350586339 0.7068141874 0.7935498799 0.6898140417 0.728766387 0.7124504033 0.8646245705 0.644557466 0.549316413 0.636804498 0.64001171 0.6387132136 0.7232530861 0.5277156557 0.7892475575
0 0 0 0 0 0 0 0 0 0 0 0 0 0 0 0 0 0 0 0 0 0.8264203726 0 0.6966882492 0 0 0 0 0.6204345396 0 0 0 0.888900558 0.8937194861 0.8535115707 0.5849537146 0.5849182858 0.5566089582 0.6817662504 0.6849470096 0.6786488841 0.6730810395 0.6774685907 0.6787128177 0.6850084969 0.6511684449 0.6470598354 0.6451907198 0.7384175827 0.6518719309 0.8676692882 0.737565091 0.5183460366 0.6492978446 0.647916622 0.8769547433 0.8749909495 0.5712940587 0.5647436642 0.5719344575 0.6165938857 0.7078986595 0.7693048854 0.7725388781 0.7686706471 0.7774098668 0.8283379492 0.6927329491 0.8660848973 0.6055957352 0.837738159 0.6510378382 0.649049846 0 0.637804186 0.6308801567 0.6331396241 0.637438055 0.529839601 0.8770669548 0.8736281641
0 0 0 0 0 0 0 0 0 0 0 0 0 0 0 0 0 0 0 0 0 0.5758526129 0.584346152 0.6934820174 0 0.7007919843 0 0 0.6976242649 0.591029435 0 0 0.8900453623 0.8930246429 0.8961098328 0.9059208885 0.7576329635 0.6921586184 0.6818385998 0.6808922234 0 0 0.7014223413 0.684851803 0.6891897078 0.6517950469 0.6475182513 0.6422284308 0.6510116995 0.6524209717 0.6602397484 0.8319965261 0.7281971603 0.6434360612 0.674850759 0.6681483073 0.561478878 0.5699487541 0.5665925704 0.5746756885 0.6812149574 0.7686254899 0.6463342882 0.7631142721 0.7721187047 0.7763976328 0 0.6106760048 0.8979258953 0.8133233912 0.8238322375 0.7810828955 0.6417722188 0.6421162065 0 0.630821979 0.6320520817 0.6362096844 0.803129205 0.6544751189 0.8827460109
0 0 0 0 0 0 0 0 0 0 0 0 0 0 0 0 0 0.5404751578 0 0 0 0 0.5820925267 0.5571154673 0.5187001344 0 0.6949887933 0.6944071709 0.7020714094 0.5887080426 0.6619050925 0.8985647526 0.8971246199 0.8953105389 0.9014841223 0.7579853751 0.7553768919 0.6886518799 0.6848205441 0 0.6709385759 0.6789460862 0.6812647514 0.6857845117 0.730468776 0.5037634888 0.6492451728 0.6492992225 0.6479290896 0.6540089483 0.6584999215 0.5147724217 0.5126793247 0.8874055598 0.6656633834 0.6703544311 0.5667282411 0.753525104 0.7486875685 0.6464939091 0.6549344796 0.772957365 0.7657408726 0.7700139979 0.7665717034 0.7811526862 0.6151068229 0.7019848861 0.5072576838 0 0 0.6573066444 0 0.8940607555 0.6345078701 0.6377587465 0.6366409186 0.897831375 0.6454149649 0.8184387061 0.7999629037
0 0 0 0 0 0 0 0 0 0 0 0 0 0 0 0 0.6531421783 0.5363589312 0.5329237314 0.5331680879 0.5411856863 0.5284558788 0.8176037252 0.8203137119 0.6956955621 0 0.7043641191 0 0.7012996884 0.8623265797 0.870060666 0.9092594594 0.9008112305 0.896745517 0.8954549356 0.757340426 0.7484012013 0.7530808766 0.6841203124 0.6768366245 0.6797876714 0.6791875531 0.6854781692 0.6890403308 0.6906689472 0.5042898901 0.5051867978 0.5710860822 0.6588174331 0.6595242462 0.6547655961 0.5098303432 0.5139680068 0.879201017 0.882081996 0.8223046673 0.6051203474 0.8152093117 0.7566825815 0.7550774889 0.7805066756 0.772458956 0.7724786888 0.7700801643 0.7958220474 0.7759148514 0.6826836229 0.8014114635 0.5883715225 0 0 0 0.5840257809 0.5718453074 0.8544668537 0.6423049601 0.6463086372 0.6420107612 0.6482537233 0.8109377073 0.5567000234
0 0 0 0 0 0 0 0 0 0 0 0 0 0 0 0.6810745468 0.6869361581 0.8616869995 0.5353814447 0.5382335941 0.5427394049 0.8211694072 0.8136122685 0.8223203958 0.8485364681 0 0 0.6474058208 0 0.860839727 0.8601244608 0.9038512596 0.908236216 0.8238072624 0.8279423893 0.7567348447 0.7503113926 0.7479430512 0.7473920706 0.6935765078 0.6890635943 0.686682793 0.6815068973 0.6931430016 0.7247962719 0.7170724397 0.7232514005 0.5700748493 0.5712279525 0.5089580023 0.5054495761 0.508503588 0.5172350593 0.5721024429 0.5797971345 0.5751281843 0.8137288924 0.8160461379 0.8201920209 0.8529874615 0.7799594569 0.7810755945 0.7754563645 0.7807207711 0.6317410078 0.573179172 0.5905368692 0.5960729548 0.5886871815 0 0 0 0 0.7544830771 0.8443667846 0.5188970625 0.6473081101 0.6490291884 0.6435968723 0.8038758386 0.564682702
0 0 0 0 0 0 0 0 0 0 0 0 0 0.6802476201 0.68248668 0.6785342701 0.6813885898 0.681665065 0.5437996252 0.538368702 0.540973024 0.8208618238 0.827621142 0.8293572351 0.8423518105 0 0 0 0 0.56606941 0.6532587724 0.5626721051 0.9103885597 0.6914148499 0.6968555703 0 0 0.749669987 0 0.6945968556 0.6922078997 0.69022804 0.5444002675 0.72301645 0.7155783011 0.7175029826 0.5647315035 0.5623026117 0.5584598287 0.5018927894 0.5010726346 0.5053057931 0.7673641954 0.5745137288 0.5707521088 0.5768528221 0.8156266766 0.8201845601 0.8216739438 0.7069079506 0.7868291438 0.7782117313 0.7757985276 0.7140957565 0.5710153923 0.5068819886 0.5942799493 0.5880470546 0.5956381247 0 0 0 0 0.7936956012 0.7979763736 0.7969424206 0.8069418905 0.5641247279 0.5571394753 0.5576170424 0.5606217057
0 0 0 0 0 0 0 0 0 0 0 0 0 0.6825057647 0.6788972138 0.6772578775 0.6802003135 0.6835184842 0.6913034972 0.6990357543 0.6268546811 0.5497163806 0.5078344488 0.8328289093 0.6697874848 0.7644113863 0 0 0 0.5640821411 0.5609243121 0 0 0 0.562072935 0 0.7573880093 0.8384799811 0.8371430283 0.8406465093 0.6597479568 0.5489065181 0.5480543104 0.7245361076 0.7215713958 0.7241810355 0.560034461 0.5561893895 0.5644943554 0.5033571286 0.5050083483 0.5055285458 0.7761957621 0.5771793644 0.5738976942 0.575237706 0.7376149354 0.8215129602 0.5584144169 0.6759199883 0.7845566511 0.7871670002 0.7832984079 0.6568616124 0.6558790702 0.5767109709 0.5925845844 0.5919382622 0 0 0 0.7201867489 0.7903391817 0.7819438368 0.7892688874 0.7988345128 0.7994775223 0.5625203066 0.5635660882 0.5576433482 0.5656366551
0 0 0 0 0 0 0 0 0 0 0 0 0.6852266113 0 0 0 0.6789865424 0.6849326704 0.6942738259 0.7003090303 0.8570958687 0.5004731822 0.5940639368 0.8379272606 0.672383336 0.6693075732 0.6788763944 0 0 0.5607638121 0.5541933815 0.5541215249 0 0 0.8164823727 0.7929743451 0 0 0 0.8295239982 0.8348473352 0.5509233492 0.5538516233 0.5550021475 0.6488257231 0.6575042218 0.5641947302 0.5645405328 0.5613877669 0.5091197999 0.5137241176 0.514903185 0.7146011134 0.5751645545 0.5793411208 0.5462131256 0.7640485828 0.7990464995 0.8053794527 0.512133329 0.5144700372 0.5170131461 0.519468661 0.8511579049 0.8429240561 0.5212214545 0.8236627334 0.8215050709 0 0.5286482847 0 0.7941618514 0.7824945267 0.7816605925 0.7812344654 0.7877481522 0.6282321972 0.6409715077 0.6773214359 0.8353727445 0.8028878899
0 0 0 0 0 0 0 0 0 0 0 0 0 0.6841475283 0.6935357044 0.6963482784 0.6881090283 0.6846120022 0.6907935778 0.6999446392 0.643975627 0.585289064 0.6835275205 0.6895674381 0.6762530282 0.6716656601 0.6735747483 0.6814313903 0.5682231111 0.5694992679 0.551169836 0.5508840849 0.5527227309 0.8119388399 0.8207465562 0 0 0 0 0.8276834383 0.8214247526 0 0.8268560059 0 0.6190953392 0.8034558704 0.8008234266 0.7894425086 0.5672921403 0.5681604674 0.5952711475 0.5689065656 0.5646671383 0.6511367897 0.8304161625 0.8098739016 0.6859601011 0.8050250046 0.849951393 0.5168033924 0.5078493339 0.5100643438 0.7739465814 0.829501743 0.827493023 0.8227268073 0.8266515916 0.8197431697 0.654418486 0.8342353056 0.8320903227 0.6528193988 0.7827568822 0.7853053764 0.7785473224 0.7801259192 0.6206781513 0.6867898224 0.6775673235 0.6811970012 0.8122131648
0 0 0 0 0 0 0 0 0 0 0 0 0 0 0.7030461231 0.7013232394 0.7063135983 0 0.8135813772 0.8357111986 0.5807410442 0.5910878529 0.709009683 0.6845840104 0.6810817404 0.6747655402 0.6786610142 0.6790530698 0.5728549715 0.5698745056 0.5511900798 0.5515534697 0 0.5587926032 0.8160221735 0.8373932427 0.8209080296 0.8160590223 0 0.8178953645 0.8251262028 0.8229818894 0.8012942713 0.7400312469 0.8024741449 0.7988582841 0.8025689847 0.5708306141 0.5747598458 0.5673053335 0.6733075019 0.6730031184 0.6755049767 0.5682554635 0.7074570117 0.7929470512 0.8710343971 0.6314680968 0.6215894658 0.5172928806 0.6489621139 0.5121509387 0.5112711338 0.8372656205 0.8273164976 0.8232721783 0.8172965721 0.8233105629 0.7372469654 0.8289686946 0.8880443565 0.8827110796 0.8871070213 0.788433484 0.7866657607 0.7854110554 0.8089757756 0.6017417741 0.8504169244 0.6872444822 0.8218694765
0 0 0 0 0 0 0 0 0 0 0 0 0 0 0 0 0.7101483673 0.7119954859 0 0 0 0.6255777223 0 0.7125674347 0.8686682943 0.6817923604 0.685352134 0.6865745329 0 0 0.6814827792 0 0 0.8129807935 0 0 0.7187109798 0.8155918153 0.809801839 0.8136754258 0.8215871453 0.8273208913 0.7908589236 0.7927081361 0.7917603421 0.80153651 0.8081886913 0.8015256844 0.8000454009 0.8089593559 0.6455370024 0.671765483 0.6760830761 0.8842814509 0.875474038 0.8732047842 0.8672332867 0.8680779492 0.8050989092 0.573725653 0.6528276436 0.7673858848 0.7644010706 0.7619225332 0.8237359006 0.8200164718 0.8212971564 0.8236376179 0.7375960648 0.7361678677 0.8836869977 0.8799219209 0.8796894726 0.8781064484 0.5410172239 0.5496441229 0.8118047793 0.8082390384 0.8134928152 0.810524247 0.5183897948
0 0 0 0 0 0 0 0 0 0 0 0 0 0 0 0 0.7161014536 0 0 0 0 0.5730223819 0 0.8111684619 0.7531669561 0 0.5234840117 0.6805009657 0.6707679148 0.6732091404 0 0.5275999572 0 0 0 0.7126254906 0.5051010228 0.8169191072 0.8118626322 0.8179212899 0.8220624221 0.7851511114 0.7831166144 0.7851646161 0 0.6179236903 0.7100599775 0.5308451199 0.8010494815 0.79972063 0.7779397484 0.8637636482 0.6468355005 0.8744256372 0.8664644299 0.869470457 0.8615837 0.6473800788 0.5756076804 0.8583222848 0.8356521967 0.7635850433 0.7583060416 0.758600485 0.7672369983 0.7689599969 0.749497543 0.7454394104 0.8799370004 0.8847715166 0.8769026601 0.8737310497 0.8772471627 0.8777593285 0.6036917622 0.603235059 0.8130741004 0.8140449654 0.8075809414 0.8086786025 0.6469003761
0 0 0 0 0 0 0 0 0 0 0 0 0 0 0 0 0 0 0 0 0 0 0 0 0.8158673094 0 0.8029512998 0.6795334204 0.6795859952 0.6778453649 0 0.8461394864 0 0 0 0.7126409393 0.7188155366 0.7254565814 0.826452667 0.5202910498 0.792281964 0.7841840198 0.7818888521 0.7820053218 0.785962018 0.7990459313 0.6767722339 0.8120173029 0.8021675067 0.8035750807 0.8049259186 0.8579222683 0.8678521609 0.8741310424 0.8693566704 0.8602588421 0.7859382853 0.8691395351 0.6434612073 0.6260308485 0.8659334919 0.5697138963 0.7606620894 0.759648003 0.8808152474 0.8787251707 0.8710814313 0.8719044484 0.870748616 0.8755840271 0.8722201795 0.8820018867 0.8803028765 0.8864352363 0.5990185596 0.6011125324 0.8107876246 0.8046692344 0.8120114156 0.8174459703 0.6657365162
0 0 0 0 0 0 0 0 0 0 0 0 0 0 0 0 0 0 0 0 0 0 0 0 0.8703319417 0 0.8069052046 0.813695354 0.803626325 0.5116867405 0 0 0 0.6216317632 0 0.6297819988 0 0.757914217 0 0.718101687 0.8052234967 0.7892435098 0.7903491472 0.7909730251 0.8021185965 0.8175869909 0.7256131018 0.8119222824 0.808102519 0.8100910073 0.8100239993 0.861061556 0.5361115659 0.8657141446 0.8648630559 0.748693382 0.8681494593 0.7467237342 0.7905567361 0.8351778031 0.8279220965 0.8264536131 0.8982653838 0.8913344568 0.8831053864 0.8766738506 0.8715184563 0.8698968862 0.8673704746 0.8674453534 0.871476646 0.8746887425 0.8848925839 0.538712132 0 0.5399506176 0.8061346601 0.8132654365 0.8094579724 0.5948047367 0.667071493
0 0 0 0 0 0 0 0 0 0 0 0 0 0 0 0 0 0 0 0 0 0 0 0 0.5403523002 0 0.8041158221 0 0.5179891523 0.5175921023 0.7374686445 0.6233925867 0.618190633 0.6160668072 0.6130729811 0.8095691114 0.6356490807 0.7154698017 0.712126788 0.7150856557 0.7056379555 0.7974038927 0.7961937673 0.7988504819 0.8081721655 0.8110426044 0.7327910608 0.8815485325 0.8371652898 0.5955488366 0.5081772386 0.7099722533 0.6491369665 0.8703333482 0.6546446971 0.8712660625 0.6957188455 0.6291438282 0.6220550971 0.8616272987 0.8262885817 0.8337628556 0.6948187575 0.8899458519 0.8831176446 0.876710072 0.8714672133 0.8675748508 0.8649426723 0.8693600238 0.8714893257 0 0.5336927224 0.5355540336 0.537066326 0.542531029 0.658075181 0.669181348 0.6467946449 0.6460089557 0.6703494894
0 0 0 0 0 0 0 0 0 0 0 0 0 0 0 0 0 0 0.6197724116 0 0.7901010534 0 0.7916575801 0 0.5907042283 0 0 0.5004382201 0.6119054442 0.8935076871 0.5370462394 0.6201557418 0.6250975917 0.6171509546 0.8093266275 0.8135764316 0.8953584273 0.7156832854 0 0.7053911425 0.7056927082 0.7055494001 0.8075597853 0.8033606462 0.8023362412 0 0.7276267411 0.5936252188 0.5888489894 0.5939118015 0.5004441348 0.5187900412 0.8309796138 0.8724912882 0.8699215951 0.800120061 0.6200375501 0.6195620255 0.7104100755 0.6109334816 0.8357304323 0.8276010521 0.6990526444 0.6930607314 0.8850900303 0.88003951 0.8689510802 0.868838437 0.8728451625 0.8649712773 0.5122940832 0.5228312292 0.5298315933 0.5274303514 0.5324791967 0.5404139266 0.6678579673 0.8656087101 0.8922856539 0.8872890057 0.8929579942
0 0 0 0 0 0 0 0 0 0 0 0 0 0 0 0 0 0 0.6695369929 0.8114352687 0.8211278395 0 0.8554853983 0.8588715189 0 0 0.7094036483 0 0.7531643954 0.901395655 0.8517712198 0.8559776266 0.8553272648 0.6175674995 0.8184007438 0.5366815198 0.7976023888 0 0 0 0.6984067119 0.7008736345 0.7160276229 0 0.7125608692 0 0.7190106505 0 0.5906071805 0.5896309051 0.5099449379 0 0.8704446784 0.8672296686 0.8707408274 0.7800758765 0.6277217693 0.6288171383 0.7088934464 0.8720513855 0.6733865608 0.8187844996 0.699605757 0.7821230517 0.8827199541 0.8766125276 0.875566795 0.8749031339 0.5116168761 0.5050951422 0.513501811 0.5188929973 0.5223480322 0.5279440937 0.5361617789 0.537543637 0.8920157379 0.8942787129 0.890340599 0.8840624809 0.880604056
0 0 0 0 0 0 0 0 0 0 0 0 0 0 0 0 0.8263216389 0.6744151753 0.6670885812 0.7510770026 0.8593842549 0.8568953732 0.8553293966 0.6319011416 0 0.6316525859 0.6401019412 0.8319306648 0.6482536629 0.850866801 0.857459505 0.8486726673 0.7182463967 0.7356492178 0.7466926024 0.7086344572 0.8801171286 0.7065820869 0.7040818327 0.6997786039 0.6968066609 0.7002886216 0 0 0 0 0.7231474749 0 0 0 0 0.6666808229 0 0.8694322734 0 0.6445037415 0.6511590766 0.6520575046 0.6475111276 0.8639072079 0.6743858672 0.6684844797 0.7809936463 0.7807048366 0.8827942977 0.8784194279 0.5279033728 0.5182236803 0.5064792763 0.5114970718 0.5104539286 0.5168728428 0.5184162063 0.5287574731 0.5327195114 0.5368568413 0.8960744315 0.8887492686 0.8847054758 0.8797109312 0.8803681195
0 0 0 0 0 0 0 0 0 0 0 0 0 0 0 0 0 0 0.5320028918 0.6694149908 0 0 0.8724139223 0 0 0 0 0.8153653635 0.8228579366 0.6672952786 0.8477845773 0.6299567931 0.733971123 0.7992596021 0.7465138582 0.7895993024 0.7137879612 0.7074242327 0.7057041201 0.7054227617 0.7024498738 0.6980098622 0.699552627 0.7075433386 0.7175370507 0 0.7081219253 0.7236460761 0.7232469365 0.7325892548 0.7353636923 0 0 0.8175189957 0 0.6423297124 0.6517422383 0.6454652511 0.6560913638 0.6490601947 0.6734341585 0.5913449985 0.7761114567 0.7751774905 0.7832300397 0.5144198906 0.5276117336 0.5151978917 0.5093169352 0.5154229364 0.5265799714 0.5173042893 0.5191668278 0.6067560968 0.6021984761 0.5781371257 0.8971031852 0.8897889496 0.8794840217 0.8801224316 0.8751461322
0 0 0 0 0 0 0 0 0 0 0 0 0 0 0 0 0 0 0 0 0 0 0 0 0 0 0.6399871237 0.81487652 0 0.6046480701 0.8947795328 0.8149641785 0.8953583863 0.8542099137 0.7764868623 0.814867318 0.5297776491 0.6828540917 0.7094514613 0.7117077478 0.6997761899 0.7012333798 0.7031673714 0.7085640664 0.7163041445 0 0 0.5398843507 0.7290516208 0.7314916235 0.7728425331 0 0.64656415 0.6461414977 0.6507502524 0.6473517225 0.642324741 0.6461499765 0.6516372795 0.8404506224 0.658744156 0.8353975606 0.8445818026 0.7790837619 0.7761186343 0.7009497961 0.5184139386 0.5180785573 0.525188496 0.5176491503 0.5213611902 0.5230333583 0.5231658417 0.6081468928 0.6019246663 0.6027792029 0.6117384141 0.5486157149 0.8737545435 0.8699746164 0.8716059538
0 0 0 0 0 0 0 0 0 0 0 0 0 0 0 0 0 0 0 0 0 0 0 0 0 0 0.7175885946 0.7258116605 0.7291134239 0.7408382928 0.5446813454 0.6866821821 0 0.6335921948 0.7144119512 0.5146437995 0.5264417359 0 0.71927426 0.7125672445 0.7035606776 0.7085737053 0.7107700512 0.7099900703 0 0 0.5329348788 0.5422895416 0 0.5594329294 0.6503648739 0 0.6448571708 0.6479507395 0.8470254262 0.6482623422 0.6463248877 0.6503165454 0.6502295128 0.8587926863 0.8354876669 0.8326017858 0.834425209 0.8382458404 0.8467675948 0.8478233725 0.8585691067 0.6389826465 0.5216481683 0.5296482698 0.5214019954 0.7841238421 0.7785988244 0.6031717614 0.611180351 0.6041890987 0.7612592416 0.7664242463 0.8748967484 0.8699287052 0.7748608178
