landscape/hab_quality/256/simulation_000006_p065_h030_HABMAT_patch_more_500pix_modified.asc_ac_0.5_quality.asc
NCOLS 513
NROWS 513
XLLCORNER 0
YLLCORNER 0
CELLSIZE 9.980507
NODATA_VALUE NaN
[rows 279 to 309 of 513, columns 70 to 139 of 513]
0.8807965764 0.561013463 0.6587299642 0.8188757485 0.5224543975 0.5235961235 0.5264583585 0.530818903 0.5306462183 0.5404296986 0.8065882925 0.8055559304 0.5175955086 0.8183141736 0 0 0 0.8312285819 0.8341195985 0.6258675248 0 0 0.8748700044 0.8687363525 0.873949564 0.8686673172 0.8748697157 0.640257181 0.8578346205 0.889093947 0.8920551951 0.7811164728 0.6879814892 0.6790573268 0.7604012217 0.7283896306 0.6871428241 0.8266123459 0.8311321044 0.8267059396 0.5137614728 0.6320001946 0.599029545 0.8684705513 0 0 0.8825371769 0.6827531673 0 0 0 0.5739673174 0 0.5725269288 0.5689646964 0 0 0.5662310913 0.5712013072 0.5644683832 0.6166738783 0.6140303909 0.6209783019 0.7536316855 0.7515859386 0.755397934 0.7587355104 0.6201431491 0.5533414249 0.6617044669
0.8906245869 0.8800326856 0.5519675583 0.5459686927 0.5335413291 0.5289029612 0.5301557654 0.529983132 0.5310506248 0.5404971224 0.7334557003 0.7293108194 0.7295478187 0.8204619084 0 0 0 0.8225445663 0.8347847733 0 0 0.6303937648 0.6351818289 0.6408353784 0.8742006335 0.538930281 0.5980704393 0.5260978727 0.5301152415 0.6060472201 0.8829035937 0.5492299907 0.7730489356 0.7724922035 0.6691822953 0.6708488858 0.6647302238 0.7902647936 0 0.645780038 0.8211941813 0.6360720879 0.7832530232 0.7923640506 0.7916189232 0 0 0 0 0.6843206655 0.5742432198 0.5809372599 0 0 0 0 0.8303458829 0.836236692 0.6162303135 0.6123567972 0.6143333192 0 0.6134946884 0.6202465669 0.6317074177 0.759818921 0.7407344485 0.6581553124 0.6618971915 0.653050203
0.8842337867 0 0 0.7087521434 0.800294328 0.7387125337 0.7427566017 0.5368440635 0.5350296997 0.5393697843 0.7251967217 0.7243576447 0.8392032999 0.8278184979 0.8239740778 0.8233025009 0 0 0.7765243168 0.7337578802 0 0 0 0.6381322364 0.5291033138 0.5254670583 0.5222564333 0.5213661863 0.5231334946 0.5370591726 0.5475176591 0.5441222414 0.5463955257 0.6627799209 0.6597868095 0.6636761932 0.6710931431 0 0 0.6457639857 0 0.6261960649 0 0 0 0 0 0 0 0 0.5719720019 0.6955205582 0.8354895203 0 0.8439426568 0 0.5270894665 0.5210803271 0.8346805817 0.6086864179 0.6069595551 0.6154329727 0.6180438261 0.6219611143 0.6319031244 0.5546237707 0.7465073559 0.6513311063 0.6520408436 0.6478745474
0.8548496504 0 0 0 0.6286461331 0.7412328219 0.7367546378 0.544275531 0.5409269784 0.5447017511 0.7308977524 0.7257005932 0.7265262621 0.507740496 0.8286564181 0.5795869369 0.5814316377 0.5761457915 0.5792232773 0.5861393179 0.515129708 0.7865906718 0.8766202122 0.8673599719 0.5234336888 0.5227393401 0.5216506132 0.5292707357 0.5282396123 0.5377847042 0.5401610218 0.54140296 0 0.6557068498 0.654764416 0.6643906486 0.673079709 0.5714910981 0 0 0.6474824831 0 0 0 0 0 0 0.6985554408 0.6950559013 0.8911990999 0.5907906305 0.8587009126 0.8493238684 0.8494971476 0 0 0.521551474 0.5178822659 0.5200441301 0.6154925316 0.6086581577 0.6095062225 0.6202991947 0.6184949959 0.6252922325 0.6352131167 0.6411839532 0.6374934132 0.6439417169 0.6429786207
0 0 0 0.8146347957 0.8122578268 0.7312941422 0.7440871021 0.8224970545 0.7764930837 0.7361811218 0.7391097632 0.729845582 0.5850047053 0.8166298516 0.7141814592 0.5837054368 0.5751667414 0.5717787886 0.5763312636 0.5807672034 0.5840219593 0.8777282182 0.7745069726 0.8728116675 0.5311217695 0.5252579441 0.5273791831 0.5260636139 0.6514743027 0.5319313748 0.5343063646 0.5404991676 0 0 0.6572553381 0.6641542009 0 0.8353889434 0.8287772941 0.8380738632 0.8338856102 0 0 0 0 0 0 0.5447464649 0.5550190252 0.8696238814 0 0 0 0 0 0 0 0.5232613672 0.8751922238 0.8244331883 0.8183289771 0.8280629894 0.6079504426 0.7521275826 0.6377470694 0.6566146626 0.6380579945 0.6338725897 0.6312531361 0.6393644372
0 0 0 0.8221701522 0.6774809736 0.5643069729 0.7277581995 0.6829524464 0.6043090154 0 0.7428590618 0.8032238075 0.7965374949 0.7974249886 0.5327751473 0.5785815257 0.5781552044 0.5798645924 0.5768067732 0.5833695371 0.5856932471 0.5385410243 0.8868317857 0.880098894 0.8812113689 0.7786999006 0.8828185909 0.6633260345 0.5336186414 0.5376357308 0.5337854204 0.5407055525 0.7077663505 0 0.5015444273 0.5003181476 0.838391168 0.8343925626 0.8285240707 0.8320798191 0.8965420483 0 0 0 0 0 0 0 0 0 0 0 0 0 0 0 0.5328096127 0.5299824058 0.6988682746 0.8190110017 0.7695220518 0.7642564195 0.6790148909 0.7894913106 0.7856540106 0.635145177 0.6366926107 0.6253618589 0.6327682508 0.6299355988
0.7264485391 0 0.8312458691 0.680331291 0.5597367855 0.7239287483 0.5668209746 0.7299210206 0.8171080527 0.7429614369 0.7449073129 0.7443070539 0.7987802667 0.7076241342 0.7133580705 0.5786215111 0.5915765772 0.582215576 0.5787383212 0.5840498455 0.58548559 0.7753758035 0.7730115692 0.8782385051 0.8831580887 0.8800912416 0.8788510468 0.8741645257 0.5669849379 0.8554674546 0.8406019163 0.5423087325 0.5489742354 0.6861823663 0 0.736865068 0 0.7766504901 0.7356351553 0.7354538852 0 0 0 0 0 0 0 0 0 0 0 0 0 0 0 0 0 0 0.5753179677 0.6797760148 0.5144477029 0.51295211 0.8138857836 0.7839247226 0.7815991277 0.6381604103 0.628771812 0.6306054247 0.624837304 0.6259142818
0.7204417876 0.7186854815 0.7137715404 0.7088069787 0.702539828 0.607394873 0.7281889261 0.7788743738 0.8368476186 0.8388009474 0.828270597 0.832477918 0.5751412106 0.8039698119 0.6951941372 0.6922155864 0.5834979864 0.5907423009 0.5881841324 0.5810502239 0.554637434 0.7674359707 0.7705738714 0.6059485189 0.8735115891 0.8783507269 0.8730994054 0.8733440046 0.8835640587 0.8588501668 0.8566085885 0.6458636132 0.6506699562 0.738023527 0.7366038758 0.7367926936 0.7321516718 0.725909048 0.7304123915 0.7273956057 0.730608172 0.6232767401 0.7348949503 0.7409346694 0.873512908 0 0 0 0 0 0 0 0 0 0 0 0 0 0 0.5797656521 0.6440827303 0.8678485585 0.6461961734 0.7819528307 0.7854937215 0 0.6321053913 0.6259255612 0.6285966669 0.631921269
0.7740814283 0.7183429007 0.7133666106 0.6783951319 0.7026176814 0.6969728002 0.5776408562 0.5784745352 0.8435138521 0.8347053067 0.8299300761 0.8255517179 0.8166335149 0.8219174989 0.7007622938 0.8495226645 0.8453079429 0.5956182679 0 0.5883187095 0.771637928 0.7758404024 0.6639487644 0.8839699354 0.8768409033 0.871310357 0.8696460189 0.8781961214 0.8782214738 0.837904197 0.8336179204 0.5360820206 0.743522918 0.7436836098 0.7365428347 0.7394496573 0.7252156302 0.7227180695 0.7236469831 0.7319791706 0.7312560278 0.7325968649 0.6292932095 0.7359307781 0.5811371813 0 0.6129689216 0 0 0 0 0 0 0 0 0 0 0 0 0.5729375382 0.8567568663 0.6131499793 0.6962417625 0.7864327598 0.793919778 0.632464331 0 0 0.6315286217 0.6309435158
0.5418673438 0.7209843132 0.7224093325 0 0.7016096631 0.5692199155 0.5763465148 0.5855434643 0.8379467735 0.8351469569 0.833993455 0.8312104642 0.5701539119 0.7767186338 0.6911767289 0.843658564 0.6284590865 0.6874857756 0.590378219 0.5978450018 0.5932289991 0.5691330044 0.5447635173 0.8849727916 0.8741736267 0.8750271186 0.8764720764 0.8784712234 0.8788833634 0.8293105634 0.829549536 0.865636267 0.7444215989 0.7400687957 0.7382197369 0.7344516736 0.7324469057 0.7286034378 0.7284497158 0.7325922962 0.741876578 0 0.5529126057 0.5206399701 0.5213051476 0 0.6112232515 0.6030803236 0 0 0 0 0 0 0 0 0 0 0 0 0.6730729997 0.8318781403 0.7294644062 0 0.5671425812 0.6371864504 0.6294799696 0.6345616763 0.6820021524 0.6786915722
0.7012687415 0.7218180527 0.5899225323 0.7208476777 0 0.5729845274 0.5743458162 0.586123075 0.6413014534 0.8355175068 0.5884112253 0.7845992802 0.6069208792 0.7770284975 0.7673464706 0.6895823924 0.6864608691 0.6924547463 0.5649713687 0.8976456749 0.5950670365 0.7937486054 0.8695616357 0.6887002983 0.6931078118 0.5649764117 0.6585479424 0.6909609667 0.8300726881 0.8329733666 0.8312315194 0.6506264895 0.7442703759 0.7454090126 0.7396734948 0.7324560691 0.7395382986 0.7409323366 0.7346266673 0.7335566661 0.7479047066 0.7045746827 0.5385779015 0.5166391538 0.5204013814 0.5619514081 0.6099518889 0.6115244994 0 0 0 0 0 0 0 0 0 0 0 0.5356113093 0.8289786878 0.8305231863 0 0.8775190598 0.8946221931 0.888015692 0.8905295034 0.8862726961 0 0
0.6965550907 0.5984416255 0.8158384729 0.520885179 0.5827205021 0.5766582331 0.5798613777 0.6317018841 0.6491557979 0.6473461826 0.5812598007 0.6134463646 0.7471984971 0.8761561765 0.6864671156 0.6800718217 0.6798718146 0.644406941 0.7820627114 0.5748166142 0.8410408001 0.5295395061 0.5926778533 0.6935979743 0.6897017517 0.6294281834 0.6283295085 0.6323172134 0.6106139067 0.6049201083 0.6340957805 0.6247535538 0.6270980721 0.743337438 0.7393576469 0.7409010356 0.7359157454 0.6117290519 0.5328438264 0.7090363281 0.7010881977 0.7620450691 0.7031362779 0.5161029006 0.5119280505 0.5146048405 0 0.7488332868 0 0 0 0 0 0 0 0 0 0 0 0 0.8346690932 0.825894476 0.8290138878 0.8657294272 0.8901885838 0.8895641995 0.8821684178 0.8870295195 0.8709283754 0
0.6961728865 0.698383453 0.797071111 0.5689550132 0.6255478945 0.6164930059 0.6209477159 0.9055679356 0.90430306 0.9019794514 0.8995308592 0.6966620847 0.6938915074 0.6844896986 0.6810666657 0.6780319502 0.6859550388 0.6933961969 0.752811361 0.7529830192 0.8014033859 0.7979897658 0.6555982818 0.7112134313 0.5970609572 0.746147836 0.8724468785 0.8022963965 0.5212031064 0.6134099848 0.8117369573 0.5683583522 0.622352871 0.7450552645 0.7480911492 0.7447597464 0.5439022855 0.5469951431 0 0.8575780585 0.7024971032 0.6955380953 0.6968186972 0.5101741819 0.6087541439 0.6083716742 0.7489728252 0.7480285339 0 0 0 0 0 0 0 0 0 0 0 0 0 0 0.8320331547 0.684025 0.6831370664 0.8844144019 0.8860818753 0.8874049475 0.8632908685 0
0.6912067037 0.7902237234 0.7967325267 0.574877661 0.5449269273 0.6159730465 0.6214871732 0.8988752235 0.8966725914 0.8949968224 0.8896398539 0.6961692047 0.6935411799 0.6881790082 0.6821419801 0.6803445175 0.6818316063 0.6506266949 0 0.8755866635 0.8778395997 0.8782070468 0.6103068949 0.6129343285 0 0 0.7179250747 0.7170700704 0.5880996829 0.7055712728 0.7071374956 0.7034652828 0.7136727891 0.8931958538 0.5365906844 0.7530267654 0.623006655 0.6216238286 0.8397744823 0.7090595839 0.6998467206 0.8298152004 0.7050282991 0.6083101386 0.6051556706 0.77786266 0 0.7420395826 0 0.5344841933 0.7424233293 0.7415005036 0.7419578834 0 0 0 0 0 0 0 0 0.8422523902 0.8379986111 0.8002574861 0.8926790637 0.9016134583 0.5772102488 0.8638408614 0.8652722184 0.8708839838
0.6941770527 0.7904518829 0.7887760026 0.5704333206 0.5707460438 0.5636736369 0.6218567113 0.8924651121 0.8984255577 0.8884979889 0.8886616211 0.8885147991 0.6974231679 0.8828237169 0.6432496789 0.7542216897 0.7462723145 0.7472330544 0 0 0.872560903 0.8763013386 0 0 0 0 0 0 0.7165296864 0.7063554696 0.7011284977 0.7049003182 0.7130960582 0.7205568985 0.5409669465 0.5769523847 0.886526465 0.6333062355 0.7496579129 0.5442180784 0.8601703721 0.7077495633 0.711727643 0.6062044572 0.6113251779 0 0 0 0 0 0.7363136042 0.7382314465 0 0 0.6015582868 0 0 0 0 0.6030901297 0.5989392147 0.5879291883 0.5887805099 0 0.5760491747 0.5768731183 0.5841576411 0.5871381089 0.7815790213 0.876568233
0.693848578 0.7947213903 0.5684690278 0.5702665328 0.5613052003 0.5697760152 0.7727231481 0.8916745955 0.8891698409 0.884032396 0.8835595906 0.8804063271 0.8771223529 0.7213842734 0.7238741334 0.7499126137 0.7473660188 0.7438631524 0.7514836882 0.5062134962 0.781492863 0.8730020598 0.7652592193 0.5386228537 0.7529487185 0.5910070089 0.5908095326 0.7348038928 0.8846777069 0.7072951649 0.7038981567 0.7062490208 0.7129918734 0.7192988372 0.7212024567 0.887769752 0.823703997 0.825243849 0.7749903648 0.7719541645 0.5209725454 0.7107301429 0.8756949809 0.8725212508 0.6598420875 0 0 0 0 0 0.7323325215 0.7355109622 0.7409416121 0.7411902703 0.5999487932 0.5661612375 0.588329208 0.6047231491 0 0 0.5963679317 0.5702886145 0.5839452391 0 0.5746297864 0.5805828104 0.5804862993 0.7485508849 0.8563049565 0.8928852767
0.6946681822 0.6252866439 0.5671211855 0.5664874224 0.5708804157 0.5653529915 0.7698974728 0.7658826264 0.7652201506 0.8879089717 0.7730979839 0.7744446889 0.887113474 0.8867693085 0.5646477742 0.7467210778 0.742453166 0.7448463906 0.7441138493 0.6215175211 0.5141249095 0.6686748177 0.6614980458 0.6005769237 0.6497741674 0.7028182605 0.8283177107 0.8785517955 0.5102090056 0.6734292166 0.7084023477 0.7084332276 0.71397156 0.7126646688 0.7122734841 0.7155322568 0.5802412472 0.8283918492 0.7761656915 0.5506970256 0.5149696079 0.6614139431 0.67159639 0 0 0 0 0 0 0 0.7290058321 0.7267830185 0.7421352338 0.8007056441 0 0.5889241447 0.5763421657 0 0 0 0.5923338246 0.5861503859 0.5776776688 0.5765995145 0.5797498135 0.57478569 0.5772405549 0.5815808166 0.5864185155 0.529224596
0.6002561174 0.5942602352 0.5676642102 0.5759691563 0.570321975 0.5646804586 0.5633081083 0.7708357516 0.7606464279 0.8843849874 0.7646303384 0.771661462 0.8933460008 0.8908085771 0.896173956 0.7514854681 0.7484983233 0.7511966421 0.6858436029 0.8439157026 0.8883327154 0.5668483745 0.7561609564 0.5613184559 0.67991585 0.7953631039 0.5047752835 0 0.7539695215 0.5592748902 0.5621859275 0.5644899842 0.7109755049 0.7105345464 0.7186145461 0.7177767392 0.7846943258 0.6026763881 0.8555718864 0.8496478308 0.5521764127 0.5122481619 0.6793846337 0.671045701 0.6717890991 0 0 0.74269273 0.7304658814 0.7281657997 0 0.731514849 0.8885594754 0.8057098799 0.5545907635 0.8781186133 0.5752301569 0 0.588617403 0 0.5914043111 0.5924360486 0.5824289554 0.5776706889 0.5858271681 0.5813293953 0.5819552403 0.5397495406 0.58707889 0.8733198783
0.6014535067 0.5900293192 0.5846557382 0.5840892785 0.5604382566 0.5610554994 0.5677112987 0.7710611457 0.7656489741 0.759598367 0.7613317199 0.7662939353 0.8113595098 0.8104024976 0.8939225947 0.7029788583 0.7090343571 0.7108150556 0.6909978531 0.6826418189 0 0.5634552402 0.5606694901 0.7827897971 0.7857286994 0.8315813189 0.8813916111 0.8339935357 0.7610615283 0.6349483058 0.8082042378 0.8415677578 0.7152746413 0.7112111624 0.7109709565 0.6467041237 0.6454579419 0.8458615152 0.8404472297 0.849552436 0.6948514517 0.6937494299 0.6751393771 0.6351682778 0 0.7517853426 0.7481893616 0.7437213655 0.7358356934 0 0 0 0 0.8859168807 0.8867266206 0.7413942459 0.5801278902 0.576802638 0.5694424444 0.5945047406 0.5939373325 0.8129425211 0.5838532449 0.5808067913 0.5836857507 0.5866156577 0.7549040193 0.5915398915 0 0.8756331873
0.6866711044 0.5925693697 0.5922829802 0.5633824593 0.5640454632 0.5660172344 0.5615360751 0.7713461911 0.7673024028 0.7667758958 0.7637573545 0.8153307956 0.8063939219 0.5728312543 0.5161891689 0.7933728942 0.7022321518 0.711634002 0.7319458467 0.7338208554 0.7283733672 0.5668063392 0.5325281102 0.6641276831 0.7635490787 0.6610658026 0.8268321748 0.8309555142 0.8957897517 0.8643807035 0.8435952067 0.8378489154 0.8456924574 0.6564320438 0.6506219646 0.6423136654 0.6428704664 0.834414018 0.8397340287 0.8390809603 0.6897458218 0.6994930015 0.6375706706 0.6197200211 0.6100918599 0.7548663641 0.7457713161 0 0 0 0 0 0.882305925 0.8896344991 0.5825828931 0.5791037937 0 0.5717950605 0.5714042727 0.5053018708 0.6365676973 0.8147961971 0.8053420158 0.7797370813 0.5826374949 0.5829973608 0.8686571879 0.8884065466 0.8804526469 0.8710370012
0.6854944387 0.6947055299 0.5907536363 0.8002148502 0.5756633632 0.7423959014 0.5740980598 0.7744020872 0.8895979953 0.8801785457 0.885898909 0.5293698351 0.8074544618 0.6400521326 0.5408324948 0.7074894818 0.6755030511 0.7346163618 0.725557086 0.7238524574 0.726068056 0 0.6892242276 0.6631038995 0.6574769958 0.659525022 0.8251800423 0.8326736514 0.8303828176 0.8311950723 0.7554565435 0.5847910983 0.6162942896 0.7031195972 0.6480336126 0.6486856867 0 0.8393724505 0 0.8404841343 0.7197316111 0.6945992776 0.5029872117 0.8710702076 0 0 0 0 0 0 0 0 0.880192363 0.6563387566 0.5781046364 0.5737716241 0 0.6444464577 0.545070132 0.5467742968 0 0.6867664753 0.8611341339 0.582642181 0.5836817032 0.5892686161 0.8132013505 0.8785003305 0.8769252656 0.8549612233
0.6859155644 0.8919647795 0.8074320593 0.8032457717 0.8992507486 0.8969686104 0.9002357717 0.890743826 0.8820275891 0.8844700008 0 0.8808054065 0.802390652 0.5182769239 0.817198509 0.6526794171 0.6529598297 0.6528072704 0.7248166224 0.7334508308 0.7291384965 0.5348377704 0.5388305874 0.6596970218 0.6595631143 0.7835966901 0.8278676883 0.8251551538 0.8305505378 0.6293735804 0.6305669555 0.582777791 0.8041084855 0.5683621691 0.7166381879 0.712964007 0 0.8338169715 0.8374638302 0.8337288326 0.523932516 0 0.5218399008 0 0 0 0.701592626 0 0 0 0 0 0.6600180431 0.666046298 0.5769748398 0 0.7933274455 0.7119638022 0.5491484278 0.5418926521 0.5480160933 0.5792651838 0.7750801441 0.846700907 0.8341281597 0.8613286644 0.6888833999 0.8436079036 0.8623488572 0.854500189
0.6906617355 0.8103090992 0.8955172116 0.8973079355 0.8980563777 0.893229363 0.5347491646 0.885255675 0.8915387947 0.8827474854 0 0.8082366881 0.8744446375 0.7959145719 0 0.6551551028 0.6493915315 0.6576219593 0.6550428851 0.6531816464 0.6627374889 0.6656287747 0.6651894474 0.7614845762 0.6638904499 0.775729843 0.7743778423 0.8273812756 0.6162353076 0.6251022972 0 0.576744056 0.5849492291 0.5575100637 0.5711913434 0.7445083909 0.5126959285 0.6201459557 0.6930216605 0.6486867528 0.5675393832 0.5573653019 0.733889049 0.7029589028 0.6041016497 0.6958417885 0 0.7061086689 0.7029143977 0.5201043249 0 0 0 0.7259632446 0.8915330364 0.5500299829 0.5505081211 0.7130999365 0.5484757491 0.7639318501 0.8296673985 0.5621944963 0.898380436 0.5649445895 0.8257997931 0.8562578 0.7959332562 0.8523910031 0.6761413634 0.8532364805
0.6784591669 0.6936940327 0.8917946394 0.8906351631 0.8903658401 0.8956712077 0.5266583243 0.5246937114 0.5205584673 0.7709278502 0.6285008508 0.5286914518 0 0.7151327705 0.8391912983 0.6528011548 0.8036006973 0.645739695 0.6489502289 0.6473186474 0.6521537511 0.6608056839 0.6639951996 0.8257776587 0.8295675395 0.7803663761 0.7787146196 0.7352957839 0.6022163261 0.6345118262 0.534314838 0.5314602068 0.5288422788 0.5297520662 0.5476070178 0.5416270259 0.7402673699 0.7372310473 0 0 0 0.7715593568 0.633658711 0.5752689473 0.5748589129 0 0.5704221174 0.5166370179 0.7050591363 0 0.7107613432 0 0 0.6367139709 0.6399819665 0.5494406841 0.5519045604 0.5466289344 0.552983672 0.5510163703 0.553391959 0.5528147169 0.5466407645 0.5622686202 0.5719617636 0.8533020329 0.8483916173 0.8449544909 0 0.8372443338
0 0.8089983567 0.8868708683 0.8819203536 0.8740637334 0.8744545017 0 0.5205358353 0 0 0 0.5230587013 0.5217028056 0.8994572994 0.5839927661 0.823587649 0.7984236454 0.6479063185 0.6412910062 0.6494925684 0.6513320427 0.7517721877 0.6650673913 0.8239704864 0.8195711291 0.8195233957 0.743655865 0.7418310809 0.7414405511 0.6351110462 0.5356607435 0.5268776323 0.528290487 0.544219968 0.5396291007 0.5540383716 0.7375080234 0.7364855891 0 0 0.6184081021 0.5217818975 0.8931193618 0.5762516154 0.5750653962 0.5670169041 0 0.6088535057 0.7365385351 0.5446972076 0.8476272036 0 0 0.6356350146 0.5506423459 0.83667161 0.8386958484 0.8389899528 0.5508822936 0 0.5452006916 0 0.5527456811 0.5559202816 0.524128818 0.8514828401 0.8447229333 0.8437476078 0 0.8387005595
0.7995205271 0.56853021 0.8671830384 0.8675485651 0.8722812731 0.8654379208 0.8663369064 0.5270749152 0.8825819389 0 0.8899780531 0.5250322059 0.5256610662 0.5256473489 0.576277752 0.8159234844 0.8215888158 0.6488516268 0.6475790713 0.646932063 0.6550648894 0.6602276717 0.8253831425 0.8247631443 0.8069115432 0.8157509745 0.8074093403 0.683585726 0.8749149706 0.872226827 0.5278578028 0.5326454767 0.5347350976 0.5362934327 0.5507224699 0.5517751808 0.5643156027 0.8075168735 0.5261459587 0.5785576536 0.5847198143 0.733294835 0.5852344095 0.5834928308 0.5748197668 0 0.6896320394 0.555843828 0 0 0.6911019925 0.701276554 0.6425630289 0.636227664 0.8114845125 0 0.8341583059 0 0.5564128504 0.5482220007 0.5436031792 0.5440540422 0.5457948344 0.5572958937 0.7823705904 0 0.848027427 0 0.8370227723 0.8347384204
0.8611329304 0 0.8689690819 0.8634283047 0.8653037618 0.8677338191 0.6560419663 0.8730901909 0.7243898825 0.8801933273 0 0.5259710647 0.5282734083 0.5340786462 0.8269165273 0.8205236843 0.8142766964 0.8154729102 0.8200903705 0.8294673183 0.8300426877 0.7905873581 0 0 0.8129447886 0 0.8123679841 0.7649836499 0.6643705779 0.5466764264 0.5471983618 0.5416035199 0.5356753017 0.5417672223 0.5514993187 0.5592918726 0 0.7989896332 0.7977205216 0.8075285651 0.7242216278 0.7251764305 0.8272071051 0.5802798645 0.7110431629 0.8030656026 0 0 0.6752066598 0.6892671222 0.6985234978 0.5818232146 0 0.6509596696 0.6079417571 0.8980983461 0 0.8374293564 0 0.5491896104 0.5455733169 0.5422917234 0.5482259813 0.5580207615 0.5678049983 0.7856083667 0.5930214377 0 0 0.837777102
0.5779386266 0 0.8607006742 0.8621627627 0.8719796669 0.6513681516 0.6603682828 0.843458421 0.8805459621 0.8776627043 0.8767755267 0.8377251945 0.830855122 0.825699064 0.8307234484 0.8236944015 0.8220790685 0.8165804289 0.8221292032 0.7870450463 0.7896695978 0.8142558783 0.7857710939 0.7879832275 0.8073812569 0.8067062958 0.8099007252 0.8128501818 0.8923896072 0.5524301065 0.5433332129 0.5503028341 0.5431225452 0.5434537788 0.5510319253 0.560269226 0.8666671446 0.7946019979 0.8472710592 0.7494147297 0.5078310829 0.8925591101 0.7373993691 0.7452560347 0.5599964551 0 0 0.6719315751 0 0.6918656798 0.7433608635 0.7072533957 0 0 0.6755808345 0.8934244562 0.7962714522 0.5571271354 0.5537606834 0.5562687702 0 0.5449910518 0 0.5580112173 0 0.6779234567 0.8922092629 0.5965446625 0 0.903752019
0.7131546397 0.8937406543 0.8666281773 0.8655242707 0.8707649949 0.8757668323 0.8340467821 0.8378935962 0.8872088827 0.8830144336 0.8858259433 0.8374518489 0.8342861863 0.8284470956 0.8241216762 0.8284272744 0.8270080332 0.8291541032 0.8233682934 0.8567268585 0 0.784125746 0.7856634091 0.7884905141 0.656236487 0.6473810677 0.6538063716 0.6466632866 0.550479503 0.5502859157 0.5483387309 0.5480950737 0 0.5484295709 0.6520292139 0.8609738367 0.6474851941 0.797313617 0.6758228073 0.6828451025 0.6031803566 0.5303945197 0.8496579328 0.5431516562 0.7524385241 0.5548219245 0.677542911 0 0 0 0 0.6919016641 0 0 0.5844519066 0.6925695618 0 0.5557602412 0.8851079231 0.8874229127 0 0.5385328777 0.8979992692 0 0 0 0 0.8670890392 0 0.8985184949
0.865180756 0.8762861392 0.8671069925 0.6155355898 0.7690014108 0.5962044448 0 0.8380734043 0.8877412967 0.8934272928 0.8884005942 0.8304272537 0.8298799877 0.8306528602 0.8287616024 0.8303934336 0.8356452138 0.8649888257 0.8275105617 0.7904161135 0.7872318874 0.7833410675 0.7896784996 0.7878372741 0.6455366498 0.646266804 0.6458942451 0.649351301 0.5512088616 0.91256896 0.7191982277 0.9157934573 0.9098612722 0.9094369924 0.6510355916 0 0 0.6514052699 0.5482036006 0.588746328 0.5312445824 0.6167964712 0.6384522548 0.6305750662 0.6280395589 0 0.6335318482 0.8857713903 0 0.8699973801 0.5869892138 0.6833121728 0.628474145 0.8261480191 0.5715170182 0.6326954457 0 0.8864818119 0.8803580554 0.8832316799 0 0 0.5622653881 0 0.6810322919 0.689731306 0.6811069002 0 0.6864390824 0
0.5555425965 0.558839703 0.5514388481 0.7940565772 0.5340513265 0.5955884845 0 0.8398664532 0 0.883361018 0 0.835759 0.8375306732 0.7877699202 0.8351721413 0.7848186081 0.536204765 0.6054833658 0.5688299968 0.7880883681 0.7875298174 0.7880381569 0.7930492814 0.5458621979 0.6377508876 0.637212689 0.6381371408 0.6392674278 0.5554373891 0.9104443163 0.9069601487 0.9039262845 0.908743695 0.9093319918 0.9036319035 0 0.6437860833 0.5454774006 0.5456879117 0.5438832636 0 0.8619966204 0.634450828 0.6301019789 0.6298831365 0 0 0 0 0 0.8807573698 0.6121878118 0 0.8181412068 0.631160887 0.6342544802 0.8839013112 0.8858194109 0.8794202674 0.8792761742 0 0.8955595966 0 0 0 0.6805418721 0.682353209 0.6854146885 0 0.7350887837
