landscape/hab_quality/256/simulation_000007_p030_h015_HABMAT_patch_more_500pix_modified.asc_ac_0.5_quality.asc
NCOLS 513
NROWS 513
XLLCORNER 0
YLLCORNER 0
CELLSIZE 9.980507
NODATA_VALUE NaN
[rows 231 to 263 of 513, columns 292 to 364 of 513]
0.5224182188 0.5233484375 0.7563272028 0.5121539933 0.6521577786 0.6911379425 0.687939307 0.6903709122 0.7899287154 0.8177727053 0.8535631107 0.833151509 0 0.7030928069 0 0.8577499672 0.8546467786 0.8584247687 0.8640872757 0 0 0.8814810093 0 0 0.873487824 0.5765497982 0.5749254593 0 0 0 0.7107906709 0.709570168 0.6154477327 0.6210973747 0.6172777097 0.6158606265 0.6121643617 0.6111508714 0 0 0 0.7397392494 0.7362454458 0.7372697182 0.7385817447 0.6609915236 0 0.5267847001 0.8022936048 0.805112487 0 0 0 0 0 0 0 0 0 0 0 0 0 0 0 0 0 0 0 0 0 0 0
0.7238398644 0.7211303482 0.8262889452 0.8760797696 0.5208296889 0.5490122471 0.7407147482 0.7453292121 0.6240217056 0 0.853129249 0 0.5941177812 0.6932858194 0.6993698669 0.8631870007 0.8534306619 0.8547600611 0.8590361566 0.58739903 0 0 0 0 0 0.5688375317 0.84485718 0 0.723066447 0.7693099533 0.7076038693 0.7102326914 0.620904672 0.6142909548 0.6120596983 0.6099957407 0.608529315 0 0 0.7905438398 0 0 0.7022223309 0.7435535861 0.638032633 0.6469290562 0 0 0 0.7985287638 0 0 0 0 0 0 0 0 0 0 0 0 0 0 0 0 0 0 0 0 0 0 0
0.6412647023 0.719282692 0.7221802187 0.653522408 0.7093475677 0.8159167571 0.8132354069 0.8111657095 0.7659155876 0.7125537834 0.8532910159 0.5957249022 0.5928032625 0 0.6980784415 0.8561011743 0.6792888498 0 0.8506525078 0 0 0 0 0 0.5654017225 0.5630680218 0 0 0.7184435877 0.7175839621 0 0.7161371258 0.8180668641 0.6202210822 0.6084423713 0.6026418437 0.6042746933 0.6098829652 0 0 0.7174041874 0 0 0.8466853929 0.7864290173 0 0 0 0.5888318036 0 0.7962831854 0 0 0 0 0 0 0 0 0 0 0 0 0 0 0 0 0 0 0 0 0 0
0.5575492985 0.5149267021 0.8185175231 0 0.5141018468 0 0.8101273036 0.596887343 0.6050682021 0.662553765 0.658681669 0.5964882181 0.5986656527 0.5973672616 0 0.7026517034 0.6998547317 0 0 0 0.890554885 0 0.7005295619 0 0.5672567811 0.564261393 0.5607137044 0.5683258887 0.7244231617 0.7249047873 0.7268349654 0.6618330064 0.8625455881 0.6092004602 0.6073203064 0 0 0.6493533972 0 0 0 0 0 0 0 0 0 0 0 0 0 0 0 0 0 0 0 0 0 0 0 0 0 0 0 0 0 0 0 0 0 0 0
0.5565598579 0.5697300018 0.8111546124 0.6822231086 0.6951458046 0.810547924 0.8185330716 0.8147443143 0.6027294913 0.7056464309 0.7078202451 0.7115735767 0.598520375 0.5274959542 0.6058091842 0 0 0.8926351047 0 0.5644957262 0.8358171832 0.6080882277 0.7892460172 0.8996819 0.5751380885 0.5684491547 0.5618332051 0.5687460306 0.7334857033 0.7281790714 0.6982106758 0.6619021605 0.8604983154 0.8603297614 0.8620216166 0.8376613909 0.783349543 0.8965853436 0.8891483239 0 0 0.6290292564 0.7895634 0 0 0 0 0 0 0.8192505569 0.7845119774 0 0 0 0 0 0 0 0 0 0 0.6255365837 0 0 0 0 0 0 0 0 0 0 0
0.5583786239 0.6969192214 0.5791868584 0.5495414131 0.8197668111 0.7635663679 0.7799574863 0.8542587151 0.6103342995 0.5036106322 0.7019113873 0.7111578012 0.6132052446 0 0.5806981612 0.5750178493 0 0 0.6199878995 0.8479444185 0.6279719854 0.8931208716 0.8757555994 0 0.6506284891 0.5630418291 0.5647174097 0.5710261195 0.56760796 0.7366582063 0.5035298054 0.7628341546 0.8617437288 0.8537932704 0.8588731886 0.8367975957 0.6391788768 0.7521981672 0 0 0 0 0 0.7794490342 0 0 0 0 0 0 0.7781508152 0 0 0 0 0 0 0 0 0 0 0.5891861161 0 0 0 0 0 0 0 0 0 0 0
0 0.692635919 0.9123227788 0.9115468768 0.9041187926 0.7744041395 0.6671832593 0.601507644 0.6736838821 0.885327778 0.8822375646 0.8278468775 0 0.8773600239 0 0 0.6964232321 0.8546207857 0.5367372895 0.6185666286 0.5145289061 0.6297682018 0 0.5601425323 0 0.6741674992 0.5774466806 0.5743493379 0.570446248 0.5739624766 0.5092706169 0 0 0.8518806384 0 0.633906091 0.8072531015 0.5975823025 0 0.6315941251 0.7617432483 0.7604272023 0.8162311689 0.6230583279 0.5394058396 0 0 0 0 0.5236148294 0.5240389381 0 0 0 0 0 0 0 0 0.7903330175 0 0 0.5043738455 0.5414348295 0 0 0 0 0 0 0 0 0
0.587209001 0.5417586388 0.6041617694 0.902698423 0.9004016285 0 0.8993080391 0.695236132 0.6934323441 0 0.8816565547 0.8532985004 0.6212055446 0.6150839589 0.7758551089 0.6474854398 0.6418044419 0.7067785452 0.6968628282 0.6262472166 0.6238228523 0.5500707789 0 0.5456846674 0.5397995268 0.6926436762 0.7353543623 0.8534368415 0 0 0.5921668401 0.5019136244 0.8578737736 0.6093878373 0.5020108184 0.6342289045 0.6147844737 0 0.6475349098 0.6515262512 0.7568486848 0 0.7521210962 0.6018135225 0.5600149099 0 0.8256921339 0 0 0 0.5640780502 0.5724070368 0.5577437269 0.5497347524 0.5529801709 0.5266378458 0 0 0 0.7217742197 0 0 0 0.6463002593 0.783665958 0 0 0 0 0 0 0 0
0.5408283918 0.7280768157 0.8917846308 0.8865872871 0.8951316818 0.8985588715 0.6470763598 0.6921524162 0.6894056386 0.6964723931 0.8914701095 0.8626984531 0.6444442252 0.6480738675 0.5010122049 0.6399166873 0.7674348064 0.7019070065 0.6975447848 0.6987452319 0 0.5481337139 0.5462593081 0.5393567113 0 0.6053100027 0.6452632459 0.8469157641 0.8463957965 0.6656836983 0.6609661345 0.6571460119 0.8514287958 0.8267338457 0.8174469026 0.6182900813 0.6170754985 0.7968537984 0.6674288518 0.7603249452 0 0.7481813731 0 0.6822348138 0.5694282046 0.8120848801 0 0 0.8739859591 0 0 0 0.7705931033 0.7618741925 0 0.5581490154 0.6084428905 0.6124705778 0.5144230429 0.5129069166 0.5132364178 0.5118107739 0 0 0.7783853428 0.7713576586 0 0 0 0 0 0 0
0.8628433435 0.8875424943 0.524020997 0.8853719579 0.8873397813 0.897270396 0.5116792311 0.6152392536 0.6100638883 0 0.5374290561 0.5346567896 0.5168167586 0.7643075475 0.6387617017 0.6443845963 0.6396069947 0.6694881173 0.6447455288 0.7666058501 0.7620465113 0.7619785137 0.5431915182 0.5490999484 0.8344434023 0.6643721153 0.8980117098 0.8562058112 0.7888579629 0.6662655139 0.6571045473 0.8872807697 0.7766640882 0.7352620904 0.8274081357 0.7378218754 0.6754448018 0.6424453344 0.64354227 0.8759470697 0 0 0 0 0.7520650043 0.8096042047 0 0 0.6248224616 0.7132240947 0.7064705238 0.7111674648 0.7683229766 0.7615001637 0.7634520722 0 0.6073997988 0 0.5216985329 0.7984748467 0.511203794 0.7151737648 0 0.7546679094 0.7678163068 0 0 0 0 0 0 0 0
0.6689749323 0.7741034476 0.8817792448 0.8851772282 0.8897517282 0.5047467729 0.6256278111 0.6006707223 0.893815312 0.8978673878 0.5104983078 0.7270471013 0.5159834377 0.511352588 0.6412431346 0.6373381075 0.6441099723 0.8531552148 0.8100583719 0.7671535638 0.7612791857 0.7667404317 0.5505715017 0.5447670114 0.8038287561 0.7948436663 0.794840263 0.8405073584 0 0 0 0.7020919476 0.879078248 0.5996755328 0.6049527154 0 0 0.6491368778 0.5411198892 0.559041398 0.5549457292 0.7581518215 0.5625161104 0 0.7437652809 0 0.5042342321 0.6266493687 0.6282674829 0.7078199881 0.7036789465 0.7128231824 0.6840371098 0.765191 0.7603280847 0 0 0 0.6133250529 0.5149735146 0.5174212285 0.5163565479 0 0.759581935 0.7583727819 0 0 0 0 0 0 0 0
0.5135234843 0 0.8836112437 0.8812449561 0.8865698338 0.7810205155 0.5045372068 0 0 0 0.7220766239 0.8649009252 0.5212156984 0.5108765831 0.5060314624 0.6439777585 0.6388247152 0.6466165514 0.8042392212 0 0 0 0 0.7555675548 0.7908537587 0.7903751088 0.7928026477 0.7974976049 0.7984081024 0 0.7053506211 0.7093950686 0.6848240028 0.6049850537 0.5967271881 0 0.8008308359 0.5031561496 0.8994052351 0.549851633 0.7639633911 0.7777254885 0.73121833 0.7241114612 0.7402273917 0 0.5510000856 0.7839683244 0.5235128636 0.7083572081 0.7853161011 0.7123735153 0.6925670978 0.7679953106 0.8834123752 0.7693606933 0 0 0.603995758 0.6100477362 0.7583016934 0.5348896923 0.5444398293 0 0 0.7402431035 0 0 0 0 0 0 0
0.8940130284 0 0.8860269815 0.8836062108 0.8873066523 0.8292851393 0.8187856864 0.8244884674 0 0 0.6774605025 0.6295137196 0.5148827763 0.5140569993 0.5066905675 0.5124253431 0.7389232097 0.7480356616 0.8138708026 0.505928207 0 0 0 0.7507027835 0.7480898233 0.76905697 0.7990751342 0.8043984412 0.6754470957 0.563565921 0.8441650556 0.7808244487 0.5316906119 0.6777874925 0.8207985355 0.606290543 0.8947807331 0.8732163881 0.8387904046 0.8986934325 0.8020764554 0.7668349065 0.6920049664 0.7426862122 0 0.7411339976 0.5434796527 0.5423725646 0.5481078402 0.543141096 0.7777871251 0.6967098451 0 0.7020240687 0.703894202 0.7009777324 0 0.6058662079 0 0.6085308191 0.7976583387 0.6238072686 0.5351740902 0 0 0 0 0 0 0 0 0 0
0.8314398738 0 0 0.5699356114 0.6590942875 0 0.8287925803 0.8180615387 0.6726985017 0 0.6740875185 0.506566586 0.5013249014 0.5132804944 0.509115372 0.5142754972 0.6154849338 0.8823266252 0.8805638727 0.6965976364 0.8337308617 0.8291851849 0.7834389329 0.7571208419 0.7518460143 0.7223425509 0.6160533028 0.6241439954 0.6830240899 0.6797899608 0.5939925794 0.7949192015 0.6786006266 0.8567597362 0.6783460502 0.6834915936 0.6118263715 0.6239497105 0.8028215098 0.7963436713 0.8006162954 0.8441771131 0.8659841719 0.5077865109 0.750962742 0 0 0 0.5402130022 0 0.5374154365 0 0 0 0.6977486732 0 0.9068515609 0.8987767136 0.9064653508 0.7961742336 0.6825072514 0 0 0 0.5842332366 0 0 0 0 0 0 0 0
0 0 0 0 0.7026209921 0.8366554369 0.8245761902 0.8221253971 0.6781468808 0.6700232257 0 0.5002376684 0.5083370718 0.6664559108 0.6944616379 0.7474535706 0.5122106129 0.8841009313 0.8798471059 0.8251897985 0.8287055981 0.8319031224 0 0.62030618 0.6129674851 0.6139952804 0 0.628539687 0.7232526635 0.8480701848 0.6702664986 0.6698172683 0.6711911433 0.6820604788 0.7298875366 0.6344957012 0.8690362749 0.7355618739 0.6169904081 0.7937162972 0.8001200661 0.7129253438 0.778222403 0.6574532679 0.7157644703 0 0.5978315419 0 0.5344001213 0.5336738527 0.5284637209 0 0 0 0 0 0.6291252886 0 0.8333725971 0.7983676623 0.8023123262 0 0.8120304967 0 0 0 0 0 0 0 0 0 0
0.7912509978 0.6656646901 0 0 0.7694336872 0.7597010851 0.7674012179 0.6865806169 0.8671705241 0.6766302334 0.6758470962 0 0.6569366351 0.6867701127 0.6856679251 0.8726787517 0.8878243497 0 0.882591536 0.8843911836 0.8280844862 0 0 0.6218717476 0.6120642723 0.5048897263 0.7840701612 0.8770890839 0.8695851458 0.5458400313 0.6721476869 0.6672387757 0.7210154419 0.7259051135 0.5795023855 0.5870936631 0.6375653546 0.8189587178 0.6621378752 0.7937375627 0.637765671 0.7024911233 0.6930318659 0.68882249 0.6814032051 0 0.6875478239 0 0.5401847829 0 0 0 0 0 0 0.7672595111 0.8546045249 0 0.7333732313 0.703120233 0.6982783106 0 0 0.6580990583 0 0 0 0 0 0 0 0 0
0 0.7689186084 0.6731204381 0 0.5548103212 0.7682991224 0.7688320563 0.7364715095 0.6857501701 0.7061794513 0 0.5490100305 0.6048730948 0.6786695697 0.8015427273 0.7874049898 0.615020631 0.6198247269 0.6945209859 0.6869741352 0.8171386051 0.5540925768 0.8148893892 0.6992597527 0.7391513026 0.5840883649 0.8752897851 0.8678310992 0.868593926 0.6681048168 0 0 0.5838311123 0.6550108523 0.5694986379 0.6543448271 0.5674689584 0.7165917558 0.5955585846 0.5829967951 0.6898260231 0.698239323 0.698940598 0.6849689481 0 0.8602514877 0.708825515 0.642104789 0.9040510107 0 0 0 0 0 0 0.7188981802 0.7640179092 0.5062793642 0.7067050017 0.5840542874 0 0 0.8088103087 0 0.5454318374 0 0 0 0 0 0 0 0
0 0.7425653584 0.5073057273 0.6476885101 0 0.857042418 0.8790047958 0.5521889633 0.6757596727 0 0.5493026369 0.5556287883 0.6830780308 0.6808961133 0.6840419868 0.8165551459 0.6167880896 0.7393339887 0.6933107004 0 0.8168468474 0.8135862311 0 0.5562901303 0.5506059313 0.5465338472 0.5400574716 0.5412117061 0.5050564724 0.7788834119 0.7504200265 0.6361771665 0.6350762053 0.639216503 0.6461833611 0.6542594596 0.705303463 0.5828592561 0.5801427736 0.7021532657 0.6972093657 0.6894327731 0 0 0 0.6954729987 0.6982129426 0.8991307635 0 0 0 0 0 0 0 0 0 0.7653111565 0.567989291 0.6637353989 0.6682297809 0 0 0.6166207136 0.5532299983 0 0 0 0 0 0 0 0
0 0.9167545074 0.6529218175 0.6474095464 0 0.6846674603 0.5275009028 0.738668866 0 0 0.6538101441 0.5687963868 0.7384263541 0.8042635853 0.6709608217 0.6696797148 0.667284612 0.8309012492 0.5775882463 0 0 0 0 0 0 0.5438348798 0.5368306593 0.5448172193 0.5465533014 0.6547969879 0.6509375103 0.6376816716 0.6336845385 0.6360864782 0.6345130005 0.6554764763 0.6758544541 0.6758288531 0.6792290959 0.6802879076 0.6917066476 0.6921985905 0 0.7958696354 0.7982245689 0.7880312578 0.5880932658 0.548842417 0.6042227603 0.8684708807 0 0 0 0 0 0 0 0.7941054533 0.8002712545 0.6591871385 0.6587900015 0.6616090586 0 0.6076765832 0.612290264 0.7816892683 0 0 0 0 0 0 0
0.9112330809 0.9135383306 0.7945317862 0.7136885967 0 0 0.8040161933 0.8490326759 0 0 0.5829675804 0.8771805549 0.5861457771 0.6920164742 0.7485974289 0.6652307606 0.6667755762 0.571168211 0.6541319115 0 0 0 0 0 0.5472554765 0.5419676711 0.5423033461 0.5459432811 0.7781506021 0.6530751922 0.6452288432 0.6424016367 0.6280643335 0.627146019 0.6282370775 0.6683713968 0.6713873357 0.6736737265 0.6776068287 0.6898266059 0.7009256232 0.6935251328 0.6935581392 0.7949923286 0.7954422615 0.8249426347 0.8704292574 0.5717056279 0.7304029743 0.5837512774 0 0.7758110948 0 0 0 0 0.8013709155 0.793372255 0.6920035247 0.6679801948 0.6685468428 0 0 0.6465505951 0.6108031972 0.7749180381 0 0 0 0 0 0 0
0.5694449329 0.6051886552 0 0.6123587209 0.7950814606 0.7940261618 0.5865644573 0.509772363 0 0.8377992028 0.8692166358 0.5768668808 0.7186330585 0.7161609344 0.6678000853 0.6654322265 0.5645539928 0.5710050906 0 0 0 0 0 0 0.5481620065 0.7872129178 0.7769325413 0.775476627 0.7820343576 0.7809284911 0.6259728576 0.6270511178 0.6301733338 0.6245231366 0.6307046368 0.6649136253 0.6645319971 0.6728436841 0.6834166669 0.8163268388 0.7030766796 0.7901750838 0.787646237 0.7899690287 0.7540549938 0 0.5788368562 0 0.7158857671 0.7224602077 0.6923589229 0.832619868 0 0 0.8368778882 0.8064235148 0.8069288019 0.8032356072 0.796815011 0.5076407873 0.6240133856 0.6216458552 0.626204893 0.6231845911 0 0.7829565918 0.8376488105 0 0 0 0 0 0
0.5077282921 0.5047045632 0 0.6309722751 0 0.8492281356 0.5071108578 0 0 0.8696704076 0.8110840771 0.6819190562 0.5820813647 0.7155635032 0.8066107735 0.5716657521 0.5682311771 0.7321709755 0 0 0 0 0.8826127964 0.8824375919 0.8760449195 0.7323854644 0.7791912758 0.7794091578 0.7806298538 0.8719561142 0.6965708228 0.631089236 0.6254209688 0.6295222267 0.6337644129 0.6709673671 0.6660020707 0.6740281763 0.7884134597 0.7983468145 0.5257226401 0.5189860539 0.5193130274 0 0.8839354218 0 0 0 0 0.7738681368 0 0 0 0 0 0.8278137693 0.8265971648 0.8368138396 0.5076522483 0.6253219024 0.6208973405 0.6216372494 0.8223095028 0 0.8589331649 0.8710185532 0 0 0 0 0 0 0
0.8655725506 0.5024648935 0.6878041433 0.8546290464 0.7550697629 0.8449715999 0.8427604046 0.8461249826 0 0.5794994993 0.7702373492 0.5772190329 0.6414794639 0.6628987518 0.7793711487 0.5725652171 0.5771267567 0 0.7319661925 0.5948924549 0.8287163282 0.5644009405 0.8771188301 0.8747718164 0.878583779 0.7870658189 0.5678796188 0.565369549 0 0.6939033828 0.6963013578 0.6272059368 0.6281470328 0.6314098475 0.6388644642 0.6678835579 0.6727547976 0.8189294626 0.7885430148 0.7982969407 0.519275391 0.5172614372 0.6581077092 0.5272589535 0.8198221282 0.8298510944 0.8370740541 0.8225627943 0.8241526135 0.7981353031 0.7322883071 0 0.8643171028 0 0.822087319 0.8219619806 0.830477843 0.6018533088 0.5347284719 0.6223707167 0.6279665576 0 0.6986103766 0 0 0.6238556538 0 0 0 0 0 0 0
0.685362074 0.6821016004 0.682121144 0.6468685498 0.7489936937 0.747113507 0.8415934743 0.8439978448 0.8427817931 0.8664182187 0.5717485506 0.5796292195 0 0 0 0.5543130717 0 0 0 0.8425843851 0 0.8478803385 0.5364434132 0.8788001596 0.8846849199 0 0.5615510475 0.561240149 0.5623351617 0.6944745352 0.692596463 0.6952098934 0.6329483684 0.6412889891 0.640695592 0.7023080113 0.6108161011 0.6090605123 0.6352662956 0 0.5214336376 0.7761131329 0.5240961665 0 0.5293282764 0.8386463391 0.8298017587 0.8201043834 0.82149413 0.5924492926 0 0 0.537838615 0 0.81348726 0.8210181632 0.8143054343 0.7697750086 0.8212479675 0.516117441 0.6347352444 0.6657725361 0.5426869578 0.5332836277 0.7303021755 0.7110106439 0 0 0 0 0 0 0
0.6882811055 0.5688317117 0.691990269 0.7414317881 0.7425812476 0.7433540761 0.7502522695 0.8033752376 0.6004393266 0.5753408429 0.578362553 0.572336595 0 0 0 0.7490346211 0.6655457302 0.6613593986 0.8297098999 0.5779476065 0.8385668057 0.7447657985 0.8803919545 0.5534584607 0.8794875101 0.5723854683 0.5703521804 0.5682366835 0.5630118076 0.6966688446 0.6957708345 0.6937019412 0 0.5922509957 0.8072474618 0.7432076662 0.6112068369 0.6075915177 0.6140196762 0.6118614143 0.5946605356 0.8071758978 0.5322766508 0.5284332066 0.6293574262 0.831933348 0.8316278201 0.8238568224 0.8286022683 0.6820987021 0 0 0 0.8174099127 0.8222242953 0.8216487582 0.6860355475 0.8134199891 0.6840705813 0.703314528 0.7115643005 0.6675134185 0.666828754 0.7952835629 0.7980514945 0 0.6747644915 0 0 0 0 0 0
0.6895072395 0.6712859371 0.7571469034 0.5269760078 0.73801041 0.747088281 0.6783999142 0.8476231942 0.5904844289 0.7978143895 0.8009663358 0 0 0 0 0.7703125063 0 0.7966678848 0.8310267768 0.8292560963 0.8351635877 0.572890007 0.7387034186 0.7128083461 0.821771566 0.7183742433 0.7853528561 0.8269590893 0.8274824064 0.699700511 0.698023818 0.8329495807 0.8380666188 0 0.8735029521 0 0.7381397319 0.6121046989 0.604462805 0.6044798195 0.5906796712 0.5815036951 0.8535523912 0 0.8239465706 0.8383075885 0.828417396 0.8293505603 0.8266246794 0 0 0.7713305701 0 0 0 0.7081201108 0.8139505253 0.8214828257 0.7152938713 0.7055361599 0.7044099499 0.669411649 0.6607471399 0.6247077441 0.8126301203 0.6741513672 0 0 0 0 0 0 0
0.8689317558 0.870070609 0.8326621996 0.7350137616 0.8307797854 0.7463290976 0.7520090699 0.5755320517 0.7895882265 0.7983201021 0.7913884828 0 0 0 0 0.7886227297 0 0.7908564697 0.830877853 0.8357045576 0.8364432418 0.5550944642 0.7632997754 0.7190242261 0.7118988854 0.7173958996 0.6712182555 0.7839312504 0.7874677406 0.8966166843 0.8380193246 0.828884814 0.8324416311 0 0.8714458835 0 0.6183138309 0.6075184869 0.6279840475 0.6123047139 0.5813307194 0.6524244739 0.8521656093 0 0.7816708957 0.5275070643 0.8367847733 0.5277623296 0.6327385888 0 0 0.6085631767 0 0 0 0.8577881514 0.8574317829 0.8607521119 0.8911867604 0.6055785173 0.7115563836 0.8993913568 0.907253864 0.8982775495 0.9059952677 0.5841893973 0 0 0 0 0 0 0
0.8687728092 0.8241098035 0.8292681307 0.8244992376 0.53538902 0.8346955458 0.5736071372 0.7812899505 0.7852268067 0.7947607477 0.7929201276 0 0 0 0 0.8118703717 0 0 0.7988061964 0.7732872391 0.553877525 0.6083993927 0.5685720961 0.5592214279 0.7118553731 0.7195516348 0.5797734445 0.7883495814 0.7872199004 0.6857708247 0.5210036568 0.8276075615 0.8225193706 0 0 0 0.8465110024 0.6338261311 0.8034322528 0.7878538217 0.7833438209 0.7902259832 0.6985552162 0.5249416372 0.5225420309 0.5302946583 0.8383762398 0.6267968482 0.5329229541 0.6244417498 0.6272662945 0.5884090527 0 0 0 0.8550377782 0.856629203 0.8580574007 0.7785186991 0.5247409339 0.6731130825 0.903698505 0.8975224812 0.905833256 0 0.7153080961 0.5360251794 0 0 0 0 0 0
0.7642658665 0.8241203876 0.8236815918 0.8274457881 0.7551886089 0.7583236527 0.8763835115 0.6985642546 0.7814287208 0.6168810089 0.8525362569 0.8455040184 0 0 0 0.6920935988 0.8613546804 0.675458041 0.5692864644 0.7768490972 0.5488287726 0.5447622424 0.5483877259 0.7722652061 0.621418684 0.5486468688 0.5505202882 0.5141062485 0.7610333434 0.7648081282 0.519100947 0.8171876552 0.8158630803 0.8128585918 0.8211850725 0.7027881166 0.8428941554 0.8431190194 0.8419828808 0.785946199 0.7831310617 0.7927348448 0.6918908442 0.5286945945 0.5310310477 0.529799331 0.7002533621 0.6232549797 0.6176638895 0.6221324636 0.6277241649 0.8029998369 0.8626479081 0 0.8618043134 0.8643185445 0.5791755521 0.71424984 0.6665118196 0.657806573 0.8369876102 0.9034861798 0.6437552462 0.9012756213 0.9109323898 0.7844628684 0 0 0 0 0 0 0
0.7627078925 0.8277124036 0 0.8319087932 0.7495068565 0.7569382868 0.7492139103 0.8835737016 0 0.7149083329 0.8502757369 0.8443076989 0.8519918466 0.85110493 0.7071786958 0.8236683247 0 0 0.8234073109 0.6157729213 0.5457575384 0.5473476173 0.7666143173 0.7634995609 0.7600715851 0.6480991849 0.6283846156 0.5129308156 0.5094780523 0.5141210691 0.5146466695 0.815437905 0.8115903131 0 0 0.6500458687 0.6214972264 0.8353565197 0.8999782764 0.8435980521 0.5088387677 0.5134160169 0.7014562324 0.6926575593 0.6917451495 0.7293353888 0.693737242 0.6274962074 0.6191622563 0.7461367945 0.6123969943 0.6062657102 0.8511398594 0 0.8633138697 0.8672898415 0.6435916797 0.5361191137 0.7415307565 0.7547631453 0.6537512876 0.6625882818 0.7069523638 0.7789462928 0.7783899993 0.5831265892 0 0 0 0 0 0 0
0.7643969989 0.7604758031 0.7605153661 0.752313097 0.7588515815 0.7521715897 0.7599798869 0.7658379621 0.521110314 0 0.8445726379 0.8509398934 0.8459857845 0 0.5741421177 0.7306444276 0 0.8200291061 0.821524756 0.6105466731 0.6074141533 0 0.7577652507 0.7626048086 0.6429320629 0 0.5176331474 0.5112404929 0.5089031494 0.5187112024 0.8206722894 0.8126907354 0.8169043154 0 0.820215051 0.63252683 0.8963549434 0.7102762048 0.7063822681 0.6439610177 0.5063080936 0.5065909052 0.6994303628 0.7052917912 0.692587467 0.6888690527 0.6035814605 0.8762940351 0.7121156418 0.7888580004 0.5390812458 0.5401904866 0.6011138309 0.7364765766 0.8714470065 0.5356891287 0.7444065225 0.7390453351 0.5711013697 0.6562220534 0.6579425606 0.5425991488 0.7786196287 0.7712145883 0.6977572376 0.5762431901 0.5822999492 0 0 0 0 0 0
0.7656507185 0.7625258015 0.7246289312 0.5757378791 0 0.5294607006 0.5276564632 0.5286925928 0.5132214583 0 0.8580907836 0.8546301514 0.8598374955 0.5731165783 0.5738980533 0 0 0 0.6902230553 0.61147279 0.6094591776 0.7492688614 0.7622538251 0.7593972751 0.761379445 0.8858742927 0.6269471659 0.5089163043 0.512086169 0.5168879305 0.8163283573 0.8133800194 0.8155232869 0.7996618982 0.7522177763 0.8145099646 0.7453248542 0.8954685301 0.9028674622 0.7044189768 0.7107331088 0 0.610178133 0.5940354928 0.6907647174 0.685900405 0.6920269072 0.5888128263 0.6012486942 0.611726014 0.5385133941 0.5369526014 0.5276702944 0.9027162846 0 0 0.7407149977 0.742138014 0.7253951813 0.757485473 0.8978606709 0.5616791325 0 0.7774265969 0.7716795701 0 0.5736961466 0 0 0 0 0 0
0.7696250664 0.7741304934 0.5661998436 0.8842363091 0.5211019369 0.5354253546 0.5264613455 0.5310066337 0.5198497015 0.7984645497 0.7482681823 0.7088814159 0 0.6172173237 0 0 0 0.5996991353 0 0 0.6618032814 0.7587053285 0.7530481586 0.7626277766 0.8798801013 0.695549667 0.6963054141 0.6924925474 0.5176239003 0.5797454258 0.8144963531 0.5285390808 0.5301269042 0.5284305023 0.6520877002 0.7448947152 0.64347272 0.8970122168 0.8948896829 0.9028937503 0.7085859033 0 0.7372155971 0.8426263823 0.8466741998 0.5853119939 0.5779983079 0.5806681176 0.5884566118 0.5832841389 0.5290721804 0 0.5439687761 0.9010503075 0.9015907878 0 0.7439596172 0.7314645729 0.8992499316 0.7632512309 0.7242783361 0 0.577046378 0 0.7941514054 0 0 0 0 0 0 0 0
