landscape/hab_quality/256/simulation_000069_p054_h066_HABMAT_patch_more_500pix_modified.asc_ac_0.5_quality.asc
NCOLS 513
NROWS 513
XLLCORNER 0
YLLCORNER 0
CELLSIZE 9.980507
NODATA_VALUE NaN
[rows 416 to 447 of 513, columns 72 to 143 of 513]
0.6393642361 0.6380858411 0.6267508232 0 0.6206566976 0.6266640208 0.6188840522 0.6377105085 0.8442399681 0.5551657881 0.5808347925 0.5835306194 0.575579352 0.5796721293 0.6129372611 0.6052693979 0.6029014217 0.6047366838 0.6062464683 0.8192120855 0.8192634918 0.821584092 0.8290316257 0.6240657214 0.6183445297 0.5983728737 0.5930610875 0.6008938393 0.6026021957 0.6199235299 0.6181663496 0.7011197997 0.6802116745 0.7030353193 0.6990424284 0.690055359 0.6960657166 0.7736545241 0.7734512841 0.7670146234 0.7757420037 0.8804180574 0.846932861 0.8445477554 0.8577237876 0.5100220101 0.5007112734 0.8557433622 0.5008897617 0.7092835153 0.7178719625 0.7873427461 0.9213998921 0.935385065 0.9257815675 0.9050854138 0.8976465361 0.9108948787 0.9111836752 0.6506387184 0.6435427911 0 0.6551361306 0.5719261222 0 0 0 0 0 0 0 0
0.6449634211 0.6415745013 0.6348002025 0.6335030123 0.6305507935 0.6321026259 0.6343004953 0.6357244091 0 0.5472952414 0.5761218624 0.5751567532 0.573197847 0.5691865926 0.7009133124 0.6110916634 0.6092927226 0.6063471199 0.7286270703 0.8598518952 0.856031059 0.8615506261 0.6646720795 0.6148667947 0.6064081797 0.5983395809 0.592675731 0.601368602 0.6088465667 0.8154250216 0.6265500104 0.8231322115 0.8166388322 0.7045426589 0.6960781865 0.6390633425 0.6121123658 0.7673141435 0.7663691948 0.7687639373 0.8750825812 0.8627442421 0.8465809828 0.8456500996 0.8512174397 0.5058276954 0.5044765395 0.5099268044 0.5333458438 0.7127071793 0.7183963147 0.7962748621 0.7425461659 0 0.909291535 0.907578795 0.9053350495 0.9097330954 0.8576825562 0.6498205964 0.6480126824 0.5455316669 0.664516181 0 0.5868248961 0 0 0 0 0 0 0
0.6459707077 0.6426775331 0.6383812342 0.6372178328 0.6548062448 0.6491910425 0.6557377576 0.641998085 0.9015865594 0.9037642683 0.5845073451 0.5737784614 0.5703487241 0.5651350248 0.5604740391 0.5576782046 0.5521873792 0.5537716765 0.6067441333 0.8530708332 0.7231288858 0.5205964237 0.7957715868 0.6602650952 0.7835471231 0.7754385982 0.6015410621 0.6000247702 0.6961527014 0.6456487509 0.6642465619 0.6434441901 0.6454192083 0.6360929371 0.6313413443 0.6341771913 0.6141224069 0.7689341352 0.774574002 0.7743848777 0.8789366266 0.8726866274 0.8553378964 0.6206579426 0.8590181201 0.8549915095 0.5162838131 0.5133998169 0.5353891269 0.5298145656 0.5126351391 0.749149929 0.7401971796 0.5168659944 0.8427116032 0.8424174554 0.8426373956 0.9111471551 0.920002489 0.5457681359 0.537390945 0 0.6680564207 0 0 0 0 0 0 0 0 0
0.5109879967 0.6429832409 0.6448046286 0.643890652 0.6541742138 0.6557160129 0.6552810243 0.905177947 0.90602702 0.8985691281 0.9026024222 0.7709152687 0.570489412 0.5620232206 0.5554003039 0.5521321528 0 0.5562412865 0.557222547 0.7182630806 0.6667609988 0.6878660195 0.7081749092 0.7927570152 0.7770283771 0.7771507607 0.6323911845 0.6302894909 0.6333129416 0.6282566812 0.6405736304 0.6499165534 0.6375789358 0.6360045973 0.6364417409 0.6267616146 0.6184579376 0.6169146498 0.5192942489 0.8802229745 0.8692196682 0.8640017109 0 0.7379333859 0.7452147118 0.5242335662 0 0.8553236089 0.5312053442 0.5368365465 0.7546470946 0.5972261973 0.7438473909 0.5241578344 0.8397363637 0.8338404906 0.8374494664 0.8492043598 0.5925488385 0.5893566465 0.5939499047 0.7096973259 0.706607946 0 0 0 0 0 0 0 0 0
0 0.508260358 0.5105467823 0.6487054733 0.6504073715 0.6080242763 0.7721766706 0.5410143321 0.5624306191 0.9019710917 0.583652576 0.5891469171 0.7747235132 0.8726465295 0.5533605846 0.556249204 0.5554682465 0.5528376966 0.7918674766 0.7184408364 0.7116337307 0.780542956 0.6562769744 0.6496153639 0.6488774694 0.6546048196 0.7343292707 0.6263223607 0.6256485655 0.6335367063 0.6401258211 0.6440115167 0.6392374528 0.6361687807 0.6342745279 0.6296752849 0.6363140202 0.6371655084 0.6800668287 0.5260752017 0.7433911451 0.666331593 0.7934096617 0.7368737596 0.7400482693 0 0.7128920118 0.8524922994 0.8560719564 0.8600791027 0.7586212167 0.558896707 0.8200910705 0.8155012743 0.8365784263 0.8355396129 0.8406849941 0.8496266941 0.5048967096 0.5922160646 0.5879364503 0.7073755826 0 0.7203174579 0 0 0 0 0 0 0 0
0 0.5114255851 0.5118973332 0.6246693944 0.6085881879 0.6455543186 0.5371384427 0.5361524129 0.7066408876 0.5841090213 0.5923158654 0.5860976897 0.7871840188 0.7866491686 0.7959974611 0.8218774818 0.5616481691 0.558121365 0.789510032 0.7873200875 0.5787835539 0.7075121829 0.6611380814 0.6542053449 0.6468791346 0.7350309567 0.7302108888 0.6336640163 0.6360118862 0.6336272644 0.6420663102 0.6482523992 0.6370285424 0.6980824598 0.6402711393 0.635721561 0.6373007297 0.7358285729 0.7377766347 0.7386435602 0.6454404295 0.7280013735 0.6404520891 0.6353222931 0.7430213642 0.7388723309 0.8562371214 0.854279045 0.8511939294 0.8570880646 0.8664821546 0.7753958283 0.7944100365 0.8228602595 0.8407153839 0.8434683804 0.8494619929 0.8588177628 0.592774308 0.5953893665 0.584779425 0 0.7182094765 0 0 0 0 0 0 0 0 0
0 0.7405277122 0.7389544985 0.5230027845 0.596212954 0.5821415277 0.5802166763 0.7096306329 0.7029416691 0.8438013918 0.5957720251 0.5915804001 0.7963120967 0.7884086592 0.7893473938 0.6657216115 0.6333964955 0.7423083507 0.7938521105 0.7930507004 0.575864782 0.5694988162 0.8203538317 0.6414589918 0.8902702206 0.7697725679 0.7098088265 0.650783912 0.7841737532 0.6501620912 0.6434781446 0.6410790988 0.6983338081 0.6928320373 0.6466222342 0.6386366088 0.6406765104 0.8440193816 0.7344122804 0.7431179112 0.6403651369 0.6323243006 0.6347889605 0.7647295664 0.7669106251 0.7507743566 0.5499857155 0.8567960195 0.8544022876 0.854474921 0.8670021084 0.8278822147 0.8244462236 0.8185607012 0.6526916195 0.8466177502 0.8518187008 0.6551800804 0.856969213 0 0.5924099394 0.5905612342 0.7216165284 0.7210582127 0 0 0 0 0 0 0 0
0.8099712348 0.8722552707 0.7327131035 0.7283832603 0.5884343245 0.5787307314 0.5744489437 0.5787999015 0.5724872953 0.572905448 0.7874258585 0.895038273 0.8977811499 0.8958337684 0.7989625866 0.7402948227 0.7320680383 0.7354408582 0.7446128431 0.5818491539 0.5905719873 0.569818943 0.6453770314 0.5847002069 0.6714904399 0.696747287 0.7006060039 0.7027020794 0.6489624157 0.7883297344 0.6432755945 0.6420989693 0.7002699553 0.7015610573 0.6983873392 0.7125869612 0.5393752856 0.7329404515 0.7312543075 0.7373596002 0.6404535559 0.583370475 0.6397934326 0.6479090536 0.7495021619 0.7546725925 0 0.8605958621 0 0 0.866171606 0.5991588811 0.8727035763 0.8764548868 0.6597581567 0.6470340164 0.6526122885 0.8532248096 0.788669703 0.7917095965 0.8469975638 0.8444654667 0.6393893701 0.638038021 0 0 0 0 0 0 0 0
0.7605570964 0.7279972545 0.7247171829 0.7247438307 0.7555897245 0.7606228301 0.5827443131 0.5743909349 0.5690825491 0.7849018763 0.7924795769 0.7876903444 0.8914522121 0.7938780552 0.7893539523 0.7376558429 0.7318517459 0.8506030122 0.7368228444 0.5828319752 0.583603373 0.5525052024 0.5618451175 0.5840783369 0.5753308284 0.5759817163 0.6957932382 0.6948113018 0.6974965371 0 0.6487826567 0.6430910778 0.6422984588 0.6434359455 0.7030349861 0.7046949801 0.5307096618 0.7316516782 0.7290024382 0.7298612814 0 0.6404056559 0 0.6455731649 0.7511094027 0.7478459396 0 0 0 0 0 0 0.8565927458 0 0.6631037794 0.6507713856 0.6558359768 0.6589506727 0.6637046454 0.7842719559 0 0.8479619837 0 0 0 0 0 0 0 0 0 0
0 0.7204355397 0.7185502001 0.6745026374 0.7524407383 0.7559873733 0.5832628176 0.5746340414 0.5722774634 0.5694671196 0.5903635709 0.7872725467 0.7864999726 0.7890094481 0.7896264869 0.738067942 0.8426672029 0.8457874162 0.5595843018 0.5869616642 0.5472005596 0.5420322637 0.5460520649 0.5761941467 0.5779248278 0.5835601356 0.677803795 0.6893818135 0.6918977453 0.655060407 0.6535723432 0.6481179064 0.6522459974 0.6451274616 0.6435761006 0.7037371602 0.7337630008 0.7618550299 0.7240765751 0 0 0 0 0 0.6492388926 0.7495269351 0 0 0 0 0 0 0 0 0.8535531163 0.6633730402 0.6606825325 0.655917374 0.6579457511 0 0 0 0 0 0 0 0 0 0 0 0 0
0.6618923178 0.726271934 0.6037807494 0.720518766 0.7532413314 0.7594076395 0.5750236974 0.5750024213 0.5800593617 0.5814057487 0.7383964152 0.7322777771 0.7916123027 0.7962562824 0.790792748 0.8366503739 0.6609218009 0.8429509648 0.8330234269 0.8240125531 0.6193140634 0.5459616732 0.6883497476 0.6887218557 0.6828963465 0.6757084462 0.6796080407 0.6886552493 0.9038268097 0.9006835118 0.9068746665 0.9068251977 0.9048783478 0.9082116843 0.6740235525 0.6506685137 0.7699385032 0 0.7263813355 0.7288317799 0 0 0 0 0 0 0 0 0 0 0 0 0 0 0.7946230207 0.6674475122 0.6562131906 0.6614332254 0.6569939823 0 0 0 0 0 0 0 0 0 0 0 0 0
0.7272070957 0.7357708909 0.7985284817 0.7232345105 0.6077576573 0.6786695986 0.7432258976 0.5846679286 0.5935231381 0.6006265802 0.5892134979 0.7349789084 0.7383189481 0.7989354236 0.6018378133 0.6017327792 0.6010236651 0.8547483807 0.8674915763 0.8234905738 0.8339888756 0.6856985909 0.6822443857 0.668710136 0.6711183992 0.6742309173 0.6825960352 0.6844137464 0.913732712 0.9054565891 0.8998114818 0.9038753042 0.9129882392 0.9132290659 0.6650189479 0.6522884888 0 0.7278817566 0 0 0 0.7790633712 0 0 0 0 0 0 0 0 0 0 0 0 0.7139737227 0.7181521878 0 0 0 0 0 0 0 0 0 0 0 0 0 0 0 0
0.5960500173 0.718535402 0.5616221093 0.6733745231 0.6480765389 0.577853072 0.7221286875 0.590310541 0.5893920181 0.5554005183 0.741615213 0.8354268421 0.8305405903 0.8020034207 0.5961839287 0.5922130162 0.8452703765 0.8651675979 0.8574992202 0.5457158835 0.6896648725 0.732240632 0.6600407383 0.6898196809 0.6652398053 0.6676193521 0.6770997219 0.7603558825 0.9161232762 0.9066277729 0.876624412 0 0.9085244426 0.6903235294 0.6588916654 0.6596426961 0.6534874622 0 0 0 0.7390855071 0.7396970024 0 0.7921457801 0 0 0 0 0 0.6155157967 0 0 0 0.786850661 0 0 0 0 0 0 0 0 0 0 0 0 0 0 0 0 0 0
0.5597921884 0.7877450504 0.831981745 0.8896412464 0.6794475772 0.8295619027 0.5989109364 0.5967246006 0.6823425281 0.8710915501 0.7472789514 0.7424390068 0.8762276978 0.8117642476 0.599672831 0.5953621695 0.5933008331 0.5951669719 0.6660899353 0.6705888656 0.7077441013 0.66932009 0.6698271338 0.6661899231 0.6632216644 0 0.6861455699 0.7043552277 0 0.9238325974 0.9080780623 0.9159749882 0 0.7879411559 0.6808586203 0.8253307963 0.6667251399 0.8266178331 0.821175367 0.7423936167 0.7418070662 0.748441054 0.7951619608 0 0.7958807525 0.5598077913 0 0 0.6130107342 0.6216082905 0.8058593547 0 0 0 0 0 0 0 0 0 0 0 0 0 0 0 0 0 0 0 0 0
0.7151909562 0.5084246328 0.8577684409 0.866886074 0.5806490443 0.8258084893 0.8346406188 0.687926237 0.7167744837 0.6828416153 0.7277253846 0.7457694005 0.7412189931 0.7478575392 0.597515149 0.5972330557 0.8775861472 0.7381795342 0.6684459939 0.6643059756 0.7033538554 0.6985879648 0.7410769516 0.7339749889 0.6568459018 0.6543729986 0.6866542708 0.5273087749 0.5442853134 0.9155550666 0.8789683423 0.6356082005 0 0.7835281982 0.789746305 0.7877572851 0.6676106439 0.6934783559 0 0 0.5485820772 0 0.7885204412 0 0 0.6370768479 0.5685207835 0 0.6125359846 0.6562527264 0.6376888307 0.6360270981 0 0 0 0 0 0 0 0 0 0 0 0 0 0 0 0 0 0 0 0
0.6349896866 0.8602516997 0.8617117972 0.5889661541 0.5819899247 0.5886748216 0.8278062252 0.8353249289 0.7172593051 0.7243666384 0.7270585773 0.7503948495 0.7495243428 0.7424976969 0.6003844284 0.706631376 0.7067035498 0.6795556596 0.6708681535 0.7124479345 0.7041399629 0.7099085936 0.7390335359 0.7314354027 0.6501237484 0.6489680503 0.6525750725 0.6169236743 0.8673091121 0.8634180432 0.8725385943 0.8845268542 0 0.7885520858 0.7816688753 0.7649128993 0 0 0 0.5497213005 0.546955822 0.55309582 0.7932397624 0.7416303478 0 0.7961748163 0 0 0.6204701584 0.6465711635 0.6421679696 0 0 0 0 0 0 0 0 0 0 0 0 0 0 0 0 0 0 0 0 0
0.6319403159 0.5062529184 0.508762027 0.7729618485 0.7723657626 0.7809045483 0.7868291366 0.7561327548 0.6517365008 0.6468170448 0.6425180045 0.640407601 0.5887110799 0.5902781228 0.6902186899 0.6710435778 0.7283578465 0.6752538797 0.6709562361 0.7047559347 0.6641220198 0.66122344 0.7378680425 0.6479456934 0.7331575878 0.6665516149 0.6600426591 0.8396334427 0.8757206996 0.8680960057 0.8860048452 0.8811164634 0.8867260381 0.8869098225 0.6394560125 0.6453894916 0.6422154815 0.5161219509 0.6807836594 0 0 0 0 0 0.7210283268 0.6553090386 0.7699776951 0.7716749796 0.7711782956 0.6263597729 0.6348170143 0 0 0 0 0 0 0 0 0 0 0 0 0 0 0 0 0 0 0 0 0
0.8702469296 0.860051231 0.8598365104 0.7817237367 0.7849970161 0.6134660339 0.782048548 0.7883075693 0.6407635128 0.6339309812 0.6371245867 0.5937655269 0.5883189202 0.6233984908 0.6257317385 0.6248975227 0.8459715338 0.6988499715 0.7080096044 0.6667923055 0.6627832597 0.658578879 0.6561276319 0.6482967271 0 0.6638020999 0.6614267405 0.7998120143 0.7902558083 0.7997450463 0.8900402539 0.8872077534 0.6347246019 0.8904549524 0.6299344615 0.6372710399 0 0.8454161407 0.6748054679 0.6712908262 0 0 0.8347783548 0.6549343341 0.6529730205 0.6534075362 0.6485706961 0.765142259 0.7742348645 0.6544268014 0.6459979832 0.6475667655 0 0.6472528197 0 0 0 0 0 0 0 0 0 0 0 0 0 0 0 0 0 0
0.8716249312 0.8688013823 0.7875300719 0.7820842921 0.7917160395 0.7955338713 0.7698123247 0.6418476026 0.647843209 0.6379687937 0.632715912 0.6411115751 0.5670940981 0.6412589345 0.6158742731 0.8573893293 0.570240109 0.6942773834 0.7025869557 0.6535635664 0.6612866365 0.6629534137 0.6558034014 0.6572142314 0.6515154758 0.6540150285 0.6590777195 0.7835541265 0.7879376739 0.7954882364 0.7655379487 0.7706523874 0.8960397812 0.8963357673 0.6354217963 0.6291318313 0.6227215644 0.6240693436 0 0 0 0.5423331665 0.8344762721 0.7698493704 0.6522557561 0.6447497039 0.6526538033 0.7728961373 0.759615674 0.6621429615 0.6511937397 0 0 0.6489387872 0 0 0 0 0 0 0 0 0 0 0 0 0 0 0 0 0 0
0.8689262377 0.8701216099 0.8780817513 0.7319286796 0.7407194915 0.6268726009 0.8120218119 0.7917344305 0.800579586 0.797458268 0.6371646113 0.6309675168 0.6363752588 0.6764732053 0.6032693813 0.567828171 0.5700436766 0.6967407265 0.8445809981 0.8228014595 0.6522066187 0.6600069222 0.6595368758 0.5967519314 0.6534844492 0.875634926 0.8740789515 0.8730381155 0.785917135 0.790614685 0 0.7668398551 0.6367968838 0.637935681 0 0.6288020283 0.6196383076 0 0 0.6171753075 0 0.6535469702 0.7064458712 0.6994565963 0.6461965811 0.6468896083 0 0.6996612899 0.6954786744 0.8171143072 0.8242994163 0 0 0 0.651933384 0.6664138662 0 0 0 0 0 0 0 0 0 0 0 0 0 0 0 0
0.8691037236 0.8724567902 0.7313266696 0.7317880757 0.7248695745 0.7285617479 0.8138469491 0.8107979258 0.7858194676 0.7912846555 0.6391807359 0.630470984 0.6267293742 0.6288945919 0.6218023648 0.5732017046 0.6492770089 0.6566149865 0.6590901504 0.6598494171 0.6608937512 0.6844417465 0.8501792362 0 0.6593892894 0.6231385149 0.874061385 0.8741700668 0.8560386944 0.6884184471 0.5817492894 0.569282586 0.6431040595 0.6338973867 0.6372936554 0.5927417006 0.6293705126 0.5955653989 0.6453666427 0.6117787587 0.7060220893 0.7046298363 0.6992048888 0.6577989969 0.8491955347 0 0.8080763258 0.8010629006 0.8065901654 0.8113434517 0.8176296526 0 0 0.6514902438 0.6561457825 0 0 0 0 0 0 0 0 0 0 0 0 0 0 0 0 0
0.5934490715 0.5931590426 0.7453347864 0.7227288522 0.7235655359 0.7561823728 0.8164445906 0.7880838402 0.7922547351 0.78426953 0.6297085828 0.6261435206 0.6260824401 0.6215779202 0.7853560631 0.6497234732 0.6525666242 0.6582635908 0.6603923452 0.6616996164 0.8385223869 0.842925495 0.6996265044 0 0.5658098087 0.5875646675 0.8776131477 0.8628737011 0.7745743576 0.8737386551 0.6568231071 0.6295555923 0.6301703986 0.6259274809 0.6255690312 0.6122986303 0.5931752789 0.6050336684 0.6054758397 0.6119425311 0.6094844334 0.6987738505 0.7011187847 0 0.8395728114 0.8397263822 0 0.6510647459 0.806208632 0.8077278009 0.7521220192 0 0.7479071513 0.6633977533 0.6714824964 0.6675691531 0.6896052451 0.6920363944 0.6711918785 0 0 0 0 0 0 0 0 0 0 0 0 0
0.9007727075 0.9081451036 0.7198354041 0.7188699449 0.7279645219 0.729649529 0.8830893564 0.8297419872 0.5868274807 0.6614311361 0.6587834339 0.7858113118 0.6187801226 0.784065952 0.7866856853 0.565479395 0.5735614975 0.6541727756 0.5333140939 0.7847433768 0.8426920964 0.8420878902 0.6969875762 0.9002627421 0.8954462523 0 0 0.8770098467 0.87552279 0.8764575469 0 0 0.6285756926 0.6206794169 0.6230855372 0.6229906357 0.6028157209 0.5975436517 0.6031103139 0.6068684984 0.6118868951 0.6875455139 0.6930390393 0.7933007615 0.8472775869 0 0 0.807467163 0.6568372888 0.8084627229 0.8130287397 0.7452073339 0 0 0.6673934594 0.6928508967 0 0.6974338669 0 0 0 0 0 0 0 0 0 0 0 0 0 0
0.90220045 0.9119095439 0.7152406488 0.7166785492 0.6546732227 0.7072687131 0.8830198805 0.8785137664 0.6673878633 0.6587074999 0.6616288406 0.7853514848 0.7772052163 0.7834374736 0.805720117 0.5647413474 0.57458617 0.5757820422 0.5285374643 0.5323177225 0.7808847616 0.7858683358 0.8769945493 0.7245387592 0.8463651814 0.5232336162 0.7047780182 0.878896292 0.8789203448 0.8824572496 0 0.6376779383 0.6367833895 0.6223845966 0.6193959045 0.6220755767 0.638627064 0.6016610207 0.640836604 0.6082933312 0 0 0.6872226892 0 0 0 0.583655543 0.5449829027 0.8151819876 0.5496914872 0.5544046208 0 0.7475081579 0.7950459751 0 0 0 0 0 0 0 0 0 0 0 0 0 0 0 0 0 0
0.6246239755 0.9034448417 0.7201014728 0.7124998353 0.7029848697 0.7089778791 0.8850120638 0.8849946456 0.6664498429 0.6621539939 0.6682739503 0.6781680522 0.7798648955 0.7787902539 0.7795523907 0.6698180086 0.5744340867 0.6654266783 0.5330448083 0.7896099229 0.5332773105 0.7866157581 0.5508114359 0.7215667064 0.7212903974 0.7188971083 0.7281678157 0.8806621944 0.8828835872 0.6507704207 0 0.6422890354 0.7881890324 0.6210980173 0.6278001005 0.6226314404 0.6300235002 0.6374840773 0.6392159101 0 0.789984224 0 0.6850390267 0.6750173261 0 0 0.5403409927 0.5365907806 0.5334260657 0.5502185672 0.5468920565 0.7481007408 0.7559347473 0.7467416175 0.8284184211 0 0 0 0 0 0 0 0 0 0 0 0 0 0 0 0 0
0.5464825327 0.748659664 0.7505589663 0.7514811001 0.7341871859 0.5109400141 0.5099979433 0.5182825127 0.6524880803 0.8481737197 0.6989660888 0.8450050443 0.788029762 0.7841295477 0.7798865627 0.5238130572 0.8060443567 0.6595854066 0.7511500711 0.7566254799 0.7069136759 0.557083102 0.5581129462 0.5158672003 0.7256780001 0.7190887987 0.7255749362 0.8837581274 0.5861715969 0.677948859 0 0.6279285916 0 0 0.7957315723 0.7923944091 0.7942822425 0.6327483201 0.6471210466 0.6978296682 0.6904013399 0 0 0.8260084232 0.821533046 0.8217523808 0.540693241 0.5386198548 0.5440026286 0.5463033469 0.5546274903 0.8102639266 0.7466640452 0.747430693 0.7371550357 0 0 0 0 0 0 0 0 0 0 0 0 0 0 0 0 0
0.5921588759 0.7449468484 0.7439864273 0.7465451723 0.7372010015 0.8414651547 0.5059712951 0.5125658952 0.662217752 0.8517633691 0.8447947744 0.8449850984 0.6157574718 0.7960376821 0.7884259371 0.7459532992 0.7524083084 0.606397688 0.7561021943 0.7503029615 0.5264406217 0.5670595804 0.6088711538 0.6662633078 0.5831570313 0.7295785259 0.7286597593 0 0.7178200722 0.7210340013 0.6696738414 0.8909908072 0.8872763277 0 0.7955918534 0.7940267229 0.7934342935 0.8373735548 0.6971043925 0.6895536848 0.6872160739 0.7528296747 0.7436102631 0 0.8269077268 0.8249010859 0 0.5415884279 0.5426346494 0.5531730779 0.5469683407 0.5332907134 0.8121916009 0.8036736124 0.7394896822 0 0 0 0 0 0 0 0 0 0 0 0 0 0 0 0 0
0.6369240662 0.5851372203 0.6363531518 0.7473464885 0.7501745315 0.9018715108 0.5108815565 0.903680762 0.6692930667 0.8546161364 0.8493644925 0.8457908133 0.8136328336 0.789109865 0.7936047069 0.7956331641 0 0.760465305 0.7571282444 0.7566477829 0.5374780887 0.6804295507 0.7854438987 0.7781390917 0.8768757125 0.5843080446 0 0.7132196046 0 0.7100446351 0.6481966212 0.6401847655 0.8819513643 0.8036274561 0.7972303156 0.7973234786 0.8433810204 0.8358225069 0.8434488451 0.6034170805 0.682991838 0.7532568673 0.7447587386 0 0 0 0.8281803634 0 0 0 0 0.7304046124 0.5289913199 0.7989793016 0.7355847623 0.7274942259 0.7291341547 0 0 0 0 0 0 0 0 0 0 0 0 0 0 0
0.7911322335 0.6337666943 0.6385370429 0.7475673666 0.8512893579 0.9057414636 0.8986027182 0.908541137 0.6705192597 0.8537741732 0.6099309486 0.8892030384 0.7287986688 0.8374111476 0.798586669 0.8050244223 0.7990896502 0.6251203261 0.7844292979 0.7827104046 0.538919369 0.7754843217 0.7752766122 0.6623522538 0.7727969058 0.8979108199 0.8422090607 0.7119100866 0.7087231421 0.7173605761 0.6443634583 0.6438996914 0.8828883772 0.8822504572 0.8053105611 0.8430072769 0.8412231302 0.83463448 0.8428351321 0.6906965283 0.6812153805 0.7526556966 0.7475328545 0 0 0 0 0 0 0 0 0 0.5303077508 0 0.5721155607 0 0.8414382423 0 0 0 0 0 0 0 0 0 0 0 0 0 0 0
0.7826112412 0.7923578704 0.7932243515 0.7569058702 0.7524663138 0.8989894637 0.8641151369 0.9040019297 0.8914616337 0.7213809277 0.7167709388 0.6106416777 0.7241335434 0.7303215902 0.8869376024 0.6273040673 0.6265720201 0.78393534 0.7751792284 0.7813750012 0.7746812645 0.7678390538 0.7702496585 0.6512793078 0.6544284372 0.6641187723 0.9010747188 0.9011972327 0.7118338857 0.7151996065 0.7390687692 0.7394807578 0.7797416982 0.7692244741 0.7696857113 0.7753699877 0.8374606495 0.8396700648 0.840631767 0.687859957 0.6898207237 0.6879660461 0 0 0 0 0 0 0 0 0 0 0.6696032295 0 0 0 0.8462561615 0 0 0 0 0 0 0 0 0 0 0 0 0 0 0
0.5833015189 0.7912108115 0.6264209151 0.7621971439 0.7582190165 0.657206117 0.6576856305 0.6572494724 0.8187373923 0.7818165542 0.5630573485 0.7290525656 0.7261440741 0.7217234708 0.8040922271 0.6262493379 0.6276251886 0.5348163537 0.7043622862 0.7748012573 0.7727599449 0.8645691589 0.7694032702 0.6511305042 0.577210126 0.5148728511 0.5088199416 0.6499605587 0.894390181 0.8999540983 0.7376689826 0.7327555601 0 0.7738260396 0.7686768929 0.7695486096 0.8413143602 0.840220416 0.5837204323 0 0.6969966521 0 0 0 0 0 0 0 0 0 0 0 0.5543355761 0 0 0 0 0 0 0 0 0 0 0 0 0 0 0 0 0 0 0
0.5890950448 0.7277820781 0.7668175324 0.7670948735 0.6615060272 0.6557657886 0.6536054528 0.6641839905 0.6560811379 0.7826342509 0.7799246167 0.5820962487 0.7909760285 0.7258765321 0.6214051926 0.6236980658 0.6542561347 0.5426771601 0.6927929001 0.698517219 0.6975093148 0.6914431879 0.7011713468 0.756431508 0.5111003933 0.5078838768 0.5127992152 0.6475250626 0.6406409447 0.8926274751 0.8674735876 0.7344506654 0.7747443626 0.7688055535 0.7718338993 0.7695164622 0.7949456101 0.7964227996 0.5862288011 0.6983728482 0 0 0 0 0 0 0 0 0 0 0.5000682386 0.8142390237 0.5458088715 0 0 0 0 0 0 0 0 0 0 0 0 0 0 0 0 0 0 0
