landscape/hab_quality/256/simulation_000018_p051_h096_HABMAT_patch_more_500pix_modified.asc_ac_0.5_quality.asc
NCOLS 513
NROWS 513
XLLCORNER 0
YLLCORNER 0
CELLSIZE 9.980507
NODATA_VALUE NaN
[rows 396 to 431 of 513, columns 80 to 159 of 513]
0.532950709 0.5350652699 0.534356421 0.8998742523 0.6015778379 0.5539874677 0.54965136 0.5417063545 0.5216410496 0.7127879854 0.9015854722 0.6108727595 0.9045376512 0.5787159748 0.8784387914 0.869156062 0.8728640245 0.5744544375 0.5548457287 0.5455279569 0.7985229717 0 0 0 0 0.8767441839 0.5862926871 0.8731461898 0 0 0 0 0 0 0 0 0 0 0 0 0 0 0 0 0 0 0 0 0 0 0 0 0 0 0 0 0 0 0 0 0 0 0 0 0 0 0 0 0 0 0 0 0 0 0 0 0.6152603115 0.6697012432 0.6522611087 0.6670033512
0.5357121447 0.5327696766 0.54303513 0.8994353771 0.6877866984 0.521921857 0.5466841675 0.5288847577 0.8811441643 0.8895486187 0.895645836 0.8944588277 0.8904388248 0.9034989992 0.9060785465 0.799385047 0.6865840778 0.6865895572 0.5316640704 0.8110727309 0.5474445699 0 0 0 0.876533894 0.5803288685 0.6468951051 0.589521801 0 0 0 0 0 0 0 0 0 0 0 0 0 0 0 0 0 0 0 0 0 0 0 0 0 0 0 0 0 0 0 0 0 0 0 0 0 0 0 0 0 0 0 0 0 0 0 0 0.6061419306 0.6565905294 0.6567740844 0.6592595737
0.5412967604 0.8033954021 0.5321315717 0.5399732077 0.5409605115 0.5154415823 0.5318260271 0.5200657315 0.8796987294 0.8808643665 0.8846577736 0.8868405518 0.8944457181 0.901659911 0.9082210793 0.7853726968 0.687277212 0.6834788038 0.6167327164 0.8658933746 0.7578891523 0.5507054058 0.6263144937 0.635772061 0.6320192101 0.6396684543 0.6464612349 0.656032739 0 0 0 0 0 0 0 0 0 0 0 0 0 0 0 0 0 0 0 0 0 0 0 0 0 0 0 0 0 0 0 0 0 0 0 0 0 0 0 0 0 0 0 0 0 0 0 0 0.5774636352 0.6618500091 0.6613759675 0.6599810169
0.5498271445 0.5360485971 0.5299984481 0.5365680744 0.8825683476 0.5169201291 0.5149106881 0.5132233577 0.521021107 0.8755543289 0.8776375091 0.8867775121 0.6193800679 0.900819457 0.9096512845 0.8146391329 0.7783546728 0.6914593922 0.7949577444 0.6928294106 0.9018219699 0.626374192 0.618036938 0.6263042598 0.6219674323 0.6139990695 0.647205855 0.6547082175 0.6569210103 0 0 0 0 0 0 0 0 0 0 0 0 0 0 0 0 0 0 0 0 0 0 0 0 0 0 0 0 0 0 0 0 0 0 0 0 0 0 0 0 0 0 0 0 0 0 0 0.7660310174 0.676419787 0.5631524929 0.7773035549
0.5727363085 0.5320425634 0.5325851373 0.531361849 0.5899795344 0.516166019 0.5216944308 0.5125821227 0.5118760802 0.7552343987 0.8793096425 0.8821022459 0.5392194528 0.5424862871 0.9055828492 0.8086985508 0.6849134884 0.6817966023 0.5886682611 0.8958680521 0.618438458 0.6247183675 0.6179453121 0.6207939937 0.6137403294 0.6937279649 0.5940029326 0.6642625809 0.6547613443 0 0 0 0 0 0 0 0 0 0 0 0 0 0 0 0 0 0 0 0 0 0 0 0 0 0 0 0 0 0 0 0 0 0 0 0 0 0 0 0 0 0 0 0 0 0 0.7605005763 0.7658149158 0.5624850067 0.6541908792 0.8148799357
0.5319381063 0.5386655312 0.5538916641 0.5338753677 0.879900397 0.8719078062 0.5176754068 0.516913894 0.5176667399 0.5136994835 0.5348972064 0.5328985043 0.5364445683 0.545274317 0.8014681242 0.869192321 0.8081044558 0.6900624432 0.626513524 0.8887120498 0.6231334369 0.617651428 0.6133170258 0.6108523299 0.6192741369 0.6205055014 0.6262145512 0.6723142624 0.6697470702 0 0 0 0 0 0 0 0 0 0 0 0 0 0 0 0 0 0 0 0 0 0 0 0 0 0 0 0 0 0 0 0 0 0 0 0 0 0 0 0 0 0 0 0 0 0.8163401459 0.7592372762 0 0.6303772057 0.6361837529 0.8201833633
0.5353666962 0.6118457301 0.5380866183 0.6576725183 0.8766562706 0.857601568 0.8674328789 0.8604228871 0.8601846001 0.8677976067 0.5160153093 0.5467348605 0.5376887692 0.5743501767 0.7727166796 0.7995169815 0.6281220421 0.6368941714 0.6299359421 0.6249516428 0.62875551 0.6222938319 0.6151139893 0.6232935053 0.6154320789 0.619862957 0.6245070935 0.757377081 0 0 0 0 0 0 0 0 0 0 0 0 0 0 0 0 0 0 0 0 0 0 0 0 0 0 0 0 0 0 0 0 0 0 0 0 0 0 0 0 0 0 0 0 0 0 0.8243279908 0 0.6019207038 0.6275233347 0.6346587996 0.6416106858
0.5243846748 0.8833324279 0.5414420737 0.8827999285 0.8776140448 0.8698643806 0.8672445342 0.8607437122 0.8678859469 0.8638390084 0.8747473162 0.5465359595 0.584739231 0.5446140636 0.8812692512 0.6302975661 0.6955410564 0.7289067273 0.6315026787 0.6275424518 0.6215511875 0.6203989789 0.6226508207 0.6242206622 0.6179404176 0.6157785198 0.6244195167 0.7482917151 0 0 0 0 0 0 0 0 0 0 0 0 0 0 0 0 0 0 0 0 0 0 0 0 0 0 0 0 0 0 0 0 0 0 0 0 0 0 0 0 0 0 0 0 0 0 0 0.899001388 0.6781257242 0.8990616466 0.7608656897 0.7631954165
0.5256226055 0.8609500156 0.5474419672 0.6716256796 0.8732979404 0.8757739825 0.8718704379 0.8647779837 0.8659783683 0.8720148788 0.8718295272 0.8157718261 0.8232476836 0.823572191 0.583105794 0.5791852355 0.5705853097 0.6263479397 0.6321788079 0.6265046629 0.6229006188 0.6225629931 0.6249969099 0.6315425602 0.6257648028 0.7929544299 0.7437009052 0 0 0 0 0 0 0 0 0 0 0 0 0 0 0 0 0 0 0 0 0 0 0 0 0 0 0 0 0 0 0 0 0 0 0 0 0 0 0 0 0 0 0 0 0 0 0 0 0.778600246 0.8961643568 0.7744645451 0.756693536 0.7552386367
0.528463231 0.8658861698 0.8605659427 0.8678117874 0.8579662287 0.8735752671 0.8668289862 0.8748994575 0.8648491006 0.8676291856 0.520284505 0.847733191 0.8152180353 0.5874511694 0.5848021217 0.5786338754 0.5729108189 0.6291391766 0.6305380159 0.8402649732 0.6282468523 0.5452141939 0.7422013151 0.6388913625 0.7831196257 0.648216706 0 0 0 0 0 0 0 0 0 0 0 0 0 0 0 0 0 0 0 0 0 0 0 0 0 0 0 0 0 0 0 0 0 0 0 0 0 0 0 0 0 0 0 0 0 0 0 0 0 0.5423776771 0.7694911914 0.7055675957 0.711074035 0.7649844266
0.6371197084 0.8696314374 0.8618541645 0.8577738538 0.8602934652 0.868148086 0.8692122836 0.873412265 0.6595521714 0.8717479551 0.8440553855 0.8408669532 0.8422614667 0.6354123795 0.587291028 0.5745788346 0.5667966995 0.5684387644 0.5711602801 0.7477876762 0.8751467382 0.7395103918 0.7490765764 0.7769684402 0.7884735045 0 0 0 0 0 0 0 0 0 0 0 0 0 0 0 0 0 0 0 0 0 0 0 0 0 0 0 0 0 0 0 0 0 0 0 0 0 0 0 0 0 0 0 0 0 0 0 0 0 0 0.7764053217 0.7698192956 0.7699638989 0.7096277757 0.7716116001
0.6211192887 0.6289939713 0.6910564953 0.8475305233 0.8893941914 0.8945472925 0.8766856797 0.8767048971 0.7295285861 0.724858969 0.868592686 0.8467508901 0.8214638735 0.5903245343 0.5862140211 0.5791877902 0.5690712353 0.5667562073 0.5694434503 0.5775497101 0.73957592 0.7351848164 0.5610841336 0.7860042167 0.8857608834 0 0 0 0 0 0 0 0 0 0 0 0 0 0 0 0 0 0 0 0 0 0 0 0 0 0 0 0 0 0 0 0 0 0 0 0 0 0 0 0 0 0 0 0 0 0 0 0 0 0 0.5074780793 0.5123891488 0.5091016196 0.7601136347 0.781483843
0.6203698192 0.6283495962 0.8154854844 0.8988514567 0.8929286237 0.8932843199 0.7248059177 0.7302789294 0.7225224295 0.7236301267 0.723863746 0.6223533597 0.8522407418 0.5812530777 0.585821959 0.5769205918 0.5693949846 0.5738559215 0.5687283743 0.5755357102 0.7979405535 0.7466479371 0.7443180166 0.895503884 0.8914798584 0 0 0 0 0 0 0 0 0 0 0 0 0 0 0 0 0 0 0 0 0 0 0 0 0 0 0 0 0 0 0 0 0 0 0 0 0 0 0 0 0 0 0 0 0 0 0 0 0 0 0.5099160129 0.5058100843 0.5145347724 0.5404727918 0.6027899287
0.6240639179 0.6216956412 0.6293525376 0.5826985204 0.7902958972 0.5268955477 0.7272888255 0.724623053 0.7212486365 0.7148196558 0.7201070193 0.7285230976 0.6580895292 0.653279164 0.5798993745 0.5742291929 0.5801158241 0.7830224606 0.5772872903 0.8061441528 0.8022208938 0.7989225687 0.7446747714 0.749838781 0.7585917369 0 0 0 0 0 0 0 0 0 0 0 0 0 0 0 0 0 0 0 0 0 0 0 0 0 0 0 0 0 0 0 0 0 0 0 0 0 0 0 0 0 0 0 0 0 0 0 0 0 0 0.5147655299 0.514300721 0.5108997458 0.8411875522 0.5478625604
0.7361467854 0.7727406415 0.5822314863 0.8279684312 0.522268136 0.5204393775 0.5223000845 0.8251120664 0.7162778865 0.7155527602 0.719878219 0.6488126246 0.6502651913 0.6523710466 0.6597219299 0.5859105885 0.584989142 0.5805747131 0.8839840122 0.7822525294 0.8040931698 0.8082506518 0.5388749647 0.7225191468 0.7594367882 0.7650838112 0.7778726746 0 0 0 0 0 0 0 0 0 0 0 0 0 0 0 0 0 0 0 0 0 0 0 0 0 0 0 0 0 0 0 0 0 0 0 0 0 0 0 0 0 0 0 0 0 0 0 0.768285849 0.7673228768 0.8391452471 0.8388479516 0.8410960473 0.8533729599
0.7349326407 0.7401719802 0.773550692 0.8278075827 0.520728036 0.5170059756 0.805034171 0.7888061947 0.7234472272 0.7275862512 0.6511486761 0.6442586344 0.642681981 0.6470950801 0.6526295547 0.8636173537 0.8425064446 0.7085864632 0.6662355867 0.6620739024 0.666111389 0.6753463599 0.8031431544 0.7283701346 0.7312620089 0.5816902976 0.5020446063 0 0 0 0 0 0 0 0 0 0 0 0 0 0 0 0 0 0 0 0 0 0 0 0 0 0 0 0 0 0 0 0 0 0 0 0 0 0 0 0 0 0 0 0 0 0 0.7670127389 0.7670297297 0.7700577884 0.5782753917 0.8404108578 0.8471200019 0.8537995956
0.844691058 0.8432906719 0.8451845359 0.8393153434 0.8394476568 0.8248471599 0.5174298565 0.7789191229 0.8804842373 0.8765092629 0.6775585318 0.6494657182 0.647140599 0.64618435 0.6486625062 0.8258714337 0.9084452263 0.6028969272 0.6604077922 0.6575082792 0.6678985701 0.6566951346 0.6580611184 0.6545348746 0.6590281575 0 0 0 0 0 0 0 0 0 0 0 0 0 0 0 0 0 0 0 0 0 0 0 0 0 0 0 0 0 0 0 0 0 0 0 0 0 0 0 0 0 0 0 0 0 0 0 0.685323932 0.5091064718 0.5313963447 0.7384310625 0.5697422881 0.848914029 0.8413360494 0.8549162343
0.8394401531 0.8364457144 0.5468428497 0.835082037 0.8385671752 0.5604778077 0.8746528309 0.5164650391 0.5236770808 0.6909269338 0.6566735371 0.653241727 0.7395222668 0.6514914366 0.6524676319 0.6880688949 0.7229317444 0.898726666 0.6641357924 0.6685017834 0.8917530686 0.6583714174 0.6540762977 0.6524123807 0.6543896419 0 0 0 0 0 0 0 0 0 0 0 0 0 0 0 0 0 0 0 0 0 0 0 0 0 0 0 0 0 0 0 0 0 0 0 0 0 0 0 0 0 0 0 0 0 0 0 0.8167356003 0.7170607056 0.8382678876 0.5325973545 0.5678522007 0.5696987638 0.848944229 0.5144641118
0.5656139834 0.5786584169 0.8278067755 0.828439847 0.8441496452 0.5650431941 0.5558891325 0.515732104 0.5680863366 0.6841747597 0.6859674388 0.6245365015 0.8165227774 0.5474557617 0.8332801381 0.8773653284 0.6550259552 0.5598390258 0.5588483111 0.5625551387 0.6597781753 0.6568966472 0.6539828654 0.6591969655 0.6541589946 0 0 0 0 0 0 0 0 0 0 0 0 0 0 0 0 0 0 0 0 0 0 0 0 0 0 0 0 0 0 0 0 0 0 0 0 0 0 0 0 0 0 0 0 0 0 0.5882297551 0.5953870991 0.8289728378 0.8241890797 0.8378179757 0.567973312 0.5002283687 0.534311941 0.6945163465
0.7627328339 0.7648130511 0.8336111444 0.8281014756 0.8469060368 0.5570127988 0.5640787321 0.6855312007 0.6756337031 0.6808727493 0.5750545579 0.8641236654 0.7861576834 0.5761880919 0.5396669913 0.7700350463 0.6507248086 0.5703151327 0.5588229583 0.7531901995 0.7475131822 0.656143306 0.6611658553 0.8224396043 0.820874643 0.8244447695 0 0 0 0 0 0 0 0 0 0 0 0 0 0 0 0 0 0 0 0 0 0 0 0 0 0 0 0 0 0 0 0 0 0 0 0 0 0 0 0 0 0 0 0 0.5627113001 0 0 0.8219531093 0.829197506 0.542695304 0.5276581705 0.7789227133 0.5003611811 0.6980125768
0.6942441669 0.6538440636 0.6547908108 0.715636731 0.8314299165 0.5245874246 0.60587094 0.7521233187 0.6249622111 0.5514271716 0.7585743205 0.5246585747 0.5011189177 0.5095070999 0.5080543316 0.6600884963 0.6595189603 0.5674368866 0.5607674316 0.74912479 0.7459156476 0.7479193794 0.7510392072 0.8204237427 0.8146710023 0.8229777377 0 0 0 0 0 0 0 0 0 0 0 0 0 0 0 0 0 0 0 0 0 0 0 0 0 0 0 0 0 0 0 0 0 0 0 0 0 0 0 0 0 0 0 0 0 0.5364466754 0.5060314365 0.8275321277 0.7327489192 0.5384581535 0.5387255376 0.5137661362 0.781738686 0.6979971016
0.5275588566 0.5285675426 0.6516792714 0.7667478464 0.6578373481 0.6035918274 0.6041758837 0.6029674784 0.5436956039 0.551307569 0.7719903255 0.5088577933 0.5153996071 0.505921682 0.667336954 0.6803051644 0.8007736096 0.6844463127 0.7889856968 0.7555277392 0.747704792 0.7465363741 0.7492767124 0.7541860649 0.8189005521 0.7211091022 0 0 0 0 0 0 0 0 0 0 0 0 0 0 0 0 0 0 0 0 0 0 0 0 0 0 0 0 0 0 0 0 0 0 0 0 0 0 0 0 0 0 0.6291987206 0.5319644776 0.5272990024 0.5312942633 0.5410791145 0.7269822708 0.5406558959 0.5340664269 0.5407834866 0.5434562965 0.6839954411 0.8288100223
0.5355738765 0.5350296746 0.6519551396 0.6550596596 0.8049069454 0.7424977165 0.601814532 0.6069781982 0.5475243625 0.5514196996 0.7696533658 0.7479878626 0.7985670019 0.5099101019 0.5639597841 0.6784405056 0.6877921597 0.6994973422 0.727297088 0.791121119 0.7976593026 0.7507536502 0.7529986177 0.762719432 0.5911070059 0.7059816378 0.6178655382 0 0 0 0 0 0 0 0 0 0 0 0 0 0 0 0 0 0 0 0 0 0 0 0 0 0 0 0 0 0 0 0 0 0 0 0 0 0 0 0 0 0.6203054709 0.6230869836 0.5287143657 0.5288188185 0.7707780814 0.8919458857 0.5388549137 0.8983849485 0.5408792999 0.824068859 0.8238799888 0.7420072661
0.5426730289 0.8176856134 0.7067612024 0.8135043752 0.7475090723 0.7493022857 0.7487763411 0.6069386959 0.8777153302 0.6184577809 0.5175378746 0.5207503878 0.7004807736 0.6987109591 0.5095750711 0.681985284 0.6216044724 0.8981533382 0.7341534315 0.73329611 0.7988725621 0.7552733196 0.7560181379 0.5376120892 0.7092554697 0.6240008156 0.5385652917 0.5336452953 0.5241414979 0 0.7759964428 0.7836280474 0 0 0 0 0 0 0 0 0 0 0 0 0 0 0 0 0 0 0 0 0 0 0 0 0 0 0 0 0 0 0 0 0 0 0 0 0.6175270079 0.6206001639 0.6211937435 0.830408986 0.8856215261 0.5526282222 0.8903592737 0.9006530441 0.7259925749 0.6831553405 0.537407732 0.8332746788
0.812590468 0.5030057136 0.8097841713 0.5610325793 0.7724502659 0.7443555106 0.6120084869 0.6336463665 0.610557933 0.509133364 0.5097314207 0.5271145059 0.6371051118 0.7710784612 0.5685500078 0.510527844 0.8702345328 0.6060295165 0.6049547473 0.8659545095 0.7351389862 0.5336971045 0.7639501635 0.7604306924 0.5485044891 0.5441310499 0.5320108221 0.5304331681 0.5392316669 0.5437315031 0.5441160533 0.7875564808 0.7181728559 0.5228268804 0 0 0 0 0 0 0 0 0 0 0 0 0 0 0 0 0 0 0 0 0 0 0 0 0 0 0 0 0 0 0 0 0 0.6094231666 0.6103056438 0.6151987864 0.6199482339 0.624909403 0.8883424017 0.8858089206 0.8918090735 0.5684726747 0.6483858555 0.8086854479 0.8072458941 0.8142021658
0.8116964426 0.8068502189 0.8118607558 0.8114761045 0.649267576 0.6146873891 0.6199271813 0.6136793416 0.5948350729 0.5630836938 0.5183347877 0.7754490624 0.7342474936 0.8824237562 0.883533214 0.5164386728 0.5124099157 0.772120985 0.6005598084 0.6073107978 0.730751787 0.7310372515 0.7348020055 0.6992957933 0.6928121124 0.5418150878 0.5356260708 0.7535728994 0.5406998204 0.5374120133 0.537497681 0.5983325688 0.694656062 0.6990492091 0.6983697313 0 0 0 0 0 0 0 0 0 0 0 0 0 0 0 0 0 0 0 0 0 0 0 0 0 0 0 0 0 0 0 0.6144782037 0.6143656763 0 0.6194056496 0.545828356 0.6278404756 0.5285185921 0.8868486874 0.8871252027 0.8912053192 0.7651053507 0.6564980539 0.8161253664 0.7236849925
0.8813051025 0.8116583377 0.8150060219 0.7712709483 0.8186088039 0.7641433091 0.5487928449 0.5474968339 0.5981134987 0.7441258488 0.8032987946 0.7917037942 0.8792295285 0.8777768083 0.8768190739 0.7065622952 0.7004152174 0.6077337724 0.591718992 0.5923660974 0.595365588 0.7360410927 0.8600781521 0.8807363264 0.7608218845 0.6902880936 0.6073254724 0.5410298576 0.7416653268 0.5323495659 0.8616423297 0.7040161463 0.698172717 0.6944504463 0.703697361 0.7110428956 0.8471455858 0 0 0 0 0 0 0 0 0 0 0 0 0 0 0 0 0 0 0 0 0 0 0 0 0 0.5065768735 0.7075231736 0.5484131756 0.617542694 0.6173368522 0.6191133156 0.6222087671 0.6187092686 0.6205436335 0.6283510579 0.7460806986 0.7442009744 0.7178339307 0.8741474248 0.7559715946 0.8232565854 0.8202175792 0.7146267786
0.8914581895 0.8196233253 0.7781091741 0.7686109287 0.7619975043 0.691105497 0.5513738611 0.7043612763 0.5555493557 0.6066503422 0.6896845406 0.8517149405 0.8821093603 0.8741158277 0.8277324307 0.7065987074 0.7175214653 0.8950025669 0.598032722 0.5900983878 0.593449851 0.8050347153 0.60856326 0.8737746528 0.808733209 0.8402924139 0.6820873594 0.7350728631 0.54065324 0.534924688 0.5373093399 0.711336948 0.6947524298 0.7042208334 0.7016173082 0.7096452188 0.8644078089 0.65152087 0 0 0 0 0 0 0 0 0 0.5976168158 0.591929734 0.5987179702 0 0.6002647331 0.6038536556 0 0 0 0 0 0 0.8457397027 0.5432443608 0.5629409034 0.7108509409 0.5504756305 0.5455298753 0.5430067817 0.5505517747 0.5565241663 0.6201698098 0.7008415808 0.6236939219 0.6297114126 0.7489237314 0.7455482883 0.7514583271 0.7516034641 0.7861749411 0.7473394104 0.7138621298 0.8314950427
0.8831366135 0.8880375674 0.7762310921 0.7712753945 0.7751115189 0.7858690375 0.5833954757 0.7718513221 0.8101883873 0.8275300672 0.527437109 0.6246949763 0.5196838688 0.5170103021 0.8759577059 0.7513321388 0.8842913185 0.5254950497 0.5903505094 0.5999849794 0.5904220437 0.5910406487 0.5998773196 0.609662432 0.6991605803 0.6899429822 0.6829186897 0.6925103503 0.5496957337 0.5434035047 0.6393506985 0.7172578958 0.7089446832 0.7062562806 0.710603293 0.9041442856 0.6443659058 0.5155825066 0.7498385874 0 0 0 0 0 0 0.5719464351 0.6010875466 0.6024289896 0.6010369949 0.7088313123 0.7071337795 0.838637421 0.906226003 0.8674572704 0 0 0 0 0.8767673178 0.8776917822 0.5434403503 0.7503241553 0.6350187841 0.7872121468 0.543148667 0.5502059054 0.7132033325 0.6921956467 0.6973002122 0.6996791331 0.5615836572 0.7609935632 0.7523818828 0.7527140822 0.5870060047 0.7936742774 0.5860926084 0.8876180971 0.8288699524 0.8321575352
0.7480367359 0.8923251819 0.7720422847 0.7758647138 0.7779739292 0.5832451328 0.5859350534 0.8478575341 0.7703173825 0.8499769081 0.5334600736 0.5251382217 0.5157211523 0.5176033298 0.7296834736 0.7549643113 0.7457932206 0.8815227667 0.8843097661 0.5964741142 0.594561783 0.5970797261 0.6012807373 0.6056237518 0 0.6924619578 0.5746538266 0.7490465521 0.8963438827 0.9014903097 0.8971783908 0.7130818358 0.7125150099 0.7153692814 0.8972504093 0.906506551 0.7439491546 0.5419537332 0.7474474925 0.7427218732 0 0.7481084331 0 0 0 0.5637261493 0.5716437494 0.6082784945 0.8178713287 0.7081055733 0.7026409022 0.8974406202 0.7044734868 0.5294813106 0 0.6545560676 0.6588547558 0.8382907596 0.8750980196 0.761876321 0.8144362171 0.8115678706 0.8120190808 0.6603776451 0.7783467775 0.6889158258 0.6835688161 0.6882549541 0.6918929682 0.6935636729 0.7309297159 0.7576624339 0.7619603129 0.7651422813 0.5779189251 0.5777748933 0.5829615391 0.5559714754 0.8274223687 0.8265949662
0.6128603831 0.5994313863 0.7851456572 0.7787574225 0.7797693378 0.5171916591 0.5854076986 0.6949927977 0.5843828895 0.6027318028 0.5328132546 0.5509342726 0.523077815 0.5183528095 0.6885851992 0.5980425485 0.5097483812 0.7126859939 0.8861811196 0.7436442151 0.5126786356 0.5971800459 0.6040593095 0.8433883521 0.5740475235 0.6928654955 0.8917028886 0.8857040266 0.8944472162 0.8962885591 0.8966602337 0.739345297 0.5657751786 0.8976000598 0.7187876569 0.9026097903 0.7051445855 0.667009934 0.6595841283 0.7458885339 0.7424920874 0.7664797398 0.751785131 0.5643074946 0.5680730016 0.5705121896 0.7135069452 0.5529074241 0.6139606455 0.7095113778 0.7011075363 0.6954730965 0.5333633033 0.5227659487 0.5171535933 0.656426673 0.7258941474 0.7236252826 0.7169619077 0.655722062 0.7136541456 0.8057226599 0.6496228004 0.6548536749 0.5405800849 0.6772776706 0.6815234905 0.6823018971 0.6855768991 0.6977633927 0.5977202308 0.7636183222 0.764868678 0.7691899064 0.5829378053 0.5867398851 0.5860504181 0.6700373918 0.6135423666 0.828343489
0.5629614768 0.5638642441 0.6697768468 0.8871923261 0.8801456465 0.8790521438 0.8799964262 0.723788672 0.5088867911 0.6554532066 0.5188909378 0.6157666512 0.5202008405 0.5379693287 0.7562508323 0.6770489962 0.7138704863 0.7197805234 0.7197351577 0.5637292046 0.5644996789 0.8292836534 0.8239475568 0.8295019176 0.7290256705 0.5263393143 0.8940177935 0.8883221079 0.8871649756 0.9056142866 0.8974684729 0.6424810295 0.6402062065 0.5928510971 0.5915482361 0.600927424 0.7056879881 0.7147907119 0.6801727868 0.7521423025 0.7472091163 0.7253746392 0.7545238601 0.7527120622 0.5774157995 0.7205630803 0.5264225852 0.8568488749 0.8512697915 0.702355084 0.7013559233 0.69868601 0.7014506561 0.5168492648 0.5260328674 0.7135218733 0.7179717817 0.7166361065 0.718140722 0.7182186594 0.811987991 0.8139397947 0.8140385304 0.6722743056 0.6719459686 0.6700289675 0.6733173242 0.678061031 0.6892819427 0.588945483 0.5923953125 0.5154575937 0.515244131 0.5194513516 0.5340240628 0.5150770667 0.6128926983 0.6140415268 0.6119140062 0.6184316599
0.5644788236 0.5703183558 0.7348124772 0.7689007156 0.8771779197 0.8823246778 0.8824681315 0.8895401661 0.5042901447 0.5961665557 0.5251405774 0.5179987547 0.8419296258 0.5259029884 0.6763425659 0.5823076271 0.803916159 0.5221307186 0.5143838307 0.5211090154 0.7503426096 0.8297518161 0.8279314943 0.8330114575 0.589086621 0.516399052 0.8985962615 0.8892681931 0.8934486042 0.6293600015 0.6332907808 0.6316821708 0.6370368551 0.6397414496 0.6436460103 0.5977270951 0.6531581951 0.8619868827 0.5790637081 0.7891104413 0.7186670477 0.6001126576 0.7603498454 0.7581763699 0.581169578 0.5167302674 0.5710440007 0.8597354829 0.7026051507 0.6561665159 0.6591643342 0.5090386434 0.508189341 0.5120362546 0.522554353 0.7123047034 0.708227006 0.7129739199 0.7113130749 0.7027194697 0.8181834941 0.8158643164 0.6906639337 0.6692564919 0.66799595 0.6657050342 0.6727489964 0.6788581052 0.6859072651 0.5123404381 0.5980362019 0.5507882 0.5116758264 0.5282969286 0.5270301036 0.5891370735 0.6958733361 0.6053135954 0.6150608352 0.6172232989
0.5693780926 0.7424816569 0.5163288439 0.8793490611 0.8855512598 0.8815604812 0.572313278 0.5073809293 0.711965742 0.7151180701 0.5269990893 0.5197395926 0.561560629 0.7395595913 0.5290268043 0.5748245425 0.8331356854 0.832044656 0.869328169 0.5148025889 0.8378767299 0.8480052788 0.7842675828 0.5299440138 0.5238315101 0.5226057007 0.893178435 0.8342837165 0.6890392808 0.626123379 0.6233529961 0.6283735373 0.6358632241 0.6435758727 0.6470812843 0.6529999977 0.5246403845 0.8528148956 0.7990538009 0.7905901173 0.7418039759 0.6011120548 0.5945066619 0.5905632324 0.5173756834 0.5258357755 0.5183446057 0.5699336188 0.6603115929 0.6560463186 0.6532583292 0.5109098044 0.5159490202 0.5126351093 0.5168280996 0.7099268942 0.707503704 0.7046376474 0.6957915538 0.7005332941 0.69549097 0.8182724551 0.8214584957 0.6701667521 0.6734031056 0.6240280197 0.6667879884 0.5928297882 0.6540343783 0.5486297241 0.56403244 0.7901057332 0.7147719694 0.5343166547 0.596385099 0.5988605496 0.5925600797 0.6071372542 0.7731792293 0.780730275
0.5721976326 0.5295824034 0.5901113611 0.5732246162 0.5774345548 0.5740713245 0.5651793725 0.7140723697 0.7054052248 0.7115361918 0.6081393158 0.8934810011 0.5864927227 0.7369202078 0.5840833006 0.5198442709 0.8270210571 0.8244463939 0.8278463491 0.8387661598 0.7575192918 0.8287010225 0.5301365019 0.7570458565 0.6109426436 0.60355523 0.820621195 0.6928349859 0.8869447739 0.6890460067 0.6259965268 0.6312069286 0.630792126 0.6396861902 0.6442844032 0.557395518 0.602730036 0.851193595 0.6316602752 0.8913285627 0.6044090383 0.596882106 0.5995911834 0.5916055179 0.7072813472 0.7002243339 0.7081534342 0.6633977684 0.6622393771 0.6552973671 0.6574157356 0.6594636756 0.5249778051 0.5220697839 0.718441874 0.7151906673 0.7093844274 0.7046899148 0.7035418532 0.6938305687 0.7010615536 0.6995463991 0.7043538593 0.7028583525 0.7051446503 0.6519145288 0.673758257 0.6693718107 0.517632614 0.5262143348 0.5238611145 0.7839519646 0.6084668332 0.5799474751 0.6062030052 0.6016571799 0.8756708236 0.7719608054 0.7713433221 0.5392982119
0.5699323077 0.7867830172 0.5881000858 0.7131204952 0.5740760129 0.5698459716 0.5713486285 0.7084019027 0.709176763 0.7062600663 0.6263596156 0.768840967 0.5904145715 0.5827730441 0.51681187 0.512968332 0.8309368847 0.8288334037 0.8283929273 0.5963289496 0.5966775245 0.6029638655 0.5155160682 0.869809756 0.6010428058 0.8179358934 0.8938051282 0.8883407869 0.5274778372 0.5376669694 0.7781372106 0.775882357 0.6239433587 0.5547929481 0.5475523464 0.5511675274 0.6544144801 0.6059825823 0.5520791365 0.6437956365 0.7978914651 0.5096303754 0.6566177929 0.8068617497 0.800511897 0.798772698 0.7012743055 0.6651341081 0.6778901288 0.663954897 0.6604410206 0.5344430093 0.5315167122 0.5325910934 0.7277410705 0.7189034673 0.7137822568 0.7109260542 0.7027804705 0.7050016202 0.6918130367 0.6961840716 0.6982701616 0.6983507164 0.7065664182 0.7160785037 0.5551762311 0.7025551111 0.5168215576 0.5162471703 0.523017926 0.708114602 0.6113095762 0.5585855949 0.570300521 0.5661606715 0.5733206637 0.8812622422 0.5130692222 0.8282715985
