landscape/hab_quality/256/simulation_000006_p065_h030_HABMAT_patch_more_500pix_modified.asc_ac_0.5_quality.asc
NCOLS 513
NROWS 513
XLLCORNER 0
YLLCORNER 0
CELLSIZE 9.980507
NODATA_VALUE NaN
[rows 93 to 123 of 513, columns 350 to 419 of 513]
0.7668995905 0.7590085451 0.7591369806 0.755725039 0.812296455 0.8123815686 0.8728688003 0.8795375581 0.7887125244 0.6819826984 0.5878722475 0.6079705321 0 0 0 0 0 0 0 0.6751359286 0.6695387846 0.6791541309 0 0.6944501272 0.6971157286 0.537399731 0.5173038157 0.5171967963 0.5255821331 0.5476903526 0.7776809745 0.7706425139 0.7428446797 0.7524862952 0.6543365221 0.6276065418 0.8633340276 0.5712530804 0.5838542591 0.576317874 0.5477615666 0.5393314302 0.5395500942 0 0.5372561371 0.7256398329 0 0.714025135 0 0.7146696396 0 0 0.5501133291 0.544851893 0.5415789842 0 0.7384240533 0 0 0 0 0.7856196465 0.7856674178 0.8553284551 0.7327732552 0.8410854404 0.8366186016 0.8287749596 0.823818626 0.8249409429
0.7505561603 0 0 0.7554342527 0.7634374673 0.7727278295 0.87724259 0.8790337139 0.8976118473 0.8792352067 0.6421859907 0.783177789 0.5594047217 0 0.5841298896 0.5857854613 0 0 0 0.6720917723 0.6727808209 0 0 0.6935265604 0.6993040864 0.5136827219 0.5146389061 0.5223729378 0.5310611047 0.7805265618 0.7760611291 0.7700909422 0.7628279863 0.7494649675 0.5444987987 0.5757901027 0.5756113244 0.8712864159 0.5821289176 0.7244016107 0.5442623429 0.5395237866 0.5449866231 0.5451458376 0.5441597061 0.5791114167 0.719393748 0 0 0 0 0 0 0 0.5446691737 0 0 0 0 0.6341009762 0.8769204894 0.5838496825 0.5835992388 0 0.8476774401 0.7281844318 0.8374844994 0.8332484022 0 0.8308089811
0.8185940206 0.7479905702 0.7571308847 0.7594359336 0.7635340305 0.7684442649 0.7789119158 0.7883489736 0.8801829287 0.5364740268 0.5371740035 0.5438603641 0.6714081157 0 0.5769284761 0.576091427 0 0.68376674 0 0 0 0.6784629766 0.6839116345 0.6869512315 0 0.5138312954 0.5128348822 0.5205266325 0.6972996641 0.8037555384 0.7717933134 0.8890162033 0.7745150494 0.511324833 0.8531630891 0.7321649254 0.6513331273 0.6584517987 0.6210140947 0.6201500664 0.5478729763 0.5438850366 0.5459371368 0.5542690121 0.5550971652 0.759816398 0 0.7177806959 0 0 0.722310937 0 0 0 0.5451486037 0.9061921705 0 0 0 0 0.8636619988 0.5793863107 0.5781532304 0 0 0.7247715809 0 0 0.8316054764 0.8310616274
0.7537951562 0.7557507124 0.7554611427 0.7624173988 0.7623902479 0.6452149595 0.783957698 0.788047574 0.5531651081 0.5430420377 0.5357755327 0.5318338289 0.5374261969 0 0 0.5824052745 0.6914967813 0.6894662366 0 0 0.6945043808 0 0.6848335997 0.68516176 0.6871958895 0.699749875 0.5146262367 0.5182350768 0.5218751464 0.7341869526 0 0.7795731777 0.5107303756 0.5345908976 0.7612806234 0.6040377224 0.7198218678 0.6044120908 0.6044901256 0 0.5498812392 0.5495766865 0.5473556077 0.5491323994 0.5510656907 0.752848803 0.7231782551 0.7273640129 0.7192227754 0 0.7242613178 0.724987538 0.7353480217 0 0 0 0 0 0.5443416173 0.8613613589 0.7073184364 0.5849136943 0.6619926168 0 0.7101505097 0 0 0 0 0.5328432172
0.7833761588 0.7704419778 0.7702383811 0.7628925754 0.7625764134 0.6542660761 0.8535243123 0.7591473077 0.6457195253 0.5439857691 0.5362523662 0.5294116079 0.5594779446 0.7145034177 0.7083261862 0.7003898561 0.696536229 0.6932699756 0 0 0.6872139272 0 0 0 0 0 0.7036439841 0.8011493525 0.8043422782 0.6877885797 0.5140239734 0.507554155 0.5062900414 0.510231743 0.7570054519 0.6267458014 0.7410777627 0.6089523408 0.6032724375 0.6109289668 0.6160242032 0.556300317 0.5538208657 0.552696284 0.5546735445 0.8947866056 0.757384633 0.753043199 0.7283135331 0.7245122261 0.7273380555 0.7336726153 0.5665164589 0.5686816617 0 0.5726413832 0 0.8290548531 0.8274386091 0.6806462519 0 0.8764796276 0.5923304955 0 0.7086781634 0 0.7101962958 0 0.7528346408 0.5260277865
0.7735741297 0.7764385216 0.7735623752 0.7724289768 0.7644118092 0.5366851393 0.5749234826 0.6448716176 0.6442480369 0.6422805055 0.5294305848 0.5353955311 0.5317996917 0.7095950153 0 0.6998924263 0.6942635966 0.6962927182 0.6951301849 0 0 0 0 0 0 0.6983351457 0 0.7997692066 0.6297730641 0 0.6868739159 0.5079910781 0.5122933558 0.509570226 0.5142869621 0.5537076082 0.8347812862 0.6256936514 0.6083057923 0.6110981901 0.8938480487 0.5639907234 0.6161629185 0.8949552168 0.8900055487 0.8920923193 0.7604866885 0.8894166415 0.8901400179 0.8827273881 0.5501032284 0 0.8427370412 0 0.5682222511 0.5685939193 0.5753859903 0 0 0.6130702588 0.8399160264 0.8791333486 0.8762111843 0 0 0 0.7157324834 0.7182104615 0.7437269613 0.7426115145
0.773638806 0.7700056257 0.7789418288 0.7439918032 0.70051208 0.7246818625 0.5826703697 0.6489164628 0.6410438776 0.8204281942 0.819860289 0.8188533366 0.5818147479 0.7153170487 0.7066583582 0.7011873568 0.7039611029 0 0.7040155027 0 0 0 0 0 0.696206208 0.7021986072 0.8072690508 0.590742637 0 0 0 0 0.7646847595 0 0.5134998447 0.8449907688 0.7223430927 0.6212508287 0.6173473757 0.6189558828 0.6469179775 0.5387360481 0.5410461661 0.5087577236 0.8949370794 0.8972823557 0 0.8851046571 0.8821269801 0.882608132 0.5573914643 0.5496485914 0 0.5593339202 0 0 0.8964974669 0.552993819 0 0.8700391326 0 0 0 0 0 0 0.724655265 0.7526858267 0.739980932 0.7343675748
0.7760720783 0.7727664579 0.7702543631 0 0.7023556894 0.7378790264 0.5324730461 0.645374661 0.8253270678 0.8204299326 0.8112911486 0.8113423539 0.8053644441 0 0.7109471071 0.7064954613 0.7000596009 0.6983095946 0 0 0 0 0 0.7400125501 0.7347752698 0.7339782446 0.7321316237 0.8074339596 0.8022375855 0 0 0 0.7611725514 0 0.7646625357 0.6328728529 0.6295863504 0.6228749446 0.6168615345 0.6236368771 0.6215964027 0.5371135829 0.5773211574 0.8993981103 0.9014581579 0.8986169104 0.8954264219 0.8855652407 0.8862920977 0.5733106349 0.550084496 0 0.5561121996 0.5647862605 0.5622065519 0 0 0 0 0 0 0 0 0 0 0 0.6675357565 0.7458924326 0.7426944263 0.735404318
0.6147339451 0.7822380451 0.7035415501 0.7005968859 0.7017592605 0.8894983174 0.8721013158 0 0.827143281 0.8203043608 0.8070002345 0.802205744 0.8118013184 0 0.7147095286 0.7013277665 0 0.7100053514 0 0 0 0 0 0 0.7376741503 0.7284117381 0.729577455 0.5083471084 0.8713861581 0 0 0 0.754978848 0.755741283 0.7574742871 0.7646178438 0.7637727143 0.6266099232 0.6239158336 0.6195339315 0.7296606949 0.5878505442 0 0.5359653722 0.7169044783 0.7083810426 0.7167907231 0.8432723248 0.7407237698 0.5673094317 0.5668300026 0.5585742499 0.5647924261 0.5594982965 0.5718563516 0.6557396382 0.8460462312 0.8773208592 0.8764793846 0 0 0 0 0 0 0 0 0 0.7449775946 0.7493163893
0.6168742936 0.6280855063 0.7133498797 0.7048857435 0.8580079143 0.7509692585 0.5654771118 0.5203911411 0.8180109249 0.5742739388 0.8073902521 0.8069415708 0.8107949639 0 0 0 0 0 0 0 0 0 0 0.568701709 0.7380069794 0 0.7324225627 0.7375267188 0.7884399814 0.8659696479 0.7707278323 0 0 0.7499799208 0.7549384546 0.7616625293 0.8508129348 0.7070633657 0.901803338 0.9052447616 0.7663118945 0.8993852126 0.5760809654 0.502796778 0.7103329231 0.7081715594 0.709596097 0.7480669466 0 0.5766232958 0.5648314866 0.558626661 0.5684430622 0.7822698146 0.7849209133 0.7764484051 0.7792092959 0.8840100911 0.8769994206 0 0 0 0 0 0 0 0.9127300399 0.9043748568 0.7483509831 0.5275718094
0.627997814 0.6337400117 0.8767803305 0.532416705 0.5420906454 0.6457276293 0.5357251492 0.5377694275 0.7356357795 0.8167669858 0.8073716017 0 0 0 0 0 0.6045069843 0.73559291 0.5263143472 0 0 0 0 0.8585291945 0.7379533892 0.7443848293 0.7434497442 0.7327241252 0.7123934161 0.6500292218 0.7182479496 0 0.7568889769 0.7536770674 0.7527575377 0.5410787112 0.7633219225 0.6162953586 0.9044328837 0 0 0.8973117332 0.5016090258 0.645247801 0.6444172416 0.6463379946 0 0 0 0 0 0 0 0.5716958537 0.7728144506 0.7759899743 0.7747643361 0.59628563 0 0.5620844477 0.8782818086 0 0 0.8799511486 0.9144167735 0.9123345096 0.9028378729 0.8991143564 0.8963837559 0.5186532718
0.8516626545 0.876365812 0.6742889191 0.5379301734 0.5412684352 0.5346536135 0.5298192536 0.5347742826 0.5102588948 0.8155532966 0.5943130815 0.5881795979 0.5938711511 0.5935291165 0 0 0.7411962577 0 0 0.5240047927 0 0 0.6982947225 0.8407562407 0.8809185608 0.8838816141 0.8796104742 0.5707961827 0.5592599716 0.5509909463 0.5582203746 0.7937655572 0.7972889942 0.7599824793 0.7541173628 0.7619385018 0.7714944025 0.7725951123 0.7125689124 0.8664994542 0.900609005 0.9031090326 0.902218839 0.6493903437 0.6493509719 0.6414720908 0 0 0 0 0 0 0 0 0 0.7682126991 0.7692763442 0.7695698251 0 0 0 0 0 0 0 0.9206032272 0.9116675562 0.8943821021 0.8941562665 0.8969440706
0.84818356 0.8636323178 0.8720021952 0.823199139 0.5364553258 0.5386302528 0.8104991056 0.5391745569 0.8168815448 0.8397122882 0.5902593599 0.595675361 0.5878253995 0.5901541743 0 0.696390508 0.7086957556 0.7719805129 0 0.5427641778 0 0.843249855 0.7342327788 0.877832347 0.8812528841 0.8751926798 0.5148853434 0.570480524 0.5614719215 0 0.561099114 0.7942786253 0.7911453746 0 0.8706804939 0.7670929415 0.7628729169 0 0.7817956152 0.5974947399 0 0.560578368 0.5743807384 0.5961830353 0 0 0 0 0 0 0 0 0.5832677223 0.5670184278 0.7729873948 0.5241445669 0 0.8495536436 0.8484925499 0 0 0 0 0 0 0 0 0.8902674394 0.8914370035 0.8945235017
0.8540129297 0.8570125646 0.8671754623 0.548926482 0.5839086628 0.5803967593 0.7345095904 0.8320963492 0.5474064471 0.5366415979 0 0.5924677324 0.5973267769 0 0 0.5164096438 0.8119513298 0.7475891788 0 0 0 0.8358640715 0.8320652848 0.8807762405 0.8747757896 0 0.8661901588 0.8598479972 0.8680289334 0.552648489 0 0.786301587 0.7858271945 0 0 0 0 0 0.6101495026 0.6840552211 0.7726175155 0.5709380373 0.5782800426 0.522394669 0.5222598231 0 0 0 0 0 0 0 0 0 0.5190780885 0.5155440417 0.8448312821 0.8422226622 0 0 0 0 0 0 0 0 0 0.8898161249 0.8920460107 0.898829242
0.8593718244 0.868076484 0.5468018487 0.6091445255 0.7542807456 0.5222185448 0.5864967219 0.537891053 0.7489840392 0.7090637654 0.8034777146 0.6119814668 0.5331866863 0 0.5356886776 0 0.8169343253 0.5741173074 0 0 0 0.8272111596 0.8301372521 0.8757209653 0 0 0 0.8653438847 0.8681085275 0.8787808841 0 0.7903934313 0.5673409994 0 0 0 0.8180398796 0 0.6199474362 0.8823908394 0.7400504702 0.6305689243 0.6075556611 0.6107319181 0 0 0 0 0 0 0 0 0 0 0 0 0.5840410573 0 0 0 0 0 0 0 0 0 0 0 0.8907072314 0.8974320427
0.6878101686 0.8844284273 0.7282918425 0.5867895235 0.528145486 0.5189674417 0.5283998925 0.6699727844 0.8042990688 0.7392339934 0.6098863447 0.6030454342 0.5439651376 0.528793528 0 0.6820087935 0.6811464122 0 0 0 0.8304848837 0.8252956617 0 0.8820148639 0 0 0 0.8644176492 0 0 0 0 0.7922040073 0 0 0 0 0.5908382408 0 0 0.641204681 0.6390182318 0.6013156138 0.6010125453 0.6058918289 0 0 0 0 0 0 0 0 0.6841641394 0.6781793873 0 0 0 0 0 0 0 0 0 0 0 0 0 0 0
0.6308365645 0.8796804547 0.8605423194 0.8610090201 0.8244050735 0.5201039564 0.7738972069 0.608332479 0.7429611179 0.7422093935 0.6776231694 0.6748321197 0.6723464179 0.5461072956 0.5372308913 0.6732955628 0.6799635452 0.7452588043 0.7434293325 0 0.6185161726 0.8326056178 0 0 0 0 0 0 0 0 0 0 0 0 0.7838521518 0 0 0 0.5850760195 0.8942141518 0.6460810123 0.6371309115 0.8688822673 0.6714480542 0.6288039827 0 0.8986731125 0 0 0 0 0 0.5094824139 0 0.8217076709 0 0 0 0.8879718258 0 0 0 0 0 0 0 0 0 0 0.9153680677
0 0 0.5497508535 0.8684422678 0.8838569605 0.7806780036 0.5268859776 0.779443746 0.5303774155 0.6754708031 0.6801833894 0.6711730644 0.6740980566 0.6756184205 0.6494130413 0.5321830874 0.674455346 0.7402069599 0 0.62724974 0.6204977082 0 0 0 0 0 0 0 0 0 0 0 0 0 0 0.7880156276 0.8943469685 0.8989543897 0.8933318982 0.8945620675 0.7004352397 0.7260852842 0 0 0 0 0 0.8909490187 0 0 0 0 0 0 0 0.8230022157 0 0 0.6806724594 0.5711129385 0.6274627724 0.6262244318 0 0 0 0 0 0 0 0
0 0 0 0.8647642946 0.7864383091 0.6394202622 0.5964319808 0.5487490417 0.6003959544 0.6766803236 0.6729231013 0.6749388254 0.6719881058 0 0.6055895714 0.6138620788 0.5366597684 0.6303715195 0.6296130085 0.6286619054 0.6249245445 0.6275009952 0.7735425822 0.6582505844 0 0 0 0 0 0 0 0 0 0 0 0.6361306464 0.8939930924 0.8897926665 0.8973913214 0 0 0.8705476412 0.8456912716 0.8449608586 0.8521707887 0.8595005384 0.8953255062 0.8965718226 0 0.5653367368 0.7298940175 0 0 0.8768189012 0.8249048255 0.8307677985 0.8275064393 0 0.6304250706 0.6274815617 0 0.8669985006 0 0 0 0 0 0.90899811 0.9164038481 0.920176065
0 0 0 0 0 0.6341780682 0.8666868156 0.5044082456 0.5387927253 0.680857873 0.6799393535 0.6170123507 0.6071459375 0.6043455666 0 0 0.6953284731 0.6353705872 0.6384725975 0.6272545733 0.6280264674 0 0.6032220205 0 0 0 0 0 0 0 0 0 0 0 0 0 0.8911257826 0 0.8892100311 0 0.866038995 0.871547023 0.8537243217 0.8544530514 0.8542845883 0 0.9033665152 0.8976126413 0.5063408469 0 0.7396439107 0 0 0.882290613 0.6044815264 0.7200628536 0 0.6355689353 0 0.6373917797 0 0 0 0 0 0 0 0 0.9193286016 0.9205022374
0 0 0 0 0 0.7331777711 0.637592117 0.7667532932 0 0.6898114729 0.5537810781 0.6161618855 0.6074714274 0.6082638538 0 0 0.5305028995 0 0.6476876365 0.8872164569 0.7861822093 0 0 0 0.5416681164 0 0 0 0 0 0 0 0 0 0 0 0 0 0 0.8976435031 0.8713956243 0.8664812147 0.6715146146 0.8556216373 0.86211094 0.8681003049 0.8460771606 0.7812888684 0 0 0.7537556921 0 0 0.7445853335 0.7243464163 0.7193425974 0 0.7075213633 0.699340065 0.8550794726 0.8568259809 0 0 0 0 0 0 0.9182451554 0.9227456491 0
0 0 0.6811808333 0.6742101866 0.6770888274 0.7704118277 0.5033017641 0.7509471739 0.7412848962 0.7987856861 0.5555297953 0.6118361569 0.5731104258 0 0.5755011805 0.8618353094 0 0 0.6547981663 0.6613721413 0.7775024628 0.7871856054 0.7935588593 0.540395302 0 0 0 0 0 0 0 0 0 0 0 0.5376327294 0 0 0.8896188346 0.8965090858 0.6435641682 0.63482616 0.8643042224 0.6214390265 0.5830187113 0.6228856823 0.6937914925 0 0 0 0.5687020195 0 0.742022922 0.8340332908 0.7226329376 0 0.7223568034 0.6988573064 0.7078731459 0 0 0 0 0 0 0 0 0.9263515359 0 0
0 0.5677709569 0.8964505163 0.6658526674 0 0.870060387 0.7126437791 0.5911220946 0.6679878961 0.5581351882 0.5061053359 0.5651077507 0.566930999 0.5702579884 0 0.6570382093 0.5430132792 0 0.7720242413 0 0 0.6692835477 0.7966497798 0.5485777884 0 0.6468757667 0 0 0 0 0 0 0 0 0 0.53443472 0 0 0.8992903365 0.8965755696 0 0 0.6309442659 0 0.558232886 0.5908983292 0.5420420937 0.5421380813 0 0 0.5660234323 0.8969578249 0.7464704578 0 0 0 0 0 0.7056285112 0 0 0 0 0 0 0 0 0 0 0
0 0.8917606659 0.5420285332 0.8905112715 0.6691310262 0.5664399739 0.6893895593 0.7070782285 0.8667728507 0.6753012774 0.6822048653 0.5716349023 0.5696281237 0.57889779 0.5825680104 0 0 0.7740828058 0 0 0 0 0 0.8125398068 0.820062029 0 0 0 0 0 0 0 0 0 0 0.5303238913 0.619860115 0.6617566346 0.8970669339 0 0 0 0.5805097553 0 0.562825686 0.5467003825 0 0 0 0.6568148922 0.5319371185 0 0 0 0 0 0 0 0 0 0 0 0 0 0 0 0 0 0 0
0 0.5126463232 0.9015745962 0.8365521007 0.8143103523 0.7455197704 0.8911226541 0.7967636139 0.6826070391 0.6827613016 0.6755315703 0.5755679852 0.5782839058 0.5746122629 0.579524727 0.5830259509 0 0 0 0 0 0 0 0 0.6507249263 0 0 0 0 0 0 0 0 0 0 0.5326595772 0.5227454247 0 0 0 0.6982616533 0.6943779745 0 0 0 0.8655221633 0 0 0 0 0 0 0 0 0 0 0 0 0 0 0 0 0 0 0 0 0 0 0 0
0.5054635267 0.5114992358 0.6346682289 0.6375982613 0.6710564354 0.6313669767 0.7678086254 0.7990983824 0.6881933427 0.6892261409 0.6836734287 0.6873684041 0.5823918059 0.5801662904 0.5873456757 0.8253159188 0.8199095637 0.8192819518 0 0 0 0 0.5484222239 0 0.7480861222 0 0 0 0 0 0 0 0 0 0 0 0 0 0 0 0 0.8649886332 0 0 0 0 0 0 0 0 0 0 0 0 0 0 0 0 0 0 0 0 0 0 0 0 0 0 0 0
0 0 0.6852090913 0.8360055476 0.6297272197 0.6261403039 0.6337367834 0.8045979437 0.8056928351 0.6857621136 0.6838574363 0.6846093262 0.5888813362 0.5890342512 0.5812757003 0.8172432868 0.8183002619 0.8139128826 0 0 0 0 0.5479196511 0 0 0 0 0 0 0 0 0 0 0 0 0 0 0 0 0 0 0 0 0 0 0 0 0 0 0 0 0 0 0 0 0 0 0 0 0 0 0 0 0 0 0 0 0 0 0
0.5161878149 0.7799264672 0.8455552064 0.6334440688 0.6322906929 0.6340352841 0.6425225527 0.8073189942 0.8061086738 0.5574435356 0.8583923273 0.8649200286 0.5984890758 0.5980395154 0.789077528 0.6939596962 0.8113554026 0.812909082 0 0 0 0 0 0.5570504109 0 0 0 0 0 0 0 0 0 0 0 0 0 0 0 0 0 0 0 0 0 0 0 0 0 0 0 0 0 0 0 0 0 0 0 0 0 0 0 0 0 0 0 0 0 0
0 0.6238563469 0.5326063802 0.6405522174 0.6404694365 0.639619011 0 0.8169116452 0.8081614327 0.8577701167 0.857631441 0.8612221024 0.5929816429 0.600150481 0.8268247057 0.820545198 0.8107006781 0.810249451 0 0 0 0 0 0.604433282 0.6107514308 0 0 0 0 0 0 0 0 0 0 0 0 0 0 0 0 0 0 0 0 0 0 0 0 0 0 0 0 0 0 0 0 0 0 0 0 0 0 0 0 0 0 0 0 0
0.6327299539 0.8163694734 0.6310244433 0.6369627779 0.6499466976 0.6467784144 0.6481297204 0 0.8083000093 0 0.8671525231 0.8590846314 0.8610428373 0.8763102935 0.8211230785 0.82093963 0.8156088838 0 0 0 0 0 0 0 0 0 0 0 0 0 0 0 0 0 0 0 0 0 0 0 0 0 0 0 0 0 0 0 0 0 0 0 0 0 0 0 0 0 0 0 0 0 0 0 0 0 0 0 0 0
0.6340659152 0.6333630423 0.6429040416 0.6340214713 0.6354978355 0.642475639 0.6535851391 0.6504935642 0.6851379683 0.6848845463 0.6920491514 0.7365106542 0.8674848902 0.584434881 0.7168698542 0.8196446153 0 0 0 0 0 0 0 0 0 0 0 0 0 0 0 0 0 0 0 0 0 0 0 0 0 0 0 0 0 0 0 0 0 0 0 0 0 0 0 0 0 0 0 0 0 0 0 0 0 0 0 0 0 0
