landscape/hab_quality/256/simulation_000094_p039_h065_HABMAT_patch_more_500pix_modified.asc_ac_0.5_quality.asc
NCOLS 513
NROWS 513
XLLCORNER 0
YLLCORNER 0
CELLSIZE 9.980507
NODATA_VALUE NaN
[rows 192 to 223 of 513, columns 360 to 431 of 513]
0 0 0 0 0 0 0.6272105986 0.5892825478 0.5947254059 0.7816500698 0.5149699434 0.523753876 0 0.5694878507 0.568365562 0.57587333 0 0 0.5325794301 0 0.5680984062 0.7671904996 0.6603404454 0.5249976782 0.6937259485 0 0 0 0 0 0 0 0 0 0 0 0 0 0 0 0 0.5571074459 0.5654351805 0 0 0 0.6591157876 0.8475946517 0.512882479 0.5097793009 0.5141029795 0.5193312469 0.5210741821 0.750179643 0.759086222 0.8569041207 0.8645856778 0.8713999645 0.7354267533 0.7321011111 0.7577804308 0.7616741071 0 0.7597253209 0 0 0 0 0.6574809067 0.6544707321 0.656523895 0.6832856185
0 0 0 0 0 0.5984605519 0.593831142 0.5935334569 0.8285392986 0.5213391763 0.574490743 0.5557684886 0 0.5617873161 0.569475175 0.6661099844 0.6009636495 0.5820370817 0.5629879156 0.5590894391 0.5662067302 0.6195696125 0.8445910582 0 0 0 0.6786213799 0 0 0 0 0 0 0 0 0 0 0 0 0 0 0.5268063437 0.5312442277 0 0 0 0 0 0.5139690845 0.5058022192 0.5155393086 0.8344883008 0.8425817986 0.8459230276 0.847673184 0.848373595 0 0.7491261081 0.7292150374 0.5618567792 0.6306288629 0.75711281 0.7580003528 0.7596393615 0 0 0 0 0 0.71699668 0.7242380778 0.6758605306
0 0 0 0 0 0 0.6034152436 0.8186864833 0.5358823924 0 0.5741091253 0.5647669645 0.5547741377 0.5608761882 0.5712629721 0.5651358806 0.5592901897 0 0.6686508034 0.5583115608 0.5636700342 0.5638494822 0.5733435821 0.6900283875 0.5720261837 0.8234402203 0 0 0 0 0 0 0 0 0 0 0 0 0 0.6975403911 0.6948710713 0 0 0 0 0 0 0 0.5140079064 0.5148892281 0.5117954992 0.83282828 0.8358159813 0.8287495131 0.8398756688 0.8409801884 0.8353547024 0.6225075334 0.7257712544 0.6185954855 0.7644055247 0.7553584415 0.7553481156 0.7588128651 0 0 0 0 0.6410656569 0.7204524448 0.7257252553 0.7294012043
0 0 0 0 0 0 0.8514362637 0 0 0.5775213032 0.6217446773 0 0.5604669571 0.5560195887 0.5582202817 0.8551844945 0.8543095873 0 0.5622992655 0.5576511216 0.5618623715 0 0 0.5679990746 0 0.8178232238 0 0 0 0 0 0 0 0 0 0 0 0 0 0 0.7042752262 0 0 0 0 0 0 0 0.5214486677 0.5135635178 0.8394396171 0.8327550634 0.8279447292 0.8306602359 0.8311974653 0.8328005386 0.8404080914 0 0.617365561 0.5475609137 0.5386718902 0.7543953447 0.7541831534 0.7603296676 0 0.5894307128 0 0.6468077708 0.6415624536 0.6324320607 0.8824508304 0.7486745547
0 0 0 0 0 0.8172607434 0 0 0.5282033192 0.7488043774 0.5022250787 0.5593559603 0.5572103486 0.562475707 0.5608045794 0 0.8542311097 0.8457411758 0.5345423411 0.5637978847 0 0 0.561492953 0.7962585552 0.5044038426 0.8209832567 0.8219216632 0 0 0 0 0 0 0 0 0 0 0 0 0 0 0.8476316787 0 0 0 0 0 0 0 0.7236392357 0.844592805 0.8349388896 0.8264624097 0.8241235735 0.8125966238 0 0.8126781841 0.6108294042 0.6161701509 0.5326019566 0.529802932 0.7587871847 0.7563461928 0.7602020953 0.7106690369 0.8370122963 0.8350379787 0.8383814006 0.8415429238 0.8858081771 0 0.5464027137
0 0 0 0 0 0 0.8118400161 0.5297187246 0 0.7449599462 0.5667048954 0.5607775086 0.566268939 0.5584101648 0.800557244 0.8560666669 0.6103616854 0.5399018564 0.5883769972 0.5438825498 0.6835533388 0.6791864595 0.6829062915 0 0 0.5137302035 0.5058560199 0 0 0 0 0.5802896557 0.5706931084 0.5612453146 0.5607639189 0 0 0 0 0.5031989752 0 0.774229144 0 0 0 0 0 0.7386070144 0.7216885922 0.7184226371 0.5457007901 0.8282505915 0.8052104606 0.8170412497 0.8122179573 0.8106900287 0.8142201402 0.6144371251 0 0.5367628401 0 0.5307627902 0.7584927741 0.7621680203 0.6667228983 0.8345957487 0.8316031397 0.5516358456 0.6275319521 0.6265294048 0.6668801305 0.6604102441
0 0 0 0 0 0 0.5261750637 0 0.859533177 0 0 0 0.717445027 0.5675364364 0.8510325095 0.7012868237 0.6128059163 0.8398289878 0.6619726281 0.6493298098 0.6802269803 0.6032507452 0.6858486408 0 0.6049256283 0.8642011332 0 0 0 0 0 0.5599956964 0.5617625334 0.5637454182 0.5587744077 0 0 0 0 0.7336584423 0 0 0 0 0 0 0 0.7259067562 0.7242465112 0.7206601317 0.8154424467 0.8197544525 0.8071412889 0.8019601946 0.8106838078 0.8197987453 0.817910615 0.7340789233 0 0.5433641199 0 0.8369192941 0.8313069446 0.8214106223 0.8371320942 0.8280267565 0.8284862789 0.6223369535 0.617375095 0.6191864179 0.5328311348 0.659822226
0 0 0 0 0 0 0 0 0 0 0 0.7580102801 0.7245333716 0.7018311815 0.6967756515 0.6977163624 0.6982849352 0.6602307192 0.6547387961 0.6643139691 0.7544701912 0.5938009138 0.6076993883 0 0 0 0 0 0 0 0 0 0 0.564321518 0.5592198611 0 0 0 0 0 0.7274833794 0.7282845887 0.7144965411 0 0 0 0 0 0.6551475695 0.8209401407 0.8153919435 0.8116944455 0.8104693792 0.8010969836 0.807753156 0.8200437224 0 0 0 0.774731043 0 0.8587367182 0.8182954799 0.8203180135 0.8187945386 0.8252212346 0.8295588666 0.6148053714 0.6133411022 0.6166097569 0.5256072619 0.5228828901
0 0 0 0 0 0 0 0 0 0 0 0.5056782781 0.8381019819 0.6939767122 0.6935603659 0.6910763847 0.6943111006 0.7062970356 0.6629391135 0.6591037665 0.6710793648 0.8991291882 0.5912816428 0 0 0 0 0 0 0 0 0.8295460206 0 0.568554805 0.8552846519 0 0 0 0 0 0.7307676134 0.7305999311 0.5205325959 0 0 0 0 0.6220556339 0.6615719723 0 0.8163472039 0.8131837114 0.8042256361 0.8095024462 0.8053322204 0.8127294645 0 0 0.7729525253 0 0 0 0 0.8169751284 0.8257082516 0.8243566857 0.7794546365 0.6227758826 0.6127229575 0.6101570819 0.5243109419 0.5212468972
0 0 0 0 0 0 0 0 0 0 0 0 0.8122039845 0.5423695938 0.6968550242 0.6911640689 0.6978988941 0.6560728203 0.66531506 0.5011489893 0.7054255892 0.7778992578 0.5987132811 0 0 0 0 0 0 0 0 0.5462258744 0 0.8571706163 0.8588065475 0.8616049113 0 0 0.6204686617 0.633325572 0.7367640215 0.6157080499 0.6069739607 0 0 0 0.8839187358 0.7206219235 0.8574543965 0.816417393 0.8235886601 0.8080131397 0.8218071629 0.8137694748 0.8106490144 0.80809957 0.8145193145 0 0 0.7898355105 0.7919706093 0.7976876452 0 0.5276475743 0 0.6321609336 0 0.7247959956 0.6127315106 0.6079698711 0.5252391899 0.5222994667
0 0 0 0 0 0 0 0 0 0 0 0 0 0.8387855987 0.643886051 0.6412645398 0.6473911512 0.6461151794 0.5648717653 0.5561089873 0.8618685709 0 0.8574805481 0 0 0 0 0 0 0 0 0.7179833107 0.7155489183 0 0.7133274676 0.7169506998 0.7026342823 0.685148431 0.6329895397 0.8268373614 0.8208541612 0.815580652 0.8148683789 0 0 0.6148604152 0.7155829793 0.7181234684 0.7534464726 0.8832555272 0.668485574 0.8238284392 0.8232001113 0.8202989112 0.8171312411 0 0.8153983219 0.7984857644 0.7900983152 0.787845072 0.7903255637 0.8001717028 0.8223095218 0.8216240447 0.7162045018 0.629261868 0.6328177001 0.8434080277 0.6158958116 0.612394371 0.5808467885 0.5626588013
0 0 0 0 0.7232682193 0 0 0 0.8985120361 0.9022399088 0 0 0.6030077328 0.6004350693 0.6341220379 0.6404430465 0.6364282051 0.6377119761 0.5601146373 0.5556972241 0.8533230237 0.8522324429 0.8608721345 0 0 0 0 0 0 0.5311280257 0 0 0.7118252836 0 0 0.7054643879 0.5930763624 0.6279348947 0.6226291781 0.6830989273 0.8181980567 0.8115693224 0.8151798323 0 0.5473973414 0.7174426366 0 0.8376374576 0.7555716177 0.7514380493 0.8827688122 0.6492231868 0.7975397804 0.6740494048 0.6704132429 0.6798893219 0.6833274097 0.7951589796 0.7938256945 0.7967038002 0.7959925407 0.8052323646 0.8147310762 0.8074379948 0.663600262 0.6649171421 0.726105378 0.8736921688 0 0.5862368695 0.5898480987 0.5888281313
0 0 0 0 0.7315407658 0 0 0 0.9037149976 0.8964583287 0.6061636843 0.8868065744 0.739520729 0.6447086777 0.6408139527 0.6335794449 0.633975466 0.6455698082 0.7063143097 0.8580391195 0.8570320142 0.860642479 0.6305269441 0.7872022656 0 0 0 0 0 0 0.8704797688 0.7074210384 0.7055185391 0 0.7168324407 0 0.7414635382 0.6187990462 0.6247879138 0.6026895456 0.8520392077 0 0 0.8156286209 0.5498452348 0.5566040385 0.7263041594 0.6743235316 0.6528367415 0.7577684987 0.7270681713 0.7225744098 0.6736264045 0.6682176462 0.6776731736 0.6736364907 0.6738974941 0.8002610762 0.7996791687 0.7807625127 0.797096176 0.8049657884 0.8051213795 0.8056633259 0.6588988649 0.7248594615 0.7324470149 0 0 0 0.5957355162 0.683210418
0 0 0.7650754513 0.8951362456 0 0 0.504073502 0.8996490716 0.895373497 0.9018987788 0.897286906 0.886141965 0.8788200921 0.6485345857 0.6354950959 0.6345341087 0.6372522844 0.7026081686 0.7096315086 0.7087031791 0.7106681218 0.8998305554 0.9008548606 0.6023943905 0.5372727731 0.6704973403 0 0.6696394314 0.7733926208 0 0.8290403344 0.7064999581 0.7065727151 0.707281161 0.7107763288 0.5233925595 0.6210424286 0.6198098237 0.7784233906 0.6028502394 0.6103671615 0.6728325388 0.6678161768 0.7250711721 0.7784363413 0.5666568697 0.6954820423 0.892098727 0.5527902988 0.5319059169 0.7238925939 0.7192645817 0.670402196 0.6707775533 0.6685805484 0.6830831533 0 0.7779045267 0.7710067033 0.6167884734 0.8068123536 0.8017506036 0.5302166012 0.8150093378 0.5999585113 0.6623460699 0.7260113321 0.7224294321 0.8271769374 0.619935632 0.7268148987 0.6836242535
0 0.759277429 0.7669835711 0.896071653 0.8892075774 0.8912409015 0.8291141198 0.9048889129 0.8983598194 0.6798956213 0.7608784602 0 0.8589443282 0.6399299458 0.866261301 0.6641413953 0.7074326767 0.8026599449 0.7010957928 0.7037427087 0.5261502664 0.8932773516 0.8932005924 0.9025206952 0.8201960105 0.673061031 0.6644130086 0.5770444072 0.659888876 0.7648966658 0.8163433314 0.6750545973 0.6129185212 0.6099867462 0.7053255767 0.7079288391 0.7066452848 0.7123692678 0.7555843902 0.7629546683 0.7559499233 0.661798446 0.5220755426 0.7135788515 0.7112721215 0.7705230224 0.7698584634 0.69361462 0 0.6017959043 0.7291777182 0 0.7341698589 0.7271866941 0.8873648089 0.8819515295 0.7734468353 0.7707770079 0.7722090176 0.7727464062 0.8506875307 0.8496767526 0.8584617049 0.5304474192 0.5387948854 0.7785729366 0.7264847836 0.840304257 0.8450381475 0.5553658281 0.6353971727 0.6814967219
0 0.766644792 0.6169382727 0.894638071 0.8960160038 0.8918436399 0.601441296 0.6031540623 0.8374269347 0.8459281444 0.793414093 0.7269944651 0.5606972112 0.5555806153 0.7919809673 0.5139684229 0.794237952 0.707748469 0.7160330465 0.701327206 0.7098544403 0.9015878785 0 0.9000344444 0 0.8046498853 0.812677242 0.6584168345 0.6649855304 0.789556422 0.5869234437 0.69988665 0.6376930015 0.7589419449 0.7004040272 0.6998359496 0.6986356059 0.7020883314 0.7102204586 0.7537655078 0.659550407 0.6587084932 0.7058010028 0.7092471332 0.7081361583 0.7887992322 0.7688247464 0.6986898973 0.6911185195 0 0.6269077881 0.7424301672 0.8905760498 0.7841489201 0.7212324666 0.8808461328 0.8741065571 0.6459714634 0.7632067584 0.7359094129 0.8547600833 0.8518585352 0.8559163669 0.5354302799 0.5334108427 0.877964009 0.8033938255 0.6096042903 0.6262927877 0.6538403364 0.6351710988 0.6510554185
0 0.7680535762 0.7695448818 0.725837592 0.5951245904 0 0.6005399227 0.8333886453 0.8313234279 0.5527075825 0.5817434626 0.6281642193 0.8956355696 0.5794181919 0.5813642449 0.7906840801 0.5046780231 0.6365483231 0.5908262683 0.7111996192 0.7048878051 0.7141065304 0.7963379461 0.7395952584 0.8072447765 0.8038403646 0.8109142985 0.6589953128 0.6626519389 0.7496145081 0.7884470891 0.5848660262 0.7073603227 0.7080359889 0.6956163289 0.6954797048 0.6992594395 0.6996577681 0.7018792194 0.6606707901 0.6546159731 0.6552113565 0.6615772838 0.7010836573 0.8811220436 0.8282174174 0.6926750209 0.7655639164 0.6905613123 0 0.772837486 0.8948897156 0.8868518317 0.88667129 0.8899591874 0.8756202376 0.8765606651 0.7726494233 0.7663808739 0.7727456063 0.7447175256 0.7453826089 0.8597073159 0.6267499729 0.6352366347 0 0.5109780554 0.8030325871 0.5010730071 0.9050347091 0.9037476058 0.9033116099
0 0.7127413616 0.8045719475 0.5964323192 0.5967166671 0.5924917775 0.6005750296 0.826206435 0.8310343244 0.5568652654 0.5566649761 0.8387019839 0.6564708361 0.5784885991 0.5778422822 0.579302835 0.591054163 0.5933987874 0.5842826664 0.5858166503 0.7052612583 0.7123974681 0.7451379221 0.7460923818 0 0.8056627696 0.8541198101 0.54736379 0.578051814 0.5769154599 0.748601978 0.9000456287 0.8918773132 0.7069788355 0.6965501691 0.7034899822 0.6938847387 0.7004835337 0.7088187401 0.6632316968 0.6587580446 0.6567689303 0.6634280633 0.7067787153 0.8225437921 0.8319968284 0.6910231293 0.6836525453 0.6931261142 0.6986200324 0.8608523932 0.8519039392 0.8868484741 0.7499728513 0.8873202611 0.8849010266 0.8771218064 0.882373913 0.7732036518 0.6493337526 0.7513794324 0.7384997061 0.8160872495 0.6273699763 0.7670638144 0.6183318246 0.6160268745 0.7415987513 0.9108790934 0.9045407371 0.89938563 0.8994043479
0.6682817506 0.7129189517 0.892772402 0 0.5947825326 0 0.5932337181 0.8343045122 0.8356849135 0.6747236856 0.6739280092 0 0.581050651 0.5807892379 0.677781689 0.5845099995 0.5914856143 0.5900504474 0.5890090357 0.5911516817 0.5194341324 0.6982568368 0.7454823874 0.7362606077 0 0.6869048822 0.7839192696 0.653561944 0.5433849616 0.7535362529 0.7552798534 0 0.7106398313 0.7060286526 0.6993976959 0.696002396 0.6944300007 0.7015415006 0.8432572874 0.6631294461 0.657604524 0.6620439041 0.6592072437 0.8289052732 0.8243490439 0.7198003907 0.6726357008 0.6930091385 0.6926059351 0.5102313774 0.8845591784 0.7334107074 0.6157888717 0.8685420217 0.8654695137 0.8639091859 0.8874863865 0.8797128389 0.8458789311 0.6442293596 0.8474431411 0.8518012384 0.8293675658 0.8353222472 0.6643693772 0.6093502703 0.5407273753 0.8784611892 0.8505694243 0.9052134136 0.8269286424 0.9030682606
0.5688332874 0.9000528815 0.8912273372 0.6039666828 0 0 0 0.5262452159 0.5317573365 0.7135929075 0 0 0 0.5850525981 0.5897238485 0.5885048142 0.58517206 0.6686899435 0 0.5309256504 0.8748969904 0.7489114033 0 0.6992808396 0 0.7569768083 0.5966827934 0.715244103 0.5144458936 0.5381404822 0.5030823151 0.7118837119 0.7107623232 0.7078779735 0.7041391747 0.6966577723 0.6972206762 0.6977456864 0.7056496801 0.8336198223 0.7802516297 0.7935221032 0.7378932131 0.7554241939 0.6536838069 0.5620587999 0.6090336898 0.6109880296 0.7026728856 0.7161063106 0.7246229577 0.7049010893 0.7273708085 0.8642525445 0.8605951141 0.8652993891 0.8421079242 0.8078544715 0.847156342 0.8423331002 0.8495858492 0.851363918 0.6754791962 0.6655826752 0.6631831907 0.6626499324 0.8909079732 0.6594955801 0.9069613752 0.5766018352 0.9044620983 0.9060494765
0 0.8927746177 0.5448013244 0.8961419701 0 0 0.5261121986 0.5296869287 0.530269942 0.5448032414 0.5977193404 0.6053324427 0.7061143228 0.7616589961 0.7344842087 0.5959275299 0.5891757568 0 0 0.597426681 0.8350491975 0.8333895319 0.6961213737 0.6901134459 0.751653329 0.5886254312 0.7887938238 0.6155975003 0.7993087135 0.6159373988 0.7103288881 0.7125659759 0.7122446496 0.7080828995 0.6978682317 0.7047314531 0.7070560841 0.5772378536 0.710838743 0.5948786756 0.79916051 0.731271602 0.7986196587 0.8771696099 0.8730999257 0 0.6035857543 0.6056699287 0.8682755649 0.8633711371 0.8624894037 0.5101315723 0.5108559432 0.5100832406 0.8653017942 0.8574231844 0.846626663 0.838536203 0.8413980885 0.8452734553 0.6762205819 0.8524301973 0.6693625546 0.6693502696 0.6610120438 0.6627984952 0.6677576003 0.5652778778 0.8604085438 0.7132476628 0.7094299073 0.9128241681
0 0 0 0 0 0.5299594786 0.5231677084 0.5323713825 0.5355320375 0.5364494321 0.6125803176 0.5464969492 0.5445641776 0.6596602506 0.5774585773 0.6558976338 0.6599351173 0.7713616042 0.841039619 0.8333758768 0.8273594654 0.7894934125 0.6954617333 0.696350441 0.6939346411 0.7556250176 0.7037003769 0.8274188963 0.6078265738 0.6084449902 0.5825352781 0.6797567468 0.5791697729 0.7071007565 0.701337864 0.6987458598 0.6521891403 0.5424440733 0.8155191552 0.807975487 0.8370523213 0.837069598 0.8440318379 0.6296717282 0.8672600552 0.6105219592 0.6060724004 0.6038587252 0.8631794068 0.8621976962 0.860480082 0.8597171733 0.5055050274 0.8554544222 0.8613282232 0.8559552521 0.6163778987 0.8383291762 0.8455712275 0.8505865876 0 0.6725023154 0.6642465375 0.6606288793 0.6631615586 0.6717973676 0.6728135396 0.7318420606 0.7202165908 0.7171168635 0.7113068316 0.7159812304
0 0 0 0 0 0 0 0.5296819905 0 0 0.7079117152 0 0.5089147747 0.8033544713 0.6557692446 0 0.8788754022 0.8536435403 0.7674633758 0.8364550496 0.8284052877 0 0.6969630002 0.7707392331 0.7757263778 0.7236260851 0.8465426794 0.8819972144 0.5008638033 0.6123379583 0.5776007616 0.5740972041 0.8420544829 0.7558095585 0.762718867 0.6083575006 0.6495928316 0.7115908214 0.6938143351 0.7770013864 0.8447880265 0.8364981335 0.8434149702 0.8769922835 0.8694259291 0.6848785488 0.808270624 0.872235466 0.8681178838 0.8627733411 0.8688072063 0.8525844616 0.8527851369 0.8524208783 0.8598474278 0.8490376474 0.8472534103 0.8409702331 0.8430025231 0.8453293916 0.6066538857 0.6682122191 0.6636163714 0.6644269281 0.6690862115 0.6759842757 0.6810670147 0.7154964818 0.7262488425 0.7260779228 0.7188219228 0.8454649283
0 0 0 0 0 0 0.6716233041 0.753429434 0 0 0 0.515225864 0.6670504308 0.6608503428 0.7874195332 0 0.7724924242 0.7649670461 0.7631340019 0.7689778385 0.7601982007 0 0.7705194663 0.7802815537 0.7771004365 0.7295491485 0.7029699094 0.7068053356 0.7058845529 0.5817050014 0.5431337841 0.5828550566 0.7482090506 0.6495233217 0.7582080656 0 0 0.7670222052 0.5398077098 0.7761460319 0.7718508848 0.8457706601 0.838192909 0.53222669 0.5750089113 0.5696593067 0.6359421368 0.8117807769 0.8183747545 0.8661459431 0.8584853206 0.8563248133 0.8464129066 0.8501533168 0.8526688896 0.8539882138 0.8564651322 0.7948587282 0.8421661317 0.8435868403 0.6501297948 0.6638308372 0.664061193 0.6695763713 0.6695232797 0.677825263 0.6579608294 0.7336810952 0.7310519017 0.7089621265 0.845918339 0.8482591196
0 0 0 0 0 0 0.5011680046 0.608984968 0.7499055099 0 0 0.579523105 0.5974297811 0.7939292734 0.7756932593 0 0 0.7627606724 0.7623060677 0.7612843691 0.7596595349 0.7652713174 0.77395026 0.7710765117 0.6671516309 0.518191028 0.7002900882 0.7000359922 0.8641550673 0.5495726336 0.5570783514 0.557052312 0.5171339662 0 0 0 0.5907456615 0.6276448492 0.6610567046 0.7783089601 0.8327966055 0.7271388963 0.8483762498 0.5587006424 0.5667978078 0.5629971521 0.5680577355 0.8119592481 0.8101694902 0.8142007332 0.8567120881 0.8517447626 0.8521855922 0.8475598648 0.84809807 0 0 0 0.7973725991 0.8469341129 0.6412297306 0.6412806527 0.6796936452 0.6708763839 0.6701697745 0.6708556982 0.7861049017 0.7645929724 0.7977959199 0.7780309721 0.5525086238 0.7575608187
0 0 0 0 0 0 0 0 0 0 0 0.8946372304 0.7282474245 0.7223375682 0.7148511195 0.715226482 0.8580701854 0.7678633709 0.7617732367 0.7664067765 0.7679082615 0.7670206656 0.7733768597 0.6533721229 0.8210142123 0.690247712 0.7031234139 0.5128501004 0.7727723323 0.5577010283 0.5485566545 0 0 0.8322176993 0.5583462064 0 0 0.6190974007 0.6213881819 0.6281007494 0.6537770301 0.6479810205 0.6533051538 0.5594339645 0.5577602168 0.5616776633 0.7225604176 0.8164222788 0.8082331322 0.8181727892 0.8561544546 0.8531966138 0.8557418978 0.848951932 0 0 0 0 0.7551186845 0.5867491163 0.5882533985 0.5950684059 0.7565665461 0.7953005502 0.6768212636 0.7777951898 0.658119518 0.7879712675 0.6932868593 0.5520007855 0.5611783539 0.6909276515
0 0 0 0 0 0 0 0 0.8686448214 0.5972997584 0.5554239321 0.8100544382 0.7198412804 0.719481428 0.716254874 0.7066467653 0.8543863159 0.8509576119 0.844001425 0.8513495757 0.7689909263 0.8869215025 0.8966381345 0.6516887179 0.8187553934 0.7646583401 0.529881614 0.7815741913 0.7783332514 0.5581561835 0.5529078167 0 0.7161875352 0.5591217848 0.5523062982 0 0.6151677587 0.6180902786 0.625004642 0.5313513571 0.6540737621 0.6455582188 0.651694729 0 0.564633971 0.7281860761 0.5691868726 0.8181689241 0.8989803338 0.8135759107 0.8593819889 0.6757140206 0.6667617811 0.6715890026 0 0 0 0.7616505895 0.5852186285 0.5844557489 0.5884666363 0.5947996573 0.6579624484 0.6650289682 0.6310324677 0.5151276627 0.6550818879 0.7600021733 0.7935725177 0.5546217104 0.797419507 0.8780977728
0 0 0 0 0 0.8207916008 0 0 0 0 0.6042363559 0.5464431506 0.6068163763 0.8893555188 0.8870140009 0 0.8380057007 0.8452177309 0.8437876544 0.8478962417 0.6817293821 0.682715223 0.8433420113 0.657235996 0.5333026561 0.9024033449 0.9036145249 0.7476175242 0 0.5417317363 0.7685647465 0.7594507548 0.7189395414 0.5476788044 0.5507788174 0.5455212565 0 0.6185110362 0.6261045864 0.8769097854 0.6503874075 0.6541694384 0.6463873183 0.6555468394 0.8357556206 0.8320671418 0.7668305484 0.7796377215 0.8160464328 0.674047831 0.5110438691 0.6720809693 0.6663592329 0 0 0 0.5114483505 0.5142220457 0.5851074626 0.5904026911 0.5877173551 0.5913290416 0.659008617 0.6567733775 0.6635634692 0.6451496324 0.8448663828 0.7857075436 0.7170042041 0.874428717 0.876110693 0.8764314785
0 0 0 0.7551194836 0.7548023783 0.7571599439 0.7883870814 0.7855545657 0 0.7785614837 0.6163144708 0.6085432922 0.6102417302 0.8909250036 0.883283276 0 0.8393225459 0.8360234903 0.8443771731 0.8525404145 0.8578426039 0.835009089 0.5028426204 0.8927746126 0.8966849619 0.8957629789 0.8936592109 0 0.8901020604 0.9032153786 0 0 0.7666882777 0.5459020341 0.542855785 0.8567172627 0 0 0.8872042417 0.8806456473 0.8760204247 0 0.6546829792 0.6541215685 0.6631871389 0.8792190313 0.6540134889 0.8475957192 0.6801612882 0.6801855342 0.6734084719 0 0 0 0 0.504054306 0.5102775831 0.5134781319 0.7418012091 0.5562008527 0.7923018912 0 0.6581197195 0.5104327295 0.6616056946 0.6431793786 0.6422400171 0.6443235405 0.6059832407 0.870594852 0.8691387779 0.8778149942
0 0 0.5468999063 0 0 0 0.7930576108 0.5645730146 0 0 0 0.6731379705 0.682604859 0.8861864098 0.8838078792 0.8423100061 0.8425361448 0.8441336987 0.8400598232 0.8524454415 0.8562299626 0.5924502887 0.5921624638 0.8963521041 0.8901631023 0.8976274143 0.8928607091 0.8867714641 0.8896287486 0.8941398165 0 0 0 0.550709608 0.8696076059 0.8634729836 0.8565124873 0.8578320238 0.7065853 0.8796599884 0.8825431795 0.8856737244 0.6627134326 0.5212716126 0.6589882405 0.7701858096 0.8316359893 0.8544455272 0.8518913791 0 0 0 0 0 0 0.5008208504 0.5076962394 0.5024529894 0.8976473325 0.7425620913 0.8147555844 0.6633743577 0.6679565635 0.665268182 0.6496864082 0.6477349786 0.5848968147 0.6488839879 0.6578875901 0.8693438746 0.8778967623 0.874556468
0 0 0 0 0 0 0.8532959974 0 0 0 0.8772639951 0.871460953 0.7625926243 0.5146083687 0.8995936778 0 0.7572124533 0.8849040772 0.749936666 0.6122154972 0.6007294598 0.5989071865 0.9015844443 0.8840032244 0.8885066521 0.8933334634 0.8839827677 0 0.8855258884 0.8993995387 0 0.5943437196 0.5991137005 0.7260513914 0.8685483516 0.8609018194 0.8617124489 0.8571355376 0.8829917554 0.7204875936 0.6678922799 0.6684878911 0.886709977 0.7114484676 0.7538381314 0.5900563157 0 0 0 0 0 0 0 0 0 0.5042519037 0.50207668 0.5067083712 0.5068871381 0 0.7900073768 0.795117347 0.5266896116 0.7079163774 0.6045048505 0 0.6544834817 0.6494975715 0.6556676358 0.770890277 0.8827098625 0.8843428332
0 0 0 0 0.6998254861 0.8445971989 0.848951169 0 0 0.6843655953 0.8748434608 0.8687269802 0.8771735509 0.8967582077 0.8906054805 0.5791014308 0.749633138 0.7479261154 0.7490829182 0.6436737477 0.6062445604 0.6085205097 0.8978504424 0.89117491 0.882526748 0.886814471 0 0.8819338126 0.8898980176 0.8934229009 0.9008105264 0.7140682735 0.6025692601 0.8809414631 0.5959259453 0.86958973 0.7020559755 0.6460556289 0.8910625673 0.671651329 0.6681142094 0.6725967821 0 0.748007876 0.5841143018 0 0 0 0 0 0 0 0 0 0 0.5045778244 0.5034528348 0.5042141389 0.512486353 0.7934459872 0.7895216019 0 0.6471388634 0.6138088607 0.8190151245 0.8192046172 0.8217077595 0.6045775766 0.7648529369 0.5144453225 0 0.8279001737
