landscape/hab_quality/256/simulation_000097_p041_h098_HABMAT_patch_more_500pix_modified.asc_ac_0.5_quality.asc
NCOLS 513
NROWS 513
XLLCORNER 0
YLLCORNER 0
CELLSIZE 9.980507
NODATA_VALUE NaN
[rows 216 to 251 of 513, columns 83 to 165 of 513]
0.7582136377 0.6373323936 0.5078515546 0.8388784879 0.8429281416 0.8452168911 0.7263420429 0.8516587367 0.8270106174 0.8238023807 0.8148492997 0.8195144259 0.8254384223 0.7268696968 0.7616212957 0.7699712959 0.7640392635 0.768658057 0.7731299816 0.6400452417 0.6422021556 0.7740549397 0.7679352466 0.7777704654 0.7828432683 0.7322522837 0.8003014464 0.6792864648 0 0 0 0 0 0 0 0 0 0 0 0 0 0 0 0 0 0 0 0 0 0 0 0 0 0 0 0 0 0 0 0 0 0 0 0 0 0 0 0 0 0 0 0 0 0 0 0 0 0 0 0 0 0 0
0.5511939831 0.5542454319 0.8486004413 0.8479954091 0.8412059984 0.8520775863 0.6642437918 0.8205044366 0.8226205106 0.818539121 0.8179895479 0.818136763 0.8282792113 0.738111527 0.8231247511 0.7704849936 0.762684593 0.7607878514 0.7581669258 0.7773432097 0.6969913178 0.7724346172 0.7186377699 0.7686840715 0.7321018995 0.8308722112 0.7454710023 0 0 0 0 0 0 0 0 0 0 0 0 0 0 0 0 0 0 0 0 0 0 0 0 0 0 0 0 0 0 0 0 0 0 0 0 0 0 0 0 0 0 0 0 0 0 0 0 0 0 0 0 0 0 0 0
0.6894650474 0.5087367784 0.7398639243 0.8947657427 0.7745228725 0.8464008579 0.6308708076 0.8265015556 0.8190509338 0.8246936122 0.8187788296 0.8208411574 0.8281831353 0.7789601143 0.626350716 0.7685761616 0.7591277486 0.7541389685 0.7633461773 0.7656970213 0.8202638112 0.7248705565 0.7190150296 0.7244024601 0.7328328085 0.739514798 0.7484094636 0 0.697081954 0 0 0 0 0 0 0 0 0 0 0 0 0 0 0 0 0 0 0 0 0 0 0 0 0 0 0 0 0 0 0 0 0 0 0 0 0 0 0 0 0 0 0 0 0 0 0 0 0 0 0 0 0 0
0.687984948 0.8346623653 0.7472929488 0.8893081719 0.6253791985 0.8547292018 0.8656263808 0.866092653 0.8554468371 0.8488488918 0.8501820015 0.8530788135 0.6325766824 0.6348829229 0.6275830342 0.7649675453 0.7618500319 0.7621447671 0.7546144262 0.7711797789 0.7293370472 0.7261681809 0.8433986392 0.7328538712 0.7254554484 0.6423137285 0.636431294 0.6410260549 0.6449032875 0.7490068975 0.7331481283 0.6003325467 0.7728878106 0 0 0 0 0 0 0 0 0 0 0 0 0 0 0 0 0 0 0 0 0 0 0 0 0 0 0 0 0 0 0 0 0 0 0 0 0 0 0 0 0 0 0 0 0 0 0 0 0 0
0.5924958209 0.6959574352 0.7401976259 0.8584265819 0.8562997765 0.7496678523 0.8629616924 0.8631727979 0.8496135099 0.8511406558 0.8448879827 0.8534437925 0.6355648675 0.6263245379 0.7793074081 0.7669940394 0.7631173306 0.7642404914 0.7671933581 0.7199021364 0.7194550796 0.7191328675 0.7080501926 0.5675312492 0.567896664 0.6381494894 0.6329130707 0.6383009941 0.8162011072 0.7948528853 0.7393621 0.6671691518 0.8933954958 0.8932104933 0.8724558588 0 0 0 0 0 0 0 0 0 0 0 0 0 0 0 0 0 0 0 0 0 0 0 0 0 0 0 0 0 0 0 0 0 0 0 0 0 0 0 0 0 0 0 0 0 0 0 0
0.5416314753 0.5122961087 0.8515041576 0.6403798 0.7397401459 0.719226847 0.8637746077 0.85539464 0.8488611026 0.8440115367 0.8458916783 0.8479053133 0.6324631196 0.7233612737 0.7717478918 0.7716548757 0.7698656068 0.7692488772 0.7292028208 0.719395984 0.714957983 0.7215843467 0.9051034511 0.707657776 0.6254639752 0.6281280651 0.628902315 0.6338994678 0.8746630395 0.6765959742 0.7312205474 0.884194 0.5950881739 0.8834974485 0.8918692726 0.8946507531 0 0 0 0 0 0 0 0 0 0 0 0 0 0 0 0 0 0 0 0 0 0 0 0 0 0 0 0 0 0 0 0 0 0 0 0 0 0 0 0 0 0 0 0 0 0 0
0.5717715996 0.6677492595 0.8357841792 0.7877516083 0.6233919994 0.750305433 0.8615147619 0.8524876553 0.8521524897 0.8455512186 0.8504552163 0.7090341416 0.6585415697 0.7766086017 0.7717814548 0.7782369415 0.7750790048 0.7713941915 0.7778436075 0.7234071766 0.7233766711 0.7212248192 0.9029646588 0.8953890652 0.6219857065 0.6216976241 0.6260064411 0.6304517605 0.6354286099 0.7286138153 0.7221729829 0.8816541507 0.8770981584 0.884191158 0.8848500785 0 0 0 0 0 0 0 0 0 0 0 0 0 0 0 0 0 0 0 0 0 0 0 0 0 0 0 0 0 0 0 0 0 0 0 0 0 0 0 0 0 0 0 0 0 0 0 0
0.5680504214 0.5705058663 0.7282617025 0.6238765635 0.7797399658 0.7807052579 0.7978380325 0.8523790539 0.8582450318 0.8522027489 0.8585456378 0.6588760338 0.7552404699 0.7538463109 0.8111102707 0.6787595581 0.7743854978 0.7720520708 0.7747942938 0.7807224362 0.6544868837 0.9156696424 0.8957037154 0.8981499026 0.6249739951 0.6223894175 0.6241493229 0.6349587102 0.6444056854 0.7807106327 0.671324893 0.8806568065 0.8822960454 0.8839377539 0.6247957429 0.6208453195 0 0 0 0 0 0 0 0 0 0 0 0 0 0 0 0 0 0 0 0 0 0 0 0 0 0 0 0 0 0 0 0 0 0 0 0 0 0 0 0 0 0 0 0 0 0 0
0.7079852875 0.8726939048 0.776187463 0.8017434122 0.8772422762 0.7470591847 0.7526071222 0.8016882904 0.853221158 0.7913976567 0.7919591642 0.7953571394 0.6471616225 0.8272948662 0.8846612455 0.8961907067 0.8893215988 0.8948196327 0.7207178843 0.8705691916 0.9179703628 0.9083072826 0.9060302996 0.9010689615 0.9027181505 0.6342035451 0.6412650763 0.6630395112 0.7400482698 0.6710642553 0.6771073819 0.6778492168 0.8917871928 0.8879763688 0.6728632563 0.6175528059 0 0 0 0 0 0 0 0 0 0 0 0 0 0 0 0 0 0 0 0 0 0 0 0 0 0 0 0 0 0 0 0 0 0 0 0 0 0 0 0 0 0 0 0 0 0 0
0.7762790015 0.7709003379 0.7796189111 0.7978941741 0.8055252614 0.6425484498 0.6972840277 0.8586941385 0.8604779262 0.7896242273 0.7888172961 0.7986536267 0.5202937781 0.8198972542 0.8836266775 0.8819855891 0.8868906382 0.8879040623 0.8811075997 0.8711202769 0.9159722822 0.9106507258 0.7783966682 0.9066888574 0.9015835315 0.6389707375 0.643510335 0.6645116465 0.6625747428 0.6638743025 0.6768856706 0.6813490819 0.8154568079 0.8161915023 0.8289469631 0.623603278 0.6266122253 0.8667854473 0 0 0 0 0 0 0 0 0 0 0 0 0 0 0 0 0 0 0 0 0 0 0 0 0 0 0 0 0 0 0 0 0 0 0 0 0 0 0 0 0 0 0 0 0
0.7711597648 0.7774071137 0.7807904657 0.7083544505 0.6991715436 0.6925873157 0.7129022592 0.647324069 0.5935441902 0.7922708686 0.7907377442 0.5174906871 0.6537620874 0.6560561672 0.8813027727 0.8801049634 0.8875101792 0.880951629 0.8816887917 0.9247044412 0.7687005088 0.9152415928 0.6723565755 0.7261029492 0.9094810795 0.5231752997 0.5860963621 0.6711915738 0.6629608479 0.6691966482 0.7022747142 0.8205598841 0.8102486646 0.8071464356 0.8824895171 0.5508562583 0.8685323306 0 0 0 0 0 0 0 0 0 0 0 0 0 0 0 0 0 0 0 0 0 0 0 0 0 0 0 0 0 0 0 0 0 0 0 0 0 0 0 0 0 0 0 0 0 0
0.7809654897 0.7776836484 0.7115823152 0.7057842348 0.6989669724 0.7039006 0.7121883538 0.6984675694 0.6278791786 0.5934002172 0.5862334368 0.5880602366 0.6514287151 0.6487536748 0.6516588641 0.6512872824 0.8793203655 0.8833536617 0.8833054554 0.6090427291 0.560033154 0.7311853297 0.7272359579 0.7269412931 0.733422382 0.5152686383 0.5264590701 0.7098936818 0.5197356395 0.722791303 0.8320197598 0.6293729354 0.8157560895 0.8115281034 0.8108886939 0.5414275787 0.6253767624 0 0 0 0 0 0 0 0 0 0 0 0 0 0 0 0 0 0 0 0 0 0 0 0 0 0 0 0 0 0 0 0 0 0 0 0 0 0 0 0 0 0 0 0 0 0
0.8315192934 0.7152335063 0.7127370075 0.7006312203 0.7666118044 0.7038450874 0.7115571154 0.7825827156 0.7755737081 0.5848982099 0.5847219777 0.5892849031 0.6554710143 0.6520274553 0.6485088978 0.64533939 0.6430414032 0.6475750499 0.8901416808 0.5590295223 0.5591606503 0.6596613621 0.7291331754 0.8550435265 0.5090536236 0.5100069982 0.520516792 0.5177245549 0.5145831977 0.8347232229 0.831043398 0.8276024187 0.8361977227 0.8435582328 0.842630275 0.8413288466 0.6205331509 0 0 0 0 0 0 0 0 0 0 0 0 0 0 0 0 0 0 0 0 0 0 0 0 0 0 0 0 0 0 0 0 0 0 0 0 0 0 0 0 0 0 0 0 0 0
0.769770208 0.8523521597 0.7145126541 0.7155918723 0.7888444925 0.6793631537 0.6877025378 0.6791412029 0.7733988353 0.5900906423 0.5847481228 0.592975508 0.6628884781 0.8100136444 0.6458944871 0.6417323081 0.6459247719 0.6544769694 0.8847339698 0.8932108536 0.653551912 0.7043251407 0.7024110695 0.7194178974 0.5134413811 0.508676246 0.5087290642 0.5111116145 0.5134726264 0.8333091286 0.8292006572 0.8243306107 0.8274787863 0.8274198928 0.8404593111 0.8494627313 0.692916256 0.6907828511 0.8103935192 0 0 0 0 0 0 0 0 0 0 0 0 0 0 0 0 0 0 0 0 0 0 0 0 0 0 0 0 0 0 0 0 0 0 0 0 0 0 0 0 0 0 0 0
0.7880955929 0.8031785166 0.8633532071 0.6387890315 0.674688283 0.6697151607 0.6781065533 0.6842215207 0.7773697181 0.7716040099 0.773700895 0.6647719058 0.6591748439 0.6558179349 0.645763975 0.649400332 0.6458759165 0.6539520136 0.8942182711 0.6878860698 0.6914209841 0.694557284 0.6866298504 0.5120852999 0.5070049645 0.5130707767 0.5063050806 0.6793313398 0.5181381572 0.8314826677 0.8277180027 0.8230677326 0.8222643884 0.8320786718 0.8388613131 0.8472001886 0.8182986464 0.6946379168 0.6966510223 0.8985601157 0.8729257501 0 0 0 0 0 0 0 0 0 0 0 0 0 0 0 0 0 0 0 0 0 0 0 0 0 0 0 0 0 0 0 0 0 0 0 0 0 0 0 0 0 0
0.5307312826 0.7168649268 0.8570073579 0.8563985213 0.8491582221 0.6687000122 0.6784214946 0.6861778867 0.767392056 0.7770696198 0.8772933603 0.5311781781 0.6589696341 0.6579868318 0.6618671005 0.7625747023 0.7568335479 0.7614096234 0.6895700613 0.6940947998 0.6846692903 0.6839472455 0.6795812231 0.5162796283 0.5077964647 0.505313931 0.5111240173 0.5066944426 0.7022743946 0.5515960849 0.831369374 0.8241803498 0.6596965907 0.6619508179 0.6549484083 0.6632887371 0.6652400114 0.7013255008 0.6947248029 0.7223419564 0.7101282277 0.6893891097 0.6826030557 0 0 0 0 0 0 0 0 0 0 0 0 0 0 0 0 0 0 0 0 0 0 0 0 0 0 0 0 0 0 0 0 0 0 0 0 0 0 0 0
0.6783511283 0.7434890496 0.8560633803 0.8473330722 0.7195927653 0.6730575611 0.6729668193 0.7636700586 0.7634196592 0.7673680804 0.766626844 0.5286798906 0.5274068496 0.6716637738 0.668906985 0.7618489311 0.7632655239 0.7641643599 0.6890926584 0.6887747475 0.6808081996 0.6780452171 0.8584517429 0.5171802591 0.5150747111 0.5106645654 0.5148409338 0.5280893809 0.5080759729 0.8408930039 0.5632852761 0.6611137684 0.6564592907 0.6527204861 0.6559920206 0.6603068347 0.6667889101 0.736647064 0.6189481976 0.5884275657 0.7447376186 0.6912199222 0.8678707148 0 0 0 0 0 0 0 0 0 0 0 0 0 0 0 0 0 0 0 0 0 0 0 0 0 0 0 0 0 0 0 0 0 0 0 0 0 0 0 0
0.6840223817 0.8125642452 0.8494148741 0.8477583826 0.8560078506 0.6766996597 0.6825482782 0.7663501517 0.7615086632 0.7600749499 0.7639868636 0.6194795619 0.6733962116 0.6810902063 0.675865483 0.762923154 0.8593965369 0.6990385737 0.6916083796 0.6836655689 0.6818447367 0.6814981937 0.6786878091 0.5239533402 0.5165817901 0.5143482673 0.5192466797 0.5286135994 0.8735830771 0.8091569381 0.8038206963 0.5611580743 0.6572330773 0.656309595 0.660147818 0.6623352926 0.6686831332 0.7368842162 0.7434463755 0.6793343583 0.7370466836 0.7401863442 0.7453695973 0.865155055 0.722422874 0 0 0 0 0 0 0 0 0 0 0 0 0 0 0 0 0 0 0 0 0 0 0 0 0 0 0 0 0 0 0 0 0 0 0 0 0 0
0.8091305189 0.5981481877 0.8590299602 0.5932600254 0.6634954049 0.6610993343 0.6697120949 0.7714581501 0.7667180837 0.7691434727 0.767320948 0.7711864362 0.6910685361 0.6905362817 0.6816628003 0.6308620211 0.6989142955 0.6961448024 0.6924528101 0.6968644439 0.6897686125 0.7771886978 0.6847289394 0.5776073899 0.5506094967 0.5522639385 0.554049749 0.5248843001 0.698115469 0.8649420414 0.8019346119 0.7979657778 0.8001862112 0.659130368 0.6640046889 0.6713207316 0.6649417232 0.8187494504 0.7425035318 0.7375448621 0.7294651746 0.7364509332 0.7292270535 0.7415537939 0.648533627 0.7193851227 0 0 0 0 0 0 0 0 0 0 0 0 0 0 0 0 0 0 0 0 0 0 0 0 0 0 0 0 0 0 0 0 0 0 0 0 0
0.6781405842 0.8139971873 0.6249421637 0.8653220189 0.6697913105 0.6629883138 0.6709979234 0.6760091365 0.6784104252 0.7742602255 0.5000601586 0.7731611195 0.6115498883 0.509065326 0.6998424297 0.7276167114 0.5749636331 0.6945493451 0.7008278881 0.6996687701 0.6972904889 0.6952618195 0.7809438475 0.5517493108 0.5485861344 0.5476003206 0.5562563363 0.6977716783 0.7026034142 0.8230043372 0.8050976107 0.8068875412 0.7997203108 0.5624285762 0.8094188624 0.6805434204 0.6774214022 0.8748028454 0.6362621406 0.7367432105 0.7349249599 0.7276923019 0.731845779 0.7337324788 0.7265283939 0.7268645888 0.7260849058 0.8480703047 0.7867176839 0.8415620229 0.8429653947 0 0 0 0 0 0 0 0 0 0 0 0 0 0 0 0 0 0 0 0 0 0 0 0 0 0 0 0 0 0 0 0
0.6870679084 0.8704597621 0.818019569 0.8123979449 0.8120443004 0.8126683915 0.5309859992 0.82034532 0.5145100957 0.6773375513 0.6777087192 0.7513955983 0.7873861415 0.7098198146 0.7268558562 0.7118742883 0.7038309833 0.5805905555 0.8434023604 0.8875969782 0.7337659276 0.7034514599 0.5221844002 0.5546618823 0.549916166 0.5045946952 0.5560980432 0.6930596628 0.6976557394 0.8278682317 0.8205080362 0.7056618716 0.62061188 0.8088439347 0.8142305545 0.8577732296 0.5452180762 0.5517283857 0.8779630146 0.7372803047 0.7264320924 0.7255031744 0.7328328132 0.8646795882 0.523467107 0.5222180527 0.7444035135 0.6137128684 0.7735145692 0.8328798093 0.8351205854 0.8369012716 0.8339940064 0 0 0 0 0 0 0 0 0 0 0 0 0 0 0 0 0 0 0 0 0 0 0 0 0 0 0 0 0 0
0.5873469302 0.5749482132 0.6183832566 0.6157857294 0.6144445305 0.8156275832 0.8025009285 0.6829284873 0.6778108742 0.6808482782 0.6862669136 0.7811779266 0.7841737545 0.7099194762 0.7027703245 0.5506488737 0.8497275129 0.5166047724 0.5138472492 0.7537095913 0.6032950918 0.5780994907 0.5733092456 0.5513860556 0.5588094505 0.5564828981 0.7591132996 0.6951881828 0.6282959258 0.8220407366 0.8274576393 0.5891120667 0.8810171948 0.8126025651 0.6266882195 0.5120007343 0.7586224565 0.8830249978 0.8633610091 0.7459137088 0.7322862437 0.7258086347 0.7340220693 0.7409922348 0.5002081253 0.6934790667 0.5303127001 0.5341522475 0.5637897135 0.8362652369 0.8361561223 0.8302276008 0.8392126818 0 0 0 0 0 0 0 0 0 0 0 0 0 0 0 0 0 0 0 0 0 0 0 0 0 0 0 0 0 0
0.6424090372 0.5917608248 0.6190097145 0.6107534828 0.7226998774 0.5334648843 0.5382889817 0.6823614044 0.6379065682 0.6907989673 0.6853467633 0.7747568115 0.7837135942 0.6217592892 0.5514395804 0.5105939094 0.5126843914 0.5170589456 0.5084559542 0.6690940571 0.5834872242 0.576870533 0.5721472264 0.5675226923 0.5633115818 0.5606076849 0.7631141201 0.7536821761 0.7493299596 0.7516326328 0.7583154945 0.8023937891 0.6996045008 0.7420566642 0.7815326231 0.528194307 0.6882846719 0.8276150281 0.8321301822 0.7433152103 0.7390429574 0.7340794476 0.7415120775 0.7431669069 0.685833499 0.7429680842 0.6904963812 0.6883758124 0.554199481 0.5572249264 0.8316901248 0.8351176887 0.833322476 0 0 0 0 0 0 0 0 0 0 0 0 0 0 0 0 0 0 0 0 0 0 0 0 0 0 0 0 0 0
0.8638141168 0.8731080047 0.6181644507 0.6169944255 0.5417782405 0.5317818081 0.5348446499 0.5419770141 0.6780810647 0.7951304716 0.7772681602 0.7925605614 0.667788812 0.608482682 0.6300177495 0.6553730483 0.6462196109 0.5153132226 0.5403256148 0.738600717 0.6638475566 0.5782734768 0.5727506692 0.5687450247 0.5773794318 0.7628261064 0.7508684514 0.7550394388 0.7491182534 0.7492872508 0.7538002645 0.7053348004 0.689253096 0.6935655429 0.6881251991 0.5731083663 0.576359766 0.8245908961 0.5125735677 0.7451776195 0.7351150985 0.7394326432 0.7364310516 0.6303413164 0.6888505647 0.6846593326 0.6843560955 0.6615486494 0.6612593565 0.6634976286 0.562509671 0.8333925037 0 0 0 0 0 0 0 0 0 0 0 0 0 0 0 0 0 0 0 0 0 0 0 0 0 0 0 0 0 0 0
0.814241527 0.8143536213 0.5978621067 0.8491893055 0.8376080449 0.5373813603 0.5370751267 0.5416328534 0.5862573075 0.5297183829 0.7859603968 0.7902118439 0.6012417423 0.6112087439 0.8635839305 0.6588625894 0.6455048769 0.6464469327 0.8412465738 0.8431546999 0.8395802292 0.5856790907 0.581755306 0.5708899561 0.766441033 0.7582801763 0.7562104675 0.7494042565 0.7450823546 0.7496619277 0.7539429003 0.702271773 0.6965377899 0.6868041167 0.694088032 0.5703369751 0.5780810505 0.5098990607 0.5164316086 0.5116644148 0.5475804539 0.6406797608 0.634380778 0.6373082464 0.6865455137 0.6821155423 0.6788512781 0.6616830122 0.6609188444 0.6569796309 0.6595007195 0.6687882238 0 0 0 0 0 0 0 0 0 0 0 0 0 0 0 0 0 0 0 0 0 0 0 0 0 0 0 0 0 0 0
0.5696956693 0.8469833644 0.8415324693 0.6647989243 0.5423660976 0.5383675052 0.5388635078 0.7143179413 0.7110088717 0.5812473216 0.7909368553 0.7936153931 0.6165054172 0.6034343915 0.6517050738 0.6478959048 0.6569283034 0.8713747751 0.8413166122 0.8353765722 0.518508186 0.6034422404 0.7284303344 0.5163737139 0.5394284718 0.7601391102 0.7531593764 0.7543277095 0.7545459073 0.7472437248 0.8633728672 0.6976806019 0.6956699666 0.5153710375 0.6949882035 0.5760154738 0.5798159099 0.589276179 0.5923925478 0.5145725561 0.8304355708 0.6364445923 0.5706228916 0.5724280279 0.6821819495 0.6798692403 0.6862046745 0.6610501605 0.6662315634 0.6568975756 0.6665565255 0.6669612 0.6712785209 0 0 0 0 0 0 0 0 0 0 0 0 0 0 0 0 0 0 0 0 0 0 0 0 0 0 0 0 0 0
0.672855556 0.5674385755 0.849014839 0.8431242154 0.8197389036 0.5395932735 0.5461403769 0.660146355 0.7082418782 0.7171696445 0.5645807679 0.6195268413 0.6220348217 0.5673235468 0.5301479734 0.834267565 0.6521987899 0.5494009861 0.844335385 0.8002961857 0.8444909478 0.9078467996 0.6712732503 0.6684366533 0.7688079545 0.7571898533 0.7582355001 0.7555133065 0.6824165404 0.6847905619 0.6831400846 0.7167697116 0.674396668 0.6211260641 0.5892173103 0.5811469303 0.5815670153 0.5882130516 0.5980323722 0.7460153151 0.8374735592 0.7412787034 0.5681453248 0.5701373608 0.6847440045 0.6939955524 0.6922761583 0.6876429188 0.6609374525 0.6662714869 0.6653800245 0.6677174186 0.6701469124 0 0 0 0 0 0 0 0 0 0 0 0 0 0 0 0 0 0 0 0 0 0 0 0 0 0 0 0 0 0
0.6642343004 0.8079331931 0.6530107916 0.8145974125 0.8825824595 0.6935416443 0.7028855487 0.713250764 0.5064529222 0.7136183763 0.8390807503 0.6772831198 0.8076964654 0.6942819698 0.5091039178 0.5371532106 0.5582547618 0.5276970882 0.5318730164 0.9046823361 0.8995094746 0.6562890109 0.651499731 0.6694829115 0.7028534757 0.8281872868 0.8225294178 0.548258638 0.5453207033 0.6757727697 0.6849684184 0.7837935264 0.753699869 0.589172996 0.5844639127 0.5864605324 0.5888308643 0.5890443513 0.5963618206 0.7457346349 0.7365640837 0.741266447 0.5748234887 0.5658549443 0.7456515986 0.7449071138 0.7303427433 0.756394631 0.5600341361 0.5382442026 0.6652628366 0.5222562536 0.5096470568 0.504710786 0.5043636716 0 0 0 0 0 0 0 0 0 0 0 0 0 0 0 0 0 0 0 0 0 0 0 0 0 0 0 0
0.6998787099 0.668827513 0.697357373 0.6526784513 0.6577963997 0.8750290591 0.7482768576 0.8054324141 0.7916482557 0.79742014 0.5548478239 0.5454005249 0.6835092173 0.6808800085 0.6886284862 0.5311378524 0.649536672 0.6022185193 0.5290200325 0.9013718077 0.8933717729 0.9059411033 0.6069109793 0.7305013901 0.6960558611 0.5430566313 0.54593096 0.5416287214 0.5459332768 0.5292784495 0.8630216684 0.7020970353 0.5670388648 0.7539556849 0.5951126481 0.5894525126 0.5937603956 0.5967461531 0.7270953162 0.6837536855 0.7396766259 0.7720275589 0.7659175659 0.781667758 0.7815295366 0.7742556635 0.7544985985 0.7565177511 0.878199982 0.670805467 0.5364825674 0.6517370072 0.5138580916 0.5044571339 0.511552992 0.5103560193 0.5644425414 0.5654582655 0 0 0 0 0 0 0 0 0 0 0 0 0 0 0 0 0 0 0 0 0 0 0 0 0
0.6753301281 0.8728002101 0.646459507 0.6442952586 0.6535858595 0.8159749812 0.8977526353 0.8958062776 0.895373688 0.5937706189 0.5508311826 0.6820061583 0.6784767432 0.6800916101 0.6829028556 0.6901108102 0.5833029679 0.5075739575 0.6423571925 0.8764388142 0.7081287429 0.8262000468 0.5985989845 0.5863546515 0.587777971 0.5869280103 0.5394717075 0.5381626079 0.5320732049 0.5428959242 0.7020886468 0.768441248 0.7368866147 0.5758692482 0.5103867047 0.5132141364 0.5614255295 0.5626546696 0.5556989461 0.6018336066 0.5416679038 0.8299097164 0.7632479631 0.7678639625 0.772127573 0.692284084 0.8014531819 0.8724893201 0.79974086 0.8666873788 0.5547289895 0.6496013698 0.5618167059 0.5558171686 0.5600275306 0.5541154617 0.5561002375 0.7434892052 0 0 0 0 0 0 0 0 0 0 0 0 0 0 0 0 0 0 0 0 0 0 0 0 0
0.8058609422 0.8741465429 0.789804769 0.6525544079 0.6447161674 0.7506889586 0.8941425751 0.8940695808 0.7982271429 0.5364845676 0.8715806499 0.6828731064 0.6780380641 0.6767346708 0.6819636509 0.6919609534 0.7301796866 0.7383448168 0.6485887925 0.6419993586 0.733848158 0.6933091606 0.8179802545 0.5906162706 0.5809945775 0.5815386601 0.5678456288 0.5319296605 0.5418076257 0.5432705173 0.7109367804 0.7093462747 0.5077552885 0.5045492327 0.5114219026 0.5110967183 0.5148608062 0.5528525091 0.5455717847 0.7049201522 0.6217225474 0.7347100894 0.7675463984 0.7624352681 0.7626047434 0.7815304764 0.7225813711 0.8745155454 0.8730531419 0.5241111851 0.8612546789 0.6166088033 0.5614639249 0.5532469 0.5503590788 0.5515874301 0.5569660179 0.5628309135 0.752922342 0 0 0 0 0 0 0 0 0 0 0 0 0 0 0 0 0 0 0 0 0 0 0 0
0.7993342979 0.6686207593 0.6983224411 0.8877542672 0.7576560216 0.7102993012 0.7093975754 0.7107454391 0.9025692006 0.7914657694 0.8729714524 0.8708951779 0.6860275946 0.6852693716 0.6802669404 0.6886229605 0.6950420221 0.8628916486 0.6458665582 0.5871759514 0.8895910898 0.6348837847 0.6276893659 0.5813246424 0.5827530585 0.5841977937 0.5332340785 0.536619409 0.5385814074 0.8395690518 0.8815838158 0.8345773511 0.5093734098 0.5027611293 0.5016551776 0.5054605453 0.5060479144 0.5566598872 0.6550650537 0.6975180129 0.5613343188 0.7344824033 0.7252721512 0.7699642038 0.7665979111 0.7999057628 0.8858106677 0.5373807484 0.7225161434 0.7111122492 0.7182858574 0.5082189724 0.5195542589 0.5529604948 0.5589814193 0.5498193413 0.5534892398 0.534526288 0 0 0 0 0 0 0 0 0 0 0 0 0 0 0 0 0 0 0 0 0 0 0 0 0
0.7894960609 0.7035951417 0.8216543868 0.5800660607 0.6929359641 0.6963548657 0.7019335314 0.7114839702 0.842418408 0.8462646805 0.8705985041 0.8669591836 0.8755466661 0.6494747199 0.6883784667 0.6879536312 0.5303535189 0.8550696675 0.7002875811 0.6497724432 0.6136451267 0.6349209685 0.5640237658 0.5663820854 0.5673262821 0.5924808529 0.5924203804 0.5945008263 0.7145403097 0.7109599901 0.7145593044 0.5443166367 0.8277864361 0.5048877219 0.5104305311 0.5037791107 0.505281136 0.5134725931 0.6989140634 0.6933767636 0.694824085 0.7326875396 0.7298062284 0.7311387532 0.7900595054 0.6413204483 0.6434978358 0.6455833793 0.646684592 0.7133714479 0.7208241318 0.5790659725 0.7947409491 0.7908167987 0.5498762573 0.5504012878 0.5534293575 0.8334435465 0.8336286765 0.8104174871 0 0 0 0 0 0 0 0 0 0 0 0 0 0 0 0 0 0 0 0 0 0 0
0.7959943253 0.694749156 0.8322626531 0.7031256394 0.6986658371 0.692767834 0.6982854611 0.7041452796 0.8378878966 0.8439114809 0.8733343609 0.8677751811 0.8733316937 0.817592505 0.6802879284 0.5364505432 0.6330983826 0.8620157353 0.7482027903 0.7510163201 0.5797448903 0.5718891387 0.5655791211 0.5610441754 0.6024552471 0.5909433708 0.5886791769 0.5930776155 0.7064200841 0.7123711011 0.8152410595 0.5470484901 0.5417867533 0.5505818043 0.5085649441 0.5055459578 0.5088054112 0.5132911135 0.6899008747 0.682370984 0.6860387558 0.6934721579 0.7893838804 0.7907189417 0.6324541527 0.6398575739 0.6380822562 0.64440966 0.648851907 0.7224143492 0.5476084419 0.6808765784 0.688752907 0.7847801657 0.6925721707 0.7091114924 0.7019853874 0.8372609034 0.829938435 0.8373398041 0.6314281874 0 0 0 0 0 0 0 0 0 0 0 0 0 0 0 0 0 0 0 0 0 0
0.5279411585 0.8272576844 0.8062157738 0.709324674 0.6998880764 0.6970180324 0.6949791304 0.8475851177 0.8406734876 0.8395417018 0.8758263845 0.8755410031 0.804942965 0.685123269 0.6902497725 0.6823377194 0.6371038905 0.6317823265 0.7461236906 0.7485230783 0.8426793422 0.5710877439 0.561957508 0.5671840006 0.667093968 0.5954681252 0.7037074153 0.5964820831 0.7101797807 0.710587716 0.888690843 0.5490847694 0.5466776907 0.5477140024 0.5160552778 0.6892514977 0.884793691 0.5709555061 0.6834289857 0.6819927635 0.6848832798 0.7854728575 0.828425035 0.7016775221 0.6344612086 0.6319603851 0.6361620273 0.6433043059 0.6530515844 0.5034205534 0.6167570962 0.5550560304 0.692967003 0.6848412733 0.6886658591 0 0 0.8358096116 0.831515393 0.8394202098 0.6781332713 0 0 0 0 0 0 0 0 0 0 0 0 0 0 0 0 0 0 0 0 0 0
0.7943606127 0.8366268257 0.8303337784 0.7015736784 0.6986745805 0.697979189 0.6994346342 0.8506964471 0.7347967041 0.7315111649 0.7336783203 0.7317078895 0.568910244 0.860723268 0.8223673058 0.5400214293 0.5855109282 0.7556397344 0.8743471323 0.8755969241 0.8735416453 0.5714524931 0.5678150953 0.5681713709 0.6052263462 0.6016646699 0.5984433008 0.5971062688 0.6512806203 0.6010697503 0.7748931786 0.77509876 0.7675032085 0.7709484993 0.7755314237 0.6945362534 0.6931394403 0.685955416 0.6885545633 0.6983493782 0.5120620314 0.8128809317 0.7859100257 0.6524780994 0.641637046 0.6385458477 0.6364512718 0.6447112156 0.5130079251 0.6282544575 0.7025061804 0.5660525337 0.687167667 0.6852205891 0.6907109856 0.7006912568 0 0 0.8621676933 0.6877643181 0.6216844689 0.6252845495 0 0 0 0 0 0 0 0 0 0 0 0 0 0 0 0 0 0 0 0 0
