landscape/hab_quality/256/simulation_000090_p062_h046_HABMAT_patch_more_500pix_modified.asc_ac_0.5_quality.asc
NCOLS 513
NROWS 513
XLLCORNER 0
YLLCORNER 0
CELLSIZE 9.980507
NODATA_VALUE NaN
[rows 217 to 247 of 513, columns 420 to 489 of 513]
0.6407474086 0 0 0.6545478267 0.6558224097 0.6661162252 0.745776406 0.7377005141 0.7332333833 0.735251303 0.7322753587 0.7408133481 0.5471971636 0.544666409 0.8427837662 0.7108151474 0.7027995699 0.706370844 0.7441166541 0.8523250608 0.6593748475 0.8818089566 0.8739837268 0.739014566 0.7470265473 0.614294619 0.820155497 0.8239175517 0.8254011172 0.6381501587 0.8903270864 0.6381077439 0.8680054538 0.8776413946 0.8767792567 0.8289817893 0.8260704126 0.8259043957 0.8164880037 0 0.8031231801 0 0.8151100404 0.6816431692 0.5559118772 0.6914597918 0.6866311197 0.6938608728 0.700709211 0.7188637368 0.6832456768 0.6764707297 0.686417019 0.5494844013 0.5739231018 0.564781614 0.5671061024 0.6163535391 0.6134961501 0.7240845817 0.5490855288 0.5455085118 0.5436602117 0.550863499 0 0.8345886473 0.5817929709 0.508869996 0.5151679685 0.8884311057
0.6484154152 0.6390078498 0.6558927088 0.6523894068 0.6603891942 0.7856029072 0.7397377363 0.7451496715 0.7377618993 0.5039216457 0.7389980967 0.7471846027 0.6041761984 0.5538426261 0.6992603605 0.7050205065 0.7023095733 0.6989582408 0.8893202464 0.708207794 0.7107906925 0.8108964306 0.6835810673 0.8771479644 0.8205262611 0.5297619609 0.6197489939 0.815564763 0.5096680518 0.8347517109 0.8910379286 0.8883806073 0.7687661877 0.8813718826 0.5541685851 0.8352539776 0.8742265046 0.7715920287 0.8116162039 0.8130994358 0.8053507868 0.8124084174 0.8165580653 0.8118302192 0.6921802538 0.6921453783 0.6910736618 0.6954666551 0.8996107462 0 0.676924882 0.6772119505 0.6838963451 0.6584913766 0 0 0.5670367414 0 0.6192967866 0 0.7503921485 0.5404475332 0 0.5483788846 0.5290699311 0.5796977963 0.5764806972 0.5038677856 0.5005140409 0.5143772729
0.6432283191 0.6398812566 0.6541944906 0.6504798011 0.6529246623 0.6693438629 0.800547109 0.5175599916 0.857669326 0.5229213212 0.7394331607 0.6026768024 0.5368729831 0.8952649258 0 0.7122355651 0.8842920821 0.6953106325 0.7025527543 0.7102585825 0.7362623576 0.7257135463 0.5644168074 0.5724584783 0.8680231864 0.8992304535 0 0.8219331246 0.649008102 0.6925336859 0.6970990712 0.8877361619 0.8911762932 0.8467741053 0.5086313183 0.5119647456 0.6415200416 0.8135066425 0 0.8080143058 0.8110392919 0.8130576879 0.6290584116 0.6221574062 0.6251772723 0.6943894064 0.6937376802 0.7021182061 0.6958964533 0.882469696 0.5248061352 0.689248386 0.8743044792 0.6541790787 0.8609579036 0.6692627201 0.8784566456 0.8653858532 0.8611354863 0 0.6753588034 0.6699043953 0.6666996329 0.6734798181 0.5875287763 0.5768712348 0.5757100101 0.5081278039 0.5155294051 0.5207204219
0.5530373511 0 0.6542000616 0.6567890325 0.6569988324 0.5216699753 0.5082906037 0.5125385747 0.5163212892 0.5142212832 0.5316044493 0.6068340602 0.5515521971 0.8940727215 0.8050000346 0.8057630767 0.7978241007 0.8033081347 0.7992059415 0.804067748 0.6753570641 0.673878663 0.5963025542 0.6727621234 0.8919213008 0.7498232041 0.7513586489 0.8792016706 0.8809056359 0 0.6873388999 0.6961435117 0.8919982718 0.8435414295 0.8512109576 0.6983938581 0.7083055515 0.7282207878 0.8170717772 0.8114979761 0.8160100696 0.6327029325 0.6251713775 0.6203857973 0.6210297667 0 0.6946088512 0.6960216612 0.8810768885 0 0.8033132171 0 0.6602347516 0.7583971019 0.7655002791 0.8370622088 0.8617721837 0.8566625794 0.8589674467 0 0.6708736639 0.6662822993 0.673062639 0.682873396 0.5954238077 0 0 0 0.5144178668 0.6238619586
0.5622485808 0 0 0.6875111583 0.7795425036 0.5252997088 0.5176628481 0.5078394838 0.5088777232 0.8564472592 0.7826180864 0.8482469787 0.8984248007 0.7401532452 0.8079616062 0.7992501862 0.797307118 0.8011762867 0.7963222198 0.8025903979 0.6754844213 0.6698017392 0.6709082672 0.856012977 0.8659396727 0.7527915398 0.7472423539 0.8819520997 0.8763049376 0.6925570337 0.6882247191 0.6881696464 0.8518046626 0.7843522869 0.7771488052 0.5736902856 0.5653585033 0.8057502523 0.8343980934 0.6325182474 0.6326448337 0.6283119323 0.6221257127 0.6164193656 0.615912715 0.6184577387 0.8042502285 0.7852001478 0.8857408083 0.8030662762 0.7962440313 0 0 0.7641674537 0 0.7998066185 0.7972092142 0.8579967443 0 0.6038836435 0 0.6729325074 0.6711523514 0 0.6799966358 0.6655159901 0.6099890352 0.8898188738 0.6387233099 0.5170773722
0.71531588 0 0.8834390884 0.7266790171 0.550899575 0 0.5174339155 0.534488568 0.5893477427 0.5396167559 0.8480235101 0.8932782449 0.5420339354 0.807638161 0.8019953892 0.7963689341 0.7918905393 0.7929262303 0.8808759646 0.8022209394 0.6774998784 0.6783254844 0.6732064595 0.6729593006 0.5289335775 0.7582075577 0.7519795698 0 0.8625874982 0.8681873274 0.8589167939 0.5732690047 0.580203348 0.5768124064 0.7752469382 0.7688663274 0.7874761613 0.5329171569 0.6255163307 0.6255716064 0.6239981245 0.6266539245 0.6183630885 0.6251967768 0.503174365 0.6177905532 0.6988804599 0.818007115 0.7407433407 0.8692945057 0.8681290924 0 0.7702839311 0.7624713055 0 0.7944834793 0.7953862832 0.8055081 0 0.6048097726 0 0 0 0.676866473 0 0.6842989251 0 0.5361990527 0.7508043974 0.5143691076
0.7149831334 0.7065639449 0.7156671688 0.7205475217 0.7802608611 0.7834817524 0.6681202838 0.5387350925 0.712079317 0.7040874694 0.8289145641 0.7011440851 0.5815633313 0.8102403369 0.8050946874 0.7951459082 0.7954921826 0.7948538894 0.8001694006 0.805791611 0.8038794029 0.6248045012 0.618422437 0.64094794 0.6471493559 0.5054817073 0.8728316545 0.8709254145 0.6471622132 0.8584651946 0.8621350217 0.5811953005 0.572536225 0.5784698581 0.7711797639 0.7805574176 0.5729511744 0.5180996475 0.8379412303 0.619620434 0.6187888503 0.6243537872 0.6315091504 0.8653731179 0.6441750474 0.720617769 0.7200426947 0.575691269 0.8755173855 0.858979625 0.860056316 0 0.7702704888 0.7709247721 0 0 0 0.8557711706 0 0 0 0 0 0 0 0 0 0.620245138 0.5177794988 0.51501324
0.6700110362 0.572794488 0.7154516947 0.7250700067 0.6176424348 0.77580969 0.5386616079 0.5446882029 0.544302353 0.5435683256 0.6943780625 0.8756568062 0.6466602369 0.8603369923 0.8612236382 0.8843429209 0.8472358077 0.8026608831 0.8042516892 0.801979399 0.8073905757 0.8420040018 0.6180967688 0.8421142595 0.6883351563 0.7953730094 0.8809066741 0 0 0 0.8680414536 0.5742350464 0.8560963723 0.5759608289 0.5397735198 0.5422381364 0.7318552247 0.5220223576 0.7179271858 0.6193896488 0.6249287832 0.6244570121 0.6087097073 0.7927251967 0.6512745274 0.6399675049 0.8604011521 0.7242310092 0.7084733329 0.8665629448 0.8568897971 0.8571786962 0 0.7797367195 0 0.6806033561 0 0 0 0 0 0 0 0 0 0 0.799136318 0.765358415 0.5127699954 0
0.5666989059 0.5650939759 0.5714349474 0.575472864 0.6670774611 0.7778825347 0.5386586667 0.5348263769 0.8150769733 0.7142291908 0.6919714871 0.6885945743 0.8676541828 0.5923398248 0.8446518207 0.8414695484 0.8425640833 0.7570618957 0.7492273811 0.7537982985 0.5460002493 0.7911693819 0.8418543633 0.7314983189 0.7313559104 0.5110219644 0.5812295181 0.5843206052 0.5782657172 0.5829123791 0 0.7956563098 0.5955111762 0.5442068834 0.5362732228 0.537686743 0.6660958418 0.5742024958 0.5670893836 0.5737688271 0.8535058393 0.7906388202 0.784965495 0.7884259552 0.7878555088 0.6445956543 0.6474611004 0.6445175982 0.871049953 0.860257993 0.85884838 0.8605335907 0.853823014 0 0 0 0.6270652987 0 0 0 0 0 0 0 0.7961919517 0.7905566556 0.7963795731 0.6791266363 0 0
0.5640953363 0.5618868537 0.5714836603 0.6660582794 0.6748397878 0.6797246535 0.5418712858 0.5406290733 0.5368429437 0.5696104001 0.854828523 0.8760162459 0.8750741443 0.8745970691 0.8387423864 0.8387080408 0.8420637517 0.7515739408 0.7499123861 0.5412719872 0.5403905134 0.5380797927 0.7302454439 0.5795265771 0.5121876514 0.5028638188 0.5803842794 0.5771803203 0.5745988368 0.5824618682 0 0 0.6388329556 0 0.5455606703 0.5367163444 0.5910252862 0.569069943 0.5664836328 0.5666167277 0.5766005727 0.6838161923 0.7130887199 0.7814166387 0.7853529995 0.6445272543 0.6388904707 0.6423746458 0.6566774358 0.6603566044 0.86839091 0.8651739559 0 0 0.8391281372 0.8371514864 0 0 0 0 0 0 0.8440579493 0.8518790523 0 0.8004718018 0 0.6707646558 0 0
0.568198784 0.5675146105 0.5688012657 0.5717884835 0.6725421108 0.6199440899 0.5458279283 0.6948881801 0.8057602698 0.6848420055 0.5859509751 0.5855147853 0.7323057793 0.5859098387 0.7847287376 0.8467503833 0.8454331095 0.696098296 0.5489697143 0.5390555864 0.5355436876 0.5399576261 0.5763242821 0.5730347791 0.5403492602 0 0 0 0 0 0 0.6345921508 0 0 0.5395119377 0.5398735815 0.5723104427 0.5678182176 0.5653228741 0.5690714849 0.5628293321 0.67934567 0.6751171927 0.677826637 0.5285438066 0.6481767885 0.6484556138 0.6483855557 0.6503515138 0.660239966 0.7722717377 0.5258700581 0 0.8428373872 0.8368943697 0.84556029 0 0.6214370619 0 0 0 0 0 0.8421519387 0 0.8009694691 0 0 0.6687986662 0.6697205533
0.8097506829 0.8191855887 0.7517934829 0.6799901821 0.6967413299 0.6919177321 0.6940092308 0.7063163466 0.6723791015 0.7839249377 0.5360977906 0.7665447497 0.5813176252 0.5835611924 0.6435080873 0.6075098646 0.703909678 0.5382971634 0 0.5401254881 0.5435494886 0.5368874247 0.5694147273 0.5780318024 0 0.5296507305 0 0 0 0.6905367788 0 0 0 0 0.5619589301 0.645975598 0.5731730579 0.5707790237 0.8640838165 0.5614324402 0.5528051062 0.5542150651 0.6809062863 0 0.6816475507 0.8100291792 0.6514978834 0.6517359759 0.6505951196 0 0.6340273354 0.6265615367 0.6332727784 0.8437886336 0.7225525235 0.8466749861 0.5283051636 0 0 0 0 0 0.8408446235 0.8398778594 0 0 0 0 0.8820387569 0
0.7182483976 0.7228303324 0.7242950601 0.6846291686 0.7003682207 0.6916149272 0.6964574392 0.6969864662 0.548700988 0.5355060015 0.5343115479 0.8609060631 0.5842413315 0.5879645034 0.6909441363 0.6940484406 0.565801788 0.5505941952 0.5487149898 0.5484297915 0.8146594984 0.5708761198 0.5715675215 0.8322311826 0 0 0.520443933 0 0.6836840455 0.6851622766 0 0 0 0 0.8920614001 0 0.8869107304 0.8705223682 0.570284413 0.5559331203 0.5516442071 0.5472936297 0.5504125018 0.5462479098 0 0.558794253 0.6725956563 0.6753834301 0.6692733872 0.6362082663 0.6295401897 0.639136275 0.563354229 0.5490508138 0.810408972 0.5525671721 0.6173190749 0 0 0 0 0 0 0 0.8490831034 0 0 0.8803316917 0.8843369235 0.8788384013
0.7178312489 0.7172398032 0.711491996 0.7142147403 0.6982443783 0.6982474559 0.701597579 0.70360503 0.5458114366 0.5389842352 0.6872727257 0.6925469638 0.6922450303 0.6891049534 0.6906754332 0.6915422038 0.6133990837 0.55514412 0.8325009468 0.8222774753 0.8156148451 0.8083881475 0.8149316528 0.8207083245 0.7143293756 0.5238085965 0.5334304748 0 0.6872390902 0 0 0 0.772915297 0.850394319 0.8809176032 0.8387303962 0.8568831834 0.8509137915 0.566080896 0.5617094596 0.5543825921 0.5445627772 0.5451405326 0.5501110945 0.5544964484 0.558093374 0.681572493 0.6748339276 0.6081875787 0.6348913726 0.6334978735 0.6339496237 0.5588582976 0.5490667595 0.5460745979 0.5487477713 0.5873475146 0 0 0 0 0.8850374101 0.693452086 0 0 0 0 0.8828645026 0.8763270573 0.8762733359
0.7236249843 0.7168372158 0.7092755094 0.7129665585 0.7184676345 0.8432425811 0.730569615 0.8295917753 0.5444271561 0.5409521971 0.6849874816 0.6845711963 0.6806715372 0.8650257656 0.6874228919 0.6887551645 0.6099576435 0.7630989133 0.8282913169 0.8254045191 0.8174444488 0.8108068251 0.8106053683 0.814952043 0.5799852678 0 0.8457534853 0 0.8460552855 0.8444989305 0.8450009792 0 0.8693819035 0.8906843763 0.8912811623 0.9004807431 0.7448898585 0.8504733761 0.8484993736 0.5642256086 0 0.5483246641 0.5430786457 0.5498552367 0.5552751944 0.6027914881 0.5099724901 0.6966094557 0.6182035582 0 0.6287697508 0.5562173203 0.5512572788 0.5494447641 0.5500527943 0.5461716068 0.5482761582 0 0 0 0 0.711158274 0 0 0 0 0 0 0 0.8730780478
0.8495679773 0 0.897405838 0.7130119674 0.7153444903 0.6835994589 0.6107467047 0.6473318281 0.6108009739 0.6782661357 0.6853755715 0.6782116274 0.6794203443 0.6821512929 0.5528139658 0.6891873771 0.521133281 0.7443692004 0.5373413686 0.5354609325 0.5385036265 0.8243818146 0.8201954329 0.8143468523 0.5710736058 0 0.8526886856 0.8440456219 0.8374829626 0.8407523949 0.8422701108 0.8507298843 0.8979179099 0.5112752824 0.645793709 0.8613311261 0.8979912951 0.639789623 0.6092464738 0.8545056532 0.5550102643 0.5448457916 0.547293033 0.5471219724 0.5514563308 0.5608812389 0.739454793 0.7201599388 0.6281166287 0.6156918931 0.6193043999 0.6192862931 0.552327318 0.559131909 0.5548255424 0.5369635478 0.554912372 0 0 0 0.7043950989 0.5439056443 0 0 0 0 0 0.8901395198 0.8745563482 0
0.7634096329 0.8585229653 0.9045110701 0.9061278168 0.6024476327 0.874236102 0.6128015537 0.6039287538 0.6681580975 0.6833807001 0.677235144 0.6760954163 0.6764302679 0.684123986 0.6906130365 0.5178451438 0.5112371076 0.517491044 0.5334388229 0.5316587035 0.5320234649 0.5296053463 0 0 0.6956236113 0 0 0 0.5813643509 0.8464597452 0.8454942317 0.8444792406 0.6559159668 0.8684162975 0.6093388086 0.8827357601 0.8572497093 0.7798833567 0.7834098088 0.7840443847 0.8334492171 0.8296317738 0.5517143858 0.5508447204 0.5512791372 0.5517366889 0.5064935084 0.717171032 0.6621872307 0.6197038479 0.6107702539 0 0.5600265659 0.5323275973 0.5305955391 0.5330733564 0.5722788511 0 0 0 0 0.706158671 0 0 0 0 0 0 0.8807786946 0.6608621148
0.7591581965 0.7597744321 0.7626878493 0.8870450824 0.7829251736 0.5197599485 0.6042140034 0.6869232389 0.6682335989 0.6671455159 0.6857890984 0.6810502405 0.6789442048 0.7862625163 0.6160754065 0.8705920472 0.6646885382 0.6624163243 0.539393741 0.5263561963 0.5238509194 0.5259352827 0.5303944261 0.5390957384 0.6973767568 0 0.8616840641 0 0 0 0.8493782686 0.5808294771 0.8688837758 0.8915196404 0.6461668368 0.8911969527 0.8904980649 0.7866124148 0.7772198273 0.7824042741 0.7807827699 0.5766382914 0.5675700897 0.5596701474 0.5576659521 0.5574109426 0.5575254441 0.6557066849 0.6610487065 0.6561781317 0.6170434878 0.8069202316 0.5385534576 0.5379788131 0.535502787 0.5651735932 0 0 0 0 0.7364873482 0 0 0 0 0 0 0 0.5199467384 0.6607405958
0 0.5063991479 0.5106207269 0.5143926305 0.5117042369 0.7978410321 0.6489384975 0.5257332515 0.6735326247 0.6767147557 0.6700278795 0.6794980772 0.5618516552 0.5561117583 0.6574526649 0.6526768435 0.6589251056 0.6655160266 0.6658354496 0.533367064 0.5293962927 0.5255499762 0.5302819175 0.5314359972 0 0.8213128809 0.8215714574 0 0 0.6406078365 0.6494616429 0.65449918 0 0.8819659021 0.8816619791 0.8904756936 0.8004722872 0.7781124579 0.7813076712 0.7800789327 0.8746890394 0.6512765336 0.5637286258 0.5691546921 0.6997342872 0.5614892996 0.6866103992 0.6609824942 0.6595794572 0.780647933 0.7578908035 0.6187923149 0.5392013392 0.544224484 0.5445235543 0.589124155 0 0 0.7323149318 0.7347215887 0.7338933513 0 0 0 0 0 0 0.515341745 0.5165698415 0.6693789838
0.5151137921 0.5027347773 0.5000680678 0.5090382501 0.5164134976 0.8184130053 0.7157617048 0.8559742398 0.8564124459 0.8476023135 0.8476318674 0.6715468259 0.5605922551 0.5549527795 0.6583431663 0.6521342205 0.5338471921 0.66254088 0.8096785149 0.7652149072 0.530893596 0.5324808908 0.5316238939 0.6025819065 0.8278499468 0.5870444584 0.8474409137 0.8516398661 0.848127473 0 0.7635109446 0.8066119463 0.8533594264 0.887016529 0.8220056125 0.887019581 0.8065724489 0.7906741077 0.7886044029 0.7827587542 0.7828246451 0.8457941285 0 0.565110821 0.5745882442 0.6525266208 0.6516660025 0.7900630457 0.7829237203 0 0.9067205065 0.5428044244 0.7379614804 0.7429702001 0.7466358031 0.7460194033 0.5865558858 0.5942471605 0.7243313618 0 0.7263752238 0.7288034839 0 0 0 0 0 0.5162120883 0.7813901832 0.5205464661
0.5119496139 0.5057817587 0.8684353217 0.7464169391 0.5141827486 0.5173284774 0.8191071833 0.807790464 0.8495467674 0.8469161008 0.5273233288 0.8848822541 0.6821617574 0.5568120541 0.6562687383 0.7693344074 0.8099607937 0.8027304818 0.8031776781 0.5234312597 0.513582506 0.8257389634 0.541086745 0.6292293919 0.7990776766 0.6721212404 0.8518026204 0.8447578801 0 0.6607766479 0.5307875832 0.7965690556 0.8003470952 0 0.600985559 0.8472831487 0.6450391445 0.5578617957 0.7891231166 0.7952879513 0.8467510089 0.6577804962 0 0.6908822655 0.6437077059 0 0.6455996772 0.7659879817 0.7865956926 0.6676744696 0.8316741669 0.8999216254 0.8941251899 0.7459976111 0.7429542932 0.7435096593 0.6191493702 0 0.7265544682 0.7176210935 0.7240121076 0 0 0 0 0 0 0 0.6931961689 0.6844781698
0.528423391 0.8680456663 0.740233931 0.7448598948 0.7454860739 0.6268328128 0.8674989549 0.5218150327 0.8516773503 0.8474640086 0.851651181 0.6343554446 0.7756597909 0.7346834906 0.7280788986 0.5474603946 0.8111592802 0.8026711339 0.8019764181 0.8035208404 0.7479245253 0.7558457324 0.5467226593 0.5455460241 0.7502183005 0.8614340145 0.852022383 0.8533486488 0.844977674 0.6795261371 0.7958754528 0.7933300321 0.7963492043 0.767717282 0.7925555307 0 0.5526540308 0.5595689115 0.5110337324 0.8051875745 0.576998114 0.5673199688 0.651326692 0 0 0.6399438018 0.6396027245 0.654285577 0.7753822882 0.5686033739 0.9054376173 0.5716058242 0.8917258104 0.8253687429 0.7525719299 0.7432980284 0.6191516193 0.6203335898 0 0.7248547611 0 0 0 0 0 0 0.8744099341 0.7468295599 0.5506044721 0.6841971544
0.8596940851 0.8633233607 0.8644343763 0.7444913299 0.6229736975 0.6263403645 0.638149562 0.6307361668 0.6306633463 0.6226687792 0.6295023815 0.6349946754 0.8107020966 0.8068088481 0.7973460339 0.7236664303 0.7968505846 0.8019611252 0.5154297027 0.8060322345 0.7555573552 0.7512051758 0.7960369562 0 0.5552287048 0.8656119545 0.8580128514 0 0.8535027728 0.5418717208 0 0.7938635788 0.8026821791 0 0.8251724917 0.606053091 0.5529726488 0.5562988385 0.5644558756 0.5965062904 0.5700787575 0.6600401813 0.6467377417 0.6432508163 0.6376489329 0.6389060878 0.6467796265 0.7121871399 0.7164779077 0.630660754 0.586210526 0.8961326001 0.8966311574 0.7535815249 0.7514571125 0.7525884569 0 0 0 0 0 0 0 0 0 0 0.7399064285 0.7488416708 0.5331302673 0.7588996821
0.8595561758 0.8602666205 0.8689351651 0.6212563954 0.6255001522 0.6278289529 0.6058613731 0.6361565237 0.6246254648 0.6320573857 0.6266327785 0.629513788 0.8048794972 0.8041930427 0.7983730505 0.7916239358 0.7984684129 0 0.8029978849 0.8596341281 0.8100443508 0.6177848159 0.6749140089 0.7072667289 0.646932826 0.7041778764 0.623569546 0.6620034249 0 0.5847120405 0.8932410111 0.7563280296 0 0.8121485283 0.7883752515 0.648380467 0.6680691304 0.5637466583 0.6500808762 0.6591579402 0.570196848 0.6338958831 0.6318707838 0.6376074224 0.6471006406 0 0.6483882867 0 0.6411742811 0.8563471772 0.8468232928 0.8500651112 0.6308135474 0.7611539495 0.7514992558 0.7585717117 0.6313971865 0.8135620143 0.664808225 0 0 0 0 0 0 0 0.7458368399 0.5460154522 0.6003608104 0.6626254777
0.8003318041 0.8632991772 0.6846389279 0.6906848275 0.6267066633 0.844709204 0.5203981716 0.7302540198 0.5854722124 0.7320243703 0.6606661159 0.5501449674 0.8054238862 0.8134745214 0.7918908575 0.8000785504 0 0 0.5971116729 0 0.8622507798 0.6638099149 0.7024184783 0.6983540646 0.7034257207 0.7005403926 0.7025043305 0.6455174789 0.7081359772 0 0.8465581111 0.7863749018 0.7886043004 0.7119238359 0.6215771376 0.783496694 0.7828370065 0.7264729177 0.5111701487 0.8265504059 0 0.6308364976 0.6289120975 0 0.6406145165 0.6198426416 0.5772601736 0.5826229502 0.5898889872 0.8386525827 0.8423117013 0.8429981224 0.849420996 0.5041612601 0.7522425305 0.7040024175 0.6234408904 0.5898817735 0 0.8335788729 0 0 0 0 0 0.6112139812 0.6739468589 0.7361851732 0.5874099555 0.7038090289
0.6094318303 0.8033606759 0.6840039483 0.6904251721 0.6868669739 0.7666533314 0.8265869506 0.585132834 0.7249834145 0.7284446959 0.5443669148 0.7261098376 0.5994693964 0.8018767785 0.8009818568 0.8073400835 0.8073970769 0.6069653547 0.6057010629 0.598284582 0 0.6562332905 0.6543939161 0.6960972815 0.6949869731 0.6963402826 0.697227915 0.7045939741 0.7086956052 0.5925749643 0.7879262614 0.7930670401 0 0 0 0 0.7345319148 0.7338726754 0.7025998789 0 0 0.6312116 0.63205896 0 0 0.8369948456 0.7222432822 0.7292816574 0.7604252262 0.8346779747 0.8337829584 0.8378169705 0.8523074071 0.7483768228 0.7511777002 0.7476378296 0.748904738 0 0 0.5747972096 0.5727261398 0.5754614761 0.5301286878 0.6122857636 0.6095400231 0.6070277673 0.7114981463 0 0 0
0.7921016936 0.7689897365 0.6893723098 0.6828081654 0.6671559116 0.5997239241 0.6410119974 0.6483296227 0.5483111125 0.7285693033 0.8161872745 0.6634397231 0.7457258549 0.8097459153 0.8058592938 0.5773525842 0.6120167901 0.5880480576 0 0 0.6503957784 0.6473265278 0.6518899974 0.6964885204 0.6928423977 0.6962623923 0.7024391212 0.5042760333 0 0 0 0.7950520777 0 0.6151130294 0 0 0.8299433768 0 0.8419695225 0.7532047555 0.7451373059 0.76256103 0.7427652242 0.7344116485 0.7369922965 0.7423133662 0.7219477265 0 0.8731048851 0.8395867561 0.8399966824 0.8929253549 0.5566524536 0.6870926652 0 0 0 0 0 0.5781162421 0.5782236735 0.5776700595 0.6744304838 0.5226491355 0.6115353327 0.606370676 0 0 0 0.8794889621
0.5163560917 0.6857933823 0.56315689 0.6737638737 0.6852363214 0.644691354 0.6453340222 0.7028527316 0.8288017177 0.5158416631 0.5061945228 0.5072164042 0.7873578815 0.5304489752 0.5258808162 0.5233706103 0.6171526493 0.8111455089 0.8023751562 0 0.6568041658 0 0.6540679765 0.7000416075 0.7026288618 0.6949971176 0.7057308603 0 0 0 0 0 0.8095969797 0.840035745 0 0.8210725545 0.8161458986 0.5944531687 0.620999735 0.829916039 0.7544838961 0.5169938936 0.7422322636 0.5973897307 0.7385760321 0.7445215548 0.870794314 0.642692027 0 0 0 0 0 0.5914380337 0.8368357025 0 0.8578350748 0 0.6616946553 0.6742821286 0.7820747628 0.8453212053 0.5313647759 0.733366538 0.8431166059 0.7243108441 0.5042672903 0.6719132284 0 0
0.5905851971 0.5942585355 0.5229309861 0.5842304399 0.5770102274 0.8169471749 0.8247963398 0.8235450101 0.8310681556 0.8242149224 0.5102695656 0.5028519813 0.5052797811 0.7841250328 0.5213766495 0.529366758 0.522555208 0.8104391378 0 0.7622001105 0.7612996303 0.6567094371 0 0.7064912509 0.7048610449 0.7055454946 0 0.7083989211 0.7836595917 0.5205068248 0.5129996659 0.5139487439 0 0.8091272155 0 0.8131348152 0 0.8251154369 0 0 0 0 0.690155949 0.6506110369 0.6458940643 0.6545974756 0.6583245598 0.5736214897 0 0.6397043707 0.6339197344 0.5044927932 0.5867057308 0 0.6175101875 0 0.8664340888 0 0.7884517211 0.7791056798 0.799197574 0.8683211029 0.8873162933 0.5320894296 0.7195538533 0.709562565 0.7286734706 0.5351106429 0.5417219077 0.5426854463
0.5885179648 0.6658070729 0.6663696918 0.5793949684 0.5744571963 0.5765190183 0.8157717039 0.7658566596 0.8234662915 0.8332438631 0.505293861 0.5041196314 0.5110947737 0 0.5060988693 0.530730889 0.6499827375 0.5206475635 0.525996825 0.769519231 0.6658958753 0.7531211057 0.7586606374 0.7149354211 0.7065697266 0 0.7143069952 0.6492477715 0.8055946518 0.5175760176 0.5143930982 0.5072125015 0.5152430357 0.8145800234 0.8073129092 0.8101684675 0.8163689377 0.5779834584 0 0 0 0.6843301935 0.6820893386 0.6847317863 0.6517112405 0.6517713696 0.6203099738 0 0 0.6392487445 0 0.5025823742 0 0 0.7638176704 0 0 0.6155980638 0.7244858702 0.7228898519 0.7211891727 0.7159805332 0.5166191624 0.7444490881 0.7674115057 0.6530858474 0.729619005 0.6307402331 0.5347627619 0
0.8178717683 0.8138414943 0.7220142441 0.5749060575 0.578510154 0.8827925231 0.8927043463 0.8220660066 0.8267464807 0.8873532548 0.5097723282 0.5125476937 0.6986547332 0.5136106607 0 0.6450048938 0.5219461624 0.5235350095 0 0.6665231469 0.7593896184 0.7552768744 0.7619809635 0.7658728832 0.5011084018 0.8009214225 0.540366038 0.8105411317 0.8288747823 0.5194640934 0.5090587804 0.5146271822 0.5112807904 0.8125468196 0.8152691534 0.8095516446 0.5393322242 0.8184185176 0 0.5327626555 0.5429421007 0.5337989265 0.6754356559 0.5091707236 0.5457000857 0.8963054237 0.5327140756 0.6107535207 0 0.5103298668 0.5073185145 0 0 0 0.8899468918 0 0 0 0.7229660246 0.7188573136 0.7146445737 0.7196754119 0.516670507 0.8202310115 0.7203576026 0.763559519 0.7162761648 0.8918454849 0.7409114228 0.5440493521
