landscape/hab_quality/256/simulation_000089_p064_h077_HABMAT_patch_more_500pix_modified.asc_ac_0.5_quality.asc
NCOLS 513
NROWS 513
XLLCORNER 0
YLLCORNER 0
CELLSIZE 9.980507
NODATA_VALUE NaN
[rows 145 to 173 of 513, columns 396 to 461 of 513]
0.7820500909 0.7763848747 0.5373358642 0.5237744893 0.7982396558 0.5199429084 0.5284741316 0.7534484521 0.7568942558 0.7542440949 0.8063570247 0.8137592379 0.5525176648 0.6565980946 0.5552454864 0.559438667 0.5492568762 0.5457790471 0.5411968575 0.5378880872 0.5453386959 0.5466664581 0.7594163064 0.7632777951 0.5540788864 0.5505447569 0.5479487658 0.5425790285 0.5320214037 0.5289987054 0.529658326 0.5390976156 0.5443015952 0.7084713352 0.708735147 0.6998461588 0.7031944719 0.6900770342 0.6864348949 0.6894585499 0.6992790104 0.6906588614 0.510482279 0.5007161615 0.5258610679 0.5201826826 0.5262198888 0.5647765475 0.7748530583 0.5411574421 0.6657506562 0.6697405367 0 0 0 0 0 0 0 0 0 0 0 0.7284793746 0.7237044318 0.7058259257
0.6004158837 0.502071626 0.5009834253 0.6614083247 0.559755573 0.5126542476 0.51908309 0.5153927648 0.7480851668 0.7498593766 0.7608993478 0.8088112079 0.5581888732 0.5524154506 0.5578495228 0.5550704321 0.5506708517 0.547929892 0.5440666166 0.5405282077 0.5447868788 0.7498079872 0.7545443773 0.763517531 0.7185676342 0.5532273756 0.5500582105 0.5454464684 0.5367386896 0.5325196271 0.529785418 0.5364883398 0.5486353718 0.831960744 0.7146114291 0.6574695027 0.8466397321 0.546751875 0.8465949944 0.8705307263 0.6552075633 0.5104333781 0.5051026447 0.5144065252 0.5162171071 0.5196580269 0.5140224609 0.7335052169 0.650126945 0.6210094203 0.6701614401 0.6728856886 0.6672451088 0.670375791 0 0 0 0 0 0 0 0 0 0.7327534222 0.7327955905 0.738553595
0.7916438725 0.7967126161 0.5019249195 0.5103995113 0.5253703896 0.5143136421 0.5122244041 0.5179678652 0.7465180957 0.7541215567 0.7639653009 0.5563050615 0.5529104787 0.557884106 0.5562694244 0.558546872 0.5514797624 0.5460574445 0.5540064477 0.8685484147 0.8666418731 0.8733658978 0.8016422939 0.8015337769 0.5567456459 0.5517424979 0.5479942899 0.5411182516 0.5409851676 0.5300171504 0.5383023317 0.5346056138 0.5376827059 0.541348918 0.714037206 0.6508281582 0.8396726727 0.8381137817 0.8371074307 0.8457171028 0.5040824838 0.6208192161 0.504133994 0.5035202412 0.5077365367 0.5099610719 0.5194420235 0.7283300131 0.7342923324 0.7462755464 0.8446553103 0.6692989108 0.6681468913 0 0 0 0 0 0 0 0 0 0 0.7396842586 0 0.6480082287
0.7870521314 0.7889927983 0.6778141417 0.5372888077 0.5215192202 0.5213460593 0.5214406108 0.5154038441 0.7548588358 0.7520677174 0.7637071928 0.7053065171 0.7112260777 0.7112548496 0.7145894871 0.5599427004 0.552434734 0.5600970612 0.8776625398 0.8686459196 0.8696328394 0.8758435159 0.7975025536 0.663849705 0.8722023098 0.8689137659 0.8774658326 0.8758168498 0.8741323517 0.541204497 0.5434031932 0.5445769818 0.539119096 0.8413483326 0.655888829 0.520262561 0.576924447 0.8336777532 0.8363631504 0.701800257 0.6985849951 0.5128014635 0.5123089026 0.5030599502 0.5005108026 0.5088775335 0.519082742 0.5909911479 0.5241922547 0.6822489379 0.8247740697 0.7448365942 0.771940956 0 0 0 0 0 0 0 0 0 0 0 0 0.7418334553
0.7780592823 0.7969334272 0.8025522326 0.5345972791 0.5280054068 0.5266192834 0.8646768552 0.859305081 0.8570619107 0.861659026 0.8397610674 0.7017586667 0.7066002666 0.7100875603 0.7197812701 0.5530328376 0.557200341 0.5609558834 0.8749637738 0.874247997 0.8714639665 0.8750410551 0.5773889261 0.7984303418 0.6303381907 0.8623011017 0.8686096085 0.8677437937 0.8684968658 0.6587917638 0.653527032 0.663199077 0.6704554523 0.5419769605 0.8732517927 0.5109714155 0.8110442782 0.8427148537 0.8369115636 0.7008855708 0.6981829176 0.7040078773 0.5038195705 0.5040084991 0.5009000297 0.500962534 0.5113444377 0.5194344705 0.5226974231 0.5299995487 0.8218139937 0 0.7652310229 0 0 0 0 0 0 0 0 0 0 0 0 0
0.7794148954 0.8153139269 0.8215196648 0.5370045252 0.6696310573 0.8927132913 0.8576903643 0.8614713174 0.8553522759 0.8615832237 0.701947551 0.7023230294 0.7062275658 0.7136515994 0.8458626555 0.5634430984 0.5657047809 0.5579943895 0.8353606059 0.878304797 0.8776651956 0.5818225931 0.7979445542 0.6274531054 0.6335404772 0.8705830228 0.8606106966 0.8593016968 0.8653645258 0.6586814389 0.697745372 0.6557864089 0.6644913877 0.6734034296 0.7827752715 0.8687100259 0.8708826761 0.8514980765 0.7654819395 0.6993596556 0.7081662614 0.7583525938 0.5139881677 0.5062377598 0.5039474219 0.506691151 0.5050454577 0.5122733242 0.5281893971 0 0.7916018042 0.765326873 0 0 0 0 0 0 0 0 0 0 0 0 0 0
0.7751470302 0.7828222019 0.812334091 0.8192198538 0.8731103913 0.8627363783 0.8548318077 0.8540209663 0.8537633369 0.8602847812 0.8644125116 0.7119718532 0.7375106098 0.738371361 0.7412436309 0.7426878686 0.8478523254 0.5423636427 0.5325398081 0.5245199831 0.5259765047 0.8027560844 0.6318371033 0.6283215637 0.6335302246 0.8625585896 0.8688576282 0.8651911613 0.8675307752 0.6596263202 0.6631005803 0.705038702 0.7002932603 0.6960951742 0.7202658339 0.8790828934 0.8431563529 0.8771366353 0.7429133508 0.7799141126 0.7745173513 0.7827354061 0.7131285616 0.6827728779 0.6261447775 0 0 0.5302016241 0 0 0 0 0 0 0 0 0 0 0 0 0 0 0 0 0 0
0.7810355747 0.8324620012 0.5355449025 0.6841645279 0.5343844222 0.8688494959 0.8525506163 0.847458248 0.8566207619 0.8654929722 0.864873161 0.7382218018 0.7415366558 0.7346040286 0.5837924855 0.8391585566 0.6856694294 0.6908584578 0.5184398487 0.5226863731 0.5214587461 0.8085161064 0.66820591 0.6628743666 0.8721560444 0.8696752744 0.8749326499 0.8663753735 0.8742397084 0.8749231728 0.8596511616 0.5191501289 0.5469042765 0.6909284062 0.8405340713 0.8356617225 0.841629682 0.6632558769 0.8713055558 0.7824471866 0.772826623 0.771799447 0.7759956936 0 0 0 0 0 0 0 0 0 0 0 0 0 0 0 0 0 0 0 0 0 0 0
0.8228703487 0.8273363312 0.5284455445 0.526690344 0.6136780411 0.8639575374 0.8542645627 0.857069102 0.8486790087 0.8631018406 0.8677838989 0.7384036086 0.7349779357 0.7404564253 0.7404470799 0.7534807822 0.6893055374 0.6829258313 0.5227462437 0.5173751493 0.5271821669 0.676779423 0.667824421 0.6353639063 0.5783480332 0.7135952239 0.8040297128 0.8799359532 0.8814420376 0.8545653101 0.8497745125 0.8509794026 0.6982365533 0.5266338862 0.8312995316 0.8378564831 0.8419408217 0.508794907 0.853887874 0.7803314757 0.774117474 0.7693861698 0.7706191495 0 0 0 0 0 0 0 0 0 0 0 0 0 0 0 0 0 0 0 0 0 0 0
0.8238387196 0.8172950979 0.8205182095 0.8207663719 0.8833709147 0.8718927402 0.8586658935 0.858235107 0.8616324573 0.8675444115 0.8634103187 0.7435772001 0.742098945 0.7442559776 0.8328745477 0.7361099638 0.6922432789 0.6849841836 0.5227709092 0.5242124596 0.5251136632 0.6145829175 0.671017092 0.8910852297 0.8966552125 0.5096886564 0.505991585 0.8543005015 0.8068457304 0.8589336847 0.8569134994 0.8571870392 0.8069812808 0.8332531775 0.8316978257 0.836498342 0.5073945091 0.5127110133 0.8045082344 0.7807919024 0.7772735439 0.7697886786 0.7608281001 0 0 0 0 0.8969225517 0.9044571653 0 0 0 0 0 0 0 0 0 0 0 0 0 0 0 0 0
0.8148173409 0.8223374008 0.8169607806 0.8247516913 0.8789997254 0.8739624086 0.8645130109 0.859423555 0.8679090574 0.7603936168 0.873158313 0.7570134817 0.7583599713 0.734387173 0.7809901731 0.7102476728 0.521855537 0.5016281451 0.5263267755 0.6146160507 0.613182163 0.621955497 0.6234885502 0.7665164802 0.8966436222 0.8305472525 0.7970137356 0.867787812 0.805409055 0.7976489528 0.8626837554 0.8607392532 0.6443209903 0.6606402084 0.8438851786 0.8436933698 0.7442301488 0.7960217763 0.5383561714 0.7233137375 0.7731832365 0.7666354158 0.7608397066 0.7647339348 0.7731764429 0.7736927853 0.7752995546 0 0.7519489027 0 0 0 0 0 0 0 0 0 0 0 0 0 0 0 0 0
0.8132688114 0.816025225 0.8202643029 0.8259464675 0.8791472003 0.8681419093 0.870686348 0.652424129 0.8616867285 0.7526790899 0.7622561225 0.7565438919 0.7541622692 0.7609995502 0.7657607389 0.8013378303 0.6160250988 0.7068659605 0.6170458435 0.6172666605 0.6170161865 0.7322640729 0.7334381364 0.864170363 0.6022779699 0.8298014258 0.7640044387 0.5074507078 0.6164205931 0.718809854 0.863875383 0.6631740961 0.6532757775 0.6528367918 0.6516002706 0.7518950692 0.5462289917 0.5364754557 0.5370384833 0.5337867321 0.5399068602 0.5395112304 0.7661446097 0.7728510935 0.7653847474 0.7828937927 0.7738800469 0.7515268967 0.7491454668 0 0 0 0 0 0 0 0 0 0 0 0 0 0 0 0 0
0.810559009 0.8071146525 0.8217675597 0.8306939994 0.8865317172 0.8831288016 0.7541394785 0.8804717043 0.8075297786 0.8006534134 0.879847974 0.5162933789 0.8363444252 0.7580090637 0.7991297313 0.804679855 0.6248020496 0.6181164663 0.6444206942 0.6290771833 0.8746818059 0.7362106682 0.8598340289 0.8398669129 0.7798412214 0.8570702537 0.5072845167 0.5043819031 0.5106685929 0.8262091572 0.8706173729 0.6609354469 0.6498201729 0.6441716694 0.6441727825 0.6443037232 0.7373386865 0.5444660224 0.5357190053 0.530167665 0.5309107396 0.5288769336 0.5304348715 0.775026146 0.7754812033 0.7112229039 0.8289516588 0 0 0 0 0 0 0 0 0 0 0 0 0 0 0 0 0 0 0
0.8052980445 0.8086102367 0.8270535711 0.829438895 0.6605748567 0.5702657964 0.8090445013 0.8064251877 0.7977256752 0.8067915097 0.8707397999 0.6509077395 0.872175873 0.8817316963 0.7634366297 0.8026575577 0.8038559766 0.6441647319 0.7487540965 0.7935060094 0.8632067872 0.8667843749 0.8682621812 0.7094160291 0.5127281964 0.5126224167 0.5088071532 0.5141223289 0.5085743759 0.6362612905 0.5345036109 0.8316453923 0.8224827039 0.6523977739 0.6490808829 0.5674727212 0.8370052406 0.7329195382 0.5362000427 0.5279501066 0.5288791459 0.5249404882 0.5336802685 0.5767042419 0.6087917724 0.7837987223 0.5140159492 0 0 0 0 0 0 0 0 0 0 0 0 0 0 0 0 0 0 0
0.8131034658 0.8116082174 0.8754880613 0.8756917975 0.8888335808 0.887328521 0.8817587108 0.8714571286 0.8637040801 0.8604301863 0.8647757037 0.8643921021 0.8667565741 0.6055215449 0.6740345582 0.6055088044 0.7742120453 0.7466639001 0.777047948 0.6001139242 0.8661443881 0.8622486849 0.8660406767 0.5656493897 0.5151214006 0.5081422874 0.5169217712 0.6168758018 0.8810574566 0.761209403 0.6449977973 0.5361241798 0.6517855488 0.5609110437 0.5585182559 0.5683123751 0.6420052041 0.5360697793 0.5283113191 0.5314891646 0.5233249374 0.5263549305 0.526570363 0.8352410304 0.8356081351 0.692661735 0.6641321273 0 0 0 0 0 0 0 0 0 0 0 0 0 0 0 0 0 0 0
0.5768018572 0.5856115005 0.8804221432 0.8730586445 0.874032037 0.8796356914 0.8838981092 0.8639880777 0.8664475991 0.8601940019 0.860447947 0.6541091386 0.8709617245 0.6016636938 0.6014432726 0.6021931651 0.6100740287 0.77482169 0.7754247597 0.8749607209 0.5642202402 0.8967316661 0.8693800604 0.7838950195 0.5141506758 0.5145984019 0.7157659755 0.6027535982 0.7361080921 0.7302506161 0.5703752066 0.7760906209 0.5854415505 0.8106434488 0.5672332772 0.8998504901 0.5524908118 0.5337643899 0.5320271715 0.5251776507 0.5275002893 0.5258626837 0.5581037771 0.5891821051 0.6168966654 0.8279256595 0.7503384896 0 0 0.662388368 0 0 0 0 0 0 0 0 0 0 0 0 0 0 0 0
0.575721833 0.5792684022 0.8810817998 0.8720190627 0.8709382841 0.8643413181 0.8823850988 0.8646969891 0.8606325939 0.8641788821 0.862872731 0.8639735696 0.8734427122 0.5991039274 0.6009152614 0.5914812162 0.610122576 0.8416779712 0.6430712489 0.5055816726 0.707033987 0.9006898114 0.7724291071 0.8213578937 0.5148853019 0.6509393905 0.5451942267 0.5664891503 0.5868672897 0.6794303144 0.7276737909 0.5787829108 0.7164965681 0.576640692 0.6132923458 0.6137787542 0.7090474328 0.6072086043 0.7180670572 0.5280139886 0.5309243662 0.5323336908 0.5343194966 0.5480117521 0.8748739938 0.6250274958 0.6904693886 0 0.8102535931 0.8134350666 0 0 0 0 0 0 0 0 0 0 0 0 0 0 0 0
0.6376814349 0.6338228267 0.6317054254 0.8658426037 0.8637426886 0.8724594978 0.8670684945 0.866711381 0.8630930733 0.8608014953 0.8691894651 0.8652918508 0.870691937 0.5964059622 0.5909598382 0.594230256 0.8393691382 0.5723832021 0.5742641605 0.5730732214 0.5797551253 0.859553593 0.6012330977 0.5634886185 0.8455412537 0.7963515366 0.7419584119 0.560492428 0.7497734271 0.8590880849 0.8666745918 0.6421446768 0.5714946893 0.5750695876 0.61160474 0.6071309695 0.6069547376 0.6054698291 0.8345986855 0.7374457578 0.6193050414 0 0.7445414659 0.7220304055 0.8108908508 0.5436492843 0.6394702947 0.6469662624 0 0 0 0 0 0 0 0 0 0 0 0 0 0 0 0 0 0
0.6277539429 0.6275334673 0.6389410486 0.873489413 0.8659611742 0.8670047768 0.7954267394 0.7983813836 0.8702815872 0.5002899554 0.8699130393 0.878763443 0.7597006825 0.7422847052 0.5944762098 0.5920060058 0.6294197561 0.5706568292 0.5702001643 0.5797302953 0.5853759215 0.8088776547 0.723268391 0.6285817853 0.5237004035 0.6872884577 0.8840841205 0.8039610949 0.7832952083 0.7733088085 0.8571013879 0.5731903221 0.5807504414 0.5796894168 0.6084293261 0.604326652 0.6013049693 0.6042734822 0.603726107 0.6055996457 0.7168189282 0.7381084031 0.7388365272 0.5971648056 0.5904736132 0.6559218457 0.6370001278 0 0 0 0 0 0 0 0 0 0 0 0 0 0 0 0 0 0 0
0.6254608259 0.6323639164 0.6268381773 0.6360101917 0.8714258576 0.8716824211 0.8670553811 0.8003183973 0.8784933679 0.8797626622 0.6436572792 0.8780981981 0.7551647718 0.7589976783 0.8026008663 0.6757937818 0.5727063876 0.5723039685 0.5740942476 0.5757285005 0.5351374287 0.7989839705 0.7703501362 0.8782275088 0.7584457977 0.7581948602 0.735860979 0.6316766867 0.7755710978 0.7034111346 0.5260738241 0.5843859332 0.8962541152 0.8986808527 0.6112443483 0.6067702724 0.600661362 0.6033086647 0.6024566141 0.6108574066 0 0 0 0 0 0 0.6297705975 0.8323085762 0 0 0 0 0 0 0 0 0 0 0 0 0 0 0 0 0 0
0 0.624793567 0.629196802 0.6384227205 0.634551057 0.6391989282 0.8749639971 0.782723 0.6342514237 0.5947442749 0.7746748846 0.7596318392 0.7260796837 0.7563709586 0.6627014412 0.6885223965 0.727341989 0.816032048 0.8087453701 0.8044739485 0.8086365741 0.7934137891 0.5454718076 0.6232791347 0.5307156287 0.7541049463 0.5605033713 0.5712482168 0.5958664357 0.5266334071 0.5202294027 0.8974726387 0.9055411702 0.8962067103 0.6110068736 0.6009366783 0.602070733 0.5975412816 0.6048438565 0.7477207106 0.7331317277 0.7314369203 0 0 0 0.6263336413 0.8229743833 0.8241858945 0.8296272985 0 0 0 0 0 0 0 0 0 0 0 0 0 0 0 0 0
0 0 0.6322485771 0.6344199337 0.696426933 0.641397533 0.6480227325 0.866564 0.7902726961 0.5680366142 0.7670968372 0.7438244468 0.7354535176 0.6543508284 0.6519626326 0.6524609309 0.8217949693 0.8138787943 0.8032178986 0.8001933094 0.5909755086 0.7948835346 0.5188920816 0.5870716534 0.5809842158 0.7705226922 0.7579045803 0.6042612998 0.6042099353 0.8951409353 0.7927668827 0.5219894881 0.8978753343 0.6064053136 0.6066906206 0.6033611436 0.5982982127 0.5991763998 0.5975829974 0.7487725603 0.7395024795 0.7363385354 0.7347949072 0.8162354858 0.8066439519 0.8144316727 0.8235433461 0.5681754998 0.7492941721 0 0 0 0 0.8397650288 0 0 0 0 0 0.8083509035 0 0 0 0 0 0
0.5629684119 0 0 0.6408008139 0.6420106349 0.6446487819 0.5398447245 0.5411436186 0.6405379436 0.6421266993 0.5052731351 0.6373249062 0.638871716 0.6450405374 0.6490766366 0.650871843 0.682164516 0.7707342657 0.8018864622 0.7455676102 0.8066684996 0.532859697 0.5800255686 0.5793267159 0.8256864311 0.7705667393 0.7735904933 0.5067479491 0.6394542941 0.711072692 0.751884774 0.6659611718 0.83548917 0.6058033812 0.6047555265 0.5983890771 0.6007293527 0.6061599735 0.6094046983 0.7426655907 0.7481525564 0.7487906037 0 0.8099716629 0.8127416308 0.8129405516 0.8175341219 0.7342178878 0.8971071282 0.7393433709 0 0 0.5490032843 0.7523223792 0 0 0 0 0 0.75988844 0 0 0 0 0 0
0.5668611098 0 0 0 0.8029153484 0.8011880773 0.5443564591 0.639016707 0.641910876 0.6339699281 0.6308923245 0.633267666 0.6372925959 0.6427085143 0.6466932018 0.5341016842 0.7658456051 0.7756632205 0.7462720597 0.7480071476 0.7452647698 0.6462454117 0.5886590741 0.589168765 0.8164089921 0.5335607441 0.8133092088 0.5621081777 0.885891472 0.5332285026 0.8290199576 0.8069803875 0.583185689 0.672680531 0.6112000054 0.6084492105 0.6049911428 0.5504743953 0.5385554481 0.543135978 0.5425954641 0 0.521050652 0.5288478154 0.5205265578 0.844009066 0.8426954616 0.8085021635 0.729684097 0.7390801964 0.7490195878 0.5051559929 0 0.5554898638 0 0 0 0 0 0.765828801 0 0 0 0.5919083419 0 0.7263097205
0.5506388366 0.8436887926 0.8349157248 0.8416489562 0.7985516985 0.8079306148 0.8728664271 0.5393822595 0.6381996459 0.6341953075 0.6298399066 0.6298232312 0.6354328823 0.6449416798 0.5677848438 0.7730428847 0.8164174679 0.6398213293 0.643115849 0.7395972219 0.5967853288 0.7248672507 0.7208749146 0.6580546298 0.8128940648 0.8111686212 0.5565329631 0.561541758 0.6908602473 0.6020156282 0.8080323973 0.6627762272 0.8770474687 0.8107757688 0.6083242726 0.5663687251 0.5643045269 0.5520046114 0.542537914 0.5365676241 0.5380407148 0.5462253514 0.5291817049 0.519695254 0.5240654292 0.8352515739 0.8362615598 0.8341031262 0.7376560741 0.6076233852 0.6164345897 0.6221602921 0 0 0 0 0 0 0.756930659 0.7763240704 0.7358963168 0 0.5610692411 0 0.5247843676 0
0.8442270779 0.8421524186 0.838126167 0.8402796496 0.571507925 0.8070807249 0.8975971325 0.6014890488 0.6338885196 0.633033243 0.636050146 0.630797276 0.6355233046 0.6439068663 0.5652097707 0.5942337342 0.564047089 0.7245780662 0.6372238361 0.6465247361 0.7640714584 0.7241548638 0.7191916326 0.8209606393 0.6300112793 0.8191556495 0.7265459799 0.6138966409 0.618485117 0.8604358712 0.8894628364 0.5753274355 0.656334752 0.5601628598 0.6198665811 0.5643207127 0.5590291756 0.5484544598 0.5380211655 0.5413132327 0.5396378342 0.5439928044 0.5241422826 0.5936518159 0.5229455907 0.8317433844 0.8294375507 0.8298176014 0.6169377392 0.6107629004 0.6154303769 0 0.6278597005 0.5336292834 0.5089952387 0.5064934105 0.6121752917 0.6133537012 0.6159549501 0.8519802634 0.752471268 0.5639982805 0.5573632594 0.5621290405 0.7880653546 0
0.8376421588 0.8400632185 0.5549411205 0.728372974 0.8568147296 0.5664235574 0.7994422572 0.5402682269 0.642648892 0.6427611446 0.6392500332 0.6439375476 0.8662901451 0.6213774898 0.5652256438 0.5575507627 0.559997243 0.7044331687 0.6455130251 0.5333902397 0.5693251925 0.7276719718 0.5664256225 0.5532782627 0.7137690477 0.5612292123 0.8602018635 0.6173410422 0.6148426594 0.6588187826 0.8630333458 0.718195279 0.8614573774 0.6424326214 0.5598851219 0.5634765163 0.5649772469 0.5591291941 0.5455816486 0.5422282971 0.5475281004 0.5559382356 0.5695454208 0.5317218498 0.5239261538 0.6996732132 0.8311954133 0.8382544714 0.590704643 0.5940332454 0 0.6223538793 0.6267866098 0 0.5129266872 0.6181812095 0.6186435214 0.6115679582 0.618265549 0.6231140242 0.6616034444 0.5652880837 0.7647062745 0.5588925276 0 0
0.8309505873 0.8316810325 0.6347920851 0.5509736018 0.5576854983 0.7965472453 0.7940315814 0.8002879099 0.6566139411 0.6488116593 0.6435476347 0.6481510464 0.7358382836 0.7356712541 0.5613686386 0.7032462535 0.6350132607 0.6381275908 0.8477922999 0.8458117211 0.838657383 0.8482181503 0.8532285868 0.8864488062 0.8670986735 0.60496988 0.557327846 0.7972792734 0.525073218 0.6577482561 0.6516517086 0.859527838 0.6714501328 0.8295777574 0.8597795677 0.868083631 0.8604184115 0.6544856308 0.5690792278 0.5503160298 0.5079086656 0.572465734 0.8536125454 0.5248275976 0.5325219528 0.7925208963 0.5771632209 0.5823468278 0.5897690406 0 0 0.63136655 0.6223744231 0 0.6182715384 0.6143095293 0.6090341937 0.6148109183 0.6117853938 0.6099292572 0.6189244686 0.7567145308 0.5590393371 0.5600635547 0 0
0.8341767092 0.6271491072 0.6368047788 0.5756857099 0.5766932853 0.8014202071 0.7962017315 0.7965527296 0.6586174104 0.5823260356 0.6639536871 0.8655843855 0.8547600937 0.7384132298 0.7360457978 0.6297794493 0.6347456321 0.6272320927 0.820990097 0.8456259577 0.83848012 0.8475178794 0.8438499636 0.8492511071 0.7736333998 0.7282324962 0.7877529629 0.8722162261 0.876454911 0.568705444 0.7904907625 0.8936705935 0.8530590454 0.822095205 0.8936566014 0.8590372095 0.8415728769 0.6959510074 0.8215633104 0.7596586828 0.676762387 0.8290987438 0.8334454266 0.58918259 0.7957013341 0.5785109629 0.6456421229 0.5814632189 0.5858776882 0.6804604011 0.6371759252 0.5475518432 0.7346489496 0.7335515171 0.6106694089 0.6104805335 0.6074950854 0.6077330779 0.6090051269 0.5296549041 0.8996876997 0.8999929311 0.906927791 0.5643623829 0.5690706157 0.7029186617
