landscape/hab_quality/256/simulation_000065_p049_h021_HABMAT_patch_more_500pix_modified.asc_ac_0.5_quality.asc
NCOLS 513
NROWS 513
XLLCORNER 0
YLLCORNER 0
CELLSIZE 9.980507
NODATA_VALUE NaN
[rows 319 to 347 of 513, columns 134 to 200 of 513]
0.5743994532 0.6127753503 0.5732833948 0.672062979 0.8797812221 0.6773870634 0.8885180071 0.5951325426 0.5869340002 0.591180657 0.6047708137 0.8574451701 0.8538420146 0.6209213389 0 0.6384902902 0.6313622936 0.6192980678 0.6260876258 0 0 0.6311594891 0 0.663378551 0.8293259235 0.8321612523 0.8904957258 0.5149836872 0 0 0.6681144698 0 0 0.706560669 0.7369848518 0.629050171 0.5407899489 0.5323039223 0.5373736194 0 0 0 0.7037110182 0.7116755853 0.7199056773 0.724736975 0.7290153883 0 0.8908239305 0.5479761655 0.7980736908 0.7963741675 0.791378141 0.8800116636 0.8859661234 0 0.642389083 0.6415677183 0.5557344225 0 0 0 0 0 0 0.6389611014 0.678402017
0.5508257107 0.5649594823 0.5174157982 0.5005840061 0.6718159829 0.6867721564 0.6174329369 0.5858264832 0.5872215337 0.5936682882 0.5949975141 0.8544540892 0.8516859505 0.6111912363 0.6141601501 0.6288774295 0.6239374074 0.6237504169 0.61831039 0 0.6214341311 0 0.6370056102 0.6608695382 0.6646240343 0.657102237 0.5951673781 0.5954177989 0.5853690565 0.8433256542 0.8343260311 0.7223841419 0.7257831055 0.729818175 0.7319020669 0.6249253074 0.5265442992 0.5328369462 0.8549817478 0.7538420826 0 0 0.7119012775 0 0 0.7223142974 0.7240948248 0 0 0.5397385669 0.7964175024 0.7940834853 0.7920009806 0 0.8732787437 0.8812745366 0.6412013339 0 0.5175240015 0 0 0.7188349582 0 0 0 0 0
0 0.55131894 0.7175528637 0.5417208677 0.704201881 0.6261581503 0.6537393805 0.5899535083 0.7710906647 0.5943431307 0.8611357554 0.873576054 0.8200629506 0.610868647 0.6208734684 0.617029967 0 0.6212774514 0.6185788354 0 0.5791348704 0 0.6243508619 0.6612275715 0.6566643561 0.6560703148 0.6539501067 0.6624621448 0.7405325499 0.7285645695 0.729186 0.7208968222 0.7210474332 0.7218726017 0.7344973894 0.6227809528 0.6223682623 0.6154381355 0.7753648174 0.7449774613 0.7399452987 0 0 0 0 0.7169788097 0.7215489347 0 0 0.5473699528 0.5463724245 0.7946038395 0.7923357692 0.7935203108 0 0.5555846624 0.6509121627 0.6442466442 0.5261256431 0.5197618673 0.7916007159 0 0 0 0 0 0.682444443
0.6585166031 0 0.5572528911 0.5403811156 0.8941879687 0.5539005249 0.5571636666 0.696722681 0.6142309625 0.8554202836 0.6639546517 0.6575493476 0.7777433621 0.6186918599 0.61502452 0.7160177151 0.628251656 0.6310527173 0.627608468 0.6212912004 0.5827448807 0.5883888447 0.8511096837 0.6573575045 0.7308655014 0.6565467564 0.6535301348 0.6594980775 0.8092903166 0.7311340542 0.7243557691 0.7194404575 0.7223758881 0.7179713151 0.6967816488 0 0.6170168233 0.7813859873 0.7387785867 0.7358306714 0.7383242349 0.7386059532 0 0 0 0.7207613093 0.8004969008 0.7999774976 0.5316165482 0.8399343579 0.5987026065 0.7099034678 0.7944644364 0.587695214 0.704863813 0.6954933594 0.5325475538 0.5283972351 0.5335745141 0.5300214275 0.7859739447 0 0 0 0 0.6846295896 0.6854579605
0.6943375045 0.6536777748 0 0 0.8867546359 0.5551479001 0.5489691469 0.5455292305 0.5580395309 0.5593371678 0 0.6514106195 0.7765472932 0.6179580336 0.6219701437 0.623085855 0.6344672592 0.6090160147 0.6335104113 0.5508976912 0.6572071164 0.6562193187 0.6576935967 0.8549866542 0.7267990932 0.6521015766 0.6554287654 0.659870962 0.6621820419 0.7251339771 0.7220943971 0.7155335272 0.7126637473 0.7150183771 0.7241348298 0.7984522807 0.5192527023 0.5465611287 0.7335781853 0.7292912101 0.73743736 0.6115566334 0.6905527126 0 0 0.5538721042 0.7928295361 0.52191566 0.529661388 0.5227983339 0.566054695 0.6708104764 0.6722445365 0.51484843 0.7392493342 0.6839203467 0.5744011474 0.724946276 0.6293268162 0.8507213944 0.7113552032 0.7058749453 0.7854859397 0 0 0.5906753894 0.8888971059
0.6936272155 0.6977009946 0.8962656014 0 0.8964970346 0 0.5454458609 0.549220678 0.5445628579 0.5527278747 0.5510978867 0.6573037919 0.6193943731 0.7449780558 0.7445530111 0.7457248385 0.7515619086 0.6391171718 0.7343209504 0.7361995531 0.717022373 0.8539828544 0.6579380751 0.807043511 0.6561554095 0.72855678 0.6588937961 0.5778850605 0.5805005137 0.5812179766 0.7299838544 0.6493236997 0.716360633 0.7144985009 0.714889009 0.7912562163 0.6706608321 0.5117770243 0.7302091364 0.7374409773 0.8982382378 0.5734177022 0.730976348 0 0.6909077616 0.5245217553 0.7210829244 0 0.5200715267 0.5245609459 0.8114518966 0.6034228124 0.6688973774 0.6667642021 0.6788039577 0.8490759486 0.7401118025 0.7206038737 0.716493722 0 0.7046759332 0.7084357386 0 0 0 0.6679094976 0
0.7987595276 0.6973132079 0 0 0 0.5482184226 0 0.5444715188 0.5393987561 0.544201831 0.5485303257 0.8566776331 0.6241793527 0.7436347074 0.741051763 0.744733398 0.7509875711 0.7623642717 0.7326467175 0.7423721661 0.865015049 0.6477062497 0.7291635627 0.7214352279 0.7259567379 0.7264528237 0.6029793137 0.5705132099 0.5754384807 0.5768500143 0.7231385907 0.7204861967 0.7261649754 0.7171326368 0.7190213478 0.7968087729 0.5668016586 0.9030953864 0.6124399964 0.7944040421 0 0.8061078299 0.895237912 0.8906047996 0.65579778 0.6602874728 0.5849133288 0.7130121429 0.5157983314 0.7027893948 0.7110271749 0.7086317527 0.7264450389 0.6492794992 0.5180523518 0.5118178048 0.5035395815 0.7260599586 0 0 0 0 0 0.6529895553 0 0 0
0.8026865707 0.8363939581 0.8999910744 0.7372557769 0.5859557779 0.5768755174 0.5450963137 0.5505198821 0.5349857629 0.5511587394 0.7813208484 0.6171412999 0.5958406878 0 0.7440926183 0 0 0 0 0 0.6571755693 0.6407320351 0.6389042741 0.7221250571 0.7295539596 0.7829922549 0.7917114579 0.746872714 0.5677354278 0.749956516 0.7284427175 0.7231754443 0.7270939646 0.8792132129 0.7170226272 0.7265323865 0.6737351945 0.8998278087 0.8971409975 0.7879490735 0.7934475225 0.7975923698 0.8003678462 0.8859044253 0.6779202018 0.6507198746 0.7150561433 0.7130183338 0.7118886606 0.7022365857 0.7078064935 0.7179133975 0.7228462171 0.7277678234 0.5081935344 0.5105458117 0.5032085202 0.7215561016 0 0.7191256324 0.6546381586 0 0.5122500819 0.6513692342 0 0.7396177489 0.6525248986
0.7998078041 0.6059186635 0.6113181903 0.9028670303 0.5853842459 0.7786165506 0.6271151363 0.6337529344 0.5433692049 0.869987064 0.8027745143 0.6237753433 0 0.8603135445 0 0.5044108726 0 0 0 0.5770717362 0.6554539746 0.6484619215 0 0.7083655325 0.7173271263 0.699003346 0.7878474397 0.7451267767 0 0.546231091 0.5531045319 0.7334919961 0.8815237545 0.7360723506 0.5271373658 0.8814569003 0.7491169858 0.6708730803 0.7891040434 0.7884111699 0.7882354079 0.7665584163 0 0.8936037745 0.6515528874 0.6627055549 0.6523995782 0.7214179119 0.7246274051 0.7037736161 0.7111017965 0.7179910012 0.7252786217 0.7256670001 0.5123044327 0.5030989335 0 0.5810508294 0.5721736269 0.7448560379 0.7413003489 0 0 0.6550601225 0 0.6518860075 0.6594667178
0.599540167 0.6137638542 0.7221103583 0.7336822801 0.6095053707 0.6176706947 0.6326084675 0.636675437 0 0.8408408313 0.8635283808 0.8847228549 0.8836586663 0.6129986168 0.5047997349 0.7736473444 0 0 0 0.5173810546 0.5699133861 0.5618482991 0.7834193009 0.5454058635 0.7685969529 0.5140987319 0.7717502736 0.7506368091 0.7543364748 0.7769123109 0.5486816814 0.5940702229 0.593967401 0.884925925 0.5873485381 0.6797481336 0.6795112382 0.6748484533 0.7930185717 0.7898421121 0.793977785 0.5790992141 0.5960944166 0.6542758575 0.6537310515 0.6591253467 0.6622396455 0 0.7242411402 0.7151815244 0.7191949395 0.7111152027 0.7214438427 0.7270860325 0 0.5688114412 0.5643270407 0 0.5732129231 0.7379451641 0.7416835926 0 0.6576235111 0.6465782421 0 0.6544960782 0.6543593422
0.6087836655 0.8814839203 0.8846005314 0.8130173562 0.6233918046 0.6201576243 0.5543500312 0.5414249563 0.8809136734 0.8500947378 0 0.7842732252 0.547050236 0.6139520071 0.6183012974 0 0 0 0 0 0.5287171457 0.5520112324 0.6222474695 0.5695258961 0.8184817786 0.653202387 0.816483248 0.7620341772 0.6624098907 0.6006673728 0.5916685493 0.5854777269 0.5905095717 0.5986285321 0.9015468796 0.6852556578 0.6788147249 0.5901102145 0.5866110136 0.5940354073 0.5952576951 0.5909411096 0.59096747 0.7796408995 0.7402958542 0.8906251539 0.730028926 0.7280520784 0.7229306589 0.7169984077 0.7186628301 0.7246820632 0 0.5887738705 0 0 0 0.5706172683 0.5711994157 0.7412787826 0 0.7241721265 0.7337847666 0 0 0.6131150107 0.663497365
0.6250915245 0.5135997929 0.8832092747 0.6059745111 0.8030292261 0.801207513 0.602170666 0.8197534605 0.8803981414 0.7482018356 0.7570966839 0.8112517725 0.5546536869 0.6344406111 0.6189538786 0 0 0 0 0.5188980073 0 0.6139747882 0.6111871728 0.6137294498 0 0.8148117756 0.81939116 0.8965725085 0.8455159145 0.5974487453 0.5912456198 0.5817521433 0.5887893298 0.8951003358 0.8927806905 0.6883903467 0.8936511855 0.5872956057 0.5864138597 0.5863732896 0.5856528756 0.5927235438 0.5410100738 0.5095703533 0.5216304355 0.729262711 0.7255949578 0.8303883527 0.7252047523 0.718298645 0.7190902498 0.7262361409 0.5792409574 0.5615935366 0.5605472123 0.5606444895 0.5622024144 0.5674007631 0.5788699774 0 0.7288081658 0.7240106825 0.7334744072 0.650538195 0 0.7735532161 0.7691732498
0.6183699617 0.6214464797 0.6969211839 0.6948044616 0.7941335957 0.7998665206 0 0.810402163 0.8312939763 0.7443903137 0.8055755522 0.8154938557 0.8102031856 0.839617879 0.6281860364 0 0 0 0 0.6076158504 0.6094173308 0.6064723942 0.6079577652 0.6192816738 0 0.6032159261 0.5605721318 0.8662595119 0.586612624 0.5984409806 0.582919309 0.5910668502 0 0 0.8948233905 0.8152131134 0.5416900598 0.5866727035 0.588620867 0.5937909066 0.5865098218 0.5861870288 0.8091485299 0.7101909201 0.5009562461 0.7294110286 0.6030866772 0.725260273 0.726899873 0.723728978 0.7213127183 0.5792557614 0 0.5703993898 0.568274054 0.5597345396 0.566209932 0 0.6896958206 0.7909048294 0.7991725042 0.7277169988 0.7309832392 0.6508206321 0 0.6655158069 0.8113077172
0.624144611 0.877914324 0.7239749649 0.6939666125 0.7922830992 0.7904486468 0.7957975487 0.830172893 0.8329776018 0.7485095306 0.888244441 0.8083725936 0.5531081117 0.5470958614 0.6373863894 0.6148068428 0 0.606293062 0.6004270162 0.6099137208 0.6168138466 0.6054829162 0.6099604335 0 0 0.5546706558 0.5570502926 0.8189671112 0.5231210645 0 0.5228184517 0.5524084312 0.8916710669 0.8947914957 0.8974629475 0.5371831291 0.6952671895 0.6919988271 0.7521117365 0.8691987779 0.8727480247 0.862421921 0.7718890933 0.7290831423 0.72561785 0.7240304872 0.6209050028 0.61227562 0.6197176785 0.6229200593 0.5821250288 0.5764429024 0.5745540608 0.5714137894 0.5738108855 0.56394609 0.5668455456 0.5662400065 0.5769114213 0 0.7982226481 0.5603790561 0.6571998835 0.7890129802 0.6658101551 0 0
0.7665527268 0.7335892534 0.7282143434 0.7236946387 0.5261867286 0.7968777301 0.8322772836 0.824011455 0.825903159 0.68647601 0.6768645738 0.7660349238 0.5464415118 0.5325371029 0.804248664 0.5332278921 0.6378333409 0.6012318085 0.6047417975 0.598707786 0.5961264422 0.7283618869 0.6029185203 0 0.8010886275 0.5615407652 0.6685127771 0.7732663051 0 0 0 0.5133789456 0.5452365631 0.5374001494 0.5356213728 0.5402478678 0.6963939045 0.6873836729 0.8755410183 0.7333595381 0 0.7161375231 0.801877101 0.7171185516 0.7200994506 0.6256393848 0.6192976462 0.600737709 0.6979218104 0.6209063515 0.5780691852 0.8129480203 0.8062552172 0.8128648423 0.5745362075 0.8118035421 0.5759612306 0.5705451351 0.8137748 0.819030396 0.7679937048 0.7126804166 0.8427979614 0.8095535801 0.8033062817 0.7070164914 0
0.6099342321 0.5323142938 0.7280444206 0.8622377917 0.6222261526 0.6232503949 0.8654088611 0.8286651664 0.8339061109 0.6825535493 0.698131886 0.5503735522 0.5445088292 0.5397862635 0.5315868377 0.5482677777 0.6328749037 0.6398063038 0.6100022529 0.6025097695 0.6055888865 0.5966897473 0 0 0.7008012841 0.7024647831 0.5797623366 0.7052779729 0 0.5117815174 0.5052720957 0.5101998147 0 0.541410545 0.5346404556 0.5348573827 0.5401932551 0.687120831 0.6815802943 0.6833472168 0 0.7172443953 0.7124049796 0.7137883792 0.7159026136 0.8241098744 0.8192239632 0.8189002515 0.8206226411 0.8110602373 0.5901476294 0.80695936 0.8046013893 0.7993655153 0.8053391964 0.8073163425 0.8073448687 0.8086849205 0.8097575572 0.8594544071 0.8605952766 0.5499312627 0.5432395276 0.8136406464 0.8055741704 0.8017083795 0
0.5805442396 0.5840124483 0.6493989689 0.7735854827 0.7648160064 0.6211352003 0.8510360305 0.8389000249 0.8356516156 0.8416399113 0.6198260057 0.6904028423 0.547528015 0.5369342566 0.5472988077 0.5400533155 0.6144168545 0.5606728226 0.6076326361 0.607922156 0.5029666714 0 0.5986695641 0.5989504765 0.7040933915 0.7105488929 0 0.7575238508 0 0.5711404694 0 0.8102339241 0.5444350755 0.540553697 0.5409330322 0.5401428956 0.5543927289 0.6902034655 0 0.5922588333 0.5940504641 0.8107536293 0.712207513 0.7088006889 0.7122503925 0.8286557878 0.8161582806 0.8184616729 0.8127686664 0.8122128049 0.8040173874 0.8030223437 0.7975911551 0.796100539 0.8105249724 0.809567627 0.8172315888 0.8156877785 0.542556468 0.7286029181 0.6381225382 0.5512665702 0.6646000023 0.8075096505 0.8103675665 0.8038624492 0.7971402698
0.5744556468 0 0.5637643253 0.765354906 0.7691651788 0.8552950531 0.847028411 0.7936429091 0.7842260298 0.7849463151 0.5078251847 0.6908570898 0.7384076421 0.9069350577 0.553713577 0.6058082965 0.6096220424 0.5656067563 0.5595157761 0.5585595983 0.5165076162 0.6043655006 0.6080255915 0 0.6036281371 0.6123019212 0 0 0 0 0 0 0 0.544685555 0.5455596828 0.550720652 0.5588880423 0.8518376641 0.5852198709 0.5847331248 0.5916811008 0.8182531034 0.7185765722 0 0.7138819598 0.7126148149 0.8204170567 0.8156253835 0.8207652219 0.8138082636 0.8119764651 0.7987062832 0.7947171385 0.807519276 0.8040053312 0.6490949336 0.5104582202 0.5346558584 0.5804100555 0.5043561693 0.6166505696 0.6238296881 0.6647395185 0.6553836344 0.7285597701 0.7993623033 0
0.5885797688 0 0.7742094332 0.7670791129 0.7643771788 0.8481876601 0.7660382544 0.5510918735 0.7931984009 0.7877738506 0.7950670664 0.8931129335 0.8953832424 0.8993146006 0.9072671077 0.9096153106 0.5706141862 0.5617020094 0.5614250936 0.5577928266 0.552372081 0 0 0 0 0 0 0 0 0.5781289071 0 0.8880489937 0.841035886 0.5501011944 0.5480401256 0.5153916293 0.5569014069 0.7029469848 0.5941202695 0.590737508 0.5865132807 0 0.7000390965 0.6950658306 0.697517681 0.7012810761 0.6051993905 0.8240631456 0.8204181946 0.8193343286 0.8142721768 0.8029942022 0.8009883881 0.7976829257 0.6767745528 0.8687592868 0.6409607453 0.6399507751 0.7649635018 0.6356265876 0.6261004354 0.6163247373 0.7039507102 0.6559034782 0.8072189161 0 0
0.5932511256 0.7446351602 0.9013595808 0.7667569165 0.5829286448 0.7602099358 0.7677159791 0.5464579407 0.5451564895 0.7884176153 0.5999543643 0.8963918034 0.8925465144 0.9020195267 0.9075721232 0.9160363075 0.7964886952 0.5671681561 0.743993674 0.555022412 0.5562839878 0 0 0 0.815929811 0.7079571179 0 0.5813897064 0.5810191687 0.5872464979 0.8311080358 0 0.8421511613 0.8449235836 0.8257273386 0.8289271247 0.6027394245 0.5635000081 0.8392116572 0.7333302792 0.7428641717 0.6942553151 0.685275338 0 0.6963158618 0.5166292241 0.699214973 0.6958986368 0.8223562696 0.8163414793 0.8115856088 0.8076792162 0.8040724604 0.6370900309 0.6351899901 0.6399516277 0.6506566514 0.6347382919 0.6323898899 0.636447895 0.6167352018 0.5988604258 0.617680655 0.7160917922 0 0 0
0 0.8771901212 0.8952495158 0.5874763398 0.7671960378 0.6100963764 0 0.5409350184 0.5449682366 0.8392178963 0.8700586498 0.893296724 0 0.8978136599 0.9100396816 0.9172159089 0.9249223628 0.5693572873 0.5615393825 0.5558523061 0.5584293225 0 0.59412917 0.8761149537 0.7462370397 0 0 0.586223741 0.5869943286 0 0.8408802603 0.8475018807 0.6031437272 0.84320981 0 0.6799863054 0.8571416516 0.844846939 0.840120619 0.8363081413 0.7920485808 0.6894907355 0.6848882412 0.6884199322 0.5097657542 0.5115751562 0.699544534 0.6924798521 0.8135975555 0.8131279041 0.8156573247 0.8169472141 0.6333172665 0.6329026177 0.6345297049 0.6429737455 0.6457445464 0.6388586234 0.6406292822 0.6411515087 0.6458628042 0.5956130087 0.695861 0 0 0 0
0.6674069841 0 0.8963143431 0.9040461231 0.7679897359 0.5511017217 0.5445080776 0.5393767759 0 0.6927863836 0.6901683501 0.6877310687 0.6909652871 0.6877789409 0.6922353834 0.69239089 0.6872704194 0.5695513521 0.5641975418 0.5710392933 0 0.791331145 0.7792347968 0.7795268273 0.7587004395 0.6019380795 0.5878845016 0.5895455286 0 0.6360813948 0.743608628 0 0.5923118977 0.8502832258 0.8515166161 0.8523574903 0.8579395522 0.847821083 0.8385200339 0.8426622994 0.5373447151 0.6936025233 0.6855459259 0.6900719311 0.5105020934 0.5162784322 0.6113235551 0.7003717074 0.8141600156 0.8196696572 0.8132980405 0.6303327843 0.6290245538 0.63251299 0.6345610722 0.6365328197 0.6469069193 0.5295055733 0.8581224948 0.6371991903 0.6011389555 0 0 0 0 0 0
0 0 0 0 0 0 0.5492700821 0.5476197226 0.5468045066 0.6898408609 0.6932799437 0.6867077623 0.6858635724 0 0.6819896056 0.6849886577 0.6900651574 0.5559378866 0.5791613244 0.5713477842 0.5783052902 0.7869094182 0 0.775353219 0.7757508873 0 0.5968528108 0.596168904 0.5914506475 0.6397440772 0.7826040278 0.777011465 0 0.8139819456 0 0.8481845087 0.845314139 0.6348047513 0.5181756511 0.8422094079 0.848318088 0.5572260485 0.5591855026 0.5575599423 0.5539045803 0.569161625 0.5732691816 0.7290841622 0.7089389713 0.6391890836 0.8225343321 0.6364467052 0.6343496537 0.6383702686 0.6364377503 0.5247170633 0.5294887785 0.5212559541 0.8524208256 0.8430064898 0.8444411154 0.7508289795 0.6350266611 0.6370796349 0.6360285555 0 0
0.848094114 0 0.5488994681 0.7748436338 0.5407402303 0.5500443625 0.549833597 0.8928954662 0 0.6974748418 0.6893120463 0.6937040411 0.6864327255 0.6808704895 0.6811222524 0.6894909664 0.6867480157 0.5485227189 0.5473997811 0.5536090041 0 0.7876249152 0.7762004284 0 0.7656856634 0.7622027389 0.6054379101 0 0.5999532954 0 0.850984203 0.7841972536 0 0.8429687515 0.841786078 0.8402164852 0.8414077703 0 0.5184225148 0.5225305725 0.520593205 0.5609033055 0.5550122021 0.5527885734 0.5604871332 0.5667521139 0.5747730691 0.8420043913 0.8074247953 0.568028191 0.6395358859 0.6431549659 0.6365114525 0.5275561358 0.5220458271 0.5208265736 0.5225060483 0.516547437 0.8364686624 0.8129852698 0.7499412059 0 0 0.6285387739 0 0 0
0.6324455 0.7093458378 0.7395325791 0.5397394603 0 0.7807193575 0.8388086849 0.8029479689 0.7021837693 0.6928466128 0.6919178214 0.694951927 0.681191724 0.6818454423 0.5199264001 0.5147638442 0.5229591901 0.5483726225 0 0 0 0 0.7803121675 0.7698042041 0.7724359247 0.7695654861 0.7779835893 0.57937864 0.8575527295 0 0.739883551 0.7934138868 0.7971269489 0.7989790047 0 0.841752725 0.8412670523 0.8470467713 0 0.776242148 0 0 0 0 0.5583858655 0.5671346478 0.8091437885 0.8001403658 0.7973637142 0.804705965 0.8043283772 0.5630533273 0.5694418174 0.533496576 0 0.5193604088 0.5150631864 0.8418257559 0.8429923123 0.8383200642 0.7548367379 0.7528805009 0 0.6339921843 0 0 0
0.7338913488 0.6132364712 0 0.5344318427 0.6822350777 0.7907630076 0.7074558201 0.5604765698 0.55285796 0.5590207301 0.7906483838 0.8099037608 0.7309112339 0 0.5189711403 0.5131501831 0.519124307 0.558437684 0 0 0.6593559235 0.6577818574 0.6478597895 0.6578363067 0.7719618381 0.7779049482 0.77408309 0.8617570748 0.8535197237 0.6335635148 0.7966314963 0.7956440079 0.7973966239 0.5865969713 0.839386115 0.8360597 0.8465677195 0.6800573218 0.8107851581 0 0 0 0 0 0 0.5755965702 0.800970436 0.7998511222 0.7927753103 0.8003890594 0.8011058842 0.5666241858 0.5625025481 0.5605727592 0.5623807399 0.5197744107 0.665862805 0.5229430389 0.5274748907 0.8384509265 0.7612075896 0.754940514 0.5927732851 0 0.5174252185 0.8811181618 0.9092425264
0 0.7308803724 0.5493337932 0.6866989669 0.6843660121 0.6852429505 0.5052043285 0.5527252563 0.5507730316 0.5488170647 0.6008218787 0.5984938531 0.6040703621 0 0.5199175836 0.5204164716 0.5158695425 0 0 0.5344882884 0.6552976839 0.6545362711 0.6516822869 0.6518562321 0.7794362369 0.6510377529 0.6442194187 0.7808143583 0 0 0.7734233038 0 0 0.77418125 0.5164409735 0.8312283392 0.8496901461 0 0 0.5991147809 0.5974241149 0 0 0 0.8170918147 0 0 0.8004043456 0.7937398936 0.807535264 0.8087198633 0.5428849944 0.5498013599 0.5570254003 0.5562068413 0.5558539908 0.8964639545 0.5726266888 0.5267209289 0.5720945858 0.578947919 0 0.7577698002 0.7196283099 0.8820743623 0.8894216751 0.9190535205
0.6496869347 0.6382332245 0.7403963207 0.6061491748 0.6150798523 0.5812377757 0.5777756306 0.9063393703 0.5449404142 0.9078546357 0.5968991804 0.5949319739 0.5980282184 0.7708886577 0.7308503661 0.5202254165 0.5216169584 0 0 0 0.65570036 0.6549760052 0.6535903539 0.6524248565 0.7863500023 0.6436929322 0.6410916457 0.6423620898 0.672640823 0.6312397019 0.5893592143 0.7639872208 0.7677314729 0 0.5565875474 0 0.8306598046 0 0 0.5988039022 0 0.715128085 0 0 0.817979012 0 0 0.809828604 0.8085084806 0.5066015008 0.5502064273 0.5506071056 0.5561830281 0.5494589458 0.5519755074 0.5589614584 0.5764099643 0.6050865556 0.6870987017 0.6808799388 0.5990556034 0.6790732157 0 0.5074759218 0.8905481843 0.8951822292 0.9110096713
0.6391663965 0.6420332693 0.6499666062 0.8302205583 0.6384521306 0.586970092 0.5790677398 0.5541559669 0 0.9054252944 0.5990393519 0.5978181929 0.5967580499 0.5354517537 0.5931966788 0.5294167426 0.5306771569 0.5244735989 0.5312448997 0.5350431777 0 0.6633162945 0.6568477141 0.6563030499 0.6583359786 0.6382657081 0.6389254772 0.6412938102 0.6372695242 0.6271394701 0 0 0 0 0 0 0 0.8394834581 0 0.8837156286 0.8924943461 0 0.8869202085 0 0.815532785 0 0 0.8120638531 0.8154905389 0.554774947 0.5503171767 0.5197492821 0.6907658701 0.5573126841 0.6910388156 0.5685559159 0.6884696225 0.6741927897 0.6771776551 0.6729234877 0.6779311637 0.7841931269 0.5475601798 0.6898271501 0.6679009164 0.7267857222 0.6721871268
