landscape/hab_quality/256/simulation_000064_p058_h009_HABMAT_patch_more_500pix_modified.asc_ac_0.5_quality.asc
NCOLS 513
NROWS 513
XLLCORNER 0
YLLCORNER 0
CELLSIZE 9.980507
NODATA_VALUE NaN
[rows 280 to 307 of 513, columns 189 to 251 of 513]
0.8503640681 0.6337614901 0.8281940473 0 0 0.5090885204 0 0 0 0 0 0 0 0 0 0 0 0.6438440475 0.8947762913 0.8851539068 0.5598972044 0.5563404424 0 0 0 0 0 0 0.8587446172 0.5374503238 0.7686331385 0 0 0.8514225201 0 0.6493518322 0.6296853139 0.6250376378 0.6248189414 0.7519151269 0.7552656321 0.8744882481 0.7474316934 0.8330006181 0.8314503253 0.8290646891 0 0.5383806653 0.645884664 0.6416146495 0.7541155846 0.6893977703 0.6557385673 0.650614275 0.647054064 0.6457003889 0.8371596565 0.6855909377 0 0 0.8187122683 0.8182918811 0.8088700973
0.8497528043 0 0.6393600875 0.7502013112 0.5927480402 0 0 0 0 0 0 0 0 0 0 0 0 0 0.8894197404 0.7937528115 0.5662131867 0 0 0 0 0 0.8467248257 0 0.854633206 0.8538600827 0.8557342153 0.7711010329 0.8309214105 0 0 0 0.7407522018 0 0.6317762612 0.7866292037 0.7807963536 0.7800585423 0.7854391142 0.8724998626 0.8248660462 0.8271907273 0.7053914719 0.847156636 0.8433284718 0.8427084132 0.8459610737 0.6459656443 0.6516212539 0.7597554617 0.6511119222 0.5479696565 0.8417200009 0.8414786489 0.8344944178 0 0 0 0.8374212256
0 0 0.5424987652 0.5514945257 0 0 0 0 0 0 0 0 0 0 0 0 0 0.6526322326 0 0 0.7438018891 0.7444470271 0.740743897 0.7391089256 0.8442449032 0.8374998893 0.8354593489 0.8389512535 0.849599999 0.8499928825 0.8595488366 0.7249427401 0.6844026825 0 0 0.7391778517 0.7407612227 0.7534540419 0.7938150995 0.7839567604 0.777131483 0.7840402686 0.7805214813 0.8273292925 0.8271267775 0.8172171331 0.8257864977 0.8466035231 0.8499235861 0.8418501493 0 0.6454339726 0.6488648685 0.8103248274 0 0 0.6140396024 0.8343469313 0.8258246559 0 0 0.7755983439 0.8402913426
0 0 0 0.8936383676 0.8974322962 0.7400194924 0 0.8713327257 0 0 0 0 0 0 0 0 0 0 0 0.8523113292 0.7470630394 0.743435924 0 0.8477044667 0 0 0.8353013016 0 0.8535534361 0.8516656139 0.6663006319 0.6672505621 0.6649330789 0 0.7487611423 0 0.7446444689 0.7462705662 0.7538625531 0.6949010833 0.7783584762 0.7807691177 0.7729265282 0 0.8226216725 0.8269134157 0.8205160995 0.6794350501 0 0 0 0.6474780531 0.6401525664 0.6411630784 0 0 0.6105813416 0.7935981674 0.8407703811 0 0.7311730233 0.7261400541 0.8466923407
0.5530575017 0 0 0.8877298715 0.8881766707 0 0 0.8632101577 0 0 0 0 0 0 0 0 0 0 0.7446059546 0 0 0 0.7496622558 0 0.8466038532 0.8404089164 0.8393739673 0.8359608257 0.8590843348 0.8674430512 0.662420105 0.6623416276 0.6582366888 0.6614032264 0.6664806098 0 0 0.7498279927 0.8772735797 0.7643848659 0.625663522 0.7794104331 0.7992482052 0.5233868451 0.5159725667 0.5989869921 0.5968953756 0.8856768666 0.6821321937 0 0 0 0.5133031309 0.6438958327 0.6479069804 0.6069600591 0.6039648712 0.6693228442 0.8133486031 0.5129755428 0.5071067554 0.7960490065 0.5681837518
0.7446098313 0 0.866834306 0.8683898521 0.8870893937 0.871290846 0.8646698741 0 0 0 0 0.7981711124 0 0 0 0 0 0 0 0 0 0.5306716898 0.6051643684 0 0.8452319015 0 0.848554887 0.8555203672 0.8646543533 0.8723060511 0.66312414 0.6662998812 0.6603045123 0.667954453 0.6668705682 0.5935896214 0.7589288493 0.7501686177 0.756725378 0.7919624397 0.770614379 0.8074028492 0.799212488 0.6032988761 0.5987475991 0.5934634098 0.8834292996 0.5932555557 0 0 0 0 0.5231448214 0.5231114528 0 0.6127738698 0.6134569369 0.515631341 0.667577132 0.857303353 0.6336413108 0.5754005066 0.5701265484
0 0 0 0 0 0.5965735254 0.8677091587 0 0.6383364909 0.7335745507 0.858842209 0.7935871748 0 0 0 0 0 0 0 0 0 0.5233557456 0 0 0.7888832274 0.8579518213 0.8537695369 0.5135531102 0.7109880632 0.8654819513 0.8777909503 0.6676690265 0.8066368803 0.6672305893 0 0 0.5976588727 0.7652888031 0 0.7629991998 0.8705288859 0.6222150842 0.8002096044 0.6055747094 0.6001286489 0.5895448805 0.5914945364 0.5851739551 0.5870414941 0 0 0 0 0 0 0.6927364046 0.7779612798 0.7007840847 0.5239626295 0.7317449409 0.6877934849 0.5674774342 0.5670971626
0 0 0 0 0 0 0 0 0 0 0.5065609803 0.5072568731 0 0 0 0 0 0 0 0 0 0 0.5334824779 0 0.5915198611 0.7532907589 0.6504803694 0.584538048 0.7161124342 0 0.668955235 0.5727963301 0.8633859397 0 0 0.6072318077 0.6040357998 0.6013146294 0.6449006439 0.7368862602 0.7706514037 0.7773854384 0.748154954 0.569537716 0.6009571289 0.5830492061 0.5827094527 0 0.738393747 0.596055174 0 0.7376799928 0.7349121456 0.7322139716 0.7327929171 0.7003119448 0.6911369406 0.522229038 0.5256509103 0.7781788617 0.776614142 0.5753230013 0.5622273528
0 0 0 0 0 0 0 0 0 0 0.5030924847 0.7695213897 0.68163566 0 0 0 0 0 0 0 0.5181998568 0.5253592298 0.7631607435 0 0.7481278205 0.7435883278 0.6266569116 0.7225461402 0.7290608223 0.7225565508 0.5319084273 0.5264830672 0.8993436018 0.5142518441 0.6109114478 0.6082857876 0 0.5175916321 0.7445065746 0 0.8195326643 0.6057795016 0 0.5946502355 0.598931681 0.5916486317 0 0 0 0 0 0 0.7325434575 0.7332658777 0.737936812 0.8789868484 0 0.7004025348 0.5222947437 0.7843506406 0 0 0
0 0 0 0 0 0 0 0 0 0 0.7673059616 0.7671815501 0 0 0 0 0 0 0.7935655049 0 0.5165190179 0 0.5337478922 0.5431220745 0.7530806228 0.7455113353 0.7707096256 0.7216794018 0.7213193202 0.7274497219 0.5225799137 0.5316978627 0.7996843275 0.8000681453 0 0 0.519580397 0.5169123826 0.6968565099 0 0.642761846 0.6395383935 0.7806879968 0 0.5239042376 0.5227478723 0 0 0 0 0 0.7389735644 0.7411112379 0 0 0.8862846031 0.8887660045 0 0.7477525069 0.74603921 0.8206011449 0 0
0 0 0 0 0 0 0 0 0 0.7742032929 0 0.7703060204 0 0 0 0 0 0 0.789157985 0.7867585329 0.7844398356 0.525175103 0.5381911938 0.5429072875 0.5646295078 0.7302035152 0.7231677986 0.722656193 0.7286226459 0.7249774356 0.5306155676 0.5031538781 0.5821090888 0.8052094956 0.5699515706 0.5250466903 0 0.550891194 0 0.6385128281 0.6337427086 0 0 0 0 0.5192486376 0.5245988851 0 0 0 0 0 0 0 0 0 0.6599683372 0 0.7414994362 0.7425678224 0 0.6174087977 0
0 0 0 0 0 0 0 0 0 0 0 0 0.7897699478 0.8689759708 0 0 0 0 0.776641995 0.7822679248 0.7895172402 0.6306647496 0.8583101091 0.8597751306 0.8515431489 0.729069447 0.7245343823 0.725695916 0.7296801401 0.8878406656 0.733485189 0 0.6545829859 0.5503141726 0.5598659743 0.5596598485 0.8184241142 0.8089401914 0.8550661474 0.6859810746 0 0.8640920517 0.8621992342 0.872130556 0.528673678 0 0 0 0 0 0 0 0 0 0 0 0.7527163124 0.7384510316 0.7335628526 0.7402321392 0.7749291737 0.7808965615 0.88270132
0.9142741649 0.9233071788 0 0 0 0 0 0 0 0 0 0.8709948768 0.8371121649 0.8456511969 0 0 0 0.7849436126 0.7753669454 0.7807729566 0.6261901824 0.6270874216 0.8526767058 0.8501979332 0.8566426685 0.6893465246 0.6181736043 0.8036897471 0.7075654344 0.7046119902 0.7480137764 0 0.6622325525 0.7415761342 0.5404996149 0.5986615762 0.8110982042 0.8153967317 0.8185654529 0 0.6936041372 0.6914822778 0.8658025891 0.8715472984 0.5313819443 0.5303456242 0.5201012102 0 0 0 0 0 0 0 0 0 0.748882802 0.8047628564 0.730828183 0.7319822105 0.5779787316 0 0.521126633
0 0.6855315231 0 0 0 0 0 0 0 0 0 0.8430048012 0.6439870151 0.8999444202 0 0 0.7905123546 0.7844223652 0.7737617683 0.7733158972 0.7786831583 0.7771718621 0.8449260971 0.8470151243 0.8503979123 0.7943947968 0.7358857572 0.8575314657 0.7043908687 0.6803483505 0.651663335 0 0.8516029592 0.7396046858 0.75023462 0.7599996375 0.8454571162 0.6527082082 0.6540283144 0 0.6905371312 0.5806171898 0.6969494799 0 0.6818659288 0 0 0 0 0.6790419433 0.6791459892 0 0.5716807621 0 0.7275709688 0.749404594 0.7504373574 0.7407107618 0.7326374126 0.7317696208 0.7401231087 0.5031110516 0.5333391854
0 0 0 0 0 0 0.8890117023 0 0 0 0 0 0.7470977971 0.5523438657 0 0.7957948555 0 0.7821543545 0.7764594255 0.7783739838 0.7764493512 0.782724301 0.8487004554 0.850249081 0.8494483991 0.801438463 0.791495313 0.6845870438 0.7063765527 0.7087571026 0.6190743598 0.7456940855 0.5828078965 0.7454873553 0.6164172248 0.6074335989 0.6040514801 0.6448040117 0.6463885374 0.6502317798 0.6983886344 0.6934014674 0 0.8277162631 0.8302797643 0.5752228247 0.5744231499 0.836484644 0 0.6821678936 0.6797406604 0.5558397031 0 0.7345813294 0.7197028089 0.721311913 0.7155838977 0.7159599209 0.7864555006 0.7387676517 0 0.5504733862 0.6134867746
0 0 0 0 0 0 0.5872709334 0 0.8707924397 0 0.676433196 0 0.5526411217 0 0 0 0.8827390211 0.7792569323 0 0.7776804289 0.7793307297 0.7814323143 0.7829164293 0.590485576 0.8052154838 0.6352578961 0.8009742643 0.588622746 0.5306711661 0.6375869548 0.6259502622 0.6255341161 0 0.6025107463 0.6822478084 0.606565601 0.6593581687 0.6532094752 0.6510554911 0.6543774502 0.6405760172 0.7022570419 0.8230203147 0.8210943904 0.8135560946 0.8095504508 0 0 0 0.7605466751 0.6668351615 0.5600929692 0.6570925684 0.8384854923 0.71980123 0.7144670119 0.7175020902 0.7222059256 0.8693975828 0.8711125863 0.8682268022 0.8461472049 0.8518696219
0 0 0 0 0 0 0.8700605359 0 0 0 0 0.8469782457 0.5992129764 0.8640400561 0 0 0 0 0 0 0.7836449898 0.7816366183 0.7915312949 0.5001807513 0.7509780894 0.633838732 0.8841248654 0.8906991104 0.6056494148 0.6072345899 0.7938650977 0.6413813355 0.6008423751 0.8200017621 0.9046615083 0.8961622905 0.6545904713 0.7459636636 0.655126819 0.6294871277 0.5753288376 0.5761469627 0.805528978 0.8133949953 0.8408312135 0.8652998794 0 0 0 0.6602760228 0.6557697628 0.6606460775 0.6596987456 0.7274832636 0.7155353713 0.7230236117 0.7169410498 0.8786688194 0.8773398818 0.8653687677 0.8554667273 0.851496726 0.8451714785
0.5158596439 0.7424527903 0 0 0.5593303379 0.5475384103 0 0.8642279002 0.6150967416 0.8455611859 0 0 0.8403189046 0.8395739111 0.8389892684 0.561795695 0 0 0 0.6969314466 0.6359976895 0.5027975778 0.7202186769 0.885237405 0.8763005742 0.8820567361 0.7824744182 0.7886320134 0.5769568856 0.7840946733 0.7852076122 0.5979961387 0.5945051838 0.8792688086 0.8462632746 0.6567212887 0.9001865734 0.6621106451 0.6331744151 0.718625625 0.7223282357 0.7166903838 0.8169209921 0.8217741253 0.8196491819 0.8627395918 0.8580508128 0.8566313123 0 0.6612811693 0.6529956291 0.659561754 0.6605237401 0.7263972662 0.7233081954 0.7508754531 0.7248870308 0 0.8706143002 0 0.8594740977 0.8511908482 0.844709121
0 0 0.7423798991 0.7504863548 0 0 0 0 0.8573140576 0.8474019272 0.8368516654 0.8396659475 0.8418520776 0.8367770473 0.8264264067 0.8880821138 0 0 0 0.6456726583 0 0 0 0.8851814392 0.8762308589 0.8786025407 0.7869322681 0.7789601793 0.6508002087 0.7817228986 0.5394363325 0.5982105713 0.6289847469 0 0 0.5997067163 0.7821558832 0.7808167203 0.6316934595 0.6227957884 0.714684982 0.6416177485 0.5782689427 0.7973893336 0.5765141978 0.5574030956 0 0.6752878611 0 0.6539553409 0.6613649876 0.6604204022 0.6587793366 0.8559714582 0.6497470862 0.634688689 0.6312406722 0.860873829 0.7259606923 0.8672215684 0.8587469581 0.849961159 0.8480780555
0 0.6879643303 0 0 0.5105079604 0 0.590206768 0.8387000431 0.8548133396 0.8525919026 0.8460138309 0.8364109181 0.8331267527 0.8428797331 0.6590565808 0.6596694007 0 0 0 0.7048564382 0.8209472978 0.5710123381 0.5902777924 0.8807271354 0.8802689183 0.8849691729 0.5400549555 0.6331442306 0.7807110347 0.7386656295 0.6142684617 0.5980864161 0.5918271167 0 0.5897296297 0.5954183278 0.7740933607 0.8468015703 0.5145047836 0.7216884756 0.7236553084 0.7626166569 0.5756823133 0.5699760884 0.5729046274 0 0 0.6687001778 0.6611349739 0.8847044655 0.6373203435 0 0.6534121804 0 0.8513535885 0.6261191994 0.6357528499 0 0 0.6332842755 0.6253285415 0.6312280406 0.8507307867
0.8485963788 0 0.792588672 0.5027604239 0.581789325 0 0.7537365806 0.859969902 0.8557204658 0.6617796233 0.8397525373 0.8400082598 0.8395112639 0.8334212749 0.6525499653 0 0.5936518537 0.8157232619 0.820307325 0.813013713 0.8184702175 0.8239311294 0.7938959463 0 0.6713185139 0.8821095755 0.7401257527 0.7899708199 0.877206633 0.869286092 0.8808068496 0.5932912645 0.5853714978 0.5822610839 0.5889677486 0.5813896617 0.6131005081 0.7671674074 0.7760667996 0.8518864085 0.5995374475 0.5758382519 0.7566637505 0.5796051419 0.5741986499 0.7485116175 0 0.6684923998 0.5745872541 0.5727253927 0.6390662123 0 0.6561511419 0.6601499266 0.7324235702 0 0.6333603066 0.7823640275 0.6422212434 0.6303164688 0.6326178873 0.6266920882 0.6288518849
0.6822766158 0.5312341944 0.9143581886 0 0.9027218681 0.9016698924 0.906199794 0 0.6695496723 0.8429216348 0.8425152713 0.8402314094 0.8459306844 0.8455234048 0.6569839181 0.6623430893 0.5863044278 0 0.8105015003 0.5353621259 0.8197229989 0.8213786947 0.826480559 0 0.5887914692 0.5785445282 0.632628744 0.8763370424 0.8755473326 0.8747918393 0.6738109491 0.6783316299 0.5875253429 0.8998427671 0.5803635135 0.5733825164 0.5791164105 0.7336745695 0.7321942147 0.5930816045 0.8333425031 0.761643805 0.7657962721 0.7630210202 0.5281122124 0 0.8176495748 0.6725223826 0.5385026048 0.577552698 0.5861887464 0.5825077334 0.5822640275 0.5842151603 0.5052338505 0.7375036054 0.6888645827 0.6897442437 0.6910174262 0.6374831151 0.6420078135 0.6390228044 0.6439847166
0 0 0.9117522922 0.9074589002 0.9008545323 0.8994233942 0.9025851878 0.792510507 0.7798313898 0.5696701793 0.5475150185 0.5438706532 0.8524012664 0.6589489263 0.7230482886 0.5888765722 0.6747945685 0.8152249931 0.8098985033 0.8112174508 0.8186696582 0.8229869762 0.6119573707 0.8321005183 0.5709506497 0.718686437 0.7310898168 0.8772157312 0.8709989844 0 0.6706750533 0.6720001197 0.8999002936 0.5809766563 0.5785306039 0.5732872327 0 0.7252697222 0.7262378023 0.8134005739 0.672040209 0.7935720585 0.6790077351 0.7635578912 0 0 0.7911556091 0.7005312662 0.545484141 0 0.6535674162 0.585298586 0.5837163357 0.5894658524 0.7440897938 0.6990588621 0.6832853295 0.6847159229 0.8791998787 0.624795527 0.8010905975 0.7809130455 0.6477862835
0 0 0 0 0.9005750477 0.907631302 0.8999664401 0.5332658056 0.5350163477 0 0.6429296908 0.5408940059 0.8271021288 0.5753502706 0.8322418112 0 0 0.8165700675 0.8116583443 0.8100201892 0.8125471624 0.8190007277 0.6295573394 0.5756830326 0.8808574882 0.7290271491 0.5037356613 0 0.5956840485 0.8803721507 0.7543532352 0.6220977698 0.676624942 0.7597062461 0.5814582208 0.5777366508 0.5754718004 0.5803170816 0.7327865923 0.8930748165 0.772852929 0 0.6944024249 0.7158875901 0 0 0.7005775994 0.7575048501 0.7187470386 0.5248723645 0.6429767866 0.6467961069 0.5929136621 0.6279482893 0.5918729331 0.6864943632 0.6785477972 0.87069874 0.8355841747 0.6321518214 0.7710100957 0.7735896987 0.5278144139
0 0 0 0.9026420399 0.9104046231 0 0.5077278972 0.5104277517 0.5252036836 0.7401842401 0.5317963974 0.5740529984 0.8105204415 0.5788276479 0.5709931359 0.5788279565 0.8223121958 0 0.8256649135 0 0 0 0 0.745728476 0.5197487749 0.5240436664 0.7333104164 0 0 0.6222437361 0.6143498967 0.6202199953 0.6274968995 0.5778220802 0.7519763515 0.5767466406 0.5826773064 0.5854377564 0.5177641819 0.5214206161 0.5215054942 0.6895525317 0.5347480938 0 0 0.6508609105 0.6490837183 0 0 0.6433066981 0.6481053235 0.640931354 0.6451916927 0.5924930771 0.5975831106 0.6805187277 0.826733712 0.8259424115 0.8318761361 0.6317044808 0 0 0.5785588382
0 0 0 0 0 0.5138438449 0.5067942454 0.5155340821 0.5120045417 0.5313032811 0.5349800489 0.8257968316 0.8198674666 0.5721930778 0.5717104054 0.5739682827 0.5148667261 0 0 0 0 0 0.7409744187 0 0.8979067606 0.7898372881 0.6532086218 0.6352824947 0.6304880617 0 0.6208430453 0.623243493 0.6945853865 0.7611010426 0.745787578 0.7452299837 0.7513237919 0.5865192565 0.5173204792 0.5156345004 0.5107279206 0.5110771725 0 0 0.6447456811 0.6411119313 0.6458528125 0.816441164 0.8263804146 0.6396129654 0.6382552591 0.636730966 0 0 0.6402295503 0 0 0 0 0.6442219955 0.6365749483 0.6413375375 0.8295608667
0.8587041084 0.8559770877 0 0.5231896898 0.5151814333 0.5103330616 0.5149801112 0.509982847 0.5173042809 0.5285549927 0.5244694109 0.5293975796 0.5300111464 0.5362149219 0.5004134066 0.506036829 0.6157050262 0.7952940431 0.6118740773 0 0 0 0.7430869238 0.7441199831 0 0 0.9000481907 0.5841192417 0.8935104248 0.6786906289 0.8027602702 0.6681797283 0.7651605472 0.7383991978 0.7474482415 0.7489506969 0.7492660906 0.7588048636 0.5065636669 0.5145857737 0.5092475971 0.5136881897 0.761281763 0.7609383401 0.6490059645 0.6482826864 0.5789086912 0.8114813132 0.63373193 0.6398793904 0.6321089526 0.6343915657 0.6430255983 0.5409451832 0.7238915624 0.7187870395 0.7224126268 0 0.6377902826 0.6355747275 0.6363382504 0.6412498644 0.8321896769
0.6553611307 0.8519428922 0.8572954433 0.5193727373 0.5179707866 0.8350645574 0.8209787826 0.8157609151 0.8188511273 0.8120341361 0.5224912133 0.5316496973 0.5291351689 0.5312579691 0.5641048143 0.7463539898 0.615914272 0.6100678692 0.6127094029 0 0.6916009531 0.6369231422 0 0 0.5583135882 0.7247942474 0.8946221115 0.8931809251 0.8495157371 0.8446669334 0.8404179264 0.8895607422 0.6611260928 0.7584619995 0.7574952131 0.7532514762 0 0.8248712917 0.8211416105 0.5047791164 0.5069374914 0 0.7572529159 0.7637175366 0.6727052584 0.8226672676 0.8164894832 0 0.6339389791 0.6301609372 0.6385815106 0.5665917615 0.6358659239 0.6708048403 0.7184853604 0.7148826049 0.7171447392 0 0.6346506978 0.6337316214 0.6353725549 0.5867318681 0.7216414288
