landscape/hab_quality/256/simulation_000068_p047_h043_HABMAT_patch_more_500pix_modified.asc_ac_0.5_quality.asc
NCOLS 513
NROWS 513
XLLCORNER 0
YLLCORNER 0
CELLSIZE 9.980507
NODATA_VALUE NaN
[rows 124 to 154 of 513, columns 210 to 279 of 513]
0.8478726014 0.8438986392 0.5644099721 0.5698630036 0 0 0 0.6297628994 0.638915561 0.6343941587 0.8501976375 0.6351055228 0.810937151 0.6150143841 0 0 0 0.6355604628 0.7109294584 0 0.7381724396 0 0 0 0.8537144062 0 0 0 0.5031755431 0.722923678 0.5965762902 0.5920360279 0.8386538504 0.7819413983 0.791416726 0 0.676949441 0.6825775766 0.7135781825 0.7104274104 0.7012676611 0.701950782 0.7572094519 0.7544342484 0.7602457106 0.7691561252 0.7011936399 0.6937502819 0.7027379341 0.7389323256 0.738802179 0.7297809471 0.536629504 0.6196074069 0.6845333557 0.8883812309 0.8895184531 0.6066099877 0.7807567921 0.7731905104 0.7698721011 0.7733684722 0 0 0 0 0 0 0 0
0.8421556998 0.8368088664 0.5649400994 0 0 0 0.6359879757 0.6369951486 0.6365870439 0.6416480191 0.8194349728 0.8457996812 0.8463727631 0 0 0 0 0.5388002855 0.5637089914 0.8544335529 0.6334046518 0.7067261243 0.6326700293 0.6297778896 0 0 0 0.7956035059 0.5907476169 0 0.5887342516 0.5868723602 0.5947239147 0.785755791 0.8553252486 0 0.6568813348 0.5224394087 0.725320333 0.702853087 0.7084413635 0.7029620188 0.7622487619 0.7606391783 0.7560967282 0.7667792084 0.7111771257 0.6308328602 0.6974639651 0.7627077971 0.7424984395 0.7481685671 0.5398432694 0.5412281659 0.8967858527 0.8879210705 0.6058987273 0.5212351557 0.6708912145 0 0 0 0 0 0 0 0 0 0 0
0.8353789284 0.8355828405 0.5708042383 0 0 0 0.583279719 0.7525354996 0 0 0 0.5162946609 0 0 0 0 0.5971802114 0 0 0.8640278345 0.6251093904 0.6249207654 0.627785112 0.6042103556 0.7012758292 0.6654217122 0.6623086288 0.7919001037 0 0.5850470626 0.5843756346 0 0 0.865370562 0.8687207827 0 0.5148328018 0.5601119215 0.8352869981 0.7128989613 0.7123130069 0.7099577666 0.7621895242 0.7566714977 0.7571919835 0.7592515948 0.7121322776 0.8233326022 0.6343654478 0.7529290256 0.7561643016 0.7537987255 0.7512196928 0.7236863473 0.8957089941 0.8886844072 0.6032637296 0.6158192412 0.5255607848 0.6723796551 0 0 0 0 0 0 0 0 0 0
0.841743285 0.8433700319 0.5672526743 0.5739338408 0 0 0.6932722801 0.6943176316 0 0 0.8947933595 0.8989761186 0 0 0 0 0 0 0 0 0.5137401551 0.6282577031 0.8555165339 0.6298092095 0.7221853636 0.6713854996 0.8818968133 0.6752417925 0.8021798221 0.5856196882 0.5924390363 0.5897025766 0.5919091005 0.8610375977 0.8624024913 0.86225468 0.8595969825 0.7042395465 0.7261714465 0.7300633227 0.7521284241 0.6632178262 0.662398228 0.7285601097 0.8498067359 0.6306293992 0.5144359711 0.7297848403 0.8237357301 0.5921370465 0.7477714602 0.6880040517 0.7368155684 0.7468742018 0 0.6498131653 0.5009906641 0.6580432735 0 0 0 0 0 0 0 0 0 0 0 0.8292470768
0.84602909 0.8435230678 0 0.5729109129 0 0 0 0.6850709291 0 0 0.8904266177 0.8917922568 0 0.6222149191 0 0 0.6352214406 0.6353866577 0.6469143174 0.5200430384 0.5624233543 0.5517096078 0.8077063106 0.7423242728 0.6798994171 0.7594587472 0.5014573871 0.7967762401 0.5731291661 0.5979299277 0 0.5943679065 0.5931674096 0.8548082397 0.8532243005 0.8570832167 0.8578265993 0.7293695848 0.724613822 0.7228567431 0.7257285494 0.6536595743 0.6547779215 0.6474515049 0.7710134425 0.7682831948 0.7282353125 0.8155670994 0.8533557572 0.6274091024 0.6873088796 0.6878571313 0.8732297909 0.7368457682 0 0 0.5244896494 0.5339717264 0.8638586128 0 0 0 0 0 0 0 0 0 0 0
0.6499032598 0 0.8437227964 0.5968321324 0.5457238217 0 0.6917643416 0 0 0 0 0.8876966976 0 0 0.6551455791 0 0 0 0 0 0.7284022476 0.5888410462 0.7388987527 0.819659275 0.8428496997 0.5444666099 0.7556162413 0.7519025492 0.745459125 0.8011634304 0 0.8550787569 0.8501450328 0 0.7048534325 0.8622260485 0 0 0.7303579942 0.7277565389 0.7280297421 0.6548791686 0.6462819709 0.6521496633 0.7081089549 0.77292232 0.7778045673 0.5857066621 0.811442014 0.8425821064 0.5911297318 0.6798327618 0.6800116258 0.7315475231 0.7282457802 0.5424674063 0.8947348094 0 0 0 0 0 0 0 0 0 0 0 0 0.8577922447
0.7687813991 0.601664231 0.5886201258 0.8484512866 0.8579242049 0.7639963157 0.7511967297 0.7757263582 0 0 0.8876177972 0.8964374583 0.749217458 0 0.7519323255 0 0 0 0 0.7255225334 0.731700923 0.7943468886 0.8967045541 0.8981503471 0.5409570244 0.7958240899 0.8229585675 0.7459545677 0.7426402835 0.7520724768 0.6334164003 0.8574731086 0.7112314865 0.7036299663 0.7084690405 0.7002715652 0.5176069629 0.5099376512 0.5129104071 0.7355553682 0.7290666375 0.6496331426 0.8748967567 0.8725574536 0.8709147379 0.6860788834 0.8395293999 0.527467568 0.6843205695 0.6760768036 0.7188237531 0.6796816453 0.6859920741 0.5112544157 0.7258167011 0.6029640258 0.6896525371 0 0.688564237 0 0 0 0 0 0 0 0.6990195129 0.7945216163 0.6177243829 0.8578294373
0.5449434782 0.5443232198 0.5929100583 0 0.8543554268 0.7562354331 0.755263809 0 0.5955364186 0 0.888249016 0.8910508339 0.5040154536 0 0 0.6432815315 0 0 0.7329268203 0.733906044 0.7269613765 0.6328331576 0.6360578426 0.9042803463 0.845358193 0.7958360234 0.7498934962 0.7482425813 0.8848370353 0.7483263667 0.6842355468 0.5397143174 0.7088771342 0.7037527912 0.6995905825 0.7031609082 0.5186337508 0.5092916674 0.5119152929 0.779128717 0.5721976646 0.874845065 0.8746664946 0.8687529023 0.8723521188 0.5874702768 0.7039122927 0.7060647112 0.7015591486 0.6780594422 0.6720424573 0 0 0.7351939048 0.7348904599 0.7258439996 0.5088199494 0.6887858235 0.6894665453 0.6966524256 0 0 0 0.7499669247 0.7588244242 0.694596414 0.6563858967 0.6812390818 0.7861199661 0.7882514131
0.5364410968 0.6324755272 0 0 0.5749228197 0 0.6529935317 0.6489455452 0.5861280905 0.8896790089 0.6232124463 0.6390358277 0 0.9025145694 0 0 0.6419847442 0.8916777277 0 0.887911623 0.8229085105 0.6291944104 0.762881227 0.773300469 0.8711480507 0.6865867956 0 0.7519403557 0.5702579952 0.8233627139 0.6888313108 0.7511100189 0.53566882 0.6998472124 0.7000968553 0.7042134738 0 0.5170477298 0 0.7707257595 0.7741255579 0.7762301809 0.8707379278 0.8709127463 0 0.7048910535 0.6983441379 0.6993754177 0.7682367658 0.6782686853 0.6726782936 0 0.8562166799 0.5660791523 0.6572596807 0.7255720318 0.5654729841 0.8036534989 0.5952978228 0.5880962363 0.5943806638 0.6509211848 0 0 0 0.8473501426 0.7558539352 0.8677553608 0.8898914852 0.8557570182
0.5367400884 0.5404689897 0.6410612421 0 0 0 0.6472315255 0 0 0.8050988077 0.8069155677 0.7870983501 0.6310872106 0 0.8996120208 0 0.63375441 0.8889192913 0.8850887705 0.8166967148 0.8077066543 0.820152361 0.6209134876 0.8676421844 0.6561752836 0.6499248462 0.6778093817 0.6884491407 0.7035899354 0.6304768363 0.8125008507 0.5373281953 0.5454936152 0.5438246151 0.8116510034 0.8040383391 0.6162518721 0.6140397103 0.7564582301 0.6861507502 0.7675718499 0.7744120086 0.804224861 0.8716537616 0.8781963665 0.7009407839 0.8830806217 0.7025697751 0.7033748877 0.676350238 0.682330894 0 0 0.6487093695 0.6497735411 0.6512431587 0.7175847151 0.6509201201 0.6551179612 0.5911952511 0.629226739 0 0.6412906166 0 0.8439263196 0.6114261214 0.8716090244 0.8638864935 0.7312774071 0.6943533533
0.8505895064 0.6452061272 0.639554268 0.6387914272 0 0 0 0 0 0.8031987728 0.8086422316 0.5324375846 0 0.904641901 0.9083496765 0.9080692644 0.9107660446 0 0.5811554733 0.5830721378 0.8139205036 0.8204412977 0.6773746192 0.6503237242 0.6495313052 0.6856650482 0.6825266008 0.6780108089 0.6268140744 0.6206230213 0.5403256373 0.5410962205 0.7406287369 0.8473399744 0.808709214 0.6147295783 0.6116955444 0.6204201503 0.8640096465 0.7682531629 0.5935457469 0.7712060809 0.7535198083 0.7561318058 0.7039571074 0.7056613285 0 0 0.8107201436 0.6923015214 0.6880301151 0.8285480721 0.5280854952 0.5290990911 0.6523798666 0.6530841608 0.6455596541 0.6478460606 0.6556672276 0.6612552908 0.6437381334 0.6344700253 0 0 0.6892242215 0.840909047 0.6701204572 0.7190896814 0.6263223373 0.6434598646
0.6002212242 0.6372653945 0.6365032369 0.6358389951 0 0 0.7208937999 0.7205321176 0 0 0.5708678474 0.7043669461 0 0.6837637857 0.7984338613 0.9116465462 0.9158345185 0.8596536879 0.5755570124 0.5749193417 0.5808042268 0.5824792774 0.568805137 0.5674279874 0.5832138051 0.5762550413 0.716112456 0.6886421824 0.6276713554 0.5497409042 0.5436766619 0.7795084881 0.8440902529 0.867596848 0.5577541357 0.6183787432 0.6141649299 0.6161045821 0.7776525212 0.6244431117 0.5214755729 0.7555348237 0.699788212 0.7494684824 0.5844063585 0 0 0 0.6984792663 0.6418226458 0.6994942178 0.7075904611 0.5288588914 0.5373124291 0.6608270068 0.6521816647 0.644629791 0.6486429187 0.8056220632 0.6226768 0 0 0 0 0 0.8491365512 0 0.5189893294 0.8091570761 0.5672458861
0.6371108268 0.695991537 0.6289507544 0.6304405381 0 0.7209942175 0 0.7247888343 0.7157209627 0 0.5262114868 0.5907229307 0 0.6813359878 0.6761714945 0 0.5451048422 0.5419787263 0.5830205237 0.5802213687 0.5726584576 0.5723620703 0.5666067883 0.5615364267 0.5744445453 0.608050973 0.7114799829 0.5819379028 0.5774113583 0.5777734798 0.6319468174 0.700273544 0.7079332358 0.7020293248 0.5552310731 0.5544797261 0.5580423905 0.7188204761 0 0.7399866486 0.8479700123 0 0.7460028645 0.752896516 0.7886702264 0.8819631067 0 0 0 0.546680816 0.5367493912 0 0 0 0.6537209121 0.6512266434 0.6471025622 0.7984323754 0.8066396824 0.5127414708 0 0 0 0 0 0 0.5453082503 0.7013328399 0.782850192 0
0.5298349885 0.6362613951 0.6376004063 0 0 0 0 0 0.7227484391 0.7254489393 0 0 0.5889428444 0.673690078 0.675314959 0 0 0.7202689093 0.7171921997 0.5769405569 0.5714819926 0.5633139843 0.5576327536 0.5642242895 0.5651787566 0.5736784834 0.5770606247 0.5769159982 0 0.5741503832 0.6936798665 0.6961955288 0.6996803737 0.6249093624 0.6246953117 0.5608955089 0.5639241444 0.7878167651 0 0.7902952011 0.7359527692 0.7397481783 0.7477377544 0.7506864407 0.7552583774 0.8779738548 0 0 0 0 0 0.8692764072 0.8601891309 0.6191858995 0.6585565276 0.6477309929 0.80641363 0.7998407465 0.8054504166 0.6080835562 0 0 0 0 0 0.598351438 0.5391780447 0.7740974695 0.5743753811 0
0.5198556439 0.522367662 0 0 0 0 0.5398270136 0 0 0.5057577906 0 0.8622848647 0.8684776954 0.873658208 0.7133661776 0 0.7097416412 0.7141323911 0.7136547466 0.5797933723 0.566991133 0.5622304438 0.5554438838 0.5649093825 0.5652965417 0.5679898343 0.7718987781 0.5820516866 0.5750625834 0.6938827289 0.6877317617 0.6908887737 0.6953846842 0.6207589299 0.8044580318 0.6154299779 0.5702015778 0.7842358476 0.7829856862 0.7313353181 0.7412581691 0.7385950535 0.6470296061 0.7525159079 0.7564670477 0.6526767209 0.6470614332 0.6440061625 0 0 0.6438767936 0.6421797666 0.5654125627 0.5589576478 0.8717643247 0 0.646863627 0.6096975913 0.724028036 0.732733022 0.6349950163 0.7927655465 0.6656850918 0 0 0.7594116083 0.7659314242 0.7741742661 0 0
0 0.5897041578 0.6429402991 0.6523777884 0.6121530827 0 0 0.6642126249 0 0.5923777923 0.8698692377 0 0.8686190495 0.8727004515 0 0.7065355208 0.7087518708 0.7171060648 0.7186672367 0.5745423321 0.571145921 0.5630109712 0.5573272225 0.5651579675 0 0.704298735 0.6962446688 0 0.5816735387 0.6908086217 0.6851983746 0 0.6932901197 0.6276845667 0.6258798499 0.6250783338 0.6950428463 0 0.7785896838 0.7876766054 0 0 0.619601882 0.6179290711 0.6231082918 0 0.6368331835 0.6427978691 0.6398490742 0.6412999919 0.6407466976 0.6330679022 0.6488056973 0.5985571479 0.6054635347 0.7391341398 0.5568328579 0.8218584279 0.7275164943 0.7245656121 0 0.6578792638 0.6569163435 0.7870246845 0 0.7660640719 0.7149813073 0 0.749256393 0
0.6391007168 0.6368349921 0.6401867308 0 0 0 0 0 0 0.5851536243 0.5894769863 0 0.7992962114 0.7992409562 0.7154592323 0.7081485821 0.7129360674 0.71323828 0.7090516063 0.5761886516 0.5692586153 0.5574896729 0 0 0 0.704493285 0.6998499039 0.6950096599 0.6900157092 0.6876689987 0.6844970967 0.6874434311 0.719127133 0 0.7934647829 0.560502786 0.5034556521 0.786036153 0.7859766978 0 0.8155083772 0 0 0 0.7971431491 0 0 0 0.6362829931 0.6359696268 0.631811031 0.6404419419 0.6420743802 0.6440973649 0.5168136744 0.7291179229 0.6519077176 0.8047668846 0.8591727712 0 0.6503478934 0.647154895 0.8738450324 0.8205551645 0.763736761 0 0 0 0 0
0 0.6309020928 0 0.8714587804 0.8719302715 0 0 0.8630963429 0.867909406 0.5868720444 0.7182021111 0.5593468333 0 0.7226875762 0 0 0.8490731601 0.7169589553 0.6749661294 0.5914315339 0.559442249 0 0 0 0.7384160746 0.7041453032 0.698532971 0.6932372879 0.688975069 0.6811027735 0.6895784671 0.6905336032 0 0.7095733318 0 0.6879138136 0.8878283691 0.7904424471 0 0.8167861112 0.8173531568 0.808958592 0.8140075677 0.7889259811 0 0.6563120677 0.6537824153 0.6508255512 0.6426813005 0.6344917599 0.6410106434 0.6375060996 0.6445545482 0.6988169988 0 0.68847093 0.8391752028 0.7648003408 0 0 0.6523381002 0.7540793681 0.7116189624 0.7539565079 0.7540129376 0 0 0.6874867283 0.6925271964 0
0 0 0.6375761227 0.8702725896 0.8684373647 0.8609652275 0.8629427086 0.8701757396 0.8725409933 0.5593954455 0.5495404357 0.5294305825 0 0 0 0 0 0.668832611 0.6712931146 0.5992507766 0 0 0 0.718346082 0.7276981498 0 0.69894937 0.6947121726 0.6830906102 0.6847232892 0.6818272875 0.6948627813 0.5436924626 0 0 0.7470647104 0.74084285 0.7397218183 0 0 0.8113158417 0.8093333061 0.8178374103 0.783563628 0 0 0.6520944417 0.6489076218 0.6351491992 0.6950444847 0.6876865766 0.6909336516 0.6969020233 0 0.86515814 0.7787678064 0.5853858855 0.8935628757 0.8933172862 0.7363919995 0.8351444104 0.6519480919 0.7490245726 0.6814641925 0.757889753 0.7481351853 0.7510179122 0.8174968477 0 0
0.7614893145 0.7618348422 0.5510444974 0.8735143321 0.866197048 0.8607387076 0.862169297 0.868895363 0 0 0 0.7367994676 0.7505443261 0 0 0 0 0.6651175202 0.663300781 0.8264193817 0.6728241063 0 0 0 0.7710876965 0.6988125217 0.6912933773 0.6904826465 0.6937325277 0.6924325944 0.6885490472 0.6938253326 0.7002800215 0.5533328067 0 0.7473240696 0.7387790024 0.7399316491 0.7416355352 0.8140446689 0.8128487027 0.8148610849 0.8032069878 0.791489217 0.7904348202 0.656004491 0.6533870078 0.7035061371 0.6964428037 0.6962242101 0.6917639053 0.6904082131 0.6934747667 0.696346817 0.8650430583 0 0 0.8898887862 0.8965931586 0.8989160946 0 0.6842012288 0.6789541066 0.7940755707 0.7505202831 0.751584804 0.7520802672 0.5705627091 0 0
0.7660436212 0.7684980287 0 0.5473512793 0.708824196 0.870681258 0.8635841598 0.8729881709 0.8779246241 0.6913579238 0.7278233605 0 0 0 0 0 0 0 0.6655526986 0.6639517247 0.5503907922 0 0 0 0 0 0.6940905047 0.6964018834 0.7017212457 0.6901799494 0.6914686925 0.6917922314 0.6970448129 0.7025045359 0 0 0.7477470703 0.7428567443 0.7432189474 0.81481181 0.8214387412 0.8144140605 0.6301919879 0.6246799855 0.6870175757 0.6203167074 0.6142436576 0.698021168 0.7022764874 0.7015282263 0.6961085763 0.6936435797 0 0.6995646868 0.5762233769 0.5720322829 0 0 0.6402035144 0.8992522963 0.8070841522 0.6794082787 0.6879556375 0.6818866834 0.7574694516 0.7539238802 0.6573890374 0 0 0
0 0 0 0 0.8667533405 0.8648140241 0 0.8732890232 0.8765484035 0.7368916999 0 0.7759637949 0.8528860798 0 0 0 0 0 0.6685574259 0 0.718824705 0 0 0 0 0 0 0 0.6967379545 0 0.693070887 0.6924487019 0.6956861719 0.7118952581 0 0 0 0.5961330628 0.592907595 0.5981989433 0.5842290568 0.8461252504 0.5871669924 0.6335471908 0.8870167255 0.6140050031 0.6137889963 0.5474042465 0.5418864104 0.5478858185 0.5453955361 0.5457648962 0.6985981274 0.6131665959 0.5834315393 0.5843814268 0.7262369764 0.7270472651 0.5587469708 0.726713944 0.5435153498 0.6946960004 0.6975917946 0.6964775162 0.6883898149 0.7568467254 0.663230474 0 0.599631045 0
0.5314716868 0 0 0 0 0 0 0.8816285041 0.8813082988 0.6468156985 0 0 0.7736290771 0 0 0 0.6597069998 0.6600408015 0 0.5426003196 0.707906627 0.7820508569 0 0 0 0 0 0 0.8556757245 0.5592253773 0.6962548585 0.6937193122 0.6963433252 0 0.871369598 0 0 0.5893181073 0.5926213096 0.5989704844 0 0.5831858909 0.5855844092 0.7947653581 0.6385946136 0.6211779012 0.623527647 0.5442866189 0.5516259554 0.5416346234 0 0 0 0 0.8132426921 0.8187134996 0.7298893462 0.7244451724 0.7171105624 0.552734957 0.8565978302 0.8563382302 0.8566640123 0.6524258591 0.7658776992 0.7655850923 0.7656702331 0 0 0
0 0 0 0 0 0 0 0 0.7641222694 0 0 0.7725746578 0.790386694 0 0 0 0.6562297195 0.6555413574 0.6540879438 0.6856084562 0.5407650833 0 0 0 0 0 0 0 0 0 0.6296103295 0.8392504081 0.6227484373 0.6244881885 0 0.8645402264 0.5991131261 0.5961439188 0.5988751428 0.6044971758 0 0 0 0.5904618974 0.7797988793 0.7853703282 0 0 0.5495087187 0 0.5514630957 0 0 0 0.8141916139 0.7067788284 0.729973072 0.8097850803 0.7246196378 0.7210194849 0.84952733 0.8490907123 0.8456784454 0.8623215053 0.770325224 0.7689412351 0 0.8269424595 0.8212496501 0
0 0 0 0 0 0 0 0 0.7493220577 0.6381524915 0.7650908594 0.7712867542 0 0 0.8099711979 0.8003445942 0.6522520551 0.6510405525 0.6570847216 0.5477031902 0 0.6903247586 0 0 0 0 0 0 0 0 0.8322871757 0.828378099 0 0 0 0 0.8534407253 0.6084373106 0.6071392894 0.6003189684 0.605189049 0 0 0.7813923994 0.7823793514 0.7785304188 0.5741683626 0.588680159 0 0.5574847324 0 0 0 0 0 0.6579556702 0 0 0.5323119674 0 0.8338798369 0.840636456 0.8334332561 0.8431763041 0.5307648165 0.5554587044 0.8427538125 0.8229920357 0.8204721419 0.8125159971
0.7544807681 0 0.6976952332 0.6486650716 0.667171827 0 0.6486446818 0.7624548182 0.6378251593 0.6447004301 0.7625436474 0.761655831 0 0 0 0 0.6558086827 0.6580330314 0.6561472505 0.8970215608 0.6996411519 0.6909824626 0.5685578195 0 0 0 0 0 0 0 0.8369972475 0.7533204631 0.5001384012 0.7594973283 0.7572625026 0.8583408651 0.8492117466 0.8471704746 0.8550641952 0 0.8731072297 0.8774467531 0.7803275409 0.7787912787 0.7776033776 0 0 0 0 0 0 0 0 0 0 0.8941446992 0.5772479856 0 0.8565959913 0.8416725447 0.8362399959 0.8327780972 0.8385784866 0.5773342694 0.63128764 0.5523412092 0 0.8258770499 0.8169375231 0.8188474354
0 0 0.7804041947 0.7773335671 0.6713754904 0 0.906105388 0.6446129434 0.6370082054 0.6348697738 0.7598955799 0 0 0 0 0.6967863831 0 0.7061064266 0 0.8929458661 0.6265173398 0.8754670088 0.8740810742 0.8682357973 0.8644268042 0.8615940123 0 0 0 0 0 0 0.6837117904 0.5292889657 0.605938871 0.5999467494 0.8541321639 0.8484556695 0 0 0.8813711929 0 0.7810503792 0.7871927051 0 0.7872790775 0.6746141393 0.6722112497 0.6761413585 0 0 0 0 0 0.5729231904 0.7301665118 0.7661124895 0.7405871192 0 0.8468316991 0.8393057264 0.8400447511 0.8363721146 0.8437385673 0.5415500292 0.5590095016 0.5600561742 0.8250544118 0.8227871553 0.8246339386
0 0 0.7773895363 0 0 0.6787910714 0.8995642819 0.6462455028 0.6274842962 0.6318577408 0.6300120871 0.7045293492 0.7114819201 0.7205990647 0.719148147 0.7273913387 0.52076054 0.7263744532 0.895438668 0.8846416855 0.8845166831 0.8813916067 0.8759929473 0.866370242 0.8606279357 0.8701500533 0.8680196275 0.5541228772 0 0.7218553081 0 0.6339339276 0.5666063995 0.6858423743 0.8842764697 0.8811896505 0 0.8639352065 0 0 0.7107015068 0.7095470104 0.7126608026 0 0.7949335113 0.7951813819 0.6767230193 0.6799270814 0.675210416 0.6843644854 0.8590570229 0 0 0 0 0 0 0 0.8490914036 0 0 0.8456252038 0 0 0 0.5662967919 0 0.8326881428 0.826420368 0.8275763329
0 0 0 0 0.6769632162 0 0.7446898701 0.891310301 0.6261597019 0.6245800275 0.6296130266 0.7055153787 0.7130919099 0.7147092683 0.7155660635 0.8749538514 0 0.6921707326 0.8434897103 0.5143529862 0.7151065318 0.876812849 0.8720602303 0.8610171809 0 0.8617111118 0.8686431329 0.8734836413 0 0.5160694558 0 0.5666941591 0 0 0 0.8811403528 0.8796425095 0.8832616404 0 0.7148333154 0.5008283394 0.707438526 0.7077018117 0.7981633881 0.6199106757 0.7961145203 0.7963366052 0.684194245 0.6767982603 0 0.6912248081 0.8651594604 0 0 0 0 0 0.6836115212 0.7092142037 0 0 0.5132853815 0 0 0 0.8888494892 0 0.837125308 0.7947083421 0.8072159728
0.581523587 0.620593298 0 0 0.6756263306 0.6774239131 0.742961516 0.6306204161 0.6284220674 0.6259961636 0.6256570111 0.6302064656 0.8249390055 0.7187951438 0.6315477251 0 0 0.8300004699 0.6934608145 0.5350125077 0.8782516019 0.8740797496 0.8746787493 0.8789481067 0.8857175872 0.854387956 0.8906043723 0.8876833006 0.8951380769 0.5906972902 0.6206411725 0.5837871593 0.5704695102 0 0 0.8677037522 0.8754822316 0.8735433433 0.8832142527 0.6395975189 0.7133594547 0.7157621642 0.7090522015 0.5116126264 0 0 0.7470621276 0.8600670341 0 0.7065699069 0 0 0 0.5607627122 0 0 0 0.7495163215 0.7613873305 0 0 0.5135538015 0.5167568321 0 0 0 0 0.6282230977 0 0.7473978964
0.570172152 0 0.6158408965 0.6821087558 0 0 0.7450936396 0.6296068791 0 0 0.6337482541 0.633542068 0.896830946 0.6705491232 0.7295024676 0.5418000174 0.5418743175 0.5386853697 0.6411823988 0.5710831505 0.6390034169 0.6377359079 0.6346569717 0.7871056561 0.8874957896 0.7201090502 0.5271667628 0.8963370637 0.8891029927 0.8021510403 0.6146415411 0.706570339 0.7751664092 0.5403734843 0.8368759584 0.8728721406 0.8668223848 0.6285511456 0.6334743485 0.6299126622 0.6380952268 0 0 0.5491933971 0 0 0.7031032914 0.74445928 0.7056323458 0.7092677466 0.7060292769 0.7023699266 0 0.5818586058 0 0 0 0.7007587552 0.7611216277 0 0 0.5261633346 0.8606800858 0 0 0 0 0 0.6217170167 0
