landscape/hab_quality/256/simulation_000031_p066_h045_HABMAT_patch_more_500pix_modified.asc_ac_0.5_quality.asc
NCOLS 513
NROWS 513
XLLCORNER 0
YLLCORNER 0
CELLSIZE 9.980507
NODATA_VALUE NaN
[rows 189 to 215 of 513, columns 300 to 359 of 513]
0.7091271084 0.705713385 0.5994911303 0.6033465304 0.601468893 0.6408067403 0.7077278801 0.8837710843 0.8860281944 0.7731655968 0.8638033971 0.8712585023 0.5518575046 0.5442736797 0.5498850868 0.6025619608 0.6041579108 0.7850245982 0.5177113466 0.5201707344 0.5229459985 0.7028002538 0.6541754545 0.6533085538 0.6541902949 0.6627758625 0.6468600569 0.8891467077 0.5075169727 0.8325951411 0.584647901 0.8355638975 0.8263111286 0.7343059686 0.555382557 0.7798409615 0.7816599076 0.775793542 0.8088341266 0.8030533753 0.86669121 0.6625506767 0.5470971354 0.8021660897 0.7535228013 0.6094596334 0.6195545039 0.8205043104 0.8062498824 0.8060913961 0.8999333101 0.8948803142 0.8964590632 0.5838704186 0.8865790956 0.8352811412 0.72735206 0.7418395026 0.7458637998 0.7476612781
0.7129464679 0.6065289834 0.603796962 0.5968782394 0.6037599964 0.6100747309 0.6547305437 0.5108802222 0.7139804008 0.8250573736 0.8659348504 0.8704106169 0.8417771931 0.6578526776 0.5558417843 0.6070287168 0.7849854528 0.7824095085 0.5199932173 0.5151190945 0.5161611157 0.6600427506 0.6576565734 0.6506185347 0.6546158616 0.6592606915 0.5394070766 0.7333979778 0.7282769423 0.7296302615 0.8441179609 0.5838359686 0.7614996294 0.525716679 0.705768008 0.7849459649 0.7866297213 0.7844938844 0.6356859417 0.6296425248 0.8032645902 0.7921833942 0.6469449449 0.6501659066 0.8371952311 0.5820896212 0.5755616297 0.8146910227 0.8105154897 0.8068277206 0.8999152646 0.9022692635 0.9009660084 0.8299644573 0.829380853 0.8239145952 0.826287777 0.8236100839 0.8398345919 0.8091654922
0.7560716024 0.606959278 0.6036007875 0.599485385 0.6021481274 0.5004016322 0.5430519944 0.5449951656 0.7204743333 0.7912181125 0.7109349937 0.7156537875 0.5710621286 0.5739833643 0.764175457 0.5799870435 0.7877461069 0.7875789039 0.5211732641 0.5175293797 0.5180546684 0.6644360512 0.6555743032 0.6510365522 0.6540172021 0.660169187 0.642248063 0.7226526661 0.7248508077 0.7959232786 0.7761454466 0.5718316748 0.5261831744 0.7231158489 0.7211223453 0.8110248724 0.7915416515 0.8941156421 0.6186514732 0.7694389458 0.6757395086 0.6476826848 0.7846476039 0.768707633 0.5003039276 0.5749429517 0.5786412792 0.8159605347 0.7660313452 0.5903948672 0.5898444341 0.5871259984 0.8386311013 0.8375940489 0.8272847699 0.8227061628 0.8252830739 0.7407761988 0.5018734565 0.7237401787
0.852481889 0.5316133676 0.7518031209 0.604384534 0.6042760502 0.6700012131 0.7435957852 0.5326855333 0.6164375641 0.7116357875 0.7101014923 0.7107283962 0.5817719735 0.5811961134 0.5722303984 0.5729708553 0.7929121288 0.7716937571 0.7927703029 0.5213417837 0.6710627047 0.6568483098 0.6649489302 0.6558336339 0.6582147688 0.6563822136 0.7228046152 0.7199099908 0.7154854807 0.7192408627 0.7739802817 0.5336711794 0.693928584 0.7305552295 0.5013291189 0.8653265328 0.8609282081 0.6580177216 0.8894570195 0.6161028727 0.5388377893 0.8124659896 0.5886670213 0.5782431592 0.5705713796 0.5755229438 0.5800973732 0.5817529725 0.5083316698 0.5765032259 0.5822332065 0.5770919163 0.5217828523 0.8304041712 0.8247627286 0.8285514592 0.8252993698 0.8764246782 0.7471888686 0.5292835642
0.5227103841 0.5272892675 0.5204866297 0.5256606024 0.5507904509 0.5290075777 0 0.5290130288 0.6245160427 0.7194920883 0.6285267758 0.7195557968 0.5895198425 0.5759488502 0.5809653254 0.57946677 0.7757957196 0.7768878994 0.7785417128 0.530684641 0.669508567 0.6687141757 0.5801481719 0.6804138623 0.685154817 0.8915770422 0.7736234203 0.7150661927 0.7182130806 0.7167932391 0.5976451275 0.7102314329 0.586939365 0.5556943426 0.8583793069 0.856460301 0.8491980422 0.7407802778 0.6565626081 0.6491323246 0.7903844399 0.8055132582 0.6342822959 0.8323874163 0.577054731 0.5777850798 0.5844154115 0.5082636619 0.5861009054 0.5001610743 0.5731045412 0.5742225148 0.5255130129 0.8283225083 0.8384252439 0.8297512073 0.8780423188 0.8837299771 0.8794998292 0.5235905696
0.828724644 0.5180613424 0.5197932331 0.5239074317 0.5306478615 0.533630559 0.5374018645 0.8160754574 0.5355582051 0.806593931 0.7753798551 0.6810026445 0.7494001456 0.5928930409 0.7438824696 0.5839612722 0.5256832974 0.525333916 0.5371655332 0.7454891926 0.5301181758 0.5290283548 0.6714859666 0 0.6856158524 0.6256906307 0.7211263446 0.7245365207 0.7237862345 0.6001677364 0.7065103175 0.5508247077 0.5487853778 0.5521419737 0.8569941615 0.8484888359 0.8492734272 0.6546657691 0.6472333417 0.7883272106 0.6128306732 0.8029818398 0.8044998119 0.6955973842 0.6877349235 0.6945344175 0.5864748015 0.5407871723 0.5852781723 0.5828921393 0.6932894102 0.5786379083 0.7865183173 0.8883527649 0.72910788 0.5820907846 0.5826961422 0.5828394943 0.8318701739 0.7429843326
0.5258186101 0.5240130322 0.5178944646 0.5251582717 0.7928707863 0.535611744 0.6498807409 0.8318202912 0.5423560774 0.7493415516 0.7166665438 0.7788900668 0.8538763344 0.8658956925 0.6016490838 0.6553903738 0.7505723776 0.5276394845 0.5297132818 0.531190375 0.5281019842 0.5304338152 0.5322297656 0.621306915 0.616250364 0.7996001007 0.7287101217 0.7334462698 0.8773913564 0.8818586397 0.5472050873 0.5439776979 0.5450139023 0.5337374613 0.8517315569 0.8489271353 0.8537583856 0.6537512668 0.6497643172 0.64772997 0.791815056 0.7960610701 0.7520495899 0.8569996471 0.6891515006 0.6966166486 0.5804520099 0.5904182874 0.8467969662 0.5928248746 0.5888968523 0.7673493323 0.5538743502 0.555657516 0.7039985772 0.5769062613 0.5740571861 0.5833170373 0.5894736042 0.706381667
0.5269992082 0.5257146683 0.5179745718 0.5263728357 0.530688489 0 0.6474476922 0.6483665839 0.5179107903 0.7092181099 0.7042170062 0.7117792264 0.7244800332 0.5412042155 0.5465001042 0.5447505337 0.6066748811 0.5302188613 0.52195349 0.5276921184 0.5339988232 0.7843067019 0.6228614787 0.6133264622 0.5162989415 0.5148378284 0.6631146153 0.8924150064 0.8926935574 0.5636572693 0.8672739632 0.5521174232 0.8737060469 0.8596242212 0.8579352964 0.8496552741 0.8499007868 0.8093735837 0.8103134059 0.5971865786 0.7888588209 0.7874100032 0.8026915596 0.8625694398 0.7816164324 0.6031130835 0.500332902 0.8743568659 0.7027136704 0.5938220547 0.5532026709 0.5423409068 0.5457294491 0.5465754214 0.576111592 0.575979948 0.7259886404 0.583260199 0.5866156066 0.709032363
0.5285620343 0.5290481074 0.5306094127 0.5353158415 0.8708044536 0.5396881036 0.6532834223 0.7171662163 0.7195954159 0.7104792049 0.7040671089 0.7092440606 0.5519723149 0.5513916038 0.537372454 0.5404325171 0.6668943004 0.5246261696 0.5249114452 0.5283491435 0.5235408775 0.6212155121 0.6188341038 0.6053422899 0.5174841233 0.5134966583 0.8894414051 0.8193366956 0.6143193611 0.7500790254 0.7632395021 0.5481945499 0.8290442818 0.853976637 0.5117157811 0.8660332485 0.7988292674 0.7920115967 0.801199459 0.8003518043 0.7911118323 0.7862945466 0.7907661884 0.7711743239 0.5991261702 0.7286952046 0.7586485984 0.8623176821 0.8711350105 0.8611736359 0.5491162295 0.548992251 0.5395006083 0.5473490937 0.7444281529 0.5848171997 0.8242709596 0.591850548 0.5682267826 0.7107003183
0.5392863085 0.5327838913 0.5336701484 0.5318610285 0.5332390037 0.5411165609 0.7546676191 0.7257715714 0.7165381864 0.7887457995 0.7100482857 0.7061123862 0.54818325 0.7974341746 0.54307195 0.5369149862 0.5296554479 0.527769709 0.5279693804 0.5277243111 0.6336900459 0.6975069266 0.6948403293 0.504589529 0.7941341053 0.522147205 0.5222682167 0.733722925 0.5763066468 0.8178971407 0.6202621707 0.8550021688 0.8466313621 0.793901487 0.8392287837 0.8389517457 0.6322622675 0.649704249 0.8097483428 0.7918530252 0.786747762 0.7840519738 0.7905900608 0.7879764993 0.858894263 0.8597400354 0.5367122322 0.864314592 0.8559374396 0.7718376364 0.6389338484 0.8747311441 0.5457911963 0.743599391 0.7514341507 0.7488206201 0.603774575 0.7624530037 0.7171855558 0.7115426605
0.7777271541 0.5332233126 0.5337231813 0.5407064793 0.8562303028 0.5409624587 0.7809810462 0.8880681787 0.7223505557 0.7127686083 0.811915288 0.7188132365 0.7760690765 0.5550067164 0.7765228835 0.5443058391 0.5351428138 0.5316914059 0.534607142 0.5374848628 0.7027238822 0.6853866512 0.6878745712 0.692376369 0.5925670378 0.7553404465 0.7239982587 0.6589866922 0.7220767911 0.7252808648 0.6894494737 0.8513374944 0.8471652299 0.8501419049 0.8394612725 0.836200947 0.6593052693 0.7293993015 0.5045496433 0.7957708052 0.7917503196 0.7933958922 0.7862070646 0.7939609544 0.8010702808 0.826773043 0.6352398125 0.7859977147 0.8625717538 0.8571733254 0.6467041546 0.6380887442 0.646636585 0.848280043 0.7428086248 0.7505651406 0.7604008702 0.6405576102 0.6461376938 0.6364803338
0.867695502 0.8706367318 0.6825154832 0.5428119223 0.8603131039 0.7092345627 0.5935718282 0.5811059014 0.7189401312 0.7147560754 0.7186847672 0.7196737686 0.7257298176 0.7217667656 0.829248348 0.5404289209 0.5400103864 0 0.6284974873 0.7048269665 0.699375931 0.6853001583 0.6851847826 0.5688981692 0.6408529897 0.6432283577 0.7265340382 0.7187471265 0.7386575486 0.7274407858 0.5122290255 0.5038744314 0.8262475445 0.8298263735 0.8297763292 0.6978017278 0.5045083662 0.6437752248 0.6671211874 0.8405172745 0.8056737872 0.7982501471 0.7991679176 0.7870941007 0.685682805 0.6564405594 0.682179114 0.6751531224 0.6749176311 0.5668566886 0.7198870996 0.6400421206 0.644118954 0.6105761623 0.5419610523 0.7553608256 0.7640857807 0.7570478717 0.6376397388 0.7663869705
0.827118318 0.8783575411 0.8809564969 0.8260157239 0.6148976002 0.7000657176 0.8655173168 0 0.5661278543 0.7105402706 0.6822132441 0.6791112698 0.6842016111 0.8356608053 0.7254932052 0.6461251285 0.5486097316 0.777344041 0 0.7078745755 0.6996711519 0.6009180762 0.8903136211 0.8901607728 0.804566008 0.6399234949 0.727250917 0.7270162 0.7165176651 0.7145653414 0.7108978794 0.8298552657 0.8269381948 0.8243862509 0.8231979048 0.8242789718 0.8316427612 0.6643006396 0.6637659585 0.8346715683 0.8314799665 0.8343971863 0.6705531292 0.6611739043 0.6527526728 0.6576607067 0.6797662205 0.674876187 0.6793730119 0.831827756 0.8351392643 0.5239936556 0.8519102199 0.8525219129 0.5450601324 0.5478736806 0.7762530593 0.7750368462 0.7778588715 0.6429379072
0.8759148769 0.7764847166 0.7750146623 0.7697400857 0.614217503 0.5356842326 0.8720360943 0.8633276908 0.602771306 0.705106703 0.6770836547 0.6742315266 0.6766702338 0.6743067927 0.5416458463 0.7663823702 0.7679592356 0.7599907229 0.7119841841 0.519109132 0.5658394208 0.8844218256 0.8860126198 0.8823934431 0.8216445115 0.6442624245 0.643598333 0.5058413525 0.7178778757 0.7097256484 0.6211968004 0.8300559466 0.8333906474 0.8250488356 0.8272396479 0.8294601985 0.830761435 0.6717773871 0.8317741246 0.8299039203 0.8396737657 0.7141465434 0.7105356419 0.6589323826 0.6618390058 0.5412325983 0.6809968974 0.8235779535 0.8244712603 0.8285969346 0.8357464433 0.8345208408 0.6549251773 0.8611725204 0.7692399292 0.5503301148 0.6203047176 0.7696677421 0.7707234675 0.6504343209
0.8735999066 0.5181309296 0.7691518609 0.7712807524 0.7731801483 0.6390377097 0.6433590498 0.7573764777 0.7944173838 0.8388320949 0.6768560589 0.6778762996 0.6681150462 0.6742875515 0.6761857722 0.7622876453 0.7594084841 0.7658581849 0.7788958855 0.8987012011 0.5722267515 0.5628658816 0.8777595347 0.5542349233 0.5577473137 0.6477540996 0.878033658 0.8688963304 0.7188060267 0.7129324509 0.713962281 0.5717022774 0.6531006821 0.8387039039 0.591806886 0.617081657 0.8362186416 0.8325922125 0.8301091528 0.8365369456 0.8387299391 0.5186228982 0.7092729955 0.7045882558 0.6317471463 0.6642628472 0.8335492661 0.6989100523 0.8223966381 0.8302190902 0.6679478484 0.7963203208 0.8364769338 0.8280179631 0.5550523423 0.8238963208 0.7704764427 0.7900369008 0.7906170472 0.785754807
0.7813465943 0.7747412138 0.7730138165 0.7786043881 0.6218864709 0.6470202693 0.6376176203 0 0.6421610313 0.6857772429 0.6821715627 0.6761713357 0.6768807259 0.6738775321 0.6808070954 0.7680368613 0.758392684 0.7602008495 0.737224405 0.5283265809 0.5674026918 0.5572167257 0.5530636968 0.5550300472 0.5683577686 0.6064064415 0.8710923451 0.8751855526 0.6105699531 0.7195198871 0.720608201 0.6900277023 0.6718274749 0.798375935 0.7717221008 0.6114237811 0.6049677473 0.6149595781 0.5270136254 0.6989142904 0.5134536421 0.7369861211 0.7331327709 0.7367425221 0.8182741772 0.8185569371 0.6324129056 0.8302322927 0.7631794102 0.8302084923 0.5181913933 0.5349179367 0.8416753587 0.8632691611 0.8641204839 0.7630202102 0.7989710177 0.8992110332 0.7835072705 0.7912461207
0.7147989755 0.7776620916 0.7747730553 0.6701232509 0.625461091 0.6407569027 0.6452568509 0.6364058862 0.640319487 0.6895081311 0.6815955592 0.6482354488 0.685849482 0.67447681 0.6797378572 0.7628556599 0.7542300781 0 0 0.6177993185 0.6365307909 0.5542532122 0.84335551 0.5602325557 0.567177876 0.8130723943 0 0.7974657505 0.5131099988 0.5544393444 0.703563598 0.7313432747 0.5123240593 0.8458796317 0.6071380128 0.6034911177 0.6086883797 0.7640994246 0.8076852959 0.5139809048 0.5194283998 0.8853421159 0.7324976413 0.7394533799 0.6664786869 0.6047938871 0.6078897027 0.8392911367 0.8398880621 0.5676546841 0.571363306 0.5779455901 0.779534622 0.8546338705 0.519299284 0.8975194557 0.7915018471 0.7907468767 0.7911293899 0.5044217121
0.5948949885 0.783051416 0.6195597742 0.7819332805 0.6420798861 0.5005865086 0.6380386455 0 0.6397363917 0.6828148182 0.6100844302 0.6082552449 0.609675386 0.6790777328 0.6793656294 0.8424589976 0.6263698394 0 0.6158573102 0 0.6167247729 0.6272706525 0.5680722799 0.5685790209 0.5667264452 0.5151932543 0.5168664101 0.5095475657 0.5490109771 0.5079508902 0.6270846505 0.8612090762 0.7973241538 0.7891537077 0.6086475712 0.6049163866 0.540896614 0.6116285393 0.5152224628 0.8037697321 0.8060642637 0.7372294497 0.7308119554 0.7298968671 0.7327021137 0.5992778365 0.6051824258 0.7703328516 0.8568953821 0.8505616816 0.5694172764 0.7679120747 0.6584297099 0.8623932893 0.8639686099 0.9062848494 0.7960882323 0.795032207 0.7923010386 0.7945042479
0.8082127535 0.8172398618 0.5236529032 0.6289641951 0.5126908781 0.6395014138 0.641276253 0.8981629742 0.6421194061 0.6469056155 0.6128888202 0.6049017698 0.6089072479 0.8248523849 0.8272109072 0.8336102284 0.627883382 0.6190826661 0.6198041362 0.610240776 0.618500267 0.6228934987 0.7496125833 0.6630650943 0.6664007032 0.7638499744 0.5136559696 0.664008357 0.5063031023 0.6265752413 0.6285798564 0.8118616062 0.8287381106 0.794698923 0.7123938586 0.8103996502 0.7981412823 0.796014705 0.7949317087 0.7989797181 0.5462068766 0.8049187208 0.7201000079 0.727117648 0.7246472916 0.6491538893 0.794975764 0.7958389945 0.8038084079 0.5393842973 0.5461751126 0.7946303754 0.7399536351 0.7265984445 0.7382935079 0.8995211456 0.733146432 0.6155375128 0.6425877601 0.6261342267
0.6875445561 0.6907213371 0.6090559198 0.7259789113 0.641518581 0.7328976415 0.6860820716 0 0.6118830509 0.6191201115 0.609245133 0.6146539324 0.8180504704 0.8236781575 0.8308071344 0.7225792965 0.6277798709 0.6221852769 0.6121496839 0 0.6188715355 0.6595207967 0.7557956058 0.6682440469 0.6604148053 0.7595700889 0.7559843268 0.5101923441 0.5137931636 0.5069157465 0.5919065866 0.6446531567 0.8301541874 0.8456628261 0.6763258938 0.8046717369 0.8045340966 0.7975490722 0.7935211193 0.7962589975 0.8006797517 0.8016500186 0.7245517325 0.7190067798 0.7212741942 0.8595299023 0.801627488 0.7945861978 0.7952068598 0.5371156907 0.5403064851 0.8217553082 0.7902507222 0.7339559415 0.9074306018 0.8177173061 0.8962352099 0.6084776731 0.6169295084 0.8777974212
0.68483629 0.6883436437 0.6960210536 0.855555416 0.8260035376 0.8800536627 0.7275429077 0.5842247879 0 0.6095486071 0.6167835815 0.8245299298 0.8245133001 0.8254159765 0.8364788576 0.8322631448 0.7301756404 0.6204875186 0.7610539404 0.6221636268 0.6910791378 0.621498222 0.7972877459 0.6627956854 0.6680792981 0.7649880934 0.7585088681 0.5344268387 0.5972426157 0.5946700529 0.6552670885 0.7116463309 0.505177037 0.7593068433 0.6920980933 0.687418047 0.7582184303 0.7946636769 0.7957057921 0.7939963405 0.6717435593 0.6658864801 0.7199844748 0.720621744 0.7276586221 0.8075146275 0.7961341401 0.8034289132 0.8042686412 0.6410142304 0.7658764367 0.6298215649 0.6217642642 0.7378607526 0.9061267924 0.9044465688 0.8996702672 0.6663609018 0.6182525476 0.616067201
0.6859387071 0.689959262 0.6997604887 0.759284694 0.7342110461 0.7307083969 0.5490244382 0.72124155 0.6150564679 0.6153359411 0.6111724616 0.6118502582 0.7501757474 0.6848653126 0.8264256978 0.7235390892 0.8565822077 0.815655075 0.5920855504 0.5909772064 0.713359605 0.7937240497 0.8457285157 0.5265935832 0.7729219162 0.6386908429 0.7669063652 0.6773751996 0.5986499859 0.5958556882 0.7172665098 0.5240715412 0.857112281 0.7919230895 0.7870757098 0.6854550813 0.8121808201 0.8020576806 0.798474328 0.8002406857 0.6632610678 0.7930219432 0.7283078406 0.7277890395 0.7358056704 0.7278753647 0.8074633278 0.8075664181 0.6317001835 0.8541579094 0.616575263 0.7715633087 0.6025463415 0.5126361644 0.5753129646 0.8578736738 0.9071874102 0.7492456413 0.7480257639 0.7518883244
0.7659488355 0.6941109194 0.6500015447 0.7900936261 0.7974177901 0.7902308416 0.7292885211 0.7252858836 0.7254158758 0.5687659954 0.61580274 0.8591083181 0.7627190449 0.760199103 0.8637169007 0.5787605615 0.7248072401 0.8478661917 0.5991965284 0.5346995234 0.6187526432 0.8016163941 0.7069461313 0.8041008797 0.6664445634 0.6344929876 0.5466422198 0.6731339901 0.6451242297 0.6380194434 0.5051852993 0.6052867614 0.7273439069 0.7548476145 0.6145604736 0.6426979582 0.8045237989 0.7258561504 0.729750745 0.7292134177 0.6699461151 0.6569923431 0.7364169437 0.7350941828 0.7364896632 0.6671886793 0.6638344583 0.6630979209 0.6650456587 0.6773401794 0.7919317211 0.8518364194 0.5033725889 0.51314913 0.8590395898 0.8667163916 0.5860896642 0.8939620322 0.7497888511 0.7442303625
0.6552037231 0.8327736433 0.7871184835 0.7826719548 0.7809916615 0.7843320778 0.517832933 0.7386279748 0.6753014341 0.6931324692 0.759508223 0.5076576261 0.7555606748 0.7557849456 0.8246187592 0.558736124 0.6941022352 0.6268121359 0.8890500386 0.7234171386 0.5782982721 0.5545541351 0.650462251 0.634047472 0.5003310633 0.8949734543 0.62132054 0.7754976017 0.8252537308 0 0.6131074664 0.6011515781 0.6032956766 0.5224247219 0.7811942194 0.6968268058 0.8895772709 0.894635156 0.7251751997 0.7319880055 0.5626800672 0.7844537818 0.8856035454 0.8856450352 0.8887048767 0.6683927366 0.6588928139 0.6669861837 0.67147939 0.6732542759 0.6208957985 0.6117826317 0.6099852316 0.6042716953 0.6116874199 0.6207274199 0.590290806 0.8920786301 0.879855132 0.8895898461
0.7398531861 0.7992639385 0.6541504476 0.7847860075 0.7753258119 0 0.8529835103 0.6861539579 0.6829293697 0.6855257555 0.7273524322 0.7572552805 0.7614163409 0.7583829047 0.8393139074 0.5657810546 0.6218455699 0.6473482387 0.8813986404 0.5527052844 0.5643045935 0.7743167374 0.783883434 0.9039792059 0.6122115502 0.890722795 0.6337955702 0.7722738041 0.6516537739 0.5077171988 0.7729862523 0.775283237 0.7732372053 0.7786379084 0.7803823906 0.8596129985 0.5943085774 0.7344834825 0.7255652453 0.7315425057 0.7393706116 0.5966818721 0.5098027642 0.8800820366 0.6621480675 0.6625703442 0.5760931092 0.6685029866 0.8303315113 0.5510297841 0.6246043929 0.6612110272 0.603851369 0.607855672 0.6164895626 0.527377759 0.738103081 0.8391145217 0.8910152839 0.8819150313
0.7451761005 0.6389502443 0.791063003 0.7776378522 0.7834529529 0.7837564864 0.7956013249 0.6876314288 0.6815311222 0.6893528348 0.7576945188 0.765489191 0.7614674888 0.7707270027 0.7393518943 0.5600663004 0.5262176711 0.5571871074 0.5428336541 0.5134408986 0.8513724377 0.540446311 0.7742288877 0.7333001565 0.8950917921 0.8907311191 0.8061753284 0.5792501671 0.5063951619 0.505899167 0.7714079444 0.7700803585 0.77225409 0.7720858388 0.8914304736 0.5318563605 0.7406989416 0.7261518429 0.7320666755 0.734545098 0.7346468142 0.74540566 0.6577444713 0.6556228849 0.5986977092 0.580757641 0.8292326771 0.821326722 0.8312341895 0.5125388084 0.7361252321 0.6071139008 0.6071568255 0.696407025 0.7989320729 0.6207143694 0.695336747 0.7365569497 0.8831742747 0.6728870374
0 0.6369871895 0.6350797484 0.6297032077 0.6290045004 0.6305057366 0.6362132022 0.5035594157 0.689265887 0.6821366985 0.6567514319 0.6738200778 0.8279106975 0.7464526041 0.532473007 0.5547646141 0.5510367312 0.7515131087 0.539393877 0.7501018365 0.7778613661 0.7688437833 0.536956866 0.587237113 0.5782231424 0.5796122449 0.7816038871 0.5396759593 0.5076391641 0.5073389741 0.8278377559 0.8290242745 0.7690246001 0.7741705567 0.7243214244 0.7534667738 0.7283752636 0.7261741375 0.7362889436 0.7092535077 0.7417205619 0.745475721 0.6699067948 0.6644791234 0.7997799352 0.8649980899 0.779971974 0.7290475595 0.8220948223 0.5072348056 0.8217725096 0.6427386868 0.7019354568 0.7131297424 0.6850520852 0.6878689807 0.6909763178 0.6950329467 0.6796758601 0.6736901631
