landscape/hab_quality/256/simulation_000060_p027_h070_HABMAT_patch_more_500pix_modified.asc_ac_0.5_quality.asc
NCOLS 513
NROWS 513
XLLCORNER 0
YLLCORNER 0
CELLSIZE 9.980507
NODATA_VALUE NaN
[rows 180 to 215 of 513, columns 405 to 485 of 513]
0.7687095116 0.8477465153 0.7483144438 0.6208752778 0.7162978109 0.6088155381 0.6944512263 0.6892598988 0.7660344674 0.771560754 0 0 0 0 0 0 0 0 0 0 0 0 0 0 0 0 0 0 0 0 0 0 0 0 0 0 0 0 0 0 0 0 0 0 0 0 0 0 0 0 0 0 0 0 0 0 0 0 0 0 0 0 0 0 0 0 0 0 0 0 0 0 0 0 0 0 0 0 0 0 0
0.788971799 0.6061811615 0.6510044765 0.6242377807 0.7427818069 0.6925257278 0.6881184231 0.6957888792 0.7769690709 0.7760232663 0 0 0 0 0 0 0 0 0 0 0 0 0 0 0 0 0 0 0 0 0 0 0 0 0 0 0 0 0 0 0 0 0 0 0 0 0 0 0 0 0 0 0 0 0 0 0 0 0 0 0 0 0 0 0 0 0 0 0 0 0 0 0 0 0 0 0 0 0 0 0
0.5956304907 0.8464519553 0.5657960509 0.6524871625 0.8286781786 0.6935999776 0.690996585 0.6384445649 0.6850820846 0.7825931303 0.7782968306 0 0 0 0 0 0 0 0 0 0 0 0 0 0 0 0 0 0 0 0 0 0 0 0 0 0 0 0 0 0 0 0 0 0 0 0 0 0 0 0 0 0 0 0 0 0 0 0 0 0 0 0 0 0 0 0 0 0 0 0 0 0 0 0 0 0 0 0 0 0
0.6950066811 0.7019312068 0.8655415241 0.5046796909 0 0.798991888 0.5660204824 0 0 0.8326464392 0 0 0 0 0 0 0 0 0 0 0 0 0 0 0 0 0 0 0 0 0 0 0 0 0 0 0 0 0 0 0 0 0 0 0 0 0 0 0 0 0 0 0 0 0 0 0 0 0 0 0 0 0 0 0 0 0 0 0 0 0 0 0 0 0 0 0 0 0 0 0
0.8972184689 0.8978279666 0.7367670699 0.8807985913 0 0 0.8052544262 0 0 0.6535095334 0 0 0 0 0 0 0 0 0 0 0 0 0 0 0 0 0 0 0 0 0 0 0 0 0 0 0 0 0 0 0 0 0 0 0 0 0 0 0 0 0 0 0 0 0 0 0 0 0 0 0 0 0 0 0 0 0 0 0 0 0 0 0 0 0 0 0 0 0 0 0
0.8939822596 0.8906685447 0.7888593297 0 0 0 0 0 0.5244155465 0 0 0.7709159257 0 0 0 0 0 0 0 0 0 0 0 0 0 0 0 0 0.7043582895 0 0 0 0 0 0 0 0 0 0 0.8388725372 0 0 0 0 0 0 0 0 0 0 0 0 0 0 0 0 0 0 0 0 0 0 0 0 0 0 0 0 0 0 0 0 0 0 0 0 0 0 0 0 0
0.8901778712 0.8845661208 0 0 0 0 0.7939787743 0 0.7436005415 0 0 0.6271062281 0 0 0 0 0 0 0 0 0 0 0 0 0 0 0 0 0.7038016449 0 0.6875773157 0.6891521442 0 0 0.6962474546 0.6985669902 0 0.7043083035 0.528357433 0.5289016023 0 0 0.5633556393 0.878783328 0 0 0 0 0 0 0 0 0 0 0 0 0 0 0 0 0 0 0 0 0 0 0 0 0 0 0 0 0 0 0 0 0 0 0 0 0
0.8909276008 0.8755165198 0 0.7825107907 0 0.7882647196 0 0.8037825502 0.7455580241 0 0.7443850132 0.6226585451 0.622423083 0.6225005802 0 0 0 0 0 0 0 0 0 0 0 0 0 0 0 0.6963313483 0.7043819432 0.7027687862 0 0.6994934548 0.7039637587 0.702994423 0.7043716379 0 0.5190464205 0.5229616329 0.5309176948 0.5607973067 0.5705792733 0.6008289773 0.9059104764 0.899675079 0 0 0 0 0 0 0 0 0 0 0 0 0 0 0 0 0 0 0 0 0 0 0 0 0 0 0 0 0 0 0 0 0 0 0
0.8658214869 0.8738633961 0.7919602297 0.7866676392 0 0.787246193 0 0 0 0.7467251569 0 0.6167483682 0.616067428 0.6163874119 0.8114085022 0.5712264089 0 0.5593441461 0 0.5373362651 0.8720995821 0.8639927312 0 0 0 0 0 0 0.7026896196 0.703368594 0.7112943831 0 0.7124273301 0.7017797405 0.7054525279 0.8580321553 0.8549637002 0.5245231728 0.5836612047 0.5208747809 0.5320381745 0.6255649025 0.5676852604 0.7421659373 0.9000940995 0.9041220287 0.5391681462 0 0 0 0 0 0 0 0 0 0 0 0 0 0 0 0 0 0 0 0 0 0 0 0 0 0 0 0 0 0 0 0 0 0
0.8675255002 0.86843731 0.8747237379 0.6309858353 0 0.6950671961 0.8675876068 0.6842449361 0 0.7485394227 0 0.615383394 0 0.6146723017 0.5690388903 0.5619221083 0.5589064029 0 0 0.8758250924 0.8802512499 0.8703594988 0 0 0 0 0 0.5146123122 0.6462514788 0 0 0.8491148564 0.8496784032 0.8457235753 0.6157166509 0.8493619015 0.6505323048 0.7665234922 0.521610088 0.6275505765 0.6255542662 0.6336938187 0.7500204108 0.742092606 0.7501201136 0.538463943 0.5421317038 0.5338463926 0.5379322229 0 0 0 0 0 0 0 0 0 0 0 0 0 0 0 0 0 0 0 0 0 0 0 0 0 0 0 0 0 0 0 0
0.8631690706 0.8643310686 0 0.8760947835 0.8977965245 0.9005074421 0 0.5628530275 0 0 0 0.6137064311 0.6147225266 0.6125950834 0.5509191929 0.5506317345 0.5528269585 0.5575960036 0 0.8737633593 0.8728709957 0.8790142246 0 0 0 0.8786048707 0.8114640391 0 0.8079684188 0.8556519907 0 0.8378234234 0.842442761 0.8365992438 0.8420743419 0.8573301112 0.852830832 0.6731622134 0.663505332 0.6343592629 0 0.6303965845 0.742224133 0.7414720311 0 0.5383971366 0.5329897422 0 0 0 0.5665171476 0 0 0 0 0 0 0 0 0 0 0 0 0 0 0 0 0 0 0 0 0 0 0 0 0 0 0 0 0 0
0.8567975773 0.8726745824 0.8727946986 0.8912579427 0.8958058687 0.8883561186 0.617078167 0 0 0.8810838019 0.8208338446 0.8295865405 0.8561903073 0.5557605238 0.5497603479 0 0.5530532419 0.5572458421 0.5113968863 0.8770550465 0 0.8765131676 0 0.8812208462 0.80160335 0.8055242745 0 0.8021505653 0.8071445248 0.8492009049 0.8468446631 0.8362370519 0.834605235 0.8413049975 0.847576572 0.8519572305 0.5487483867 0.5475820153 0.5403430979 0 0.6349194597 0.8084430983 0.7898162627 0.8318942376 0.750451819 0.5424403277 0.5343041119 0 0 0 0 0.566285166 0 0 0 0 0 0 0 0 0 0 0 0 0 0 0 0 0 0 0 0 0 0 0 0 0 0 0 0 0
0.8592996167 0.8802833509 0 0 0 0.8885082298 0 0 0 0.8254373874 0.8202369505 0.8225905004 0.7513005348 0.742940737 0.5557111686 0.550155712 0.5574496955 0.5540237055 0.5597314573 0.5972853357 0 0 0 0.795127151 0.7963442233 0.7968334798 0.8010139978 0.809528171 0.8035623269 0 0.8461763296 0.8445724756 0.8412232396 0.8401411179 0.851277815 0.8510321277 0.5402720183 0.5400999992 0.5444271349 0.6947360303 0 0.7976668335 0.7994507405 0.7517413107 0.7515771973 0.7508505296 0 0 0 0 0.5709206867 0.7320938906 0 0 0 0 0 0 0 0 0 0 0 0 0 0 0 0 0 0 0 0 0 0 0 0 0 0 0 0 0
0.8653043044 0.8855297471 0.8857886382 0.8903305881 0.895824323 0.8896103474 0.8915514207 0.9027711627 0 0 0.8218564053 0.8232391462 0.608717578 0.7465507864 0.7397224894 0.561875877 0.5579674736 0.566917618 0.8881646416 0.8913591268 0.5926824242 0 0.7983165442 0.8005673457 0.7908928503 0.7994077322 0.8000784995 0 0.5400045881 0.5436668151 0.5404349299 0.8512322466 0.845259561 0.8591167823 0.8595486853 0 0 0.6880743159 0.6890460751 0.6929458559 0.5167083072 0.5614042352 0.7196461383 0.7723891609 0.7589739296 0.752290132 0 0 0 0.8803646093 0.735278799 0.7329988324 0 0 0 0 0 0 0 0 0 0 0 0 0 0 0 0 0 0 0 0 0 0 0 0 0 0 0 0 0
0.867021931 0.8678385148 0.8875682283 0.8861150929 0.9015884486 0.9041556332 0.8985442476 0.6597792019 0.7861526365 0.5058651507 0.8758982576 0.5456683515 0.7511365712 0.7472733941 0.7463477838 0.7450287217 0.7508879404 0.6767434538 0.890528539 0.8837214389 0.8095323233 0.8054116076 0.7960677025 0.7921127072 0.8007690041 0.7997813936 0 0 0 0 0.545528347 0.8545365003 0 0.531384522 0.5304151377 0.5323816257 0.6868635401 0.6838892751 0.685909641 0.5078644093 0.5111837009 0.6542280272 0.535724024 0.5546600984 0.8722303026 0.7736328028 0.5561724872 0.5567906696 0 0 0.819334738 0.7398807508 0 0 0 0 0 0 0 0 0 0 0 0 0 0 0 0 0 0 0 0 0 0 0 0 0 0 0 0 0
0.802351402 0.8903922239 0.8968911219 0.8541052459 0.6637048736 0.6635038763 0.6675933177 0.6623076888 0.760960757 0.6159078469 0.805608637 0.8023453337 0.7506376957 0.5648338426 0.6482165307 0.6496792138 0.6449037275 0.6431311919 0.6522382619 0.9168000628 0 0.8058878627 0.795380826 0.7966334243 0.7972242869 0.806669836 0 0 0.5463107805 0.543819964 0.5476100912 0.8690976458 0.8724753288 0.5352091527 0.5267763034 0.5319310101 0.6866393698 0.6814784687 0.6827362971 0.7062580663 0.5135779414 0.5795361522 0.8957532293 0.6613553915 0.5973377389 0.8074684861 0.5558923106 0.5508515539 0.543547564 0 0.6363939528 0.5652232553 0 0 0 0 0 0 0 0 0 0 0 0 0 0 0 0 0 0 0 0 0 0 0 0 0 0 0 0 0
0.6401448778 0.8258009278 0.8942211382 0.8583426513 0.8568692446 0.6543701048 0.6597767974 0.6458470565 0.6470797664 0.644188605 0.8878225789 0.8836836716 0.8900375851 0.6342100737 0.6336512576 0.640911735 0.6384396472 0.6424723719 0.6484504273 0.9048884345 0.9070328348 0.9090836681 0.8861251056 0.8029795223 0 0.802432185 0 0 0 0 0.5486649318 0.8770239797 0.8682666529 0.5364987724 0.5327077593 0.5301148989 0.6844459352 0.6841944955 0.6816300482 0.6897491662 0.7432076495 0.6433571987 0.5557004376 0.8291680252 0.641002606 0.6374105052 0.552583853 0.547134576 0.5417996049 0.543537151 0 0 0 0 0 0 0 0 0 0 0 0 0 0 0 0 0 0 0 0 0 0 0 0 0 0 0 0 0 0 0
0.5367286329 0.7891278072 0.7643201813 0.7848544167 0.567853782 0.6524238378 0.6519970368 0.6499735833 0.6420374709 0.6479890311 0.6456303115 0 0.883614441 0.6401268245 0.6424742919 0.6333727849 0.6367085123 0.643672874 0.645204454 0.8278698333 0.8998891813 0.8316846499 0.6790524253 0.793879736 0.8030746626 0.5492288286 0.8104652667 0 0 0.8083986263 0.7158405842 0.6062929625 0.8689009064 0.5345716957 0.535808487 0.5314940345 0.6843931666 0.6446224482 0.6912936947 0.8758381808 0.6954382519 0.5420630063 0.7613812216 0.7632009835 0.7218375057 0.8135765511 0.6430462563 0.5439221593 0.5438500692 0.8762023733 0 0 0 0.8836400151 0 0 0 0 0 0 0 0 0 0 0 0 0 0 0 0 0 0 0 0 0 0 0 0 0 0 0
0.683135152 0.7883046245 0.7936044428 0.8784258146 0.8772448479 0.6497178373 0.6443015334 0.6413536001 0.6361748547 0.6411192107 0.6415678699 0.6471340871 0.8877618929 0.8714760711 0.6336029203 0.6335912424 0.6348686462 0.654476653 0.6515235755 0.9092292291 0.9031271036 0.906003635 0.8054106789 0.5587523441 0.7929033599 0.7992182673 0.8007821333 0.7060870767 0.7021150429 0.708196906 0.7153346838 0.8521661414 0.8050786646 0.725988552 0.5451663976 0.5395517454 0.649655145 0.6463501253 0.8852907465 0.888293117 0.7603587519 0.5046332403 0.7578217403 0.7863405963 0.7835268571 0.5624343723 0.5607662323 0.6457368042 0.7386937271 0.724398376 0.7173651053 0 0.7181368529 0 0 0 0 0 0 0 0 0 0 0 0 0 0 0 0 0 0 0 0 0 0 0 0 0 0 0 0
0.8561428484 0.803928833 0.7888907004 0.8763121697 0.8742631562 0.6461693383 0.6371042083 0.6345715163 0.6358910474 0.6336887143 0.6395778591 0.6456131894 0.8717964227 0.8629078533 0.8654355868 0.7679165525 0.6489235451 0.6489760685 0.631468297 0.7930457304 0.7870365358 0.6962869738 0.796391757 0.8010764829 0.7972288181 0.795558292 0.7961770369 0.7097843612 0.5342554443 0.8917711024 0.7149752077 0.5021507763 0.5981887309 0.8912164395 0.7898540037 0.7146842706 0.5384289985 0.8883391679 0.8878086282 0.8940994953 0.5060505035 0.5076358764 0.5075310266 0.7905699545 0.5546132788 0.5540826593 0.5637244788 0.5629056258 0.526241932 0.725648823 0.7189603825 0.7239574007 0.7224268547 0.7245690436 0 0 0 0 0 0 0 0 0 0 0 0 0 0 0 0 0 0 0 0 0 0 0 0 0 0 0
0.6766285281 0.6118223355 0.658967271 0.6503228623 0.7116004843 0.6424562377 0.6399987741 0.6326593348 0.6293664995 0.6357109681 0.6342207149 0.8508803269 0.8533016841 0.8535196354 0.7607899877 0.6468324507 0.6416045818 0.6463699933 0.6309912307 0.7332963425 0.7937249389 0.786641512 0.7965791236 0.8057892519 0.7768204121 0.8040339608 0.6555907855 0.5503142183 0.6376819766 0.5470049481 0.5082915941 0.6060666825 0.7441349821 0.7419244189 0.7550409768 0.5470708708 0.545099295 0.5402561664 0.874388187 0.5152713229 0.5146274284 0.5113350465 0.5140391215 0.5087363714 0 0.5548345767 0.5581991684 0.5917793854 0.730415932 0.7352749099 0.7297771968 0.7292521041 0.8419929133 0.7238995048 0 0 0 0 0 0 0 0 0 0 0 0 0 0 0 0 0 0 0 0 0 0 0 0 0 0 0
0.7929914743 0.7195847313 0.721923237 0.6527582306 0.6473336284 0.6429392896 0.6340257682 0.6361401613 0.6333891295 0.6353114692 0.6447351498 0.8496026307 0.8514218126 0.8598354148 0.5503398901 0.5578141125 0.8701934184 0 0.7344305848 0.7306249514 0.7934451589 0.7868429607 0.7326141458 0.6360173742 0.6847716268 0.7862510094 0.6969011864 0.7935247763 0.5425702863 0.7924542974 0.7870159239 0.7905974483 0.7468095941 0.7452748611 0.7513069217 0.7635180252 0.5477518855 0.8826737601 0.8807486379 0.8834002588 0.8855229642 0.5167135368 0.5156713869 0.5160919122 0.5159370175 0.5212223629 0.5662513023 0 0.5896069675 0.5950930809 0.8189761515 0.7229325363 0.8437930263 0 0.8280444079 0 0 0 0 0 0 0 0 0 0 0 0 0 0 0 0 0 0 0 0 0 0 0 0 0 0
0.6055674527 0.7195829076 0.7203598082 0.7273032103 0.6428724409 0.6386928025 0.6343588109 0.6399843559 0.641645229 0.6432907338 0.5648236934 0.853514665 0.8541860293 0.8546017479 0.6034748137 0.6044642349 0.5029304333 0.644173659 0.6111025773 0.6101611224 0 0.5510043417 0.6268400141 0.6291718179 0.6415075727 0.6573520375 0.7978574 0.7920934683 0.7922698948 0.7807986638 0.7849443188 0.6606206253 0.5905438469 0.7544215566 0.7542321691 0.7593884759 0.7407788483 0.7321838777 0.7395013545 0.7464758726 0.8922521847 0.8948654028 0.8943772704 0.5246193774 0.787630266 0.5246561651 0.5903982912 0.5964593029 0.5919516712 0.8097368224 0.8113749462 0.7143063695 0.5465091755 0.5416596974 0.5409980155 0 0 0 0 0 0 0 0 0 0 0 0 0 0 0 0 0 0 0 0 0 0 0 0 0 0
0.6085388257 0.6051705412 0.7184333818 0.7199768006 0.646691622 0.6413758099 0.635841942 0.6430701458 0.6472732383 0.5743592489 0.5674309857 0.5720646076 0.6099562553 0.5104036745 0.538271472 0.7769269826 0.8859721695 0.6562509268 0.6492067121 0.6082919611 0.7173833757 0.5472782835 0.8372667691 0.6352775376 0.6025771617 0.6896677565 0.801171448 0.7915138972 0.7884946182 0.7872057571 0.7790154383 0.7840957304 0.5176211641 0.7603792025 0.7599023266 0.7139946166 0.7649954849 0.7329240089 0.7383674524 0.8512633803 0.7295271825 0.9026372047 0.603515809 0.5958006581 0.736869385 0.6668969514 0.7161489011 0.6002986404 0.8181779681 0.814952701 0.8170913931 0.5679286097 0.5556113116 0.5408145602 0.5460174231 0.6788989734 0 0 0 0 0 0 0 0 0 0 0 0 0 0 0 0 0 0 0 0 0 0 0 0 0
0.6102637233 0.7189480804 0.7282097736 0.7209178064 0.6463159053 0.6389680717 0.6383073711 0.635923935 0.6507998867 0.65230003 0.7828260516 0.5187731653 0.7545502246 0.8622898121 0.810708217 0.8110124805 0.8167614755 0.625809938 0.6230152502 0.6482962005 0.6321310555 0.6382720608 0.5482018801 0.5988896715 0.6079523269 0.6508598327 0.605528387 0.7951158152 0.7873748485 0.7875838464 0.7785149923 0.778578114 0.781707359 0.7696077932 0.7635871225 0.7615866113 0.7672447362 0.7743618946 0.6263688606 0.6299202913 0.8349107018 0.8004111833 0 0.611816141 0.507176576 0.5089340023 0.6722581436 0.8217865741 0.8239776802 0.8950947079 0.649191661 0.5516936699 0.5443239293 0.6393529904 0.638637541 0 0 0 0.8537135759 0 0 0 0 0 0 0 0 0 0 0 0 0 0 0 0 0 0 0 0 0 0
0.6596098835 0.7377369431 0.7365870931 0.7088780288 0.6555761451 0.7918342003 0.6452460319 0.6437873247 0.7424943917 0.6544169729 0.5612935918 0.75945538 0.7538079116 0.7897393571 0.8012645692 0.7554909235 0.5495232174 0.621418432 0.6191815987 0.6244633637 0.6309296206 0.6371013159 0.5725958641 0.6730636489 0.6958911447 0.6686061779 0.800111264 0.7885991496 0.7786160712 0.7785977766 0.7799487894 0.7782091798 0.6189512099 0.7868551136 0.7790605209 0.7803738495 0.7696070891 0.7767895989 0.778832477 0.8575801753 0.518857921 0.6159980251 0.6091927145 0.7050069608 0.6183063905 0.7704798162 0.6608920848 0.7271530302 0.7318051426 0.6285729284 0.5031116271 0.652945454 0.7328912594 0.6403215458 0.6323889827 0.6351039913 0 0.5790857379 0 0 0 0 0 0 0 0 0 0 0 0 0 0 0 0 0 0 0 0 0 0 0
0.7422280983 0.7349737158 0.7415617251 0.7435385193 0.8193707961 0.816782706 0.6333743387 0.6320745831 0.6341430662 0.8879798669 0.8926150883 0.7368532152 0.7541920266 0.7870365703 0.7868167968 0.628548194 0.6252728245 0.6225119154 0.62346718 0.6246146311 0.5442002926 0.6360434828 0.8655413935 0.6658859054 0.6654648194 0.6637667171 0.5905416678 0.5921073032 0.7842741613 0.7838909942 0.7779183064 0.7771002577 0.7827786806 0.769362796 0.7780427126 0.785916033 0.7865100704 0.7756926889 0.7816203373 0.6037511306 0.6227451314 0.6073383854 0.6113546459 0.609075066 0.6149369463 0.6791138522 0.8807828348 0.7245130875 0.7240595771 0.7235929161 0.7189855474 0.7216072901 0.7182353766 0.7316082132 0 0 0.7340347222 0.5131781214 0.8124201397 0.8094057768 0.8116584298 0 0 0 0 0 0 0 0 0 0 0 0 0 0 0 0 0 0 0 0
0.8326574669 0.8407953196 0.7386532755 0.7420473008 0.8172761681 0.5455163516 0.5432114668 0.5373093005 0.7687553131 0.617164818 0.5078514033 0.8792921229 0.7371445614 0.7880064158 0.6368290544 0.632710463 0.6258890915 0.6325107707 0.6277466727 0 0 0.8553191195 0.855045806 0.6606913579 0.6572875434 0.6648455885 0.5851593225 0.6988063221 0.7927409336 0.7789753088 0.7741027928 0.7735497949 0.768356843 0.7724578387 0.7764869703 0.7821768503 0.787088358 0.7094895816 0.7776071253 0.7895701113 0.5958480566 0.6131148658 0.6040320825 0.6136510618 0.6170036788 0.8872251491 0.8782946155 0.7197817651 0.7736755476 0.7197382749 0.7173354706 0.7146705492 0.7158231094 0.7202058237 0.722014612 0.7262677194 0.7290397955 0.7347032719 0.8038951212 0.8041877678 0.7966384 0.8061971708 0 0 0 0 0 0 0 0 0 0 0 0 0 0 0 0 0 0 0
0.8397100075 0.8439881097 0.7395604572 0.685791688 0.6926937467 0.5378717104 0.5366583679 0.5382464099 0.5387637282 0.5579257548 0.761303902 0.8704387084 0.6916185697 0.6766908407 0.689264492 0.6264718258 0.6339065 0.6120403526 0.6369378277 0.7209818091 0 0.7266364422 0.8941777241 0.6602999304 0.658348576 0.6578415487 0.5908991758 0.5934907464 0.7842592677 0.7806738576 0.7809667407 0.7730850857 0.7651722263 0.767797374 0.767869893 0.7795842668 0.7867282473 0.7873582446 0.5078266908 0.5109415772 0.5095611518 0.6059034084 0 0.6116028311 0 0.6736852922 0.6387789889 0.6516856274 0 0.7223113316 0.7146779563 0.722567306 0.7130757825 0.720255533 0.7243292669 0.720449628 0.7266977382 0.7980818707 0.7975783022 0.8021535609 0.8224022577 0.6237831159 0 0 0 0 0 0 0 0 0 0 0 0 0 0 0 0 0 0 0
0.840535106 0.846090288 0.588793868 0.5825179712 0.6842855123 0.6042812792 0.5454220692 0.5444976437 0.5715754481 0.7216119154 0.773828134 0.6783510599 0.6831837581 0.6871367615 0.6883682903 0.6943772504 0.638911643 0.6431384856 0.7214911055 0.7796195865 0.8875692266 0.7282217897 0.7194534735 0.8912628695 0.5175875225 0.5236962786 0.5181172783 0.6746045747 0.5937295472 0.7825124754 0.7746971599 0.7664367058 0.760985819 0.7602148344 0.7747578323 0.7805856324 0.7891995078 0.7921567863 0.5064276262 0.5034430622 0.5055808499 0.5550351838 0.6176613317 0.6214144648 0 0.7544196721 0.8996807654 0.5505972553 0.7261967983 0.7248583835 0.7318065515 0.7199647348 0.7143578359 0.7222969495 0.7167117943 0.7236207809 0 0.8066135272 0.8717012851 0.8026940373 0.8355365552 0.6259464705 0.5875426141 0 0.8300710824 0 0 0 0 0 0 0 0 0 0 0 0 0 0 0 0
0.842417047 0.585159063 0.5806349912 0.7203654104 0.9050705733 0.9092047656 0.7237477191 0.5553297496 0.5622831945 0.8259762007 0.8442397659 0.6850172007 0.6767966081 0.6780266034 0.6723883879 0.6801178683 0.6798964952 0.6863120344 0.7366142875 0.7229957505 0.7281192676 0.7128378935 0.8839626465 0.891839622 0.5214684568 0.5151409107 0.6721566506 0.6722369837 0.7867415213 0.7803912971 0.7842090292 0.7658437332 0.7659306252 0.7785920832 0.7782557228 0.7832655439 0.7885511276 0.7900245932 0.5035325403 0.5028408879 0.5113655557 0.5152401622 0.7489678977 0.6636742657 0 0.8938537298 0.896654438 0.7291522693 0.8406548018 0.8352897869 0.8374878232 0.7196491548 0.7216089914 0.7157552353 0.7236215133 0.7189494714 0.8567344919 0.8601852441 0.8561795316 0.8332839898 0.5637620808 0.5095948401 0.5616872136 0 0.8274834758 0 0.8074588487 0 0 0 0 0 0 0 0 0 0 0 0 0 0
0.8318823747 0.8526016786 0.6331407747 0.900423082 0.9036571789 0.9007413117 0.7419510502 0.5592965411 0.5529483256 0.5547066122 0.5571140244 0.6832739217 0.6779381453 0.680813452 0.7739710905 0.6640344127 0.6770106699 0.8546067896 0.732434081 0.6754265468 0.7266672572 0.8830398881 0.8822930122 0.8755479456 0.8821915238 0.5197002837 0.5504134831 0.5514915524 0.5467955686 0.5290716389 0.5293504641 0.8042356126 0.8046364445 0.7877987272 0.7826804825 0.781784012 0.7820380453 0.7962855668 0.5048349663 0.5035903314 0.5063891046 0.514247421 0 0 0 0.5615985195 0.5767051321 0.8401069914 0.8397636073 0.8342775603 0.8352202615 0.7237339827 0.7225831398 0.7224794511 0.7211388765 0.8541683325 0.8511441382 0.8521758094 0.6099502422 0.7088900431 0.832224505 0.5579742625 0.7383610864 0 0.5607337179 0.5599700847 0 0 0.8637136863 0 0 0 0 0 0 0 0 0 0.8291841548 0 0.6294155692
0.8603989868 0.8983046322 0.909088314 0.9044328126 0.8992900845 0.9080792285 0.5680024003 0.560762295 0.5527282746 0.5519639873 0.5542978351 0.6287190679 0.5664369338 0.7702242786 0.781593885 0.6210433007 0.5088122961 0.860141606 0.8501483141 0.8487438532 0 0.8722212016 0.8731176403 0.8779373781 0.8737587497 0.5415541745 0.5448602128 0.5426015276 0.8479316592 0.5483343393 0.550171369 0.5513665109 0.9080500903 0.5246481452 0.789190636 0.7857705215 0.7870061369 0.7957203277 0.5067378074 0.5102722922 0.5137098207 0 0 0 0 0.582289122 0.8636819199 0.8925752524 0.8390299085 0.8411939336 0.8408030041 0.7247380136 0.7232346104 0.7289540253 0.7278924889 0.8552442462 0 0 0.7114306699 0.703525267 0.713191026 0.5539609976 0.557305897 0 0.5562428467 0.8684714445 0 0.8632978031 0.8028532286 0 0 0 0 0 0 0 0 0 0.8760636143 0.8826835199 0
0.8422406523 0.7245359188 0.5236150321 0.9046639146 0.8488841899 0.9031957521 0.5631892537 0.7444323457 0.8581477466 0.5575588763 0.5578672389 0.5587861347 0.567145371 0.7846436717 0.8375385622 0.7084078129 0.7136560411 0.851892031 0.8441817373 0 0.8656351141 0.8700320725 0.8692855489 0.8642520658 0.8670003668 0.8657450786 0.5356190271 0.541524485 0.540642476 0.5492701226 0.5510600579 0.5523693426 0.8981772654 0.8981498861 0.7904582703 0.795249476 0.7941996035 0.7928920178 0.8976323628 0.5997550797 0 0 0.6105382384 0.8794157716 0 0.8450935625 0.5836860509 0.5831350088 0.583413573 0.7187593507 0.5865114139 0.6341171996 0.7991470484 0.7351533472 0.7384160353 0.7043176627 0.8865570919 0.8834381635 0.7112749194 0.7110751898 0.7049712854 0.5521756115 0 0 0.7176116787 0.8671203594 0.8596317917 0 0.8696732939 0 0 0 0 0 0 0 0 0.8690162502 0.8731910806 0.8719298444 0
0.832744638 0.8368754 0.6104310711 0.6782792115 0.700634942 0.7008784283 0.6948193236 0.7068728865 0.7125592313 0.6963243439 0.5584171703 0.5670494425 0.5701015092 0.6446879251 0.6374975621 0.7054975014 0.6982310813 0.7044059539 0 0 0 0.8597646021 0.8726161614 0.8597512778 0.8600794823 0.7410827655 0.5413601601 0.5340687505 0.5390091968 0.5480998609 0.5545892048 0.5603435364 0.9004816329 0.9072470278 0.8989243516 0.799929344 0.7985194955 0.7973324843 0.6832063872 0.7422195053 0.7520366699 0 0 0.5741537836 0.8392850098 0 0.5882644102 0.5822939234 0.5842270717 0.5808822869 0.8307924971 0.5870618306 0.8644335666 0.7429779666 0.7417223415 0.8839362146 0.8819981661 0.8868302876 0.5584804903 0.5564111538 0.5511121476 0 0.5587624217 0.6180938848 0.863751991 0.863186213 0.8646684805 0.8627738331 0.868166446 0.8803594174 0 0 0 0.8223545808 0 0 0.7902406409 0.8634064783 0.867077742 0.862999199 0
0.8344795738 0.8407319145 0.8462802077 0.7067410016 0.7022250617 0.6940217731 0.6938831337 0.6942863225 0.7057972495 0.5626258383 0.566635265 0.8817873096 0.5699459582 0.8059313881 0.6485602376 0.6965177937 0.6988964648 0.6982589974 0.6941965081 0.6959585173 0.7026843893 0.5903334817 0.8580219303 0.8686707161 0.6854782677 0.681639197 0.5472504777 0.5362969504 0.5394208287 0.5538125617 0.5520249127 0.5608448995 0.6140376827 0.8208183156 0.8088661961 0.8054448292 0.8068273589 0.8335378618 0 0.7337678276 0.7172400085 0.7440438481 0 0 0.8439273138 0 0.5863334617 0.5832321175 0.5799777224 0.5854697045 0.5824204815 0.5007196612 0.5022934945 0.78779431 0.7944572 0.8903538735 0.7233732432 0.7262159177 0.7174678798 0.5588867415 0.5582655778 0.5544260948 0.6482236649 0.5121100815 0.8692111159 0.8655735454 0.8642377865 0.8676281188 0.8704156093 0.8712268829 0 0.7588860063 0 0 0.839028045 0 0.5184222228 0.8714878917 0.8617183523 0.8652176517 0
