landscape/hab_quality/256/simulation_000052_p068_h037_HABMAT_patch_more_500pix_modified.asc_ac_0.5_quality.asc
NCOLS 513
NROWS 513
XLLCORNER 0
YLLCORNER 0
CELLSIZE 9.980507
NODATA_VALUE NaN
[rows 468 to 493 of 513, columns 236 to 294 of 513]
0.6628186066 0.671629159 0.8352327145 0.8132101451 0.896212176 0.8160155095 0.5937622416 0 0.616784787 0.9071665604 0.9033490247 0.9111691228 0.8660277665 0.8430029189 0.8343774169 0.6480220929 0 0.6732052095 0.8254439801 0 0.5082527137 0.5146390259 0.5517293607 0.9059832526 0.903412227 0.8944965245 0.9024051199 0.8312525936 0.8870449073 0.8856662358 0.8834747663 0.8912365692 0.677042657 0.5614143507 0.6155381313 0.5604037962 0.8348451566 0.7219447252 0.7178795995 0.783506819 0.7036664656 0.7126993379 0.5227195602 0.6548067173 0.8773164135 0.7711472104 0.8181369932 0.7016599014 0.6960422684 0.7722390868 0.7067347099 0.7132332651 0.6545190256 0.5561245409 0 0.5602638212 0 0.8425936331 0
0.6642131708 0.6697184951 0.814963898 0.8149949074 0.8122220348 0.816005565 0.723064968 0 0 0.9074057278 0.903646569 0 0.8319644314 0.8400773468 0 0.7004272525 0 0 0 0.5146676013 0.5047031156 0.5130099156 0.7795516897 0.9149171161 0.902232788 0.8984671269 0.8949083245 0.7967129044 0.8833735651 0.8778632155 0.8866299317 0.8866687566 0.6298987561 0.8696433033 0 0 0.7187506725 0 0.7146412182 0.7197035459 0.6733726198 0.7120329757 0.7401160215 0.5111108016 0.5074504885 0.5026808957 0.8189888425 0.8152694602 0.7036581119 0.7020820449 0.7102629985 0.8076390072 0.5935976532 0.5919933442 0.5623256746 0.7948748196 0.7994023399 0 0.8117979467
0.6697383342 0.666129786 0.8116298644 0.8102942053 0.8182559625 0.812714792 0.8163339106 0.6975244298 0.6480249507 0.7319340653 0.8446943384 0.843745117 0.8376769206 0.8318753794 0.8368188647 0.6671739272 0.6755097886 0.7101892239 0.5503824505 0 0.5081097175 0.6613044997 0.6618020877 0.811489696 0.9080442194 0.901410772 0.9041927305 0.7987954554 0.7957576726 0.8785762649 0.8803091549 0.8957761649 0.824842003 0.8621432413 0.8561073649 0 0.7084580545 0.7129909315 0.7205401817 0.7209593158 0.7156686614 0.7174648396 0.5046738408 0.5115784308 0.5016005956 0.5105855443 0.8198642747 0.6293968362 0.8240882416 0.7098644982 0.7154462365 0.5435720583 0.8398063654 0.5902410741 0.6695796507 0.6196337552 0.7943986142 0.8041627393 0.8108692865
0.7590025426 0.6663386679 0.8145514514 0.8183344008 0.8136260108 0.8204117507 0 0.5312198518 0.6454329777 0.7923392709 0 0.8445155471 0.6435794319 0.83671801 0.8395235521 0.6771639297 0.6733667899 0.6315218643 0.6364250661 0.5669040167 0.6532982077 0.8369028841 0.6529499948 0.6589896645 0.8917887778 0.8849595982 0.8848503499 0.88553925 0.80562972 0.8028799775 0.760372594 0.884552151 0.8164160417 0.7652755517 0.7074761289 0.704864927 0.7037167661 0.7128652361 0.7175084101 0.7413044473 0.8501395585 0.5832928835 0.8916677514 0.5080131476 0.5281750272 0.5306826663 0.5324967327 0.541254478 0.5410260079 0.712002549 0.675286634 0.6267539263 0.8341908768 0.7545631798 0.6640652229 0.7985513389 0.8009938001 0 0.8091634642
0.7641811554 0.5197618484 0.8208036496 0.6338005609 0.8078874577 0 0 0.7854484145 0.7838931155 0.8124257767 0.7857029528 0.7920681829 0.7890150122 0.6723300666 0.6702201745 0.8551226544 0.530531428 0.6005615825 0 0.7342308399 0.6567550662 0.6476459679 0 0.6623304917 0.7242782912 0.8853469923 0.882715447 0.8557597511 0.7968582332 0.6008522601 0.8460465606 0.8133866923 0.7717583471 0.7681092619 0.7091518611 0.703981667 0.7058069432 0.6040147887 0.5661017838 0.5662357579 0 0.5765142805 0.5773819694 0.5715560433 0.5272895733 0.5262252459 0.5334577892 0.5365136445 0.8980356703 0.8913205137 0.6672417081 0.6714681297 0.7441942648 0.7511261884 0.747405676 0.7557479474 0.5906204494 0 0.8184126524
0.7633383963 0.8542979073 0.6421135454 0 0 0 0.5655461868 0.7773513142 0.7875659426 0.7821586785 0.7895294376 0.7821304081 0.8423548231 0.6679807263 0.8519324191 0.8533268137 0.8518441576 0.5242397825 0.6922387177 0.5376947658 0.6502350054 0.653473626 0.6536014254 0.8047960212 0.6607646676 0.8838522253 0.6632377249 0.7909285687 0.7958132964 0.8955496543 0.7495600615 0.7440601193 0.8144567416 0.7531574867 0.7225656146 0.7144642424 0.7082911343 0.7069224324 0.5630822381 0.5566094778 0.5622139284 0.5672949803 0.5690718613 0.6402607238 0.6415015057 0 0.5722615081 0.5343913445 0.5455937687 0.8840880755 0.8999563417 0.666340394 0.6673513651 0.6754922018 0.6858383137 0.6893594895 0.687101036 0.8135992764 0
0.8457317557 0.853838165 0.6500977386 0 0 0 0.6837539961 0.8095670112 0.777380115 0.7775213989 0.7814569181 0.7838916804 0.8402461169 0.8357647131 0.8339493055 0.8471146338 0.8488027148 0.6854680419 0.6680060704 0.5417039432 0.5360870504 0.5454134409 0.6565287306 0.8019901884 0.5836612935 0.6712312799 0.8085638507 0.7926499057 0.7980859661 0.7387012813 0.739411416 0.7414971472 0.7451870988 0.748395825 0.6899476378 0.6881592647 0.5575305601 0.5626946751 0.5571230481 0.5543256314 0.5611754708 0.5680256109 0.5728542412 0.6458946042 0.6376031997 0.6466171223 0.6530960413 0.5376749988 0.5361480868 0.7205775614 0.6702845123 0.6667207331 0.6718250751 0.6782074532 0.6821500166 0.6842274314 0.6930919461 0 0.8108577717
0.820750836 0 0.5626946814 0.5653390741 0.8212064634 0.804700322 0.7991694422 0.8050000757 0.7782605384 0.7751936802 0.7774967087 0.7772929953 0.8362162967 0.8314736024 0.8408375339 0.850492937 0.5308628822 0.7871076748 0.6899320946 0.5430583233 0.541768657 0.8150812924 0.5431616871 0.6614729274 0.5453022157 0.5383574104 0.802072235 0.8008243907 0.7998042741 0.7419597743 0.7343476694 0.7382220325 0.7514933648 0.7543985651 0.681978389 0.6866763939 0.563713076 0.5569577843 0.5539415331 0.5539570872 0.6594703661 0.5676067431 0.5763997355 0 0.5567331762 0.6087127166 0.8495363319 0.7266972273 0.7238179442 0.6796141295 0.6746582883 0.6814374064 0.6799200822 0.6761759612 0.6786333637 0.6431195329 0.6427909325 0.6430176503 0.8188836441
0.6481522983 0 0 0.5581648034 0.5567982493 0.8054407931 0.7979456871 0.8022655556 0.7810509037 0.7757912919 0.7724621118 0.7729270292 0.7719238098 0.8403464025 0.8379043734 0.8426678315 0.8604535415 0.5367446897 0.7937754156 0.6984268993 0.552566963 0.6230156343 0.513078763 0.5078935812 0.5123774327 0.6567153191 0.5310035855 0.5344747413 0.5411265158 0.7368408338 0.7434485482 0.7433424577 0.7451039644 0.7526931847 0.6905749124 0.6840050058 0.5666758324 0.5619202416 0.5564125398 0.5633197768 0.5560026227 0.5724878449 0.6067311716 0.7089505043 0.603091285 0.6114838249 0.609687112 0.7657445033 0.7195237594 0.7205034416 0.69729173 0.7002633659 0.6977356371 0.6789389848 0.6945542912 0.6371818263 0.6363781426 0.6433477745 0.8148842645
0 0 0 0 0 0 0 0.80662109 0.7741454017 0.778514324 0.7770604559 0.7693093993 0.7757113008 0 0.8455608386 0.8471142938 0.8612640624 0.6988523308 0.8541456224 0.7579007757 0.717850855 0.8810410386 0.8402718626 0.5122035355 0.5172334835 0.53306668 0.5409199677 0.5491658595 0.6424845468 0.7751848424 0.7473526932 0.7289138318 0.7445976713 0.7489199247 0.6946009057 0.6953196684 0.6896890848 0.5599106882 0.55833549 0.5614337049 0.5647084429 0.6159716206 0.5988916012 0.5987298733 0.6023454878 0.6034769445 0.6604233155 0.7203774733 0.7218771596 0.6020339377 0.697043423 0.6923268527 0.8304269843 0.5274396004 0.835417778 0.8313208569 0.6417164117 0.7043122791 0.5945356761
0 0.695881535 0.5037960488 0.5087336385 0 0.6296296914 0.7330656134 0.7940690939 0.784743765 0.7740640944 0.7734606298 0.7713413025 0.7753988858 0.8550867411 0.6942051473 0.676659769 0.6790342209 0.8585422534 0.7352532592 0.6553521536 0.5814372334 0.7106488358 0.6653340056 0.7598070497 0.8540663411 0.5274974907 0.6849858563 0.7422519655 0.8774021388 0.8547080291 0.7450173743 0.7447735625 0.7454721902 0.7466802787 0.8361582165 0.8314973319 0.8368929024 0.7903533824 0.8402476099 0.5735423992 0.7450602926 0.6676027506 0.6064002568 0.6526168575 0.6513568194 0.658244893 0.6522104877 0.6693978244 0.8079487918 0.6018222128 0.5943643794 0.5993671132 0.5949624028 0.5568587627 0.8364812646 0.6820824423 0.8669929828 0.7970236881 0.6224306814
0 0.5324553613 0 0.6220352117 0 0.7411423578 0.7978757118 0.7879176632 0.7832642563 0.7762005712 0.7718834893 0.7799891117 0.7716194754 0 0 0.6761901947 0 0.7049583568 0.898529733 0.7669708378 0.876984731 0.7088542169 0.6593506183 0.6824688934 0.5235550627 0.5281810905 0.8788941257 0.8884362352 0.6979191022 0.7199469665 0.7499395395 0.5977902545 0.7956511968 0.7960931973 0.7897585048 0.8295492209 0.7990314 0.5095954827 0.7584380929 0.7895195965 0.7833828395 0.6632065126 0.66047409 0.6551330716 0.6507917757 0.6489184698 0.6560794763 0.7879007432 0.7936638575 0.8957042921 0.5952799957 0.5912632432 0.6000973145 0.8113308682 0.6549572047 0.6470071012 0.6483513584 0.6488463142 0.5757372529
0.886010271 0 0.6711876779 0 0.6015896298 0.84355635 0.7954383253 0.6019955405 0.7829257029 0.7855126725 0.7830704129 0.6279814859 0.8911984509 0 0.679498388 0.6843606021 0.6767257736 0.5537209113 0.554189634 0.6608172415 0.5210566837 0.665966054 0.7278184367 0.5245232155 0.6652412074 0.7056083963 0.8799436688 0.8635328615 0.8751790646 0.6368794798 0.6566758026 0.8111430716 0.7900104733 0.7862730891 0.79389989 0.8358788462 0.6689759634 0.8412403605 0.7916894246 0.7797247227 0.7825732812 0.7851710683 0.6572535943 0.654336601 0.6583826617 0.6522963878 0.6538655206 0.7934017416 0.7841068098 0.7886627063 0.5928724025 0.5993481864 0.5917263208 0.6556752239 0.6533991034 0 0.6464209393 0.6542305774 0.6539651069
0 0 0 0 0.6888162192 0 0 0 0 0 0.5704020051 0 0 0 0.6794443198 0 0 0.5443987353 0.5390302327 0.6670756499 0.7013920096 0.7300660897 0.7350825457 0.7356355156 0.6200484585 0.8747428558 0.6015772027 0.8745629462 0.8186675421 0.6589221184 0.8694346623 0.5396078437 0.7898371974 0.8729631839 0.7877345213 0.8736372975 0.7712349732 0.6773371775 0.794773204 0.787551315 0.7786495226 0.7798264671 0.6560004005 0.6642071298 0.6583686673 0.5428665744 0.6568108719 0.9009975846 0.8954866447 0.8974378574 0.9027954029 0.8846329074 0.8724999125 0.6557847107 0.6527648482 0.6463258701 0.6512637775 0.6520099375 0.6618670406
0.5096820271 0 0 0 0 0 0 0.6112480725 0.6103748271 0.6067596539 0 0 0 0 0.8800581121 0.8715529914 0 0.5345213033 0.647485357 0.6763722086 0.5764827264 0.7787399124 0.7712167016 0.7650979774 0.5792702117 0.7032583386 0.5928439861 0.8691213679 0.8745490625 0.649031368 0.6552136159 0.6778621779 0.7381931815 0.7123330605 0.8655237587 0.8730614683 0.8679943621 0.6709813448 0.6694326463 0.781387723 0.7823154028 0.784807868 0.6662424271 0.6614873391 0.7384441687 0.6609087312 0.90315484 0.8940527609 0.8997964365 0.8930379412 0.9000470925 0.8109638691 0.8746766819 0.8693671496 0.6290999432 0.6525722906 0.6554500475 0.5517486269 0.7807888952
0.5112201734 0 0.84651086 0.599344114 0.8725704981 0.6107870624 0.6054807196 0 0.6042717144 0.6051965078 0 0 0 0 0 0 0 0 0 0.7025078036 0.7177932574 0.7943908773 0.5496627229 0.7637956895 0.7573529831 0.8525134717 0.8687362945 0.8665916972 0.6456587818 0.6461152577 0.6464854657 0.6495061942 0.6709096972 0.7098199201 0.8692897393 0.8641261891 0.8674265433 0.6775277544 0.6666739823 0.6637947559 0.6620258311 0.6643822624 0.6606070765 0.568889978 0.5671052804 0.8943293464 0.8998568196 0.8941922919 0.8923152917 0.9046494967 0.8947476747 0.8096091674 0.8106214394 0.8717920678 0 0.6544948623 0.6624730305 0.5512332668 0.5529663035
0.8419008602 0 0.8524939166 0.7935310133 0 0.6127479849 0.6079813068 0.6004289104 0.6066428269 0.6068268369 0 0 0 0.7670784739 0 0 0.749739482 0.6670143112 0.6990012846 0.8862859937 0.7100863125 0.6568840499 0.7214780092 0.8300253366 0.8714566062 0.8713615244 0.6632619226 0.6609782832 0.6509530989 0.6420288907 0.6491332556 0.6514678963 0.6827004568 0.6721826013 0.7010532899 0.8685389581 0.8664288012 0.6870486505 0.670313142 0.6569902248 0.6625092326 0.6580646769 0.6670621166 0.5676163945 0.9127960048 0.9000997694 0.8920013243 0.8910376552 0.8981925693 0.9073087946 0.8089952533 0.8024590547 0.8124255036 0.8064025471 0 0.6722176714 0.5580422234 0.5563628007 0.5592032819
0.7166858874 0 0.7030972623 0.7599880199 0 0.61224994 0.6092882416 0 0.6023433091 0 0.6137396899 0 0.6705836558 0 0.6617879424 0 0 0 0 0 0 0 0.5169446482 0.7890660474 0.5174049645 0.5126982696 0.6583518166 0.6563493976 0.6518981961 0.642090889 0.6480067901 0.6545217458 0.821200673 0.7923291112 0.7912261677 0.6890661585 0.6848010157 0.6849004794 0.6656735104 0.66257184 0.6584885318 0.6662738406 0.6662748987 0.5712991552 0.9144720729 0.9074027585 0.8983253954 0.8939976419 0.8941046261 0.9081837843 0.8104033442 0.8027760244 0.8025941264 0 0.8447473329 0.8427351997 0.8366351996 0 0.5335245699
0.7872890855 0.5687483717 0.5372002859 0.555029471 0.6200565852 0 0.6179182526 0 0 0 0.7547972978 0 0.7972451377 0 0 0.8990593978 0.6306500174 0 0 0.8134766161 0 0 0.7867409081 0.5904277367 0.6017632717 0.840611291 0.6578251029 0.5169942825 0.658125222 0.6546960648 0.6546047682 0.6565053829 0.8525988328 0.7837664945 0.7923142521 0.6897817938 0.694334554 0.6933563216 0.6623008721 0.6614626666 0.6634452891 0.6600024204 0.6215955654 0.5806865941 0.7435289526 0.8984234274 0.9050675793 0.9016076636 0.8949601591 0.8962114421 0.8985750125 0.5784847301 0.8035952682 0.8830703295 0.8361661453 0.8351147673 0.8396888997 0.5255580632 0.5291349098
0.790006872 0 0.6083348447 0 0 0 0 0 0 0 0.59915012 0 0 0 0 0 0.7623808878 0.7688533566 0.8204242088 0 0.6254583577 0.7707080135 0.8593033327 0.7745642808 0.8019461604 0.8194980584 0.7954742239 0 0.6602343974 0.6655071427 0.6663949785 0.6612308941 0.6660548278 0.6485089295 0.7880426286 0.7992951726 0.815402889 0.67743913 0.6713947243 0.6624993135 0.6680278089 0.6776246439 0.5889817858 0.530809059 0.8764051099 0.7405458714 0.9077591564 0.90516522 0.9057819252 0.9058698622 0.9040596571 0.861764782 0.6962191313 0.8863546155 0.8433787835 0.8364468944 0.8422165615 0.5293098745 0.53192988
0.7931090294 0 0.7437939178 0 0.6443740629 0 0 0 0 0 0 0 0 0 0 0 0 0 0 0.7795603011 0.7676826614 0.7711657396 0.7691321056 0.7758018484 0.7982099604 0.7943142963 0.7990176475 0.8024184845 0.8225614453 0.671565429 0.6667191559 0.775819494 0.7726187018 0.7689118179 0.6450861161 0.759928086 0.6847975145 0.6944458634 0.6810153862 0.6812952838 0.672163772 0.7176472969 0.6336991758 0.6706556519 0.7481866182 0.7472566474 0.5025472376 0.636969095 0.9066899919 0.5173073937 0.5122011414 0.519973525 0.8668358433 0.8502066112 0.6832097947 0.8470696725 0.8481965025 0.8457941628 0.6745028005
0.5852686716 0.8039411497 0 0.640204604 0.5248842397 0.5791948924 0.8064591645 0 0 0 0 0 0 0 0 0.7748288284 0.7315413383 0.72379607 0.7165027096 0.7836450556 0.7739964905 0.764996578 0.7708134723 0.7792177506 0.7243297539 0.8009528173 0.8011438062 0.807609522 0.877838826 0.599299153 0.5204149961 0.7700436129 0.7683952758 0.7734073487 0.7703255436 0.7722601417 0.6046346384 0.6140342593 0.6869820446 0.8454560956 0.6903426122 0.743782317 0.5623873917 0.6363654369 0.6835360741 0.6787137414 0.6769856174 0.8991689438 0.6778918108 0.5156927891 0.7819424598 0.6421131398 0.6403318133 0 0.6917820952 0.6831299967 0 0.8492530752 0.5144360307
0.819538062 0.7996675378 0 0.8402928494 0.5743936489 0.571872372 0 0 0 0 0 0 0 0 0.5491642071 0 0.5675836942 0 0.5335490373 0.5288013962 0.7698707657 0.7670205709 0.7720458759 0.8280249661 0.825498592 0.8291069313 0.6267235647 0.5376714599 0 0.7336234768 0.630818817 0.6279562918 0.6247455861 0.7676099506 0.7671876521 0.7667767825 0.6045833969 0.7652176024 0.7510992372 0.6000236581 0.7588406958 0.5602787054 0.7364201752 0.8295160969 0.8068899087 0.8140427716 0.6768418813 0.8119734676 0.6521637612 0.6509492324 0.6421705124 0.6334718208 0.6390451958 0.5266057832 0 0.6863218578 0 0.768346143 0.8547416259
0.8012133492 0.8595968874 0.8067380064 0.7398702753 0.5815513562 0.5721582442 0 0 0 0.7756453885 0 0 0 0.5428632915 0.5429959702 0 0 0 0.7445580631 0.7478908739 0.7458598081 0.7597567867 0.8311658524 0.8246683295 0.8205293374 0.5633049112 0.8229899801 0.8335668223 0.7106211434 0 0.6238354024 0.6226097382 0.6238222629 0.770860572 0.7710490552 0.7649557936 0.7704482264 0.763937475 0.836081012 0.6528057283 0.5677866424 0.6636239074 0.6004422325 0.8037126339 0.5469133848 0.8023679478 0.8094522898 0.8060827396 0.8137209003 0.8125756815 0.5244978607 0.5273526224 0.5237578141 0 0.5361521575 0 0.8694711476 0.5447651887 0.7080463809
0.8607508865 0.5275633388 0.6407234409 0.6803445573 0.6826157563 0.6859944432 0 0 0 0.8179819289 0.5908060426 0.8134280918 0.8055718375 0.5451099826 0.5415243372 0.5396026013 0.6744570402 0.7506138131 0.7471371015 0.7415216654 0.741816443 0.7514355438 0.8325114713 0.8216923044 0.8193054944 0.8168428408 0.8241144909 0.8308546802 0.7876229681 0 0.6252443438 0.6288107106 0.6269094734 0.6862041256 0.7690391397 0.7650311268 0.7725500315 0.8733512803 0.8392913238 0.8448581669 0.8733946213 0.6864585577 0.7492621073 0.7959539771 0.8006415172 0.8068925382 0.8005149012 0.7996772268 0.7962483921 0.8076746738 0.5278169165 0.5219462239 0.5280739385 0.5279979683 0.5378094214 0.5385906311 0.5422805373 0.8297269675 0.8298345685
0.8599038185 0.689532965 0.691441904 0.6429918246 0.6781425123 0.5120703402 0 0.6128663951 0 0 0.8730696902 0.837373583 0.843647132 0.5471922784 0.543797827 0.533208712 0.5389016973 0.745458801 0.7426193938 0.7436959078 0.7488299388 0.7495586926 0.8312831372 0.8258243254 0.8219433144 0.8178739238 0.82581432 0 0.8330210949 0.6297146274 0.6318358978 0.6309398333 0.8659223456 0.8563710798 0.8575000114 0.8649894052 0.8705110438 0.8736939894 0.8883574028 0.8897141117 0.6884381312 0.6795202433 0.6816808323 0.8006138219 0.7952974044 0.7939171141 0.7952691584 0.7943196411 0.7982657073 0.8018975042 0.5303267633 0 0.518418273 0.5212479738 0.5325603664 0.5333074512 0.7742378279 0.8315949257 0.8295595778
