landscape/hab_quality/256/simulation_000077_p051_h086_HABMAT_patch_more_500pix_modified.asc_ac_0.5_quality.asc
NCOLS 513
NROWS 513
XLLCORNER 0
YLLCORNER 0
CELLSIZE 9.980507
NODATA_VALUE NaN
[rows 162 to 188 of 513, columns 60 to 119 of 513]
0.7412881891 0.7444126781 0.7442916632 0.742796697 0.7600446443 0.7523986122 0.8955366746 0.8858372633 0.8856720394 0.8786524653 0.8868342139 0.8200522824 0.6519084501 0.651048434 0.6502811079 0.6557734793 0.6599447698 0.6658378922 0.6743330502 0.6799863398 0.6817187627 0.6730594323 0.6733822008 0.6824083963 0.8812492157 0.7269880033 0.8473177592 0.8387274426 0.8481564724 0.5295486831 0.5134943767 0.5741359859 0.5679362935 0.5658776284 0.564288397 0.5654267556 0.7414847538 0.5711953389 0.765499467 0.7653477469 0.7628314052 0.5850783476 0.5929388892 0.5997040375 0.5004109275 0.5543188621 0.5470374625 0.5404259198 0.544529518 0.5549160627 0.5554466781 0.7242253128 0.7240533397 0.729660868 0.8900717542 0.5308108107 0.6577889501 0.8512029503 0.6028624383 0.5894965975
0.7473149315 0.7538742426 0.5470140835 0.5454038914 0.7587680608 0.8924455453 0.8863453981 0.8778203584 0.8778524172 0.881992294 0.8910427882 0.8854167576 0.6542231435 0.6551247527 0.6501382517 0.6529444385 0.657194107 0.6694728023 0.6722153245 0.841296356 0.7552560947 0.6822612352 0.6760336788 0.8491029346 0.6530924942 0.6585152169 0.6606228948 0.8482891757 0.8450694989 0.5198834708 0.7203938239 0.569984007 0.5669145825 0.5731059913 0.5705804404 0.5632618552 0.5654077246 0.5663668724 0.5711417903 0.5732322722 0.771944405 0.5839184352 0.6491053463 0.6486924132 0.6567694215 0.5548228851 0.6154537401 0.5420238541 0.5477113562 0.5530706339 0.8993134409 0.7271677091 0.7320120325 0.7249058931 0.5758296384 0.6752413106 0.6658335584 0.5059379274 0.6007535146 0.5975944771
0.7335345291 0.5690669748 0.5506921887 0.544236516 0.507619193 0.5588778178 0.8774110567 0.8767240605 0.8808519598 0.8843310469 0.8823091706 0.8835798778 0.8899106791 0.6599835862 0.6599382077 0.657779786 0.6756357421 0.6714499362 0.8384945491 0.8398832476 0.747679751 0.7747576546 0.8568617272 0.8571609443 0.6512869432 0.6518522103 0.6494439919 0.5732963546 0.5224512326 0.5215594404 0.5455217918 0.5672507238 0.7674518608 0.5720418131 0.5657516091 0.5637162881 0.5588252211 0.5667997065 0.5719412072 0.5786445604 0.5772471647 0.5836861363 0.6503919396 0.6478572958 0.6462502553 0.6297233533 0.6295507114 0.6386104082 0.5519799826 0.5387689049 0.8956981139 0.5876263197 0.6393289757 0.6772829245 0.674227453 0.6796564419 0.779366186 0.7630937141 0.5060740076 0.6008217472
0.7245873998 0.7268575384 0.551832351 0.5476553632 0.5540937781 0.5550360661 0.8839917694 0.8789655303 0.8850837821 0.8870898417 0.5240779419 0.8919474261 0.8902248152 0.6559414589 0.7234614202 0.5769471623 0.5757162743 0.8470929424 0.845839029 0.8447498624 0.6061638705 0.7306233365 0.5342491329 0.6811938794 0.6569315577 0.6486365658 0.5714800253 0.8642534666 0.8852372423 0.7823540294 0.7822902533 0.7212096793 0.8116665963 0.6880660167 0.6306710542 0.565384908 0.5670122581 0.5623793767 0.5700747781 0.5768862155 0.581667718 0.5888810784 0.648725677 0.6484916371 0.6386408059 0.6354164486 0.6290603935 0.6297319957 0.5471091579 0.8459372754 0.8025764865 0.9041211431 0.7589391447 0.6789596004 0.6789274454 0.6805519771 0.705249234 0.7019537354 0.6058324085 0.5506826416
0.7308164393 0.730319916 0.5564590342 0.5473873455 0.5484785152 0.5485843192 0.5649276425 0.8872927969 0.8808950609 0.7656030816 0.7640483478 0.8951855448 0.5537519322 0.6606604139 0.660893325 0.5726856215 0.5751764156 0.5779619179 0.5547539516 0.8468693923 0.594168699 0.7336825023 0.7367350983 0.6601007778 0.6528125228 0.6559992574 0.8623023512 0.8716419898 0.583720135 0.7799083006 0.7757476206 0.7832525634 0.7505726383 0.6342077167 0.6272796914 0.6272667375 0.8486970912 0.5738841121 0.5708936651 0.5717317768 0.5854812033 0.5397246499 0.5828966606 0.6436203042 0.6390401626 0.6331619739 0.6283598056 0.6382218915 0.5023905606 0.7454046905 0.912341768 0.7454874174 0.7529877713 0.7601639159 0.7548961271 0.6979392669 0.6960788081 0.6955286315 0.8322426338 0.8349878889
0.7336042299 0.5566889924 0.5501669203 0.5517641041 0.554305582 0.5494227477 0.5684505571 0.7662084355 0.8885238843 0.8825695064 0.888087932 0.6390111304 0.6874927981 0.7905306617 0.5729475356 0.5743705847 0.5696145013 0.5518959085 0.7755026155 0.7819872799 0.85233336 0.5711066832 0.8334066166 0.7320860789 0.6404584646 0.7608059342 0.8723018973 0.8673000919 0.7271490934 0.7066234928 0.7398967472 0.80210318 0.7609480953 0.627742195 0.6274850474 0.6180034121 0.6192819264 0.6010296685 0.5748113315 0.5799311196 0.5348896599 0.5332851841 0.5692301352 0.5735378195 0.6388837502 0.6332788662 0.6308628283 0.6373551256 0.5006381302 0.8351190342 0.8293293805 0.74286084 0.745388044 0.7505639544 0.756118699 0.6910096609 0.6897800401 0.6990005671 0.8316975185 0.6988869489
0.6225142554 0.8131703138 0.5548090618 0.5582225939 0.5558597138 0.811075822 0.8022184412 0.5014479366 0.884416256 0.5550957636 0.8968304376 0.7843915724 0.7782359767 0.9010864597 0.8992581628 0.5761857849 0.5776562459 0.572449843 0.7812846898 0.772455014 0.8537289841 0.8568657204 0.565279507 0.6377203118 0.6400153149 0.6378121802 0.8560894838 0.7409405299 0.7344005625 0.7265346624 0.7304309517 0.723935511 0.6596623544 0.6305408102 0.6252921233 0.6225087732 0.6279735608 0.7864249098 0.5986697122 0.5946409696 0.5344957404 0.6122814035 0.6158184928 0.5692296292 0.5761466087 0.6478109679 0.6419223567 0.5133618229 0.5045788801 0.8318674732 0.8260751327 0.7427088899 0.7415100996 0.7465628456 0.7602900623 0.595895932 0.6918742259 0.8298516542 0.8373294853 0.6903414445
0.7226259332 0.7146210419 0.5676230609 0.5636425946 0.8036005048 0.806334578 0.6285639874 0.8459767123 0.6629844127 0.6542323191 0.6934097332 0.6925797475 0.776984761 0.7780538633 0.8926088056 0.7751134957 0.7799901498 0.781864623 0.7753674044 0.7614708592 0.7633465191 0.7239928649 0.5682327734 0.5630414069 0.6321702943 0.6368321885 0.7474036046 0.5858712632 0.7164406318 0.72079265 0.7226753554 0.7229012468 0.5024290735 0.8171571048 0.5015659975 0.6731844973 0.631352706 0.6001752425 0.6001008301 0.5968318972 0.6248102575 0.6686396522 0.6111960763 0.614263881 0.5705221692 0.6577523192 0.6526304186 0.5401978288 0.5399789355 0.8265412911 0.8317528846 0.7478150202 0.7455286392 0.7464391024 0.7491304786 0.899525294 0.60215242 0.9022220089 0.8381088066 0.6877975806
0.702221807 0.7047212904 0.5691426641 0.566606505 0.5722900748 0.8448136859 0.5972601402 0.6062705324 0.6628815956 0.6947893665 0.6848961288 0.7649496031 0.7832335524 0.7751651696 0.7718811384 0.7789403747 0.7862070041 0.7343092691 0.7754129024 0.7639368568 0.7609971973 0.7663753897 0.7960242011 0.6175378821 0.6235287021 0.6194497084 0.71899758 0.7246462193 0.7159117272 0.7122302658 0.7159680317 0.7182193432 0.5033464691 0.5014416433 0.5972015346 0.5965098042 0.8407109859 0.5824197972 0.6016548824 0.6030997251 0.6211003305 0.6164388103 0.5387122847 0.6161500508 0.6202593674 0.6263548028 0.6602617741 0.5382963604 0.534495748 0.5340003114 0.8348082239 0.8401657591 0.660419504 0.7533947902 0.7420257752 0.8960298308 0.895525384 0.8809634433 0.8794273547 0.8734868336
0.7021469112 0.7047877471 0.7054176485 0.7067586217 0.5740324907 0.573659428 0.5881316234 0.5213773068 0.6636416549 0.693775891 0.6113872119 0.6907557882 0.7809980142 0.7800745819 0.7796622078 0.7783903402 0.7843137379 0.7803482926 0.7658724061 0.7655803296 0.7686503287 0.7698409232 0.7072909325 0.6639842385 0.6144208464 0.6601065444 0.6538189925 0.811590985 0.7172840672 0.7094426673 0.6957678888 0.7023858892 0.7011100588 0.594557974 0.5943294932 0.6016659799 0.6046833351 0.6063616233 0.6204550218 0.6249829636 0.6285138917 0.6186685064 0.6218871344 0.6234735603 0.6224882338 0.8926673375 0.6263233637 0.5363784476 0.5322535627 0.5363633929 0.5339000953 0.7734697682 0.7796997095 0.6659707916 0.7710607374 0.9026661081 0.8857559892 0.8771495263 0.886343586 0.7611996375
0.8734572225 0.7121947019 0.7662802723 0.7144333967 0.7243084855 0.7562273666 0.5920323041 0.8481734501 0.5870501552 0.7728346626 0.7680692913 0.7292294228 0.7342228391 0.7388761595 0.677015936 0.7803259029 0.7808537738 0.7782613637 0.7720409247 0.7678062048 0.7688206798 0.7758551129 0.7978127414 0.6706441637 0.661066846 0.6526060005 0.8077943664 0.5464291141 0.7183435534 0.7097761531 0.7005083539 0.6929388243 0.6946085963 0.5944540464 0.5653035243 0.6029547394 0.6069809062 0.6305081007 0.6269365248 0.6198565828 0.6251270807 0.6344107614 0.5246366341 0.6314447206 0.6256452399 0.6324719593 0.5443439917 0.5385594732 0.5337421598 0.5332912797 0.5407786747 0.7702635496 0.8645232145 0.7786958755 0.7690615139 0.7658643027 0.7522219931 0.7529191658 0.7539302279 0.7613295302
0.7093028405 0.7139835319 0.719033502 0.6598518248 0.739062252 0.7789189869 0.7235675431 0.5861253555 0.585948071 0.5856701609 0.7182339672 0.7371383586 0.737029583 0.6851074644 0.6701415516 0.7780136345 0.7761624077 0.8265497014 0.776853419 0.7745218955 0.7775633432 0.8864777443 0.7962020304 0.6670194291 0.6549326516 0.6613198687 0.6585688889 0.7841941157 0.5988352245 0.5527758228 0.6942371934 0.6977740113 0.6952315901 0.5944686638 0.6035727568 0.6961481065 0.6099607231 0.80217909 0.6287364934 0.6232075746 0.6253717459 0.629052047 0.5324712077 0.5264072249 0.5053476487 0.6259957601 0.7667121035 0.6165902165 0.6186637991 0.6125386434 0.5345900846 0.5586167751 0.769562065 0.7704104206 0.8621833123 0.7516693932 0.7574371626 0.7493490425 0.771366828 0.6341518652
0.7152151931 0.7248869245 0.7284707891 0.777155316 0.7702938152 0.7299752161 0.7858426263 0.5819713907 0.5775589796 0.7245112591 0.5895636856 0.5954783328 0.5998861082 0.8721389183 0.6731056966 0.7824915841 0.780080476 0.7832760038 0.7764071655 0.7788791396 0.7787888013 0.7868422165 0.7908619 0.6596592873 0.6550414557 0.6610107999 0.5941612716 0.5971329212 0.6059386148 0.6167624932 0.6257765555 0.871896114 0.7051951355 0.681952541 0.8322042628 0.67610899 0.5685249892 0.5631475742 0.6269334999 0.6269021974 0.6261178858 0.6340205103 0.5405766406 0.5330733515 0.5884568956 0.8206979007 0.8634693774 0.6179868488 0.6096151261 0.6985354243 0.6141588364 0.7741949211 0.7784482927 0.7075097552 0.8625886007 0.7546600556 0.7516297815 0.7569425856 0.7561624309 0.6093077778
0.5600701599 0.8330524798 0.6943899622 0.778778633 0.7397915803 0.5741425372 0.5707459592 0.5727270045 0.5657851103 0.5796776908 0.5968239421 0.5949427999 0.6044386345 0.8218477133 0.8142511289 0.6915869415 0.8046898439 0.5984088455 0.7799117638 0.7865630777 0.7867745169 0.7868824302 0.794251028 0.538717553 0.5998378263 0.5998320219 0.5922938016 0.5950352882 0.6109858591 0.6159041314 0.6196314624 0.8771618478 0.5517800691 0.6979120924 0.6797179368 0.5686454297 0.5652006404 0.5614389638 0.6585432498 0.684500083 0.8619753976 0.7069870529 0.5401338783 0.7071257639 0.7047179035 0.7059819038 0.732545069 0.6138179412 0.609552247 0.6073363271 0.606368259 0.6081060602 0.6244659419 0.6487615406 0.7152970702 0.754332608 0.7595228936 0.758621548 0.766204765 0.79966734
0.6839226136 0.6855636024 0.6945247301 0.7815031258 0.6247471997 0.572028437 0.5559745471 0.57961113 0.5571101528 0.5585554483 0.5966539946 0.5756572478 0.603814826 0.8030698625 0.8084810345 0.5462947777 0.799870917 0.7179551856 0.8701308529 0.7894773217 0.7879154439 0.7964724393 0.5375818383 0.852870394 0.6029034516 0.5974957487 0.5615563387 0.6019213908 0.6075174494 0.6128891283 0.8750382722 0.6008040967 0.5726968914 0.8760953532 0.5891919403 0.5860601698 0.5847291563 0.6968732824 0.6978311675 0.7006582373 0.5220849063 0.5240690766 0.7018077279 0.696554582 0.7006832232 0.7010294352 0.7217206656 0.6161929259 0.6033089777 0.6028177076 0.6008214294 0.601553545 0.6074491493 0.5724973629 0.5249112507 0.759735823 0.7596866927 0.7602835079 0.7921510206 0.6512523838
0.6922842123 0.6907746983 0.6739903542 0.7103296849 0.7848230706 0.55605627 0.5477303095 0.5508176008 0.5606416608 0.5655570354 0.5712638527 0.6230760836 0.8048223169 0.7982314379 0.7989008523 0.7934953968 0.7539964379 0.8064677694 0.7904476473 0.7952901613 0.7976847152 0.6469291321 0.8402169848 0.6739938457 0.6724438325 0.6150383502 0.6055334525 0.6074275403 0.6023935283 0.6111120197 0.5815507506 0.5762335662 0.5686224067 0.5729586039 0.5728848343 0.5815161061 0.7009275568 0.6999234918 0.6928635049 0.7913841934 0.8710681222 0.8688368725 0.8664991369 0.6952704753 0.693268655 0.7168960182 0.7249383068 0.684810659 0.5976058139 0.5934336392 0.5938034044 0.6048577894 0.6054477984 0.5735221002 0.5787744447 0.7623171645 0.7654263571 0.7625384544 0.858307632 0.5271031327
0.6935510806 0.697747484 0.7022091555 0.8823242651 0.8756355566 0.709323971 0.5520487397 0.556606299 0.5640296752 0.5719816988 0.5683024037 0.5770901648 0.8039812167 0.796224653 0.7912590061 0.7953769276 0.8000011897 0.7906735051 0.8020876063 0.8020560307 0.7173641806 0.8191974295 0.8306475999 0.8304013228 0.6081944036 0.6142901349 0.6093861154 0.7178887607 0.6163175291 0.6120146724 0.5837440799 0.5772968822 0.8080071654 0.5664385218 0.5739928201 0.5237482111 0.5209251135 0.6934888784 0.6303571751 0.6955217827 0.8796873035 0.870385179 0.8628372615 0.6989445322 0.6908861647 0.6942503407 0.6749403923 0.680027001 0.5950049309 0.5961346397 0.5943986774 0.6071988159 0.6107249623 0.8625898886 0.8600032963 0.8609579032 0.594014938 0.8615421978 0.8568842112 0.8587423237
0.871566155 0.6936362069 0.7025253938 0.8716287825 0.8749746315 0.8329601522 0.5542274758 0.5548326231 0.5631985504 0.5679402433 0.5833549325 0.5778781979 0.5770380357 0.7950863824 0.799946558 0.7990098382 0.8161171739 0.8454700186 0.8217045973 0.7912031793 0.8126081585 0.8189931532 0.8207630084 0.8239402483 0.5593199401 0.6163853233 0.612985256 0.6177226275 0.7458809554 0.5817628636 0.5795809885 0.5866975774 0.5722811884 0.5680573442 0.5748434169 0.5224688902 0.5274486939 0.8395725883 0.6350924824 0.631374104 0.8745204642 0.8719134778 0.8585178065 0.8559961896 0.700233409 0.7092563365 0.6826918849 0.6775505031 0.6814933248 0.8936943134 0.8105949062 0.630054897 0.5773044708 0.8582220816 0.8549476047 0.8544133456 0.8522794058 0.8548895765 0.8615998222 0.7069278612
0.8749703576 0.7030552911 0.6992567377 0.8799957517 0.5293284554 0.7984050083 0.5639696606 0.5600680234 0.5582702551 0.5861305699 0.5837684924 0.5761334925 0.5846679852 0.5851328726 0.8042077458 0.8076772992 0.8092947747 0.81162305 0.8042397819 0.8158875766 0.7962850932 0.812171358 0.7971384674 0.8036854588 0.6276572049 0.6217811912 0.6131282974 0.6203653585 0.6868017962 0.5386499407 0.8248563869 0.5808135268 0.5765112675 0.5752535431 0.5684867767 0.5266804272 0.5238043002 0.8443131108 0.843474598 0.8530538214 0.5421873208 0.5405725292 0.8626974632 0.859379149 0.8647349258 0.7060231738 0.8189028594 0.8192454834 0.8882867901 0.700792652 0.8536256348 0.7690681499 0.8586417573 0.8520958937 0.8448393392 0.850064671 0.8435571501 0.8540755538 0.8559982812 0.6491265608
0.5635606133 0.8886643968 0.7884958058 0.8185183947 0.7863820652 0.7852134348 0.5680059243 0.558378544 0.5674877336 0.5655855023 0.5736572715 0.5832751475 0.583558502 0.5852170138 0.6012480694 0.8666983014 0.8650119224 0.5996210378 0.7408117755 0.7118263032 0.7953218227 0.792847484 0.8244473349 0.8005942372 0.6285731431 0.6823661532 0.6777773434 0.6805888118 0.6855668202 0.8468840086 0.5885333416 0.585063823 0.5800472723 0.6350245081 0.6402533815 0.6347372746 0.6527886648 0.6523395402 0.6549657145 0.8311727908 0.5844728728 0.8655533916 0.7658829451 0.7800170126 0.7737939936 0.7723641599 0.8220457031 0.8127795699 0.7453523615 0.5933939877 0.8460055536 0.8526490506 0.6831171116 0.8547594835 0.8468964097 0.8427181785 0.8462999631 0.8481132403 0.8488468526 0.6559617332
0.5590124534 0.5561163851 0.5550223464 0.5543057274 0.5519833162 0.78286017 0.7809190234 0.5787786233 0.5716859498 0.5733448154 0.5728159846 0.5817204463 0.5808733591 0.584072574 0.8185941143 0.8584221824 0.5985555964 0.70744745 0.5966003994 0.6001061883 0.7933262018 0.7941563777 0.8003774655 0.8016958082 0.6703324096 0.675207727 0.6727431498 0.668091461 0.6672713157 0.5754046766 0.5764638864 0.583117209 0.664958197 0.6432769051 0.6333391485 0.8353087654 0.6435831926 0.648332936 0.6580516439 0.6442120586 0.6472276551 0.6494913455 0.6475306096 0.7782975158 0.7718290624 0.7734078231 0.819813821 0.8156533638 0.8459374734 0.8472862725 0.8433038232 0.8505421067 0.5980922987 0.8552374389 0.8431336585 0.8412537071 0.8399295413 0.8444293435 0.7307898097 0.6760389894
0.8966340827 0.5483663693 0.8660528729 0.5497828184 0.5492505362 0.5573326586 0.7855949935 0.7757061604 0.5781798109 0.7100871633 0.5761256767 0.5806804635 0.6037975587 0.6500160184 0.7543941504 0.818105395 0.6015629526 0.5925801215 0.5933302682 0.5896160153 0.8675364682 0.8048538388 0.7351535091 0.8064962475 0.6733415551 0.6662675612 0.6746267719 0.6665327354 0.6713479837 0.5741057065 0.5763907274 0.7775602499 0.8418393514 0.6394769795 0.6378606228 0.6355045286 0.6459766237 0.6531897505 0.6511945049 0.6274815351 0.6432617529 0.6466447663 0.6493386368 0.6532712678 0.7784126373 0.773912726 0.7131191129 0.850097281 0.8408896984 0.8399331515 0.8456550453 0.7812315122 0.7762387591 0.8359065285 0.8513901731 0.8424946366 0.8421311129 0.8414901497 0.8805784829 0.6954176727
0.565878233 0.5451539478 0.7976858225 0.5525610639 0.5480399076 0.5545264051 0.5584603011 0.5387016293 0.7780575877 0.7795229213 0.5843608978 0.5883256758 0.5889972417 0.6937493207 0.8036164926 0.6853018505 0.6036993469 0.5960267918 0.5862371986 0.5862765114 0.5897579482 0.7508312045 0.7763227967 0.8098059339 0.6733766667 0.6706386849 0.6648413703 0.6663092725 0.6757822652 0.7212867737 0.5807685004 0.8505754231 0.8405863347 0.6411104455 0.6477169012 0.6463977254 0.8105507075 0.5651757709 0.5007809073 0.644948235 0.6421025948 0.6431209348 0.6527802555 0.6544226152 0.6565552325 0.6690358335 0.5368872816 0.8423607269 0.573372259 0.5615377707 0.8917803699 0.7745188189 0.8266359412 0.8272574188 0.8246803904 0.8500668014 0.8444047847 0.8491149406 0.8741927194 0.8539901316
0.5547637871 0.544746034 0.5432748277 0.5443370904 0.5429775899 0.5564815054 0.5612532356 0.5698930526 0.7773957388 0.779580104 0.5856388051 0.6650520539 0.7360994498 0.5420799707 0.6841822968 0.6758625653 0.6055716224 0.5957918063 0.5945251785 0.750559478 0.6096414069 0.7522872144 0.7485124706 0.6776882494 0.680869779 0.6745766757 0.6698140508 0.6699955323 0.6730865582 0.6058590567 0.595960456 0.5992076192 0.5160805391 0.8493297276 0.5910098876 0.805263552 0.8056360592 0.6930619676 0.6911316132 0.6494783245 0.6418384172 0.6485586676 0.647095924 0.6565075252 0.6605723366 0.6687094297 0.9126556607 0.7613734469 0.5654677327 0.5585918367 0.7699949948 0.8377229269 0.8298153564 0.8236638175 0.8257897926 0.832202829 0.8520785855 0.8444219566 0.8493398724 0.7314684623
0.5488811673 0.5466343051 0.5451651055 0.5422615004 0.5485649607 0.799923623 0.5659581714 0.5647667167 0.7851762019 0.7783814962 0.6715469614 0.6593088655 0.6652899212 0.6868733846 0.6856113389 0.6804369848 0.6711262956 0.6026676401 0.597009352 0.6030346483 0.6128740209 0.5163708716 0.747136454 0.6485725541 0.8723790145 0.7535318448 0.6776505754 0.674408068 0.6700679149 0.7594718703 0.5970802347 0.5929927917 0.591530926 0.5897486148 0.8131419393 0.8060372631 0.8122096729 0.5320043388 0.6565660549 0.6482550497 0.6438180011 0.6421038454 0.6437705165 0.6527181439 0.66396934 0.6651882229 0.9048072157 0.9116185325 0.5721973969 0.8448276321 0.8357619327 0.7684165099 0.8279772974 0.824300371 0.8750660492 0.8339338104 0.853892715 0.845379051 0.8451215137 0.7223461527
0.5523816836 0.5542649417 0.5524055802 0.545289989 0.5498992918 0.5590215167 0.664557168 0.6664806207 0.7912407969 0.7914514949 0.7336761993 0.6625702418 0.8973112846 0.5442485646 0.5391439018 0.5880100779 0.5440844324 0.6613207473 0.6704045149 0.6692250269 0.6694720696 0.5146376484 0.522508684 0.7490752324 0.8670549294 0.7640611446 0.7502057538 0.7572352656 0.7510324286 0.7638844826 0.5948748296 0.5348476004 0.5885203304 0.5911935149 0.5938882295 0.899923246 0.526476057 0.5820293906 0.5304966039 0.6766620265 0.6465218471 0.6498035249 0.6498498847 0.6554630596 0.6564454334 0.9096283427 0.9087703644 0.9025176664 0.8494626227 0.8375880668 0.8358168781 0.8336682854 0.8333411439 0.7872543628 0.830488103 0.858833732 0.8498613767 0.5380610492 0.5405551207 0.5406783972
0.5545851749 0.554456339 0.5068180085 0.5515910229 0.5566926097 0.6563683762 0.6565289078 0.6572112737 0.7256675734 0.7271395012 0.733310189 0.8981945234 0.8988765894 0.5447174198 0.5377757005 0.5344854078 0.5420041589 0.6775598374 0.8660275506 0.6635354898 0.6713190827 0.5172691953 0.5188513338 0.5314587839 0.7808551907 0.5219931768 0.7544179584 0.7479456507 0.7524821066 0.677893 0.6682643425 0.5964094005 0.5925136005 0.5906905822 0.5983407118 0.6018359852 0.5253981719 0.5207750678 0.5279440475 0.6702102883 0.6631985504 0.6598333233 0.6522800773 0.6575754481 0.7621956516 0.6835899244 0.8998691102 0.5469993129 0.5442298978 0.8406361629 0.8387439492 0.8367253305 0.8345033635 0.8348835928 0.8382825865 0.8316582186 0.8468703351 0.5775654969 0.5315270409 0.5346745254
