landscape/hab_quality/256/simulation_000092_p046_h034_HABMAT_patch_more_500pix_modified.asc_ac_0.5_quality.asc
NCOLS 513
NROWS 513
XLLCORNER 0
YLLCORNER 0
CELLSIZE 9.980507
NODATA_VALUE NaN
[rows 32 to 63 of 513, columns 365 to 437 of 513]
0.7254971098 0.7282005109 0.7336611032 0.7119851722 0.7106088119 0.7102852567 0.7077254028 0.8834999949 0.8782586051 0.8872814093 0.6455841264 0.5621567657 0.5688569472 0.8504057175 0.5919225441 0 0.5950792838 0 0 0.6089245443 0.6082180397 0.6124865585 0.6494567978 0.6578200732 0 0.781494434 0.7862262203 0.8690779769 0.7830682481 0.6428767723 0.8624334856 0.8626304432 0.8652059215 0.7810310674 0 0 0 0 0 0.810318966 0.5289866784 0.5516178112 0.5448816606 0.6417464728 0.8048258503 0.7996560444 0.8077084727 0.80552704 0.6175930601 0 0 0.543322569 0 0.5300177607 0 0 0 0.8958081482 0.7821760905 0.7776365912 0.7749953662 0.7019816354 0.8819887767 0 0.7669123342 0.7511643089 0 0.7421235657 0.7508459828 0 0 0.7710305634 0
0.6095982758 0.6125600835 0.5284298579 0.6101794578 0.8408049532 0.7106422959 0.7195581873 0.7162119809 0.7116477934 0.8865668121 0.5717462792 0.6294326294 0 0 0 0 0.5901053394 0.5983271942 0.5912695319 0.6249883956 0.6075401435 0.6121077553 0.6175905931 0.6563194288 0.6594140206 0.7951887843 0.7830635349 0.7804083055 0.7809636575 0.6482208913 0.6525185414 0.6025621041 0.6445346798 0.8090963298 0.8592875941 0 0 0 0.8521268473 0.8132819482 0.8181508464 0.558371387 0.5522633747 0.5445872777 0.8390718228 0.8044705959 0.8016375663 0 0 0 0 0.5406765306 0 0 0.676116381 0.6666561121 0 0.7919236334 0.7708874552 0.8359711307 0.7563334131 0.7598292533 0.8747865085 0.7651408031 0.731277804 0.8884052108 0.7435805878 0 0.7467820782 0.7475834845 0.7483436282 0.7654127358 0.7744205938
0.6149939567 0.554677535 0 0.6118454264 0.6108044183 0.6167023921 0.707893848 0.7196139124 0.72915022 0.7141101877 0.5815816222 0.6391919828 0 0.6370233211 0 0.5902070865 0.5857990494 0.5901135614 0 0.6045046894 0.6107027846 0.6097752682 0.5598850638 0.6614316455 0.5027812322 0.6962731011 0.7812080203 0.6922004907 0.5317431366 0.5177117244 0.5278922393 0.7986281023 0.6390939757 0 0 0.7734441534 0.5829759889 0 0.8849829846 0.5863057445 0.8190896066 0.6339961499 0.693141953 0.5411954556 0.5390508413 0.7351600085 0.5361451038 0 0 0 0.5375316553 0 0 0 0.7929054278 0.6440872532 0.7070614542 0.7079976647 0.7627512963 0.756739208 0.8300351767 0.8295368464 0.7588935233 0.7572573324 0 0 0.5410252235 0 0 0.7474278043 0.7563216475 0.759831621 0
0.613600421 0.6084940521 0.6014185789 0.625806099 0.6167613555 0.6420021949 0.6443854133 0.890608244 0.5018431076 0.7098969529 0.5259712953 0 0.6303835307 0 0 0 0 0 0 0.6003640207 0.6069197655 0.6165741571 0.6136792977 0.8220483796 0.6589151062 0.7336890861 0.6579403674 0.6739501545 0.5176355525 0.5129110408 0.5130678258 0.644148855 0.6433062904 0.8579777977 0 0.7613572398 0 0.5845502942 0.6147109015 0.6176457148 0 0 0.5984626895 0.5451244283 0 0 0 0 0 0 0 0 0 0.7893557217 0 0.7880672756 0 0.7037805143 0.7126788595 0.7611036148 0.8361480504 0.7576392791 0.7530560539 0.7569244743 0.7588849812 0.7593455974 0.54131154 0 0 0 0.7491809326 0.7591531582 0
0.5719244536 0.606984627 0.606807484 0 0 0.8867468848 0.6438277087 0.6723300865 0.8919819396 0 0.8925074306 0 0 0 0 0 0 0 0 0.7756517546 0 0 0.529592719 0.7396081313 0.6127553677 0.836345341 0.7072789265 0.6434329587 0.5160583491 0.5199501125 0.521246673 0.6498291607 0.6518016048 0.673323788 0.8460588117 0 0.5400616024 0.618495329 0.6209847227 0.7491942001 0 0.7454510542 0.6719976529 0 0 0.5418100622 0 0 0 0 0 0 0.6156247867 0.6173360523 0 0.6173437457 0 0.7029551126 0.705216286 0.8453449205 0.5051145983 0.7555526731 0 0.7591493639 0 0.759643633 0.7610513821 0.526832187 0 0 0 0 0
0.5623236423 0 0 0.6074876972 0.8775615589 0.8708713975 0.5143380047 0 0.602347624 0.8429803096 0.6086084205 0 0 0 0 0 0 0 0 0 0 0 0.6876355703 0.8884724048 0.8774961719 0.6450862033 0.7609898968 0.6983571307 0.6759854124 0.5329480163 0.6569778839 0.8532781746 0.6596047004 0.6720165539 0.8438904295 0.6050823047 0.613317172 0.6267731302 0.5778350407 0 0 0.7563430164 0 0 0.5439416958 0.693276349 0 0 0 0 0 0 0.6195359591 0.6154655152 0.6102890288 0 0 0.8361664551 0.8371412905 0.8362698969 0.7587170269 0.7585863931 0.764029156 0.7646269841 0.765474701 0.7660160018 0.5306163103 0.8507373852 0.5223839832 0 0.6392705514 0.6368941845 0
0.5703663269 0.5699582355 0 0.6061349016 0.6083866058 0.8790921249 0.5048133552 0.8281454699 0.5367628216 0.6022737264 0.6845621499 0 0 0 0 0 0 0 0 0.8064896755 0.8886866196 0.8858303536 0.8858495575 0.8818920747 0.8822912705 0.8853547385 0.7565087558 0.7438314955 0.6676307503 0.8626112969 0.762895701 0.6679250746 0.6719933549 0.6209709471 0.6303888121 0.6093865661 0.607357889 0.6310093472 0.5792555601 0.5733185419 0.5094804668 0.6688774371 0.5933742647 0.5955029549 0.5454695652 0 0 0 0 0 0.7772886531 0 0 0.6174068506 0.8624971296 0.5205592716 0.8410446762 0 0.8287188105 0.8346433136 0.84676072 0.7643920102 0 0.7731779175 0.7745541978 0.6864713797 0 0.529512578 0.5299777576 0.5233368462 0.6353769252 0.512015477 0.6656945709
0.576932917 0 0 0.6123693332 0.6067217523 0.5096013281 0.5069322734 0.6452965322 0 0.6780216379 0.678429425 0 0 0 0 0 0 0.7220675436 0.7848229859 0 0.7987741459 0.8875885855 0.8851949013 0.8789538412 0.8774079115 0.7524456767 0.7060132465 0.6896821736 0.6933011065 0.6756096156 0.7827513604 0.6807703785 0.6656009877 0.677798878 0.6299800711 0.6359019234 0.8951887371 0.9067700802 0.5757899437 0.8252092475 0.5773999519 0.7837218325 0.503007458 0.5907599866 0.5858260842 0 0.6318443533 0.6264786784 0 0 0 0.7701028363 0 0.6201505328 0.6228512757 0 0 0 0 0.8374168619 0 0 0.7297115563 0.7828875102 0.6870537322 0.6868046377 0.6806174969 0.5183089553 0.532202211 0.5250723157 0 0 0
0.5721030408 0 0 0 0.6824088831 0.6143696644 0.5533572915 0.5502927419 0.5912021437 0.8179594454 0 0 0 0 0 0.7663996958 0.7679252772 0.7776405239 0.7787261359 0.7983557125 0.8072167357 0 0.6298460999 0.6317424573 0.7053583157 0.6988699751 0.688657908 0.6850771245 0.6954300093 0.6946862522 0.786120903 0.7740531892 0.7719787013 0.6623283296 0 0.8949336332 0.9011600868 0.7119231308 0.7182112365 0.7154497871 0.7930106214 0.5731175414 0 0.5919032655 0.591042719 0.5933835767 0.6297538375 0.640408124 0 0 0 0.7728685572 0.7725571524 0.8497538474 0 0.6475266422 0.8435245136 0 0 0.8436953576 0.8388079067 0 0 0.6768613509 0.588947997 0.6775867419 0.5150792072 0.5135098834 0.5168635922 0.5338095125 0.7944441462 0.8027161251 0.823902025
0.5070552625 0 0 0 0 0 0 0 0.7133176655 0.8098528931 0.809093827 0 0 0 0 0.7701981796 0.773671324 0.7829906219 0.7815165927 0.7994603513 0.8030167431 0 0.6303625302 0.6240509908 0.8808400636 0.6768126642 0.6990468083 0.6774648634 0.6850387807 0.6930863444 0.7721928195 0.7698456481 0.7717927746 0.7708043391 0.6629741189 0.8915059219 0.8898886021 0.7791922008 0.7117125181 0.8911421956 0.8508666927 0.5651236758 0.7930107802 0.8012813276 0.7932267767 0 0.586667836 0.5845651557 0 0.5789092877 0.5838167537 0.5749027214 0.8489087111 0.6409246942 0.6373746236 0.6331483404 0.6380003142 0.8511211918 0.8485274913 0.8416405706 0.8471624839 0.8425835228 0 0 0 0.6833403038 0 0 0.522755183 0.676303225 0 0.8023879625 0.8088361105
0.8691292358 0.8821420646 0.8572040068 0.5099145124 0.5106570822 0.6066071409 0.5545315457 0.5506284823 0.8101152745 0.8048791722 0.8404842548 0.8394384692 0 0 0 0 0 0.749863796 0.7890979114 0.8450733058 0 0 0.6263452874 0 0 0.6795787328 0.6728364162 0.6761491722 0.6858505345 0.6920050335 0.7772047625 0.7665683078 0.7620357359 0.7620788544 0.8970269826 0.8885605032 0.8909574798 0.6314799088 0.8848408042 0.8477038145 0.8466176049 0.7987917641 0.7923613423 0.7916843867 0.7922928142 0.8012830631 0.8541919308 0.8484553787 0 0.5742753287 0.5672307694 0.5741964186 0.5741502918 0.8447654827 0.8532046196 0.5197859413 0.8513716833 0 0.7715603425 0.8597265223 0.8499937574 0 0.8443698919 0 0 0 0 0 0.5694804962 0.7699225717 0.6821863632 0.8147330847 0.8031262529
0.6194874362 0.8765478441 0.8847609789 0.5012628389 0.5044837539 0.7299220804 0.7281406323 0.8349184034 0.8758241736 0.8833079293 0.886461223 0.5774865853 0 0 0 0.7040663066 0 0.8269836785 0.5086808677 0.6544880966 0 0.6346105857 0.8553999069 0 0 0.6731301721 0 0.6736178604 0.6765946622 0.5894112608 0.8153967197 0.7655956114 0.7713124977 0.7531879325 0.8978567843 0.8903418035 0.8932071798 0.8760405726 0.5754244806 0.839409689 0.8434482491 0.579000417 0.6138449572 0.6060870682 0.8445726973 0.8254965899 0.8280190547 0.8407684282 0.8494791339 0 0.5734253708 0.5773253261 0.5759678173 0.8512512281 0.8250150551 0.8487222065 0.6208869936 0.8650142997 0.7691899433 0.8579704523 0 0.858818945 0 0 0 0 0 0.563579677 0 0 0 0 0.6027392338
0.6153649546 0.6680737168 0.5084178802 0.6446661085 0.5564635676 0.8438071763 0.8343578972 0.5324680854 0.7286334238 0.8821246884 0.5360205459 0.6620416686 0.5007135795 0.7075316097 0 0.8179106518 0.8190363475 0.829575603 0.5178702607 0.5121790497 0 0 0.6753189153 0.7250660751 0.5849194168 0.5867586571 0 0.5881615686 0.5873688884 0.5957960178 0.8221401965 0.8138753448 0.8476438605 0.6145474877 0.7155452694 0.6095157383 0.6187265851 0.6240317358 0.8714246076 0.8706500192 0.8455583995 0.5670414325 0.801863999 0.7930090999 0.7900397185 0.7976402325 0.7949370154 0.8425343005 0.8451865057 0.5201482722 0.5764573029 0.5772162866 0.5727847806 0.7511483522 0.8519518714 0.8523426856 0.8579693374 0.7638039813 0.7696939339 0.7760867567 0 0 0 0 0 0 0 0 0 0 0 0 0
0.612321281 0.8983436275 0.7908472109 0.759324811 0.7270278341 0.8388143878 0.5378041414 0.5348454487 0.5385131067 0 0.6553901874 0.6652412253 0.6125712544 0.6582000247 0.8190552676 0.8239681054 0.5136069442 0.5140552426 0 0.5191125979 0 0 0.5983256967 0 0 0 0 0.5834497702 0.5837327106 0.5926280984 0.8068007866 0.8088602827 0.814476739 0.6139097607 0.6087468503 0.5589480277 0.6181980417 0.6266904034 0.5590999477 0.5668980838 0.5587131639 0.5579689367 0.7990596579 0.7969930981 0.7929059115 0.7850967586 0.7939167289 0.7969022242 0.579831427 0.5837813629 0.5859923523 0.6912387417 0.6883454007 0.5953106093 0.7774169543 0.8675415117 0.5441667825 0.8643219574 0.7658960933 0.692934417 0.6106648019 0 0 0 0 0 0 0 0 0 0 0 0
0.821934596 0.8356428912 0.8455180794 0.724931114 0.7301967168 0.7304064096 0.5351394141 0.5389719246 0.534575909 0.8685237963 0 0 0 0.7641572915 0.606385437 0.6114166502 0.5173235195 0.5077636218 0 0.5208994592 0.696664585 0.6048802533 0.5963167724 0.5922487957 0.5864720087 0.5969385076 0 0.850196752 0.6075872448 0.596305759 0.5999204084 0.8049881192 0.6507346304 0.6130877851 0.8761428247 0.6166105162 0.870341181 0.8188156191 0.5581246274 0.5497872545 0.5543111381 0.7993053463 0.8029788082 0.8557087315 0.5436336874 0.9012810247 0.7955885982 0.9050735195 0.9055120166 0 0 0.8698952759 0.6897882783 0.7601438671 0.6780707783 0.7550489831 0.6726260962 0.895683627 0.6844572502 0.7492205372 0.5603461011 0 0 0 0 0 0 0 0 0 0 0 0
0.8331068125 0.6840311919 0.5539364347 0.7450036871 0.6859381926 0.8140697795 0.8176963888 0.8131151097 0.8963714075 0 0.762744844 0.7622226636 0.7545190852 0.6082509484 0.6143689254 0.520954708 0.5165789585 0.5133005413 0.5169728903 0.6948067974 0.8301775193 0.8943714801 0.5972678508 0.5919707157 0.767974703 0.595676785 0.797310224 0.5988122098 0.7597993885 0.6992560759 0.7782895915 0.6427507609 0.8883092521 0.8812374827 0.878240573 0.8800829611 0.8105543829 0.7182487959 0.5532996738 0.558981616 0.7240090827 0.7293741527 0.8057424375 0 0.5469070973 0.590245202 0.9108296248 0.7267724271 0.9031789717 0.8766210204 0.8695990162 0.8715526488 0.5733386741 0.5967532578 0.8132700227 0.6687116387 0.5283549739 0.6794752484 0.6865549321 0.6713023643 0.6647833329 0 0 0 0 0 0 0 0 0 0 0 0
0 0.7838248906 0.7881126233 0.6827307096 0 0.8089203149 0.8036282902 0.8066525491 0.8088660233 0.8040322793 0 0.755448531 0.7714479676 0.6162866819 0.6102086272 0 0 0.5189069349 0 0.7922025917 0.6455530805 0.8284206959 0.8109482306 0.7697730373 0.5971060291 0.6103160448 0.6010030595 0.7958497337 0.7802397481 0.7735308186 0.7763450739 0.770061373 0.8840688511 0.5610958375 0.8852916816 0.8757705695 0.8178815902 0.8198987395 0.739682657 0.7393915355 0.7193567731 0.7224559886 0.7731746319 0.5518474369 0 0.9037823103 0 0.8973159841 0.8984477543 0.8957330424 0.8911407214 0.8919257143 0.8909342188 0.8814286702 0.7369077347 0.6660925359 0.6750934493 0.6566058909 0.6887879673 0.6615770292 0.6616626468 0.6737178268 0.8293553672 0 0 0 0 0 0 0 0 0 0
0 0.51699937 0 0.5090908407 0.7359940474 0.8160704371 0.8034727018 0.5738207433 0.8037835019 0.6452949512 0.7384125236 0.764881021 0.7800337602 0.7798770598 0 0.7849953816 0 0.7883119499 0 0.7852358039 0.7898023605 0.7836884055 0.7938122399 0.7034396333 0.705068965 0.6019031424 0.7982482715 0.7309803085 0.7358906629 0.7768416391 0.7707731842 0.772531593 0.7777528748 0.8923839248 0.8849386713 0.72708223 0.7215222425 0.7194098935 0.7432312734 0.7465763142 0.7433316916 0 0 0.6283648512 0 0.9044087391 0.9109789346 0.8979322123 0.8931673623 0.8748200649 0.8907734983 0.8871835686 0.8947626146 0.8900507177 0.8671788754 0.6592440696 0.6535460183 0.7723144871 0.656314346 0.6670238858 0.6666155163 0.6423909519 0.6358387079 0 0 0 0 0 0 0 0 0 0
0 0.5149592682 0 0.5124970919 0.734926803 0.8092543668 0.8080559928 0.8029839205 0.79495858 0.7993558913 0 0.6209030293 0 0 0 0 0 0.7863537547 0.7820610467 0.7842060068 0.7827770261 0.7844220764 0.7941710957 0.7002796728 0.6984041307 0.7077635216 0.7080572283 0.6707265807 0.7281572982 0.6325526235 0.7716177846 0.7798749263 0.7523002796 0.8877439694 0.8896700533 0.7287208053 0.7198408266 0.7164882514 0.8079811438 0.5229525011 0 0.691033629 0 0 0.6246358841 0.8709814346 0.5993750814 0.6309263515 0.90467209 0.8926899545 0.8833985904 0.8824985594 0.879979438 0.8879991943 0.8535624102 0.6615838705 0 0.6561867996 0.6572304863 0.6316431549 0.6324196207 0.6325486241 0.6320173556 0.6312735985 0 0 0 0 0 0 0 0 0.7897349389
0.6312651613 0.5151124065 0 0.5132295678 0.8383572016 0.8383196365 0.8093676524 0.837533441 0.7970436303 0.7940205663 0 0 0 0 0 0 0 0 0.7807893069 0.7802574315 0.789462534 0 0.7008295831 0.7050200611 0.6980229384 0.7026028853 0.693848721 0.530477015 0.6404785492 0.6309262523 0.7482634921 0.7471328733 0.7497329054 0.751055988 0.6312744849 0.7230916286 0.7174113825 0.7102139034 0.5547029736 0.7986652158 0.699231368 0 0 0 0.7554738209 0.6081790296 0.6027457213 0 0.8969477118 0 0.8864456576 0.8786086028 0.8861582901 0.8822071979 0.6532598086 0.6529317804 0.6533731625 0.6572222351 0.6599682537 0.6373890848 0.6283450112 0.6283857275 0.6233839129 0.6264277074 0.5074422317 0 0 0 0 0 0 0 0.5533632015
0.7464698736 0.5248302884 0.6224939802 0.7370792704 0 0.8297007596 0.8273387556 0.8336015297 0.5119326634 0.5585626202 0.5562892799 0.5649621794 0 0 0 0.8850986406 0.8478502955 0.8206732873 0 0.7839472675 0 0.6975340127 0 0.7117840277 0.7036701689 0.5301475717 0.5261966948 0.5218380522 0.6407606069 0.567482729 0.6245911914 0.7486107026 0.7527962395 0.8546759191 0.8646330015 0.8650253941 0.8647342933 0.7212187201 0.8030154388 0.7255942478 0.8018301873 0.8018332412 0 0 0 0.6071934357 0.6061535457 0.8232379807 0.6083633745 0.6124712528 0.8814202792 0.8846263526 0.8919660463 0.7799373862 0.7635060654 0.6471488792 0.6505471387 0.5473383012 0.6299649727 0.6329485625 0.6257894214 0.621514352 0.6242395659 0.6321752604 0 0 0 0 0 0 0 0.573536803 0.57941232
0.6229141817 0.7851967298 0.6130217079 0 0.730043758 0.8232622519 0.8283988274 0.8303492976 0.8311647578 0.8388057758 0.7612864858 0 0.6165881084 0 0.7766360603 0.893138259 0.8853744712 0.5107018171 0 0 0.7061476385 0.7043362616 0.702573808 0.6956906646 0.8922844632 0.630846428 0.5217430229 0.8119446908 0.5769695997 0.5773908266 0.5751584219 0.8628728019 0.8545498629 0.5378274225 0.8675444322 0.8628630878 0.8707902395 0.7176579688 0.5256111929 0.7268848574 0.7211682299 0 0 0 0.6522245212 0.5979027189 0.6091522686 0 0.6155349881 0.6113053741 0.8878204108 0.7837823439 0.7961072664 0 0.7710851102 0.7798214704 0.6553859766 0.6336079143 0.8168312634 0 0.627960379 0 0.6259193381 0.6297159558 0.6348767847 0.7540113414 0.7469332968 0 0 0 0 0.5797128768 0.5721360369
0.535794182 0.7262410171 0.6821260818 0.6729987259 0.6676743443 0.8279594094 0 0.82951024 0.8374914004 0 0.7655828645 0.6237834372 0 0.6287948887 0.6251755122 0.5829934007 0.6379275647 0.6336005037 0.7941816818 0.8548315727 0.7428300214 0.8159748443 0.7630669704 0.678277644 0.7121136643 0 0.7536553819 0.8085299397 0.5844976781 0.5848073964 0 0.8617820338 0.570774453 0.8626310977 0.5447535187 0.8661669167 0.7271609195 0.7222875148 0.7265513757 0.5812622974 0.5819242855 0.5980719656 0.5958963223 0.5968652192 0.7434657861 0 0 0.9083770553 0.8973753354 0.9037362245 0.9127549839 0.7984370372 0.8003542048 0.7792330516 0.7794417512 0.7806529321 0.7899748057 0.7987166386 0.7110881267 0.6299780007 0.6304221081 0.6348937269 0 0.7763644285 0 0 0 0 0 0 0 0.6650204178 0.5731507711
0.7071152248 0.712358388 0.6795684146 0.8793063435 0.6688660624 0.824452413 0 0.8272140304 0.8472294289 0.6841250396 0.7642788776 0.5281801258 0 0 0.6356410884 0.5610299175 0.6226339879 0 0.8368580394 0.5182550009 0.5383891366 0.8237074298 0.5140657618 0.7107636201 0.6718266488 0 0.5240142003 0.748332414 0.6333839857 0.5913713821 0.899320394 0.7420051704 0.5788646348 0.5781886202 0.5750165281 0.5970174654 0 0 0.5861705138 0.5886397188 0.6013478937 0.6033733964 0.5984157886 0.5965803744 0.6059003777 0 0.6445904851 0 0.8997905406 0 0.9103569719 0 0 0.7811339097 0 0.7897859665 0.7838506272 0.7218523023 0.7241760432 0.7308858045 0.8890586772 0.7766764371 0.7798900807 0.7739481701 0.7771537425 0 0 0 0 0 0 0 0.7558983743
0.586977809 0.5429119345 0.5266477166 0.671649674 0.8864487965 0.5371759725 0.5103257733 0.5113891574 0 0.5196046801 0 0 0 0.6071745359 0.5982846423 0 0.6196080139 0.6202779393 0.6365744025 0 0.5404250269 0.5845615215 0.714375118 0.7102015941 0.7020544441 0.708088077 0.7522658136 0.5224547332 0 0.642937518 0.8953814182 0.6178804244 0.6146638073 0.6230505665 0.6336092287 0.5990869763 0 0 0 0.5996421346 0.5973987333 0.6098791812 0.6064515597 0.6035066181 0.5981605023 0.6439636044 0 0 0 0.9006157943 0.9007650474 0 0 0.7898292955 0.7163670529 0.7099601278 0.7125772143 0.718871396 0.7267242634 0.8818975939 0.8854483327 0.7842108763 0.7765865283 0.7811573497 0.7808790004 0.6376863828 0 0 0 0 0 0 0.7591007142
0.6834243787 0.6882364457 0.5253082418 0.5259722979 0.5296722014 0.8134925753 0.5043986734 0.811883846 0.8109519169 0 0 0 0 0.6690041563 0.6335405615 0 0 0.564975157 0.5583894118 0.7066871015 0 0 0.7733184922 0.5695945401 0.8632470448 0.5751657848 0.8950995921 0.5287608529 0.5316072995 0.6704303468 0.9018920997 0.7455956782 0.6169281374 0.6137535167 0.6229878438 0.6296093815 0.5231150411 0 0.6216165735 0.5926041366 0.5945518929 0.6108706154 0.6148538164 0.614426662 0.6095563533 0.5272542248 0.6391954383 0 0.9095237536 0.9031534459 0.9047242474 0.9106394364 0 0.720613552 0.7102869516 0.7077481139 0.7145617358 0.7222866049 0.7260814268 0.7297364599 0.8949706872 0.8916282259 0.8978245639 0 0 0 0.5547077545 0.7514787378 0 0 0 0 0
0.5012740775 0.6812676987 0.6894204249 0.5311306561 0.5316655663 0.8197128741 0.8129250609 0.8050137934 0.8053419167 0.5222416314 0.5089388976 0.5074766033 0 0.8397526814 0.6054285821 0.8015571507 0 0 0.697389503 0.7046421864 0 0 0.7674123078 0.7677131404 0.8574301339 0.8529969154 0.8579367899 0.8547027315 0.6126683977 0.5069823787 0.8990581444 0.8948552773 0.6165918265 0.6208447199 0.8000280695 0.5526945279 0.8462173327 0.5511636986 0.5956055028 0.5929245692 0.5956981245 0.7281640425 0.6145027465 0.6160893288 0 0.6467300821 0.6401157616 0.646078739 0 0.7963340598 0 0.9116722554 0.9203255032 0.5643398893 0.7133623587 0.7135498494 0.7142449218 0.7326325889 0.7342335098 0.887706354 0.8839185456 0.8897390854 0.8858357113 0.889203125 0 0.5441824686 0.6157906277 0 0 0 0 0 0.8768970848
0.686294624 0.6761464829 0.6749462539 0.6790590985 0.8091854366 0.8203094491 0.8100093275 0.6394266437 0.8090904511 0.8965346368 0.6381743959 0.8139553746 0.8175161941 0 0.7500739435 0.8388441928 0 0.5751278368 0.5661852367 0.8541838416 0 0 0.7641649345 0 0.8524932953 0.8484153309 0.8538816021 0.5928667164 0.8285559042 0.7363913554 0.7700952389 0.5826863496 0.878267569 0.6175185057 0.6115135898 0.7956045466 0.7983027176 0.7317038794 0.7340335673 0.7267965621 0.7240359193 0 0.6252721699 0 0.8520730589 0.5867452326 0.6436172125 0.5914520924 0.7022711683 0 0.8005555727 0.837492543 0 0.5581018676 0.5568653063 0.5632279172 0.5716231427 0.7200020377 0.570825245 0.5226599304 0.8835279983 0.8818644083 0.8909773647 0.7066933808 0.7076622867 0.712602996 0.6399090128 0.6300211884 0.6250842123 0.6322850891 0 0.6023446142 0.6042822781
0.6826312346 0.6815626145 0.6737220123 0.6776866133 0.8029157156 0.8001662784 0.6297027874 0.6344831829 0 0.524056312 0.8034855863 0.8126880821 0.8125061451 0.7423242604 0 0.7419375933 0.8350170589 0.8435542499 0.8491275897 0.5252295374 0 0 0 0 0.8501357623 0.5857251046 0.5775668347 0.7306556186 0 0.8325102119 0.8242600817 0.8323472376 0.7146862314 0.8084362312 0.807462645 0.7972786645 0.7927926421 0.8015876984 0.7260363293 0.7311743601 0.7255300435 0 0 0.8408225804 0.5865504618 0.5013327058 0.7392076763 0.8285942956 0.5191526634 0.5275179505 0.594274167 0.708323679 0 0.8317744106 0.5549093707 0.5606636077 0.5651793349 0.5741911832 0.5273635839 0.8807550948 0.8785818362 0.8838451892 0.8920935095 0.7114118342 0.7037486491 0.7090881545 0.7150311607 0.626824353 0.6229098887 0.8771699132 0.6150782717 0.6064868085 0.6018667677
0.822706654 0.6761425806 0.6789044518 0.6787220579 0.7993878365 0.6336620109 0 0.6319293647 0.7628618017 0.5562037701 0 0.803210872 0.8113176275 0.7405314353 0.736491477 0 0 0.8402006745 0.8488000719 0.5702238568 0.7964241151 0.5615065015 0.5663613794 0 0.5425140444 0.582099739 0.576406525 0.5767276815 0.590732053 0.8298369317 0.8237010917 0.8251410631 0.8294104278 0.8084979093 0.6951722937 0.8006506802 0.7970776776 0.6868302489 0.728856111 0.7350046118 0.7309803218 0.7350017093 0.6898938776 0.6873209746 0.6961170124 0.848037904 0.8499842969 0.5245277422 0.5229635195 0.6808900919 0.6709583322 0.5442290865 0.5458656927 0 0.5560118504 0.5635326217 0.8919227781 0.8946277598 0.8932892032 0 0.8838217359 0.8853449773 0 0.8930830193 0.6231091804 0.6274169306 0 0.6231412378 0.6248929079 0 0.6083281687 0.6088106938 0.6006692254
0.816772215 0.8202011977 0.6790634842 0.8044311386 0.6331761231 0.6250240892 0.6317770745 0.6322109254 0.7639895315 0 0 0.6556143359 0.8093591757 0.7455668125 0 0 0 0.8477976617 0.8484395366 0.8563149054 0.5573788451 0.5564171476 0.5565781821 0 0 0.5849997385 0.5874683902 0.584784412 0.8017501147 0.8333849213 0.827852081 0.8246919424 0.8313248157 0.8198502787 0.8103000568 0.596415988 0.6862849034 0.6942477185 0.7410292295 0.731731026 0.7209924063 0.6289258917 0.6955533308 0.6942043342 0 0.857921094 0.8536004519 0.5307955102 0.5718875137 0.5916205147 0.5856736856 0.53623434 0.5312628602 0.5310302756 0.5378996335 0 0 0.8908759532 0.8914318643 0 0.8904768018 0 0.8913033495 0.9005412272 0.6197342553 0.6176849791 0 0 0.6218070664 0.6796987782 0.687037404 0.6699547023 0.7757960316
0.7858855616 0.8219561812 0.5227991184 0.6405713715 0.6279528219 0.62698112 0.6334518057 0.633906993 0.8420726344 0 0.6681115311 0.6205654144 0.6631633104 0.6636640987 0.7043534029 0 0.7978854236 0.8006048368 0.6963596388 0.7458740355 0 0 0 0 0 0.5898067962 0.6204682614 0.7772320213 0.7414999164 0.7082408533 0.809614602 0.7324925005 0.8315097902 0.8166097446 0.8108929475 0.6650332851 0.5271612639 0.6957900689 0.702522582 0.7117211926 0.7166660149 0.6933425525 0.6213609188 0.8095679944 0.8658497497 0.7851213367 0.854523148 0.8576906861 0.5417343512 0.5465458857 0.5426021745 0.5378650364 0.535696705 0.5309893218 0.5323914142 0.5553826444 0 0.899617324 0.8974340368 0 0 0 0 0 0.6234676661 0.6239847756 0 0.6214632194 0.6779355513 0.6854502408 0.6617668857 0.5288987142 0.5286887364
