landscape/hab_quality/256/simulation_000052_p068_h037_HABMAT_patch_more_500pix_modified.asc_ac_0.5_quality.asc
NCOLS 513
NROWS 513
XLLCORNER 0
YLLCORNER 0
CELLSIZE 9.980507
NODATA_VALUE NaN
[rows 208 to 233 of 513, columns 354 to 412 of 513]
0.7676426956 0.5459587311 0.5441353397 0.6406388684 0.529063104 0.5294176498 0.5307394131 0.8175524829 0.8236090045 0.8813079971 0.8793592122 0.8827351702 0.8877718251 0.5178272648 0.6416979875 0.8063121365 0.613759037 0.6057550322 0.8321620533 0.8307873903 0.6526483179 0.6480831994 0.6384194338 0.6369310739 0.8610659029 0.7117601044 0.7676577021 0.7658900344 0.7589690678 0.7436566557 0.7397083529 0.7594890352 0.5630697289 0.5641818485 0.5514056024 0.5431387356 0.5408755372 0.54039037 0.5396955729 0.5571829308 0.5592488878 0.7525880671 0.7564684775 0.7561403854 0.6974657217 0 0 0 0 0 0 0 0 0.8937415177 0.6179814258 0.6245909566 0.6300590213 0.5962799528 0.7370643542
0.5544824809 0.5503888668 0.5500878267 0.5460239853 0.5288111277 0.5248054838 0.5276145667 0.8216647477 0.8174756077 0.8207535402 0.8797421828 0.506434913 0.5110833136 0.6408126967 0.6811018295 0.8890845481 0.8907539066 0.7605556077 0.5899500945 0.809088258 0.8988156917 0.8009866171 0.7986041284 0.8648405385 0.8652583019 0.8674279626 0.8772198453 0.7128673647 0.7436909087 0.7351434316 0.7371912307 0.5728824161 0.5608562913 0.560165101 0.5439894669 0.5421069202 0.5407994039 0.5355096374 0.5393338787 0.551686438 0.5590256501 0.7579891422 0.7604265937 0.7593743191 0.7386300168 0 0 0 0 0 0 0.711430022 0 0.6199746506 0.6154532179 0.6174446668 0.6303594202 0 0.7394031227
0.8974075428 0.5521781816 0.5579223457 0.5655870442 0.534793731 0.5323696618 0.80601411 0.8223563536 0.8197874818 0.825000975 0.5149798575 0.5141790413 0.5147305632 0.6722621521 0.679741836 0.7516544231 0.8890510833 0.7049708722 0.6008438422 0.8102923109 0.8078611597 0.7956424802 0.791395741 0.795119326 0.7814951259 0.8720237007 0.6775977303 0.866862406 0.7433402258 0.741778647 0.7416959589 0.5715939121 0.5687354038 0.5574556401 0.5553262852 0.5453047482 0.5426336657 0.5358392051 0.5427746789 0 0.5601432039 0.5672046728 0.5710823977 0.6275960912 0 0 0 0 0 0 0 0 0.6214131165 0.6249854629 0.6162348338 0.6209578001 0.6306465859 0.6341093309 0.7398387694
0 0.5670343566 0.563011495 0.5632575678 0.567991677 0.6093339419 0.8081543404 0.7994512974 0.799611495 0.8348162456 0.7113221867 0.5234451298 0.523741703 0.8778341057 0.8787315583 0.8788078545 0.5156711492 0.89642594 0.730380719 0.815501569 0.6511927225 0.793542861 0.7925345381 0.5629194307 0.8659717899 0.8669276465 0.8642533039 0.8061289584 0.735244324 0.813523519 0.5121781293 0.5063495838 0.5757111521 0.5621214829 0.5519412066 0.5510118143 0.5447652525 0.5474575003 0 0.5505389998 0.5603440207 0.5695858848 0 0 0 0.780980957 0 0 0 0.527493337 0.5231548444 0 0.866641386 0 0.6357846735 0.6330637506 0.6238534642 0.6232969062 0.8270349817
0 0.5656549757 0.5701054911 0.5662101245 0.5643330201 0 0.8064321613 0.8000427521 0.5585835512 0.5603440704 0.563853366 0.6789578819 0.7975280677 0.7367572977 0.871991648 0.734923477 0.8230214854 0.8038883385 0.7226525891 0.6478645778 0.6436074727 0.6476194025 0.7350869054 0.8641335724 0.5582733431 0.8641260007 0.869082872 0.8727429793 0.5847693381 0.6524724666 0.5080743925 0.5113570287 0.5111693514 0.5575048201 0.5547827353 0.5488352562 0.5507348868 0.5494143938 0.5586835998 0.5507229352 0.5522750613 0 0 0.5591374469 0.5616190594 0.5634595684 0.7573566097 0.8313417324 0.523771824 0 0.529017878 0.8355668636 0 0 0 0.5061353695 0.5093168497 0.6255048407 0.6306152039
0.7941465575 0.6447011447 0.5685856044 0.5891773602 0.5696202742 0 0 0.7602541848 0.5635124965 0.5640051958 0.670536172 0.6792321018 0.7662080758 0.7350179829 0.7317809834 0.7285350906 0.7239111531 0.7246358933 0.6691343346 0.6472895577 0.6404987818 0.8614505975 0.861222993 0.8575835559 0.862101525 0.859552547 0.8723671616 0.5834499072 0.5893180429 0.6091028888 0.6487798563 0.610056114 0.5656638923 0.5647747346 0.5559765645 0.548852223 0.5519554798 0.5538742943 0.5634753608 0.5596709938 0.5650190605 0 0.8208446672 0.8128227099 0.562937182 0.5704325443 0.7706001094 0 0.821955052 0.6031227092 0.7466329119 0 0 0.7347784922 0.5062307831 0.5039027975 0.507015649 0.877357826 0.7816145798
0.5430312788 0.8332926244 0.8262740474 0.6046305896 0.8789590725 0 0.6475888419 0.5401596147 0.5717968399 0 0.8838504729 0.6737004869 0.7820603392 0 0.7258455377 0.7253524785 0.7228776536 0.7288478829 0.7371202492 0.6434179655 0.6453370829 0.8635944261 0.8555321535 0.8576259968 0.852155832 0.859939296 0.8676850972 0.585006097 0.5894639884 0.6500981935 0.6518254795 0 0.5725610372 0.574671768 0.5500677719 0.5562161565 0.5580680629 0.5601083788 0.5592430751 0.5675909656 0.5674701979 0 0 0 0.639035397 0.5828821685 0.7478892478 0.7614289358 0.5064620654 0.8171713371 0 0 0.8740419728 0.6407025666 0.5106009492 0.7851270339 0.5119136564 0.7511067282 0.7763232525
0.7636106046 0.6654787444 0.8460388645 0.6011072256 0.6025206633 0.8690957335 0.5549524498 0.5585083969 0.556414083 0 0 0.7616068024 0.5292340374 0 0.7300050026 0 0.7318983075 0.7273829623 0.7296139415 0.5142178627 0.6113280311 0.856643661 0.8608651968 0.855557181 0.8532965382 0.8605735648 0.8448198179 0.5401297301 0.8705530388 0.5778008305 0.5825234962 0.8099857175 0 0.5780255003 0.6233401992 0.6167194093 0.5202366844 0.6641539509 0 0 0 0 0 0.6375385631 0 0.6460514736 0.7698695828 0.8316311573 0.8260059685 0.8220712292 0.826629928 0.5647982488 0.6780345539 0.6724796208 0.7306918582 0.7805503643 0.7054132185 0.6971569561 0.7726391679
0.8426493419 0.8424269691 0.6001432255 0.5935050601 0.5929280542 0 0.5516716272 0.5493300125 0.5580195706 0 0.7571137186 0.5801418969 0.5801911009 0.7341412657 0.7432358257 0.7405853665 0.7337521558 0.7283995106 0.7327557477 0 0.7851077571 0.8699052428 0.8674558185 0.8663109989 0.5143133699 0.5165130838 0.5212642812 0.5769131826 0.8876321418 0.8912431439 0.5767625691 0.5812908018 0 0 0.623542408 0 0 0.6533118368 0 0 0 0.8727991188 0.6422014692 0.6424669928 0.8547941344 0.8272070851 0.7126772664 0.8289293864 0.8286689449 0.8264849325 0.5228900357 0.5583778933 0.5842260509 0.6740939224 0.674810126 0.6192571644 0 0.8047172024 0
0.850898223 0.8483454495 0.5933793562 0.5909063177 0.5862566691 0.5434339125 0.5426406841 0.5474370492 0 0 0.514379291 0.5851121903 0.5796919137 0.8357541398 0 0.7392709633 0.7394769021 0.7412687625 0 0.8970577532 0.8554287741 0.859285692 0.8684064412 0.5181013707 0.5185451961 0.5162919077 0.522167632 0.8884513116 0.8856965509 0.8821406736 0.8691502164 0.6412773531 0.6888085643 0.6927323819 0.6064302312 0 0 0.6608539543 0 0 0 0.6698195619 0 0 0 0.6854849245 0.5699319278 0.5665877226 0.5689252429 0.5699584939 0.5696769216 0.5746913339 0.8158626051 0.6770010995 0.6751539992 0 0 0 0
0.7469979152 0.5388574339 0.836823077 0.5401751024 0.5317885612 0.5404157236 0.5471412022 0.5465267956 0 0 0 0 0 0.8319098483 0.8274120628 0.8198439739 0.821073997 0 0.5660140355 0.7789245305 0.8640061728 0.8545066574 0.8625300883 0.8808134672 0.6776924373 0.6789417959 0.6802357451 0.890945474 0.882123585 0.8826072249 0.6665449138 0.5173014087 0.6848681046 0.8017775416 0.6910015516 0.6874371571 0 0 0.6697718717 0.6646971703 0.6626908486 0 0.6678571359 0.6743466537 0 0.7416820027 0.5753745132 0.5656471443 0.5610285034 0.5603266796 0.5674371704 0.5758171024 0 0 0 0 0 0 0
0.7416936868 0.5653763319 0.53258396 0.5326315934 0.5310081805 0.5337504199 0.5310247904 0.8319802021 0.8414338135 0 0.7118007421 0.5605957171 0 0.8271466447 0.8180775082 0.8163672668 0.811494191 0.8194645401 0 0.6845911099 0 0.8560033497 0.8631513513 0.6282824475 0.5900756134 0.6710915457 0.6750381008 0.8909790769 0.8837008832 0.861190207 0.5312495747 0.5228066651 0.5238599368 0.822630461 0.5221905129 0 0 0 0 0.6681889079 0.6704232283 0.6644854902 0.6648498291 0 0 0.7956672099 0.8576216463 0.5645074345 0.5616557201 0.5579931552 0.5612959483 0.57633227 0 0.6774302107 0 0.6074757361 0.5718913846 0 0
0.7434886093 0.8852389045 0.5172555069 0.525293618 0.5253027919 0.5297738728 0 0 0 0.7231145185 0 0.6345619766 0 0 0.8174062468 0.8094903255 0.8168720997 0.8170936208 0.6762474666 0 0.6927174459 0.742695106 0.5522185347 0.5543350613 0.6785655794 0.6807887309 0.7081363304 0.6967543742 0.5968452843 0.522059456 0.6910944452 0.5255927836 0.520091897 0.5219909826 0.5302779705 0 0 0 0.6735827249 0.6738247473 0.6698702782 0.6670881748 0.6686223173 0.6974262174 0.69529743 0.5811599468 0.5715393151 0.5629366936 0.5555940159 0.5578643587 0.5632948935 0.5694888516 0.5838002226 0 0.8270920314 0.7398083047 0 0 0.675123386
0.745863928 0 0.5222679723 0.516491208 0.5191728023 0.5317413529 0.5326864913 0.6123158227 0.5841591666 0.6051900597 0.6387930528 0.6354252539 0.625547983 0.820141354 0.8114136554 0.8144393647 0.8136636673 0.8224675839 0.8215528425 0.7430324015 0.8179001849 0.5358985636 0.5495762367 0.5515882501 0.7170547713 0.5594172714 0.5988398146 0.5938529141 0.5964823643 0.5191094825 0.5121533629 0.513176863 0.5200179781 0.5233625599 0 0 0.6886544973 0.6804349255 0.6811552172 0.6743560867 0 0.6710053523 0.6973444583 0.6943968945 0.6960496857 0.5679436196 0.571521812 0.5617849609 0.5574027155 0.5609977425 0.5724052116 0.5682962975 0.6377032307 0 0.6411004743 0.6440114449 0.6485682571 0.6910636245 0.6327199622
0.6357583953 0.5294352452 0.5226049849 0.521735907 0.5233952824 0.8160190745 0.5364459748 0.5747160292 0.653345747 0 0.6383703968 0.6342327887 0.6288760312 0.6322683874 0.7284877096 0 0.8240578529 0 0.5993518013 0.5998774182 0.8143651161 0.5569517312 0.5559621295 0.543450051 0.5443436504 0.5456620426 0.5948824633 0.5969496616 0.5988704961 0.5207546661 0.5127095788 0.5111262211 0.5186760721 0.5252460248 0.5199298835 0 0.685906904 0 0.6847524554 0.5227877635 0.5880235688 0.5928992853 0 0.6975897352 0.7003500871 0.5629199494 0.562137549 0.5669904266 0.5634428819 0.6502555946 0.7743393967 0.6461087608 0.862230908 0.6280166987 0.6344242634 0.6397799968 0.7371706213 0.539282176 0.6783166784
0.6404125378 0.6348109156 0.6426736294 0.6482888862 0.5583996853 0.7547588322 0.8087075937 0.5751463776 0.5667275884 0.5683607254 0.6059574526 0.604620115 0.6062459409 0.6326125021 0.6356010798 0.6262723269 0.5230842405 0 0.6055167485 0.6523212146 0 0 0.5520762648 0.5465252849 0.542241924 0.5475012842 0.7490427439 0.7410192296 0.7391780744 0.7568122679 0.5173839957 0.5167653696 0.5127971997 0.5171569632 0.5551929835 0.5468604229 0 0 0.753304641 0.5815016814 0.5784543654 0.5830100853 0 0.8199723338 0.5950289695 0.5671620616 0.5709392926 0.5629498992 0 0.8309076107 0.6431567625 0.643639235 0.628488837 0.6274011085 0.6009808276 0.6096361663 0 0 0.8343866877
0.6359894186 0.6409201195 0.6402078054 0.5484871542 0.8065301393 0.811270965 0.8080017642 0.5708209952 0.6019948506 0.5979068911 0.5929931243 0.5982195333 0.6015558248 0.6005282652 0.6463677165 0 0 0.5570900744 0.6695521996 0.8603058123 0 0 0.5603334955 0.5507365779 0.5506976645 0.5469781416 0.7452660459 0.7391642046 0.747065696 0.5245081076 0.6019414169 0.6791525165 0.6818340563 0.6776541986 0.554686671 0.5458938632 0.5490229641 0.5526907469 0 0 0.575224363 0.5774409914 0.5926232831 0.5871059043 0.5927334323 0.5719666212 0.5718561796 0.5712662214 0.5681941738 0.646989886 0.6470262004 0.6515679772 0.7054063829 0.6314628097 0.6048136087 0.600054122 0 0.7464370079 0
0.8304725076 0.571195118 0.6492219595 0.6476412283 0.8108939813 0.8014648817 0.8089280297 0.6009293534 0 0.5935609725 0.5919473993 0.5929802154 0.5964964369 0.5992837412 0.6050905076 0 0.5436810632 0.6940383609 0 0.6717680373 0.6759846127 0.5992774331 0.6759547381 0.5593192158 0.5511242006 0.7473861304 0.7397915203 0.745194198 0.7402477437 0.6734702842 0.6740703716 0.7663298885 0.6747161245 0.6792872752 0.6047264167 0.5538243757 0.551524017 0.5532779269 0.5815802664 0.5762034755 0.57345408 0.575225171 0.5774104325 0 0.5871826009 0 0.5718617459 0.578572059 0.5707067055 0.8414513193 0.8335324531 0.6593898701 0.6330313442 0.6320407204 0.6005227971 0.6092528836 0.8621444054 0.8627986048 0.8641129588
0.8151432398 0.5747204836 0.5783613201 0.5869731552 0.8015496961 0.7111519777 0 0 0.5938881497 0.5914935488 0.5932005201 0.6686639681 0.5975731722 0.598812869 0.6010267679 0.8612489012 0.6879597358 0.6755978636 0.6690595655 0.667307805 0.6672646637 0.6742502314 0.5557656816 0 0 0.749301789 0.8623943077 0.7838645957 0.7584957038 0.5877761983 0.6717253378 0.667844591 0.6690846789 0.6635453499 0 0 0.7816808317 0.780907165 0 0.5734669515 0.5825641668 0.5788621556 0.5818112048 0.5819544625 0 0.8729231045 0.7721955044 0.87526223 0.7715580802 0.833359913 0.8351305713 0.8421810358 0.7166500388 0 0.6140545216 0.6122729303 0.8569878724 0.856495613 0.5852298641
0.8139013929 0.715436808 0.6141668719 0.5805542704 0.8386580842 0 0 0 0 0.5960359831 0.598909743 0.6451700511 0.6509346482 0.6025111971 0.5199110435 0.6946940591 0.6835601046 0.6797113018 0.6724205096 0.6695220948 0.6651086081 0 0 0.501959746 0.5114100529 0.8520149578 0.8427798004 0 0.7810610212 0.673685767 0.6726584179 0.6630744203 0.6597407626 0 0 0 0.842193493 0.5405711494 0.5804424542 0 0.5818634742 0.5830609528 0.5829852543 0.7193045531 0 0.8696993583 0.8746480073 0.8678312356 0 0.837161457 0.8346301217 0.690925078 0.8647182435 0.8565555605 0 0.6328915751 0.896979078 0.8621867055 0
0.8226816148 0.5025917534 0.5317022861 0.6748319561 0 0 0 0 0.6015735759 0.6020919273 0.5969658319 0.6034715839 0.6548885538 0.8942769994 0.5099526596 0 0.6774341302 0.6752464138 0.6749788461 0.6697684111 0 0 0 0 0 0 0 0 0 0.6770561201 0 0 0 0.6656113467 0 0 0.8238452402 0.8964736275 0.8539013671 0 0.8500894575 0.8560451724 0.5728432071 0.6873630693 0.7131928711 0.8689185424 0.8683793922 0.8706730427 0.8580773384 0.8384284309 0 0.5231095622 0.8594596254 0.8563285637 0.8489399618 0.857387733 0.8985313716 0.9042969576 0.5204629386
0.8188071818 0 0 0.7310462197 0.7225470673 0 0 0 0 0 0.834258923 0.8371851541 0 0.509074966 0.7812564642 0.781882016 0.6832558923 0.6766641656 0.6760233861 0.6750025732 0 0 0 0 0 0 0.7355160559 0.8856479937 0 0.6775147978 0 0 0.5795980783 0.571336463 0 0 0 0.895031817 0.855450578 0.8497286013 0.8528239832 0.8503338765 0 0 0 0 0.8739310281 0 0.7584533083 0.8461570647 0 0.5273059757 0.8487150458 0.8490752644 0.8483556427 0.772345497 0.7747569454 0.8574456701 0.7601803957
0 0 0 0.7234061448 0 0.7203499676 0 0 0.6542304028 0 0 0 0.8626383178 0 0.7777704326 0.6826849841 0.7651186871 0.679594226 0.6847282257 0 0 0 0 0 0 0 0.7241545741 0.7392423218 0.5005681858 0.7263809191 0.5950845185 0.8025798363 0.5784841744 0 0 0 0 0.8955252306 0.8566236713 0.8485249948 0.8446497799 0.8403147481 0.8496321426 0.6936766818 0.5771609323 0.8765238402 0 0.8829711795 0.7765152315 0 0.5344142616 0.7923633408 0.8480343744 0.8463806074 0.8534359705 0.8551256446 0.8648337905 0.8565778981 0.8554409567
0 0.534250118 0 0.7166318081 0.7138046779 0 0.5174976925 0 0 0.6635938857 0.5992718621 0.7608563997 0.8094106419 0.6520467582 0 0 0.6780920503 0.6438084082 0.6308096217 0 0 0 0 0 0 0 0.7378278844 0.7450656747 0 0.858656281 0.7823467374 0.5989549959 0.522001218 0.8852030172 0.690638933 0 0.6224434993 0.6086816782 0.726564534 0.8416480343 0.8399606895 0 0 0.6927521205 0 0.631760231 0 0.7807203357 0.777384507 0.7729142437 0 0.7709431002 0.7827787531 0.7822035038 0.8543412544 0.850835868 0.8545739228 0.8549708213 0.8592941407
0.7508084118 0.7263022774 0.7197983957 0.7109579278 0.7132115448 0 0.6640759189 0 0 0.5926145653 0 0.7097860428 0.6651947653 0.6679665076 0 0.669159251 0.6505285501 0.611409869 0.8554466923 0.7786375865 0 0 0 0 0 0 0.818528736 0.5427162548 0.5966348414 0.7495195922 0.5935790463 0.7038866149 0.6201981652 0.5469108247 0.5530207859 0.8715835115 0.6015503326 0 0.8448276961 0 0.8418874023 0 0 0.6934421114 0.7015095991 0.5396447459 0.8703956361 0.7780521071 0.769495127 0.7686791379 0.7636260824 0.7735740462 0.7745482501 0.7827066354 0.7817508118 0.8505392261 0.8484338523 0.8522097209 0.8185350261
0.7499704109 0 0.7179897053 0.719243942 0 0 0 0 0 0 0.731021181 0 0.6666629861 0.6614067778 0.6685686387 0.670708962 0.6379316738 0.6479813398 0.5093885588 0.6483550032 0 0 0 0 0 0.5320454544 0.5346425147 0.5375748575 0 0.8757486408 0.6754235655 0.5947236611 0.7443149311 0.8046592084 0.5548795736 0.5400831351 0.5484525146 0.6073867039 0 0.8690342134 0.7419117693 0.7383438124 0 0.5715999946 0 0.5124200145 0.5393425458 0 0.7715331882 0.7642409167 0.7652890615 0.765559803 0.7754914827 0.7743472202 0.775427513 0.7037923924 0.8532118851 0.8486720766 0.8156066731
