landscape/hab_quality/256/simulation_000096_p067_h092_HABMAT_patch_more_500pix_modified.asc_ac_0.5_quality.asc
NCOLS 513
NROWS 513
XLLCORNER 0
YLLCORNER 0
CELLSIZE 9.980507
NODATA_VALUE NaN
[rows 120 to 149 of 513, columns 66 to 131 of 513]
0 0 0 0 0 0 0 0 0 0 0 0 0 0 0 0 0 0 0 0 0 0 0 0 0 0 0 0 0 0 0 0.7860746037 0.7922052313 0.7948546466 0.7034581356 0.5911883086 0.7034134751 0.6302393257 0.851126925 0.5090458262 0.5043017459 0.825754972 0.6916276702 0.8811130035 0.7662873085 0.51003828 0.7168792086 0.7173909697 0.7049396698 0.874833747 0.8928516794 0.6373073883 0.6443406022 0.7559736851 0.7559773344 0.7601413318 0.5002904194 0.5417370346 0.5516852104 0.5544322038 0.5509810571 0.5507535367 0.7972102445 0.5845649349 0.8597468895 0.7430026728
0 0 0 0 0 0 0 0 0 0 0 0 0 0 0 0 0 0 0 0 0 0 0 0 0 0 0 0 0 0 0 0 0.7854038204 0.6337347268 0.7206581639 0.6973259508 0.5793305867 0.8549067004 0.5074689251 0.5029495562 0.5082672674 0.6967987178 0.5866572384 0.8756922305 0.8797698336 0.8279328797 0.7163514331 0.7078044537 0.7001358255 0.7059704409 0.7071019976 0.8328904069 0.5749315013 0.8506995395 0.7541771895 0.7567468529 0.5397790138 0.5399730027 0.6983076153 0.6976903264 0.6952986971 0.5659436399 0.5730213515 0.7070407807 0.7050844316 0.6878313042
0 0 0 0 0 0 0 0 0 0 0 0 0 0 0 0 0 0 0 0 0 0 0 0 0 0 0 0 0 0 0 0 0.7895742573 0.5999544194 0.6409361835 0.7133949084 0.7754628524 0.7382431705 0.6650353373 0.8477889638 0.6740799537 0.7690055599 0.7647012263 0.8720301334 0.872390521 0.7343905479 0.7271853808 0.700823394 0.701743724 0.7008338757 0.7094778335 0.5755266104 0.6334981688 0.5815566416 0.8341375754 0.762010964 0.7059374395 0.5444190425 0.6855133843 0.692900072 0.6992798684 0.6973899811 0.5637076046 0.5554313712 0.6761741146 0.6831386394
0 0 0 0 0 0 0 0 0 0 0 0 0 0 0 0 0 0 0 0 0 0 0 0 0 0 0 0 0 0 0 0 0.5379654126 0.5370391892 0.7056943137 0.7145810441 0.7466003783 0.7403722129 0.8353706031 0.6641670024 0.5114573617 0.6809720286 0.8783527752 0.8767591397 0.8798282938 0.7321702224 0.7253920687 0.7178321982 0.7179288065 0.6804323675 0.7118086642 0.7124131326 0.5819652534 0.8633997682 0.7675561185 0.7087566458 0.7064603634 0.6832170354 0.6396030592 0.6951747658 0.6923537444 0.6941461552 0.6944052006 0.5462653158 0.6761227677 0.6796159428
0 0 0 0 0 0 0 0 0 0 0 0 0 0 0 0 0 0 0 0 0 0 0 0 0 0 0 0 0 0 0 0 0 0.5369262447 0 0.608236727 0.6101212937 0.8455979465 0.6673641295 0.6730215492 0.6668139818 0.8173422511 0.794333864 0.7919503746 0.798455997 0.7282417465 0.7194215226 0.7216716984 0.5579644662 0.6818554222 0.5542642394 0.6808405382 0.6747040215 0.6712729337 0.8578928569 0.8221749502 0.8559115385 0.6902650373 0.543013425 0.6984898291 0.6891915443 0.6869146096 0.6906296927 0.6471661688 0.6861109402 0.6808426939
0 0 0 0 0 0 0 0 0 0 0 0 0 0 0 0 0 0 0 0 0 0 0.8444693583 0.5771981199 0.7888452239 0.7824670752 0 0 0 0 0 0 0.5355696341 0.5412423192 0.6113752477 0.6153285028 0.6103245723 0.6746772423 0.6729908998 0.792053724 0.7859901018 0.8088198186 0.787549439 0.6605047833 0.7960024624 0.5745066332 0.5754891001 0.5661372892 0.5594078334 0.5658574631 0.5755508008 0.6746144478 0.6711469407 0.6688612478 0.6714477784 0.8539857139 0.8460396551 0.8477515534 0.5478232779 0.5800535939 0.6925555331 0.6925302034 0.6460511736 0.6242498345 0.689947892 0.6946758477
0 0 0 0 0 0 0 0 0 0 0 0 0 0 0 0 0 0 0 0 0.7028757306 0.6812163779 0 0.7907071467 0.783144556 0.7125400813 0.6289245198 0.6437759091 0 0 0 0.517288117 0.5503463884 0.544205356 0.5522825173 0.5365758803 0.575349117 0.5757365924 0.8005861318 0.7912564633 0.7878174802 0.7931216852 0.6765572717 0.7943986513 0.7096065203 0.6806001524 0.5673325505 0.5721015918 0.5671112111 0.5680248102 0.6911572657 0.6807404525 0.6749566562 0.6663423959 0.8463482199 0.8500013149 0.8456676471 0.8410664074 0.8420504654 0.5849976952 0.5771906667 0.5837061542 0.5448083958 0.5367174845 0.5368424439 0.5194172609
0 0 0 0 0 0 0 0 0 0 0 0 0 0 0 0 0 0 0.6578896349 0.7037893009 0.7086931034 0.7090978036 0.8006947997 0.5417884888 0.5378270355 0.5337994275 0.5502273269 0.6496957207 0 0 0 0 0.5486958441 0.7027012114 0.550531103 0.5747028396 0.5719554978 0.5682790574 0.7157866381 0.6662085477 0.6679310639 0.6695649876 0.6994534366 0.7040866853 0.5906503646 0.5027401713 0.5685347964 0.8912411397 0.5713299101 0.5719943555 0.6867265058 0.6752416754 0.6670768315 0.6689978575 0.8505504358 0.8427438002 0.8430076562 0.8335498832 0.8390360662 0.6975346752 0.7674409895 0.7631931293 0.6981079009 0.8521027577 0.5464459925 0.5127970334
0 0 0 0 0 0 0 0 0 0 0 0 0 0 0.6053378134 0 0.6567740551 0.6541782325 0.8232217313 0.8153158014 0.6419181618 0.7267872548 0.7363793502 0.7354997783 0.7280630736 0.7279791594 0.8601378272 0.885484754 0 0 0 0 0.5179894842 0.6210558887 0.6416987494 0.6422316868 0.5773884515 0.5704698303 0.6773862466 0.6681685161 0.6631425948 0.6638119554 0.7102536826 0.7034995963 0.7131890342 0.6260916559 0.6027678567 0.8987955603 0.8901976825 0.7409754279 0.6845118057 0.6757768799 0.676831328 0.8541744165 0.8495145138 0.8504378417 0.6987775816 0.8367011953 0.8399391757 0.6879104442 0.7736970112 0.535157737 0.8324523627 0.6714091324 0.5428317027 0.5359641653
0 0 0 0 0 0 0 0 0 0 0 0 0 0 0 0.633954239 0.6599062661 0.8204596943 0.8139659118 0.8179109678 0.8225880446 0.7925635877 0.7939158351 0.7316391259 0.7275251077 0.8656043685 0.7379615063 0.880165397 0.8873925631 0 0 0 0 0.6339268098 0.6393492959 0.6407974722 0.7366723272 0.6770817842 0.6703653716 0.670007237 0.6816880783 0.6672679772 0.7113712797 0.7127102065 0.7100330357 0.8894708351 0.7517942979 0.8902554256 0.677163084 0.8829360385 0.5593503162 0.7486447468 0.7716149437 0.8231575829 0.5601287619 0.558407474 0.5516547039 0.5426512404 0.5287625699 0.8682192897 0.7953714519 0.5892848866 0.6943338883 0.82481324 0.5403014255 0.5422387532
0 0 0 0 0 0 0 0 0 0 0 0 0 0 0 0.6290938137 0.6242002527 0.6858315517 0.8565841107 0.8151300662 0.789865868 0.786467307 0.6329528809 0.7237779636 0.7234321957 0.7314812338 0.6358020578 0.6413524644 0.8813706372 0 0.5526610631 0.5453633075 0.6374412424 0.5131159732 0.6331978046 0.6415958746 0.5955962342 0.6751365378 0.6709812255 0.6736351826 0.6782890189 0.7144810483 0.7147705677 0.7213327219 0.7142205005 0.6891985294 0.8317277838 0.8761595125 0.7089318976 0.8475032462 0.7082657084 0.7108743557 0.7154318459 0.5234049064 0.5855016113 0.5853459429 0.8746909716 0.5393690681 0.5387358973 0.6424407852 0.5876476273 0.6919171159 0.6939556178 0.6929867451 0.6952004787 0.6919377432
0 0 0 0 0 0 0 0 0 0 0 0 0 0 0 0.6266010739 0.7106806562 0.8410059994 0.5470594749 0.7634243668 0.7902446077 0.6410839111 0.792571803 0.8289762196 0.7400322228 0.6354936841 0.6322899039 0.6254593136 0.6328803802 0.5474177685 0.5450412871 0.5451626112 0.5190359184 0.6421920649 0.6424795047 0.5883719184 0.7301936011 0.7244261683 0.7241201975 0.6832356512 0.6741346876 0.896708011 0.8877090428 0.8899123395 0.8004912794 0.5372316974 0.547037761 0.5502938924 0.5505634836 0.75008373 0.7053489974 0.7055510865 0.6998626227 0.7757451092 0.5858805202 0.5842746294 0.8702101579 0.8693871658 0.769986746 0.6523135994 0.7240641671 0.6934388934 0.6891159382 0.8793713286 0.6858347343 0.7993406996
0 0 0 0 0 0 0 0 0 0 0 0 0 0 0.6473252472 0.6491599757 0.7561907127 0.8477527475 0.5417937829 0.5348124603 0.6425715546 0.8499257132 0.8260932286 0.5028583973 0.8875309408 0.764537228 0.7570807594 0.6290720534 0.6344954066 0.8052841062 0.5447988905 0.8361064771 0.814629716 0.775361223 0.596281455 0.7826140308 0.7307271554 0.7223059336 0.7231764553 0.7279381812 0.7308626696 0.8946605212 0.8968639488 0.8893023197 0.5484906317 0.5448384476 0.5348778324 0.5411079626 0.5372804245 0.7149235583 0.6992818538 0.6963358487 0.68970613 0.8639105177 0.5902156599 0.5811476807 0.5910568768 0.875640959 0.6386526528 0.5194058256 0.7243469775 0.6879045674 0.6784749377 0.683427409 0.6942769757 0.6875675462
0 0 0 0 0 0 0 0 0 0 0 0 0 0 0 0 0.7222683967 0.5817968886 0.5399758133 0.5738363113 0.6449509065 0.838184649 0.8447974579 0.8176770202 0.7905968771 0.7619568691 0.7595568941 0.7553180253 0.8023596987 0.8055715562 0.5536890101 0.5468687625 0.6197756065 0.7685416497 0.7668391617 0.5291154869 0.7547057448 0.7161156133 0.7192089549 0.7117262387 0.7354152405 0.5269732415 0.5305910787 0.575121249 0.5773173289 0.5416408311 0.5439660369 0.5343348355 0.5629308119 0.5647452551 0.7060317835 0.7021092927 0.7056582265 0.8514132225 0.7907159885 0.5820541047 0.7428593487 0.7476355025 0.8186873693 0.7265114511 0.693444833 0.6852570674 0.6802345913 0.678245661 0.6775429625 0.6683915344
0 0 0 0 0 0 0 0 0 0 0 0 0 0 0 0 0.6058360038 0.8619495603 0.8620757909 0.8605418412 0.7268288417 0.7270461057 0.8433899982 0.819584306 0.8158636315 0.8180999645 0.8742733596 0.7550173929 0.7829237574 0.7389161927 0.5443285735 0.5440031058 0.8614470155 0.7624703376 0.7569187886 0.7476272307 0.7493632311 0.7506335977 0.7109005643 0.7171054852 0.5619085057 0.5317383568 0.5238542931 0.5812024821 0.8340385948 0.7430139402 0.7389160512 0.5780570658 0.5555436152 0.8383098618 0.706950993 0.7120291948 0.699099065 0.7012108814 0.5874804841 0.7510671294 0.7488352473 0.7407962384 0.7209431036 0.7670536335 0.7657713084 0.687881711 0.6899851731 0.6820656029 0.6689901882 0.6700102829
0 0 0 0 0 0 0 0 0 0 0 0 0 0 0 0 0.7224711319 0.8592070045 0.8558316302 0.8558353354 0.8603001138 0.7190411801 0.7255673211 0.8212805342 0.811344796 0.8211425291 0.8269471413 0.8711555115 0.7406560614 0.7411082418 0.5470417929 0.8528832014 0.8585996408 0.8205524491 0.7531779673 0.7476057738 0.7470730898 0.7494973065 0.7157321665 0.5618651439 0.5692436182 0.708746074 0.7130808325 0.8281052707 0.5892183089 0.7408745668 0.7349779944 0.7396474411 0.5592859883 0.558831671 0.8082423196 0.6701991535 0.6943646151 0.69253891 0.8230487928 0.8385231402 0.6858544864 0.7408262536 0.5399570356 0.7655456761 0.7635401453 0.759918583 0.6872151604 0.687907802 0.6821869391 0.6967793232
0 0 0 0 0 0 0 0 0 0 0 0 0 0 0 0 0.7030438154 0.8867197893 0.8503773658 0.8503470166 0.8411812667 0.8483744814 0.8489372673 0.8207323732 0.8167689534 0.8171444511 0.8757776535 0.6624085941 0.8652933589 0.8869354393 0.8543142555 0.8514085408 0.6696911402 0.5575488186 0.7558377407 0.7528434117 0.7532856357 0.7552651857 0.6288233363 0.6278003788 0.628598254 0.7029681053 0.705948601 0.6996128209 0.594352646 0.7999560229 0.7330566319 0.7329638888 0.7443146863 0.5238200301 0.661639005 0.5257924979 0.6579342055 0.8196357204 0.6833925586 0.6874160747 0.8985959292 0.7545612676 0.7660478758 0.7590114431 0.7587395399 0.7589404116 0.8884142856 0.6915013264 0.6963727647 0.7295076577
0 0 0 0 0 0 0 0 0 0 0 0 0 0 0 0 0.7053608933 0.8001826761 0.8408610137 0.8405274359 0.8427971245 0.8433965886 0.8415641045 0.8371363372 0.8216801865 0.8234567661 0.5570448716 0.8617294334 0.6595127903 0.8561502657 0.8533227785 0.8532659138 0.6620767788 0.8300140325 0.8388402764 0.7596614408 0.7553335113 0.635494729 0.6279394908 0.6198478881 0.6265336386 0.700428051 0.6981606077 0.7124111742 0.7086735484 0.5848571077 0.6012764307 0.7353392247 0.7420115112 0.6603702498 0.5219500845 0.5248972537 0.6619398162 0.5345386954 0.8881350274 0.680025446 0.8945050968 0.7482830903 0.7586613248 0.7561375943 0.760987906 0.7582604641 0.7615041654 0.7407963405 0.7318789588 0.7273262211
0 0 0 0 0 0 0 0 0 0 0 0 0 0 0 0 0.8114007985 0.6513060658 0.8616024786 0.8429698826 0.8384445011 0.8427160078 0.8367837046 0.8388591501 0.7767422545 0.7706271182 0.8256888077 0.7267996669 0.8547075743 0.8453384535 0.8545690354 0.8600123507 0.8630261243 0.7650343645 0.5390638901 0.7634128269 0.762950954 0.6346714789 0.6334633259 0.6246737927 0.6211037751 0.7026765195 0.7219573523 0.700331093 0.7047070922 0.7013441594 0.8238905869 0.6853240076 0.6784934506 0.6834099309 0.5402076365 0.5241742894 0.612210698 0.5335005416 0.8935564335 0.8864172187 0.8945983507 0.7545687349 0.7568154184 0.758161684 0.5791580727 0.7628960212 0.7627281352 0.7387423165 0.7306700827 0.7296893864
0 0 0 0 0 0 0 0 0 0 0 0 0 0 0 0 0 0.8614022892 0.8662953672 0.8698745096 0.835567035 0.833246559 0.8450765303 0.8405633584 0.5059361053 0.6578252595 0.6482225785 0.6440887297 0.6469536729 0.6471118019 0.6212011728 0.7632743951 0.757186343 0.5266682975 0.7033832576 0.8575207223 0.8763150819 0.8612291015 0.6284511639 0.6218548637 0.6255050492 0.6351656118 0.7034993055 0.6913415612 0.6952359202 0.6946079969 0.6746901778 0.676634875 0.6781360901 0.6872370256 0.8056134363 0.5375210758 0.5322045772 0.5383332088 0.5405236358 0.5459836455 0.8299023839 0.8987601262 0.7598338575 0.5628573691 0.570412325 0.7965639986 0.8066158405 0.8792635271 0.8776507037 0.8836972202
0 0 0 0 0 0 0 0 0 0 0 0 0 0 0 0 0 0.8791576024 0.861195158 0.855248247 0.8427932465 0.8615377379 0.8691657099 0.8610956664 0.7972880167 0.651522738 0.6514194948 0.645809809 0.6404644092 0.7473984955 0.7530025676 0.7022057919 0.6951667723 0.693420809 0.7340029554 0.5814486643 0.5734016981 0.8617723684 0.8520581407 0.6325443063 0.6352322578 0.6286103646 0.8591239388 0.7039482706 0.6906717601 0.6806683544 0.6734088285 0.6762279774 0.6864064037 0.6782627648 0.5627794962 0.5468990651 0.5469395844 0.5453595554 0.7872263607 0.7839920072 0.9072232672 0.5643661015 0.5633881437 0.5614739704 0.562715679 0.7878500449 0.8803047872 0.8749988562 0.8783332612 0.5298723721
0 0 0 0 0 0 0 0 0 0 0 0 0 0.7194058599 0 0.850838638 0.8773024901 0.8620508894 0.8527988435 0.8518220966 0.8502713751 0.8492562257 0.8608744051 0.8669993645 0.6568693292 0.6573737739 0.8506502464 0.5533151316 0.8070375878 0.7998144603 0.7007750626 0.697392307 0.6916455098 0.6991646704 0.6955656603 0.8474861964 0.5677212203 0.8540563372 0.551820843 0.8523802715 0.8056623904 0.8493902361 0.6607389873 0.702646092 0.6900566089 0.6818043061 0.6728692155 0.6791382892 0.6859488616 0.8276834803 0.7098183737 0.5298991618 0.5216682344 0.7122817047 0.7142139306 0.7077905775 0.8707212222 0.8655930106 0.5600342924 0.5608997156 0.6877940285 0.611228888 0.7893874484 0.5229273521 0.5255712891 0.5317733253
0 0 0 0 0 0 0 0 0 0 0 0 0 0.7160951063 0 0.63957509 0.8750864274 0.8705581889 0.8690297168 0.8524954002 0.8516513404 0.8537349883 0.8658322363 0.8634358526 0.8679901717 0.8661916216 0.5577619662 0.5541065171 0.7657728852 0.6997621151 0.69863871 0.6927083926 0.6999692922 0.6970592616 0.8478191424 0.8439940419 0.8485055 0.8664020162 0.8583678576 0.8538435415 0.8565251142 0.8061895714 0.7131930087 0.6942341686 0.6872647032 0.6766875747 0.8821685288 0.8879636959 0.8826978044 0.824712267 0.8227724933 0.813528129 0.5216440616 0.6433321446 0.7059596315 0.6420380022 0.6436979374 0.5634187027 0.5655881762 0.5648940885 0.6965086443 0.8974682073 0.5261070987 0.5253927374 0.5136613146 0.5337846559
0 0 0 0 0 0 0 0 0 0 0 0 0 0.7193212985 0.5164798128 0.6291661466 0.8752082771 0.8786842532 0.8633200821 0.8598797777 0.8567919837 0.8623680975 0.8656621642 0.8707001803 0.864119654 0.6992717698 0.7013612465 0.5866356517 0.7858260956 0.6710213929 0.5148008897 0.5180557809 0.5217956561 0.5236319732 0.7036308412 0.8759044806 0.7168839808 0.8752815601 0.8614931559 0.8562517675 0.8595229657 0.5528284583 0.8124655068 0.6949153239 0.6804409229 0.6900756706 0.8827565164 0.8781745175 0.824437882 0.8148291498 0.8210566476 0.527915796 0.5254782503 0.6405994569 0.6370588347 0.6391544362 0.6491137475 0.5685825011 0.5730522853 0.5711975584 0.5711791033 0.8861180746 0.8893557362 0.5290222203 0.5299015983 0.7796235538
0 0 0 0 0 0 0 0 0 0 0 0 0 0.7221937835 0.6686821589 0.5326543865 0.5952765626 0.8694530732 0.8627858167 0.8651187127 0.8625865486 0.8574330664 0.8574864761 0.9074712992 0.7697197663 0.7717318652 0.7742066912 0.7942010545 0.5295535594 0.5212343926 0.5142803792 0.5147568492 0.5120675681 0.5196128368 0.8701059788 0.7194307849 0.8683967833 0.8735078479 0.7958151167 0.864919259 0.5525949004 0.5466408529 0.8213002704 0.8492101117 0.6901565634 0.6890419345 0.6928990707 0.8333591345 0.7231640794 0.8227847054 0.8231829737 0.8330907594 0.7209737829 0.6444119716 0.5837599436 0.6414283624 0.6490038223 0.8057060399 0.8962686043 0.5280385085 0.5294233902 0.6298180293 0.8946553066 0.8941074604 0.619702425 0.7792453618
0 0 0 0 0 0 0 0 0 0 0 0 0 0.71427543 0.6606176741 0.6572680209 0.6921810891 0.872429005 0.8709379357 0.6730955804 0.6212408148 0.62083563 0.8980014905 0.8990878878 0.7777856867 0.7680706502 0.7752001848 0.8746218573 0.5220164019 0.5211313985 0.5110163492 0.5050208312 0.5028828419 0.5190906129 0.8725600625 0.8638551638 0.8736323285 0.8748260955 0.8993418065 0.9012489353 0.5508867578 0.5533240357 0.5904661064 0.559647127 0.6924097362 0.6918567384 0.6979202126 0.7681761547 0.8229241454 0.825607392 0.8260593251 0.8280252549 0.7160532514 0.7134851025 0.6766295345 0.712725481 0.6498714086 0.5679811488 0.5604042885 0.5195849055 0.5195250603 0.5278063518 0.8959516003 0.6184029008 0.6264855202 0.779316351
0 0 0 0 0 0 0 0 0 0 0 0 0 0 0.6533134122 0.6565428774 0.6878058554 0.5450206565 0.5444042391 0.7396370956 0.61479151 0.8702610151 0.6156587012 0.7116951761 0.7770052041 0.769710484 0.7748950179 0.5371953141 0.5284881227 0.5310580406 0.5106372624 0.5012448529 0.5013037437 0.5158548285 0.8736624363 0.8721250113 0.8733443868 0.8941574008 0.8968106043 0.8952678761 0.9033557034 0.6026391543 0.5667032129 0.5627005117 0.8731758877 0.7640124391 0.7596543401 0.7590583971 0.7580401011 0.7576955676 0.7747972313 0.7743840377 0.7062630393 0.7089933881 0.7054228801 0.708046544 0.843464781 0.5665763687 0.5654738148 0.5638146251 0.568305843 0.5234632355 0.6097143894 0.8966408752 0.7506387799 0.7421832425
0 0 0 0 0 0 0 0 0 0 0 0 0 0.6863294067 0.6848582772 0.6441063034 0.8421695325 0.5529590226 0.9128077065 0.5344907728 0.8727844418 0.6116863483 0.6155726502 0.6169664946 0.7702673248 0.8898812958 0.809097721 0.8182211558 0.5291928785 0.5230924393 0.502031254 0.503027992 0.5065219364 0.54021409 0.8234110908 0.875644606 0.8724007122 0.8956282015 0.8901990049 0.8961828899 0.9031877694 0.7866679625 0.596857674 0.5557321024 0.7599209797 0.7696303473 0.5348732552 0.7498174596 0.7549438624 0.7575112854 0.772708081 0.8171478538 0.6305791874 0.7030469453 0.7050051134 0.7094705508 0.8337055394 0.8361617751 0.8273432874 0.5652097555 0.612324573 0.8200647487 0.5909514002 0.8958761906 0.8588949602 0.7452676364
0 0 0 0 0 0 0 0 0 0 0 0 0 0 0 0.6893715859 0.889106085 0.8603753998 0.5725880993 0.906817859 0.6077036022 0.6073166315 0.5974551941 0.6032146083 0.6740914797 0.8843502478 0.897143029 0.8116715883 0.5298055467 0.5185085414 0.5185076164 0.5102234488 0.5074535877 0.5092696089 0.8840328526 0.5878077989 0.5880766453 0.5810432551 0.5814066961 0.8728178417 0.8756550447 0.6316206484 0.7027563264 0.8947960772 0.7037225422 0.6972028926 0.753134906 0.7528633783 0.7570413311 0.762301875 0.5232913652 0.8546099797 0.705416916 0.7246802242 0.8439098854 0.8423024539 0.8304092347 0.8268107728 0.8269982852 0.6135031783 0.8201812341 0.822643766 0.589555391 0.5927045087 0.8313328682 0.6382547702
0 0 0 0 0 0 0 0 0 0 0 0 0 0 0 0.6444990434 0.8836708744 0.8965272044 0.8969998603 0.9033861212 0.6123895008 0.6080837875 0.6042850167 0.6102927258 0.6004486176 0.6049621018 0.5932056209 0.8187180411 0.8224937709 0.5253753959 0.5135770449 0.5186895892 0.695090189 0.68203704 0.6833398456 0.6818846262 0.5868928708 0.5786055298 0.5878474203 0.7588374452 0.879263614 0.5080737264 0.5736550617 0.6964145443 0.6929333871 0.6945198276 0.6926272475 0.7517001435 0.7577855607 0.7314831256 0.715885108 0.7089128351 0.7131836037 0.7149240239 0.8458043414 0.8434949779 0.8337298939 0.8342836408 0.8359061786 0.515434175 0.5125599467 0.612715952 0.8158793737 0.5824367289 0.5841674598 0.8123076233
