landscape/hab_quality/256/simulation_000036_p048_h081_HABMAT_patch_more_500pix_modified.asc_ac_0.5_quality.asc
NCOLS 513
NROWS 513
XLLCORNER 0
YLLCORNER 0
CELLSIZE 9.980507
NODATA_VALUE NaN
[rows 105 to 139 of 513, columns 79 to 157 of 513]
0 0 0 0 0 0 0 0 0 0 0 0 0 0 0 0 0 0 0 0 0 0 0 0 0 0 0 0 0 0 0 0 0 0 0 0 0 0 0 0 0 0 0 0 0 0 0 0 0 0 0 0.6328418608 0.6283855703 0.6249105628 0 0.634268119 0.62992662 0.6715787681 0.6634510856 0.6716504125 0.6688305152 0.6579773583 0.6600215431 0.6515789988 0.6585272178 0.6753061332 0.6791073733 0.6117937074 0 0.5552631248 0 0 0.9006272991 0.9004985065 0.8136817523 0.7594983484 0.8933559929 0 0
0 0 0 0 0 0 0 0 0 0 0 0 0 0 0 0 0 0 0 0 0 0 0 0 0 0 0 0 0 0 0 0 0 0 0 0 0 0 0 0 0 0 0 0 0 0 0 0 0 0 0 0.6349559573 0.6218432531 0.622588972 0.6213047024 0.6292464301 0.6386892716 0.6699671978 0.6630561267 0 0.6508202408 0.6466912525 0.6512608813 0.6565592599 0.6687890232 0.6698879828 0.6721168769 0.6098985747 0.6088597972 0.5518383471 0.8882569033 0.8927283602 0.8980366581 0.7675783301 0.8870712502 0.9021660554 0.9012824334 0.7060422899 0
0 0 0 0 0 0 0 0 0 0 0 0 0 0 0 0 0 0 0 0 0 0 0 0 0 0 0 0 0 0 0 0 0 0 0 0 0 0 0 0 0 0 0 0 0 0 0 0 0 0 0 0 0.622523319 0.620900716 0.6206245906 0.6151844349 0.6345296493 0.6740715925 0.6604612399 0.6559702437 0.6485939301 0.6458451142 0.6524594094 0.6595694293 0.6614062757 0.6622046525 0.6790084136 0.5956149263 0.6048954641 0.8933129745 0.8856682163 0.8944736446 0 0.8865527173 0.7848449657 0.7879604548 0.884013797 0.7301808894 0.7292707096
0 0 0 0 0 0 0 0 0 0 0 0 0 0 0 0 0 0 0 0 0 0 0 0 0 0 0 0 0 0 0 0 0 0 0 0 0 0 0 0 0 0 0 0 0 0 0 0 0 0.8686802133 0 0 0 0 0.613199352 0.6161976283 0.6266562388 0.6742767365 0.6658146576 0.6582409766 0.6486367115 0.6530489892 0.6546812785 0.6657537539 0.6604791834 0.6693092497 0.6752162239 0 0.8876449143 0.8827833233 0.8867645531 0.8850370234 0.885090166 0 0.830428842 0.7903852117 0.653493018 0.7242591685 0.7230443246
0 0 0 0 0 0 0 0 0 0 0 0 0 0 0 0 0 0 0 0 0 0 0 0 0 0 0 0 0 0 0 0 0 0 0 0 0 0 0 0 0 0 0 0 0 0 0 0 0 0 0.8148593265 0.6449009225 0.5194465057 0.621320644 0.6209770371 0.6225155999 0.624516048 0.665923372 0.6588268148 0.6646268197 0.6596308854 0.6622598645 0.6611113354 0.6567218686 0.6662517097 0.6618035075 0 0.672023666 0.8947020727 0.8847050856 0.8791598737 0.8779241312 0 0.8908424748 0 0 0.7463897781 0.729472042 0.7237312916
0 0 0 0 0 0 0 0 0 0 0 0 0 0 0 0 0 0 0 0 0 0 0 0 0 0 0 0 0 0 0 0 0 0 0 0 0 0 0 0 0 0 0 0 0 0 0 0 0 0 0.6766747504 0.5305655135 0.5373157772 0.6411265099 0.6321030449 0.6231532129 0.6303972204 0.6713009702 0.6742104774 0.8817722615 0.6648890483 0.6367316477 0 0.6379220851 0.6736229547 0.6684248206 0.6708481676 0.6758879397 0.8601811037 0 0.8835644657 0.8829423459 0 0 0 0 0.643536527 0.8743499644 0
0 0 0 0 0 0 0 0 0 0 0 0 0 0 0 0 0 0 0 0 0 0 0 0 0 0 0 0 0 0 0 0 0 0 0 0 0 0 0 0 0 0 0 0 0 0 0 0 0 0 0 0.5353535986 0.5685250599 0.6382309539 0.6396622257 0.638704997 0.6402494882 0.6375279963 0.8890052181 0.8876089072 0.8829562568 0.6331947461 0.6360459389 0.6415319475 0.6719529942 0.6727739653 0.6748883899 0.6766031886 0.6789641108 0.8647601391 0.639694013 0.6315442494 0.625354033 0.6185550505 0.619105825 0 0.8286079894 0.6159725816 0.7924857797
0 0 0 0 0 0 0 0 0 0 0 0 0 0 0 0 0 0 0 0 0 0 0 0 0 0 0 0 0 0 0 0 0 0 0 0 0 0 0 0 0 0 0 0 0 0 0 0 0 0 0 0.5637137963 0.5703008346 0.5676705844 0.5748499885 0.6463363732 0.6456379289 0.6447669531 0.8942837718 0.6570616183 0.6411876707 0.6365753565 0.6330379743 0.6371070212 0.6801106035 0.6796823148 0.6730214451 0.6766844965 0.6840735084 0.6839133034 0.7116744786 0.7054485113 0.8210853067 0.6268356424 0.6238698415 0 0.617930488 0 0
0 0 0 0 0 0 0 0 0 0 0 0 0 0 0 0 0 0 0 0 0 0 0 0 0 0 0 0 0 0 0 0 0 0 0 0 0 0 0 0 0 0 0 0 0 0 0 0 0 0.568539016 0.5626712801 0.5612687116 0.5648897405 0.5673243907 0.576853949 0.6527111345 0.6505554373 0.5493774334 0.9011352223 0.6574825831 0.6532001361 0.6367211682 0.639543753 0.6338160765 0.6498783688 0.6584522901 0.6859629857 0.681552708 0.6862691236 0.580438898 0.7099396174 0.703799625 0.7017171579 0.6923473799 0 0 0 0.7456276369 0.6865335943
0 0 0 0 0 0 0 0 0 0 0 0 0 0 0 0 0 0 0 0 0 0 0 0 0 0 0 0 0 0 0 0 0 0 0 0 0 0 0 0 0 0 0 0 0 0 0 0 0.8841375322 0.5655282025 0.5704535737 0.5670403814 0.5711402678 0.5698455944 0.6624236771 0.6584771065 0.8802263155 0.8664256807 0.8738797033 0.6620420009 0.646193951 0.643848906 0.6440865819 0.6443294207 0.6542376127 0.6559004408 0.659997119 0.6677971937 0.5605309517 0.5852164499 0.7137043494 0.7054839889 0.6926250551 0 0 0 0.5569476547 0.6985290183 0.6908941491
0 0 0 0 0 0 0 0 0 0 0 0 0 0 0 0 0 0 0 0 0 0 0 0 0 0 0 0 0 0 0 0 0 0 0 0 0 0 0 0 0 0 0 0 0 0 0.8777550599 0.8761193545 0.6339928645 0.8493486395 0.7852330178 0.5092747886 0.576137643 0.57163662 0.6663445397 0.6587841132 0.6653023484 0.8726846041 0.8657913404 0.6553280298 0.6516848726 0.6525559897 0.6534732516 0.6515062854 0.6463536549 0.6592914647 0.8539495786 0.5152675624 0.768398075 0.8646182128 0 0.7134954662 0.7117650586 0.7134261439 0 0 0.8496245792 0.6991772954 0.6945057742
0 0 0 0 0 0 0 0 0 0 0 0 0 0 0 0 0 0 0 0 0 0 0 0 0 0 0 0 0 0 0 0 0 0 0 0 0 0 0 0 0 0 0 0 0 0 0.8137188062 0.6169865855 0.7143215347 0.7462042771 0.668506187 0.6427534016 0.5215324416 0.6683536786 0.8166915897 0.809697162 0.8182995838 0.8741188922 0.8716637605 0.6541991237 0.6560969876 0.6549604931 0.8540263969 0.6557682483 0.6545149265 0.6556028731 0.5067417879 0.5114448428 0.5062207761 0 0.5497987447 0.5485266744 0.7136227363 0.7214454168 0.7154873006 0 0.8430391545 0 0.8416052925
0 0 0 0 0 0 0 0 0 0 0 0 0 0 0 0 0 0 0 0 0 0 0 0 0 0 0 0 0 0 0 0 0 0 0 0 0 0 0 0 0 0 0 0 0 0 0.7828674041 0.6246048625 0.5394456728 0.6094387689 0.6576984299 0.8177481252 0.5189763114 0.7642581913 0.809243445 0.8089851335 0.5725992892 0.7940913982 0.6698266128 0.663169487 0.6620143832 0.8527599832 0.8526015371 0.8565747574 0.8658777729 0.6655094006 0.7136676266 0.5034686375 0.5015364749 0.5493054127 0.5432169337 0.5444204092 0.5524027847 0.7232213974 0.7205608836 0.7128921232 0.8399525487 0.8385225194 0.8456706829
0 0 0 0 0 0 0 0 0 0 0 0 0 0 0 0 0 0 0 0 0 0 0 0 0 0 0 0 0 0 0 0 0 0 0 0 0 0 0 0 0 0 0 0 0 0 0.7829464564 0.790200816 0.5485708628 0.6380686967 0.7510246233 0.5522023182 0.5227857594 0.7850524824 0.8126755199 0.8090847139 0.8140967908 0.5977359583 0.5906736734 0.5925979911 0.6727613115 0.5481941319 0.8507954316 0.5448180873 0.5382690013 0.545256117 0.5126044085 0.5056960725 0.5047947975 0.5527671264 0.5515544074 0.5498687185 0.6602933308 0.7169854603 0.708909608 0 0.7111882658 0.8415857232 0.8390463524
0 0 0 0 0 0 0 0 0 0 0 0 0 0 0 0 0 0 0 0 0 0 0 0 0 0 0 0 0 0 0 0 0 0 0 0 0 0 0 0 0 0 0 0 0 0.7745087363 0.5165664814 0.5534896302 0.8874008817 0.6404623822 0.6330971456 0.6415071354 0.5075600261 0.827531628 0.7947338729 0.7941010398 0.5348024854 0.5463616661 0.5900463812 0.5550878807 0.5577970388 0.5465501364 0.5409573733 0.5369753293 0.535385921 0.5337760275 0.8285146432 0.5140326155 0.5050093209 0.556486119 0.5562864492 0.6359714844 0 0 0 0.7042928164 0 0.7142841129 0.8495614476
0 0 0 0 0 0 0 0 0 0 0 0 0 0 0 0 0 0 0 0 0 0 0 0 0 0 0 0 0 0 0 0 0 0 0 0 0 0.6611240612 0.7107088032 0.8853453129 0 0 0 0 0.7893316492 0.644410962 0.6526032139 0.5019006097 0.8840489605 0.7240553357 0.6383014094 0.6344981649 0.8214815742 0.5534900108 0.8777772593 0.8283447789 0.5340460492 0.5949937281 0.5926003901 0.5554416075 0.5542095353 0.5491801604 0.546568553 0.5363408635 0.5298336608 0.5386104476 0.8417653413 0.5298820231 0.7845996828 0.7557046072 0.8982699228 0 0 0 0 0.7068869131 0.7091148079 0.7153739975 0.8539351443
0 0 0 0 0 0 0 0 0 0 0 0 0 0 0 0 0 0 0 0 0 0 0 0 0 0 0 0 0 0 0 0 0 0 0 0 0 0.8157960571 0.7260848428 0.6698423362 0.8352209061 0.5867872067 0.8967964636 0.8985611369 0.894450312 0.8424783863 0.8251408811 0.8820461231 0.6776011849 0.8180956589 0.6919698063 0.5804229684 0.5879657057 0.8678070281 0.8859004086 0.8809540369 0.5286710821 0.535157165 0.7705643263 0.625395493 0.6173377196 0.6188909982 0.5377927362 0.5315985014 0.532040381 0.5337510864 0.5382957719 0.5449702494 0.7809508208 0.7827690924 0.7316278139 0.7335980559 0.736072959 0 0.7096721329 0.7097327502 0.7154704056 0.7106566502 0.898234224
0 0 0 0 0 0 0 0 0 0 0 0 0 0 0 0 0 0 0 0 0 0 0 0 0 0 0 0 0 0 0 0 0 0 0 0 0.8110599375 0.8182958725 0.8185569163 0.5627647352 0.749603703 0.8374341036 0.892540507 0.8901508082 0.8864908828 0.8766465452 0.7929944146 0 0.7397666781 0.8132835029 0.5802856869 0.5801052051 0.5866180307 0.7053279383 0.8743692847 0.876341824 0.8717984154 0.5518574456 0.8693966267 0.6194479864 0.6157877289 0.624163497 0.5389844501 0.5344563304 0.5387947727 0.5360565057 0.5567652935 0.5507356678 0.8638236379 0.6083356924 0.7265209489 0.7299491636 0.8146698276 0.8292591514 0.5898234203 0.8466684295 0.7196019642 0.7155037777 0.8961511471
0 0 0 0 0 0 0 0 0 0 0 0 0 0 0 0 0 0 0 0 0 0 0 0 0 0 0 0 0 0 0 0.763650327 0 0 0 0 0.8092694194 0.8079625331 0.811786009 0.8196035253 0.6651933198 0.8149332383 0.8984341463 0.8819229018 0.8812033531 0.8787755307 0.8789138697 0.5045943356 0.562719393 0.8150564701 0.5849239718 0.5881987075 0.6060317564 0.7530233565 0.8768483472 0.8711442721 0.8762166732 0.6305192947 0.8685351516 0.5494616243 0.6241231446 0.617478705 0.5372690716 0.5433585164 0.5469680175 0.5472882419 0.5481882385 0.5575767034 0.72888991 0.72313149 0.7265488618 0.7314606929 0.7328386599 0.7634453622 0.8249774959 0.6525453181 0.7217343897 0.7201908113 0.6094573659
0 0 0 0 0 0 0 0 0 0 0 0 0 0 0 0 0 0 0 0 0 0 0 0 0 0 0 0.5109716236 0.5097706164 0 0.7613526708 0.7623201264 0 0 0 0 0.7993625925 0.8022121099 0.8114448556 0.7285847743 0.880940028 0.8825104455 0.5931589474 0.8812260563 0.8816511198 0.8783188417 0.8801283579 0.5527289614 0.5515572151 0 0.6924108077 0.6974024323 0.6591500704 0.750078259 0.8715393074 0.8703268337 0.8668178197 0.8669435354 0.8765203173 0.8784874154 0.5605004009 0.8077624815 0.6815606989 0.7098831611 0.5502929363 0.5561167644 0.5560156453 0.5482044825 0.7318647351 0.7292544979 0.8696127649 0.5291731804 0.6189491873 0.6629621802 0.7404050562 0.7418513526 0.7354969382 0.8791069779 0.8747760974
0 0 0 0 0 0 0 0 0 0 0 0 0 0 0 0 0 0 0 0.6785699696 0 0 0 0 0 0 0 0.5051004748 0.8319133478 0.7350393107 0.7619257928 0.7647757291 0 0 0.8024566976 0.7952416843 0.5386617065 0.8901532176 0.8786520264 0.875268393 0.8741978926 0.8758853266 0.5207752112 0.6777126863 0.8852571819 0.8787612021 0.8852246735 0.5475355527 0.5514039689 0.5505494264 0.6889832483 0.6886745489 0.6859641473 0.694934488 0.6760686 0.6804036939 0.6761300566 0.6806266118 0.6890061419 0.7720259367 0.6735842076 0.5581826047 0.6730105159 0.7067720093 0.7084482982 0.574013604 0.6442926822 0.7418147775 0.7382997452 0.6147887597 0.6762198858 0.8357658703 0.8314622088 0.8287019612 0.7394716426 0.7345113819 0.7444928684 0.7538663727 0.8771189761
0 0 0 0 0 0 0 0 0 0 0 0 0 0 0 0 0.8711405532 0 0.8748633504 0.7590803865 0.7544217348 0 0.5483849551 0.5555932456 0.5483740021 0.5445911166 0.5391969751 0.5358782552 0.5352324362 0.7692166273 0.7747095762 0.5071021715 0.5004837814 0.5053404666 0.8353456496 0.5662612291 0.798165368 0.8782324037 0.8782223205 0.8687861444 0.8748302194 0.8762380917 0.7636553137 0.8719323464 0.8793203059 0.8805885325 0.5646388817 0.5524318672 0.5467955002 0.5517292832 0.6879391516 0.6832315403 0.6905930257 0.6921368739 0.6717651693 0.67113455 0.8813430578 0.6796362775 0.6823465688 0.7455417699 0.5904089227 0.6979584458 0.7470296974 0.7017236597 0.7058969419 0.6494910418 0.8198288625 0.586866657 0.6627473555 0.664520199 0.6704444739 0.8360559218 0.8265794474 0.8362608047 0.7409737804 0.7404085163 0.7442432469 0.7527000721 0.8717672186
0 0 0 0 0 0 0 0 0 0 0 0 0 0 0 0 0.876602226 0.8679274916 0.8712262246 0.7580763251 0.7079732013 0 0.546436111 0.5475271197 0.5432151741 0.5466385879 0 0.5338198106 0.62445734 0.6323632035 0.6641891374 0.5044905206 0.5007291216 0.8280579379 0.8286476109 0.6155157667 0.8061726236 0.8839902174 0.8770629161 0.8691909094 0.8742455006 0.5403230788 0.5398060634 0.7092787679 0.5858133674 0.5610114913 0.5565961533 0.5564277467 0.5479574543 0.5495014729 0.6864272716 0.6918715203 0.5031202615 0.6955635544 0.675190134 0.6719036019 0.6749074314 0.6775631507 0.6869394133 0.7998673001 0.6826651452 0.740104914 0.6921902662 0.7016221524 0 0.7500838237 0.8653584555 0.8251564866 0.510492996 0.6617218423 0.6528231879 0.8716152752 0.8305682112 0.8307778551 0.782841757 0.7456454887 0.7477452852 0.7483928689 0.8788004153
0 0 0 0 0 0 0 0 0 0 0 0 0 0 0 0 0.8754369079 0.8760110933 0.8752133132 0.5488879412 0.6553755828 0.5524692546 0.5463536332 0.5397212587 0.5470326706 0.9110447636 0.5388955446 0.5355543344 0.7161157105 0.6950225344 0.5711845611 0.6225756185 0.8350142134 0.8292046389 0.8322222713 0.7445255624 0.7306551977 0.7297597819 0.7328926423 0.5457736627 0.5312947538 0.5423004761 0.5366921504 0.5421171106 0.5846817234 0.5675760812 0.5598606318 0.5542523283 0.5538029382 0.5544726266 0.553342265 0.5579202663 0.5163882783 0.6757213826 0.5829921256 0.6950553622 0.6770655597 0.6761461736 0.5213168201 0.686322731 0.6561885971 0.6497532926 0.636488625 0.6055021373 0 0 0 0.652236635 0.6524722744 0.6523704542 0.6590588596 0.6653147839 0.8777574386 0.6977756398 0.7537955198 0.7548172201 0.599892561 0.5967452641 0.594561275
0 0 0 0 0 0 0 0 0 0 0 0 0 0 0 0 0 0.5353278314 0.5403948349 0.543276903 0 0.6927213614 0.9074709074 0.898085039 0.9040790598 0.9122793692 0.9143983435 0.5487528155 0.5561547018 0.7079542047 0.6579278256 0.6931123661 0.6233722585 0.5758182164 0.5728941591 0.7401946867 0.7279807861 0.7261662422 0.7306108463 0.8588464998 0.8222019633 0.5425568819 0.5768619008 0.6158386201 0.7099292041 0.8640285565 0.5596577969 0.5637337184 0.5607219491 0.562068384 0.5558496454 0.5604407743 0.7259075328 0.8423720071 0.7000364915 0.70437272 0.6773074469 0.6838516082 0.6795679913 0.6533328495 0.580577819 0.6491678447 0.6491870946 0.6555011902 0.5644433527 0.6316606198 0.8916951159 0.6520990911 0.6478298147 0.6472530141 0.6616277918 0.608639575 0.5281104291 0.5964778915 0.5989906509 0.5934754292 0.5944720962 0.7218108052 0.5869263282
0 0 0 0 0 0 0 0 0 0 0 0 0 0 0 0 0 0 0.5373337219 0.5400570669 0.6957808568 0 0 0.8976354806 0.9072222527 0.90847902 0.9115669593 0.9195184038 0.6624255273 0.7062529034 0.7000201519 0.7040712168 0.5412942948 0.5739072083 0.5681088393 0.7380512895 0.731149106 0.5957641842 0.7336129075 0.651964198 0.8301167739 0.8645130657 0.6993705942 0.6953269599 0.8599136996 0.8571823144 0.8592522682 0.8373508752 0.7483255424 0.5559834444 0.7254001646 0.7209789513 0.7277624527 0.845317645 0.8503534901 0.7102427064 0.6711670718 0.6702062425 0.5229641813 0.6514912761 0.6440726092 0.6524085192 0.6513301 0.6378611021 0.6287517554 0.6325132553 0.659325495 0.6526015908 0.6456148535 0.5707343122 0.6646874054 0.5523837475 0.7965101483 0.5945687059 0.5917035527 0.5937597866 0.5930326504 0.5859676832 0.5758165806
0 0 0 0 0 0 0 0 0 0 0 0 0 0 0 0 0 0 0 0 0.6953273133 0.6059059392 0 0 0 0.8910304081 0.916348914 0.6007013011 0.8293074997 0.7031596001 0.7039392994 0.7141170245 0.5958373446 0.57592145 0.5748805466 0.6220226991 0.7368981703 0.5757390426 0.5440609709 0.5356670963 0.5356356554 0.7899131392 0.5524555884 0.6947926276 0.6066437364 0.8446980015 0.7651986408 0.7120769729 0.5700753943 0.6936338281 0.7269112103 0.7209987116 0.5964632895 0.850960601 0.6670129263 0.6768146579 0.673478389 0.6753350605 0.6720064867 0.645626575 0.6451407507 0.6042456507 0.5856757185 0.6212693689 0.6302533375 0.6291613596 0.6527556567 0.6496272423 0.6459400483 0.654726657 0.5913007433 0.8085531617 0.8506118761 0.5633800578 0.5942050074 0.5884162495 0.5879684548 0.5789504755 0.5806983084
0 0 0 0 0 0 0 0 0 0 0 0 0 0 0 0 0 0 0 0 0 0.571937939 0.6135711273 0.6774741421 0.8101653737 0.921687617 0.5994823827 0.5977419901 0.5053691356 0.6954576187 0.7123197699 0.6341026456 0.6331178364 0.6322832534 0.7462451201 0.8494622539 0.5297746791 0.608898307 0.5279888213 0.5351319079 0.5383810597 0.531161904 0.5460915693 0.6939575884 0.684478586 0.7005011735 0.8110020066 0.5329597496 0.8538998623 0.8374317933 0.7901964685 0.6364075595 0.6374090761 0.6377172891 0.8537120933 0.5293360754 0.7411332727 0.8650248651 0.8616986858 0.8662830119 0.652401368 0.6475422463 0.866173914 0.5579678734 0.8160738324 0.6716186408 0.6566474117 0.6537519785 0.6520370483 0.5861476857 0.5833251062 0.8009141768 0.6208494594 0.7732018932 0.5888431949 0.5962447903 0.5875322061 0.5829760241 0.5754946153
0 0 0 0 0 0 0 0 0 0 0 0 0 0 0 0 0 0 0 0.6719165801 0.5684702668 0.6617474773 0.6637253147 0.530321069 0.7965232126 0.8036763655 0.7341710298 0 0.8365798187 0.6852693651 0.6477707258 0.6421159641 0.6321730483 0.6337777501 0.8359701133 0.8616181052 0.8579534442 0.5292356532 0.5242180002 0.5309002304 0.5289890891 0.5386064297 0.5434870656 0.8966969489 0.8991148525 0.6943486156 0.523278717 0.5376523772 0.8149027557 0.5476693916 0.6353423072 0.6369440201 0.6351134489 0.6385569651 0.639468838 0.8778780977 0.8730094451 0.863128801 0.8600068946 0.8656328037 0.868009621 0.7678370971 0.5830525107 0.6754032514 0.6676093186 0.6682045631 0.6622761118 0.654798307 0.6633708271 0.581892128 0.5835247052 0.819037179 0.5643644505 0.6109181533 0.6014580853 0.6007987553 0.5888390445 0.5841820254 0.5836474601
0 0 0 0 0 0 0 0 0 0 0 0 0 0 0 0 0 0 0.8817405246 0.5919721467 0.6669464785 0.6602599344 0.6644998758 0.8066720884 0.8007796054 0.7939714329 0.795721651 0 0.6495803473 0.6433826095 0.7154918529 0.808812714 0.8406338372 0.639817562 0.6322998895 0.6243202614 0.6245855575 0.534309311 0.5273649271 0.5236934754 0.5329793578 0.5290770094 0.5390479173 0.8927659731 0.8971244402 0.8948347445 0.7024400772 0.806863861 0.6976623278 0.5689690559 0.6343164191 0.6312301855 0.6382455388 0.5318829565 0.5704498721 0.8815011401 0.5899191946 0.8609183091 0.6203825669 0.864916682 0.8210057083 0.8945476029 0.5827003973 0.6276877796 0.6727858916 0.6630051928 0.5686883704 0.6711541091 0.6758891887 0.5834561409 0.5850677791 0.8099757002 0.806573063 0.8040062917 0.8025075462 0.8120178969 0.7095889704 0.7143438153 0.5774129972
0 0 0 0 0 0 0 0 0 0 0 0 0 0 0 0 0 0.8023219017 0.7031346511 0.6676130743 0.66028015 0.8448667192 0.8419495859 0.8390778431 0.8487922542 0.7966484634 0.7934689335 0.7981393974 0.6494917882 0.7501565074 0.6504672682 0.5957332172 0.8214669364 0.6281443975 0.6334760002 0.6262477686 0.6201909957 0.5298551582 0.5307015368 0.5274375744 0.5335182781 0.5422362108 0.8935630099 0.8996496974 0.8899817629 0.8977995831 0.8095883951 0.8130541744 0.8122081502 0.7793484897 0.6268494432 0.6235214423 0.6344530342 0.5739853756 0.5685475717 0.57494314 0.894256872 0.620969646 0.6233179515 0.7562687223 0.8146164137 0.7679265969 0.7687720651 0.7654703125 0.7717771755 0.6685432484 0.667324999 0.6798611543 0.6780618684 0.5840697263 0.5898458957 0.8063510296 0.8046975047 0.7992514835 0.8035724283 0.8618546816 0.637114055 0.8183838708 0.5816802328
0 0 0 0 0 0 0 0 0 0 0 0 0 0 0 0 0 0.8050636154 0.8000967629 0.8065518024 0.7990927649 0.6246362299 0.8373679794 0.8455147435 0.8489856278 0.7939158907 0.7976491042 0.8033349505 0.8093499636 0.6244612807 0.8407510301 0.7815654757 0.7835559043 0.7828445456 0.8523283775 0.6234315676 0.6250480873 0 0.5292468936 0.5334015773 0.5358803418 0.5415027129 0.6551256179 0.8914933506 0.5593289965 0.8962808955 0.7010474139 0.8182118586 0.8207414216 0.6149537847 0.6224711304 0.6223199083 0.6435537092 0.5721202871 0.5673656436 0.8347189146 0.8890519502 0.8873213206 0.5260214783 0.7664363472 0.7528561883 0.7600149746 0.760262507 0.7642674956 0.7668603236 0.6771601771 0.6731881143 0.6935711362 0.5929275017 0.5926678573 0.5919787052 0.8127771788 0.8041159453 0.8056774651 0.8027142732 0.8115137999 0.61320101 0.828143561 0.8249919538
0 0 0 0 0 0 0 0 0 0 0 0 0 0 0 0 0 0 0 0.798571152 0 0.6030770793 0.8429696402 0.8459801344 0.8550621706 0.8074489026 0.800324965 0.7995743824 0.62125605 0.6258202107 0.6741735992 0.7825956584 0.7774679572 0.7818807812 0.7876532114 0.7901287257 0.8869152887 0.5324944844 0.8147027262 0.5406738291 0.5409388883 0.5360671346 0.5552759221 0.5554311965 0.5550356896 0.5056600556 0.6800848241 0.5427157097 0.7072589818 0.619887911 0.6140540457 0.623619635 0.6185309381 0.5743373652 0.5751436943 0.7311761437 0.888372894 0.8932373832 0.8952628956 0.7676577449 0.7588864612 0.7515362478 0.7611936914 0.7689297005 0.7706664251 0.5875601229 0.6743759276 0.5715250796 0.6001675069 0.5946885134 0.5986845383 0.8087167638 0.8071413922 0.8057820964 0.8074185764 0.611655454 0.6213488728 0.7846334579 0.8671263462
0 0 0 0 0 0 0 0 0 0 0 0 0 0 0 0 0 0 0 0.8013428621 0.8070321346 0 0.6065596106 0.5675898143 0.7505363238 0.5125238981 0.8032491347 0.8044931824 0.8077264639 0.6220364122 0.6742853887 0.7702095914 0.7751567222 0.7695461282 0.7889225469 0.7937960251 0.771413753 0.793963767 0.7847137286 0.7825780203 0.7796933085 0.5432038958 0.5793570073 0.5497969467 0.8983277414 0.5010230965 0.5369976227 0.5376279715 0.5776144047 0.7751792627 0.6157264557 0.6176805732 0.5560707885 0.6142326179 0.7882153765 0.7646328746 0.7805471092 0.7048620257 0.6217453802 0.7614209705 0.7578911108 0.7518822039 0.7535163295 0.5046744752 0.6092884315 0.5289245129 0.8703785671 0.8664229817 0.7027599001 0.5376484553 0.5298551207 0.8110729871 0.8138341279 0.6168340688 0.611026523 0.6185434901 0.7764915036 0.7795561254 0.6671440023
0 0 0 0 0 0 0 0 0 0 0 0 0 0 0 0 0 0 0 0.8116434521 0.6231013154 0.6139566333 0 0.6133482145 0.7518180745 0.7572942957 0.8382346507 0.7902655945 0.5231038216 0.7090293999 0.6335617704 0.774482676 0.7693072918 0.7757182572 0.7979051751 0.7954669474 0.8015883066 0.7943506056 0.7860500828 0.7783759341 0.7824043004 0.5478655465 0.5406773823 0.5455463877 0.5591261198 0.5060493475 0.7593285675 0.5376162357 0.8381975889 0.6157440588 0.5778575558 0.6112978105 0.6048500742 0.6107312463 0.7756714538 0.8993795522 0.7730700357 0.8969467362 0.7757979646 0.764762726 0.7617551697 0.7640364422 0.7667173855 0.8197166565 0.647906978 0.5006140912 0.8617648085 0.8573571825 0.5725876706 0.6219448865 0.6189800192 0.6181362333 0.7863834048 0.6185476047 0.6173693178 0.6147567719 0.7833321717 0.7862327019 0.513921134
