landscape/hab_quality/256/simulation_000078_p059_h062_HABMAT_patch_more_500pix_modified.asc_ac_0.5_quality.asc
NCOLS 513
NROWS 513
XLLCORNER 0
YLLCORNER 0
CELLSIZE 9.980507
NODATA_VALUE NaN
[rows 112 to 139 of 513, columns 256 to 319 of 513]
0 0 0.54869992 0.5449763015 0.6806057173 0.7783915521 0.7757094295 0.7813896171 0.7280563998 0.5338518212 0.5384764396 0.5506798646 0.6426648703 0.5977245706 0.7268951888 0.5201423586 0.5118123266 0.8243838281 0.5315570869 0.8015113739 0.7998549705 0 0 0.5600679552 0.7118227281 0.8252045499 0.8703054766 0.8692038357 0.8632311981 0.8888174086 0.6770865245 0.6986065076 0.8426815616 0.7802554528 0.5990536308 0.7739828312 0.6157992998 0.6084634639 0.6097540333 0.6100545938 0.6190869346 0.6252859571 0.5118176996 0.5132609395 0.849880863 0.5269553224 0.5175711237 0.513524363 0.5167817363 0.859823965 0.5624508011 0.8459781423 0.8723360055 0.8787077166 0.8805891527 0.5219278137 0.8102006069 0 0 0 0 0 0 0
0.5481092815 0.546788457 0.5440290246 0.556824389 0.6485933626 0.7785828887 0.7721481313 0.7777592779 0.5370156047 0.7328148502 0.5351833732 0.5404298774 0.6448635632 0.6382512435 0.7244696056 0.5204540842 0.7930624669 0.7231300294 0.7240909414 0.8035550232 0.8023262918 0.7981635595 0.5819371713 0.8781090628 0.8959137259 0.6196759173 0.8599309942 0.8676307899 0.8599221603 0.864082229 0.8632721978 0.866834577 0.8683080246 0.6450130324 0.6457331821 0.8287829059 0.5570984737 0.6089592675 0.6068399987 0.6136789247 0.6131005333 0.5020934563 0.5066650113 0.5501517196 0.5695634776 0.5716642828 0.5209242318 0.6148550708 0.6092082386 0.6072054793 0.7260738605 0.8736177425 0.7637335814 0.769786061 0.7711210561 0.5967627607 0.8340324784 0 0 0 0 0 0.8630702139 0
0.6427282358 0.5652902598 0.5520867821 0.6513866816 0.6427250262 0.6483203973 0.772311022 0.7733610744 0.7746276182 0.6424580149 0.6435481943 0.7135568016 0.6392875411 0.6359264616 0.6341577588 0.7453475414 0.7459012648 0.7447871131 0.8036209481 0.8016434664 0.7942377847 0.579775077 0.5890961854 0.8698936348 0.6573301162 0.8386502577 0.8613191814 0.8577471104 0.8617505866 0.8623225177 0.8153633707 0.8664599017 0.8735553285 0.6395334736 0.6554955186 0.7250739454 0.7180385055 0 0.6069912128 0 0.61427809 0.593257049 0.5908854424 0.5935381096 0.5040228539 0.5695297468 0.6140938097 0.610307871 0.6052443798 0.6138498428 0.532637146 0.7695351295 0.7627092741 0.76187102 0.7712969567 0.7731538535 0.699199137 0 0.6922606854 0.6936187505 0 0.5704525919 0 0
0.5767166072 0.5616098249 0.5278645298 0.5546327625 0.6503701857 0.648033113 0.6348128948 0.7764121409 0.6310442149 0.6421893119 0.6414881633 0.6416414987 0.7230050548 0.6390144846 0.6405539471 0.6400320947 0.7400642631 0.7375532952 0.7462322601 0.5870965025 0.5796389331 0.5893267803 0.5816429397 0.7503818581 0.6874776432 0.8302276821 0.8636036743 0.8667330238 0.8628748435 0.8683896435 0.8660843539 0.8726827299 0.8718317406 0.6441975829 0.6473273864 0.7205447082 0.7158480548 0.724705042 0 0.6174145698 0 0.585967781 0.5839575606 0.5902759016 0.5210857332 0.6028724349 0.6140262635 0.6042234612 0.6090683558 0.5611551767 0.8110381321 0.7690689524 0.7681641401 0.7655180728 0.7690704308 0.7809720327 0.6587951385 0.6934776309 0.6920853414 0.6947256278 0 0 0 0.754373477
0.568192395 0.7345603393 0.5224519506 0.5569299852 0.6966125063 0.6369627576 0.6283437742 0.6254833778 0.6329375305 0.6423311728 0.6789831535 0.6813725759 0.6689963585 0.6747322554 0.53327615 0.5401522113 0.7366591897 0.7373723659 0.7505094586 0 0.589967042 0.5811724077 0.585899477 0.6686578592 0.6608627559 0.6670362462 0.6608358713 0.77779879 0.7743000642 0.8745366043 0.8709497974 0.8697983592 0.8702032915 0.7541214417 0.7565830187 0.7251665297 0.7468970396 0.7201030254 0.8652008259 0.7003940542 0.5411488423 0.6169796161 0.5887398371 0.5929581005 0.6002303859 0.7922763791 0.6104405396 0.6053719148 0.6075808625 0 0.6376723978 0.7763819328 0.7774736266 0.7743705838 0.7734049756 0.771096991 0.6945443188 0.6994295838 0.699956916 0 0.814990912 0.8119503405 0.7478575264 0.7471163522
0.9003483689 0.5212571235 0.5237473833 0.8321220143 0.756641707 0.7641167247 0.6266608092 0.6209013957 0.6350787003 0.7992243602 0.5719835226 0.6728422975 0.6750017546 0.6692282077 0.5153894153 0.5393116677 0.7452233229 0 0.8419295625 0.8361494693 0.8315163861 0.590264926 0.5868346024 0.5878567244 0.6652449136 0.6573658844 0.8925056811 0.7769194937 0.783036816 0.7810994844 0.8795625235 0.8735925575 0.8720790037 0.7513375291 0.7572959002 0 0 0 0 0.6915468767 0.6954498875 0.8587312087 0.779056047 0.607299331 0.6003367784 0.7835155934 0.6137044732 0.5577801083 0.5522972067 0.5588713517 0.6321851901 0.8000232681 0.8304335006 0.8281530849 0.504094176 0.6986008354 0.7063735137 0.7036469233 0.7278714986 0.7304774307 0 0.8092046196 0.8252082935 0.8327707168
0.9025149021 0.8912845465 0.822431081 0.8942996107 0.792575517 0.6888355418 0.6905327634 0.706308182 0.7769689976 0.8552082594 0.6732389668 0.5713301114 0.8922975163 0.6003891912 0.5455398965 0 0.8422512634 0.8384500933 0.8319941557 0.7584668489 0.5093897244 0.5744176018 0.5126811793 0.5211452236 0.5145129151 0.8920392137 0.664607077 0.7868902995 0.6345492015 0.6923732433 0.7658318581 0.7637467703 0.7539010264 0.7610614243 0.6540538488 0 0.6694444014 0.5465204849 0.6608295164 0.6926135708 0.6282034699 0.6381169899 0.8363138451 0.6608563136 0.5374229486 0.6078863029 0.5549242639 0.5531231713 0.5563268974 0.5567599513 0.7981920095 0.8927920507 0.8253691543 0.6007423465 0.8490512414 0.7777285953 0.8612188369 0.861211524 0.8930569686 0.8190313874 0.8068182271 0.8139809418 0.8232002432 0.8249454324
0 0 0.8873317189 0.8949591757 0.6802137287 0.6893739398 0.7374403044 0.6926402654 0.7101621084 0.5368913961 0.5295318095 0.7826026207 0.7745557371 0.7777286017 0.6432187086 0.6205034315 0.5312456613 0.8395998574 0.7511388409 0.7501936268 0.7813659044 0.7894369283 0.5135571273 0.5085353333 0.5111307257 0.8972013228 0.7771049942 0.7772070653 0.8739578555 0.881233485 0.879610557 0.5875102717 0.5818912046 0.7601837748 0.7684861043 0.663956749 0.6815317114 0.5385982923 0.8568320112 0.5055040481 0.7173151098 0.8621910245 0.8681333144 0.8627977299 0.5245699301 0.5439919027 0 0 0 0.7132150702 0.8273651263 0.8248831994 0.8307280121 0.829100721 0.5359975783 0.5450252907 0.8480443622 0.8664030006 0.7147576231 0.7728268809 0.8185380366 0.8141493148 0.8234290048 0.8320676848
0.8594569991 0.8967958394 0.8922087665 0.8888805331 0.6884260803 0.6823792027 0.6916831059 0.8438980855 0.6928123146 0.6807754288 0.5411087828 0.7215496868 0.7748369377 0.7797385405 0.560611136 0.626875723 0.6174278213 0.7635982793 0.7518219556 0.7501475386 0.7583589471 0.5182995531 0.5107434371 0.5143783707 0.7905028072 0.7706199856 0.7801383746 0.7786796385 0.8719570556 0.8781800659 0.8752301682 0.7399888659 0.7409444803 0.5276717683 0.545506294 0.5444490291 0.5430652686 0.546852766 0.5475413686 0.5935345234 0.7619106833 0.8595515921 0.8588465283 0.8597466833 0.8695475708 0.52323731 0.5250468624 0.5483123194 0.6648218826 0.7227672743 0.832060905 0.8335308459 0.7691463373 0 0 0 0 0.5435695821 0 0.8379984921 0.8187355215 0.8237685753 0.8226825216 0.8268519198
0.6344509275 0.6298285037 0.6334701804 0.7710628947 0.6916522756 0.8227952093 0.8403070225 0.7498654998 0.6362467502 0.6828643166 0.677565878 0.7234357129 0.7304694765 0.7799292203 0.5743237768 0.5694147539 0.5741321046 0.7658792234 0.7564575925 0.5496625197 0.8589941915 0.8823751092 0.8051911689 0.7990598181 0.7948178508 0.7930130047 0.7714702491 0.8784922013 0.8730001683 0.8701445867 0.7386043332 0.7392620064 0.7362198709 0.8116264631 0.8102600132 0.5299569936 0.7753695225 0.5506118109 0.5541659619 0.8913670179 0.7477547673 0.8654612012 0.8623958903 0.8644745452 0.709013287 0.5234084669 0.5163798301 0.5207977713 0.5505823051 0.7276000616 0.6403709074 0.5813834639 0.7631130631 0.7625424818 0 0 0.7432515587 0.5407473052 0.8342254932 0.8221755063 0 0.8328169978 0.8269721933 0.8279663125
0.8418442307 0.635899172 0.7503191826 0.6653199804 0.5668942299 0.6625822881 0.5257260651 0.6346345319 0.8470222291 0.6807789002 0.684031454 0.5443489043 0.8466441458 0.6758969117 0.5708267957 0.5678938128 0.579243727 0.7618246847 0.7650949562 0.7595342741 0.8669653023 0.8681232092 0.8083834365 0.7667873857 0.6572419338 0.7516658946 0.5769351037 0.8848757942 0.8750976817 0.8645384154 0.723298359 0.7318669683 0.7718816381 0.7759299551 0.8018530226 0.7710958038 0.5677373209 0.5673959864 0.856343878 0.5900798904 0.8190968942 0.5223357256 0.5229908713 0.5986323346 0.5950685396 0.5975758497 0.518946368 0 0.508950802 0.510785675 0.8746527722 0 0 0.7565908236 0 0 0 0.7376852876 0.8270870303 0 0 0.8362500937 0 0
0.840511327 0.7533820839 0.7488360122 0.7497713325 0.6612815601 0.6695160938 0.7315198937 0.7252505113 0 0.695520713 0.7285020287 0.8188551479 0.7935972249 0.7222624652 0.5325935131 0.6629746122 0.6506062977 0.6331456012 0.7677939289 0.7545750428 0.7526205975 0.7597255031 0.7002090733 0.7720143152 0.7439157619 0.6289549739 0.8888318768 0.8830955924 0.7256907185 0.8620195718 0.8565356157 0.7226009825 0.7661594765 0.7713684296 0.7654135965 0.7655208934 0.5604428748 0.5658695666 0.7649141857 0.7595036216 0.7684247814 0.6381645168 0.8310146382 0.5981142308 0.5943756231 0.7354446482 0.8423997348 0.5834446859 0.6344055763 0.6339333205 0.8727565807 0 0 0.762111894 0.7631832851 0.7414290705 0.7327492403 0.7369939497 0.8361669124 0 0 0 0 0
0.5491789757 0.7505516185 0.7450844172 0.7550546419 0.6650678943 0 0 0.7215508778 0.7207919765 0 0.7290822101 0.7287622453 0.8008561596 0.792717357 0.7932588452 0.6038452253 0.739971946 0.7705956764 0.6336289392 0.7497038677 0.7529290464 0.7449931036 0.7075779019 0.5806823848 0.7333395241 0.7758293055 0.6051746965 0.7758531401 0.8704069064 0.5895250815 0.7320643424 0.7293005034 0.7673832948 0.7635145828 0.7654076272 0.7661599625 0.5676597872 0.5646762316 0.7591580107 0.7680623943 0.6522358107 0.8311663392 0.8807291903 0.8941907025 0.6145174051 0.5410138691 0.6364692382 0.8382262933 0.8202404803 0.5174457504 0.5126330889 0.8761834348 0.7643851996 0.7656526936 0.7670611797 0.7350220384 0.5566841759 0.7255262602 0.7236126619 0.7240271754 0 0 0 0.8465364183
0.7532167203 0.7461399547 0.7483864257 0.7540411935 0.7614440021 0 0 0.7228119898 0.7277971948 0.5019866004 0 0.7321148296 0.7943732691 0.8354570655 0.8021145034 0.5303194903 0.7683827632 0.7471914549 0.7541257083 0.6802484768 0.7449437461 0.7490115087 0.5872026965 0.5800982135 0.5885230962 0.8639332088 0.8735650183 0.7086988532 0.6701656646 0.6261047299 0.6203498367 0.8772481589 0.7574098626 0.7587346566 0.7628658764 0.5719833813 0.57464898 0.7683571062 0.7676807309 0.7640336631 0.7303676981 0.7354454376 0.8196638952 0.8216437139 0.7047602169 0.5502108697 0.8467381231 0.8478538093 0.5189132307 0.6804972351 0.8682229885 0.7587044524 0.5559459001 0.8908414806 0.8824223157 0.7833975768 0.7267141015 0.7212752118 0.7180982874 0.7251792046 0.7334058478 0 0 0.7419353687
0.8799008378 0.7496199201 0.7527654828 0.592171888 0.7630380946 0.858968304 0.6513971637 0.6050912465 0.5995657308 0.606768888 0.8561963113 0.7294741586 0.7249074598 0.7303652011 0.892741836 0.8889039714 0.8961322916 0 0.874022012 0.7491238146 0.7764998714 0.7454208547 0.5762754423 0.5875067828 0.5929226681 0.8727400207 0.8516909007 0.54437927 0.6261273729 0.616530126 0.6251424839 0.7660180091 0.7591665516 0.7545527139 0.7575565185 0.5739552336 0.769450105 0.7697997492 0.6369376042 0.628662267 0.6303063804 0.5332945167 0.5531510189 0.8116827054 0.7796515541 0 0.7585813421 0.5614817631 0.8545696817 0.8557806604 0.8572221767 0.6660695474 0.7171852235 0.8843018227 0.5624455041 0.7759079129 0.697102248 0.6994333504 0.7242447522 0.7183854778 0.7374115591 0 0.736874862 0
0.7343679742 0.7541592196 0.7537335849 0.862191928 0.8525537286 0.847227171 0.813233281 0.8085187796 0.8131838457 0.8937035784 0.5415324758 0.7292950123 0.7239836102 0.725228596 0.6103576588 0.6053493093 0.8984536348 0.9016188538 0.5060664296 0.6064280137 0.7513630457 0.6756196685 0.5789841289 0.6837052989 0.6508130536 0.7216525331 0.8137907096 0.6485232342 0.619989828 0.5321286916 0.6177062256 0.668217136 0.7590162562 0.758408415 0.7580953619 0.6178195339 0.8283114321 0.8271059447 0.8227736796 0.852988065 0.7611823103 0.5476836049 0.8211012809 0.6892351097 0.7798516248 0 0 0.8585003542 0.8623184446 0.853277793 0.8552145771 0.549069524 0.6629972205 0.6958587817 0.7817573291 0.6987301463 0.700080836 0 0 0.7472911483 0.7379943158 0 0 0
0.5055078794 0.5686272455 0.6442040387 0.6431352454 0.8617676686 0.735049746 0.7591256625 0.8038102536 0.805672024 0.8146870826 0.8992364741 0.7260301204 0.7290633815 0.7297264899 0.627578215 0.626124997 0.6223378583 0.6099296789 0.6139400226 0.6089518716 0.5381437746 0.7883327896 0.6266079927 0.8177554954 0.5719125783 0.8078674162 0.504712158 0.5343919472 0.5811847857 0.772079375 0.6669329454 0.6920748 0.8077301615 0.7622230374 0.7893339819 0.8351778805 0.819881862 0.8190838795 0.7123644121 0.7136862921 0.8463710504 0.8509473787 0.8473944811 0.7760881938 0.7746121905 0.7776465082 0.7810089603 0.7839304091 0 0 0 0 0.6851829939 0.6579149523 0.887988927 0.709470778 0.8001894621 0 0.7610773795 0.7462029964 0.7408378158 0.7414223326 0.7509353871 0.7509340123
0 0 0.6499329145 0.6427366524 0.6327606193 0.5367901004 0.8065972482 0.8021112238 0.8102906563 0.7909652854 0.8999982757 0.5611235062 0.7946936788 0.5730974316 0.6216681713 0.6189100835 0.6284313437 0.6091290839 0.6041898934 0.6005588123 0.7568980956 0.6277128666 0.8179807394 0.7627305558 0.7147597062 0.6131921185 0.8622459555 0.53716705 0.766262808 0.548475959 0.656563634 0.68894182 0.6972049951 0.7648387113 0.7691822979 0.5287115221 0.8095395499 0.6882985616 0.6858540081 0.689804722 0.8538255602 0.852981174 0 0.7817105203 0 0 0.7739549888 0.776151133 0 0.8571080787 0 0.8658804115 0 0.7089517717 0.7031723301 0.8997585302 0.6993527427 0.6909669748 0 0 0.7464467721 0.6939751019 0.7526338357 0
0.7191997933 0.8359770295 0.6473629086 0.6243222381 0 0.5225990386 0.8095920908 0.8536448992 0.8031690202 0.8197575403 0.5894342899 0 0.8460546405 0.751886004 0.6202581623 0.622814593 0.6200498955 0.6083559847 0.8686647897 0 0.5689029435 0.6226981947 0.8134440335 0.758778611 0.7582566555 0.862429632 0.8566719939 0.8647616719 0.5481583185 0.5468092369 0.540965574 0.5362657904 0.6908811724 0.8326567958 0.6362279056 0.5774862116 0 0.6879903267 0 0.6855618688 0.6887884258 0.8593882438 0.8599695606 0.7658244749 0 0 0.6108937167 0.7819020534 0.8666266226 0 0.7330747124 0.8723743503 0.538494247 0.6635289953 0.7000680678 0.7013013644 0.7919251174 0.86269687 0.5559030173 0.5617245502 0.7491865935 0.6633418151 0.7544854415 0
0.7849647956 0.5177255049 0.6201660337 0.6266045919 0.8117558406 0.5197354715 0.7174985788 0.8144566692 0.816836218 0.8615871949 0.5820024599 0.8690867066 0.7654100785 0.5325898409 0.7255167209 0.6993364238 0.8956689541 0.6261443655 0.6303132338 0.8864317191 0.8901120605 0.8410840989 0.5796988819 0.7674412823 0.767436421 0.860332228 0.5830027042 0.5799796204 0.5553130123 0.546531384 0.5388383714 0.5307957383 0.5244133639 0.5259516482 0.5291900929 0.5467858072 0.5392345103 0.5314069748 0 0 0 0.7489923118 0.6110118974 0 0.6141104863 0 0 0.5212514444 0.8624474771 0.6128357083 0.6542612962 0.7844487672 0 0.707290661 0.7018304674 0.7098801375 0.5567781936 0.7827236508 0 0.5540677759 0 0.8825608995 0 0
0 0 0.6260942232 0.617686602 0.8304872691 0.525969003 0.5232623286 0.8134984258 0.8868451746 0.5187135337 0.8601929783 0.686119325 0.6871334309 0.6942898273 0.6930849128 0.6842515168 0.6931373331 0.6289668602 0.6331745125 0.8915050431 0.8844093358 0 0.8765581445 0.7709396565 0.7695195488 0.7772539566 0.5857830251 0.7773958443 0 0 0.6288152028 0.5303959294 0.5225985666 0.5257707318 0.5430270488 0.8599243084 0.6778853794 0 0.5322365231 0.8936190976 0.5459062647 0 0 0 0 0 0 0.8936304918 0.7652778342 0 0 0.7826497271 0.8383614392 0.836669143 0.8453001657 0 0.5593296954 0.5502989368 0.6188534666 0.5300838069 0.8421448561 0 0.8808246689 0
0 0 0.6216046701 0.6246851893 0 0.5743716987 0.5854983146 0.8406602286 0.8006358924 0.8485215695 0.8996508721 0.6849651307 0.6859189364 0.6906781243 0.6818555961 0.6834645231 0.6872174514 0.5500667432 0.8377256619 0.8847690874 0.891238354 0.8942844526 0.8618148695 0.7704759912 0.77476911 0.6359141577 0.8567556518 0 0.770715852 0.768120364 0.6191364225 0.6258526403 0.5316734718 0.5258573087 0.5262323158 0.5436985923 0.6504640263 0.5407360114 0.5329119657 0 0.6497381864 0 0 0 0 0 0 0 0 0 0 0 0.8626507207 0 0 0 0.5571820453 0.6249436174 0 0.5481765765 0 0 0 0
0 0 0.8837909735 0.8754837676 0.5044785108 0.5357773895 0.7399002858 0 0.8392675765 0.5742351669 0.6931037425 0.7856857505 0.6820588984 0.6790619474 0.6780350941 0.7412712987 0.6894089461 0.6236386017 0.775770035 0.6409990697 0.6350526108 0.8598292897 0.6511629246 0.7841628991 0.67400453 0.8460104817 0.6256866963 0.8847350081 0.762524065 0.7608406453 0.7636373696 0 0.8988592547 0.8795955689 0.8875726912 0.6098028799 0.6048462718 0.6082676948 0.6171641685 0.5426810663 0.5427291794 0 0 0 0 0 0 0 0 0 0 0.6306046088 0.6332885516 0 0 0.645982393 0 0 0.5375763786 0 0 0.8911425353 0 0
0 0 0.8752643213 0.868436566 0.8821054387 0.6129491647 0.5987567258 0.8463837741 0.5965567567 0.8476534759 0 0 0.681987111 0.6778879391 0.6837725054 0.685146837 0.7502527359 0.8510980502 0.621623346 0.6425066785 0.860691811 0.8681857998 0.8669009852 0.5415949581 0.8631961822 0.8929384578 0.8333098021 0.6010342911 0.7637338347 0.7604193849 0.7665742049 0.5431259323 0.530428959 0.8810973634 0.8274423145 0.6066711131 0.602024931 0.6087717297 0.5509137347 0 0.8649083801 0 0 0 0 0 0 0 0 0.7668458607 0 0 0 0 0 0.6363036875 0 0 0 0 0 0 0.8936221674 0.6781753368
0.6314218288 0.8700900983 0 0.8752792762 0.5928780649 0.5905453411 0.5938924485 0 0.5153293849 0 0 0.6361035254 0.6813416073 0.6869931607 0.6872752488 0.6874089431 0.6917159125 0.6220694602 0.6163145146 0.7514587209 0.7671314415 0.7492602962 0.8025456365 0.7551667147 0.7095939609 0.8433614867 0.8864590248 0.7949471935 0.7679959332 0.7622442272 0.7843350011 0.7895486747 0.5264976327 0.5052242759 0.7417996207 0.6054724615 0.6107732002 0.5477837721 0.5433666766 0.8663212501 0 0 0 0 0 0 0 0.6458419533 0.7702469748 0.7737280551 0 0.79880355 0.7967228256 0 0 0.6362921474 0.6380765263 0 0 0 0.797794666 0.731130241 0.5350614534 0.7148032567
0.5155700898 0.513340669 0.509555106 0 0.5895618044 0.586051423 0.5898630043 0.5904520251 0.5069405905 0.5185969239 0 0.5156672678 0.8928327739 0.5913264598 0.8534710221 0.6201912953 0.6337587171 0.6245770137 0.5517571646 0.5304710568 0.7488913699 0.7461330327 0.7437282021 0.7474932062 0.5509830902 0.6615875726 0.6540940033 0.5301855588 0.7896076592 0.7925053262 0.7894222964 0.5239297018 0.7342945354 0.7327646618 0.7329207463 0.6194210016 0.5510124424 0.543852575 0 0.551840566 0.7737740986 0.8585043544 0 0 0 0.7553498034 0 0.6386570522 0.6466637801 0.8023190227 0.8975655658 0 0.8034271429 0 0 0 0 0 0.5607798693 0.6788795994 0.6698907177 0.8009713101 0.661166744 0.6795594203
0.5155484814 0.5057164571 0.510117251 0.5187997497 0.7377877784 0.5933244345 0 0.5978281254 0.5706953122 0.5176110518 0.51542615 0 0.5679207347 0.5855684051 0.5937465184 0.8960301654 0.5650206149 0.5397933261 0.5763257436 0.7982631892 0.7466559039 0.739879175 0.7414138449 0.6015223892 0.7529396628 0.6568261915 0.6516619587 0.6441238852 0.6448760098 0.6624911467 0.6628268132 0 0.7258377527 0.7155929215 0.8658542018 0 0.5495462377 0.5487609846 0.5510502063 0.5472252451 0 0.7751671369 0 0 0 0.6468721621 0.8993466051 0.8296323181 0.6597516239 0.5671907155 0.9021337376 0 0 0 0 0.7711150795 0 0 0 0.6715015016 0.7533212987 0.6607438866 0.6612211054 0.6583122881
0.5102354285 0.5084972562 0.5114230093 0 0.599492759 0.5971947097 0 0.717399056 0.7888445547 0.5248704698 0.5168584417 0.5121630453 0.5131193519 0.6780826972 0.6841670152 0.6176702839 0.6664361588 0.5738789183 0.5803918337 0.8589703713 0.7433518589 0.7433481928 0.7450118809 0.6060808764 0.8629054859 0.6376748713 0.6441240734 0.6432428721 0 0.6726464485 0.6643408773 0 0 0.7176956858 0.7273530622 0.8376089744 0.7629023822 0.7413715656 0.7447387614 0.7510002392 0.6867453254 0.6079642909 0 0 0 0 0 0.7017061218 0.6992129756 0.6996829027 0.8877443389 0.8933198609 0 0.7947391416 0.5996608113 0.677336546 0 0 0.6006639411 0.7651474817 0.6695157587 0.6658976506 0.6575962373 0.6515887473
