landscape/hab_quality/256/simulation_000042_p065_h032_HABMAT_patch_more_500pix_modified.asc_ac_0.5_quality.asc
NCOLS 513
NROWS 513
XLLCORNER 0
YLLCORNER 0
CELLSIZE 9.980507
NODATA_VALUE NaN
[rows 270 to 299 of 513, columns 402 to 468 of 513]
0 0 0 0 0 0.554917463 0.7116123239 0 0 0 0 0 0 0 0 0 0 0 0 0 0 0 0 0 0 0 0 0 0 0 0 0 0.83405391 0 0 0 0 0 0 0 0 0 0 0 0 0 0.7671377422 0.660641876 0.6608879005 0.6644531785 0 0 0 0 0 0 0 0 0.7528782938 0.7485391084 0.7578053818 0.5394131882 0.7184114524 0 0 0 0.5102983105
0 0 0.8238711112 0 0.810951046 0.8138310658 0.8602805461 0.7707627053 0 0 0 0 0 0 0 0 0 0 0 0 0 0 0 0 0 0 0 0 0 0 0 0 0 0.8333166352 0.6285008669 0.7481388092 0 0 0.5654682429 0.5299897935 0 0.7636714099 0.7626606003 0.7674264476 0 0 0.7701049675 0.6064599609 0.6660309597 0 0 0 0 0 0 0.8327731892 0 0 0.6381822415 0.6288199943 0.6272333723 0 0.8852663894 0 0 0 0
0 0 0.8051895085 0 0.8116542908 0 0 0 0 0 0 0 0 0 0 0 0 0 0 0 0 0 0 0 0 0 0 0 0 0 0 0 0 0.8346503553 0 0.7497204684 0 0.558402626 0.5202130248 0 0.7644347632 0.7660688154 0.7662986733 0.7689272753 0.7690387776 0.7622213215 0.7679374917 0.5561144834 0.5557524642 0.5556872405 0 0 0 0 0 0.5944268212 0.63484082 0.6294236648 0 0.6240594472 0.6247462591 0.6248027443 0 0.637039634 0 0.7461935854 0.747038145
0.7849459057 0 0 0.8131989674 0 0 0 0 0 0 0 0 0 0 0 0 0 0 0 0 0 0 0 0 0 0 0 0 0 0 0 0 0 0 0 0 0.5503968336 0.6790143434 0 0 0 0.7663717457 0.8227709958 0.7771785504 0.7783404688 0.788798366 0.6680787738 0.5581445622 0.5549128303 0.5466810774 0.8783792854 0 0 0 0.5921309715 0.5983918566 0.5134346986 0.6258175643 0.6119149348 0.6201836189 0 0.628167457 0 0 0 0.7477618618 0
0 0 0 0 0.767488684 0 0 0 0 0 0 0 0 0 0 0 0 0 0 0 0 0 0 0 0 0 0 0 0 0 0.7873821337 0 0 0 0 0.7906106605 0 0.5534619645 0.5432677471 0 0.6950826777 0.7174674379 0.7175303046 0 0.6603485505 0.6627151336 0 0.5635456755 0.5499219863 0 0.5499393078 0.5531920662 0 0 0.5965934703 0 0 0.6125540097 0.6164810056 0.6118506217 0 0.6370068177 0.6366989662 0.758997048 0 0.5700470972 0.5784301171
0 0 0 0.7707812892 0.7673914598 0 0 0 0 0 0 0 0 0 0 0 0 0 0 0 0 0 0 0 0 0 0 0 0 0 0 0.7731060465 0 0 0 0 0 0.7895318225 0 0 0.7263368524 0.7219510717 0.7170549619 0 0.6577597931 0.6539491277 0.6550484877 0.8443552397 0.8455374213 0.6027100337 0.5773698078 0.6792157037 0.7123095433 0.5967460906 0.5923714286 0 0.6134531242 0.5374233383 0.6083225071 0.7973398732 0.6042193077 0.7246125827 0 0.5567310441 0.6832891488 0.672719384 0
0.6672932379 0 0 0 0 0.7656713358 0 0 0 0 0 0 0 0 0 0 0 0 0 0 0 0 0 0 0 0 0 0 0 0 0.8453059678 0.7854135993 0 0 0.7993367128 0.7946907633 0 0.789830988 0.6952298471 0.7311998957 0.7277526351 0.7193904668 0.7757040608 0.7735734354 0.6551323317 0.6625093384 0.8946196483 0.8364142053 0.8374398047 0.8454888616 0.5500252695 0.7533079215 0.5549580661 0.5903233976 0.7246860416 0.5687134047 0.8604941553 0.6131303746 0.6761433627 0.6833757653 0 0.7241088267 0.7315111532 0.8190922941 0.5166527396 0.79842036 0.8013274333
0 0 0 0 0.7502063488 0 0 0 0 0 0 0 0 0 0 0 0 0 0 0 0 0 0 0 0 0 0 0 0 0 0.7800495507 0.7848288909 0.7859026789 0.8069126786 0.6177682075 0.6102947487 0.514549161 0.7895708453 0.7400524457 0 0.7249092921 0.7954560855 0.7778001311 0.786918438 0.7751620236 0.5197641697 0.5190449436 0.8952533458 0.8368695069 0.8443185117 0.7504862049 0.7479121425 0.7530125813 0.7552809666 0.6949926912 0 0.5608131515 0.5647981655 0.5668548415 0.6746653018 0 0 0.7256189118 0.6261684707 0.507540575 0.5201897796 0.7838071347
0 0 0 0 0 0.5584781269 0.7502439107 0.7514142456 0.7570711593 0 0 0 0 0 0 0 0 0 0 0 0 0 0 0 0 0 0 0 0.5820654672 0 0.78740279 0.7806914771 0.8129357785 0.7718526459 0.7641120699 0.7307921026 0.5180954848 0.7337773175 0 0 0 0.6026334405 0.7743922649 0.7794300528 0.7710277988 0.5137204154 0.5165819663 0.5283066704 0 0.6750454217 0.7489738245 0.7570421982 0.7520299511 0.5856630836 0.5845369665 0.5698940178 0.5631965065 0.5599815796 0.5680597321 0.6703451427 0.6697818752 0 0.7447763455 0.6003563221 0.7039996906 0.7543973443 0.6055883236
0 0 0 0 0 0.5559174864 0.7387457953 0.7559105701 0.7099880382 0.8049012812 0.8078706644 0.8804097843 0 0 0 0 0 0 0 0 0 0 0 0 0 0 0 0 0 0.5139628378 0.8386111047 0.6429213098 0.8489360678 0.8771095363 0.7215336065 0.7221221953 0.896705666 0.7357241117 0 0 0 0 0.7877229045 0.7892863377 0.5186549686 0.5188184955 0.5187222306 0 0.6023191961 0 0.6512908244 0.7870325065 0 0 0.582840363 0.5815286263 0.5635697773 0.6394783349 0.5697605895 0 0.6793969951 0 0 0.529752008 0.5399058751 0 0
0 0.7500265415 0.7481742931 0 0.5594567977 0.7362415809 0.7457370287 0.7439007668 0.7199776292 0.7808615757 0.519192096 0 0 0 0 0 0 0 0 0 0 0 0 0 0 0 0 0 0 0 0 0.8465140656 0.533273866 0.7244077309 0.7312825325 0.7303272176 0.7320922708 0.7409197096 0 0 0 0 0 0.7850091824 0.7831829551 0.5227211805 0.5240004745 0.6541717341 0 0 0 0.7682641365 0.7657167523 0 0 0 0.6431270916 0 0.6379766836 0.6425705531 0.7399451198 0.7462493817 0 0 0 0 0
0.8847164954 0 0.7527047908 0 0.7417787398 0.7384719461 0.7368438614 0.743911802 0.7468401047 0.5247934844 0.8310029531 0 0 0 0 0 0 0 0 0 0 0 0 0 0 0 0 0.672275997 0.7098110449 0.7118910986 0.5357757216 0.529834893 0.5392856468 0.5684941369 0.5585645129 0.7399442388 0.731031041 0.7396238175 0 0.6820309317 0.6796038662 0.6810745546 0 0.5712570986 0.7838552225 0.6767561904 0.5293223076 0 0.6529488557 0.6485245465 0 0 0.5709634311 0.58243898 0.5331056691 0 0 0 0.6385218732 0 0 0.7403642684 0 0.5192192156 0.7473583023 0.604564913 0
0 0 0 0.6425127615 0.745658788 0.7387542133 0.7385644157 0.7411494641 0.746282393 0.5188308058 0.5253798375 0 0 0 0 0 0 0 0 0 0 0 0 0.5863693533 0 0 0 0 0.7046561844 0.708422285 0.5352389621 0.5352773655 0.5327635068 0.5640682523 0.5642620191 0.8925991151 0.8967609166 0.890719416 0 0.6506547914 0.68776245 0.6899722667 0.8436467454 0.7315224327 0 0.6943900461 0.6554622903 0 0 0 0.658508771 0.6456259649 0.6819764854 0.5796309305 0.7835732447 0 0 0 0.7603648738 0.7470657414 0 0.7359180624 0 0.7392588979 0 0 0
0.5513583313 0.6121204664 0.5097711299 0.6405467963 0.635933477 0.7437998887 0.6818405518 0.7497109343 0.7416099277 0.5282567166 0 0 0 0 0 0 0 0 0 0 0 0 0 0.6706797666 0.7155005866 0 0.706664374 0 0.7086392219 0.7099237487 0.8714631723 0.527654341 0.7768197863 0.649749878 0.8860948292 0.88976571 0.8901288161 0.8864997257 0.5738466526 0 0.6885451892 0.6890109385 0.8041831843 0.7750086395 0.6418863222 0.6327805201 0 0.6340967629 0 0.6357900533 0.6445272884 0.8538256658 0.6106059548 0.8599850539 0.5760411387 0 0 0 0 0 0 0 0.7303654406 0.738928512 0 0 0
0 0.6161819913 0.8700313355 0.5063635858 0.6885659895 0.8191787584 0.8179223359 0.6735686407 0.746631065 0.7285897816 0 0 0 0 0 0 0 0 0 0 0 0 0 0.8855472677 0.7218292746 0.7159034735 0 0 0.7058755462 0.7240470084 0.5658661242 0.8465935321 0.6799763961 0.5795067502 0.8806110157 0.8849905699 0.8814469851 0.5759260938 0.5666757832 0.656120392 0.5812030903 0.7916410348 0.7223097183 0.7204164934 0.7257430776 0 0.6300854817 0.6245928816 0.6293364258 0.6250749484 0.6348067951 0.7586314364 0.8505728042 0.8600799357 0.8682118258 0.5853358215 0 0 0 0 0 0 0.7327247388 0 0 0 0
0 0 0.6366093924 0.6880004494 0 0.8144286306 0.8177257903 0 0.7299127984 0.7293488613 0.7211108415 0 0 0 0 0 0 0 0 0 0 0 0 0 0.8783323607 0 0 0 0.7154909092 0.7201835003 0.8056967277 0.8505389725 0.8518513832 0.8885834101 0.8925499805 0.8904833985 0.8851406393 0.8822105312 0.5667257889 0.6518774838 0.7184830132 0.7900488868 0.7187901228 0.7157999962 0.7599465022 0.6430290571 0.6322773644 0.6250702432 0.6206977509 0.6270578015 0.6337977837 0.7373860064 0 0.8597058859 0.8669462013 0 0 0 0 0 0 0 0 0 0 0 0.5196126112
0 0 0 0.6494950308 0.606163276 0.8108060941 0.8197792487 0 0 0.8233331874 0 0.8367479833 0 0 0 0 0 0 0 0 0 0 0 0.8689578976 0.8743723338 0 0 0 0 0.5529111199 0.5615001001 0.73988628 0.6356537127 0.6397145904 0.8994510939 0.5508875324 0.6281596267 0.6319214518 0.6435716041 0.7218842327 0.706815375 0.7126077512 0.7102697616 0.7189482647 0.7631690908 0.7583567618 0.6345132673 0.6234987841 0 0 0 0 0 0 0 0 0 0 0 0 0 0 0 0.5939598595 0.5989217889 0.5218183259 0.5185736901
0 0 0 0.6545592209 0 0 0.6637498543 0.6577049616 0 0 0.7762205034 0.8349488493 0.8358757639 0 0 0 0 0 0 0 0 0 0.8692409017 0.8769193351 0.8720463557 0 0 0.7519369378 0.7133400719 0.7207345757 0.7060343698 0.6819687998 0.5357350931 0.6339419661 0.7155751673 0.6257890314 0.6255250765 0.6273206791 0.7082263893 0.6503616703 0.6249566431 0.7057082174 0.7094928864 0.5792615285 0.8881813018 0.6438802263 0.6393870613 0.6389017504 0 0 0 0 0.682464584 0 0 0 0 0 0 0 0 0 0 0.5757856794 0.5685931072 0.5283554143 0.5221055795
0 0 0.6637274618 0 0.6650847655 0.5212102222 0.6635511616 0.6559619126 0 0 0.8272055595 0 0 0 0 0 0 0 0 0 0 0 0.5066871939 0.5058654911 0.5117356834 0 0.7529890666 0 0 0.7051618582 0.71235247 0.5242642007 0.6774837949 0.633232778 0.6278666237 0.6233991208 0.6193424134 0.6177359634 0.6223318525 0.6567241273 0.706383253 0.7003604356 0.5750766239 0.5818218432 0.5877671667 0.6230525458 0.6145648672 0.7821576219 0.6143046488 0.6403290844 0 0 0.654523338 0.8778808127 0.5966613969 0.5968184502 0.6153493249 0 0 0 0 0 0 0 0.8812133773 0.5598318312 0.5266504232
0 0 0.6602378475 0.6684593743 0.778861728 0.772695046 0.658550946 0.6646220987 0.6560049653 0 0 0 0 0 0 0 0 0 0 0 0 0.8740309349 0.5021331925 0.5197876355 0.5144037867 0 0.9068389054 0 0.8988394729 0.9026874554 0.9102030785 0.6792074015 0.5372472643 0.899674176 0.6323155743 0.6190324445 0.6166665016 0.6173443169 0.6223281805 0.8138173647 0.7054748475 0.7013497015 0.7964164699 0.5842321322 0 0.6220944062 0.6092808856 0 0 0 0.6550428872 0.6420823975 0 0.6500372977 0.6019473246 0 0.8464550295 0 0.7547279567 0.7622373971 0.7706809459 0.7795801766 0.725861172 0 0.5692077935 0.7646733513 0.7592444129
0.6651750394 0.6556485228 0.6651528804 0.5859530636 0.7782252197 0.7793940577 0.5635860759 0.5629088384 0.7669960624 0.5514346274 0 0 0 0 0 0 0 0 0.6013098932 0.5952740391 0.5951973883 0.5004547686 0.5030816851 0.5036849176 0.8687369577 0 0.9107113249 0 0.8953911528 0.9006572839 0.9073577208 0.54457079 0.7735056848 0.636445492 0.6366564282 0.6223641935 0.6205960845 0.6204675143 0.621000986 0.6295617485 0.7716536147 0.7433724979 0.8339799507 0 0 0.8215664476 0 0 0 0 0 0.650362736 0.6409330306 0.6445782232 0 0 0.5962440879 0 0.7561550599 0.7568720206 0.5191735282 0 0.5759826545 0.6473452528 0.5737658678 0.8561809699 0.8810478193
0.6642984907 0.8666863646 0 0.5800625911 0.580130625 0.5688085566 0.5598047708 0.5637214219 0.5688975235 0.7862039465 0.7842009495 0.7607369097 0.7543499737 0 0 0 0 0 0 0.6019649783 0.8985428588 0.6654062327 0.8883498101 0 0.8651182228 0.8694088584 0 0 0.9008117694 0 0.9055106571 0.6510816766 0.6428351163 0.6358211444 0.6289596241 0.6302219727 0.6228772448 0.6227162725 0.6224276469 0 0.8059160685 0 0.7357294907 0.734577187 0.813120566 0.8188832885 0.8663942818 0 0 0.6235030908 0 0.6498849988 0 0 0.6016035058 0.5987086933 0.5985566613 0.6004990729 0.6056350904 0.6880773568 0.6839583816 0.6549432934 0.6391469451 0.5523006759 0.6303508753 0.8783374163 0.8433507436
0.8603253476 0.8634921239 0.8595422012 0.5762266189 0.5861617804 0.5612253699 0.5690722242 0.5636459024 0.7761384937 0.7787429257 0.7790596656 0.7689299702 0.9065457678 0.898080093 0.8982390813 0 0 0.7111884701 0.6082677111 0.6941759892 0.7598472058 0.8932119598 0 0 0.8736914775 0.8649824927 0 0.9033712828 0 0.9033432645 0.6459249471 0.6453384445 0.6352816347 0.6339196326 0.6294716238 0.6264397273 0.6303153223 0.62446895 0.6251638374 0.6252328581 0.8041260229 0.7363193278 0.7279887002 0.732086874 0.7334474454 0.8227167797 0.8288421025 0.8230296997 0.8229677379 0 0.6571283172 0 0 0 0.6018108651 0.6055403652 0.7093463113 0.6032987136 0.747886175 0.5837018897 0.6484151388 0.6538468821 0.6578341409 0.8944415106 0.683552667 0.7114449299 0.8746530652
0 0 0.6081317847 0.7183117768 0 0.5874837439 0.5705334353 0.7850841098 0.608104709 0 0.7800830684 0 0.646316076 0.8976452694 0.9033249011 0 0.8166106033 0.7084153906 0.7128716819 0.5105305516 0.8957089923 0.8897545082 0 0 0.871250177 0 0.8682816957 0 0 0 0.5058248234 0.7941982647 0.639361017 0.6378033232 0.6329276423 0.6274990165 0.6354312178 0.6260687672 0.6260341422 0.7976872365 0.795019135 0.7281471006 0.7362743106 0.737941015 0.6883661169 0.6219746589 0.6021262184 0.827277992 0.7058849387 0 0 0 0.7437232665 0 0.7268913313 0.615338263 0.7583184462 0.7679897382 0.7423198328 0.7482897864 0.718467757 0.7117861818 0.5033386481 0.6869240834 0.6386680327 0.8478626062 0.8501861965
0.8498248551 0.8664181079 0.7125857179 0 0 0 0 0.8997055387 0.7874540132 0.608470314 0.7753879415 0.8195111439 0.8166352491 0.830204054 0.9006978621 0.8139793805 0.7589065179 0.84787834 0.7181938186 0.720596418 0.8958746744 0.8901090318 0.8930961588 0 0.8723703368 0.8685199298 0 0 0 0 0.6486035746 0.6483315466 0.6490262887 0.633133999 0 0 0 0.5875463769 0.8650026652 0.8115807167 0.8140449095 0.7439599772 0.7445558244 0.7366877322 0.7457704093 0.8651945782 0.8583314239 0.5748630068 0.7437855268 0 0 0 0.6019000117 0.7334732901 0.7279027715 0.7312826422 0.5054578693 0.760695523 0.7614763292 0.7170126401 0.7239044914 0.6174282385 0.5739584905 0.530959994 0.6523838645 0.8439923752 0.7607553791
0.7965518286 0 0 0.9006096067 0.8916141287 0 0.8942690323 0 0.7971904524 0.6088986354 0.6246642945 0.8172226819 0.8214031013 0.821375078 0.8148990383 0.8116000377 0.7763823653 0.776246593 0.6919412966 0.6134076747 0.6194020216 0.8922854416 0.8943145382 0.8954939957 0.9008468269 0.8701357327 0.8744423525 0 0.6949886229 0.7848634015 0 0.6585335937 0.6493995714 0.6563414938 0.6379851908 0 0.5690090602 0.7730038636 0.8700661417 0.8031309331 0.809826634 0 0.7373204713 0.7454463781 0.7419207769 0 0.5729418212 0.5720051689 0 0 0 0 0.8879856354 0.6043839233 0.7392538998 0.7365579626 0.7379130807 0.7459825582 0.7143714714 0.7196944155 0.8856020779 0.5715336405 0.7055682233 0.6351953707 0.7591014909 0.7551723321 0.7624056678
0.5566945285 0.5547046726 0 0.7198194895 0.8972847006 0 0.8897798632 0.89256758 0.9004029024 0.9075312349 0.5911897564 0.7414929131 0.8168570348 0.6652672592 0.6912138286 0.7916978406 0.7830179715 0.7739801686 0.6075037606 0.5812740581 0.6222227364 0 0.9028090047 0.8951280838 0.8703861462 0 0.8819274338 0.7477048094 0.8772097171 0.7663761727 0.7684193011 0.7717484554 0.7673749806 0.7731198452 0 0 0 0 0 0 0 0 0 0 0.7248084108 0 0.5692280396 0.7220409246 0 0 0 0 0.5028888944 0.742439772 0.7394835612 0.6883024628 0.647148404 0.739298417 0.8645550426 0.6669431624 0.8662305535 0.5551758107 0.5758339394 0.6268335251 0.7602703519 0.7643074743 0.7546063721
0.547600259 0.5481771779 0.5515079845 0.5658559574 0.8919547148 0 0.8966420353 0.6710936219 0.9016842736 0.5433508161 0.7275986337 0.8886483056 0.6630067599 0.6613025712 0.6618166191 0.6871558763 0.7819992074 0.6133264162 0.6733040688 0.6087777698 0.7519403713 0 0.7581030478 0.7614566141 0.8652184545 0.8889489927 0.8875040368 0.8824737616 0.6414327914 0.7615780541 0 0.7655724248 0.7745351202 0 0 0 0 0 0 0 0 0.8024639501 0 0.7405939621 0 0 0.7136904702 0.7137357916 0 0 0 0 0.5471545487 0.7506434742 0.7431672113 0.6466210812 0.691300393 0.6865032146 0.7195850478 0.8639951893 0.8236955034 0.5800189481 0.5598016076 0.8368347957 0.7681492942 0.7643130887 0.7615116648
0.5393629094 0.6297361332 0.8236617192 0.8654526809 0.5351549724 0.6600360565 0.6627550921 0.6621651154 0.9010953782 0.9091844335 0.8575715151 0.847502684 0.8577792684 0.5230830121 0.5263525769 0.8091645314 0.8936956589 0.8977118812 0.5820499632 0.7555565846 0.7568258089 0.758239145 0.7604157417 0.7600370842 0.7198163054 0.7833797129 0.8664628016 0 0 0.7666509579 0 0.7657777713 0.7697619239 0.87877365 0.8249854657 0 0 0 0 0 0.7525587649 0.8028303745 0 0 0 0.7235602644 0 0.7165413595 0.6927281129 0 0 0.846899741 0 0.6570088542 0.6512589373 0.6857494234 0.6829661268 0.7418075383 0.5583203918 0.5648651765 0.8139401806 0.8474202811 0.8565730784 0.8497896331 0.769826558 0.9053615677 0.9030693549
0.820471582 0.8173451717 0.820573909 0.8231678186 0 0.6601922235 0.6546822603 0.6557866037 0.6768181679 0.6723882443 0.6927821067 0.85516376 0.8557495573 0.8552890379 0.5173001159 0.5043507648 0.8903767929 0.8960053792 0.8969006477 0 0.8950873764 0.7956760996 0.6895317596 0.7109694581 0.7182038759 0.7188828562 0.5078136956 0 0.700930724 0.7666219833 0.7603321839 0 0.7691962472 0.8885648304 0.7839083763 0.763567172 0 0 0 0.7623088915 0.6626743892 0 0 0 0 0 0.6596244552 0 0.5034319637 0 0.8438750753 0.5096075401 0.8261162854 0.6594124054 0.6852904362 0.6790292709 0.6839056645 0.6872881549 0.8922534904 0.8709353918 0.8375915651 0.8386419704 0.8415917362 0 0.7727233403 0.7762329521 0.8995227173
