landscape/hab_quality/256/simulation_000061_p066_h038_HABMAT_patch_more_500pix_modified.asc_ac_0.5_quality.asc
NCOLS 513
NROWS 513
XLLCORNER 0
YLLCORNER 0
CELLSIZE 9.980507
NODATA_VALUE NaN
[rows 112 to 139 of 513, columns 124 to 185 of 513]
0.5059659106 0.5052556066 0.5077288796 0.7182318682 0.721551859 0.714912521 0 0.5686087901 0.68684094 0.8407954345 0 0.5280941554 0 0.526492307 0.8791148885 0.5996607135 0.8413696705 0.8327407611 0 0.5548375718 0.700591497 0.7047141421 0.7034723549 0 0 0 0 0.5316574188 0 0 0 0.650788033 0 0 0 0 0 0 0 0 0 0 0 0 0 0 0 0 0.65138162 0 0.642541924 0 0 0 0 0 0 0 0 0 0 0
0.5147207319 0.5050715054 0.6081294381 0.6700677281 0.6247475607 0.6059906567 0.6453953449 0.5669654588 0.6193041467 0.6190543233 0.6145484586 0.623433576 0.6684652273 0.7167831086 0.8592627803 0.8461525363 0.8349678187 0.837918676 0.841633259 0.7071893476 0.7020118593 0.6986094905 0.7059087907 0 0 0 0 0.7529661147 0.8793602079 0.8846962009 0.6581626242 0.6548157505 0.5563867127 0 0 0 0 0 0 0 0 0 0 0 0 0.7952592666 0 0.6502470042 0 0 0 0.6357851101 0.6399331729 0 0 0 0 0 0 0 0 0
0.5117250726 0.5074145975 0.5122721185 0.6644022041 0.6531457721 0.6552012522 0 0 0.6683778356 0.6127385413 0.6183983206 0.6797839903 0.6833381118 0.7031076254 0.8570842105 0.8520687713 0.8431141478 0.8455413921 0.8468972087 0.7055728289 0.6998414374 0 0.7030211931 0.706846226 0 0 0 0.6974167865 0.8468255312 0.8142193628 0.6693694016 0.705877812 0 0.696993769 0 0 0 0 0 0 0.7990706555 0 0 0.858758312 0.6436818401 0.6907127153 0 0.8971141679 0 0 0 0 0.645625671 0.6472273865 0 0 0.8662003862 0 0 0 0 0
0.8008969715 0.8095794156 0.6655296818 0.6644874966 0.6566770225 0.6479112248 0 0 0.6341387878 0 0.6410620832 0.6738193409 0.54688934 0.7000294846 0.8541881385 0.8461989832 0.8500375433 0.8527121376 0.8554997063 0.705173364 0.5265284708 0 0.7235884424 0.7329701631 0.6476914791 0.7838773473 0.8006446873 0.5377300276 0.8047797004 0.6154623515 0.7227931936 0.7283023534 0 0.6521582367 0.7982400936 0 0 0 0 0 0.6984844222 0 0 0.8566935577 0 0.6114262007 0.8932644901 0.8848909177 0.8936664819 0.9029699786 0.5523150751 0.655524279 0.6509266253 0.6505206505 0.7598775762 0.8676517933 0.8721072684 0 0 0 0 0
0 0.8042753857 0.6710348303 0 0.6573660553 0.8237733659 0.6510146551 0.6599481524 0 0.6340648129 0.6320725683 0.6298761699 0.6781846518 0.7000542732 0.8480297154 0.8508110081 0.5102403822 0.8592526199 0.5570276463 0.6683409942 0.5198750582 0.7762222686 0.5535266686 0.7300995396 0 0.7832436928 0.8012732848 0.7975000557 0.7990235003 0.689347789 0.6815475148 0.6895132893 0 0.700750333 0 0 0 0 0 0.5592710384 0.6963066793 0.5742673469 0.8641402063 0.7666132994 0 0.8945426373 0.882864839 0.8848030517 0.8800292366 0.8737753122 0 0 0.5837161883 0.6548278042 0.5155987982 0.5707627666 0.867893354 0 0 0 0 0
0 0.5720357919 0.7114413586 0.8029103441 0.6099438468 0.6495080235 0 0 0.6386156877 0.6376290262 0.6293903996 0.6329913318 0.8579151765 0.8553355824 0.8572889268 0.6008224732 0.6684852445 0.6668189685 0.6584815397 0.8762854752 0.7851495316 0.7821301526 0.6020338472 0.7010296855 0.8236999743 0.8160266553 0.8006483384 0.8006562124 0.6856298747 0.6793755072 0.6808270082 0.6902290024 0.8454825764 0.8528550105 0.6321262407 0.8938892643 0.9002107812 0 0 0 0.8203874977 0.8238326481 0.8312765016 0.9080533992 0.8923089482 0.8919261939 0 0.8791431401 0.8741223963 0.8701956897 0.8764444222 0.8793836474 0.8292030163 0.8292402903 0.5797720737 0.8705195922 0 0 0 0 0 0.5037800417
0.5668148626 0 0.5652533169 0.8040948974 0.7943054083 0.7951910213 0.8553321648 0.866070689 0.7841839416 0.6379303788 0.6305432174 0.6383450076 0.8571459395 0.8578212208 0.566728793 0.8653750841 0.5575320288 0.6618257661 0.6635225614 0 0 0.5429403809 0.7038398398 0.6979794093 0.6952855945 0.6935446487 0.6339336945 0.6754174253 0.6797464686 0.6773758578 0.6844028441 0.6845849948 0.8454645688 0.848376596 0.8624479055 0.8957920077 0 0 0 0.8238931159 0.8166014773 0.8195392509 0.8295665169 0.9076596305 0.8985769756 0.5155461711 0.8875210337 0.6695664559 0.8743157256 0.8725996316 0.8704802971 0.87400069 0.8231168061 0.8304972757 0 0.8804865792 0 0 0 0 0.5068645296 0.5029875338
0.5683980647 0.563415196 0.568793653 0.8119476302 0.5752606816 0.5731949359 0 0.8538895622 0.641718042 0.6384717732 0 0.7511649555 0.7502712951 0.7461504727 0.7555778575 0.6795306855 0.6700437064 0.6683329123 0.6660997559 0 0.7147671743 0.7168173025 0.6382916192 0.898039323 0.7035738685 0.6940770358 0.6885629672 0.6813725087 0.673546557 0.677359833 0.6854517604 0.6919684339 0.8484532595 0.8533709829 0.8607303673 0.5374247329 0.5351558273 0 0 0.824065827 0.8251721078 0.822789297 0.6872027558 0.6122091766 0.9003829071 0.8906691138 0.8934120047 0.8814571221 0.8834690525 0.8746006125 0.8705224433 0.8721374746 0.8274359649 0.8288358026 0.8996984794 0 0.6642091568 0.6570911508 0 0.9043734422 0.8997742982 0.8969519107
0.5696840185 0.5662427945 0.5661829404 0.5653197667 0.5711414587 0.6113297054 0.8678363022 0.8231319039 0.7503877463 0.8245540468 0.625722839 0.7529170985 0.7457463426 0.7520943146 0.7567937194 0.8083326849 0.6760531851 0.6797292525 0.6841391917 0.5402093976 0.8948639698 0.7139661089 0.8963848824 0.9028745057 0.7026846778 0.6922250414 0.684489829 0.6813629515 0.6796110425 0.6783807877 0.6794976617 0.6009015248 0.5980867738 0.5918929729 0.5946677173 0.60381641 0.5447284071 0.5444868494 0.8491500969 0.8302992699 0.8253580822 0.8238602538 0.5595545096 0.5989365379 0.557940637 0.8912287513 0.8947132957 0.8837062208 0.8905196732 0.8877872897 0.8936569022 0.8792995585 0.8742861313 0.6278947653 0.7153863571 0.7566215357 0.6155784174 0 0 0 0.8949774372 0
0.7442203535 0.5720406113 0.5681585389 0.5655340799 0.5633121599 0.5719827064 0.5190750753 0.82553411 0.8195975252 0 0.8202579663 0.7544448432 0.7223072113 0.8918242866 0.7923541934 0.6300426708 0.6336979613 0.6367296048 0.6419175891 0.7598097156 0.8896892018 0.8881613701 0.5459849687 0.901286191 0.898213251 0.9039056956 0.6049402879 0.6097712619 0.7049650864 0.7099001029 0.7163559316 0 0.5997376743 0.5905794437 0.5944552408 0.8156007183 0.8201708506 0.736138526 0.7396299938 0.8301412061 0.834854968 0 0.5683930446 0.5602115967 0.8994800311 0.8929170888 0.7006061668 0.8997685884 0.8962989373 0.6260012581 0.8887577694 0.6885121976 0.5586657888 0.6914012575 0.5544193615 0.5525931511 0.6416295064 0.6435531486 0.9033608551 0.8988788516 0 0
0.6809242053 0.5724408613 0.5696680375 0 0.5040459715 0.5105549274 0.5086883269 0.8248963175 0 0.818775726 0 0 0.6456399517 0.8969515204 0.7060005655 0.7825600145 0.6291455066 0 0.6357898255 0.7206645164 0 0.8891234153 0.8912327807 0.9062427405 0.8972141952 0.8886299985 0.894711913 0.7012525155 0.7021541721 0.711717975 0.86519916 0 0.5955527424 0.5978197149 0.5915039285 0.7376430884 0.8128395835 0 0.7346344492 0.8317349114 0.8269474938 0.6291953858 0.8367850021 0.5611753598 0.5649549626 0.6711415421 0.9020412215 0.9078668913 0.689152812 0.6917218551 0.6834045686 0.6926515885 0.6868082996 0.8165891757 0.5555916636 0.6446728173 0 0.718020638 0 0 0.6926350054 0.8986132962
0 0.6014878631 0.6095281712 0.8035682599 0.5114189447 0.5019254233 0.7089406403 0.6636466631 0.8208921379 0.8232299865 0.8153952319 0.8214918305 0.830471452 0.6408206402 0.6647361103 0.635260323 0 0 0.6399440697 0 0 0.5796015032 0.9081743283 0.899496419 0 0.8880218776 0.8943451387 0.7038093817 0.7090024144 0.7164523292 0 0.8639250959 0.8590388596 0.8585534093 0.8603877028 0.6586215787 0.8156856773 0.73629662 0.7427088925 0.8315359102 0 0.8308237385 0.5092441636 0.5931590082 0.6629234671 0.5215553341 0.8360907676 0.6954454464 0.6897590915 0.6876496459 0.6819433512 0.6827139436 0.6827698238 0 0.8102890761 0 0 0.6454499508 0.7192727075 0.5274295892 0.5303784687 0.5996969581
0 0 0.6104450164 0.7341072385 0.5097533472 0.5073601294 0.5106902259 0.6569864213 0.665786801 0.8253703553 0.8190703411 0.8250707655 0.7997935354 0.8004425106 0.5537377714 0.7239665651 0 0 0 0.6435017303 0.8409343142 0.5814429271 0.7481494654 0.8971354373 0.8959561237 0.8973752205 0.8938007562 0.5943175178 0.7063006382 0 0 0.8705855439 0.8602852491 0.8567013433 0 0.5167909856 0.7788960153 0.7832144778 0.7787890955 0.7175704297 0 0.5088427789 0 0.5764729574 0.6676321422 0.6676069679 0.7054699095 0.6994926302 0.6881580731 0.6943114269 0.6830089817 0.6790879956 0.8959917885 0.8129698462 0 0 0 0.7530226323 0.7365819027 0 0.5294667313 0.8160000461
0 0 0 0.628757099 0.6378743007 0.645951487 0.6596340235 0.6616504859 0.6618376577 0 0.7950550926 0.7922402918 0.7979282668 0.7764172323 0 0.8209337942 0.8368220938 0 0.5465663868 0.5003569155 0.5081385375 0.625300938 0 0 0.9036661662 0.9046860619 0.6940466662 0.6133524538 0.6932607851 0.6156015997 0.5695335521 0.6726145177 0.8633647145 0.8634012675 0.8628017175 0.7516686969 0.7785823241 0.7779285449 0.7793529546 0.777213246 0.7740139737 0.5118284456 0 0.6765283274 0.6677177051 0.6703166002 0.71165152 0.7019211456 0.6985730601 0 0.6887386034 0.6791745245 0 0 0 0 0.8860062895 0.818656258 0.8279275497 0 0.5479710043 0.544525084
0.8962967906 0.8420473255 0 0.7288441801 0.6307039983 0.6696767436 0.662382977 0.6679568421 0.666249643 0.7923475016 0.7857356057 0.7828120575 0.773782437 0.7784017331 0.7868467933 0.6820915775 0.8712453466 0.7354289578 0.8658696013 0 0 0.8585671237 0 0 0 0.8255867321 0.5676857858 0.8344298997 0 0 0 0.6665747538 0.7904873917 0 0 0.8261097904 0.7804057482 0.6176579991 0.7731846176 0.7689515703 0.7725174041 0.8525512337 0.5819412782 0.5411370608 0.7745763506 0.8147883694 0 0 0.5874168842 0.6962466985 0.726800029 0.6916472855 0.5687893946 0 0 0 0 0.8189762816 0.823774494 0 0.7648900207 0.5452749494
0.8863616059 0.7953040326 0.8942973552 0.6803776307 0.6719166433 0.6687608917 0.6681340361 0.59934213 0 0 0 0.7794374493 0.7731624895 0.7781333441 0.8694734555 0.7034569827 0.86738868 0.8629819494 0.8582178519 0.8550655848 0.8573481878 0.864144626 0 0.8270564905 0.8178905089 0.8184506611 0.5886466703 0.6387944564 0.703708457 0.7101191164 0 0 0 0.8774311525 0 0 0.6479737936 0.775782103 0.7769194074 0.7677217501 0.7678508472 0.7811341202 0.6859567377 0.706931117 0.5262792662 0.7073809759 0 0.7531092668 0.7032734904 0 0 0.731853015 0 0.9073372763 0.9033463219 0 0 0.8246461594 0 0.8251682229 0.7554805144 0.7936519884
0.8960564488 0.89082804 0.899604485 0.6782040215 0.6728201833 0.6640948809 0.6659950925 0 0.551549434 0 0 0.781670583 0.7764170786 0.7804202483 0.7799101785 0.7914596766 0.6696851828 0.8665856914 0.8604178408 0.8537842314 0.823270595 0.8520542418 0 0.8932163968 0.826540144 0.8192815726 0 0 0.7076322994 0.7027939343 0.7033696515 0.7034588024 0.6777153308 0.8704537383 0.6475559672 0.6410083442 0.6456975233 0.6417230014 0.772761683 0.7729833043 0 0.6783821153 0.6813291071 0.6755110757 0.6982119327 0.748891039 0.7442751804 0.7447595273 0.7489978384 0.7512412002 0.7367927633 0.7399691726 0 0.9104447138 0.8454659262 0 0.8413561285 0.8327054388 0.8428719543 0.8494144498 0.7940559247 0.7948421717
0.661085935 0.6623077216 0.8347260436 0.8315903583 0.6712637995 0.8962163056 0.664547881 0.8900726502 0 0 0.7400843695 0.7829633216 0.7852944493 0 0.7832612439 0.7838363871 0.7855247393 0 0 0.8537004213 0.8456951716 0.5147268436 0.5173409605 0.5589752931 0.8784263037 0.8705100547 0 0.7084861351 0.70520393 0.6992693862 0.6963766947 0.7001309483 0.7071874906 0.8437008641 0.6483252554 0.6464744966 0.6386991681 0.6368656348 0.6460271689 0.780211484 0.6808400597 0.6761596516 0.6743597306 0.6823428924 0.688975992 0.7479255391 0.7474177987 0.7452284902 0.7441893352 0.7359273225 0.73506898 0.7391085805 0.5084089735 0.6671745641 0.8421268022 0.518392123 0.8372471454 0.8380368498 0.8402273992 0.8416479724 0.7970956186 0.7879692904
0.6554351154 0.6556883747 0.7012671727 0.8272906055 0.8180695294 0.5407500944 0.7319462739 0.5254763329 0.5327534594 0.530868399 0.5821408084 0.7326728618 0.7911069851 0 0.5143931778 0.515372684 0.5655256527 0 0 0.8550413326 0 0 0.5575998899 0.5652557184 0 0.8685753737 0.5956799781 0 0.5933293734 0.6967363112 0.6950082183 0.701267505 0.6993793647 0.6028247321 0.5987007689 0.6414673272 0.6365560795 0.6369757111 0.6372298472 0.6832590726 0.6850438646 0.6848865239 0.6783070143 0.6784106851 0.6888535345 0.7502395022 0.6098033984 0.7474557591 0.7443884442 0.7385169875 0.7328221874 0.8236166353 0.6705726343 0.6625267208 0.8489574554 0.5847632141 0.5090977685 0.8396135197 0.847967566 0.8412531432 0.8104276637 0.7966125887
0.6629880001 0.6603376976 0.7014447916 0.6992663408 0.817619443 0.5411877338 0.5326533692 0.5319147625 0.5254320141 0 0.6838237903 0.5924785943 0.5924723891 0 0.5059966484 0.5096119897 0 0.5871710396 0 0.5662594491 0 0.670491694 0 0.558953475 0.6024658045 0 0.5934218182 0.5899121063 0.5963910146 0 0.6937302025 0.6930466529 0.7002684255 0.5798764837 0.5932529186 0.6778038141 0.6337872899 0.6351382504 0.6854008409 0.6836228802 0.6766124596 0.6828655629 0.6879463149 0.596976607 0.7389182119 0 0.6533838148 0.6442042619 0.7398402528 0.7328683347 0.7246371615 0.7243671173 0.6635351317 0.6699384876 0.5132007524 0 0.5851871104 0.5114379743 0.8006890799 0.8068479645 0.8165496508 0.8050498927
0.8456355558 0.8998373162 0.7035612768 0.6989052205 0.5208277112 0.5347995691 0.5950558949 0.5296994571 0.5236125219 0.5237577693 0.7155117339 0.586436475 0 0.5113753667 0.5399404901 0.5095666161 0 0 0 0 0 0.6643158685 0 0.6729229402 0.7245161106 0.5925637106 0.5915258988 0.5512796609 0.5562359413 0.5534741779 0.6936159369 0.7018647444 0.6961265692 0.6084715763 0.6006196202 0.6694116063 0.6761594538 0.5756838343 0.5499211539 0.6844187575 0.6920300067 0.6805632898 0.6889549877 0.8624121873 0.8527832905 0.8578834058 0.6457772918 0.6463331904 0.6384876786 0.6402955299 0.725169025 0.7257612277 0 0.8775368548 0.8780644612 0.8724710869 0.6764337653 0.7963590148 0.8080433201 0 0 0.805593426
0.8911736982 0.8938064176 0.5672248328 0.5582462808 0.5635238304 0.8185258352 0.5797991601 0.5867978676 0.5814614577 0 0.664770396 0.5973570904 0.6670991614 0.6406933694 0.6418199385 0.8611236173 0.6489673795 0.7972476108 0.874638297 0.5315530783 0 0.6548372684 0.6647658866 0.6702808559 0.5651036489 0 0.5581467779 0.5533836577 0.5500383868 0.5590203407 0.6382573131 0.7915330471 0.616047342 0.6076498652 0.7830061979 0.8855218441 0.6779774927 0.6849935268 0.5438706272 0.5890346836 0.5888012387 0.592989106 0.8727085919 0.6106709052 0.8441238155 0.6491928304 0.6496998199 0.6440583621 0.6418750936 0.6434600343 0 0 0.7039379606 0 0.8797301614 0.8743106995 0 0 0.8758930658 0 0 0
0.8924142759 0.894853745 0.5653384777 0.5590130522 0.5572884393 0.5502227455 0.583019709 0.5794954651 0.5795789786 0.5803592352 0.6691313815 0.6601502634 0.5969464638 0.6493888699 0.6396047443 0.6487799722 0 0.7011529384 0 0.6588285771 0 0.6562860411 0 0 0 0.7207580589 0.5574220807 0.548575293 0.6436006208 0.6378522988 0.5009101151 0.8038019315 0.7874601198 0.6482005426 0.7801628912 0.8880106792 0.8788430464 0.8518743606 0.5536047224 0.6976693814 0.5862387273 0.5951423407 0.8718421329 0.858868418 0 0 0 0.6427480231 0.6508171512 0.8974928863 0.8892328053 0 0.8803178796 0.8763054601 0.8736058938 0.8787085455 0.8689377611 0.8736492489 0.5200280467 0.5299748211 0.5365550016 0.7745132903
0.7417156672 0.8992921146 0.7238991902 0.6021551274 0.5551890162 0.5493716854 0.5827812215 0.6191070616 0.5797888118 0.5815066621 0.8038717626 0.6376285098 0.5912881804 0.5892543631 0.6467040051 0.6457957575 0.6498505806 0.6598479736 0 0.6573901203 0.6568731202 0 0 0 0 0 0.6297325299 0.6269846431 0.6339974087 0.6364275063 0.7904037326 0.7974461931 0.7860957063 0.7858765523 0.7746481861 0.8871732876 0.8504317634 0.8557696195 0.8523425203 0.5886042663 0.5889282798 0.5896266004 0.8373313198 0.704595272 0.7084270818 0.5121026719 0.6040547666 0.6031470418 0.512506911 0.8975547807 0.8888866225 0.7455007113 0.8747824592 0.8702567025 0.876032728 0.8793316002 0.8512958478 0.8690894555 0.8712688175 0.528326253 0.7742363656 0.781077171
0 0.6319441435 0.7324564969 0.7238178678 0.5543329775 0.5502931923 0.5545205966 0.5806931956 0 0.5874941692 0.5896820914 0.541262972 0.5968751701 0.5980195565 0.5900300509 0.7221023247 0.5869797379 0.6570850695 0.7828513489 0 0.8089662002 0.8101794312 0 0 0 0 0.6338700382 0.6268271209 0.6654300092 0.789912723 0.7771791621 0.8128830942 0.7923522208 0.7787977117 0.7855786676 0.8402611667 0.8547876845 0.8423966523 0.8379960866 0.8287449723 0.8363158517 0.828116713 0.8187149901 0.8264203902 0 0 0.6030535353 0.6021342375 0 0.76823518 0.8781488465 0.8859077076 0.7383451421 0.8733756522 0.8710148206 0.8436710828 0 0.8739148463 0.8760235336 0.5346684351 0 0.5427424916
0.6281583129 0 0.5050805898 0.7241758828 0.7334533019 0.5622044968 0.7978438235 0.5094405969 0.5893500862 0.5025325274 0.5436913115 0.5453285045 0.5510776467 0.595189216 0.5402770732 0.5833622857 0.5697457422 0.5758459356 0.8164760451 0 0.8011257401 0 0.8235918406 0 0.8945747259 0.6372414461 0.6270098305 0.631883977 0.6306187613 0.8698488739 0.7923087757 0.7898151122 0.6703139076 0.6763762155 0.6241938137 0.8613990812 0.8431155076 0.84590863 0.8474392906 0 0.8221103002 0.818210424 0.825721987 0 0 0.8083571257 0 0 0.7700319322 0.767569197 0.7665670795 0.8782769511 0.7291047455 0.8796506522 0 0.8450026631 0.8445738575 0.638309023 0.5351950127 0.5392559069 0.538434231 0.5421660225
0.5014476751 0.5042811545 0.5052257271 0.5081997489 0 0.7339484408 0.6901015002 0.6137411471 0.6739286313 0.6938388356 0.7691880924 0.5850799169 0.8968906915 0.5978803085 0.5902611728 0.5802673248 0.5757483265 0.5668309347 0 0 0 0 0 0 0 0 0.6331566938 0.6303458033 0.8712156286 0.8661951249 0.7849617499 0.8810853101 0 0.6686984627 0.676480727 0.8496313918 0 0.6112935538 0.6139241288 0 0 0.6634714376 0 0 0.8782121456 0.6252470262 0.6300724449 0.615564977 0.7763903585 0.5831271539 0.7739067873 0.7282276167 0.8814664141 0.7390585491 0.651976334 0.5108469343 0.632696575 0.6396724624 0.5206258235 0.5450412201 0.542498351 0.5397568144
0.5056038893 0.5024748312 0.5069977738 0.5145161166 0 0.8721214528 0 0.8765403221 0.6660941737 0.577792627 0.5886220875 0.5837357206 0.5811145573 0.5830580334 0.638910942 0.5783967903 0.5756284268 0.5676085875 0 0 0 0 0 0 0 0 0.5195047697 0.8732151547 0.8699312098 0 0.8722318542 0.8801433475 0 0 0.6193298715 0.8579823573 0.7646081727 0.7596422445 0.6146912068 0.599493929 0.8692882013 0 0.5530769237 0.5524943289 0 0.6070479766 0.5190499023 0.515829507 0.6144258543 0.614331708 0.7368237899 0.7308937083 0.735767287 0.7452902659 0.7298340248 0.723320577 0.6435681475 0.5957156791 0.6441990398 0.5113769947 0.5204492699 0.7869764539
