landscape/hab_quality/256/simulation_000032_p043_h081_HABMAT_patch_more_500pix_modified.asc_ac_0.5_quality.asc
NCOLS 513
NROWS 513
XLLCORNER 0
YLLCORNER 0
CELLSIZE 9.980507
NODATA_VALUE NaN
[rows 435 to 463 of 513, columns 325 to 389 of 513]
0.8031608173 0.8053898677 0.5697496054 0.5714832023 0.5670053997 0.5660299384 0.7168647284 0 0 0 0 0 0 0 0 0 0 0 0.7870340347 0 0 0.8398985733 0.8811639689 0 0.8981251813 0 0 0 0 0 0 0 0 0 0 0 0 0 0 0 0 0 0 0 0 0 0 0 0 0 0 0 0 0 0.5411440447 0.539539385 0.5253211338 0.5191062863 0.5260512218 0.526862423 0.5270688346 0.5439624276 0.5446345466 0.6318319739 0.6589954809
0.8919113225 0.8496096815 0.6309085473 0.7821591448 0 0 0 0.5369933914 0 0.6052824044 0 0 0 0 0 0.5959015317 0 0 0.7102772942 0 0.8307597615 0.8391129612 0.8360184188 0.8993059989 0.893929481 0.9041804884 0 0 0 0 0 0 0 0 0 0 0 0 0 0 0 0 0 0 0 0 0.7919450153 0 0 0.8590308901 0 0 0.7012905076 0.6963226887 0.6999577034 0.5690724787 0.5260666575 0.6166638657 0.6143270039 0.6101848527 0.6052780909 0.6205962555 0.6226744398 0.7742199592 0.7674657234
0.885548311 0.8822065113 0.8840565083 0.8113836239 0 0.5534208515 0 0 0 0 0.7254310755 0 0 0 0.5863836633 0 0.6986077214 0 0 0.832035753 0.8428073148 0.8372157128 0.7784114519 0.7785240318 0 0.9000469659 0 0 0 0 0 0 0 0 0 0 0 0 0 0 0 0 0 0 0 0 0.6491562341 0.8632446071 0.8682902898 0.8677196603 0.6122457057 0.6048320694 0.702883671 0.7052462499 0.6996394805 0.8566532216 0.5117818505 0.6040988428 0.6089856583 0.6050580578 0.6128055468 0.6205385486 0.6861188525 0.5157617554 0.5390154158
0.8920597593 0 0.892124433 0.5482327566 0 0.548788599 0 0 0 0 0.7499907715 0 0.5617089151 0 0 0 0.6975627268 0.7130595716 0 0 0.7843734452 0.7808217245 0.7743851824 0.7724947177 0.7654195513 0.7648486384 0 0 0 0 0 0 0 0 0 0 0 0 0 0 0 0 0 0 0 0 0.8479786184 0.8632637305 0.8686688591 0.56993187 0.6053003646 0.6099030162 0.7703775591 0.7980224746 0.7123954441 0.5270297666 0.6004276855 0.5975339371 0.5998939918 0.6001287299 0.6078820352 0.6016026333 0.5357851817 0.7257492226 0.6178819818
0.5757637876 0.583351967 0.5771928416 0.5561378026 0.5471236139 0.5405871572 0 0 0.5970774633 0.863611999 0 0 0.9039706617 0.9089579796 0.8995312027 0.9090780887 0 0 0 0 0.7856720268 0.7785988522 0.7660162985 0.765081198 0.7738140377 0 0 0 0 0 0 0 0 0 0 0 0 0 0 0 0 0 0 0 0 0 0.7115233764 0.7203919672 0.8966636825 0.5671054796 0.6065264628 0.6126023803 0.6194067231 0.7172473777 0.7152261625 0.6083748253 0.6048266814 0.5999021237 0.5946888311 0.5978590911 0.5990492808 0.6073299636 0.8166950204 0.8934508462 0.6158791378
0.7088170042 0.5735387193 0.6403962895 0.6395167025 0.544454086 0.5434158342 0.5488218253 0.5596476942 0.5544028404 0.5592078599 0.7847740893 0.5138891005 0.9104457358 0.9019207751 0.7611819354 0.9043355565 0.5075582326 0.5071063617 0 0 0.7840764302 0.7745352445 0 0 0.7734228419 0.8872654411 0 0 0 0 0 0 0 0 0 0 0 0 0 0 0 0 0 0 0 0.5460650001 0.5966569608 0.8930781545 0.5934874601 0.8630120232 0.6220908906 0.6122542597 0.6213667038 0.8693926697 0.5990694914 0.7332775952 0.6081918024 0.5998444162 0.5944788044 0.5932709364 0.60286487 0.6027974796 0.8071553827 0.8074843761 0.8098844026
0.5821336658 0.6399064646 0.6406060887 0.6366311211 0.6461405043 0.7441326405 0.6149299375 0.7419417315 0.5621399609 0.683911149 0.6799057701 0.6783728369 0.8107948193 0.8190789674 0.8981980002 0.7619517607 0 0 0 0.517641567 0.781923555 0.7803349771 0 0.7306845864 0 0.6867392959 0 0 0 0 0 0 0 0 0 0 0 0 0 0 0 0 0 0 0 0.742365109 0.6356950685 0.5914805951 0.5949412014 0.5596754294 0.5599048102 0.5729948438 0.5641571265 0.8867840414 0.593713328 0.5933389599 0.8040908991 0.6068315053 0.60122939 0.5996134905 0.5998717264 0.8381157154 0.8125963717 0.8048320024 0.8074486847
0.6432568664 0.6475109706 0.6409190703 0.6426154458 0.6406972159 0.8579844639 0.7377643754 0.5967647775 0.6082544896 0.58782069 0.674726482 0 0.8144792565 0.8096036155 0.811283956 0 0.8667998449 0 0.5203269326 0.7017603954 0.5859366013 0.5946324861 0 0.7630464585 0.7704697899 0.8944153387 0 0 0 0 0 0 0 0 0 0 0 0 0 0 0 0 0 0 0 0.5844844208 0.5935808589 0.5971503662 0.5980395356 0.6734838348 0.557837848 0.5542181788 0.5572544398 0.5537839762 0.5986468601 0.7689721378 0.7984870071 0.8011673211 0.7976088511 0.8049542157 0.813328627 0.8053590939 0.8117214069 0.7683836434 0.770948607
0.6270379516 0.6294643097 0.5852041185 0.8531192455 0.8481211782 0.5960714095 0.5943562883 0.5900840108 0.5887961139 0.5040041852 0.5691461607 0 0 0 0 0 0 0 0.7050724102 0 0.5861305256 0.5849593803 0 0.76237446 0.6576564695 0.8292343244 0.697967244 0 0.569577564 0 0 0 0 0 0 0 0 0 0 0 0 0 0 0 0 0.5936155624 0.8536890209 0.5678703176 0.8825930754 0.8806202631 0.5559184254 0.5469230551 0.5504320429 0.5535844176 0.8096550386 0.8018919259 0.8006484485 0.7968683645 0.8014238807 0.8096528986 0.805108635 0.8050664529 0.807863827 0.7746540558 0.765440469
0.6299871579 0.6288125673 0.8997366495 0.5791305551 0.8431946551 0 0.5947003225 0.5871999461 0.5890941062 0.5031816491 0.6983344312 0.5686503317 0 0 0 0 0 0 0.8863903983 0 0.6280542946 0.5862804887 0.7600987628 0.6708613317 0.6990181153 0 0.8248340354 0 0.717342648 0 0 0 0 0 0 0 0 0 0 0 0 0 0 0 0 0 0.6307460786 0.6309741961 0.557824002 0.5550467247 0.5536846212 0.5477510955 0.5467283292 0.5566171907 0.7943864912 0.7997781238 0.7996532329 0.8062627764 0.7991436364 0.807790091 0.8110477329 0.8120287796 0.8094585225 0.7711870392 0.7750431596
0.8892422773 0.8971343788 0.8934144397 0.8954720861 0.5238345713 0.8456716824 0.8522595989 0.5955814677 0.7327819706 0.5048494503 0.570336154 0.5681993399 0 0 0 0 0.5764512858 0.576034126 0.8895346031 0.6355142536 0.8819398324 0.7692974125 0.7618509106 0.7680152047 0 0 0 0 0.5586831846 0 0.7286836181 0 0 0 0 0 0 0 0 0 0 0 0 0 0.6424090922 0 0.6481577726 0 0 0.5564912899 0.5518516997 0.5507357481 0.7890268852 0.7987092568 0.7856464988 0.8016172823 0.8041428075 0.8053889589 0.7311742841 0.7114820263 0.8558744453 0.855515889 0.8612469781 0.7823512447 0.7843325796
0.8899715244 0.8880177538 0.8924511702 0.8924787114 0.8994922174 0.886912991 0.8512883836 0.7326786995 0.8180958779 0.7040545146 0.6269281255 0.8520505804 0.6847877021 0 0 0 0 0 0.8936508958 0.7831953271 0.7740243088 0.848523559 0.765427394 0.873716385 0.6482458813 0.6468545305 0.6470946988 0 0.7762444353 0.8618920604 0.8348529293 0 0 0 0 0 0 0 0 0 0 0 0 0 0 0.8336339631 0 0 0 0.558728562 0.5572589925 0.5559596105 0.5529006444 0.7952705057 0.7889182216 0.7920955496 0.5832886911 0.7155804906 0.7136819671 0.7114187629 0.7124985047 0.8525771625 0.8539829354 0.8884659846 0.5771564271
0.892157407 0.8976816194 0.8908690164 0.8969839164 0.7270776329 0.7128078445 0.6457697873 0.8167905918 0.8131043496 0 0 0 0 0 0 0 0 0 0.8052178554 0.778328466 0 0.8745554773 0.5653498707 0.5635585827 0.6515932858 0.7707002909 0.7704519924 0.7670896102 0.8569989606 0.7841543926 0.5802797666 0 0 0 0 0 0 0 0 0 0 0 0 0 0 0 0.7864986238 0 0.6427139556 0.7198635274 0.5635661212 0.6031997941 0.6044412247 0.6014147146 0.7928988118 0.7960187194 0.5815947602 0.8757703402 0.8846375226 0.7150520566 0.7053936023 0.711869295 0.8873425588 0.8779859761 0.8944616932
0.622960439 0.631296424 0.8916913865 0.5516651941 0.8315602285 0.5364029833 0.5577039568 0.8209267549 0.8152739261 0 0 0 0 0 0 0 0 0 0 0 0 0.6251694289 0.6180853985 0.5575784769 0.5832068628 0.7751530989 0.7669531103 0.774344169 0.7916350547 0.8533848892 0.7779469832 0.7858073986 0 0 0 0 0 0 0 0 0 0 0 0 0 0 0 0 0 0 0.5957126074 0.5983983794 0.5946717128 0.5999700914 0.599757189 0.5101620486 0.8847300181 0.8748797219 0.8749515719 0.7081227699 0.7058991578 0.881436029 0.8833283907 0.8927604904 0.8217619024
0.6282011061 0.6213869348 0.8485209059 0.8520638128 0.7677431255 0.8338522295 0.5308002686 0.6202276101 0.6706479593 0 0 0 0 0 0 0 0 0 0 0 0 0.6196841005 0.6235305021 0.6269188251 0.7769302467 0.773074863 0.5358458163 0.5333421685 0.5329261911 0 0 0.9017041802 0 0 0 0 0 0 0 0 0 0 0 0 0 0 0 0 0 0 0 0.5998025816 0.593119126 0.591779072 0.5931554448 0.8524198229 0.7858491516 0.8765442331 0.630515176 0.5605364904 0.8896330558 0.881889553 0.8898695349 0.5081064399 0.5042525333
0.6257377002 0.7279965712 0.6667501409 0.8660842623 0.5335157832 0.7741001313 0.5713037088 0.7811981406 0.5283868381 0.7715314443 0 0 0 0 0 0 0 0 0.8749257695 0.6055649452 0.6146247257 0.6163638034 0.6285233929 0.770013333 0.6351106169 0.7651297641 0.7592111111 0.5273624786 0.5681096493 0.516509198 0 0.8923057191 0.606328307 0 0 0 0 0 0 0 0 0 0 0 0 0 0 0 0 0 0 0.7467767269 0.5955342627 0.5965890723 0.5992519093 0.8531685443 0.8576215556 0.6235267392 0.7854268803 0.8873138477 0.8867639039 0.8860605921 0.8827527227 0.5032251911 0.5071754266
0.8625912062 0.6404249125 0.6717186536 0.6655581823 0 0.7724170208 0.5660806111 0.6233377807 0.6677968023 0 0 0 0 0 0 0 0.5743381211 0.7202364562 0.5786808923 0.6110815224 0.599835225 0.6245891429 0.6784963082 0.6317428382 0.679662485 0.8378342839 0.7787383242 0.5733504513 0 0.8982913011 0 0.8985828818 0 0 0 0 0 0 0 0 0 0 0 0 0 0 0 0 0 0 0 0.7462197591 0.6028004243 0.769577595 0.81573197 0.6872700847 0.6223331747 0.7991823839 0.5196842846 0.8873194929 0.8889047195 0.8932602925 0.8915041837 0.5109580323 0.5112105159
0.7175091121 0.6005964055 0.673433101 0.7309157508 0.7704972677 0.7734405225 0.7751424306 0.8297236495 0.7418895564 0 0 0 0.8802518537 0 0 0 0.6106093977 0.7880952185 0.571607004 0.8088475444 0.7568994695 0.760196731 0.876232839 0.7888799226 0.7831321406 0.6703967475 0.7025611051 0.5580873501 0.696231829 0.6746736288 0.6282005934 0.9005960982 0.8203931381 0 0 0 0 0 0 0 0 0 0 0 0 0 0 0 0 0 0 0.7388936847 0.7456942022 0.7478509663 0.724946794 0.7198645089 0.6208323832 0.721029495 0.7210045186 0.8969261088 0.8942498345 0.8754418291 0.8734879637 0.8745860739 0.8846078672
0.8974376059 0.5998786328 0.7309655884 0.5395829381 0.7869586424 0.7810758553 0.8184000798 0 0 0.8053480456 0 0.8832940624 0.8784736402 0.8738564296 0 0 0.8302968731 0.8119489898 0.8020858649 0.8070824116 0.8105473631 0.7561806052 0.5296170604 0.6665048954 0.7829720814 0.7809248491 0.6969891543 0.6933535566 0.6998914321 0.70527991 0.6779669109 0.8916869954 0.5926163201 0 0 0 0 0 0 0 0 0 0 0 0 0 0 0 0 0 0 0.7839832775 0.7445976058 0.7453947995 0.7342462937 0.7312699047 0.7163570103 0.7148044892 0.7142686006 0.7167213428 0.7529064117 0.7158978402 0.7148908503 0.8829278835 0.8824483773
0.7981221198 0.6815490093 0.5802866372 0.584114191 0.5396145968 0.7237412103 0.7812210755 0.8278045034 0.8037496301 0.6539414866 0.8834347696 0.8779802203 0.8733544005 0 0.8798793826 0.8250630283 0.6557180872 0.8948494501 0.8042888389 0.8983616684 0.7660424203 0.6702518744 0.6678156351 0.6487629182 0.7906092219 0.708420764 0.6992821478 0.6992203096 0.7026819801 0.7114864629 0.6740596742 0.8974941623 0.8982637977 0.611320779 0 0 0 0 0 0 0 0 0 0 0 0 0 0 0 0.5047932505 0.7464741093 0.7521841935 0.7484197785 0.621301703 0.7267020834 0.7261370422 0.7218090614 0.7131177464 0.709617743 0.7075497034 0.7108691559 0.7107082959 0.714612818 0.7151135847 0.8821408446
0.8064847849 0.7989466414 0.6072354881 0.8385634331 0.6329111658 0.6402375475 0.6128169869 0.6457040684 0.6479716463 0 0 0.8748134144 0.8702296181 0.877572848 0.8738486703 0.853701184 0.5154154929 0.8945283131 0.9080777993 0.7733018273 0.6835702331 0.6158930071 0.7789303075 0.6503938824 0.8797529137 0.7075800208 0.7007419267 0.6232440414 0.7085692181 0.7063457863 0.5926063767 0.6948155755 0.6930714292 0 0 0 0 0 0 0 0.7676323238 0 0 0 0 0 0 0 0 0.5046469279 0.5600565088 0.7731815383 0.8149682525 0.7091711443 0.7039380895 0.7288920892 0.7217574355 0.7088173048 0.7036621639 0.7122130128 0.7076458374 0.7095248437 0.711137541 0.7113309456 0.8891521262
0.7063399993 0.8369575983 0.5309897005 0.5179738704 0.5516468322 0.6178850268 0.6467073488 0.6476912265 0.7781411237 0.6505241188 0 0 0.8785583443 0.8733095856 0.8810515739 0.8541972645 0.7175185236 0.5465292616 0.6509279484 0.9123179198 0.8020923622 0.6390286229 0.6384946136 0.6326621057 0.874797373 0.8695303487 0.61670653 0.7100025938 0.716354426 0.5910058724 0.5962831152 0 0 0 0 0 0 0 0 0.7758381543 0 0.7401728643 0 0 0 0 0 0.8995494467 0.5936593186 0.5457740278 0.7839383602 0.7774897364 0.7854734859 0.7061203363 0.7341766893 0.7359522619 0.7337273268 0.7065564568 0.7037583793 0.7094621697 0.5380775886 0.7172938568 0.7025962416 0.7085543383 0.7168755009
0.7725090285 0.8405901319 0.8465322291 0.8413296061 0.5094129539 0.8394228608 0.5287757293 0.6076020995 0 0 0 0 0.8881113202 0.8610543028 0.7925015535 0.7837496799 0.7782579897 0.5831818787 0.7335159746 0.7351120064 0.5372846731 0.6304263387 0.6278792022 0.6239516163 0.8694316029 0.868012805 0.8721216638 0.7238988885 0 0.6912774196 0.6877501213 0.6860924733 0 0 0 0 0 0 0 0.7709328085 0.766667871 0 0.6111669585 0.6154077766 0 0 0.6642999167 0.5766314336 0.6168995885 0.5770230681 0.5375575528 0.7811097159 0.7766617005 0.7777503977 0.7160414112 0.5955540316 0.7122119521 0.8598577655 0.6031251707 0.6017104046 0.5961421435 0.7045318196 0.7036071556 0.723219513 0.780680534
0.7713797685 0.8372759019 0.8372425524 0.8411150205 0.5399477825 0.5451245054 0.5531571318 0.7170998298 0.7186297677 0.7107194594 0 0.7105013019 0.5723277427 0.5124892504 0.5816597974 0.7109446706 0.7112956367 0.7108398489 0.8689020963 0.873662941 0.8708743847 0.6283870373 0.6235447031 0.6245320202 0.8717875876 0.8765001414 0.8706801241 0.7779001279 0.6858714978 0.6889297176 0.6832093891 0.6848584664 0.7057137492 0 0 0 0 0 0 0 0 0.5808491968 0.6591883065 0.6657568852 0 0 0.88808625 0.5855886571 0.5703270216 0.5760112786 0.8873142944 0.7718796875 0.8778703232 0.8920757278 0.8499374804 0.8510669597 0.8526353677 0.5974137392 0.5933064628 0.5859462793 0.5864806217 0.5881192738 0.5971123009 0.5971888448 0.8531033494
0.5711786002 0.8409008265 0.8396112973 0.8392219264 0.7751096125 0.5432050868 0.558736909 0.7201789466 0.71258689 0.7088768436 0.7019064022 0.7842794888 0.5795310332 0.8987662573 0.8699453313 0.7142213975 0.7104729636 0.525689875 0.5951422625 0.8639492397 0.6344883688 0.6237231353 0.6241497047 0.8571228766 0.6333265952 0.5633448247 0.7681284804 0.6352548159 0.6893217356 0.6810066139 0.6846715252 0.6908692631 0 0 0 0 0 0 0 0 0.7838644008 0.6599252865 0 0 0 0.5949511866 0.5545711657 0.5749059091 0.7244532789 0.8967773355 0.887203925 0.8774475823 0.8820965609 0.8823697978 0.8523235422 0.8429100709 0.8465235947 0.5983015705 0.5843988725 0.5842963521 0.592971152 0.5930333115 0.5937894231 0.5987703841 0.6810487808
0.7421844008 0.526715289 0.7712282108 0.7669626689 0.7687989592 0.7683927628 0.7671000223 0.7184894056 0.7173533087 0.7095434569 0.84782376 0.8397176524 0.8404797524 0.8407170774 0.7353393292 0.7132306551 0.7024955361 0.7023846789 0.7014927309 0.7313097629 0.7350416442 0.7357493207 0.7503309966 0.8577808883 0.8673474749 0.7826585841 0.7773360337 0.6313662289 0.6866555137 0.688104955 0.6836004099 0.6936845111 0 0 0 0 0 0 0 0 0 0 0.6694647102 0.6010347904 0.5914065403 0.5856358789 0.5933213844 0.7771093133 0 0.8207541459 0.8869433691 0.8791481881 0.8820182726 0.8897255534 0.8429986653 0.8503290206 0.8467118713 0.8187139982 0.823046895 0.8208471329 0.5897969039 0.7322308235 0.5961004926 0.5040092987 0.5947909828
0.5282096123 0.8991840794 0.595808084 0.7732737892 0.7646262503 0.7602007117 0.7646671994 0.7113417265 0.7083187869 0.7109574952 0.841527566 0.8387752277 0.7416984634 0.746012592 0.7378805843 0.7353842347 0.7066083641 0.7007754262 0.7086633914 0.7937172995 0.7935928425 0.7592316683 0.8421702952 0.7581860949 0.7255683598 0.6323433574 0.5289208735 0.5253650354 0.5146853123 0.5171547046 0.5123045703 0.6986749535 0.7017128313 0.6965392154 0 0 0 0 0 0 0.5815399677 0.5110149519 0.8961055969 0.7448475861 0.5556429674 0.6824217137 0.5917289397 0.7955999242 0 0.8250744841 0.7697629348 0.8874235731 0.8828973995 0.8884145155 0.858334912 0.8495431191 0.8256240527 0.8244988658 0.817944371 0.8229105357 0.8765670239 0.8776918967 0.7147009333 0.5940980224 0.5907492323
0.6071013835 0.7529555593 0.5927300766 0.5958467978 0.6641649851 0.666159796 0.6650870979 0.672791155 0.7070082895 0.7136134037 0.843402189 0.8419309136 0.8475452814 0.8666714184 0.7323082935 0.6953951313 0.7097349655 0.7052463412 0.5399812996 0.7854994519 0.5600398919 0.5522521833 0.5511351701 0.553624119 0.5592694319 0.6350379846 0.6269195888 0.5255542262 0.5204243358 0.5118870303 0.5146610515 0.5165134742 0.7009787639 0.6990157585 0.7077859991 0 0 0 0 0.8919471093 0.8936896899 0 0.500159805 0 0.8078282879 0.7979420134 0.6065234788 0.7689657065 0.5495271711 0.8480570923 0.5520358029 0.7634272853 0.8944377856 0.8956590692 0.8517715049 0.8199866832 0.857158813 0.8230278442 0.8242813084 0.8204914139 0.7111395543 0.8679271476 0.5973522 0.5925323499 0.7936903734
0.7536802423 0.5989136231 0 0.692695226 0.6624476895 0.6634452165 0.6664623467 0.7154901946 0.7088634269 0.7127950383 0.577658193 0.855322339 0.8560268839 0.6405180562 0.733908989 0.5265180171 0.5466793571 0.7952497067 0.7940531827 0.788771206 0.786954148 0.5543329414 0.5575539316 0.6249167022 0.6274928664 0.6311489339 0.6623904639 0.521784668 0.5167194578 0.5155805425 0.5203209043 0.5207479933 0.8092942283 0.5996101232 0.706939702 0.6408935825 0.6388656128 0 0.8972509154 0 0 0 0 0.8130035072 0.8088016112 0.8102821354 0.818322328 0.8210943583 0.5447584109 0.5459589647 0.9040161918 0.890096264 0.5596813164 0.828972902 0.8222260337 0.8284519762 0.6638066597 0.8356905776 0.8324317308 0.6694644659 0.6696152368 0.6683668604 0.5835382401 0.7969048279 0.7975007555
