landscape/hab_quality/256/simulation_000064_p058_h009_HABMAT_patch_more_500pix_modified.asc_ac_0.5_quality.asc
NCOLS 513
NROWS 513
XLLCORNER 0
YLLCORNER 0
CELLSIZE 9.980507
NODATA_VALUE NaN
[rows 84 to 111 of 513, columns 63 to 125 of 513]
0.519800625 0.8748035424 0.8414839716 0.5361071109 0.6617955855 0.7058523082 0.7328341214 0.7288764557 0.823084947 0.8250811951 0.836246924 0.7461341477 0.5660885848 0.619286111 0.60979666 0.6114374851 0.610733062 0.6202475988 0.6251197365 0.6262850398 0.5454103463 0 0.6039980741 0.5529600194 0.5452946581 0.5522709012 0.8977545403 0.8995612596 0.8098325176 0.8157735484 0.6278631936 0.8186164299 0.8237820752 0 0.7214177752 0 0.5283164421 0.6878125722 0.5892153231 0.596594074 0.8871834291 0.8850209176 0.8856514025 0.5347772632 0.8149213319 0.5305851755 0.6610438357 0.6535886466 0.6494916297 0.6406118751 0.6410515242 0.6485174794 0.6168850612 0.612299701 0.6885904482 0.6899354743 0.6919982864 0.6940168543 0.7368532423 0.6993692783 0 0.6535596201 0
0.6838349141 0.5249800903 0.5280245143 0.5589896001 0.7132167107 0.7094119472 0.736606074 0.7856186299 0.6557492917 0.8326748312 0.5495251999 0.6835905778 0.7882798904 0.6191815709 0.6152153625 0.6113222829 0.6140752068 0.6199971943 0.5348136551 0.5367015694 0.546094819 0.6936928557 0.699833503 0.5471332283 0.5446555554 0.5501974973 0.5218268666 0.6002676705 0.5965171866 0.6123896248 0.8167924521 0.550872487 0.8324779642 0.7494705919 0.8771346757 0.6874761249 0.6891625663 0.8506185233 0.7391929601 0.6477004112 0 0.6858860232 0.8923733596 0.6217633924 0.5286061272 0.6871744596 0.7117236869 0.6508723585 0.6492578361 0.6463744727 0.6448456003 0.6480401745 0.7945480502 0.6983127125 0.6891257048 0.6851585028 0.6888791844 0 0.8737713036 0.6571967146 0.6510946873 0.6458824036 0.7199014581
0.6774660604 0.6718143783 0.6743336063 0.8806117211 0.8595548457 0.8610859722 0.7120292582 0.787295219 0.576005045 0 0.7317189798 0.807568426 0.6270962474 0.8289743664 0.6293740107 0.6221570884 0.7887163586 0.5333267297 0.5314670218 0 0 0 0.7030497369 0.5463345132 0.5518669123 0.5524556921 0.5969954066 0.5944893118 0.6032134011 0.8415901909 0.6180746053 0.7242730742 0.6957100232 0.6620991278 0.6956304094 0.6934135918 0.6867162328 0.7322650263 0.5904384639 0 0.5967003655 0.6388044168 0.6144571032 0.6147707635 0.5361589372 0.5360128486 0.5394877185 0.6589580384 0.6494057204 0.649794605 0.6479776022 0.5108741816 0.7896076903 0.6986014005 0.7684531179 0.6852300523 0.6839501869 0.6861771144 0.6940876808 0 0.6509375834 0.6520226086 0.7145024272
0.676783193 0.6684969438 0.6613273075 0.6678537994 0.6218249784 0.7070962422 0.7034507474 0 0.6763154846 0.819783331 0.8697141476 0.7166619615 0 0.7964708734 0.6298862527 0.7870663045 0.7885922109 0.7826091342 0.5260655358 0.5234292028 0.5278434814 0.5290050165 0.5955258489 0.5523342463 0.5528331255 0.6690482081 0.8965240736 0.8930168269 0.8948737531 0.8964042607 0.5829359223 0.6942200939 0.6986485639 0.6801160596 0.6857815685 0.686197077 0.6849253667 0.6919886851 0.5886531428 0.5881207668 0.5889126772 0.6225504487 0.6235597873 0.6174718281 0 0.5451269552 0.543512917 0.7555382965 0 0 0.5587860301 0.8617612574 0.5837854293 0.7901309778 0.7660188968 0.7630425969 0.6763732293 0.7707261319 0.6921670591 0.6551292024 0.6526725059 0.7256238767 0.7163589408
0.6715719242 0.6664203794 0.6601552582 0.6616465208 0 0 0.7023319714 0.7044727614 0.5288265021 0 0.9123767053 0.6279288996 0.7137146741 0 0.7893308699 0.779973122 0.7823421124 0.7772800811 0.5283671159 0.5288855936 0.5291208256 0.532750464 0.5557099321 0.7490192226 0.7425822742 0.742094866 0.661031326 0.8881044965 0.8885734538 0.9002489399 0.696923521 0.6886656597 0.7729821728 0.6860212875 0.6788586841 0.6777410393 0.6862312456 0.5964408866 0.5926977981 0.5847557366 0.5917588982 0.6852171589 0.6918218128 0.6931714653 0.5964267221 0.8629861299 0.7791251996 0 0 0 0.8711500336 0.5631796017 0.6792275612 0.774878904 0.7703348061 0.7714897266 0.7620483315 0.7633526986 0.7634147964 0.523919885 0.7355539118 0.7242709917 0.720235034
0.6643267118 0.667782822 0.657695902 0.6608277734 0 0 0.8577862031 0.7118059403 0.8964305646 0.9025995935 0.5229704453 0.5147886989 0.7792327606 0.7916481754 0.7834157066 0.7809174736 0.7728370536 0.7811974703 0.6451710495 0.5647321941 0.5358746751 0.7003675321 0.5785552739 0.7498767476 0.7403940657 0.7486442253 0.6203714208 0.6130436147 0.6131445905 0.6208071872 0.6968632294 0.6938972947 0.6887645642 0.6825696616 0.6824174463 0.6817180477 0.6824981656 0.8827246754 0.5881149848 0.6792532264 0.7486907062 0.6846410161 0.6166093846 0.6164158277 0.7384242671 0 0 0 0 0.8737444319 0.7254171737 0.8851254996 0 0.7091370369 0.7142986009 0.548229963 0.8398950202 0.7544887971 0.5218701579 0.5189567443 0.7321096715 0.7259470373 0
0.6630577933 0.6547949112 0.6588741979 0.6604445426 0.6639469129 0.8618337539 0.5453989537 0.7027896159 0.63512431 0.9012780645 0 0.5134743912 0.5166706563 0.7867300908 0.7867214852 0.7741842364 0.7801508066 0.5558458889 0.5555498935 0.5567507349 0.5550614949 0.5591959511 0.5734653312 0.7485425359 0.7449310737 0.742942086 0.5414695889 0.6189235025 0.6109391005 0.6154733116 0.6309114595 0.5999066296 0.8625483513 0.8615832141 0.6906482909 0 0.6825465957 0.8863541456 0.8806460938 0 0.6779683966 0.6793890996 0.6796189314 0.6130886671 0.6087844246 0.6129999969 0 0 0 0 0.7133225654 0.7035704057 0.5606008869 0.7066923988 0.5385102018 0.5445588033 0.5423548967 0.5218043074 0.513665524 0.5139530385 0.7268864926 0.7336278056 0.7285114191
0.6565115267 0.6547893437 0.6560066413 0 0 0 0.8698053007 0 0 0.5343425547 0.5149972755 0.5096130776 0.6388464327 0 0.7798201721 0.7839266642 0.7757034408 0.5474015034 0.5488241083 0.5530314442 0.5507727543 0.5554211767 0.5668370451 0.5672869095 0.5743982627 0.5677055945 0.5318252683 0.6163516051 0 0 0.8453912965 0.6615267503 0.8669717959 0.8651318657 0.8698599531 0.7974770094 0.579212873 0.8869089771 0.8786615899 0.8705117876 0.6755232856 0.672394863 0.8207595715 0.8206794958 0.6055939551 0.6149691724 0.6165580064 0.8805939868 0.8802661079 0.7866196066 0.5118654871 0.7062884844 0.6970701839 0.6911724877 0.6926380323 0.5346268745 0.5443361667 0.5200169269 0.5235810246 0 0.6119974883 0.5745569289 0.6654105923
0.6598879043 0.6624683075 0.6568058126 0.6582094159 0.6594768286 0 0 0.6719576044 0 0 0.5114899959 0 0.509592737 0.5131572406 0.517069785 0 0.554472044 0.5448959106 0.5439434472 0.544984179 0.5617988762 0.559173701 0.5630845505 0.5641510565 0.5747289371 0.5664618548 0.7004833324 0.6989615265 0 0 0.7050737695 0.693314675 0.7072280519 0.7201603847 0.5157005297 0.5516068781 0.6315570811 0.8858473397 0.8714206275 0.869079904 0.8664018798 0.8254948846 0.8173370847 0.8207457072 0.8718492989 0.8737211761 0.8779719472 0.8790252702 0.8879065922 0 0.7147597132 0.7052320622 0.688656584 0.6910786538 0.6887717733 0.8189243505 0.8169286308 0.8167994409 0.8275288773 0 0.7720527466 0.7806481721 0.5531936251
0.7926438225 0.6669776792 0.6655766382 0.6586136396 0.6628855505 0.6724733255 0 0.6690844433 0.6649424103 0 0.6203381447 0 0 0.5170931629 0.6651075148 0.5628540017 0.5541057656 0.548695923 0.5520616706 0.5518070166 0.5531881474 0.5565406553 0.5587745171 0 0.565704304 0 0.6997040343 0.6970321795 0.695428641 0.6991876562 0.6925896407 0.702083061 0.7102014977 0.7088507813 0 0.6243527065 0.6292173707 0.6232013319 0.6213418627 0.8692112662 0.8709460654 0.8218358088 0.8241881353 0.8672983085 0 0.8706103309 0.8706530835 0.8792558038 0.8844494993 0.9045078587 0.8597928705 0.6839149814 0.686789181 0.6817253689 0.6863264675 0.8206778071 0.8132460453 0.8222812194 0.8252820704 0.7676819325 0.7706972709 0.778979638 0.7814649379
0.6726859763 0.6726752152 0.6689079787 0.6742808663 0.6663350446 0 0.670382729 0.6610446897 0.6624760156 0.8746592781 0.8722602502 0 0 0 0.7992876568 0.5913370344 0.5928000751 0.5521295393 0.55529664 0.5548220539 0.5607329334 0.5607002469 0.5648079926 0.5656539886 0.5743129949 0.5658549991 0.7048579923 0.7048148621 0.6950558513 0.6912545746 0.6927644815 0 0 0.6320503961 0.6269085851 0.6282796489 0.6231864316 0.6205558811 0.6263182391 0.5451405632 0.874840725 0.8306463184 0.8265797071 0.8685265124 0.8609031505 0.8692047173 0.8722146328 0.8863092606 0.8960176722 0.6956676105 0.685832523 0.688549402 0.6834245574 0.6871575961 0.6875520085 0.819052478 0.8201571011 0.8206022538 0.8307515119 0.7751352831 0.7727223606 0.5723659493 0.7707070097
0.6749383303 0.6804537768 0.6763266697 0.6786773795 0.6821768463 0.7793945665 0 0.6617935921 0.6671109727 0.8696244918 0.8712710554 0 0.8554990049 0.813511033 0.9072262858 0.6901561284 0.5849907964 0.5832391122 0.5707957269 0.5683285629 0.5651149724 0.5620397839 0.565008493 0.5733976287 0.5707653591 0.6538729386 0.5741307639 0.6808305075 0.6884843496 0.6853388523 0.8908545803 0 0 0.6351912993 0.6263185866 0.5013049712 0.6234353032 0.6252203156 0.6183071956 0.5575178502 0.8826193992 0.8793369685 0.8779403423 0.8685386612 0.8647627411 0.8708465919 0.8778476803 0.8816478058 0.8905385911 0.8929691682 0.68499374 0.6797633043 0.6883512476 0.6918659073 0.6924230405 0.827424592 0.7113925469 0.7128423392 0.7080701164 0.7953155996 0.7780461147 0.7742233777 0.7009821824
0.6830704165 0.6885173352 0.5973814523 0.6795172248 0.7145475012 0.7176884185 0.7272057816 0.8615788507 0 0 0 0.8505603554 0.8558780125 0.9124652646 0.9066345734 0.8976669177 0.5855163346 0.5777374026 0.5751492981 0.5686999331 0.5724058433 0.574767314 0.5728574064 0.5676136366 0.5978286979 0.6027002152 0 0 0.6798515504 0.6752164357 0.6804045424 0 0 0 0.6278068933 0.7295120804 0.6198508707 0.6168716545 0.6257463747 0.6218377214 0.8858087668 0.8790700541 0.8754666209 0.8686110999 0.8658589035 0.8838207327 0.8854193719 0.8864172715 0.8902401521 0.8948449257 0.6798223531 0.680105408 0.6815817067 0.6909848069 0.7262452763 0.7238237756 0.7145350531 0.7076536912 0.7155549235 0.7166839961 0.7056113561 0.6962204502 0.7027163357
0.6967857742 0.6899331751 0.6906956345 0 0 0.7146248507 0.7807796274 0.7644668022 0.6383020719 0.6711281992 0.8562099761 0.8538662469 0 0.8659778603 0.9058885507 0.5861296878 0.5824013338 0.575903225 0.5742679648 0.57727607 0.5786561497 0.5777455271 0.5792985555 0.6052517516 0.6052879226 0.6039208286 0 0 0.6785050032 0.6726724264 0.6745807588 0.6881618004 0.6975855211 0.8778484361 0.8399148292 0.6183951663 0.6174495214 0.6172457573 0.6202178746 0.7313864704 0.8870646265 0.879262142 0.8774330588 0.8727049291 0.8703582307 0.8947712675 0.8895852816 0.895474204 0.88909633 0.8940138866 0.8957771948 0.6875506494 0.6869728899 0.6902321752 0.7221534094 0.7207771089 0.709053964 0.714837023 0.7149052404 0.7200915717 0.5751369832 0.705151638 0.7444284825
0.7058463714 0.6937574013 0.695470497 0.6983513283 0.6830121066 0.7754024255 0.7796668488 0.7574229192 0.7500522549 0.7513069488 0.7502588169 0.7585071165 0.9059201392 0.8978390546 0 0.5843237619 0.8198498971 0.5836042181 0.5770479974 0.5834947269 0.5826876672 0.5814203133 0.5810952232 0.7313938983 0.5838222689 0 0 0.6853847228 0.6800222627 0.6769652343 0.6775660367 0.6825996238 0.6901014512 0.8552779882 0.8530048219 0.8485695618 0.6175537 0.7148581991 0.7224106106 0.7173758416 0.7252571554 0.8824418775 0.8796969888 0 0.9033865534 0.8955260791 0.8986574549 0.8913100435 0.8060358412 0 0.8054417438 0.8136494922 0.6965557896 0.6937738295 0.7283455619 0.7245718405 0.7216389697 0.5509091292 0.6119872841 0.6156319618 0.831307138 0.6516990354 0.6548259041
0.5763007038 0.5732608007 0.5752674764 0.5781469012 0.7788657407 0.7848179783 0 0.7549706272 0.7454038169 0.7459918188 0 0 0 0 0.585651796 0.5935430106 0.5917109685 0.7824255089 0.7848272738 0.7848728146 0.7866060305 0.5886262493 0 0.8397838501 0.6014661183 0 0.6881714581 0 0.6863910973 0.6789840135 0.6843689845 0.6854247041 0.7401216385 0.8524680563 0.8479568862 0.8502277972 0.7276956186 0.7147691854 0.7142450295 0.7186159448 0.7253119536 0.7258794605 0.8829464194 0.8800954282 0.9020559642 0.8969355821 0.9000164406 0.8070406789 0.8066710009 0.8025620842 0.8049839795 0.813475257 0.6950530036 0.7038472142 0.7260103513 0.5616818066 0.6034159972 0.6208611115 0.6124524829 0.6176803706 0.649241199 0.6455592174 0.6542423989
0.5646323415 0.5668342682 0.5696868142 0.5714424445 0.7861894868 0.7929808968 0.7579606626 0.6936387397 0.7505409797 0.7429712701 0 0 0 0.7432564136 0.7599450629 0.5548752023 0.5600528585 0.5571375813 0.7775731245 0.7802643043 0.5470957936 0 0.5980079694 0.7823184786 0 0 0 0 0.693484951 0 0 0.6914751917 0.8518703322 0.8415724289 0.8447505088 0.8441469067 0.6533420061 0.7226163847 0.7226719695 0.7191259648 0.7276214794 0.5704875542 0.9172913699 0.9094245804 0.9083086087 0.9025867356 0.8996562785 0.8166424301 0.8100304653 0.8060946769 0.8032580007 0 0.7703955522 0.7903826503 0.5669092246 0.5646320194 0.6628617611 0.6663329557 0.6188243116 0.6982918234 0.6957898347 0 0.6484787642
0.5629131661 0.5615375773 0 0.5704991077 0.5661043613 0.5716989699 0.7864505723 0 0.7512278125 0.7371572168 0.7346136979 0.735904368 0.7372060736 0 0 0.5589118269 0.5532239046 0.5550943163 0.782640547 0 0 0 0.627161024 0.8742888123 0 0 0 0 0.6946315068 0 0 0.8241412482 0.8307329812 0.8489663008 0.8395369252 0.8471387628 0.6511943341 0.6452233281 0.6458262039 0.6584438246 0.5726523045 0.5797282185 0.9168268612 0.9191864202 0.914688553 0.8128669102 0.8123065703 0.8106262735 0.7889027094 0.8150976463 0.8014039134 0.7538940707 0.7280487181 0.7640057759 0.577072308 0.7355116553 0.6599299211 0.7014858298 0.8363507036 0.7048345535 0.5389448192 0.7043496655 0.6065513725
0.5601482369 0.5590177165 0.5603446006 0.5640316969 0.5685523876 0.5480891789 0.5506259906 0 0 0 0.7341663686 0.7389968956 0 0.7122294822 0 0 0 0.5584804742 0 0 0.5101892687 0.8911681689 0.6161285026 0.6233725944 0.6292930483 0 0.6181291093 0 0.6987500791 0 0 0.8224778291 0.8316439673 0.526741297 0.8491684337 0.8488229623 0.6470481861 0.6537024503 0.6534611215 0.7312327315 0.732411407 0.5801862995 0.9237564714 0.9217880272 0.6839855935 0.8176183907 0.5563677094 0.8123254688 0.8028190546 0.793731226 0.8529637967 0.7606477696 0.7571157242 0.6021502276 0.8709969647 0.50723981 0.5310116657 0.6367858662 0.6004186331 0.5586139616 0.8176890577 0.6957359584 0.7154086876
0.5591773189 0.5583402301 0.5607852762 0.5692226232 0.571717018 0 0 0.5460726681 0 0.7421490039 0 0.7389063671 0 0.7765779289 0.7709594407 0 0 0 0 0.5867735933 0 0.6547822778 0.6552396818 0.6595598782 0.6275104025 0.6312499729 0.6127957951 0 0.7084021496 0.7000851716 0.8153796773 0.8202236256 0.8312003806 0.8546083311 0.8082535033 0.8029660573 0.674787268 0.519044114 0.5246352574 0.7326408727 0.7268755841 0.7338784125 0.662127842 0.522723744 0.6883893086 0.8878158814 0.8866416915 0.7941170163 0.8020745589 0.794690347 0.5102716215 0.7532281108 0.6769749596 0.7586288959 0.7067422271 0.5367655944 0.8110819982 0.803742786 0.6202519792 0.7679051596 0.5140379461 0.5402831451 0.6913972733
0.566010501 0.565786171 0.561522857 0.5702571333 0 0.7653144796 0.5504365792 0.5532557088 0.647420729 0 0.64893509 0.65891058 0 0 0.7696389064 0.6798049134 0 0 0.5316401072 0 0.512724512 0.617838033 0.6510215148 0.6591891131 0.5776122253 0.807492597 0.7969107548 0.7263721453 0.8170018296 0.8089258352 0.562202703 0.8179841785 0.8237975994 0.8150064633 0.8181177066 0.8260576091 0.8275765688 0.516893994 0.8428336546 0.7309022494 0.7286925916 0.5213868681 0.8829705965 0.7810231341 0.5759457288 0.8808739828 0.8852811933 0.7919442606 0.7870881334 0 0 0.5490124013 0.7416680605 0.8489576214 0.7054672064 0.7058894897 0.6912745361 0.5830009952 0.5665298427 0.6811258254 0.6439097267 0.5314585367 0.5776585827
0 0.5739787895 0.5746015824 0.5884245272 0.5786818002 0.5491819062 0.5474633423 0.8359820457 0.6454165715 0.6401723712 0.6468623132 0.6549400501 0.8987870484 0.7705961847 0.7682808523 0 0 0 0.577318756 0.5560127714 0.8831452056 0.7921196971 0.6571197499 0.6516461236 0 0.6261490682 0.7942284042 0.6154586712 0.8140572284 0.8135485891 0 0.6003196497 0.5271944546 0.5308560353 0.8201233955 0.8198528267 0.8192638737 0.7611418232 0.6163713402 0.5644609968 0.5738983939 0.5690242409 0.5716489834 0.865652046 0.8661306609 0.8800442231 0.8815964917 0 0 0 0 0.7887273605 0.855397622 0.5469417681 0.7017917842 0.8920394469 0.5686468952 0.564123323 0.5642239362 0.5650798364 0.5659309634 0.5707251585 0.5625566787
0.5823933467 0.5836766089 0.5770559235 0.7971911569 0.6348507626 0.5456186448 0.9034637224 0.8215608743 0.6402196066 0 0.6486850423 0.8630498625 0.7289189196 0.8923573623 0 0 0 0 0.5798862893 0.511286688 0.7390179239 0.865961013 0.8755767701 0 0.8046588929 0.8050528934 0.7118843117 0.6170689605 0.6101744311 0.6148978874 0.6177322151 0.5234655481 0.5236124156 0.527026734 0.5383914109 0.8227706724 0.8233422096 0.8213772838 0.556679028 0.5583205347 0.5748311776 0.5720398868 0.5660408205 0.8594569684 0.858998774 0 0.889253857 0.5029922899 0.794072445 0.7852543218 0.7852781214 0.6024789487 0.6918859806 0.7011667263 0.7007177408 0.8948231032 0.8852017147 0.5601326055 0.5559552421 0.5572372382 0.5632791444 0.5625012285 0.5241608031
0.5890026567 0.5875773837 0.7865431115 0.5822787089 0.9003036063 0.899236908 0.8966088404 0.8992783203 0.826924644 0 0 0.5418529793 0.8908635607 0.8882192117 0.8965774895 0 0 0 0 0.7014136403 0.5385853084 0.8827326548 0.7012433463 0.8018662761 0.7974539088 0.8003618396 0.8006032703 0.6188641422 0.6157662302 0.6083110302 0.6152866038 0.768815382 0.5900113013 0.5306468033 0.5366519622 0.8708778285 0.8773899747 0.5848709784 0.5586487337 0.5628032843 0.5732837521 0 0.8657425205 0.8571040016 0.8573032756 0.8616589508 0.6809767809 0.8165062622 0.7925938081 0.7927795264 0.7884844961 0.6061432863 0.8209199701 0.7097523804 0.7017591508 0.7540646855 0.5633161406 0.5562574419 0.5580565957 0.5629354993 0.5582547396 0.5608836749 0.5471466385
0.596527853 0.7087136555 0.6950659568 0.7011892129 0.6927991754 0.6155944003 0.8959913599 0.8980212111 0.8351356173 0 0 0.8897687833 0.885212052 0.8902783997 0.8380093894 0.8390098599 0.838608213 0.5377695214 0.5275058183 0.5337757839 0.5355496328 0.7865632851 0.7946150518 0 0.7946481228 0.7968715045 0.8076647305 0.6114291674 0.6079799947 0.6080301597 0.6117189547 0 0.7840247867 0.8097461385 0.8677965056 0.8779979296 0.8704158376 0.8741854639 0.8772091449 0.8759029196 0.8647409402 0.8643811526 0.8615859371 0.856840618 0.8643150912 0.8763276179 0.5145915198 0.666926369 0.8236397353 0.6127503495 0.8772251023 0.8718284435 0.8715508596 0.5168209226 0.5174092502 0.5134642503 0.5655223532 0.5652971855 0 0 0.5676116998 0.5575672999 0.5488913786
0 0.8898237806 0.7020488854 0.6920516058 0.6938239629 0.6974393368 0.550470709 0.904349021 0.7873025165 0.6523323543 0.8280227007 0.8890079472 0.8192136044 0.5954073521 0 0.8316694112 0.5302034049 0.529676164 0.5256867615 0.5286482977 0.5367656868 0.785635777 0.7833634535 0.7852947661 0 0.8037603087 0.8355222895 0.6053663896 0.602971107 0.6094444932 0.6162632926 0.7868014298 0.7558231023 0.8894731211 0 0.8626717859 0.8680479392 0.8608491906 0 0 0 0.8581935779 0.8549036683 0.8573565587 0.8664312546 0.8571063681 0.8603098463 0.8640070443 0.751060573 0.8784027793 0.8692045199 0.5322808914 0.5271047372 0.5211062425 0.5113549666 0.6152807155 0.566657438 0.5657019733 0 0.7307814516 0.7181179808 0.6263331196 0.8615603378
0.5043345716 0.7141827385 0.6941445414 0.7001086765 0.69611617 0.7099934061 0.7053165419 0.6980704931 0.7277392238 0.7221630587 0.8278813986 0.8235927917 0.8183444481 0.8161890926 0.8386367459 0.8359523367 0.5229994547 0.5212751562 0 0.7622469881 0.760608051 0.7902438832 0.7832071319 0.783809777 0.7920124643 0.7942048944 0 0.6114733174 0.6112201842 0.6070273525 0.6137854691 0.7219566098 0.7300214337 0.6113569883 0.8807092265 0.8638070233 0.8603435538 0.8604996214 0.8609086872 0 0.8489557922 0.8523770978 0.852519569 0.860916846 0.8697838769 0.8561954881 0.8563363934 0.8495462587 0.8070592273 0 0.8026891145 0.5349451837 0.5280378066 0.5202528328 0.5121511329 0.5208133648 0.5420975502 0.6726024541 0.7285069362 0 0.7096464421 0.7090836895 0
0.5116725648 0.7136360036 0.7061592587 0.7022876324 0.707916173 0.7165478808 0.8267034653 0.7807308977 0.7227188952 0.5361210206 0.5349520922 0.5327940014 0.8224461302 0.8163929885 0.6319560016 0.6280582828 0 0.5226834131 0.5214913956 0.5283800472 0.5344529647 0.7849749575 0.8589737041 0 0.6867466793 0 0.6166624312 0.80477557 0.612148954 0.6072342957 0.6089012487 0.731109576 0.7653309422 0.8780519335 0.8764647158 0.8720301585 0.8627687826 0.8598088911 0.8546347323 0.8499079905 0.8442705561 0.843542318 0.8482978755 0.8587326426 0.8443776939 0 0.847278823 0.849789294 0.860830803 0.7977968529 0.7980645422 0 0.5251895572 0.5881492273 0.5258662676 0.5323651071 0.8576092882 0.7995741896 0.8001124013 0.7125274215 0.7063384366 0 0.707619092
