landscape/hab_quality/256/simulation_000056_p051_h034_HABMAT_patch_more_500pix_modified.asc_ac_0.5_quality.asc
NCOLS 513
NROWS 513
XLLCORNER 0
YLLCORNER 0
CELLSIZE 9.980507
NODATA_VALUE NaN
[rows 392 to 419 of 513, columns 372 to 433 of 513]
0 0 0.5172111911 0.5130887392 0 0 0 0 0 0.8610704667 0.7772410562 0.771161505 0 0 0 0 0 0 0 0 0 0 0 0 0 0 0.6660899223 0.6704590277 0 0 0 0 0.8113290456 0 0 0 0 0 0 0 0 0 0.5142239679 0.5049431109 0.8346120912 0.7408520956 0.7450866282 0.6966238559 0.8219609087 0 0.5727237731 0.5671494053 0.5691955336 0.5999489315 0.5828512381 0.5826554866 0.5856910598 0.5770232626 0.8880481596 0.8854017699 0.8946000991 0.893679479
0 0 0.6672839765 0 0 0 0 0 0 0 0 0 0 0 0 0 0 0 0 0 0 0 0 0 0 0 0 0.7086005896 0.6994565551 0 0 0 0.5646383399 0.610978096 0 0 0 0 0 0 0 0 0 0.5286484379 0.505447574 0.595101088 0.6521969391 0.5124649547 0 0 0.5644137508 0.790377118 0.6512204888 0.6453846858 0.5549405714 0.5489646515 0.5797804001 0 0 0.8927750385 0.8884916549 0.5133257604
0 0 0 0 0 0 0 0 0 0 0 0.5848585626 0 0 0 0 0 0 0 0 0 0 0 0 0 0 0.6885967601 0.691564556 0.6936908861 0.8920603567 0.5040177611 0.7936324653 0.8444564524 0 0.5456558758 0.7541491193 0 0 0 0 0 0.6802474995 0.6716388858 0.5688247936 0.6603219391 0.8675526253 0.771744055 0 0 0 0.556902544 0.5570191762 0 0.6438974343 0.5513256141 0.557978477 0.5221917524 0.5217845786 0 0.60593468 0.7605695347 0.6033768557
0 0.7331881101 0 0.7123381993 0.7130258543 0.7689819112 0 0.6342104173 0.8721222182 0 0.6128386286 0.5250675725 0.7922426128 0 0.8677798496 0 0 0 0 0 0 0 0 0 0 0 0 0.6876404693 0.6969002533 0.7225274378 0.7215969448 0.7314665972 0 0 0 0 0 0 0.7645740157 0.5959941637 0.6677299413 0 0.6663606644 0.884440179 0.5520475888 0 0 0 0 0 0 0.5504060602 0 0.6510301914 0.8781089324 0.8673013324 0 0 0.5211665028 0.5194766649 0.518563245 0.5271327012
0.5904931548 0.841221315 0 0 0.8582692908 0.8430394721 0.6578732101 0.6557474459 0.6303501091 0.6481227224 0.6547666002 0.6580249405 0 0.75085372 0.7594526709 0.8706059039 0.7277817107 0 0 0.7645128607 0 0 0.526742255 0 0 0 0 0.5242246175 0 0.542309042 0.7147298907 0.7133744766 0.7136115552 0.8647552631 0.6348851068 0 0 0 0 0.8134522371 0 0.6627192641 0.6648405799 0.5524747864 0.5452954825 0 0 0 0 0 0 0 0 0.8807505236 0.5503629342 0 0 0 0.5138560738 0.5165700937 0.5224457619 0
0.5162172252 0 0.8379927056 0.8553906504 0.8905561773 0.8483870462 0.7764118813 0.6554371789 0.647080008 0.647073643 0.6560214465 0.6487420863 0.6488916087 0.6587356559 0.631939128 0.800872247 0.8472951878 0.7710020321 0.7623054212 0.7643058844 0.5248524057 0.5259064172 0.5229749075 0.5267267266 0.8555298617 0 0.521726283 0.5262464447 0.5342737177 0.6572766395 0.542138093 0.7156497245 0.8358232878 0.6834126214 0 0.8696210642 0 0 0.5660469823 0.5298980267 0 0 0.5812263263 0.759655319 0.5515851286 0 0 0 0 0 0 0 0 0.5316512595 0 0 0 0 0 0.5196935193 0.5173122947 0.5305324769
0.6365620482 0 0 0.6612881406 0.8895006699 0.8825922602 0.8827164074 0.6638440247 0.6545344338 0.6468396709 0.6464496881 0.6529526353 0.8015717224 0.6587861256 0 0.8094279795 0.8678686629 0.7702207907 0 0.7696501372 0.5246562493 0.5177091516 0.5260154552 0 0.6410998726 0.5235553765 0.5309928811 0.5312991962 0.5264577128 0.5390821899 0.6978275269 0.5046574343 0.7956048087 0.6033137412 0 0.8463313537 0.5652363742 0 0.6422634287 0.5642822251 0 0 0 0 0 0 0 0 0 0 0 0 0 0 0.522150349 0 0.5124242359 0 0 0 0 0.5368694112
0.7521349742 0.747460296 0.8719869366 0.8843474821 0.8838655427 0.8854770926 0.8849313107 0.6563917119 0.6590760601 0.6503616998 0.6520039988 0.6500681524 0.6573859176 0 0.714730866 0.7047023562 0.7178262715 0 0.535556442 0.5213372561 0.5173471321 0.5167093493 0.5158825194 0.631749228 0.6329423821 0 0.5324583824 0.87452438 0.5436025776 0.5515037875 0.8232760385 0.5510640062 0.7915632359 0 0 0 0.7364756079 0.5553844753 0 0 0 0 0 0 0.7281511339 0 0.7285867039 0 0 0 0 0.6223796435 0 0 0 0.518885352 0.5150869926 0 0 0 0 0
0.7444475593 0.6579256592 0.7430786131 0.8631564587 0 0 0 0.7910874597 0.5209621836 0.6550987587 0.6565146333 0.6518636715 0.6857406439 0.7156531198 0.7197693342 0.7121287513 0.8343704011 0.5387973016 0.5352154534 0.5260284764 0.520268077 0.511455789 0.5180814433 0.6268075742 0.6340542851 0.6339544608 0.8674373685 0.5759060848 0.5481118179 0.5427647518 0.5466221943 0.5467338073 0.819931664 0.5526937927 0 0.5518088287 0.550753474 0.5525758745 0 0 0 0 0 0 0 0.7251308395 0 0.742038071 0 0 0 0.6190209052 0 0 0 0 0 0 0 0 0 0
0 0.7417059638 0.7474717165 0 0 0 0.5698765517 0.8277185155 0.6651823541 0 0.5733255778 0 0.5721727023 0.5693903056 0.7135427518 0.7131105577 0.7181344932 0.5364617392 0.5325577867 0.5286885033 0.513287322 0.5204231297 0.5159884379 0.5207776564 0.6317365403 0 0.5758111848 0.5762247913 0.6365373385 0.5444678222 0.5456924351 0.9227534708 0.5501355759 0 0.5440641709 0.5451639779 0.5598063931 0.5565735666 0.5654831711 0.7914190336 0 0 0 0 0 0.8887388908 0 0 0 0.8224960233 0.7255370822 0 0 0 0 0 0 0 0 0 0 0
0 0.8274438188 0.7423205688 0 0 0.7346829284 0.721413971 0.5636087385 0.5668742345 0.5621930842 0.5778742271 0.5513093586 0.6906390125 0.7189905015 0.7160471887 0.714070329 0.7122449049 0.7045030347 0.5312910638 0.5333685568 0.505500635 0.5207700331 0.5258185554 0 0.6200331343 0 0.5695474166 0.5751146699 0 0.9134356594 0.9135054496 0 0.7316480697 0.5448885479 0.5469829389 0.550126632 0 0.5624022893 0 0.5058096855 0.6117501386 0.6034376989 0.6126696242 0 0.9022816371 0.9067129926 0.8988943331 0.9050108425 0.6656284216 0.6669546856 0 0 0 0 0.6703942432 0.6780189595 0 0 0 0 0 0
0 0 0.7423386905 0.745331007 0.77339878 0.7279027699 0.5033546273 0.7158343024 0.5570140211 0.7027994865 0 0 0.8811850205 0.8863581246 0.7978900047 0.8812381756 0.8790272183 0.8885868108 0.7088223853 0.6468942155 0.6391360988 0.6442822877 0.797038017 0 0.6201930174 0 0 0 0.9142367421 0.9118429054 0.9166043743 0.9202261567 0.8055015657 0.5520923411 0.5512841512 0.5572531317 0.5526576874 0.5546515329 0.5000219048 0.6596175145 0.6093139212 0 0.532331221 0 0 0.901071536 0.8001059577 0.6578613825 0.667857575 0.6698342691 0 0 0 0 0 0.6784728164 0.7289977943 0.5026906917 0.6404392258 0 0.6163238267 0
0 0 0 0.7112729026 0 0 0 0 0.5612344737 0.5584739374 0.8743509653 0.876040009 0.8714321325 0.8776409963 0.8785435398 0.8850633584 0.8869488713 0.8916932441 0.8526513528 0.5800176219 0.640994239 0.6481111056 0.8839765529 0.8581762186 0.7571660012 0 0 0 0.9194954683 0.9099022822 0.9105179038 0.833085866 0 0 0.5564170377 0.5551576634 0.5596066959 0.5542253375 0.558887015 0.5001600083 0.8616346141 0.6083114736 0.611762517 0.7018103005 0 0 0.9061292596 0.6655297351 0.6624497909 0 0.5780033619 0 0 0.5665286736 0 0.7332719827 0 0.6494005546 0.780525894 0.6422743652 0.7722963566 0.7363491745
0.5734665591 0 0 0.8888339717 0 0 0 0.8957031525 0.803745775 0.8857561804 0.8836329364 0.8741151982 0.8777716464 0.8705329855 0.8709932534 0.8838110877 0.8869835745 0.6562105789 0 0 0.6205477428 0.725947265 0.6372419229 0.57416081 0 0 0 0 0.8969930649 0.8975822976 0.9045875738 0 0.5735675975 0 0 0 0.5568358404 0 0 0.576267904 0.5750433695 0.893460356 0.7586167428 0 0 0 0 0 0.7407832392 0 0.6815806584 0 0 0.7079952671 0.7384170913 0.7368562338 0.6922672179 0.6985275816 0.6480225983 0 0 0.8901309025
0 0.6785943762 0.5608408785 0.5527780894 0 0 0 0 0 0.8043641092 0.6345907733 0.8771739883 0.8785829628 0.8767315709 0.8717333865 0.8887196293 0.8927898274 0.6015184971 0.6113693445 0.6109129039 0.6191054214 0.6202036586 0.6365365509 0 0 0 0 0 0 0.8960828811 0.9055603934 0 0 0 0 0 0.5661575937 0 0.815185753 0.6115638042 0.5712202961 0 0 0 0.7977377579 0.5781822888 0.6099109044 0.7417000701 0 0 0 0 0 0 0.5057933013 0.8209333443 0 0.6928380657 0 0.8347860544 0 0.6467490304
0 0 0.7743712847 0 0 0 0 0 0 0.8118211747 0.7910476135 0.6445857791 0.8791525368 0.8833103391 0.8851069385 0.8795368721 0.8976406984 0.8937578953 0.6135618011 0.7951309967 0.6198413057 0.6297442163 0 0 0 0 0 0 0 0 0 0 0 0 0 0 0.5859166112 0.7168042932 0.5739352728 0.5284701369 0 0.8082195657 0.5111116341 0 0 0.7008069649 0.6028623035 0 0 0 0.6759063056 0.719490742 0.7268948866 0 0.7819209438 0.5061640099 0.8880848702 0.8397036646 0 0 0.8290442793 0.820550731
0.7196868168 0 0 0 0.8810392054 0.627255354 0 0 0 0 0 0.7816684203 0 0.880122876 0.8855364771 0.6419197629 0.8997620943 0 0.6420566811 0.6405502919 0.6276914413 0.6269613104 0 0 0 0 0 0 0 0 0 0 0 0 0 0 0 0.8886143142 0.8609886042 0 0.8138829685 0.8079161497 0 0 0.5755523438 0.6876038929 0.5981007312 0 0 0 0.685569505 0 0.7427592593 0.6157355266 0 0 0 0 0.8334602219 0 0 0.8250521839
0.8519877418 0 0 0 0.609655465 0.6193536226 0.6253328168 0 0 0 0 0 0.7864514467 0.8835054706 0.8817532063 0 0.8910593138 0.6434524236 0.6368229785 0.6404254284 0.7322625558 0 0 0 0 0 0 0 0 0 0 0 0 0 0 0 0 0 0 0 0.8096218503 0.8147872164 0.890078134 0.7616490176 0.7381688455 0.6287585215 0.8100250259 0 0 0 0.6778399827 0 0 0 0 0 0 0.8431323749 0 0.8389936248 0 0.821715688
0 0.8281984052 0.8296722375 0.8324534186 0.8299260891 0.7143323413 0.6324418176 0 0.6280095653 0.7596662429 0 0.7710032517 0 0 0.8851911799 0.8459752093 0 0.8861622002 0.6374345599 0.645424696 0 0 0.7067617214 0 0.6633395839 0 0 0 0 0 0 0 0 0 0 0 0 0 0 0 0.822567368 0 0.7389736634 0.7354379439 0.7408484386 0.6190472652 0.5654912425 0.508061849 0 0 0 0 0 0.7922816441 0 0 0 0.7549397362 0.750165419 0.5882817084 0 0.5935179431
0 0.8199416226 0.8220895314 0.8227039136 0.8461403271 0 0.6313518247 0.6257056577 0 0.6011810326 0.5686671628 0 0.5653279961 0.7154251142 0 0.8382993184 0.8870137186 0.8939439996 0.888558604 0.6393522399 0.6062614934 0 0 0.6057240481 0 0 0 0 0 0 0 0 0 0 0 0 0 0 0 0 0 0 0 0.7434493224 0.7394116548 0.7468276636 0 0 0 0 0 0.6918576617 0 0 0 0.7205948264 0.7661179069 0.7573246737 0 0.5793954225 0.5809164026 0
0.8215064821 0.8229054261 0.8178713106 0 0.846126202 0 0 0.6326829937 0.6290554874 0 0.5649285056 0.5644056111 0.5698904038 0.8403416034 0.8345545983 0.8373520803 0.8473308308 0.6238521659 0.6071106091 0.6033602671 0.6014799342 0.7504732366 0 0.6146487599 0 0 0 0 0 0 0 0 0 0 0 0 0 0 0 0 0 0 0 0 0 0 0 0 0 0 0 0 0.6895487253 0 0.7122884881 0.707968681 0 0 0 0.7844611056 0 0.8648082125
0 0.8151126372 0.8218681033 0.8200536322 0 0 0.6373749799 0.629644161 0.6342173023 0 0.5398105247 0 0.5329484811 0.532705888 0.7910745883 0.8442437122 0.8535397994 0.5741216996 0.6158061324 0 0.6082151257 0.5995961749 0.6082707552 0.5730365841 0.5675110208 0.5760753102 0 0 0 0 0 0 0 0 0 0 0 0 0 0 0 0 0 0 0 0 0 0 0 0 0 0.6980129626 0.6890983716 0 0.7033738712 0.7477200255 0.6044534361 0.6056258212 0 0.8564857348 0.8057768198 0.8639237012
0 0.8185817371 0.8191034819 0.7429573477 0 0 0.883833349 0.6314870583 0.6321502589 0 0.5414522114 0.5341573293 0.5308021516 0.5376803051 0.8146538235 0.8519558347 0.6618830239 0.622796368 0.6171567877 0.6199840412 0.607419747 0.6069439773 0 0 0.5638659505 0 0 0 0 0 0 0 0.8459689988 0 0 0 0 0 0 0 0 0 0 0 0 0 0 0 0 0 0 0.7147458535 0.9083871379 0.686965709 0.8547279379 0.8626874745 0.6141228487 0.6072034968 0.5999044923 0.5990948048 0 0.8738345113
0.8331926901 0.8216564973 0.8280040654 0.7300474 0.8195219269 0 0.6325555238 0.6408360665 0.6341429839 0.5852428267 0.5399492362 0.5322536863 0.5391389744 0.5345077135 0.8603162049 0.7396975758 0.7313691253 0.8235469213 0.8718010571 0.8331005502 0.8401151912 0.8331776174 0.8343633655 0.7968437826 0 0 0 0 0 0.5393237417 0 0.8479221476 0.8383496679 0 0 0 0 0 0 0 0 0 0 0 0 0 0 0 0 0 0.7719848366 0 0.689753039 0.6888056621 0.6525903421 0 0.6012027855 0.6218366599 0 0 0 0
0 0.841298305 0.8045117263 0.6912986543 0.6927296613 0.7586911484 0.8526346603 0.7459091347 0.7547097551 0.7514013443 0.874751759 0.8773565796 0.6017568098 0.6085312806 0.6796197966 0.6769226063 0.6898189083 0.8971237865 0.8274243921 0.8255472064 0.841708988 0.8371619482 0.7262592306 0 0 0 0 0 0 0.7318210518 0.5449391162 0.8460993273 0.8472513072 0 0 0 0 0 0 0 0 0 0 0 0 0 0 0 0 0 0.7627646849 0 0.8405384921 0 0.6595967467 0.8387334079 0.5997540684 0.6152684125 0 0 0.9243753836 0
0 0.8019137057 0.8049248554 0.6832969055 0.6874239618 0.9309815307 0 0.751380694 0.7463115715 0.7114703628 0.7472646836 0.7443157921 0.5974858183 0.5185919973 0.9089495742 0.9137203084 0.9027642667 0.8961855474 0.8965456371 0.9025877578 0.8160789899 0.8152229867 0.8233506981 0 0 0 0 0 0 0.7987836392 0 0.7559811013 0.7448401957 0 0 0 0 0 0 0 0 0 0 0 0 0 0 0 0 0 0 0.8327613461 0.8283790668 0.8490316668 0.7520430351 0.7544923076 0.5566783458 0.6076618182 0 0 0 0.9205170605
0.8017058868 0 0 0.687319915 0.928000555 0.9241936921 0.8891690605 0.8022547787 0.8013480206 0.8055045303 0.6042572807 0.7740959259 0.6141068831 0.5643551689 0.5671260341 0.9076536529 0.9048593748 0.8978585559 0.8959480793 0 0.8175567371 0.8136395771 0 0 0.6991722183 0.6174673304 0.6127233668 0 0.5288215591 0 0 0.691480591 0 0 0 0 0 0 0 0 0 0 0 0 0 0 0 0 0 0 0 0.8251183966 0 0.7497073376 0.5206318007 0 0 0 0 0 0 0
0 0 0 0 0 0.9206667627 0.9176174178 0 0.798922009 0.8055384179 0.8023522816 0.6985709564 0.7083585796 0.5632202529 0.5666860283 0.5670307662 0.7364222374 0.903581693 0.9051775271 0 0 0.8179719152 0 0 0 0.6037969241 0.5141471824 0.6096241305 0 0 0 0.7321209929 0 0 0 0 0 0 0 0 0 0 0 0 0 0 0 0 0 0.5507086854 0.7476137344 0.7474048166 0.740476675 0.7489915316 0.8983398386 0 0 0 0 0 0 0
