landscape/hab_quality/256/simulation_000012_p058_h094_HABMAT_patch_more_500pix_modified.asc_ac_0.5_quality.asc
NCOLS 513
NROWS 513
XLLCORNER 0
YLLCORNER 0
CELLSIZE 9.980507
NODATA_VALUE NaN
[rows 348 to 376 of 513, columns 396 to 461 of 513]
0.6071693212 0.7375857176 0.6191763108 0.8017045888 0.6164706026 0.602659663 0.7495240405 0.7405898493 0.7962735338 0.7958433146 0.8038709574 0.9046647682 0.9043311578 0.8870925571 0.8886577474 0.8937447004 0.8974548845 0.8015947863 0.5931371953 0.5848421777 0.5915435507 0.5167954047 0.7122187279 0.7695376744 0.6039864503 0.8883431163 0.7094375283 0.672705052 0.674842473 0.6726070508 0.6849626541 0.6817622752 0.7970415918 0.7946737352 0.7939134694 0.7618608535 0.7613615733 0.7700748031 0.7756253574 0.7747230327 0.6349293108 0.7128581979 0.7523603664 0 0 0 0 0 0 0 0.5474976886 0 0 0 0.6148168415 0 0.6723982897 0.6704445251 0.6794607161 0.8634849542 0.8083884202 0.6149909189 0.6096419142 0.6148917161 0.6217501095 0.6171800433
0.6287355088 0.736928901 0.741571541 0.6016771353 0.6001769752 0.8235884506 0.5059746069 0.8015240516 0.8027157736 0.7186571461 0.7993318253 0.9105688799 0.904662022 0.8948794112 0.8860008523 0.8896879585 0.618690842 0.6598178793 0.5823476233 0.5841454998 0.6675964217 0.6957299926 0.7133419342 0.6127810904 0.837221923 0.6807484391 0.6807295608 0.673140783 0.6698558802 0.6761985977 0.6778433662 0.6783104728 0.6802378841 0.6643218573 0.8941940197 0.7669404594 0.7637277987 0.7630235703 0.7739436913 0.7920555218 0.7775328893 0.6377043966 0 0 0 0 0 0 0 0 0 0 0 0 0 0 0 0.6810737835 0.7707482296 0.5820612438 0.8561520303 0 0.6098604804 0.6138398672 0.6237667223 0.6186329745
0.6201940169 0.557098939 0.905514992 0.9100953753 0.6070292218 0.6008353564 0.8131952022 0.5507908577 0.5828764984 0.5794253143 0.5738966609 0.9118413143 0.902403427 0.8926671121 0.8906081113 0.8930777406 0.882291153 0.8867907827 0.5885743501 0.5941095191 0.5938232024 0.535456458 0 0 0 0 0.6838264117 0.6744280114 0.6711939604 0.7028550862 0.6793682709 0.6789531316 0.681023493 0.6622189861 0.8938087566 0.8884839517 0.8945297777 0.7029586181 0.7827659297 0.789375362 0.7667382501 0.7832900952 0.6832614356 0 0 0 0 0 0 0 0 0 0 0 0 0 0 0.6171148714 0.8385549294 0 0.8003585431 0.8417160018 0.6939562001 0.5698434353 0.5260282035 0.6189466501
0.9079659947 0.9018951334 0.901896878 0.8965972203 0.8349109538 0.8392717925 0.8433646333 0.8329834724 0.5780556595 0.5731644547 0.5785818227 0.8783481558 0.7160806923 0.7079977145 0.7129134404 0.6935183345 0.7505811117 0.8815074442 0.878156699 0.897063333 0.5337641959 0 0 0 0 0 0.6753477321 0.6843353948 0.7113309791 0.501783274 0.710199382 0.784418439 0.6185202474 0.6114199088 0.893503442 0.8862846599 0.8844311712 0.8780682641 0.7890885424 0 0.8049006046 0.5424996437 0.7832051803 0.7874723645 0 0 0 0 0 0 0 0 0 0 0 0 0 0 0 0.8342374918 0.8335897805 0.8386221141 0.6472889923 0.661965305 0.5631437878 0.5723937326
0.9035988676 0.9017377511 0.8938222049 0.9026146725 0.5687569928 0.6512290931 0.6378759237 0.636717276 0.5759262925 0.5687648533 0.5759891718 0.7744954622 0.7104623166 0.711083215 0.7134268711 0.6891433078 0.731908003 0.8716969145 0.8881357494 0.8975639153 0.6048466972 0 0 0 0 0 0 0.7119892436 0.715593807 0.7171184803 0.7201535369 0.6155235834 0.6108168938 0.61949265 0.8841614277 0.8855073036 0.8768404566 0.8860168845 0.8823198166 0.7970784232 0.8631359105 0.6092790415 0.6120389717 0 0 0 0 0 0 0 0 0 0 0 0 0 0 0 0.829787164 0.8293991944 0.8262645354 0.8254522544 0.8211437211 0.824192379 0.8253145751 0.5626861548
0.9084293822 0.8999602409 0.8990475489 0.5395416143 0.5485651018 0.5473764898 0.6393051838 0.6299893076 0.5736189543 0.5712654231 0.5729840832 0.5798460505 0.716552222 0.7172410003 0.7140388716 0.7143629461 0.7316206038 0.8424470019 0.8483015892 0.8888919458 0 0 0 0 0 0 0 0.7381257817 0.7194781052 0.8923474614 0.8911094114 0.8732320412 0.8838536678 0 0.8818286055 0.8762673585 0.883567313 0.8771249271 0 0.809700789 0.5165508119 0.5164200905 0.8794990715 0 0 0 0 0 0 0 0 0 0 0 0 0 0 0 0 0.8300042777 0.8247591794 0.8313895794 0.8154708414 0.8168889705 0.7702256151 0.7486480417
0.8533852476 0.6575938895 0.6525965596 0.8450214917 0.5448232153 0.552570979 0.6344220495 0.6346766991 0.6347097672 0.6087109094 0.5751714696 0.5819297433 0.7234833093 0.6032922198 0.5938627996 0.7106696408 0.7085438424 0.7600308526 0.6843567951 0.8689931684 0 0 0.7295415103 0.7226790899 0 0 0.9023226501 0.8787733928 0 0.8592028314 0.8981882902 0.8852193805 0.8720728885 0.8769101733 0.8731255292 0.8757263904 0.887338867 0.8806907281 0.5114038785 0.5074224576 0.5154968886 0.5212182685 0.8861953229 0.5240931693 0.6149312766 0 0 0 0 0 0 0 0 0 0 0 0 0 0 0.8322423188 0.8324588102 0.8307660126 0.8154091529 0.8209701989 0.6869561985 0.7449336503
0.8851522138 0.6527557946 0.6586508861 0.6613652633 0.7162762034 0.8039401296 0.8027727993 0.8092243312 0.5866808665 0.6169067439 0.6105862023 0.8779871768 0.8026237704 0.6348647592 0.6290584828 0.6272766789 0.7047491906 0.6868302519 0.6254671718 0.858433264 0.6293849586 0.7295945825 0.7257063376 0.6242286831 0.7263989478 0.8478654005 0.8983684816 0.8973666054 0.9020899615 0.8996064484 0.8926090123 0.889056076 0.8803716018 0.8717987425 0.8804203045 0.8825653923 0.8843454538 0 0.6398856422 0 0 0 0.8134665315 0 0 0 0 0 0 0 0 0 0 0 0 0 0 0 0 0.8386441534 0.8373335269 0.8368841669 0.8195940304 0.8240821711 0.5526104959 0.5683341029
0.6420025125 0.6346766818 0.8515823007 0.8446387645 0.8228615562 0.8068307062 0.8074774501 0.87743287 0.7984932852 0.7730114338 0.8785555604 0.7349942014 0.8891721821 0.6326577399 0.6261788055 0.6236814667 0.6226097308 0.6235985761 0.6245559632 0.6252152714 0.800799234 0.7354140398 0.6834659315 0.7350934076 0.8743449596 0.9027029317 0.9047179049 0.8977634152 0.896282612 0.8935930897 0.8912143078 0.8804976707 0.8784704338 0.8757476475 0.8768396164 0.8845274734 0.8848860711 0.641962268 0.6425480743 0.6418481988 0 0 0 0 0 0 0 0 0 0 0 0 0 0 0 0 0 0 0 0.8408704509 0.8423473484 0.5588460453 0.5598168883 0.5047572471 0.6138611475 0.6024907081
0.5921307583 0.7378260698 0.8492736066 0.8443519686 0.8535232963 0.8629644183 0.6482926059 0.6302533042 0.6628348268 0.8842287189 0.6145401331 0.6246066598 0.8589330035 0.6335525706 0.6322352216 0.631942865 0.6225520653 0.6311250124 0.6256858567 0.6295951552 0.7069832093 0.7433972138 0.7141084673 0.8721581979 0.8659399484 0.6162423265 0.6161023341 0.9014629424 0.8962663769 0.8965271906 0.8934144901 0.8914440066 0.8766851457 0.8770902198 0.8797593713 0.8704484841 0.6501513235 0 0.6442511144 0.7028654831 0.6988839088 0 0 0 0 0 0 0 0 0 0 0 0 0 0 0 0 0 0.8411329485 0.5371630323 0.5660590326 0.5680547911 0.5671507152 0.8449065746 0.8172726742 0.603876719
0.8524056608 0.8542785022 0.7260255966 0.8500267876 0.8452889458 0.6947547787 0.5987018445 0.6656954106 0.6572293835 0.6683640718 0.6166355764 0.8902431867 0.6228808358 0.7442166352 0.7413960001 0.6231484994 0.6324148106 0.6276683953 0.6367598581 0.6600286862 0.6177332537 0.7336672394 0.5361415089 0.7789035099 0.5116704197 0.6130178534 0.6068882544 0.8915934193 0.8981472281 0.9023560148 0.8925144215 0.8971609197 0.8856499423 0.8866242266 0.8792222752 0.7819841769 0.6849854755 0.6524152915 0.7089536214 0.7020269 0.7072531929 0.7033277614 0.5755575267 0.7330757071 0.7380879367 0 0 0 0 0 0 0 0 0 0 0 0 0.5179893444 0.5119351934 0.5159340296 0.5718087358 0.5757366467 0.7004652788 0.5978340422 0.609496277 0.6094755073
0.7491763027 0.7864763384 0.7435277716 0.8084228359 0.8683722271 0.7225238539 0.5342114111 0.8685371016 0.5381478636 0.5941984476 0.6019402697 0.6017264469 0.8918232433 0.6155518232 0.734465081 0.7374364016 0.6999658294 0.6959044231 0.522043983 0.5193270809 0.6832294405 0.5220928568 0.5296420054 0.5280332546 0.5278095375 0.6112523516 0.6074613507 0.6103253407 0.9013051149 0.8960425958 0.8993566229 0.9007773435 0.9001801642 0.5461235712 0.8891466644 0.6827515042 0.6913219783 0 0.702631562 0.7124319532 0 0.887009786 0.6898325228 0.6921828927 0.6863791733 0 0 0 0 0 0 0 0.5434993382 0.60076101 0 0 0 0.5147248618 0.5112111918 0.515984103 0.8697959489 0.850893984 0.640493612 0.5841659005 0.5903634668 0.5248250463
0.7004139324 0.7435261548 0.5067822409 0.549309957 0.8128643624 0.5470743261 0.5340735294 0.5285653674 0.5284993508 0.5288741434 0.5927025631 0.7948574573 0.7985741078 0.8163758394 0.8186033938 0.5011671413 0.6928200042 0.8425376591 0.5235538823 0.5164166852 0.515305598 0.5183050823 0.5207137951 0.5227519728 0.5275659979 0.6646377006 0.7676485318 0.581039323 0.5111313209 0.5881036838 0.8945958457 0.8950068358 0.6694045049 0.9052477609 0.6885406106 0.6868918624 0.6875454824 0 0 0 0 0.6942227536 0.6892551829 0.6830964961 0.6911070049 0 0.8255602292 0 0 0 0 0 0.6019358436 0.8073858613 0.6088507342 0.5331526756 0.8466961675 0.514487869 0.510329565 0.5166199338 0.5125341217 0.8418161866 0.849028916 0.5508562331 0.583367954 0.5768200208
0.5669212168 0.5642311169 0.5349389642 0.8309041473 0.5222566694 0.5246840183 0.5315749614 0.5256171528 0.5217412487 0.5272057586 0.5520950324 0.7941742434 0.7933540638 0.796279574 0.8198021293 0.6966041591 0.6959050297 0.7021144454 0.5201440086 0.5170121657 0.5119199027 0.5157042381 0.5209865564 0.5290317449 0.5274924212 0.8906813898 0.7974476941 0.5798916668 0.5711834184 0.8993036354 0.8953156617 0.9006774522 0.8104112392 0.7572524959 0.7625274312 0.6585095281 0 0 0 0 0 0.8994628901 0.6883570564 0.6871134184 0.6874207635 0 0 0.7687650557 0 0 0 0 0.6001956441 0.5998862627 0.599893007 0.535602525 0.5256106257 0.5176623959 0.51624309 0.507757265 0.5101901696 0.8452631205 0.8512593351 0.5777232047 0.575808183 0.5755577972
0.5643920524 0.5613533904 0.5698536951 0.8213377744 0.5242112164 0.5197453553 0.520855628 0.5173003171 0.5222235416 0.5258532348 0.8797444943 0.6289239915 0.6908366038 0.5454340872 0.5454288805 0.5667076313 0.695961261 0.5072637013 0.5862863994 0.5207707245 0.5196420816 0.5192875981 0.5158352785 0.525679412 0.5343198982 0.7041932433 0.7899962821 0.5808866724 0.5757056118 0.5758731878 0.793387724 0.7958368677 0.7962837452 0.7657031721 0.6336065196 0.8128732607 0.844748177 0 0 0 0 0.8776732342 0 0.5823769405 0.6604210134 0.5606854889 0.5924848907 0.5280626972 0 0 0 0 0.6013310501 0.5914311646 0.5956659989 0.5291092464 0.7292927999 0.5254389248 0.7851122061 0.5137859575 0.6502947127 0.8006555925 0.7990785845 0.5725693551 0.5697763459 0.5712897824
0.5697187663 0.7248306625 0.5346865225 0.5314742906 0.5185521296 0.5145811811 0.5145610976 0.5166447279 0.5198246401 0.8466476504 0.8395911071 0.6368307711 0.6280996522 0.5390035821 0.5387962945 0.5413158673 0.5454027625 0.6992620722 0.6794533139 0.6134772534 0.6932336782 0.690456956 0.7184951122 0.780665168 0.7848472802 0.7838157986 0.8024417712 0.7936439403 0.5657520608 0.5649981662 0.78794337 0.7867973896 0.7826614278 0.7887660163 0.7921524877 0.7940814922 0 0 0 0 0 0 0 0 0.7646088171 0.6577447109 0.704532522 0.7499753605 0.7480975427 0 0.5881227235 0.6954706795 0.596788533 0.5588426773 0.5989487749 0.6002356272 0.6821850678 0.7890000944 0.5199597586 0.5189859301 0.5152511438 0.521576935 0.7847822971 0.579809859 0.570001052 0.567435764
0.5561105539 0.7217525301 0.716381937 0.5254901716 0.5220524736 0.5133518559 0.5166705996 0.5164421023 0.5215578904 0.8446252148 0.84165702 0.8391843036 0.6320883709 0.6221296498 0.5472113363 0.5389262582 0.5458088964 0.718691542 0.5107631595 0.6820879232 0.7502425489 0.5761348418 0.697700609 0.7780622347 0.7762782976 0.7767893217 0.6318232148 0.7851340012 0.7752201867 0.7143798901 0.7916517163 0.7842094507 0.7808353229 0.7847362038 0.7867747804 0 0.7837732031 0.787155692 0 0 0 0 0 0 0 0 0.563245575 0.7438320868 0.7432013854 0.806374811 0.735021056 0.7050658935 0.7006159061 0.7122091864 0.5931779236 0.5098059945 0.8479533399 0.5035877774 0.883700075 0.8803870842 0.8730752719 0.5982595611 0.5856772636 0.5778814909 0.5755815317 0.571519849
0.6369648911 0.7139891607 0.713917761 0.5295761005 0.5151210609 0.5233074813 0.5205704033 0.827708454 0.6108350021 0.6073001047 0.8333686354 0.8530042413 0.5821465775 0.6231512136 0.5454135128 0.5453971318 0.546944619 0.8067293922 0.8127522111 0.7901831982 0.83089063 0.7916815648 0.7742090708 0.7795905481 0.7334946195 0.779171778 0.5715766276 0.5753719005 0.6424479065 0.5809840708 0.710809267 0.7812042138 0.7844112503 0.7827213715 0.786999279 0 0 0.6258453063 0 0 0 0 0 0 0 0 0 0.7198651808 0.7416488976 0.7441210175 0.7399832477 0.7409188768 0.788248006 0.6193480148 0.7918860947 0.7456432851 0.599794204 0.6067622658 0.6045785616 0.8824181805 0.8741750955 0.5625655902 0.5921416451 0.5834302934 0.5785301828 0.5849460254
0.7181690113 0.7071725154 0.7047936063 0.7087759417 0.8279657608 0.8276536486 0.8182904787 0.8211129662 0.6112393223 0.6030018096 0.6058635634 0.6143520787 0.6122537975 0.6222011881 0.5454510152 0.7924257561 0.7972134916 0.7903202319 0.7947638948 0.5965345153 0.7841835178 0.7883910515 0.5532689742 0.7495992242 0.5792254862 0.5796821931 0.577256658 0.5792824531 0.5240382878 0.8418074732 0.7976503191 0.7879105025 0.7877067114 0.787821964 0.7828923442 0 0 0 0 0 0 0 0 0 0 0 0 0 0.7428418174 0.7349229373 0.7343474519 0.7338148956 0.6310439434 0.5743621644 0.6975647431 0.8052475569 0.8555867168 0.5993039764 0.5981149558 0.8977481153 0.5850740268 0.5975294252 0.5866658197 0.5871133811 0.5925263698 0.5852627377
0.6631953884 0.7105634851 0.7113523307 0.7048669437 0.826645534 0.8211250098 0.822122237 0.824554062 0.6108818564 0.6110619329 0.6072178032 0.6074508894 0.6092144844 0.6144729064 0.8145912898 0.7959703071 0.7878727225 0.7909571777 0.863809835 0.7894347863 0.7904296294 0.5880678404 0.5543968864 0.5554757732 0.5451015028 0.6454550124 0.6527209671 0.7437172488 0.6579878446 0.550163863 0.8454907527 0.7919034694 0.791738148 0.7932873546 0.5874155748 0 0 0 0 0 0 0 0 0 0 0 0 0 0 0.7372118145 0.7292092005 0.7331047423 0.7444606634 0.8791219567 0.8800352577 0.8781966171 0.5291203212 0.59122431 0.5975219195 0.8523501943 0.6864409007 0.760372753 0.6172172754 0.5800177188 0.5899567446 0.5895297165
0.7106995301 0.7155557914 0.6816894632 0.6730802674 0.8252367575 0.8246172674 0.8305855951 0.6147836765 0.619906709 0.6146045116 0.613949433 0.6087752526 0.6075775266 0.6159460789 0.6199673932 0.7919154157 0.793874744 0.7905382078 0.8784099517 0.796114105 0 0 0.6068218634 0.5542168295 0 0.6734790409 0.6291241262 0.5401687617 0.545610246 0.5418769612 0.7801709457 0.6295478961 0.822074051 0.5254657978 0.5272802533 0.5254554388 0 0 0 0 0 0 0 0 0 0 0 0 0 0 0 0.7378749304 0.873724273 0.6032623565 0.8766388406 0.5255858185 0.5262753873 0.527473014 0.6607770063 0.591279585 0.8959098614 0.5856428894 0 0.5726799268 0.5533466808 0.5545569329
0.5488583057 0.7819227991 0.6773632064 0.6763270365 0.6733890273 0.8320809428 0.8392060394 0.8368219032 0.6164812633 0.5232089843 0.6940813852 0.6133841778 0.6187724667 0.6104085122 0.6131137176 0 0.794114195 0.7991739251 0.6946117067 0.7678721154 0 0 0 0.7815565855 0.7780759188 0 0.7388900862 0.5469750033 0.5380041433 0.8931666296 0.5444779766 0.7642596253 0.7616149197 0.5302177624 0.5211497978 0.5194296097 0 0 0 0 0 0 0 0 0 0 0 0 0 0 0 0.7381866118 0.6185114442 0.8685313918 0.8759861508 0.5231991917 0.5176543153 0.5253556738 0.5292371183 0.818031007 0.81437782 0 0.5769648521 0.5672551402 0.5601892391 0.5503678193
0.650319771 0.6063717869 0.6801806136 0.8945643385 0.8330965814 0.8388734941 0.8365373261 0.6188361801 0.5776217814 0.5306271548 0.6067870558 0.7760066201 0.6879255399 0.5949518462 0.550772352 0.5740950019 0.6787477823 0.804148775 0.7757823515 0 0 0 0 0.7240865715 0 0.56964604 0.7931545916 0.5382162448 0.5462209384 0.5463292251 0.5433306912 0.6476956803 0.8711255455 0.8685987296 0.8740074072 0 0 0 0 0 0 0 0 0 0 0 0 0 0 0 0.8320755096 0.8225535473 0.8260698938 0.871385034 0.8782838593 0.5176663587 0.5257795424 0.5216999469 0.9016640067 0.9006486573 0.8124103656 0.8114054553 0.736874727 0 0.5573175801 0.5415830447
0.5507904763 0.5279901265 0.5315402784 0.7071100845 0.7037032237 0.7330222039 0.7071916316 0.7112033922 0.7073797418 0.7145563136 0.7821104438 0.5952728027 0.7161422582 0.7487773434 0.8867965591 0 0.8021883676 0.8014951823 0.8021440683 0 0.6905395082 0.5736813724 0 0 0 0.6779106735 0 0.6775665674 0.6728629772 0.6851643748 0.5759324661 0.8331489757 0.8449814901 0.8656704611 0 0 0 0 0 0 0 0 0 0 0 0 0 0 0.8582879635 0.8557609137 0.819924553 0.82239053 0.8283783654 0.8204075592 0.812032653 0.5110453147 0.7380794118 0.8938728246 0.8965431594 0.8917229607 0.8929466538 0.8135933692 0.6840581213 0.5630437699 0.5244440486 0.5482221514
0.5915498628 0.5910643219 0.5930998982 0.5945231317 0.6930112717 0.7008070927 0.8671015319 0.8671316744 0.706260505 0.6088080629 0.5372049892 0.5988654138 0.8798472483 0.8837693711 0.8800809953 0.5111053058 0.7980060087 0.7938370909 0 0.6059047565 0.5817783596 0.6885181822 0.6941867488 0.8731603809 0.8361297812 0.6771384543 0.6752008519 0.6710499609 0.6673733198 0.678539201 0.6311977826 0.625636173 0.8684316589 0.8736367202 0 0 0 0 0 0 0 0 0 0 0 0 0 0 0.8509039231 0.8532138851 0.8198320329 0.8191173791 0.821485976 0.8166017118 0.8236604883 0.8638572823 0.9084217163 0.9092089905 0.9000879431 0.8986198783 0.9002841338 0.9092692294 0.8368698623 0.7419255371 0.8698778907 0.5450101709
0.5892664195 0.5849930633 0.5887367861 0.5931651277 0.7137507839 0.6912624315 0.864563047 0.8582171464 0.8600857725 0.592278183 0.8943705235 0.634938264 0.8730369864 0.878006936 0.8826634096 0.8014553133 0.7957973344 0 0 0.6955911591 0.6977026074 0.570326461 0.723697472 0 0 0.6756982883 0.6719161257 0.6668952884 0.690339358 0.6857859963 0.6208474387 0.6228372562 0.6278105142 0.6295966154 0 0 0 0 0 0 0 0 0 0 0 0 0 0.8049478583 0.7964615464 0 0.8196176276 0.8205141247 0.8144206488 0.816894822 0.8179437868 0.5530171506 0.7983762549 0.9054944194 0.9069496872 0.906425129 0.9012601558 0.9006619387 0.5898041451 0.5870423933 0.5945815011 0.7636516969
0.5818841063 0.5799023397 0.5821051507 0.8073942079 0.5358950548 0.6991129461 0.8674359158 0.6024656847 0.8629812046 0.6866948473 0.804194076 0.8543576301 0.8721441511 0.873774793 0.6485952127 0.8791172738 0.5714109456 0.7977294952 0.6450342249 0.5116524617 0.5847542541 0.590167639 0.7124987119 0.5673256678 0.7257070265 0.6812887203 0.5739694324 0.6675721575 0.6764453628 0.6277900225 0.6212383291 0.619527063 0.6219420415 0 0 0 0 0 0 0 0 0 0 0 0 0 0 0.8038766547 0.7960621863 0.7911239192 0.7936132755 0.7927154665 0.8077597138 0.8040203431 0.6858296649 0.8739569982 0.7083627907 0.7769146912 0.600724748 0.7469114138 0.7531394309 0.8454522139 0.7231337886 0.7913726091 0.7942523321 0.7217721678
0.5751762594 0.5824530888 0.6308102079 0.5951987158 0.70766624 0.7970813789 0.6883264033 0.5873426324 0.6526632684 0.7923474692 0.7328302951 0.8780368225 0.873131529 0.8670271484 0.8716845874 0.8770667058 0.5824875326 0.5958255046 0.6237430487 0 0 0.581935046 0.5065093846 0.5073554781 0 0.5095153611 0.5129273603 0.5156863325 0.6803203847 0.6302150792 0.6208173686 0.6273608468 0.6252251619 0 0 0 0 0 0 0 0 0 0 0 0 0 0 0.8003937769 0.7910889586 0.7871982792 0.791926401 0.7962628344 0.8015785839 0.805605723 0.8122727843 0.6887923694 0.7082180256 0.7056610609 0.7438276207 0.7215627533 0.5592643168 0.622684554 0.5413099133 0.5403279811 0.5501984367 0.8435787649
0.5648298995 0.5732704439 0.5836950096 0.5920006803 0.7815475985 0.7892112695 0.531485839 0.8483048719 0.7811374872 0.5283454678 0.510062747 0.7338195889 0.8704252295 0.8742357788 0.8748442896 0.8001674764 0.7984033048 0.8446788543 0.7328001478 0.8756648864 0 0.6420537056 0.6988852389 0.5084215603 0.5039808303 0.5036163357 0.5077474866 0.5174027318 0.6883613765 0.6282485424 0.6250058479 0.622235201 0.6182726872 0 0 0 0 0 0 0 0 0 0 0 0 0 0.8091740576 0.7924508341 0.7924066919 0.7944020082 0.7944658778 0.7973556769 0.8061869808 0.8114662691 0.6866783523 0.68876981 0.7018469574 0.7088034888 0.8076759346 0.6938451771 0.8098085577 0.8085805604 0.5426062946 0.5450653547 0.543619502 0.5903860023
