landscape/hab_quality/256/simulation_000041_p068_h059_HABMAT_patch_more_500pix_modified.asc_ac_0.5_quality.asc
NCOLS 513
NROWS 513
XLLCORNER 0
YLLCORNER 0
CELLSIZE 9.980507
NODATA_VALUE NaN
[rows 31 to 61 of 513, columns 420 to 489 of 513]
0.6439144514 0.8118233403 0.8068846409 0.8090162128 0.8321091402 0.8361162375 0.8285457847 0 0.8448322066 0.6406805939 0.6355964837 0.6309943389 0.5972215255 0 0.5959452831 0.6048972744 0.6186009336 0.6228755758 0.5114692355 0.5757141079 0.7688464618 0.8244406542 0.7985898101 0.7375562147 0.7424389666 0.747377494 0 0 0 0.7976356006 0.8832856108 0.8433671659 0.8413815146 0 0 0 0.837615118 0.7296354218 0.7217029336 0.7296447717 0.5968840259 0.5920066306 0.6598511444 0 0 0 0 0 0.8658869707 0.8674174916 0 0 0 0 0.8333822792 0.6611712831 0.65548095 0 0 0 0 0 0 0 0 0 0 0 0 0
0.5008741673 0.81381868 0.8141429572 0.8360069692 0.8205955167 0.8270798284 0.8349816698 0.83889118 0.849563608 0.8772732812 0.8711000513 0.6403642791 0 0.6955292234 0 0.603829592 0.8576298799 0.503836695 0.5667642396 0.6464752414 0.6251052537 0.7377008102 0.7391475549 0.7388453505 0.7375210341 0.7378269029 0.7387991427 0 0.7493154763 0.5538680033 0.5810520415 0 0 0 0 0 0.8353154354 0.6374071748 0.722068021 0.7240367709 0.6483772153 0 0 0 0 0 0 0 0.8559463382 0.8640793633 0.8602284213 0.8215520342 0 0 0 0.6644538867 0 0 0 0 0 0 0 0 0 0 0 0 0 0
0 0.8217146117 0.8370762184 0.8325424647 0.8292339083 0.8194320664 0.8440298188 0.8306861022 0.8320036798 0.8411142414 0.8707757343 0.8698357303 0.8662615604 0.698778695 0.6888776252 0.8443494303 0.8602628836 0.8581146608 0.8792093274 0.5609685682 0.5630095254 0.5629784969 0.7297850546 0.7368071334 0.7322969833 0.7333794045 0.7359131613 0.7452223777 0 0.7486257206 0.8761506479 0.8830391626 0.6986870765 0 0 0.5926127204 0 0 0.7293923433 0.8757926212 0.5338330422 0 0 0 0 0 0 0.8668981659 0.8648259192 0.855941141 0.8651036017 0 0 0 0.8317537377 0.8311122314 0 0 0 0 0 0 0 0 0 0 0 0 0 0
0.751840935 0.8960090356 0.8229222003 0.8455282968 0.8422581772 0.8288227798 0.8197687802 0.8304323816 0.8315012013 0.8367792733 0.7615929855 0.8756458816 0.8743332469 0.69022838 0.6237908881 0.8502326982 0.8537813521 0.8622322213 0.8778390017 0.5526372222 0.5593701967 0.5592109653 0.552040871 0.7203071161 0.7237915203 0.7281293683 0.7352773365 0.7402127397 0.7453711679 0.7492967081 0.7540427357 0.6895609947 0.6896707327 0 0.5265407089 0.5344077693 0.6008580149 0 0 0.7410233871 0.7604986435 0 0 0 0 0 0 0.8746606815 0.8579952101 0.8618384762 0.8656759061 0 0.7309492361 0.738650776 0 0 0 0 0 0 0 0 0 0 0 0 0 0 0 0
0.7176754812 0.8530715863 0.8400056483 0.8354167993 0.8295285856 0.8358937284 0.8419174688 0.8359514981 0.5438356291 0.7633072717 0.7586361448 0.7978460081 0.7930151988 0.6141067516 0.6156210144 0.612473349 0.6058967216 0.5572560768 0.8690804711 0.5544033816 0.5495507823 0.5443803058 0.5409714621 0.7217690818 0.7189988259 0.7224569084 0.7380839401 0.7476365481 0.6957752473 0.7461607077 0.7549255973 0.6910095307 0.8704272855 0 0 0 0.5116084097 0.8522733371 0.807932216 0 0 0 0 0 0 0 0 0 0.8697869173 0.8685357794 0.8703997764 0 0 0 0 0 0 0 0 0 0 0 0 0 0 0 0 0 0 0.6975311667
0.7093813625 0 0.843160308 0 0 0.5357603986 0.8446925171 0.5410925471 0.9045912741 0.7676210055 0.7552157839 0.7585740992 0.540913984 0.6091539552 0.6533106321 0.6030664147 0 0.6103634685 0.9005529292 0.9035815214 0.5380876529 0.5396483841 0.5427859091 0.7191590589 0.7193764124 0.7208218573 0.7480640631 0.7443384727 0.7481316699 0.5694891539 0.5699085404 0.567854371 0.5991397231 0.5326815033 0.5282366796 0.8006768208 0 0.8535227096 0 0 0 0 0 0 0 0 0 0 0 0 0 0 0 0 0 0 0 0 0 0 0 0 0 0 0 0 0 0 0.6953874921 0.689556897
0 0 0 0.5998055914 0.5439896512 0 0.534026259 0.5346579145 0.8975481255 0.9000827016 0.7500508778 0.8208835807 0.7639264136 0.6180650903 0.6622013079 0.6096723726 0.6101480847 0.6075037509 0.9002233097 0.8969562047 0.755768571 0.5333376893 0.5341444411 0.7221413386 0.7246487078 0.7232223336 0.7306121443 0.7325979752 0.7520629095 0.5755456124 0.5671948761 0.5763202998 0.8028628346 0.5597397836 0.5606485717 0.7173200405 0 0 0 0 0 0 0 0 0 0 0 0 0 0 0 0 0 0 0 0 0 0 0 0 0 0.7504751719 0 0 0 0.7654746507 0.7383624418 0 0.6974707655 0.6916425433
0 0 0.6012061859 0.6088541521 0.708063871 0 0.5379317974 0 0.890457183 0.7461020299 0.8969167422 0.6119668157 0.6191035157 0.874800811 0.5908063423 0.6171235209 0.8951827718 0.7435383333 0.6251518061 0.905058921 0.7141684286 0.5250311009 0.8652034562 0.8643689785 0.8701122552 0.7311197018 0.7260603228 0.7338169938 0.7357270872 0.5724863142 0.7162829765 0 0.5642170625 0.5605299434 0.6276390657 0.5005135218 0.7992424603 0.7919605055 0.7955078755 0 0 0 0 0 0 0.5063426127 0 0 0 0 0 0 0 0 0 0 0 0 0 0 0 0 0.7476323872 0.5810846279 0 0.7801858817 0.7383959725 0.7363401705 0.7013305896 0.6953020912
0.5805578034 0 0.7270716542 0.554671624 0.7148506732 0.8965771937 0.8962124779 0.8863159454 0.8892780741 0.8873052191 0.897324742 0.6115431736 0.612769473 0.8746986321 0.8043079517 0.685166563 0.6625941303 0.8945849272 0.6612164875 0.7264021742 0.5295087316 0.72372495 0.8579613644 0.8651619395 0.5015945917 0.7318599471 0.735522385 0.7332348068 0.7345111554 0.5587418893 0.8577867922 0.5420947161 0.566486606 0.5897198309 0.5678368675 0.8004035001 0.7957101259 0.7930103578 0.8588313635 0 0.5336664127 0 0 0 0.5396038378 0 0.5357482584 0 0.5577530308 0 0 0 0 0 0 0 0 0 0 0 0 0.7464568226 0.7416176107 0.7394001411 0.7458472499 0.6840190736 0.7356898828 0.7277782235 0.6971000079 0.6985320307
0.8823928119 0 0.5238957718 0.6607487516 0.7141880949 0.8968015562 0.8939105822 0.8937747836 0.8845933579 0.8927883412 0.6056041038 0.6108709724 0.6043870932 0.6175584518 0.7399735434 0.802392679 0.8968177452 0.655240131 0.8971164575 0.6292015652 0.7200588538 0.8669320946 0.7297042373 0.858279034 0.6808499665 0.6813418127 0.7359402046 0.7425735307 0.6231564179 0.6305897675 0.8622010078 0.8625737125 0.6305908587 0.7791040674 0.5069458385 0.5767996499 0.767068666 0.8651483889 0.8586105313 0.8683597516 0.5353147781 0.5336084674 0 0 0.5323574459 0.5409650025 0.5490827357 0.5510260921 0 0 0 0 0 0 0 0 0.8314354803 0.8405610131 0 0 0.8590489253 0.8444190834 0.7368124896 0.7458769026 0.7448501705 0.5643054404 0.736286438 0.7369271137 0.7323224136 0.7958055983
0.5544265359 0.5089616792 0.8151982796 0.8926079654 0.6562349843 0.8005994705 0 0.8887798881 0.8884977506 0.8919314178 0.6122738694 0.6037825686 0.6134334269 0.6113508914 0.7091448488 0.8894202285 0.8828297219 0.6464577328 0.6688067547 0.6205905967 0.8696805577 0.8761248677 0.8720988474 0.6771264585 0.6732830072 0.6790451908 0.6899466495 0.6904422348 0.619233849 0.6206990854 0.6235309215 0.5413466319 0.8555120147 0.6389530281 0.7757621325 0.7777228503 0.7662942698 0.8637518863 0.6690249498 0.8670549109 0.6765543693 0.7553186491 0.5332667581 0.5324121316 0.5324946058 0.5373276296 0.862568976 0.8551331535 0 0.566704516 0 0 0 0 0 0 0 0.5263982079 0.8385886268 0.8600724962 0.8636928315 0.7428108665 0.7454688621 0.7401028787 0.5559431911 0.5609548966 0.644565972 0.6342786536 0.8268007253 0.821908781
0.5551256546 0.8127600327 0.8069525741 0.8110291095 0.8054620113 0.9075198858 0.9029560525 0.8800486696 0.6184711477 0.8943341185 0.6137418987 0.6061056462 0.6039370054 0.6047017105 0.5260335537 0.5288175979 0.6107084971 0.8766201816 0.6546916235 0.6629320472 0.8738933373 0.8725216096 0.6879688375 0.6880596917 0.6895164359 0.6773002485 0.68818364 0.6911930913 0.6133475847 0.608715213 0.8801279789 0.8047070582 0.6006994497 0.6105333625 0.8213270295 0.7713086861 0.7705974686 0.7646407215 0.7622627647 0.6628425146 0.7521635967 0.7522135399 0.7537613712 0.541635895 0.7647959466 0.7581874078 0.7063488038 0.7073606414 0.7111673645 0.5329705599 0 0 0 0.5317970687 0 0 0 0.8939451418 0.8617562098 0 0.6857509811 0.6721161804 0.8113330643 0.8131918887 0.815917186 0.5657374577 0.6453776883 0.6368402049 0.6273809307 0.6277759609
0.8240459308 0.8046133436 0.8038101199 0.8053286464 0.8057053218 0.9136267547 0 0.8786282935 0.8622016204 0.6222775206 0.5491003929 0.6134823553 0.6119738823 0.5809953723 0.5782937896 0.5972281893 0.6173441118 0.8767392059 0.869426448 0.8681056445 0.8679257548 0.6969125148 0.6926144205 0.6864909857 0.6888686247 0.6904731779 0.6914825571 0.6893671428 0.6061168379 0.706441473 0.8800227199 0.8716777834 0.8813943974 0.5027647438 0.5311669853 0.7755363939 0.7686437442 0.6062965136 0.7632700958 0.7597718588 0.7516843465 0.7551382147 0.7554537423 0.5944642206 0.7541701548 0.6972485451 0.6930848218 0.712896425 0 0.706670119 0 0 0.5333689827 0.5337411896 0.7467408625 0.7498589228 0 0.5763454125 0.6673044847 0.7661268433 0.6771407493 0.8051938479 0.8048030179 0 0.7628361362 0.5139762501 0.6382996934 0.6322266683 0.6124555866 0.6179608053
0.8238389157 0.8007372802 0.79880555 0.8070604574 0.8066055987 0.5170195471 0.813154501 0.8689382342 0.6302393469 0.6205121205 0.5495305013 0.5568448778 0.5754541995 0.5722646853 0.5780634313 0.5912876856 0.5992438139 0.6078739693 0.8277307005 0.8602212108 0.8698973985 0.8763150968 0.5598582013 0.6872694283 0.6824106173 0.7000574561 0.6179773201 0.6153218821 0.6979190339 0.6068222602 0.612710723 0.6225251245 0.5979330276 0.6068715551 0.8507270917 0.7773954476 0.6105094254 0 0.760143884 0.7589225349 0 0.8464872309 0.8315456456 0.8279400633 0.6874968749 0.6889158884 0.6828702881 0.6125672269 0.7057588032 0 0.5403417957 0.5341597292 0.54035153 0.5154416326 0.5378736911 0.6719151278 0.7039898242 0 0 0 0.7950997254 0 0.7549505185 0 0.6485460728 0.5210400603 0.5205244676 0 0.6148441126 0.6117932561
0.8093382214 0.8027041074 0.8074073989 0.8047001072 0.8143168707 0.8061098719 0.6837947489 0.6494503258 0.640330773 0.6183563927 0.8566512755 0.5729657794 0.5665449081 0.5728688167 0.5845904471 0.5824465519 0.6102682695 0.5350883283 0.8613963319 0.8664157191 0.8693109614 0.8816669352 0.5560248212 0.5525242858 0.6802812176 0.6849472221 0.67572338 0.6226061971 0.6160659022 0.607904991 0.6153855479 0.6155435144 0.6195852578 0.6120551683 0.7817471502 0.7811120272 0.7364451748 0 0.7663582777 0.7592006315 0.7627522215 0.8247632249 0.7397468403 0.6498740744 0.5083124643 0.680580255 0.6929220736 0.6978005207 0.7516877453 0 0 0.5423647198 0.5489287588 0.5474258192 0.5016204333 0.5025676215 0.5053704784 0.8466105076 0 0 0.6412324463 0.8994671439 0 0.6173711428 0.6144442003 0.6238834247 0.518267478 0 0 0.6123658989
0.6163327206 0.6224408445 0.8072920433 0.5799765479 0.805289693 0.813630799 0.6777176607 0.6855207378 0.7772252253 0.5993086335 0.5821042803 0.5684596356 0.5821475342 0.5723274572 0.5726872043 0.5819031794 0.5903232034 0.5973825069 0.8697494224 0.8664507815 0.8689478889 0.5843349454 0.877410554 0.7971605769 0.6674825082 0.6724028706 0.5359007919 0 0.6104049906 0.6105374864 0.6139597746 0.616742326 0.8056601265 0.6268967876 0.8854603683 0.7907600012 0.7760821818 0.7870465303 0.6797206135 0.5945685099 0.6832088558 0.823359405 0 0.8262639691 0.6930777562 0.68431841 0.6889977048 0 0.663934351 0.6329215037 0.6417762693 0.8996114393 0.5911206725 0 0.5058800319 0.5038757072 0.5052908586 0.8561973478 0 0 0 0 0 0.6162628556 0.6142660745 0 0 0.5193527133 0 0
0.624223022 0.6252224157 0.5652588136 0.8114945542 0.8097005533 0.8067698087 0.6854135199 0.5582014374 0.7784397381 0.7733844381 0.7691385173 0.5856364274 0.5759829815 0.5757992579 0.5779610181 0.5808015185 0.5237764459 0.5932649152 0.6496852073 0.878004582 0.5763546182 0.5748503482 0.581193105 0.7964399118 0.668045931 0.667455463 0.6753362197 0.682746602 0.6174898993 0.613405024 0.613721906 0.6153216622 0.6243948426 0.6391736271 0.792416731 0.6996263973 0.7810520687 0.788338365 0.7944408103 0.6757272058 0.6842737457 0.6931557546 0.8260129893 0 0 0 0.691918019 0.6015684724 0.6285195023 0.815469174 0.6347992106 0.5711634991 0.5813617191 0.8074716014 0 0 0 0 0.8674279499 0 0 0 0 0.618609368 0.6130026718 0 0.6107385269 0 0.7145788376 0.6057542278
0.5079701114 0.5076844707 0.6323241147 0.8127111939 0.8176300186 0.5651941761 0.5576842525 0.5576593068 0.7738690761 0.7648180144 0.7647432127 0.5857263157 0.58183201 0.5914375409 0.7632672199 0.767153691 0.5867105202 0.5848149874 0.7533300623 0.5047685542 0.7531129573 0.5724727578 0.5658987559 0.730155074 0.6617042397 0.8090761007 0.6849669201 0.6766633904 0.8910643192 0.6188786068 0.6204006384 0.6192349541 0.623363713 0.6279218368 0.7903900587 0.7856743694 0.5341392408 0.7821727707 0.6831006789 0.6797138135 0.6698068179 0 0.6807776842 0.8277654279 0.6416000758 0 0.7003072573 0.6340888351 0 0.8795383161 0.5912651249 0.5878658738 0 0.5872109917 0 0 0 0 0 0 0 0.6725003139 0.6010619213 0.6176525097 0 0.6084599548 0.7154491546 0.7083768006 0.8190078895 0
0.5175813136 0.5141653222 0.5165041486 0.8126493157 0.8127903332 0.5567268322 0.5556138456 0.5577278263 0.8776032151 0.7681104502 0.7693839195 0.7679236653 0.5824931167 0.7590507242 0.7677155183 0.5113693113 0.5813646897 0.762212267 0.756951165 0.7520952854 0.7444542841 0.5671987595 0.7289450079 0.7265808065 0.667717231 0.6758196603 0.6760704006 0.8852536416 0.8814144352 0.5035134638 0.9059730874 0.6333077352 0.6263070132 0.8892256708 0.7101052731 0.5656473025 0.6752385467 0.6928136621 0.6886483321 0 0.6822694629 0.6790548749 0.6856985277 0.8748688539 0.8779617567 0 0 0 0 0 0.8261287312 0.6560302773 0 0 0 0 0 0 0 0 0 0 0 0 0 0 0.7069929576 0.706057719 0.7072402432 0.7776124458
0.6283228606 0.6309933768 0.8000541673 0.8067174687 0.8001373065 0.5596588035 0.5618110693 0.5581881651 0.8601711179 0.8765473171 0.7733769991 0.583435568 0.7524533469 0.8652785457 0.8661277392 0.5775625407 0.8597581756 0.5143758427 0.5195229681 0.5267403865 0.742956282 0.7387508177 0.7309718115 0.740819073 0.5048899391 0.6693074336 0.8566162794 0.8547820715 0.8791070535 0.8958010811 0.8974838616 0.9010110829 0.6865916384 0.5911871554 0.5706915292 0.5702223174 0.5647331391 0.6712175279 0.6721114277 0 0.6735383917 0.8659761887 0.8640836289 0.8736847218 0 0 0 0 0 0 0 0.668222454 0 0 0 0 0 0 0 0 0 0 0 0 0.7337046433 0 0.709599504 0.7061214839 0.7061631473 0
0.6237948381 0.6258667025 0.5513474924 0.7978531338 0.8078410206 0.808515868 0.5632860533 0.7891944364 0.8640761744 0.856275503 0.8586286015 0.8562825102 0.8524059156 0.85872739 0.8569732238 0.8519270362 0.8543971023 0.5124931059 0.5134349847 0.8827587944 0.7387915908 0.7365200624 0.7341991493 0.7385060824 0.7556252888 0.7479050664 0.847616546 0.8467685847 0.8895866955 0.8892410273 0.8933977622 0.901815538 0.7010124808 0.6861362906 0.7621814514 0 0.6801195419 0.7438310069 0.7337239914 0.7284123837 0.8703172115 0.867963028 0.8605640514 0.8645203187 0 0 0 0 0 0.8885824452 0.8823118147 0 0 0 0 0 0 0 0 0 0 0 0 0 0 0.8614370592 0 0.6167200484 0.5268655623 0.839201316
0.6281812411 0.6285791332 0.6323499928 0.8036758027 0.8023186552 0.7696053875 0.7663191967 0.7636288892 0.8614051063 0.8617393439 0.8547182545 0.8449741981 0.8480650983 0.8547957895 0.8514999303 0.8490899901 0.8557638483 0.51239202 0.5099688038 0.555660058 0.5463591767 0.8508860145 0.7393452278 0.8419991117 0.7471866178 0.6895920981 0.8429719122 0.8886667581 0.8866123491 0.8856405717 0.8946632053 0.9000379678 0.8972422365 0.680239753 0.7552383352 0.7611195817 0.7291462278 0.7375196706 0.7283107239 0.7206098996 0.8740032632 0.8695501462 0.899751573 0.8655495365 0 0 0 0 0 0.88657841 0 0 0 0 0 0 0 0 0 0 0 0 0 0 0 0.859724107 0 0.5232442299 0 0
0.7428351577 0.7393693019 0.6298422932 0.5199552171 0.8088857019 0.7918953216 0.7829149399 0.7663288571 0.5386791605 0.8556115175 0.8535588319 0.8447379031 0.8428306958 0.8386326465 0.845203711 0.8504336153 0.8516395681 0.5411158878 0.5196154276 0.5448539784 0.5381643729 0.5409564421 0.7826783296 0.8819191621 0.6800208106 0.8403042449 0.8424974789 0.8475638754 0.8791589622 0.8837655408 0.8744693392 0.6870385095 0.8893649129 0.8918628528 0.6841738491 0.7557828247 0.7336487183 0.72886587 0.7460824059 0.7218578111 0.7169212252 0.8747950875 0.7375153583 0.7293006202 0 0 0 0 0 0 0 0 0 0 0 0 0 0 0 0 0 0 0 0 0 0 0 0 0.7470960499 0.8390469515
0.7387999352 0.737709332 0.7369216543 0 0.7826169359 0.7802368667 0.783995797 0.7758046137 0.8522949158 0.850697626 0.8551348212 0.8520106784 0.8370808626 0.8375698723 0.8409354334 0.8425953971 0.8391875863 0.8524201081 0.8529570897 0.5450605586 0.5394475412 0.8343568669 0.78490059 0.6799573729 0.6775889336 0.6705772602 0.8426653017 0.882555269 0.8755540845 0.8732056787 0.8800227808 0.8820372333 0.8860778124 0.9001686645 0.8870296667 0.7583846269 0.7378397752 0.7402698073 0.5499361516 0.7219987321 0.8063513091 0.7256855381 0.7391299934 0.7353388934 0.7274050537 0 0 0 0 0 0 0 0 0 0 0 0 0 0 0 0 0 0 0 0 0 0 0 0.7551918354 0
0.7412763677 0.736050192 0.7291073954 0.7356889942 0.7836860063 0.7817249735 0.7746548034 0.7064065307 0.8477227776 0.8489963668 0.8615863093 0.8527625924 0.8444636049 0.8362156206 0.8411555563 0.8353453308 0.8406716514 0.8501871569 0.852035803 0.8591152646 0.5210512066 0.5746526011 0.6871721097 0.6801793447 0.6773088224 0.6691767464 0.70255602 0.7071828157 0.8787833717 0.8795176044 0.8766150391 0.8770552821 0.8787595745 0.8772025038 0.8914673529 0.8890762762 0.5714196349 0.837601296 0.5621082316 0.7293675614 0 0.7417686693 0.7393303092 0 0 0 0 0 0 0 0 0 0 0 0 0 0 0 0 0 0 0 0 0 0 0 0 0 0.7831602692 0
0.76594331 0 0.7288017533 0.7293352828 0.7257382323 0.7793853807 0.7742536935 0.7745907705 0.8551868218 0.8550389285 0.8572382372 0.8483093814 0.8444488038 0.8470554434 0.8319302438 0.8411193357 0.8419755855 0.8434081415 0.8495795909 0.8506710039 0.679603857 0.5797236586 0.5701485063 0.6849910991 0.6926925642 0.6954070044 0.6987570741 0.7439411461 0.8415100031 0.7418014871 0.8682331676 0.8764696666 0.6184978853 0.8763203253 0.8886351145 0.8844771219 0.5721135393 0.5707327587 0.5797426544 0.5698665985 0.67245779 0 0.7461827662 0.7430149608 0 0 0 0 0 0 0 0 0 0 0 0 0 0 0 0 0 0 0 0 0 0 0 0.5143635103 0 0.7957881305
0.6454076688 0.7334133498 0.7210324203 0.7209333061 0.7146559288 0.7833618918 0.7752045826 0.7841709071 0.8649266601 0.8660079101 0.852487619 0.850660503 0.8511814672 0.8621034076 0.8342199487 0.8382384138 0.848280366 0.8447051134 0.8471479034 0.8563945086 0.6872450209 0.6877506442 0.6798941114 0.6779695626 0.697057077 0.6926333221 0.7014789453 0.7416374413 0.736768422 0.8764866606 0.8699985746 0.8715122735 0.8788716938 0.881132878 0.8834574652 0.898372012 0.899727544 0.5788979463 0.8078247628 0.808216064 0.8169364601 0.8137249443 0 0 0 0 0 0 0 0 0 0 0 0 0 0 0 0 0 0 0 0 0 0 0 0 0 0.5394145078 0 0.5520470366
0.8645798301 0.7338263396 0.7093626035 0.7112455443 0.7029876215 0.7064225563 0.7197394001 0.7848235717 0.8643226504 0.8606983707 0.856911186 0.8513187852 0.85742348 0.8590731125 0.8369109272 0.7937438398 0.7920076214 0.8504583396 0.8538112974 0.8577518309 0.8992002354 0.6842987941 0.675820118 0.6457597179 0.6942495245 0.6966007028 0.6938691899 0.7435849136 0.7328027865 0.734487738 0.7432684018 0.8770181939 0.8812675656 0.8921008769 0.8902802513 0.7882719733 0.8223543275 0.5737346861 0.8174488798 0.8077656064 0.8123815092 0.8181269306 0.825601184 0.7837757169 0 0 0 0 0 0 0 0 0 0 0 0 0 0 0 0 0 0 0 0 0 0 0 0.5324009723 0.5576594843 0
0.5813677607 0.7432179515 0.7110432348 0.7027724225 0.7033998292 0.7108003113 0.7294547992 0.5665801504 0.8650430922 0.8639850773 0.8658788994 0.8633833595 0.8662548947 0.8582524105 0.7067478556 0.7896825472 0.7860394592 0.7771366546 0.7872238184 0.7852348826 0.7877499409 0.5015549959 0.6848507693 0.6858453802 0.6995572474 0.6955969189 0.7031511932 0.7419248624 0.7394109164 0.5569302873 0.7000313755 0.7876700241 0.7826732001 0.7883552681 0.7881862897 0.7696312642 0.8144116979 0.8141194532 0.7660706779 0.8136976437 0.814195299 0.8169567014 0.8233924915 0.8255826411 0 0 0 0 0 0 0 0 0 0 0 0 0 0 0 0 0 0 0 0 0 0 0 0.5331062591 0.5338518589 0.8874375814
0.5865280016 0.5906169025 0.7105638254 0.7102571828 0.7048859431 0.713025146 0.7180119235 0.5711172237 0.5602970772 0.8705801165 0.868652475 0.584786225 0.8629836653 0.7032114101 0.8670915797 0.8751001334 0.7804122846 0.7893874995 0.7927659626 0.7830260284 0.7625775618 0.6828057129 0.6816136091 0.6825033786 0.5054268126 0.646485916 0.7052903683 0.7397437132 0.7479814572 0.7449770063 0.8411743595 0.7854088505 0.8422167177 0.7807787979 0.7806611367 0.8255602241 0 0 0 0.7619073832 0 0.766019328 0.7707995167 0 0 0 0 0 0 0 0 0 0 0 0 0 0 0 0 0 0 0 0 0 0 0 0 0.7637756917 0.6650369977 0.578670507
0.7502348397 0.7263686653 0.7174294863 0.7129488954 0.7141213204 0.7076142062 0.861957692 0.7432086956 0.555065013 0.5633035446 0.5514270415 0.5715650788 0.5754913233 0.7014757912 0.7068317518 0.7912122409 0.7910734471 0.7444080975 0.8653240622 0.7853274505 0.7861584053 0.6885919499 0.6866642705 0.8065557025 0.8124074109 0.5076527446 0.638019522 0.8879188615 0.7434498191 0.7493298523 0.8449557483 0.8354432078 0.673733247 0.7784338419 0.791733471 0.8179522852 0.8187566398 0.854712974 0.7694698976 0.768132365 0.7615263876 0.7638152929 0.8949769885 0 0 0 0 0 0 0 0 0 0 0 0 0 0 0 0 0 0 0 0 0 0 0 0.7730350162 0.7583456805 0.7565387446 0.6601847873
