landscape/hab_quality/256/simulation_000096_p067_h092_HABMAT_patch_more_500pix_modified.asc_ac_0.5_quality.asc
NCOLS 513
NROWS 513
XLLCORNER 0
YLLCORNER 0
CELLSIZE 9.980507
NODATA_VALUE NaN
[rows 450 to 479 of 513, columns 396 to 461 of 513]
0.5052928451 0.6715057851 0.6757673154 0.5213732115 0.527275064 0.8765193228 0.7234420682 0.7788111634 0.5864096012 0.527234728 0.7342487746 0.7325325524 0.7400653037 0.7406651771 0.5653818953 0.8151657473 0.8105644211 0.7083397392 0.6996495796 0.6122217024 0.6213189341 0.8884848104 0.6597134815 0.8724689963 0.8744483326 0.7862028193 0.7815221228 0.7823327386 0.7894171706 0.6562978609 0.6520248598 0.6425622957 0.6390254949 0.6397828265 0.6503934674 0.5913923973 0.5914123677 0.5915884295 0.5929358719 0.6003394039 0.5054321162 0.6476782368 0.6820657599 0.6147244996 0.610695824 0.5442601397 0.5354146632 0.5440114961 0.7190349707 0.7744503921 0.7251811362 0.7645381911 0.7694150509 0.7740468726 0.679771843 0.8358105159 0 0 0 0 0 0 0 0 0 0
0 0.5197507493 0.5818999353 0.5754065803 0.8846896184 0.5712919679 0.7740937872 0.5998337512 0.6066495092 0.6066067441 0.7065915811 0.5294413662 0.7418909739 0.772649331 0.5908198874 0.816338635 0.8142499595 0.7086104828 0.6172522196 0.6115147132 0.6201601856 0.6200170456 0.8793819247 0.8712020721 0.8777261756 0.81724977 0.6139260315 0.6067400993 0.6613888743 0.6524896899 0.6450875275 0.6465593775 0.6092097387 0.5939699689 0.5939431722 0.5937536598 0.5913783739 0.5964838298 0.5933852686 0.6805306701 0.6066181147 0.7599028818 0.7507054751 0.527350115 0.5380821389 0.539819647 0.5414548757 0.5423182061 0.6423135502 0.6803248101 0.7731232974 0.610558081 0.7662115361 0 0 0 0 0 0 0 0 0 0 0 0 0
0 0.5528178684 0.5826636992 0.5769349308 0.5689605519 0.5763519685 0.5810539847 0.5992511479 0.5973768395 0.6004295611 0.5616663487 0.5588485911 0.5328906732 0.6106692835 0.8758038061 0.7082654439 0.5255379746 0.6207461482 0.617120325 0.6149538696 0.6153928552 0.7103696164 0.8730502238 0.8804782239 0.8758488572 0.5699556848 0.5685134209 0.623752682 0.6654919339 0.7772585164 0.8685869581 0.520617314 0.5977198668 0.6027127412 0.5935795756 0.5879891641 0.5951140827 0.6004131712 0.6007735704 0.5980713177 0.601578768 0.8776372082 0.7426162425 0.6673971349 0.7194328848 0.7074053228 0.6016169912 0.857036528 0.5913971931 0.5818881662 0.7782665789 0.7717838659 0.6650086004 0 0 0 0 0 0 0 0 0 0 0 0 0
0 0 0.5867343991 0.5763847135 0.5785875082 0.574697741 0.5816370363 0.5980854701 0.5974260548 0.6025423044 0.5519906117 0.600529352 0.6063069401 0.6084953444 0.8767377714 0.5345086363 0.7029057368 0.8611837915 0.6180607005 0.6172427416 0.6239423713 0.6240370454 0.7729970612 0.7721208842 0.5671403785 0.5609317039 0.5860945686 0.5209868055 0.8580890726 0.8024793927 0.5286010959 0.5878291312 0.5972700856 0.5962529134 0.5889935341 0.5903105052 0.5923349858 0.6035334035 0.8047960028 0.6480368217 0.5987086483 0.8571104499 0.5016484841 0.8626248103 0.8973905208 0.6331682412 0.5298253711 0.6023605942 0.7223078271 0.5853135804 0.8662867459 0 0 0 0 0 0 0 0 0 0 0 0 0 0 0
0 0.58367268 0.5785104838 0.5791893366 0.5810709961 0.583712116 0.5759005356 0.6014408576 0.5993873308 0.607351933 0.6155327689 0.6064528845 0.6000816408 0.6093731937 0.7165727123 0.7159159537 0.7076824254 0.707728044 0.6239979636 0.6205210844 0.620266841 0.5564747773 0.8336422255 0.8384178643 0.560098748 0.559890202 0.5652750002 0.8518234211 0.7246785164 0.852553366 0.5642472241 0.6026150945 0.5963173632 0.600059035 0.6376284021 0.6067869406 0.5957883283 0.5045422679 0.5953750241 0.6904245598 0.8083777859 0.5008990349 0.5842394845 0.5014131822 0.7423979446 0.7469203876 0.5607545166 0 0.7895053037 0 0 0 0 0 0 0 0 0 0 0 0 0 0 0 0 0
0 0.5956601702 0.5601129314 0 0.5829852282 0.8427339682 0.5773472 0.7318107407 0.6089805386 0.6166031107 0.6131106267 0.6040903394 0.6011438944 0.602264617 0.716815807 0.7082247594 0.7059184473 0.7125145655 0.6727056334 0.8164491379 0.66685639 0.841115759 0.8316103435 0.833396938 0.5604007175 0.5661571571 0.5609083049 0.8524545037 0.8506647342 0.8495915692 0.8465733895 0.6046283938 0.5995873558 0.603070527 0.6051000823 0.6086749127 0.7190896629 0.6028559804 0.7675848319 0.625184646 0.6188877123 0.7965170197 0.6471258599 0.5021387376 0.8117203932 0.806762853 0.8131485632 0 0 0 0 0 0 0 0 0 0 0 0 0 0 0 0 0 0 0
0 0.6694718097 0.7695618996 0.6632518743 0.5605368373 0.846757352 0.8273391519 0.6242437099 0.6280388591 0.6072223436 0.5793243132 0.8521876773 0.5761956401 0.8830230343 0.7125885701 0.6528182554 0.7090513142 0.7139198038 0.7951895734 0.6730553466 0.8902162876 0.5683481183 0.8381122252 0.8379155283 0.8412934403 0.5629828956 0.8615427207 0.8595989915 0.7744968227 0.8408166709 0.850810784 0.608277027 0.6044224216 0.602666602 0.8291860955 0.6123433897 0.7337114299 0.7123478817 0.5935250276 0.8223454705 0.6162756601 0.6165600503 0.758826714 0.6787197237 0.7316390832 0.8081015859 0.8031985145 0 0 0 0 0 0 0 0 0 0 0 0 0 0 0 0 0 0 0
0.5574328221 0.6962455139 0.8183825686 0.6211800463 0.8044521933 0.6633475186 0.7160535241 0.6175664212 0.6186308925 0.593421083 0.5037292944 0.5733577424 0.5796757779 0.7383290528 0.6559602122 0.8885684321 0.658308506 0.6374444814 0.5466285569 0.7074683471 0.8936270546 0.8855547368 0.7509333403 0.8905598611 0.7528465721 0.8006170762 0.5492863398 0.8323122106 0.5705762054 0.5649492741 0.8488586319 0.6564863535 0.6624850884 0.6557519337 0.7816543954 0.7198301981 0.8217577119 0.8882879097 0.5872192488 0.5891666768 0.624190641 0.6203586692 0.5491643452 0 0.5435797561 0.8507515535 0.8846694416 0.799815718 0 0 0 0 0 0 0 0 0 0 0 0 0 0 0 0 0 0
0.8648323736 0.8799806924 0.7172529947 0.8221530441 0.5322604181 0.8085025475 0.6564222947 0.6065950149 0.613611495 0.5769962263 0.5730887012 0.5778502465 0.5803787947 0.7370880026 0.7294972603 0.7287088733 0.7281651461 0.728196615 0.6139826665 0.5999435775 0.8864275399 0.8852354888 0.8882246745 0.5032396422 0.5720373456 0.5701125841 0.5644316145 0.5558399458 0.5638888445 0.5702447959 0.6565236194 0.6516820609 0.6527444442 0.6279747497 0.5200357904 0.5183631612 0.890093836 0.8810822613 0.5955390288 0.8423643443 0.5068913961 0.7994833143 0.6614576426 0.5424955006 0.5448237662 0.7581013192 0 0 0 0 0 0 0 0 0 0 0 0 0 0 0 0 0 0 0 0
0.7911405852 0.8689242645 0.7844708469 0.5223412587 0.7341782064 0.6607907506 0.6509791825 0.7203295268 0.5841962503 0.5806640361 0.5743998855 0.5829682409 0.7632754704 0.7331173567 0.720244386 0.7233744071 0.7187919178 0.7284022281 0.8509389386 0.7547564894 0.5929968287 0.8886692084 0.8884672072 0.8974048047 0.5739026736 0.5679859323 0.5628900099 0.5546646414 0.5548909183 0.6370830206 0.6336723571 0.7440689992 0.6457296735 0.6485581419 0.6335905858 0.8819833286 0.8803072226 0.8812962391 0.8071575171 0.7192245589 0.8573109208 0.581577487 0.5472718898 0.5428136255 0.5451799938 0 0 0 0 0 0 0 0 0 0 0 0 0 0 0 0 0 0 0 0 0
0.7848777448 0.7820935321 0.7894117533 0.5586464804 0.5513482194 0.5784655678 0.7174577815 0.714433419 0.8754461892 0.5833587455 0.5908928708 0.5825940653 0.7628652983 0.7590303858 0.7191455905 0.7178503349 0.7253781389 0.7281576403 0.7303423331 0.8520079232 0.7631457469 0.8485828592 0.515084094 0.5174212219 0.5695000784 0.5696040387 0.5623797469 0.5554265929 0.5592528206 0.6303965174 0.6360882991 0.6424048723 0.6912343937 0.6769825402 0.8930542992 0.6987444986 0.8762560723 0.8399782632 0.8440385468 0.848434483 0.7681574735 0.7410286936 0.6002187535 0.5975076176 0 0 0 0 0 0 0 0 0 0 0 0 0 0 0 0 0 0 0 0 0 0
0.7816171803 0.7828027618 0.7513942972 0.557437229 0.5485285665 0.55318777 0.7161227797 0.7220490397 0.5844554549 0.5880403997 0.5912829616 0.8067647394 0.8014045683 0.8897179483 0.7265650167 0.7197739877 0.6220061104 0.7263286169 0.7268520375 0.8476125069 0.8468364205 0.8408804103 0.5219041105 0.5131325378 0.5128902274 0.5129278816 0.5667476345 0.5706767132 0.6378963959 0.6377988153 0.6357127039 0.6418737312 0.6462302578 0.6532704927 0.5802874383 0.8831239556 0.8850395737 0.5211956963 0.7138743438 0.6279454831 0 0 0.8439453392 0 0 0 0 0 0 0 0 0 0 0 0 0 0 0 0 0 0 0 0 0 0 0
0.7871938918 0.7863128555 0.7476905304 0.5570934357 0.5548188877 0.5497153058 0.693638298 0.7033637611 0.6150289238 0.7736838282 0.6834055234 0.7504385035 0.7503646321 0.5331153564 0.5327658976 0.5245440688 0.5262219497 0.6921475157 0.7325516595 0.8535757254 0.8418084638 0.8408080832 0.8349329476 0.5085801986 0.5069848256 0.511323384 0.5134719971 0.7984296229 0.889128613 0.6602208842 0.6444242759 0.636077426 0.6460629194 0.6532989506 0.6540854132 0.6489552931 0.651867737 0.5271228097 0.7210189877 0.7212128111 0.7188083051 0 0 0 0 0 0 0 0 0 0 0 0 0 0 0 0 0 0 0 0 0 0 0 0 0
0.7483283628 0.7455917631 0.7553739868 0.5583897194 0.8083120474 0.5606420551 0.6967594136 0.7008193706 0.5518750914 0.7472707911 0.5301904526 0.7604287886 0.7608922116 0.5376526658 0.5250156341 0.530953419 0.5267927814 0.7335403248 0.7991762799 0.8510721996 0.8109542286 0.8346053664 0.6201118988 0.6200355859 0.6164813126 0.5135861568 0.5152046352 0.5210364747 0.8265061998 0.8556096798 0.8280503945 0.6374282838 0.6431894742 0.6839852173 0.6528756192 0.6465413575 0.6520503347 0 0.6193048147 0 0.7146753019 0 0 0 0 0 0 0 0 0 0 0 0 0 0 0 0 0 0 0 0 0 0 0 0 0
0.7992800969 0.5061634864 0.6434574871 0.8082723994 0.5279144053 0.5177292585 0.8531488332 0.8165538238 0.8164620496 0.5465108155 0.5508860071 0.7593997378 0.7512362812 0.5768897928 0.5344498455 0.8306063344 0.8439649699 0.7248234642 0.5777160548 0.7549151814 0.8398306589 0.8434135896 0.6204729363 0.6125697361 0.621527923 0.7287134043 0.89057804 0.5153698967 0.721207727 0.8201914972 0.8236316383 0.6103261384 0.5720113614 0.6482656519 0.6429897757 0.6456972508 0.6491108909 0 0.8782486993 0.7198897967 0 0 0 0 0 0 0 0 0 0 0 0 0 0 0 0 0 0 0 0 0 0 0 0 0 0
0.548337991 0.6360162133 0.641627896 0.8265364284 0.5225868326 0.5219231527 0.5168155961 0.5873425107 0.5438357331 0.5430940344 0.5440275252 0.751403653 0.792633595 0.7529641709 0.7389614735 0.6444759989 0.5555767477 0.5872236136 0.6800003559 0.760935429 0.8736711572 0.8241316495 0.6193478081 0.6209126102 0.6225423961 0.882853316 0.8902342077 0.8894609715 0.7668580331 0.8297641929 0.8266262399 0.8357762537 0.6167136766 0.6447915175 0.5481425014 0.6015014399 0.7927044351 0 0 0 0 0 0 0 0 0 0 0 0 0 0 0 0 0 0 0 0 0 0 0 0 0 0 0 0 0
0.7873051901 0.633473535 0.6410492677 0.7634198043 0.547817767 0.5206087748 0.52311432 0.5190927122 0.8932601551 0.5380269132 0.535397322 0.5168805118 0.7958413925 0.8188332119 0.7368270446 0.6462017751 0.6085715704 0.6800106923 0.5802130372 0.7608996655 0.6718457916 0.6771160753 0.6758539861 0.6250884065 0.7645856683 0.8859988538 0.8836977755 0.7232464004 0.8335386268 0.8266493429 0.634454898 0.6376111968 0.6329393525 0.7402087217 0.611067811 0.6106286019 0.6039596133 0.818987975 0.8093248489 0 0 0 0 0 0 0 0 0 0 0 0 0 0 0 0 0 0 0 0 0 0 0 0 0 0 0
0.6680323923 0.6421422103 0.6347540804 0.7185263392 0.7209332217 0.8528256626 0.6487904078 0.8056656009 0.6392217509 0.8350410852 0.5418178648 0.5357299064 0.8256191084 0.7382630507 0.7391336237 0.541050544 0.5851880691 0.6126100736 0.8487798815 0.6028648654 0.6805394021 0.6709768795 0.6732331085 0.6551144241 0.5520005962 0.7760402071 0.8019944994 0.7916007673 0.6161407504 0.6063471607 0.6330107849 0.6325849282 0.7910845736 0.6368306665 0.6710751045 0.6674253445 0.6370218437 0.8119386733 0.8121481257 0 0 0 0 0 0 0 0 0 0 0 0 0 0 0 0 0 0 0 0 0 0 0 0 0 0 0
0.8918739699 0.7541960356 0.7211478038 0.5264190997 0.7209146011 0.8079625922 0.5902989583 0.8645104786 0.6368263473 0.8061017713 0.7041774943 0.5493779617 0.8714413188 0.6066294022 0.5291343205 0.5273435243 0.6208306223 0.5181650292 0.6076924416 0.6051399769 0.6804235768 0.7352092971 0.605377972 0.6748665665 0.554376104 0.5538656942 0.8390219997 0.7316535517 0.6787082805 0.6061541654 0.5710663535 0.6369312751 0.6322827854 0.6993157572 0.6405193659 0.5612535379 0.5643333224 0.6614523457 0.8827276549 0 0.783713837 0 0 0 0 0 0 0 0 0 0 0 0 0 0 0 0 0 0 0 0 0 0 0 0 0
0.5989488395 0.5975122809 0.5939744537 0.6030276141 0.6470155867 0.5581790636 0.6922870726 0.6336769496 0.6345213102 0.6032900645 0.7956736301 0.8659169195 0.8659332939 0.5958862859 0.5257501727 0.5269398583 0.5191378632 0.6142111913 0.6873763838 0.5277505333 0.856290553 0.8070732452 0.6426515169 0.7646812292 0.7502486999 0.6063807956 0.5667468163 0.689199365 0.6141583808 0.6095957723 0.5225649363 0.5292025859 0.5239280908 0.6369589368 0.532551304 0.7680651272 0.7665338397 0.7687821523 0.7836213061 0 0.7777777978 0 0 0 0 0 0 0 0 0 0 0 0 0 0 0 0 0 0 0 0 0 0 0 0 0
0.6038513267 0.594075303 0.5938864512 0.601425576 0.740319336 0.8713571727 0.631489004 0.6306842947 0.6736785851 0.8830538878 0.560716487 0.8697442168 0.7711797376 0.5290381003 0.5342571293 0.5316011533 0.6107061047 0.6539633829 0.8476037414 0.5338893121 0.5255398471 0.5338164972 0.7173263956 0.787820681 0.7882484932 0.7919614083 0.6850758434 0.6796779616 0.6821855523 0.6766684728 0.5285058327 0.5202873313 0 0.5271647244 0.7643012071 0.7610508202 0.7602498239 0.7684415662 0.7674750742 0.7773670763 0 0 0 0 0 0 0 0 0 0 0 0 0 0 0 0 0 0 0 0 0 0 0 0 0 0
0.5962937404 0.6003450933 0.6024608365 0.7492358502 0.6040555327 0.8036161894 0.5174328098 0.5145950978 0.5407855611 0.553630923 0.5545974577 0.5401109619 0.5881501544 0.6390218188 0.8465184867 0.6281228408 0.6452107684 0.7681339789 0.6997174346 0.8176660386 0.8196252546 0.8039506911 0.5498336654 0.7890793563 0.7855852692 0.7854521698 0.6767432173 0.679156486 0.6748747141 0.7989779524 0.5295138511 0.6333268106 0.520971946 0.5302591726 0.7664435031 0.7593558494 0.7630126429 0.7644798622 0.7724539662 0 0 0 0 0 0 0 0 0 0 0 0 0 0 0 0 0 0 0 0 0 0 0 0 0 0 0
0.6772510492 0.6103445099 0.8077115798 0.8042877727 0.8044792267 0.8897978944 0.5131606257 0.9037982789 0.5568603715 0.5878819514 0.5818901354 0.5818301149 0.7675948757 0.6356414451 0.631125642 0.635102347 0.6325782821 0.6501855777 0.6810318808 0.8194081931 0.8163094478 0.8907861803 0.619702409 0.7909410485 0.790451513 0.7818241197 0.6781034661 0.6703846953 0.6721557266 0.5763729166 0.8977017454 0.5292060378 0.5230551844 0.5219142783 0.7692660685 0.7638032637 0.7654301995 0.7691979134 0.7713525087 0.5704091134 0 0 0 0 0 0 0 0 0 0 0 0 0 0 0 0 0 0 0 0 0 0 0 0 0 0
0.8904471685 0.8147993501 0.8059342498 0.7988308778 0.8063743477 0.8827491427 0.6921261307 0.5076655046 0.8958781463 0.5849393016 0.5802120349 0.6649579917 0.5904262378 0.7493996494 0.6374732068 0.6344713021 0.7827735679 0.7882421861 0.7876440211 0.6612027726 0.6597120118 0 0.8183274392 0 0 0 0.6798707063 0.6748814651 0.6728680541 0.6806232868 0.5525852599 0.6397761914 0.6395019991 0.6440569803 0.7651488796 0.7707848441 0.7717305033 0.7776842199 0.5692678275 0.5608063253 0 0 0 0 0 0 0 0 0 0 0 0 0 0 0 0 0 0 0 0 0 0 0 0 0 0
0.706422547 0 0 0.8024905679 0.807116374 0.6927655653 0.6932074397 0.6901185764 0.8493870609 0.7465509556 0 0.5819672918 0.5910984119 0.703294252 0.7660200555 0.6555245057 0.8318111827 0.7810094234 0.7882680389 0.7240744312 0.6563120039 0.8275248574 0.8282553987 0 0 0 0 0.6814511871 0.6776193695 0.6787197236 0.6328716361 0.6324460139 0.6365990684 0.5437271278 0.6796712945 0.7742458196 0.7834434764 0.7784054463 0.561674225 0.562026292 0 0 0 0 0 0 0 0 0 0 0 0 0 0 0 0 0 0 0 0 0 0 0 0 0 0
0.676675742 0 0 0.6808403185 0.6794408624 0.6829670596 0.6834418813 0 0.6903085052 0.6597714449 0.6579062867 0 0.5824351543 0.8729974832 0.8819710082 0.6299151116 0.6259625479 0.7829621955 0.7810330642 0.6616219628 0.6584268831 0 0 0 0 0 0 0.7052568327 0.6883015995 0.6830917258 0.6319211949 0.6279276641 0.6282909435 0.7986890625 0.7372800785 0.7920615594 0.7800363299 0.78211922 0.6532195381 0 0 0 0 0 0 0 0 0 0 0 0 0 0 0 0 0 0 0 0 0 0 0 0 0 0 0
0.6671220405 0.6908832976 0.5121716173 0 0.6776782721 0.6790088138 0.686497411 0 0 0.661458002 0.6518937645 0.6601716448 0.6662057108 0.8789355013 0.6966846747 0.6298881829 0.6351100655 0 0 0 0 0 0 0 0 0 0.6113967284 0.8233996346 0 0.5571773826 0.5498780872 0.5546508802 0.5499234279 0.5373773499 0.6418573183 0.8666247807 0.8116759569 0.6615782995 0 0 0.5408034653 0 0 0 0 0 0 0 0 0 0 0 0 0 0 0 0 0 0 0 0 0 0 0 0 0
0.8397050988 0 0.6902368077 0.6811098595 0.6778373052 0.6807331855 0.6846419994 0.5354724533 0 0 0 0 0.7056419263 0 0 0 0 0 0 0 0 0 0 0 0 0 0 0 0 0 0.549224517 0.545105217 0.5539028859 0.7659766483 0.7985042566 0.715745851 0.7304473143 0 0 0 0.6385093212 0.5449456037 0 0 0 0 0 0 0 0 0 0 0 0 0 0 0 0 0 0 0 0 0 0 0 0
0.6239510986 0.6215663218 0.5122720713 0.6314531061 0.5539669725 0.6392626338 0.6784216615 0.5490786542 0.6736607102 0 0 0 0.5883649102 0 0 0 0 0 0 0 0 0 0 0 0 0 0 0 0 0 0 0.5547898976 0 0.7738079367 0.6869318375 0.7474026935 0.8990743973 0.6073377823 0.6101887953 0.5047818493 0.7979479865 0.6077065789 0.5601891904 0 0 0 0 0 0.7873569819 0.828431227 0 0.515717745 0.5939581596 0 0 0 0 0 0 0 0 0 0 0 0 0
0.6194582168 0.6229359641 0.6307962421 0.6350225252 0.5139789815 0.6715192751 0.6387901503 0.6731266409 0 0 0 0 0 0 0 0 0 0 0 0 0 0 0 0 0 0 0 0 0 0 0 0.5506437319 0.5640845156 0.5186256699 0.8313141264 0.7433449079 0.7455545814 0.6056174858 0.6003759365 0.6017518783 0.8510432343 0 0.6854882573 0 0 0 0.7875653585 0.7816200168 0 0.7939930657 0.8878283184 0.500013466 0.7130597479 0.7654040145 0 0 0 0 0 0 0 0 0 0 0 0
