landscape/hab_quality/256/simulation_000077_p051_h086_HABMAT_patch_more_500pix_modified.asc_ac_0.5_quality.asc
NCOLS 513
NROWS 513
XLLCORNER 0
YLLCORNER 0
CELLSIZE 9.980507
NODATA_VALUE NaN
[rows 27 to 53 of 513, columns 300 to 359 of 513]
0.5960178361 0.6028619086 0.6095643341 0.7366407824 0.7331530035 0.7254846884 0.7283247106 0.5111173657 0.6889271188 0.6982752861 0.8413174137 0.7919094479 0.5057753015 0.8076287335 0.8031001803 0.8130588222 0.6367512657 0.5125670502 0.5553275616 0.8986497278 0.8043112341 0.8131021493 0.8356419796 0.697349728 0.7577627991 0.8258368562 0.8288667397 0.8331657662 0.8319854032 0.8294573018 0.8257878448 0.8256690419 0.6387033129 0.6288375507 0.6259795792 0.6172709109 0.6249572395 0.8046181982 0.8362259883 0.8028607055 0.5599961254 0.8132891532 0.7632004373 0.8271898954 0.7720372556 0.7708494402 0.7717496715 0.5800162945 0.7817385815 0.7738136217 0.7691942255 0.769674769 0.6174028504 0.8455170091 0.844414273 0.5587819299 0.6961684413 0.7024256284 0.7521956356 0.6972370155
0.7897018247 0.851888141 0.6325422726 0.6566937988 0.6520594849 0.6523459911 0.7339065183 0.6936937689 0.6965252377 0.5432714731 0.5817409063 0.8715761943 0.6169860125 0.8125316631 0.8105687982 0.8046847507 0.8226686617 0.6371383023 0.6130523812 0.7224684185 0.8938970002 0.804853759 0.7994960097 0.7255701293 0.8291895868 0.5741275227 0.8630070899 0.8614512425 0.7098681701 0.5597741325 0.7298061505 0.6880477735 0.5164658397 0.6303240971 0.6216825906 0.6176553437 0.6242602667 0.796850722 0.7964364978 0.7965806018 0.786867609 0.5998556837 0.5995811093 0.8573292193 0.8237342082 0.6907244927 0.7797354028 0.8307417733 0.7845029533 0.7746026378 0.7688271554 0.7733219092 0.8432268668 0.8406431285 0.8411116211 0.8219063511 0.6977585477 0.6232973703 0.7953505199 0.7962270964
0.6022956282 0.6057868587 0.6576195315 0.65567435 0.6497991659 0.6513742624 0.6529045437 0.5822908445 0.5761951934 0.5458871803 0.7758974347 0.5386943135 0.6391208043 0.7748268093 0.806938605 0.8128594389 0.8421145349 0.8275655482 0.6603496883 0.8975564579 0.5021169978 0.9020690465 0.8124467867 0.6503733037 0.551894271 0.6854826681 0.8661705061 0.8600730851 0.872690987 0.7052845587 0.8575808555 0.6849249876 0.6323826265 0.6942058933 0.6341579257 0.7389581124 0.5594179133 0.792673426 0.7924208256 0.7967347716 0.654277542 0.6634475258 0.6633101737 0.6559119643 0.8526780057 0.7061239008 0.8549083312 0.8586223224 0.7822129903 0.775054937 0.7756642046 0.7773370749 0.8447195987 0.846196646 0.8443513528 0.6129078813 0.6370359863 0.6570502128 0.6852469338 0.787916375
0.595716218 0.595360549 0.7300174692 0.7229823425 0.653177739 0.6537952409 0.5252360062 0.8273667358 0.5563352997 0.53600306 0.5359420625 0.541981123 0.7903783689 0.6918423458 0.8161355113 0.81634991 0.854526032 0.7404821098 0.5956759571 0.5023880252 0.7532800677 0.7950262338 0.9032472802 0.5952220222 0.6436016639 0.6438972548 0.8675939161 0.8645720855 0.8724964635 0.550279245 0.8496866289 0.7028899406 0.7136813869 0.5968659617 0.8514772469 0.7421005057 0.7085081469 0.802274508 0.7965813485 0.7989475393 0.6621214756 0.6538138169 0.6537105981 0.6621188615 0.6608814525 0.8487158069 0.8527613133 0.8542990194 0.7825081942 0.7801328822 0.777206595 0.7363770438 0.5524987504 0.8480878277 0.6460785176 0.851078711 0.852854256 0.574151783 0.8125332679 0.7919379719
0.8374676317 0.725617093 0.7246202307 0.6552996306 0.6573197795 0.6618949895 0.761725962 0.787362793 0.8184501114 0.815505265 0.7641755192 0.5988538445 0.6359324714 0.7001403574 0.6984115745 0.6987073354 0.7071579498 0.8813535219 0.68572019 0.6104498116 0.7094910318 0.8612516355 0.693495549 0.5562346838 0.8135137723 0.6417561191 0.8720939388 0.8741886548 0.869044969 0.5885191902 0.5808927927 0.7094208471 0.5148385188 0.5170780195 0.7195551289 0.6010147057 0.5299947902 0.5252350924 0.8021345021 0.6709176304 0.6606368228 0.6597321629 0.6615031422 0.6545868728 0.6547662892 0.6832049008 0.846863121 0.8492839749 0.854473313 0.5467653794 0.7370554446 0.7377849091 0.6821785529 0.5965918427 0.6027003915 0.6032425412 0.8908060831 0.8159950357 0.8161260566 0.7923105724
0.6300200565 0.6025961657 0.631757205 0.648177142 0.6395689053 0.6582978752 0.8167147377 0.5813429731 0.8177724845 0.6383717262 0.588137838 0.5729969998 0.8383072202 0.6990823128 0.6928291593 0.698830983 0.5381314468 0.8887474542 0.6938257955 0.5447858779 0.7210637309 0.8650300215 0.8339390715 0.8286386578 0.833101821 0.8174988537 0.7949772595 0.8810046415 0.8389797592 0.7290061722 0.5841151705 0.8078103681 0.5836694124 0.6723545117 0.5109277969 0.5587422898 0.5021766496 0.8076608277 0.8117050136 0.7458789615 0.6677182121 0.6616699496 0.6551793398 0.6546350842 0.6611008278 0.853067578 0.5213217347 0.5242274038 0.5234223656 0.7060837707 0.8914548651 0.6149086594 0.7842106468 0.599267836 0.5938037355 0.5974797288 0.5496178038 0.5144294843 0.8665755687 0.8619259714
0.8800305821 0.6224748708 0.639226516 0.6382730135 0.6908471411 0.6799420527 0.8190039764 0.6613044393 0.6467743087 0.5956419405 0.5912821498 0.8456650157 0.7059583569 0.6948553282 0.6971606809 0.7009165026 0.7038204611 0.863048754 0.6029684991 0.8443039802 0.6436273973 0.8336931041 0.833292359 0.8248000214 0.8257100123 0.5229934354 0.5251960872 0.6155128694 0.8757443114 0.5297839306 0.5108574232 0.5663902999 0.5692646691 0.7266784597 0.7333602741 0.5557982449 0.5648072989 0.6608860994 0.7859792565 0.6707468654 0.6763225196 0.6595437519 0.6648725495 0.6600253002 0.5011703232 0.6967898924 0.5195558128 0.5189424445 0.5266887998 0.6753834104 0.6751454827 0.819813808 0.6684691802 0.5972440287 0.6033792091 0.5946409182 0.6532791103 0.8212897722 0.8176185919 0.861724316
0.6750071702 0.6242811698 0.6321705293 0.569337532 0.7866439532 0.7922500823 0.6522400844 0.8031807939 0.7063191014 0.7773008079 0.6200460677 0.8070977763 0.8055390894 0.705540676 0.6995834127 0.8560526867 0.8552185242 0.8524440403 0.8606842512 0.6761181949 0.8393989839 0.8376188609 0.6007782134 0.8310442975 0.6339743038 0.5232083711 0.5254007435 0.531074789 0.7799722902 0.5590807853 0.5681309576 0.5202461753 0.5609879632 0.8157054022 0.8181368397 0.8168166731 0.5530528167 0.5500709557 0.5505288596 0.6789725185 0.8085564205 0.8014350561 0.8047843729 0.6434786219 0.5590697973 0.5588733131 0.5280909591 0.5216886686 0.5268402639 0.7466807246 0.7437705296 0.5072067712 0.5985328062 0.6000826583 0.5671614118 0.6674160753 0.6505964475 0.7706165395 0.8624589355 0.8652280958
0.7297065373 0.8206085537 0.6385361573 0.6389134549 0.5254827025 0.7828800458 0.7258600456 0.7404048977 0.7871894265 0.7903350442 0.8372094504 0.6507014612 0.6221291476 0.806680757 0.8602444361 0.8594915719 0.8509679049 0.8591887838 0.8596158717 0.6544901738 0.671846146 0.6063459417 0.6039741924 0.7994132052 0.5982235376 0.5889361986 0.6380300212 0.6034034753 0.5633936167 0.7672602666 0.5678346887 0.5117943755 0.6015931205 0.6260799452 0.809589031 0.8146427271 0.5515391759 0.5433512728 0.7318484666 0.7381811442 0.8045614975 0.8024016112 0.8035327222 0.5689211839 0.5603682172 0.5655089033 0.5709964421 0.7781198206 0.6449942544 0.7414687277 0.8671078228 0.5498249886 0.5372480671 0.5276133033 0.6582080255 0.8981480102 0.6213326406 0.5118196033 0.5986676639 0.5949824802
0.732771058 0.5220143791 0.5925073824 0.5238968949 0.7055982843 0.7225903679 0.5414966622 0.6120318639 0.734511754 0.8734359597 0.8795923272 0.8713269005 0.6249233571 0.5163837786 0.6175605445 0.6536512776 0.5196983609 0.8510665416 0.5720609413 0.5575594723 0.5433844063 0.5664400679 0.7788453767 0.7984496606 0.7967578592 0.5896178495 0.5994770437 0.6046240835 0.6872642745 0.5993379818 0.8161816992 0.6051883513 0.5993688216 0.5876437745 0.8514278485 0.83842063 0.5663957215 0.8564319805 0.6354143198 0.5444518684 0.7336805059 0.6748662122 0.834611818 0.5644276834 0.717367288 0.5642066191 0.6377800741 0.5193389163 0.7462578413 0.632765963 0.5463722092 0.6354731135 0.6672262668 0.7342639341 0.6638998518 0.8238615454 0.6178609279 0.7793932286 0.6758388736 0.5151327195
0.7379789215 0.5196790435 0.5171698165 0.523508543 0.9014980693 0.6482816142 0.5503515378 0.5448944031 0.9065372068 0.7287893825 0.872268949 0.7776826908 0.8159346229 0.8004159915 0.6994262104 0.6626877455 0.6568678259 0.5255200325 0.5136702301 0.5124263899 0.5509202188 0.8288957281 0.8252226396 0.80291432 0.5302913475 0.5956362381 0.6489719264 0.5638791943 0.6570659115 0.798609672 0.711457917 0.6009158892 0.6004629389 0.6595819282 0.833027103 0.842287721 0.5079147683 0.5001034653 0.7875951335 0.7083119073 0.536260082 0.5524368254 0.8680062769 0.6303579644 0.5670984908 0.612772633 0.8552730609 0.8539820109 0.8518873315 0.7581730364 0.6306560994 0.6319114191 0.5527565298 0.5881446151 0.7288012232 0.6250117241 0.6219965929 0.7428358084 0.5680154437 0.8834630992
0.5511810431 0.8356498947 0.8942927619 0.8917262235 0.8921317087 0.9103594256 0.5432882354 0.6115762368 0.5726145314 0.897621286 0.8536660033 0.7810992803 0.5150595711 0.5329394824 0.5279738768 0.5312618057 0.5156142416 0.7850550798 0.5129723579 0.8300442379 0.8246041353 0.6633491161 0.6585307276 0.7666790388 0.7733773249 0.7653330512 0.5957216331 0.5133766744 0.7156180653 0.8875105497 0.569426648 0.8118066501 0.8123667847 0.7202697061 0.5315712064 0.7113726512 0.5068472962 0.687955738 0.5084374583 0.6059023696 0.7441892363 0.5157924702 0.5424834796 0.5479982172 0.5076757776 0.6183834812 0.612060031 0.8478704324 0.8535261934 0.6105576382 0.6337412525 0.6388333299 0.6419701443 0.5477198909 0.6107892066 0.6109442369 0.7695180162 0.6728811114 0.5017374004 0.8858043049
0.8828343547 0.8799639337 0.8847860014 0.8806216325 0.8951609394 0.7648225911 0.8209896923 0.6018519531 0.7994086526 0.6189256413 0.518327735 0.5137371959 0.5149982623 0.5080665965 0.5249090262 0.7803028576 0.7828356239 0.5704013577 0.8323536613 0.824688287 0.6666490095 0.6577792022 0.6646527809 0.7642911367 0.764243418 0.6143482632 0.6163524121 0.5040397107 0.8994022569 0.8778286883 0.8862012205 0.8077362746 0.8030418062 0.7984525173 0.802964979 0.7944514638 0.6242164335 0.6329696752 0.5343079035 0.5011024432 0.5013191042 0.6338876691 0.8027576423 0.7939963782 0.7996867684 0.6102079729 0.841831768 0.847063944 0.8415796394 0.5703381765 0.5752820383 0.6462301925 0.64070201 0.6437292151 0.8160601032 0.5294818434 0.7660512087 0.7661713732 0.6455987906 0.8204260706
0.8836876247 0.8788773414 0.8799673943 0.6463792655 0.6030070693 0.6063588566 0.6108935315 0.7043850829 0.6096505514 0.6157584215 0.5119604058 0.5090171969 0.5070754363 0.508211327 0.5254637854 0.6508790676 0.7892355936 0.7511814889 0.8376612108 0.5124303603 0.5043008848 0.6667147904 0.6622444504 0.7646526413 0.6005400078 0.6123173473 0.6161489328 0.5365455225 0.513439596 0.8407270786 0.892999532 0.5585004146 0.8048695296 0.8016443484 0.7932565629 0.6187118107 0.6239259289 0.6261014964 0.5026447596 0.5066287394 0.6295857967 0.8059468842 0.8002983857 0.7980193752 0.7900929286 0.8455322452 0.8379645975 0.8391300726 0.8393297212 0.6252572836 0.5800223998 0.5372290304 0.6471002335 0.6459868135 0.5997737646 0.5435325178 0.5131634067 0.5770555787 0.5377320403 0.5292408469
0.8831295833 0.8777790959 0.8840999532 0.8861823231 0.7089445372 0.5977420988 0.8106628173 0.6135594655 0.5127592274 0.6161196048 0.5165213496 0.5107375247 0.5051451036 0.5060466525 0.5297504868 0.5307426433 0.8191201222 0.5907787451 0.833635907 0.5087813448 0.8347105743 0.5116401015 0.6666662205 0.6199180705 0.6196386912 0.6221960307 0.616991834 0.7934856636 0.8099077967 0.8159284478 0.7389229532 0.5038407015 0.8070647881 0.794934392 0.7980745037 0.7998549449 0.6258457848 0.8381430367 0.84061765 0.8418216763 0.8420756051 0.7972930411 0.682517016 0.7907592291 0.790682551 0.8430806522 0.8361966357 0.8372918214 0.8415423913 0.7208392716 0.8351581546 0.8299464266 0.832235107 0.8515198886 0.769540338 0.5103070809 0.5034334839 0.5108620281 0.626764299 0.7178380561
0.8834900341 0.8856576597 0.8801741403 0.885092653 0.8891505139 0.5272302778 0.8103171525 0.8011134888 0.5947016319 0.5999717541 0.7322627188 0.7610241116 0.5110739094 0.5478118601 0.5548503421 0.5389450002 0.7544561241 0.7863062769 0.7686088204 0.8008174626 0.8099812464 0.5672162742 0.7212341655 0.6288156325 0.6254844814 0.7873260044 0.5092737274 0.7973771501 0.7908808677 0.8069287306 0.892127901 0.9008929587 0.891963517 0.7718871516 0.5224832358 0.8006385713 0.807974819 0.8330466146 0.8343098294 0.8393087219 0.8434972674 0.6721213431 0.7918899393 0.7337593581 0.6707267924 0.8445962692 0.7518730864 0.8368179611 0.844061182 0.7287411997 0.8299837076 0.8283756627 0.8330259692 0.7572109516 0.8269371864 0.5085869739 0.5066871531 0.8573491871 0.8952499718 0.7149810972
0.8195817867 0.523600743 0.623684509 0.873090829 0.522941344 0.5189129565 0.5198186787 0.7592798405 0.6710048035 0.7515010697 0.7684071917 0.5206175925 0.8074064903 0.5505081351 0.5484218339 0.5491042752 0.7458209429 0.7472388033 0.7866942528 0.6303708529 0.8988833347 0.7596462383 0.8656951162 0.5681064531 0.6347212471 0.8781513566 0.6024361635 0.7078812369 0.7156444845 0.8137147967 0.8968629205 0.8919471518 0.7813647172 0.8070509814 0.5020388706 0.6393604697 0.7790318845 0.8396674534 0.8306291733 0.8380443329 0.8441182666 0.6705340274 0.8298991886 0.6775488138 0.668693792 0.660302225 0.661736288 0.840511273 0.8465933642 0.6825143569 0.8366888134 0.8288499634 0.7308345479 0.6951203143 0.8305065483 0.7778008621 0.6446048477 0.768343334 0.720987602 0.720110609
0.857106643 0.5169388048 0.5837871928 0.5623252707 0.8292251283 0.514974577 0.5204115995 0.6041311345 0.514055164 0.5183291249 0.5164834527 0.5869321741 0.6537014221 0.5564079176 0.7462470536 0.5563061933 0.7415491368 0.7325575628 0.6206280698 0.6328306596 0.8512568665 0.5716510027 0.856404039 0.7334548281 0.5725423813 0.8127408374 0.8023043008 0.8010217738 0.8026213467 0.7010206612 0.8991414521 0.8977707468 0.5020486108 0.7684618668 0.5444821615 0.5408944437 0.7840242651 0.8404851122 0.8317024907 0.8309673756 0.6774889294 0.6696761406 0.6799563984 0.6726612819 0.6601741704 0.6528339748 0.6570852157 0.8192215732 0.6745693986 0.6761946538 0.5478543793 0.8807666808 0.7719844445 0.7598351777 0.7579149767 0.7567447904 0.7683230456 0.7083793872 0.646184509 0.6978223881
0.8375834865 0.7155408368 0.7324062386 0.7347703906 0.7372813449 0.8497757134 0.5185492471 0.7194510383 0.5101835276 0.5091214681 0.5095791879 0.6624151808 0.6580272501 0.6597163627 0.6649580839 0.823008766 0.681350495 0.6852156032 0.8318363983 0.7077203106 0.857638408 0.8505002219 0.624069709 0.8605979004 0.6157691464 0.8722678803 0.8086187482 0.799770514 0.8046198473 0.8139881449 0.6617779145 0.8336246564 0.5030760699 0.5068997158 0.5391741937 0.544462932 0.6845519217 0.8318952965 0.8343852453 0.858259788 0.9025873428 0.9034688326 0.6887903353 0.6700014307 0.5437761053 0.6546794087 0.6557334789 0.6641114638 0.6665756811 0.668621624 0.6858868248 0.8515619511 0.8805272327 0.6511186093 0.7538274349 0.7454979154 0.6376603275 0.8998693288 0.7702120216 0.668715232
0.6361230238 0.5450556923 0.7403544673 0.7315212153 0.5532567624 0.5460903982 0.7891706676 0.7212769974 0.7202511521 0.720544086 0.5147688803 0.6813381508 0.6628062693 0.6121532947 0.6315211232 0.6289276933 0.6335320109 0.6755190489 0.5583821115 0.5498818122 0.859400514 0.7695149432 0.5878175939 0.6124089067 0.8752804085 0.7122255387 0.679892082 0.5382929743 0.8048710876 0.8176199509 0.8788253367 0.513005705 0.7622808207 0.5428721446 0.6559080514 0.5438434028 0.8885430494 0.6008768865 0.8552840281 0.8975840153 0.8968749427 0.8982481562 0.7106967616 0.7334476036 0.6728185711 0.6632646235 0.6607713694 0.6630232321 0.6693899338 0.6710949479 0.8875881544 0.8814289233 0.8673401915 0.8748460497 0.7450078418 0.7456462347 0.8758628255 0.7785124762 0.6323042784 0.6602026226
0.5451521712 0.7877044935 0.7379792479 0.7229944282 0.8794588478 0.7873722979 0.7880395349 0.7183089456 0.7140124175 0.6676828345 0.6739405943 0.6736186199 0.6569493695 0.6428741032 0.6326812272 0.6253883395 0.6276049171 0.5882443544 0.5416113031 0.7922593062 0.6311109278 0.7414144533 0.7866438516 0.6861952854 0.6701102095 0.689532153 0.8445347549 0.8106776947 0.5309774979 0.6059588651 0.6310908324 0.8804986829 0.7997932755 0.8698696213 0.8700127297 0.8681397776 0.8729482467 0.5121958647 0.5535075051 0.6937785346 0.8860479128 0.9004423489 0.510773669 0.7618498764 0.6717156703 0.6699885418 0.6661257116 0.6659574114 0.6651949374 0.6639474389 0.5657610076 0.8760027462 0.8736556861 0.864933362 0.8685421135 0.8466481743 0.8533915708 0.6670344174 0.7427127294 0.6700349655
0.7391422882 0.7394892091 0.8875344067 0.650574543 0.870007242 0.6294259319 0.7959843051 0.6977903861 0.7218880045 0.6727525024 0.664375531 0.6682948734 0.6661158258 0.8717425313 0.6276675525 0.6345713174 0.6063821546 0.5720620689 0.569521827 0.7957811759 0.7882800402 0.7862166227 0.6834800136 0.8684595416 0.7571857927 0.6010032606 0.6032918403 0.5448412418 0.5600613924 0.5252728892 0.7516648725 0.7528362735 0.7273358232 0.8379940984 0.8612955703 0.867736627 0.6725474873 0.5249676907 0.5182659048 0.5225957594 0.5193944406 0.6392823418 0.5715383084 0.5769753779 0.6766195947 0.6780942048 0.6554933057 0.82097489 0.7231586295 0.839729815 0.8236641667 0.8749881011 0.8726221138 0.8661900567 0.8164659748 0.8204643923 0.7025581341 0.7319339589 0.7745698234 0.8601979873
0.7431144955 0.7390925504 0.7389443256 0.7393878293 0.6209180818 0.6209709485 0.6765902592 0.6991459788 0.6802014194 0.6689352743 0.6663799008 0.6643937191 0.6693206984 0.6761949455 0.6037388951 0.6024178777 0.8738080748 0.5630711387 0.5622198065 0.5663217501 0.7087509952 0.7933273254 0.7902358796 0.7036805599 0.778221387 0.5437522477 0.5454779816 0.8278909816 0.8298638548 0.7240297031 0.5700504015 0.7456571854 0.5922800966 0.6181958319 0.7399922963 0.894865077 0.7414694926 0.5207479183 0.5194013145 0.5176732733 0.5225782834 0.7054496167 0.7730132882 0.6854674665 0.6321789605 0.7458942649 0.8248608968 0.5372196388 0.8247544105 0.5468012803 0.8652558696 0.8741865106 0.6885804763 0.7287515773 0.8211861959 0.8249418573 0.6561077684 0.830470588 0.6684209926 0.5293587779
0.7340774447 0.7339725837 0.7301007109 0.7361498421 0.7446779972 0.6290286175 0.6867952642 0.8769017956 0.7538028327 0.6735571746 0.6717508955 0.6701417168 0.6697786537 0.5654535543 0.6087114812 0.60715207 0.5660814759 0.5602380939 0.5368477701 0.6018851651 0.7718581346 0.8000937317 0.7998802415 0.8594870856 0.5440512845 0.5423632659 0.5375676951 0.8298092839 0.8275554364 0.5072794163 0.7014936286 0.6958461648 0.7428821466 0.733996981 0.5296655683 0.9001161885 0.9043374716 0.7279565832 0.5235880853 0.5220980028 0.5237984379 0.6583312825 0.5504252043 0.7906969292 0.5642751402 0.6111728933 0.5433599069 0.5709577879 0.6074482694 0.8344193841 0.8107157252 0.6283717404 0.6333607578 0.5254414489 0.5258099542 0.6524206342 0.6605481638 0.5331543785 0.8816285061 0.5843610626
0.6825957249 0.7377084258 0.7352108012 0.5692290575 0.7393019664 0.8550744736 0.6505260924 0.6428220081 0.6455334763 0.678939689 0.6765136973 0.68087724 0.6841737283 0.6931333989 0.8704264625 0.6920041031 0.5680592587 0.5138502589 0.8966607486 0.6405907538 0.839282043 0.6402871532 0.6252663915 0.7508927866 0.6472551666 0.5522174617 0.5367776868 0.5369167111 0.8984937099 0.9034030008 0.5377282243 0.6956238258 0.7432124332 0.7363536179 0.7348868277 0.8595176103 0.7228817385 0.7253292768 0.8454902507 0.5335179373 0.5921877706 0.8900115195 0.8821675479 0.8786327216 0.8815053997 0.5901779284 0.8780903806 0.5706739483 0.5918063136 0.6561101955 0.8290557453 0.8099104706 0.6809070848 0.5235082003 0.7191957964 0.812592897 0.6622111855 0.876758167 0.7095111874 0.6196792485
0.6030594129 0.5689789048 0.5779619107 0.5694664538 0.5726132072 0.8641146409 0.6508503543 0.6463369738 0.6517835969 0.6802499973 0.6829315906 0.6872439179 0.6898178997 0.6974585717 0.7745265395 0.6215060027 0.700478976 0.5383768495 0.6386806644 0.6406247301 0.6342862381 0.5381364288 0.6383407587 0.634489631 0.6310220522 0.6393510626 0.5366622024 0.5458079216 0.9042341656 0.8971759218 0.8985120195 0.6958109876 0.7789511756 0.5012625807 0.7813397047 0.7399975273 0.7180811393 0.7167741215 0.7209461727 0.7192436156 0.6529784147 0.7896523401 0.8791694249 0.8753799594 0.8774066089 0.6951673728 0.5873133798 0.5928748252 0.7555661338 0.5994119457 0.7488143546 0.508210766 0.5208764578 0.5158903385 0.8416462105 0.8395793704 0.6777821016 0.8394492818 0.6189382941 0.6134236852
0.8246644425 0.581963751 0.5874996753 0.5855454468 0.5036932635 0.773954899 0.6070622167 0.8891683871 0.5483196348 0.8722774911 0.8750361029 0.8720308886 0.691640497 0.7435479147 0.7413599001 0.7432902598 0.6987874481 0.5430770265 0.5339847186 0.6315034096 0.5305849271 0.8888761058 0.5978459029 0.6366363986 0.6308603269 0.6403941546 0.544646863 0.6307818246 0.9021514939 0.89888586 0.9037896529 0.7041518463 0.6987499918 0.6105808381 0.610365809 0.5682862445 0.725440398 0.7261047839 0.7180887249 0.5384707371 0.7918059407 0.7024464483 0.882135756 0.6104180721 0.6118224965 0.6107384748 0.6190526774 0.5956434916 0.6335695748 0.8596836846 0.7013170468 0.8194746584 0.5226510955 0.5171222391 0.5219861882 0.8808874957 0.8313649263 0.6764777687 0.6205432718 0.5819682288
