landscape/hab_quality/256/simulation_000095_p042_h010_HABMAT_patch_more_500pix_modified.asc_ac_0.5_quality.asc
NCOLS 513
NROWS 513
XLLCORNER 0
YLLCORNER 0
CELLSIZE 9.980507
NODATA_VALUE NaN
[rows 72 to 107 of 513, columns 164 to 245 of 513]
0.7705715958 0.7749650123 0.7328742143 0.7821780067 0.7167410049 0.7170202485 0.5788378836 0.7204098369 0.7218089066 0.658565566 0.6614980999 0.6595788367 0.6604823916 0.8259544053 0.8346564038 0.6582700118 0.5552283798 0.5508319955 0.5446153443 0.7648617626 0.7622349113 0.7713340539 0 0.768231321 0 0.8914993532 0.8935348705 0 0.6360851971 0.8658202998 0 0 0 0 0 0 0 0 0 0 0 0 0 0 0 0 0 0 0 0 0 0 0 0 0 0 0 0 0 0 0 0 0 0 0 0 0 0 0 0 0 0 0 0 0 0 0 0 0 0 0 0
0.7824224723 0.5357414487 0.5377725729 0.6267978455 0.7199079106 0.7174500431 0.7229629194 0.6430750954 0.7238540145 0 0.6706737589 0.663581414 0.8258278916 0.8336956724 0.8337683128 0.5795230617 0.8013151331 0.5459124972 0.5465637757 0.6525423173 0.6504928253 0.881746701 0.6538822391 0.7749769707 0.8363382579 0.5869105137 0 0 0.7505212221 0 0 0 0 0 0 0 0 0 0 0 0 0 0 0 0 0 0 0 0 0 0 0 0 0 0 0 0 0 0 0 0 0 0 0 0 0 0 0 0 0 0 0 0 0 0 0 0 0 0 0 0 0
0.532502628 0.5378171877 0.5390258971 0.7978596569 0.8006777056 0.7973775866 0.5577190747 0.8124068707 0 0.8455870794 0.8406961238 0.8325684017 0.8299856316 0.8269735621 0.8451117369 0.7551569124 0.5879005089 0.7593479318 0 0.701279074 0.6469073346 0.6502251516 0 0.8707101198 0 0 0.7462134911 0.7427352553 0.7435933564 0.7452316381 0 0 0 0 0 0 0 0 0 0 0 0 0 0 0 0 0 0 0 0 0 0 0 0 0 0 0 0 0 0 0 0 0 0 0 0 0 0 0 0 0 0 0 0 0 0 0 0 0 0 0 0
0.5611529518 0.5374669343 0.8181492994 0.811600233 0.7967472064 0.817602325 0.5672002713 0.5301791704 0.6165870077 0.6328560193 0.8402661118 0.8384187786 0.8355391552 0.8331069165 0.7581493995 0.7562617965 0.7273043292 0.7523647727 0.6513472419 0.6512062907 0.6566519835 0.6489531923 0.6525156482 0.7553394564 0.6435974564 0 0 0 0.7371554807 0.7378868162 0 0 0 0.8810302017 0 0 0 0 0 0 0 0 0 0 0 0 0 0 0 0 0 0 0 0 0 0 0 0 0.8851647839 0.8930102226 0 0 0 0 0 0 0 0 0 0 0 0 0 0 0 0 0 0 0 0 0 0
0.5634090487 0.5631210005 0.8094365188 0.8090304529 0.8147103693 0.8124984732 0.5919867327 0.8206037745 0.859645191 0.6251831453 0.5181190146 0.6361478426 0.6343807194 0.5452412588 0.7846723185 0.7552548279 0.7521623891 0.6871464603 0.6522534503 0.6589014015 0.652695816 0.6571313741 0 0 0.6224668773 0.7382015072 0.7382082016 0.7329992227 0.7299405486 0.7316528074 0 0 0.8767232164 0.8779079173 0 0 0 0 0 0 0 0 0 0 0 0 0 0 0 0 0 0 0 0 0 0 0 0 0 0.8847116513 0.8932758468 0.5387735546 0.6792411643 0 0 0 0 0 0 0 0 0 0 0 0 0 0 0 0 0 0 0
0.5628888379 0.7966870158 0.8138055631 0.8154192346 0.8071308657 0.808173519 0.8156794351 0.8547633189 0.8557094261 0.621640752 0.7306776967 0.5576031198 0.6331233549 0.5438031635 0.5428590622 0.5506790647 0.7510218603 0.6805316142 0.6786518244 0.6453564036 0.5374563387 0.6014709976 0.5548062271 0 0.8651602261 0.5653718936 0.5565070565 0.733341752 0.7263091381 0.7330881822 0 0.8747038401 0.8779621703 0 0 0 0 0 0 0 0 0 0 0 0 0 0 0 0 0 0 0 0 0 0.7364763998 0.5420068944 0.7278120478 0.8972873243 0.8900894403 0.8945282402 0.8937596466 0.5834975396 0 0 0 0 0.6120317736 0 0 0 0 0 0 0 0 0 0 0 0 0 0 0
0.8159654696 0.8123751009 0.7602987708 0.8106885516 0.8109984608 0.8109046832 0.8146631119 0.8249319272 0.8530362709 0.8548974545 0.6186401899 0.7471564707 0.5533120861 0.548003309 0.5419871147 0.5501409058 0.7547638268 0.6813797368 0.6817399172 0.6812993509 0.7344567097 0.6456643676 0.6237599954 0.8280284755 0 0.5661131395 0.8160739351 0.7321034185 0.7275164131 0 0.8836762366 0.8773124055 0 0 0.7844022291 0 0 0 0 0 0 0 0 0 0 0 0 0 0 0 0 0 0 0 0.5312618046 0.5405613561 0.8687282388 0 0.6315959047 0.8952413117 0.8994929458 0.5972837321 0.839195819 0 0.836265928 0 0 0.7375955751 0 0 0 0 0 0 0 0 0 0 0 0 0 0
0.6494495323 0.6496631105 0.8157759856 0.8158692491 0.8122842013 0.8191978993 0.8174997697 0.8189197869 0.5460439332 0.853361805 0.8162198827 0.5632116049 0.5346093973 0.5443017126 0.5439189388 0.5479044206 0.8921637229 0.8846965887 0.6099343296 0.6087389636 0.6066809479 0.8698926592 0 0 0.830541228 0.8223695429 0 0.7306210246 0.7282617829 0.7287709362 0.5772098308 0.5787707673 0 0.766152152 0 0.543534749 0 0 0 0 0 0 0 0 0 0 0 0 0 0 0 0 0 0 0 0 0.588515695 0 0 0 0.9024371676 0.8475520445 0 0.8477372025 0.8552757186 0 0.6188632296 0.6231533122 0 0 0 0 0 0 0 0 0 0 0 0 0 0
0.6443002819 0.6447617362 0.7559544852 0 0 0.531498463 0.5241719305 0.5860195703 0.8252614854 0.8461606582 0.8533846788 0.8493265561 0.5530198167 0.5448508904 0.5520448096 0.5356302952 0.6038911768 0.8898206976 0.667398221 0.6096430596 0.601526831 0 0 0 0.7136891268 0.7609654607 0.7587987601 0.7187373594 0 0 0.733474766 0.5868596036 0.7581317093 0.7578904359 0 0.5366707192 0 0.5298833416 0 0 0.5786001101 0.5221959287 0 0 0 0 0 0 0 0 0 0 0 0.536351087 0.5909657664 0.5829445247 0.5858100343 0 0 0 0 0 0 0 0 0.6302971573 0.6261541323 0.6169900042 0 0 0 0 0 0 0 0 0 0 0 0 0 0
0.6505628811 0.6151581005 0.7956725919 0.8067016646 0.5290891626 0.5218341405 0.5243006458 0.8030573953 0.8434638398 0.8459085613 0.8434056058 0.8409445376 0.7070904319 0.5562820962 0.562824272 0.5544795627 0.6247184706 0.6415026147 0.6142955808 0.6032765581 0.6021644652 0.5986902656 0 0.5499175627 0.7015670958 0.6424076885 0 0.7448410312 0.7245040505 0 0 0 0.5345826279 0.7625610775 0.5376517407 0.5341694664 0.5267225137 0.5719724152 0 0 0.8929238357 0 0 0 0 0 0 0 0 0 0 0 0 0 0.5847854713 0.8108921549 0 0 0 0 0 0 0.768654709 0.7494467666 0 0 0 0.6182069257 0.620285865 0 0 0 0 0 0 0 0 0 0 0 0 0
0.7576763156 0.546991548 0.5387559651 0.562890842 0.5297705314 0.5253083704 0.6128418893 0.8474031059 0.8482699832 0.8433555794 0.8457255021 0.8542158551 0.8599803158 0.5618077725 0.5544750784 0.6216833664 0.6278319428 0.9116642538 0.9075923552 0.842482246 0 0.8380636503 0.8968235827 0.6949541476 0.704420931 0 0 0.7543009994 0.7533465812 0 0.8627461435 0.5793451956 0 0.5728316025 0.5324424761 0.5304689217 0.5015290361 0.5279303811 0.8534752573 0.8565949161 0.8802905945 0.8844283696 0.8598059006 0 0 0 0 0 0 0.8108896839 0 0 0 0 0.5395665655 0 0 0 0 0 0 0 0 0.5201874486 0 0.7468372692 0 0.6217804466 0 0 0 0 0 0 0 0 0 0 0 0 0 0
0.5396601994 0.5420227499 0.6198314907 0.6771668981 0.6939035796 0.6966393276 0.6525392158 0.7937527985 0.8483799069 0.850545904 0.848267924 0.8502724501 0.8678404638 0.5557988176 0.5619771096 0.7404753447 0.6228348736 0.886645127 0.9022320941 0.8190117354 0 0.8357248327 0.8403501346 0.8436335341 0.8433766898 0.8731043952 0.8756334456 0 0 0.6545202824 0.5849574985 0.5777618149 0.5746860329 0.5670079049 0.5354517848 0.8800941683 0.502940131 0.7230367134 0.5360311652 0.8566346367 0.8773421341 0.8566055096 0.8529978755 0 0 0 0 0.5293279302 0.807855468 0.8044510641 0.8060033868 0.7632935123 0 0.6672872082 0.8026001907 0 0 0 0 0 0 0 0.5885555547 0 0.7376443938 0 0 0.8813067429 0 0 0 0 0 0 0 0 0 0 0 0.7775023386 0.8211871353 0
0.5471789544 0.5420800409 0.6864493797 0.6914978785 0.6914710354 0.5721195279 0.8959843762 0.746186379 0.7498192663 0.7485229688 0 0.8502358248 0.8598630921 0.564602461 0.5682115871 0.5650992579 0.8851554206 0.8943287667 0.5590214539 0.8465000041 0 0.8353569428 0.8317989563 0.8365631633 0.8434780045 0.8723680769 0 0 0 0 0.6971237115 0 0.8287610677 0.570548421 0.8224930548 0.7029771291 0.6971865205 0.6714746434 0.7086521768 0.8827154368 0.8740551686 0.8626583297 0.8752239671 0.8672753775 0.8656281865 0.8614425486 0 0.5031758878 0.8067113362 0.5041175917 0.744844103 0.7508659013 0.5265309266 0.5490080595 0 0 0 0 0 0 0 0 0 0 0.8985910806 0 0 0 0.8777722161 0 0 0 0 0 0 0 0 0 0 0.8430466116 0 0.8814973915
0.7898045735 0.7951829528 0.6945605349 0.6849997359 0.6892707417 0.7931625473 0.7454843894 0.7435268943 0.7429063635 0.7351677487 0.748456985 0.6232471835 0.714845539 0.5697547842 0.5607449217 0.6675827439 0.6682298925 0.8764081886 0.8432754312 0.8397861781 0 0 0.831676856 0.826858443 0.8845294914 0.8729906728 0.5050477955 0 0 0.7472074249 0.7386546945 0.6363934684 0.7158567222 0.6004748345 0.7802971189 0.700456496 0.6977940013 0.7020341343 0.7105802326 0.8922802522 0.6996939948 0.7413941125 0 0 0.8602496636 0.8669448843 0.8864265616 0.7391484812 0.5084362803 0.5110678795 0.7992789572 0.7410075963 0.5556918982 0.5517639618 0.5444107575 0 0.683530248 0 0 0 0 0 0 0 0.8439583567 0 0 0 0 0 0 0 0 0 0 0 0 0 0 0.871243959 0 0.6605053624
0.8556727537 0.7961544517 0.6875784902 0.6202307819 0.7164359144 0.752799293 0.744240946 0.7355629945 0.7346744651 0.7408912782 0.7442125354 0.6650914379 0.6308711039 0.563187746 0 0.561858366 0 0.5355569546 0.5384859349 0.8392220945 0.8321381785 0.8290178495 0.8221844409 0.8278265085 0.5895007837 0 0.880360999 0 0.7390271318 0 0.7878708101 0.7881248793 0.7872062944 0.7120284849 0.7155207248 0.8777142933 0.7087797545 0.7095045559 0.7095294628 0.889664676 0 0.8704088321 0.8632970306 0.8595315337 0.862474485 0 0 0.7405527747 0.7843192682 0.5596679099 0.7453824264 0 0 0.5527611017 0.5434920227 0.5473937852 0.5476795657 0 0 0 0 0 0 0 0.8894158801 0 0 0 0 0 0 0 0 0 0 0 0 0.7764491272 0.7438873039 0.735766514 0 0.8741920017
0.8554822587 0.8541868935 0.8562912886 0.52095938 0.8802307864 0.8926495035 0.7443550788 0.7349593616 0.7289685909 0.7361923628 0.7437825445 0.7504653847 0.6936333126 0.6397068604 0.5635313095 0.7048991784 0.5296772209 0.5351384437 0.5286308255 0.8376709529 0.8346249966 0.8260849062 0.8269952196 0 0 0 0.580278912 0 0 0.746045929 0.7480702706 0.7786064065 0.7528650692 0.7504749768 0.7185873189 0.5760236272 0.5842984863 0.5482189416 0.8912451939 0.673228043 0.8818758021 0.8719447839 0.8625029359 0.86120361 0 0.5891267787 0.5827047383 0.71621692 0.7254967668 0 0.8718472449 0.8666217039 0.5559310787 0 0.5511528062 0.5484274605 0.5496758337 0.7157217977 0.5063843837 0.8518740367 0 0 0 0 0.8112313339 0.8540480332 0.8607518522 0.579282698 0 0 0 0 0 0 0 0 0 0.5061891132 0.7411385477 0 0.8765049346 0
0.8556652876 0.8495120969 0.642960172 0.7200253824 0.8519916402 0.7483683441 0.5352913715 0.8567450379 0.7355427169 0.7504655354 0.747483054 0.7457048482 0.6760004496 0.6755771685 0 0.5334122805 0.5324810716 0.527378263 0.5290089981 0 0.8319877659 0.8323971684 0 0 0 0 0 0 0 0 0.7525537086 0.7480484025 0.7490104033 0.5530012674 0.573298221 0.7462538805 0.7812796844 0.5498023346 0.5400798699 0.5559130441 0.8808815488 0 0 0 0 0.5711042923 0.5876070473 0.7207640335 0.7159713625 0 0.8648105645 0.6413175368 0.8008769018 0.539370326 0 0.8150994873 0.8167491113 0 0 0 0 0 0.800167103 0.7931278885 0.8535076579 0.8528012695 0.8580441479 0 0 0 0 0 0.5466887268 0 0.7090109042 0 0 0 0 0.6156738691 0 0
0.5753860982 0.7070586146 0.7045889771 0.7128890408 0.8468422829 0.8447429051 0.8503267235 0.8606159261 0.7199279291 0.5932502342 0.6881985682 0.6955488204 0.6730643598 0.674619725 0.6762941082 0.8189697054 0.528503876 0.5344778139 0.5345493682 0 0.8408230739 0.8387604827 0.8349172225 0.842603484 0.6415683133 0.6476657496 0 0 0 0 0.7500409768 0.750798483 0.7530340386 0.7544340082 0.7314551277 0.7291611645 0.7304208639 0.8499465147 0.5630928926 0.5588392083 0.8940968485 0 0.6021642208 0.6006048381 0 0 0.862750573 0.8619797677 0.6599529385 0.8941123243 0.8973782678 0.6486216532 0.6398588319 0.7968416448 0.819799384 0.8123087453 0.813922006 0 0 0.6766235208 0.6771942631 0 0.6655658206 0.6647394963 0.6684330385 0 0.8590046725 0 0 0.8293392495 0 0 0.5540379761 0.555870765 0 0.7748906659 0 0 0 0.6244882014 0 0
0.5743718481 0.7133924908 0.703900352 0.509473348 0.7333000617 0.7389310159 0.735834872 0.7381307335 0.5853459248 0.5850960635 0.6705988411 0.725578748 0.668396445 0.6673897749 0.6772169727 0.814298071 0.8090925491 0.6358095619 0.8276923592 0.8196113911 0.8212045145 0 0.8374999429 0.8303418116 0 0 0 0 0 0.6572346117 0.5388702829 0 0.8631046774 0.7621419094 0.7304622255 0.7275880558 0 0.7596255581 0.7722167168 0.5714338044 0 0 0 0 0.5951553495 0 0.8830994934 0 0 0 0 0 0.8558536237 0 0 0 0 0 0 0 0.6806087338 0.7122703015 0.67045197 0.6634313708 0.6657009094 0 0.8031141668 0.7560581198 0.8346675543 0 0 0 0.5624558548 0 0 0 0 0 0 0 0.616723035 0.6115475829
0.6612372977 0.7092827207 0.8138889364 0.7068424051 0.7301526706 0.7233944103 0.7325653977 0.5983104789 0.5893779802 0.5886319618 0.6712588622 0.6654755657 0.6621666068 0.6689722349 0.7703768521 0.7674458691 0.6098612997 0.6796399888 0.8294363428 0.7958163634 0 0 0 0.547750631 0.5057491559 0.7374323166 0 0.603084622 0 0 0 0.6860143046 0.7074379117 0.7091381472 0.7338409965 0.7354751773 0.7370625602 0.6603051164 0 0 0 0 0 0 0 0 0.7992225303 0.790923132 0 0 0 0 0.8468454555 0 0 0.6145676576 0 0 0 0 0.7420205181 0.7410992879 0.7386603024 0.7392982457 0.7437283331 0.7452796496 0.7467837936 0 0 0 0 0 0.5566834567 0.5642855216 0.6055277341 0.7869412792 0.7946740698 0 0.8405034778 0 0 0.6043059761
0.6500748903 0.6578266607 0.6595883684 0.8220560899 0.7328210754 0.7233809372 0.7322362782 0.7353227552 0.7713843388 0.7733961394 0.7674578455 0.7666533524 0.7527204852 0.7591279746 0.7656515954 0.5332192369 0.7636109391 0.6702779884 0.7290224421 0.7432844514 0.7433755716 0 0 0 0.7419158331 0 0.7439817791 0 0.5716714843 0 0.599902441 0.7225948311 0.7012209346 0.7027761671 0.7354500887 0.7306368105 0.7328303324 0.5605749023 0 0 0 0 0 0 0 0 0 0 0 0 0 0 0.8538637054 0 0.6180690235 0.5839614912 0.5367813629 0 0 0.5004712534 0.7444133701 0.7415270459 0.7382209514 0.73786876 0.8513433962 0.7422939852 0 0 0.862520291 0.8911935621 0.8219019268 0.5598282458 0.5642458516 0.6001849359 0.6073439423 0.5995289264 0.7883014447 0.7037061604 0 0.5820949319 0 0.6126091525
0.6484806569 0.6506115666 0.6583513172 0.5145999077 0.5113304542 0.5149231323 0.5130086222 0.509018276 0.7654275252 0.7653652055 0.7636786248 0.7567744968 0.7507260624 0.7760619698 0.7544006584 0.7594663554 0.7289363152 0.7253541117 0.7264994494 0.7350325966 0 0 0 0 0.8098034632 0 0 0.8650436142 0.8346492486 0 0 0.5941802661 0.5893803504 0.5883218473 0 0.7363755027 0 0 0 0 0 0 0.7075458528 0.7140678895 0 0 0 0 0 0 0.5802939174 0 0.8570734132 0.8066625442 0.5558447949 0 0.7235846519 0.716284659 0.7252953467 0.7243095983 0 0 0.7330595703 0 0.7337729296 0.7366664536 0 0.8459483368 0 0 0.6248610429 0.5988117789 0.608556895 0.5978244871 0.5990700273 0 0 0.7094851241 0.842958852 0.5191283338 0 0
0.6489852808 0.6535388529 0.6511629384 0.5175545453 0.5107649421 0.5024153704 0.5071128717 0.5116620852 0.5123511889 0.7713435107 0.7682532831 0.7605796697 0.7560680165 0.7486587269 0.7425630204 0.7457678174 0.7523025797 0.7232437528 0.7298567671 0.7368538955 0 0.8904077511 0 0.7361971647 0.6170671335 0.6077222313 0.6077977256 0.6094822749 0 0 0 0.5932252318 0.5859017481 0.5909673805 0.5921162578 0 0 0.8553170406 0 0 0.7020485998 0.699932424 0.7085968108 0 0 0 0 0 0 0.8683347582 0.8970964257 0.6589387749 0.7881074616 0 0 0 0 0.7196245333 0.715970475 0.7257767327 0.7511322345 0.7457057779 0.7363175534 0.7273506616 0.7277595342 0.7407976836 0 0 0 0 0 0.88192726 0.6478544859 0.5965176338 0.5932630733 0 0 0 0 0 0 0
0.8416057715 0.8361682691 0.8073094482 0.5168170903 0.5109588658 0.5011921644 0.5068665082 0.5075578674 0.5096601514 0.7773664065 0.7625322239 0.7590107141 0 0.7501686238 0.7409548365 0.7499685535 0.7591557781 0.7257822678 0.7276868993 0.7363987721 0.8573781487 0 0.7069657148 0.6799808514 0.5874057664 0.6554137021 0.6059607007 0.6012397872 0.6813927854 0.6850532734 0.7971345505 0.8608391291 0.516746459 0 0 0 0.7937353472 0.6875663007 0 0.6741176581 0.7073001748 0.7050242509 0.7019553669 0 0 0 0 0 0 0.585040645 0.781982388 0.7735738728 0.7818897507 0 0 0 0 0 0.7167840015 0 0.7504549862 0.7424509197 0.733253364 0.7369537047 0.7371011631 0 0.8024955724 0.804859666 0.8066488961 0 0 0.7624352208 0.7679851787 0 0.5088440439 0 0 0 0 0 0 0
0.7004052382 0.7596987225 0.8522870466 0.5167276237 0.5092710458 0.501407574 0.5006525938 0.5031419753 0 0 0.7676264049 0.7367922605 0.7558509382 0.7465309481 0.7166818947 0.7428433029 0.759710584 0.5430152576 0.5502767085 0.8531602217 0.8584977393 0 0.6564169838 0.6509288722 0.6463900127 0.6471878445 0.6061559767 0.6021877018 0.605611605 0.6874715988 0 0.8643384332 0 0 0 0 0.5350767751 0.5882769152 0.5831895592 0.8239608296 0.8243933058 0.8272941416 0.8242811718 0 0 0.5136197406 0 0.5851415982 0.5784154236 0 0.7823812714 0.7804864643 0.5383659074 0.5395282229 0 0 0 0.686471581 0 0 0.6276646863 0 0.8408436412 0.7448883475 0.7440153993 0 0.8052008345 0.5641881735 0.6278887739 0 0.7957304948 0 0.7698780953 0 0.5038029224 0.5061767765 0.5090488998 0 0 0 0 0
0.8487005621 0.8461761568 0.5255173268 0.5184655521 0.5097064193 0.508418374 0.5061863313 0.5049962509 0.5072225705 0 0.6088099535 0.7420627844 0.7308933276 0.7253686343 0.7248612474 0.7236996123 0.6929143976 0 0.8639378996 0.8518057471 0.8535988158 0.8484070291 0.6531830149 0 0.6429431029 0.6491965018 0.6571704127 0.6074845802 0.6427161908 0.6432503935 0 0 0 0 0 0.8809379119 0.5821965623 0.582019069 0.587387446 0 0.8144768626 0.8195651473 0.8276455704 0.7693027852 0 0 0.588994339 0.581968207 0.5880240661 0.5877391291 0.777825794 0.7877681673 0.5398824822 0.5312733396 0.5110391893 0.5070550308 0.5084574648 0.695487905 0 0 0.5231571472 0.8386347867 0 0.6453594622 0.8145240762 0 0 0 0 0 0 0 0.5687422962 0 0 0.5050295852 0.6639243001 0 0.5192740825 0 0 0
0 0.525657276 0.5171561359 0.5102511253 0.5112626942 0.50771973 0.5133816377 0.5130018649 0.5205518275 0.528717976 0.8597243253 0.7349822644 0.733142914 0.7323046658 0.731213999 0.5097242385 0.6852854776 0 0.8626075033 0.855897199 0.8468109185 0.8501929808 0.8503679986 0.6469766077 0 0.6435733831 0.6520701245 0.6502899861 0.6593812128 0.6492262639 0 0 0 0 0.7297619191 0.5868732602 0 0 0.585143512 0 0.81176482 0.8207929306 0.828947713 0.8285890142 0.7711502969 0 0.5837484472 0.5897190959 0 0.5944831461 0.7795698319 0.7859473521 0.534170686 0 0 0.5065025285 0 0.7687669788 0 0 0 0 0.8470472215 0.5269898959 0.5181114972 0 0 0 0.5654441103 0 0.7960170238 0.646928563 0 0 0 0 0 0.6855019128 0.7053552679 0.5178549918 0 0
0.7354780482 0 0.5206431116 0.5115959462 0.5269915095 0.5183720273 0.5143113798 0.5155412542 0.5245584377 0.529053588 0.5360233287 0.7336330581 0.7389486575 0.7371989074 0.7364620079 0.6923227638 0.6897641009 0.6869705378 0.8602638945 0 0.8485372971 0.8465550695 0.8468161856 0.6539624691 0 0 0.6483453199 0.6590353051 0.6635647957 0.7907936887 0.7034248572 0.8893008456 0 0 0 0.8116776272 0.7973659674 0.5896516586 0.5883537838 0 0 0.819073095 0.8356634953 0 0.7731971735 0.7985500418 0.7677010675 0.5914552903 0.6215621651 0.5559816372 0.7905198385 0.765707413 0.6868640665 0.7943203256 0.5087630152 0.5081599713 0.5162686642 0 0 0 0 0 0 0 0.5208808333 0 0 0 0 0.5704469038 0.7541555925 0.6814610607 0.6925732484 0 0.5220979103 0.5136308417 0.5215818677 0 0 0.7771393694 0 0
0.7349947567 0.7314792535 0.5192476584 0 0 0.521822112 0.5283435971 0.5143245064 0.522838295 0.5317504437 0.791890231 0.7906623905 0.7460357212 0.7465010047 0 0.8549063452 0.8462206281 0.8426017538 0.83913449 0.8531918694 0.8544977498 0.8551192197 0.8473437876 0.7160602225 0.7990800176 0 0.5293328561 0 0.7029458013 0 0.8200716934 0 0.7726617717 0.7722679389 0 0.5662959903 0.6972880502 0 0 0.7788577839 0.7756627233 0 0 0 0.7669104815 0.7622050608 0 0.7150283813 0 0.6146884476 0 0.5709139641 0.6870643397 0.7682449019 0.6889360312 0.7223766599 0.726776368 0 0 0 0 0 0 0.5033773788 0.7893351723 0.5274439672 0 0 0 0 0.5422036754 0 0 0 0.5181686447 0 0 0.5306848675 0 0 0 0
0.7365171056 0 0.7333783393 0 0 0.5290472214 0 0.5318099703 0.7458966662 0.5263504147 0.7824958029 0.788404122 0.7405421319 0.7374630133 0.7345178073 0.7367479568 0.6847481978 0.8373254997 0.8432534767 0.899876005 0.8587785327 0 0 0.7741855599 0.7739608201 0.5449684736 0.7861084959 0.7966487404 0.7012156108 0.7048794172 0.6996483694 0 0 0 0.5694319971 0.5651626536 0.5703486756 0 0.868711445 0.7752260741 0.773234427 0.7738025954 0.5135780382 0.7686087252 0.7662555506 0.7619274216 0 0 0 0 0.6791757349 0.5387472652 0.7818859924 0.5388983895 0.7257383239 0.7018796724 0.7233593173 0 0 0.8396980592 0 0 0 0 0 0 0 0 0.6954912679 0 0.7176862209 0 0 0 0 0 0 0.8960973569 0 0 0 0
0 0 0 0 0 0 0 0.8088279814 0 0.5865071905 0.7839882233 0.7923956669 0.6977852899 0.7355008632 0.7295410405 0.7314340994 0.8401320493 0.8377773717 0.842102197 0.8474805602 0 0.8721823732 0.5516187669 0.8769082543 0.7692025494 0.5087754618 0.5715866937 0 0 0.7057979902 0.6810125629 0 0 0.5418257474 0 0.8056179192 0 0 0.6049951061 0.7755340013 0.771310269 0.7745903867 0.5139743772 0.521066561 0.7684361529 0 0.7690519962 0 0.6423019338 0 0 0.5429054094 0.5359327456 0.5929605688 0.7473678113 0.7337401231 0 0.7416996133 0.7943723893 0 0 0 0 0 0 0 0.6119723574 0 0.6080981345 0.5138250893 0.7278119614 0 0 0 0 0 0 0 0 0 0 0
0 0 0 0 0 0 0 0 0.5853799646 0 0.7859288661 0 0 0.7360660041 0.7334501206 0.7341318297 0.5233832631 0.7860055245 0.8465196377 0.8446923178 0.8708193353 0.8667228413 0.8762051928 0.877207508 0 0 0 0 0 0.8932540769 0.8011946484 0 0 0 0 0 0 0 0.6117670502 0.7780047816 0.7733292674 0.7716021687 0.7039548657 0.8051387116 0.8008026566 0.770841369 0.6903763429 0 0 0.6467888998 0 0.5394554745 0 0.5453412378 0.7264532176 0.7330084748 0.7331329601 0 0.7937210879 0 0 0 0 0 0 0 0.7220841611 0 0.8103466428 0.6337991291 0.5424454834 0 0 0 0 0 0 0 0 0 0 0
0 0 0 0 0 0 0 0.576629975 0.573586132 0 0.7665440215 0 0 0 0.7926310158 0 0.8523124786 0 0.6595049475 0.8233490667 0.8689214652 0.8727188691 0.8698236965 0.8811818448 0.6253823122 0 0 0 0 0.6372699015 0 0 0 0 0 0 0 0 0.5480491627 0.6336329247 0.6299178703 0.8167673642 0.8035509783 0.7980592437 0.8004519434 0.8041385185 0.8187776737 0.8843087622 0.7755308234 0.7812586624 0 0 0 0 0.732870845 0.7240705627 0.5560858413 0.8384530257 0.8379878837 0 0 0 0 0 0 0 0.8419031103 0.7212095565 0 0 0 0 0 0 0 0 0 0 0 0 0 0
0 0 0 0 0 0 0 0.5756675117 0.5700415895 0.7576540018 0.7534440655 0 0 0.7861641826 0.779826811 0 0.8815204989 0.6595881638 0 0.655992068 0.6614385332 0.6653591422 0.567230447 0.809831511 0 0.8060508312 0 0 0 0 0 0.5521687619 0 0.6028829003 0 0 0 0.7262305965 0.6313694266 0.6126887089 0.823046912 0.825435621 0.7848923463 0 0.7948723584 0.8672676233 0.795600578 0.8008367623 0.5350501918 0 0 0 0 0.5812035481 0.6456613948 0.7295001015 0.7287167671 0.8374141194 0.8430826984 0.5258636443 0 0 0 0 0 0 0.7247699641 0 0.7223356821 0 0 0 0 0 0 0 0 0 0 0 0 0
0 0 0 0 0 0 0 0 0.7545512392 0.7511644565 0.7521843259 0.7603127572 0.7802598152 0.7789925278 0.7841741679 0.7855346574 0.8715128132 0.6593373484 0.6544037694 0.6600818681 0.657557665 0 0.5670335974 0 0 0 0.5378521256 0 0 0 0.5567594199 0.5510945125 0.5483801654 0 0 0 0.5964258409 0.6969492247 0.6306573728 0.6611186117 0.7754468379 0.5563687104 0.8117046264 0.7786940626 0 0.7928309898 0.7927958399 0.7996240658 0.8007819795 0 0.8729967534 0.8754667875 0.574444691 0.5843686373 0.7194264175 0.5882667079 0.5881191816 0 0.8444685769 0 0.5244332333 0.5326184814 0.7250989478 0 0 0 0 0 0.6528011076 0 0 0 0 0 0 0 0 0 0 0 0 0
0 0 0 0 0 0 0 0 0.7547023094 0 0.75752977 0.7664745362 0.7726198103 0.7770547529 0.7857886839 0.7865999045 0.6606655384 0.6547254357 0.6544859889 0.6534994842 0.8370147426 0.8885326154 0 0 0 0 0 0 0 0 0.5522022765 0.552394474 0.545928255 0.5556265445 0.8360329635 0.6052219726 0.5609223037 0 0.6672901503 0.6843308434 0.7552366136 0.6278971237 0.656941043 0.651174261 0.6469344357 0.6343131599 0.6375371041 0.7915362331 0.793222047 0.8725972134 0.870205277 0.8753916164 0.6801838351 0 0.5866110573 0.8510501359 0.5952378485 0.5887959402 0.7914213321 0.8372129405 0.7878641203 0.8476325885 0.8569912716 0 0 0 0 0 0.6544394917 0 0 0 0 0 0 0 0 0 0 0 0 0
