landscape/hab_quality/256/simulation_000064_p058_h009_HABMAT_patch_more_500pix_modified.asc_ac_0.5_quality.asc
NCOLS 513
NROWS 513
XLLCORNER 0
YLLCORNER 0
CELLSIZE 9.980507
NODATA_VALUE NaN
[rows 112 to 139 of 513, columns 126 to 188 of 513]
0.7089683786 0.7118143415 0.6645316475 0.8501116909 0.6384798457 0.6014653397 0.6034521498 0.8409090567 0.5500997037 0.5492186846 0.5523222033 0.8268315203 0.8350138712 0.8353262083 0.8743213442 0.8669202926 0 0 0 0 0 0.6195629782 0 0.613509323 0.6306864513 0.6294251774 0.6345846804 0.6339552582 0.64057519 0.6422627882 0.7511247053 0.7542410567 0.6394044779 0.5488339069 0 0.5464321309 0.5429739586 0 0 0.5826965952 0.5806791286 0.5731565413 0.5810728727 0.8964441309 0.5396792637 0.5405414913 0.5387772304 0.5489523663 0.6875659865 0.6831915637 0.6861186472 0.8629310736 0.8621270007 0.8601882367 0.8665438656 0.5919285107 0.6046489823 0 0 0 0 0 0.5263116009
0.7107488519 0.8135225417 0.7487723914 0.843818084 0 0.5990418921 0.6043944767 0.8333521379 0.82614546 0.5466227802 0.8217860851 0.828718414 0.8326388675 0 0.8670239186 0.8592613902 0 0.5035930413 0 0 0 0.629415314 0.6277531683 0.6178810566 0.6138499384 0.6443331517 0.6378905433 0.6378400393 0.6468548128 0.6426557636 0.7105180251 0.5116479726 0.7636403441 0.8038304395 0.6493570528 0.8046718684 0.7984750888 0.7974900142 0.7909604656 0.7932614802 0.5739477478 0.5748503407 0.7511462448 0.6649204282 0.545227401 0.5497272975 0.5543747668 0.5562963536 0.6794293099 0.6789922493 0.6857961254 0.8317079807 0.5358708612 0.871674474 0.6358356382 0.5560941972 0.5526989576 0.5570666191 0 0 0 0.6057616948 0.6078102908
0.6452860693 0.743386007 0.7490624466 0 0 0.6049008372 0.7494152936 0.8401440449 0.8302293605 0.8234404905 0.8217803439 0.8311052938 0.8390155974 0 0 0 0.8666272292 0 0 0.7158118515 0.7229236559 0.6153390506 0 0.862713631 0.865290389 0.8632980012 0 0.8762077158 0.565126506 0.7120203977 0.7140461415 0.7978626646 0.8113607421 0.8088242572 0.8114747476 0.8072540758 0.8052800719 0.7975686916 0.788244252 0.7916609309 0.5803633355 0.7830693753 0.7230135281 0.6095021667 0.7536720729 0.7898525168 0.5577215848 0.5572504188 0.6807250079 0.6853433153 0.6885018561 0.8356337264 0.83956535 0.5684206989 0.5653711321 0.5488089356 0.548525 0.550068129 0 0 0 0.6020552939 0.5978337149
0.7502614327 0.74628938 0.8096227479 0 0 0.6117416816 0 0.8340436206 0.8252195119 0.8238805016 0.8309995904 0 0 0.8472338413 0 0 0 0 0 0 0.8293543932 0.8489511166 0.5329471329 0.8516723434 0.8533838152 0.8590748147 0.8680397498 0.8745582584 0.8776366876 0.5018888716 0.7342500062 0.8017315721 0.7961914184 0.8021069186 0.6491319238 0.6509316256 0.6461884964 0.7923280521 0.7917885043 0.7975354824 0.8564634135 0.6613366642 0.7885651672 0.8203722802 0.8603458052 0.8657611451 0.7914087489 0.6854041487 0.89445705 0.8466176204 0.8560331403 0.6915329202 0.7363503652 0.5441712063 0.5360160474 0.5576868521 0.5579495259 0 0.510185081 0.7702227863 0 0.5960218919 0.5968682587
0.7224725321 0 0.5420396286 0.5495576272 0 0.5586221128 0 0.829809776 0.8278808879 0 0.8329061253 0.8361557418 0 0.8490915137 0.8476981491 0 0.7460320855 0 0 0 0.8826554352 0.8791946603 0.8478043422 0.8486034769 0.8499515224 0.850591619 0.8592312062 0.8701591756 0.7687399138 0.7781114031 0.6064094104 0.6050683452 0.7955379844 0.6107368469 0.6538508093 0.6448473569 0.8387682603 0.850238166 0.8563283261 0.8547945164 0.8604992491 0.6834560844 0.6842165923 0 0.8415785893 0.8970657956 0.8993096871 0.6280114055 0.8518982145 0.8464774669 0 0.5777507089 0.735633405 0.7320247896 0.5324678668 0.5343344332 0 0.7851673918 0.8387297827 0.6205621476 0.5967970133 0.6033563299 0.5971772471
0.5294902534 0.5328554827 0.5402384306 0.5350552533 0 0.8177478376 0.8153045613 0.8124410513 0.5653744018 0 0 0 0 0 0.8590664984 0 0 0.645872611 0 0 0 0 0.847932307 0.8424034778 0.8466503987 0.8501406776 0.8577005125 0.7922720078 0.8014694453 0.7011767478 0.6034427745 0.6023302798 0.6061596017 0.6149667188 0.6486948465 0.6500019977 0.6531295427 0.8540587894 0.8488574294 0.8494101606 0.8613571859 0.6924232448 0.8833809744 0.8416611926 0.6623804208 0.9016871982 0.893980343 0.5149079374 0.8484617263 0.8476045065 0.8544486078 0.8930355805 0.6761690635 0.5342743253 0.5365619817 0.538791406 0.5389457237 0.7527103934 0.6267968005 0 0 0.6827962501 0.6060919478
0.533841044 0.5349366541 0.532819723 0.5349064846 0.8080346932 0.8009873594 0.8099738272 0.806615896 0 0 0 0 0 0 0.8744665288 0.5558266829 0.5661929137 0.7966035852 0.6473786685 0.6492145587 0 0 0.8506246938 0.8435701565 0.8504443602 0.8474055356 0.8612618359 0.8593250198 0.7993897255 0.6982111418 0.6035574236 0.6024906006 0.6026179 0.6070893134 0.5986047057 0.872316957 0.8708900907 0.8586674981 0.8542159603 0.8490167292 0.8541819532 0.7881904467 0.7954620586 0.6379675806 0.5699572621 0.9033107399 0.8975937514 0.8980413627 0.6974744561 0.7540675486 0.5188080472 0.7744839486 0.6791750569 0.5386608086 0.544575982 0.5470426251 0.7952538853 0.7502713156 0.7694618984 0.697617537 0.6926845909 0.689209441 0.684336715
0.5246479672 0.5316817936 0.5344468088 0 0 0.6891832142 0 0.6912714556 0 0 0 0 0 0 0 0 0 0.6236118264 0.6383035703 0.6396297457 0.6399061795 0 0 0.8532522986 0.851402173 0.8613461651 0.8699615836 0.8702339445 0.5397688471 0.6944543572 0.6992645644 0.6030844519 0.6035866691 0 0.6926691408 0 0.863852303 0.8634373294 0.8591291984 0.8591045957 0.7466100622 0.5302380053 0.7912087386 0.5802310141 0.8868906615 0.566913863 0.8058250903 0.8610253835 0.8567435719 0.8526864378 0.6154411986 0.5514907227 0.5455459662 0.5485771311 0.559004443 0 0.8621434375 0.7747742667 0.7671018388 0.6938179248 0.6953176548 0.5853473971 0.5791844098
0.5221973438 0 0 0 0 0.6831886019 0.6850833924 0.7294002033 0 0 0 0 0 0 0 0 0 0 0 0.6303207845 0.6282540493 0.640259756 0 0 0.8672137536 0.8429796517 0.8256730176 0.8271455433 0.8324332822 0.7031806137 0 0.681262962 0.6881900914 0.6832482266 0.7025489683 0.7071073245 0.8641343348 0.7319863836 0 0.7419671736 0.7478534048 0.5209934179 0 0.8734887673 0.8700198395 0.6399511818 0.8535655112 0.8495977049 0.8556363195 0.852369907 0.5460792499 0.5476258664 0.5454104715 0.6811428293 0.6748476623 0.8531449629 0.6466249458 0.7717976038 0.7759974373 0.7735138534 0.5913484909 0.5816778943 0.5784335964
0.5262388607 0.5281155969 0 0.5010754682 0.5050583703 0.680335982 0.6857716876 0.6849049696 0.7889185482 0 0 0 0 0 0 0 0 0 0 0.6231473158 0 0 0.7018044003 0.8382779531 0.8379722366 0.8317468259 0.8313581068 0.8277381273 0.834735435 0 0.6862796685 0 0.6792079661 0.6812238273 0 0.7016735964 0.6523449915 0.6536716713 0 0.8919028828 0 0 0 0 0.8664572433 0.8645142129 0.8539430566 0.850058058 0.8473486465 0 0 0.5403225795 0.5419130122 0.7985259624 0.6726098681 0 0.853319886 0.7840331753 0.7736823952 0.7802374571 0.5841545627 0.5800615766 0.5720450085
0.5356472388 0.5070410342 0.5464625675 0.5231489631 0.5103691183 0.5146631414 0.6828155546 0.5405624271 0 0 0 0 0 0 0 0 0 0 0 0 0 0.8192222596 0.8215454886 0 0.8318133582 0.8294923079 0.835845079 0.8329013829 0.8314502346 0.588540166 0.6922529904 0.6830913864 0.6763070881 0.6856566005 0.6922022391 0.7010966417 0.6540936831 0.6498683925 0.6539237313 0.90106351 0.8958933605 0.8871521788 0 0 0 0.6193125216 0.8544710508 0.8940984206 0.8526136248 0.8530201593 0.7646228963 0.5467906857 0.5409556638 0.6093673032 0.672718823 0.6788813265 0.6871810506 0.8821917145 0.8882080704 0.8675600771 0.7316921233 0.593546021 0.5749128883
0.5072845785 0.6459166033 0.6314651411 0.770504789 0.7706153356 0.7778951328 0.5648059636 0 0 0 0 0 0 0 0 0 0 0 0 0 0 0 0 0 0.8383845827 0 0.8349509606 0.5934866808 0.5872171254 0.5885876164 0.6894790898 0.684522688 0.6816694447 0.683634995 0 0.693880574 0.6536649871 0.6565403981 0.6595179471 0.9016364473 0 0.6428553656 0.6007596364 0.6016140071 0 0 0.6145667437 0.6200629832 0.6221746477 0 0 0.6682572103 0.5484622884 0.6789730398 0.8397369133 0.6734154026 0.8788720459 0.8785747717 0.8826545934 0.6381377798 0 0.6481706388 0.5878263413
0.8850249056 0.7013911752 0.7676529823 0.7685266155 0.7682664704 0.7911282702 0.7899968426 0 0 0 0 0 0 0 0 0 0 0 0 0 0 0 0.5601610212 0.7272313796 0.6914250937 0 0.6457102276 0.5874625538 0.5891451404 0.5807556471 0.5836950388 0.5915848029 0.7962352026 0.8019540604 0 0.6734634934 0.5781841179 0 0 0 0 0.5936802683 0.5930378242 0 0 0.866732154 0.8598198434 0.5135797895 0.6229408141 0.6704897918 0.6635509968 0.6588544121 0.6593666447 0.6580099588 0.6789131811 0.6801675907 0.8878918381 0.8856139477 0.5589119813 0.5794682754 0 0.7042754611 0.571324862
0.5869733391 0.7731653121 0.773012471 0.7657675714 0.7744801928 0.7768400002 0.7815208752 0.7843215647 0 0 0 0 0 0 0 0 0 0 0 0 0 0 0 0 0.5695442503 0.5188561622 0.6437101301 0.6366233262 0.5884361158 0 0.584685862 0.8041217375 0 0.7986159669 0 0.6905891306 0.6888487992 0 0 0.8767298493 0 0 0 0 0.6204234818 0.8660405111 0.8604060312 0.8684419118 0.8659065151 0.6699677175 0 0.6596169373 0.6576116392 0.6649976104 0.6743835205 0.6769920178 0.677307126 0.5663471422 0.5813978744 0.5790878311 0.5734728558 0.5716353304 0.5681165286
0.5869147122 0.7816230832 0.7741961788 0.7662280451 0.7698130234 0.7779907912 0.7878461927 0 0 0 0 0 0 0 0 0 0 0 0 0 0 0 0 0 0 0.6344319118 0 0.6433847383 0 0 0 0.8260844871 0 0.8016079346 0.7043177179 0.6908634423 0.6840563065 0.6835712969 0.6889928907 0.5668023536 0 0.7253949508 0 0 0.6142389012 0.8655340605 0.8679961042 0.8604904978 0.5836241993 0.7053344028 0 0.6623942269 0.6589084451 0.6663160042 0.6743710569 0.6759281303 0.5423387893 0.7420951959 0.7439201172 0.6981900261 0.5759419734 0.5647564537 0.5665896136
0.586852331 0.8057899607 0.7866516517 0.7779322487 0.7739143171 0.7704346131 0.7795066395 0 0 0 0 0 0 0 0 0 0 0 0 0 0 0 0 0 0 0 0 0 0 0 0 0 0 0.6986298941 0 0.6843508852 0.6955458319 0 0.5230222415 0 0 0.7190298121 0.8738249491 0.615236531 0.621049956 0.619725356 0.8700233036 0.8656404609 0.8639304004 0.7311051624 0.8614988248 0.7035579695 0.6701149094 0.6718594249 0.6746980297 0.6811655131 0.8972664917 0.9048116191 0.5622281377 0.5770800501 0.5678481799 0.5664135472 0.5633874867
0.871257838 0.5924725772 0.7851061703 0.6679212416 0.7811593824 0.775903852 0 0 0.8629099239 0 0 0 0 0.6360612872 0 0.6507223902 0.657460953 0 0 0 0 0 0 0 0 0 0 0 0 0 0 0 0 0.76059417 0.6919306906 0 0.6260457941 0.8194486164 0.6363084274 0.8305700886 0 0.5478360005 0.5259110188 0.735393921 0.7466610746 0.7334564531 0.5182023844 0.7259599219 0.7249376081 0.8096894715 0.8558477025 0.8548423149 0.8472295572 0.6734962857 0.6776918335 0.8911956424 0.8949353385 0.7208113781 0 0.5562902568 0.5671800632 0.5708013068 0.564582293
0.8739596539 0.8817414526 0.5707964125 0.5703821703 0.5744438357 0.7852367924 0 0.7026596401 0 0.8789540211 0 0 0 0 0.6454891235 0.6514014306 0 0 0.6792197027 0 0 0 0 0 0 0 0 0 0 0 0 0 0 0.6984656438 0 0 0.5926235111 0 0.8282715088 0.5522971886 0.8497804316 0.521383745 0.7371263699 0.7364314581 0.7274079582 0.7242874476 0.7270754591 0.7142625443 0.7180474445 0.6615033488 0.6648966834 0.8553381562 0.6654410409 0.66477094 0.8937554284 0.8945640921 0.8902692113 0.8935206611 0.5573931539 0.5692928829 0.5682278448 0.5735219287 0.5684678153
0.8805562092 0.8767626246 0.5727977829 0.5675111445 0.5640551119 0.5656526016 0.5721574903 0.7228073391 0.861990768 0.8597588097 0 0.852661975 0 0 0.6539100964 0 0 0.6755996848 0 0 0 0 0 0 0 0 0 0 0 0 0 0 0.6995290916 0.8370909194 0.5932558256 0.5916315998 0 0.5922688898 0 0 0 0 0.7391302514 0.8805945318 0 0.7184124298 0.7113402839 0.7109499205 0.7197134939 0.6615367734 0.6596685532 0.6555611533 0.6641123451 0.6645561316 0.8194880222 0.8894383013 0 0.8970874387 0.5903885962 0.5753580701 0.5775192571 0.5771932675 0.6633976085
0.8975673834 0.8942983067 0.807893567 0.5686616029 0.5621123641 0.564412773 0.5285059365 0.5295933381 0.5300152629 0.5389649586 0.8536664298 0.848384246 0.7133455169 0 0.7124311432 0.9403236663 0 0.6728797291 0 0 0 0 0 0 0 0 0 0 0 0 0 0 0 0.6076475924 0.5989773173 0 0.5887483558 0.5915109269 0.5884271191 0.7836734923 0 0.8050760759 0.7946189332 0.7939908088 0.7193984461 0.706533841 0.7093737199 0.7071779415 0.7188332123 0.7938765664 0.6598638704 0.6601893997 0.6558949737 0.6716168434 0.8949689139 0.7028914859 0.8980684179 0.6313445317 0.5967200191 0.5873556704 0.6661828383 0.662295934 0.6689940943
0.8890984065 0.8831092314 0.572684551 0.5654304151 0.5707355855 0.5711834989 0.6299999328 0.522200321 0.5298484633 0.5301190456 0.8541850772 0.851874629 0.6414852512 0.7052618467 0.9312809266 0.9309020379 0 0.6733635362 0.6747001464 0.913791031 0 0 0 0 0.7104051783 0 0 0 0 0 0.8525360057 0.8492179064 0 0 0 0 0.5867695874 0.5874546501 0 0.595346245 0.5860707215 0.8006446436 0.7972272571 0.7880373706 0.7810458075 0.6993961101 0.7000656707 0.7070966586 0.7131542788 0.8040818649 0.7913845892 0.7960774571 0.8579459982 0.524516798 0.7303213615 0.6257621063 0.6214227784 0.6271571672 0.5971919411 0.5904494801 0.6639235836 0.6692803134 0.6653181742
0.8782622541 0.8871456582 0.5711959559 0.90193474 0.9011297364 0.8986317011 0.5245249565 0.5271414382 0.5298876907 0.5388119494 0.7354238984 0.7447128376 0.8809959968 0.8808544435 0.888274766 0.9214551038 0.9115139047 0.9173637767 0 0.9142947824 0.9076935095 0 0 0.7103608073 0 0 0 0.5225686117 0.7693852369 0 0 0 0.7088696338 0.7118995633 0 0 0.5878988042 0.5872885425 0.5973761667 0.5803952674 0.5150596023 0.534466938 0 0 0.778597977 0.6998307224 0.6986593802 0.7068459661 0.7072943758 0.792334358 0.794030759 0.7935143666 0.5678536638 0.611335187 0.5433039762 0.8156845079 0.6225391428 0.6232288911 0.5960872475 0.8724554551 0.8103298088 0.8663006013 0.6660162241
0.8788773927 0.8828085875 0.6599065576 0.6521552462 0.898155127 0.8936324835 0.5460398572 0.5394272075 0.5376340624 0.5382599328 0.7385238873 0.7130922866 0.6974444378 0.8797355819 0.8800507675 0.919663382 0.9146821942 0.9110792529 0.9091290514 0.9056841423 0.908725876 0.9136367486 0 0.7145917992 0.7117863905 0 0 0 0.7231266394 0.878432165 0 0.7091136019 0.7111806914 0.661362967 0.8725286411 0 0 0.6048219895 0.7796135865 0.5232641025 0.7915983087 0 0 0.7727669595 0.7748182756 0.7079532415 0.7015283447 0.7033353588 0.710585376 0.6616847493 0.6634238605 0.6596647776 0.565682477 0.5381794343 0.7349907481 0.7427007821 0.5312220067 0.8111226754 0.6272164453 0.8459579403 0.750397998 0.7119241014 0.6956068668
0.8769767925 0.8839180843 0.8283285919 0.6511015757 0.5411092819 0.5394655166 0.5412517957 0.5457135044 0.6468008177 0.6397835055 0.6376661324 0.6392023153 0.8839511443 0.8746805105 0.8745304968 0.8819583789 0.9168548694 0.9100659012 0.9085533224 0.8994553913 0.9055361082 0 0.7200495432 0.7212213503 0.7178268073 0 0 0 0.8531376129 0.6047922493 0 0.621101076 0.6188550862 0.6138003667 0.871891517 0 0.5491540457 0.5511347345 0.5293349497 0.8571391158 0.7842341066 0.7820544665 0.7783563296 0.7752222595 0.773238175 0.7046695438 0.710341561 0.7017488857 0.7071931677 0.6580611096 0.6570347749 0.6604207 0.5678479865 0.5637796816 0.5709908042 0.7451216541 0.7442790069 0.6382147765 0.839043941 0.8481634044 0.719934299 0.71147097 0.7189785707
0 0.6418418718 0 0.8482749787 0.5312016412 0.5326520081 0.5709565904 0.8031861029 0.6512015478 0.6418378359 0.6339523716 0.6348868332 0.8761458459 0.8760700883 0.8727729491 0.87458833 0.8896522137 0.9102647928 0 0 0.9061192554 0.9117683271 0 0 0 0 0.6726173331 0.8511959043 0.8563091079 0 0 0.6258354343 0.6197310266 0.610481691 0.6196150001 0.8754039473 0.87759712 0.7198727569 0.8932603497 0.880773766 0 0.7824563093 0.7826031694 0.7867294756 0.7766804452 0.6144217141 0.769478404 0.7099754088 0.7045234949 0.6628167949 0.6639006297 0.6940796621 0.5769812334 0.5689001133 0.5651148324 0.5858794506 0.7442261892 0.7524691384 0.5516177327 0.797515485 0.6778432105 0.7153722181 0.7154202315
0.6392200908 0.6391292566 0.8105509178 0.8070375533 0.7967248767 0.7971613059 0.7967906287 0.8045270692 0.6471593728 0.6438054704 0.6377720172 0.6408109946 0.875386118 0.8731755532 0.8760656969 0.8800554779 0.8819740031 0.8873400747 0 0 0 0.9139396868 0.9235720612 0.512502108 0.7675750753 0.7662205469 0.8480435828 0 0.766708872 0 0 0.8360591908 0.886948057 0.8952511755 0.6170702967 0.6145414474 0.8853071068 0.6790895646 0.8831781474 0.8838159778 0.8774784596 0.6041520365 0.6035339938 0.6031489013 0.5975471793 0.6048514532 0.6151669565 0.5540542207 0.5473245766 0.5529488017 0.5512966693 0.5891350844 0.5825162096 0.5774361506 0.5802078612 0.5729319252 0.6407729938 0.6252710298 0.8881353454 0.860273263 0.8649324487 0.8691904407 0.6746521671
0.6639074515 0.814948459 0.8076047466 0.8042546574 0.8016981133 0.7949206601 0.8043026953 0.8036981006 0.644356805 0.6437712744 0.6380735563 0.6400879623 0.8818819864 0.885872007 0.8859749511 0.8848409228 0.88638323 0.6525062555 0.9008679658 0.6922817509 0.9189244533 0.9147237315 0.9199647159 0.9243219135 0.7564803017 0.7629587601 0.7654927434 0.7621205527 0 0 0.890165825 0.8865104484 0.8915689442 0.902538738 0.594330651 0.6028271763 0.5679669361 0.5725670656 0.882652552 0.8776573499 0.6069133642 0.5989398113 0.5967391037 0.5990376216 0.5958619523 0.6019433089 0.6049629381 0.5477645089 0.5489180243 0.5454292699 0.5496097262 0.7007929044 0.5822417608 0.5723370505 0.5711915283 0.5713718607 0.7629629126 0.6018543038 0.6009330046 0.6013070048 0.8598479906 0.8577733378 0.6732024316
0.6428521818 0.8204908701 0.8120055947 0.8081434708 0.7967445317 0.8009563762 0.7960551383 0.8000146695 0.8339815917 0.8333871142 0.6459347821 0.644323135 0.6480902187 0.8880380424 0.8929999323 0.8912052799 0.8930567804 0.8947680595 0 0 0 0 0.7571473093 0.7589269884 0.7558897465 0.7560418767 0.7589032862 0 0.9080684883 0.9051379729 0.894546824 0.8927498421 0.896168515 0.9039943616 0.91290907 0.6073702863 0.6131889216 0.8806423226 0.8841040533 0.8788726054 0.8777033966 0.6055858708 0.5941869891 0.5936972875 0.6029755865 0.5982944122 0.5991434088 0.5468772243 0.5412941907 0.5467170892 0.5466654177 0.6951125979 0.5797453179 0.5743792378 0.5664521978 0.5727017379 0.659965494 0.6080268927 0.5987676099 0.6084368785 0.8634737706 0.8554268934 0.8569517168
