landscape/hab_quality/256/simulation_000068_p047_h043_HABMAT_patch_more_500pix_modified.asc_ac_0.5_quality.asc
NCOLS 513
NROWS 513
XLLCORNER 0
YLLCORNER 0
CELLSIZE 9.980507
NODATA_VALUE NaN
[rows 155 to 185 of 513, columns 210 to 279 of 513]
0 0.8726998362 0 0.6192731448 0 0.6400563592 0.7370313011 0 0 0.895014138 0.8932851522 0.8900387223 0.6387963987 0.7513389929 0.733813799 0.7279029249 0.5318860214 0.7311066621 0.643330144 0.6355302014 0.636491531 0.638609657 0.6305139327 0.6386231835 0.5599965539 0.8919676352 0.6415864514 0.5831003581 0.6230593531 0 0.6976514209 0.7056376387 0.5910321252 0 0 0 0.8673231337 0.6296687779 0.6258641733 0 0 0 0 0 0 0.8660415443 0.8606097914 0.5151513891 0.7357620741 0.7004861958 0.69939838 0.7044925792 0.82200283 0 0 0.8421861769 0 0 0.6930371467 0.6971964307 0 0 0 0.8047568282 0 0 0.8320941315 0 0 0.6135646295
0.5624178629 0.8627594416 0.830697459 0 0.8306039543 0.8744677592 0.6421948824 0.7681680901 0.5453863362 0.8943290581 0.8851160998 0 0.5969702857 0.7742450337 0.7694303623 0.7664916975 0.7227546438 0.7218647612 0 0.6381929722 0.6352316236 0.6364061483 0.6286353169 0.6313965166 0.6420187201 0.5522151138 0.8398566403 0.6527106416 0.7041641716 0.6993514981 0.6957983944 0.7053665816 0.7850701277 0.635769714 0 0.7126487865 0.6017254791 0.6350598403 0.6258699793 0 0 0 0 0 0 0.8602218264 0.858331907 0.868285353 0.7037824294 0 0.7049221021 0.7061340455 0.8493936463 0.5863946992 0 0 0.6534730245 0 0.6896237499 0.6921874902 0.7059685524 0.6088778262 0.5597183843 0 0 0.7835350817 0 0.7347022875 0.8203872044 0.7917240777
0.5621544917 0.85296509 0.8222117454 0.8212868426 0 0.7080973398 0.6466999265 0.8239371533 0.9038251924 0.8855336594 0.8947867384 0.892424525 0.5704962045 0.7778959047 0.7738462264 0.7641336394 0.7147971821 0.7155947256 0.7175602782 0.6419621651 0.6364878602 0.6269856278 0.632454795 0.6318984613 0.6404735487 0.5309608353 0.5245761151 0.5275722036 0.6994199384 0.6954345333 0.691854814 0.7817720331 0.5833094526 0.5869212976 0.8682114533 0 0.6577016639 0 0.6332960562 0 0 0 0 0 0.5517608086 0.8669319356 0.6265838686 0.8645761141 0 0.7049281061 0 0.7088982815 0.8046105111 0.8042539949 0 0 0 0 0.6976043057 0.691368029 0.6724501264 0.5322566023 0 0.7227556886 0 0.7749578491 0.7784568284 0 0 0.6643112433
0.5655089247 0 0 0 0 0 0 0.537335757 0 0 0 0.6708216853 0 0 0.5498803724 0.5481720487 0.7202641086 0.712479956 0.7208779572 0.6475347697 0.6349960399 0.6305369878 0.6291238049 0.6336698692 0.7200670791 0.525713694 0.5227466701 0.5256795528 0.6976084843 0.6972287849 0.6879488956 0.5878484091 0.5809922376 0.5891050802 0.5924240473 0.819623417 0 0 0 0 0.7103935679 0 0 0 0.5509320976 0.5414081009 0.8088027947 0.7585204943 0.7564071529 0.7030613942 0.7098395533 0 0.8003224152 0.8106461671 0.8132074471 0.7395476648 0 0 0 0 0 0 0.522510957 0.5238299649 0 0 0.7793354374 0 0.6562466497 0.6617314071
0.6194327086 0.5435823157 0.5530574784 0.7313715719 0 0 0 0.7284623512 0 0 0.6730160566 0.6759016122 0.6681828553 0.5574375286 0.5477168065 0.5481603237 0.713711129 0.7183258408 0.7222590475 0.6450323741 0.6379126467 0.6307170516 0.6363974683 0.6316825113 0.6423144109 0.5268244613 0.5250301635 0.8778719097 0.8869502368 0.8707116392 0.8742449009 0.8751163529 0.8736887349 0.5901168042 0.61095617 0.6013767703 0.5327701119 0.5248231009 0.8885290797 0 0 0.5582557915 0 0 0 0 0.5802452207 0.665886494 0.7541581728 0.6647147348 0.7420410618 0.5161903023 0.8813786708 0.8783576092 0.8555663906 0.5715846435 0.6846037291 0 0 0 0 0 0 0.5165591448 0 0 0 0 0 0.6620834844
0.7939985191 0.7746477168 0.5479017032 0.7226556532 0 0 0 0 0 0 0 0.6674172534 0.670025956 0.6793012453 0.5541205529 0.5533155869 0.6623316656 0.6606922348 0.6712889263 0.6735164948 0.6696587765 0.6380319419 0.6443617836 0.8022939958 0.8250705884 0.6437475075 0.6923066008 0.884384793 0.8777205411 0.877670943 0.8688020031 0.8658337751 0.8688406602 0.8693834285 0.5913982014 0.597774759 0 0 0.5332091584 0 0 0.8454625241 0 0 0 0.5861651637 0 0 0.6587116519 0 0 0.844812302 0.8732432751 0.8777395242 0.560367725 0.7101753213 0.8300133191 0 0 0 0 0 0 0 0 0 0 0 0.7029306871 0.7048139015
0.5297773911 0.7126250512 0.5118087145 0 0 0 0 0 0 0 0 0.6670165319 0.6741080697 0.6834894689 0.8320250255 0.5560827812 0 0.674964346 0.65763867 0.6655676828 0.6639062123 0.6663210263 0.8902121127 0.6176851987 0.6223485393 0.6267217184 0.6582181743 0.8781497205 0.8792233482 0.8746516303 0.8743195043 0 0.868885666 0 0.8818480267 0 0 0 0 0 0 0.7022635987 0 0 0 0 0 0 0 0 0.6404476706 0.5914166118 0.8299954037 0.5043705615 0.880203773 0.6235169208 0.8447635425 0 0 0 0 0 0 0 0 0 0 0 0 0
0.5335487772 0.5296247827 0.7697293044 0.7681100469 0 0 0 0 0 0 0 0.6725995664 0.6686106976 0.6812808463 0.6836159932 0.6831291401 0.680011687 0.6689408215 0.6653009363 0.6563356608 0.6598268724 0.6722450362 0.6174963835 0.6133364987 0.6186637036 0.6507001552 0.6492826861 0.6777923577 0 0.8823921944 0.8763818894 0.8787930048 0 0.8733727976 0.8812186191 0.5471068026 0 0 0 0 0.8615158634 0.6119351163 0 0 0 0 0 0 0 0 0 0.8471275901 0.8365837073 0 0 0.7143287721 0 0 0 0 0 0 0 0 0 0 0 0 0 0
0.8876601183 0 0.7681678534 0 0 0 0 0 0 0 0.6828760372 0.6780920935 0.6697228783 0.6689894654 0.7709713358 0.5186003467 0.6797765528 0.6730494473 0.6583648053 0.660851946 0.6645076937 0.6727219824 0.6207754958 0.8370634825 0.6209694485 0.6197259765 0.6571354816 0 0 0 0.6640939226 0.6711442804 0.8785492874 0.877168457 0.880753967 0.82200542 0.8412305412 0.8388660496 0.8421858571 0.5977862921 0.6266844869 0.6942356795 0 0 0 0 0 0 0 0 0 0 0 0 0 0 0 0 0 0 0 0 0 0 0 0 0 0 0 0
0 0 0.7620488144 0 0 0 0 0 0 0 0.6840768033 0.6875474505 0.6837658851 0.6711646239 0.6609053138 0.6885122189 0.528881562 0.8401162825 0.6610341059 0.6615164744 0.6671292187 0.6689793259 0.5142715573 0.515586471 0.5042222048 0.6210176511 0.6244201506 0.6577820554 0.6588860187 0.6682511749 0.6633775055 0.6711899195 0.8798810053 0.6188982932 0.6272930321 0.6248396828 0.8390798229 0.8336618525 0.8421847844 0.84869876 0.6587816902 0 0 0 0 0 0 0 0 0 0 0.5830436196 0 0 0 0 0 0 0 0 0 0 0 0 0 0 0 0 0 0
0.6963942069 0 0 0 0 0 0 0.854830785 0 0.8534592099 0.8537933358 0.7496000249 0.752171651 0.6347739632 0.8222094483 0.829992217 0 0.832788846 0.831791357 0.8242034816 0.8304744198 0.5068184315 0.5093957622 0.5205096176 0.6262648741 0 0.5927069468 0.6637728352 0.7651543664 0.7400057565 0.6726910454 0.6660025569 0.6191453891 0.6215136771 0.6187317052 0.6275702142 0.8362529668 0.837339431 0.842705107 0.8664663998 0.6676073397 0.6582725072 0 0 0 0 0.6282690978 0.6311658567 0 0 0.5282940801 0 0 0 0 0 0 0 0 0 0 0 0 0 0 0 0 0 0 0
0.8908847041 0 0 0 0 0 0.846726127 0.8520464079 0.8450781161 0.8515623017 0.73273009 0.7147249154 0.7496632143 0.5899409107 0.8272749864 0.8207918977 0.8266052979 0.8281644181 0.828892841 0.8235139097 0.8597369991 0.5149600693 0.5121717565 0.6907953715 0.8898006643 0.8269875413 0.7551703543 0.8263500273 0.822452358 0.8235540539 0.8250068851 0.6728121478 0.6663456212 0.6213329597 0.6210538765 0.5289201119 0.5207251754 0.5224214787 0.5196787061 0.522328029 0 0.6758983732 0.6679806744 0 0.8810407592 0 0 0 0.5831780145 0 0.5215255672 0.5194298947 0 0 0 0 0 0 0 0 0 0 0 0 0 0 0 0 0 0
0.7840271006 0 0.5263279636 0 0.7313902231 0.7609055015 0.8480387475 0 0.8437672343 0.8519353564 0.8548857693 0.7855566224 0.7892434574 0.7854022777 0.8265899831 0.829386656 0.8202085281 0.8228451572 0.8230191844 0.8253383029 0.83430598 0.5217876879 0.5155713928 0.8925347507 0.8201736662 0.8231493172 0.648566383 0.533797624 0.8230946291 0.8202459415 0.8282972071 0.6758323759 0.8765390013 0.6070690714 0.5340479335 0.6132928587 0.5263953059 0.5166157124 0.5134605751 0.5198390685 0 0 0.6735454791 0 0.8747055771 0.7855882114 0.7938577477 0.5924725706 0.5889525207 0.7121490207 0.5247188644 0.5257236692 0 0 0 0 0 0 0 0 0 0 0.6025995304 0 0 0 0 0 0 0
0 0.7741706493 0.5209274849 0.7410091228 0.733732646 0.8526045859 0.8437339507 0.8388934212 0.8480862558 0.8525338138 0.8539851407 0.7468150793 0.7432953037 0.743396583 0.8372991143 0.8296240962 0.8213692166 0.8164614127 0 0.8290477036 0.8349048744 0.834723185 0.7526677125 0.7492235532 0.7572632869 0.7562154079 0 0.7969734484 0.7324008506 0.8283411398 0.8253200597 0.74721753 0.6096802739 0.8113898767 0.603494238 0.5362211322 0.5222654717 0.5176078131 0.5102667522 0.5145226554 0.5207283747 0.5267792528 0 0 0.8827093788 0 0.7913444614 0.5974264946 0.5890381779 0.5307347829 0 0.53105024 0 0 0 0 0 0 0 0 0 0 0.8963120476 0.6888892632 0 0 0.6118579993 0 0 0.6248510851
0.7731369458 0.7878414861 0.7885026158 0.8699756095 0.8640103722 0.8486296704 0 0.8469249553 0.8431663322 0.8492339404 0.8604766587 0 0.7406162304 0.742263149 0.7402915194 0 0.8217213379 0.8126732897 0.8179512056 0.8144572451 0.8368339938 0.8253707212 0.7570767392 0.7522090608 0.7488969003 0.7585748495 0.7183460809 0.7274226948 0.7281183652 0.5404920046 0.6384789173 0.6445190011 0.6467789739 0.6076571065 0.6083081643 0.6124314353 0.5174419772 0.5168132885 0.510512026 0.5113729648 0.5188446379 0.5222030176 0.5377460582 0.6341660231 0.6370250109 0 0.6203820063 0.5394554801 0.6666983691 0.5365587545 0.5689969963 0 0 0 0 0 0 0 0 0 0 0 0.6186947731 0 0.6834537503 0 0.8184246105 0.6074946556 0.6174559756 0.6196077512
0.7784333247 0.7841738838 0.7892457548 0.8559897833 0.8607317003 0.8514687578 0 0.848733893 0.8529138715 0.6906194561 0.8517874467 0.7338679494 0.7374613137 0.738828136 0.7406585193 0.8245521487 0.8176432446 0.8216682673 0.8126866773 0.8217443924 0.8214317684 0.8238804351 0.7329371883 0.751451845 0.7509071701 0.7569969339 0.7078880546 0.7203630244 0.7353029207 0.7435603502 0 0.7399718102 0.6381863851 0.7968669677 0.5370331541 0.5273230698 0.5186158644 0.5170568339 0.5196192814 0.838683397 0.5176362906 0.6217296547 0.6189782037 0.6173036737 0.6277751104 0 0.5268371624 0.6129823583 0.5316929935 0.5411629708 0.5664320837 0 0 0 0 0 0 0 0 0 0 0 0 0 0 0.6905299668 0.8166301068 0.8196496678 0.5125486458 0
0.7856778445 0.785520381 0.8568536251 0.8564929791 0.850766743 0.8573685534 0.6821875058 0.6830863002 0.6883909228 0.6964749459 0.7462507694 0.7405168856 0.732378046 0.7335014746 0.7423567485 0.8202863703 0.8211894504 0.8200358614 0.8226204479 0.8133153671 0.8292235452 0.8299762354 0.7276573064 0.7596627504 0.6393727681 0.7565741367 0.5095818353 0.8032838456 0.8972167322 0.8864651456 0.6981756333 0.6911637785 0.6944551225 0.698281754 0.536505937 0.5344591592 0.5372476084 0.5248763305 0.5219277598 0.5232258329 0.5283085464 0.6232695722 0.6158910498 0.6798346826 0.609032051 0.6197404415 0.6246977495 0.5399655216 0.5368750708 0 0 0 0 0 0 0 0 0 0 0 0 0 0.7629915994 0.5082897079 0.6918568116 0 0 0.510488226 0.5280061263 0
0.8461106567 0.86659544 0.8595501485 0.8555042075 0.8586845192 0.8539319753 0.6833538353 0.680700069 0.6883576202 0.5591680089 0.8212308906 0.6325499726 0.7400912793 0.7338739704 0 0.8299330702 0.8236423634 0.8242003866 0.5896307211 0.5907003692 0.5885678233 0.8986707513 0.5403898944 0.7748637634 0.8207859865 0.5593862482 0.8694975042 0.8721743002 0.8726465055 0.8362837528 0.7038729149 0.6982671897 0.6906102175 0.6936239427 0 0.5422182717 0.5293609913 0.8868865837 0.5233194102 0.5302263817 0.5286583033 0.6177015769 0 0.6065513723 0.6138456437 0.6193704767 0.6215708529 0.6715918994 0 0 0 0 0 0 0 0 0 0 0 0 0 0 0 0.6929731855 0.6832885545 0 0 0 0 0
0.83906292 0.6180361619 0.85840054 0.8645871369 0.8637561716 0.6994006085 0.6830480774 0.6817911584 0.6860113407 0.521935725 0.5164190551 0.5204706224 0.812796983 0.7321541785 0.7312173791 0.7393468898 0.5938574602 0.8237069666 0.5827061134 0.5817312988 0.5909637151 0.7033397668 0.7087290216 0.8419917176 0.7072361156 0.6658588572 0.5513230329 0.8660446768 0.8661929288 0.8579813362 0.6990604239 0.6960378219 0.6950475971 0.6983979949 0.8273080441 0.8236957808 0.787707748 0.740522738 0.7744420791 0.7758314047 0.667672506 0.6948988516 0.6127500337 0 0 0.6212592782 0.6277311548 0.6649947363 0.6705552203 0.5221168128 0 0 0.6497049447 0 0 0 0 0 0 0 0 0.6919337302 0 0.6919969614 0.683265681 0 0 0 0 0.6636660165
0.6922150259 0.718798767 0.7106310143 0.7035419957 0.6972358124 0.6909821115 0.6985101542 0.5059582125 0.5309342767 0.5688036515 0.5171987172 0.5668486019 0.844708142 0.7337354697 0.59316503 0.7319309751 0.5965142112 0.5880741355 0.5797840086 0.5821487076 0.6928311028 0.7096464445 0.7008007036 0.7029737494 0.7019724423 0.7949725677 0.870619554 0.8686947638 0.873607426 0.8532028864 0.7032218742 0.6999247937 0.7015387352 0.7012877334 0.8275507736 0.8227824149 0.7675346428 0.7682184331 0.7733655913 0.778670784 0.7563688211 0.6615155643 0.660147554 0.6266916662 0.6183864586 0.6200168018 0.6180531772 0.660764488 0.8357563877 0.8981616728 0.7563159692 0 0 0.7524852351 0 0.8392926702 0 0.5651336723 0.5588262839 0 0 0.6410242162 0.6908502543 0.688407832 0.8737667546 0 0 0 0 0.7152925416
0.6176122044 0.6264868223 0.7116023626 0.7044605376 0.699906824 0.8156952796 0.8143381234 0.812803178 0.5127419992 0.565549 0.7709531169 0.8417300966 0.5629054731 0.5983346841 0.8719997772 0.6011332039 0.5923951799 0.584440262 0.5895075852 0.5806656273 0.6358729146 0.8231996544 0.6270599024 0.6968682293 0.7046472015 0.8717894735 0.6451554364 0.879819669 0.8825323088 0.8519370106 0.8514317429 0.8497028132 0.7098072398 0.7091380036 0.8253681348 0.829254491 0.8234172403 0.7732354092 0 0.6811706198 0.583376253 0.6156194212 0.626190629 0.6295034378 0.620858044 0.6158369283 0.6195648255 0.7595052449 0.76436761 0.5095029034 0.7587973219 0 0 0.7524453289 0 0.6543922168 0.5733194002 0 0.7170731569 0.5527392132 0.5574419607 0.6970196108 0.6938452674 0.5740175719 0.6894263108 0.6935888771 0 0 0.6761206209 0.6803080928
0.6215795898 0.6265068807 0.5900469557 0.6895115392 0.7008800419 0.8095353182 0.8126968576 0.8078996804 0.5758122858 0.5689718673 0.5609282983 0.5610920951 0.5693263289 0.56892074 0.6223651361 0.744576597 0.7450060607 0.7459253402 0.5718213051 0.5687959083 0 0.8219239052 0.6996942437 0.7008529725 0.8295264458 0.8221590019 0 0.5549949594 0.7581779794 0.8582317781 0.8530269084 0.8438576364 0.843177149 0.8383212607 0.8295552583 0.605715837 0.8332446582 0.5051187115 0 0.7318492019 0.6175577871 0.6146486907 0.6298155542 0.6258857688 0.6199292852 0.6163818857 0.6255340579 0.7552003392 0.7549721449 0.7595462611 0.8793623278 0.6127671699 0.6188653469 0.5444492499 0 0 0 0 0.715092867 0.7161883702 0.5619279917 0.7041547277 0.574755115 0.5813660263 0.5824580828 0 0.5009676002 0 0.672984326 0.6818715533
0.8034681883 0.6008760204 0.7909234926 0.7661706974 0.8205803103 0.813391835 0.8066081393 0.8088375913 0.6622094936 0.5665609228 0.5697676599 0.56837244 0.5612210305 0.5626014212 0.7342512056 0.7416655447 0.7374537037 0.7371253653 0.574313674 0.5033100662 0.8171620496 0.8221037128 0 0 0.8784398392 0.8200647494 0.8200913672 0.8236171979 0.9041891985 0.844688724 0.843232951 0.838395462 0.8371307666 0.8372908472 0.8393694381 0.5689219235 0.8267676 0.5244265545 0.8117482121 0.6201558977 0 0.6157460707 0.6297318024 0.6509747748 0.6290333154 0.7556494945 0.7496436605 0.7517086379 0.7582538353 0.7551786753 0.6447709972 0.7949767831 0.7469884924 0.6007231462 0.5950671394 0.5272723793 0 0.7122094095 0.7046884578 0.7161124621 0.7174808631 0.7241328909 0.7277662162 0.8514779909 0.6068360573 0.6907696712 0 0 0 0
0.5908930794 0.5968193084 0.780762308 0.6212202224 0.7534622467 0.8157984544 0.805898967 0.8074297232 0.6570563772 0.6522502778 0.6536808979 0.7154317581 0.571367537 0.5650417673 0.6023224284 0.7326370596 0.7356056701 0.7340754181 0.6920026436 0.7102784539 0.8196397903 0 0 0.6852523062 0.8251437472 0.8295941335 0.8256519289 0.8274455022 0.9008161727 0.7043514959 0.8360059562 0.8352659406 0.8366469482 0.8380443148 0 0.5659590357 0.801086316 0.8207399508 0.6346156822 0.8118300253 0 0.6174940829 0 0.6357928681 0.7094260304 0.6325228508 0.7458678399 0.7511112677 0.7512104227 0.6383008877 0.6482335032 0.6646935696 0.8876122673 0.6207486208 0.5282489042 0.5252975494 0.7038084229 0.7029415459 0.7032680147 0.7144269584 0 0.5824740288 0.5176682003 0 0.6010975706 0.5995660866 0.6063745054 0 0 0
0.5992404393 0.5914072324 0.9010618641 0.8983576729 0.9006898085 0.814485422 0.8061910978 0.8152683898 0.6557135414 0.660207029 0.6547628735 0.8263903317 0.7138288737 0.6105806833 0.7424219757 0.7325226323 0.726054919 0.7265248562 0.6672730529 0.7156220893 0.8349147906 0.7567999312 0.6818161317 0 0.7482047364 0.7483441058 0.5319702758 0.6851102739 0.807983864 0.8913920851 0.8376691851 0.8346877204 0.8332127124 0.8388122645 0.842340892 0.8620753862 0.7052286707 0.709941386 0.7362039797 0.821772988 0 0.5474534582 0.6237988286 0.7150730371 0.6883506776 0.7348130912 0.7342647848 0.7417362136 0.7423856813 0.758530981 0.7000463474 0.7034660423 0.7063936409 0.8484481111 0.5298301991 0.7145495899 0.7080927146 0.7110275293 0.7113915288 0.7216827892 0 0.7224380811 0.8198857077 0 0 0.633467397 0.7010224612 0 0 0
0.8510188851 0.9075418393 0 0.895554823 0.8920322818 0.8908754463 0.8866833901 0.8907738473 0.6674832615 0.8605833784 0.8100725637 0.7127083698 0.7193520728 0.7201424294 0.7136909065 0.7277777048 0.7293175382 0.7330034867 0.8320582532 0.8307475771 0.8322329135 0.757200599 0.7492035272 0.7436769845 0.7468655612 0.7515013603 0.5887875769 0.7498045133 0.8062883294 0.7581833547 0.6546583166 0.8343954462 0.8385449368 0.8333784449 0.8545446913 0.8612707901 0.7019625099 0.710423345 0 0 0 0.8247272224 0.5127992578 0.6265491131 0.6225237687 0.7416592379 0.7318841446 0.7392536466 0.6970113697 0.7056691746 0.6972579418 0.6995416154 0.7037785047 0.8629201636 0.5352748193 0.7154532221 0.7635572951 0.7104157627 0.7861788403 0.655138129 0 0.6940735938 0.8120186815 0.8105646241 0.8138639328 0 0 0 0 0
0.8466388711 0.7935407239 0.8976078448 0.8899902085 0.8867473722 0.8824710414 0.8852484585 0.8900213183 0.7300895911 0.7270212408 0.7209331782 0.8719819079 0.7105107161 0.71088893 0.7113872724 0.7314611398 0.7305211402 0.7335419471 0.8300318293 0.7873009313 0.7013623374 0.7818562227 0.7505128151 0.7408545086 0.7383433035 0.5863426274 0.7379936206 0.7355562887 0.7488370129 0.7567394366 0.83602971 0.8350218565 0.8431355596 0.8410909657 0.8358324588 0 0.7106198281 0.8037586492 0 0.7971188026 0.8013851129 0 0.6012475135 0.6230276996 0.7419160523 0.7346372448 0.7399553788 0.735503764 0.7034770684 0.695799807 0.698569764 0.7028794142 0.5756602934 0.5737091043 0.5689799104 0.7707126083 0.6609869541 0.7680619842 0 0.8940620453 0.8594390468 0.760258118 0.8179275353 0.8184058743 0.8166101248 0.821169431 0 0 0 0
0.628547926 0.7333501909 0.9015351743 0.8919522398 0.8880982207 0.890606109 0.8838419724 0.8901413956 0.723898275 0.585417714 0.587542899 0.5633042852 0.6887605994 0.8071883636 0.7182563575 0.7818209866 0.774648649 0.7764562786 0.7801346151 0.6826253676 0.7792221673 0.7759607872 0 0.7401410283 0.7380264164 0.7349719859 0.7301929173 0.7405067268 0.749603237 0.639080216 0.7468466344 0.8484984123 0.8491372897 0.8524320992 0.6222618175 0.6274810545 0.7689716757 0.8087406239 0.8021572728 0 0 0.6590071153 0.7730125512 0.7507812271 0.7385393183 0.7386401379 0.7425135426 0.7356632889 0.6985492578 0.7024043074 0.6962616731 0.7019840432 0.5707485234 0.5800619274 0.725934868 0.7236331702 0.7779401546 0.7820795981 0.7749836063 0.7801160372 0 0 0 0 0.6148574677 0.7060682018 0 0 0 0
0.7825640882 0.7759484802 0.7293204482 0.8918246374 0.8938603992 0.8957169387 0.5768594199 0.5814326963 0.5803855953 0.5859906733 0.5928035269 0.5900351411 0.6909515239 0.6092563783 0.784335681 0.7828714165 0.7745120026 0.7810782145 0.7849613037 0.6329912583 0.7757905976 0.7709900472 0.7440741384 0.7404826446 0.734056878 0.7287370691 0.7349385023 0.7441493253 0.6304764263 0.625613517 0.7833669444 0.7066432277 0.6206329855 0.5010790179 0.6204960726 0 0.7657970389 0.8074947062 0.8064775172 0 0 0 0.6409140919 0.7663920807 0.7437700363 0.7507850112 0.7496300707 0.7535670546 0.704611881 0.7054163777 0.7049307033 0.5787850416 0.5759389243 0.5717398695 0.6370843892 0 0.7752728228 0.7723059051 0.7785222278 0.5407215425 0 0 0 0 0.7929368891 0 0 0 0 0
0.6424620056 0.7746483234 0.7305695118 0.7239503583 0.7256766797 0.7248010217 0.5847194287 0.5765873325 0.578778384 0.5868116983 0.5864354937 0.5873721618 0.7809558075 0.8841675893 0.7900277156 0.7818513798 0.7798560066 0.7761039817 0.7771558378 0.7742149887 0.7768184329 0.7677547533 0.7675228738 0.740275128 0.7348467701 0.7332683359 0 0.7369320868 0.6216734919 0.6312092546 0.7786586087 0.627371381 0.6234016445 0.6158871003 0 0 0.7361258327 0.7327079499 0.6781128615 0.5612113125 0 0.7661991334 0.7567960625 0.7590111095 0.7569727586 0.7570264741 0 0 0.7118774767 0.7094957111 0.7125151831 0.5854299129 0.5852031103 0.5762784685 0.8654649562 0.5895874827 0.7734821338 0.7765669772 0.5376231949 0 0 0 0 0 0 0 0 0 0 0
0.7587106334 0.7676081281 0.7266764847 0.5200370941 0.7162051955 0.7242452837 0.5804350937 0.5864695231 0.5774130763 0.5791066909 0.7776163301 0.7823132515 0.7778883738 0.7860639745 0.7838574209 0.7904246688 0.784364478 0.8968815806 0.780718149 0.7759889363 0.770571728 0.7539986348 0.7435232735 0.7421578188 0.7439894375 0 0 0.6244157509 0.6244207067 0.6251176468 0.7854649339 0.6279033492 0.6185610113 0.7121163436 0.6252061786 0.5315090313 0.7326822559 0.7407057354 0.6803925446 0.877874561 0 0 0.7559742202 0.7556149624 0.759347262 0.760432223 0.8212567443 0.709950184 0.7088110036 0.7034619186 0.7106951214 0.653595565 0.7477216642 0.6085417161 0.6654669963 0.7817756691 0.7824101212 0.7819490617 0.5427080707 0.5349405667 0.5417757767 0.8282375999 0 0 0.8893289789 0 0 0 0 0
