landscape/hab_quality/256/simulation_000096_p067_h092_HABMAT_patch_more_500pix_modified.asc_ac_0.5_quality.asc
NCOLS 513
NROWS 513
XLLCORNER 0
YLLCORNER 0
CELLSIZE 9.980507
NODATA_VALUE NaN
[rows 150 to 179 of 513, columns 264 to 329 of 513]
0.8368350121 0.8319342029 0.8269635909 0.8222498974 0.82645288 0.818086651 0.8273189043 0.7845255424 0.7842940211 0.7840276632 0.5510591127 0.5450396751 0.7681778672 0.8728426324 0.8392445572 0.8645805346 0.6737829451 0.7974569497 0.5413598445 0.7983437822 0.6573845402 0.6501985569 0.5329099422 0.5351250189 0.5344139957 0.5365576076 0.5522121149 0.5476454396 0.551494909 0.5488376262 0.5706530791 0.7964715634 0.5353609075 0.5404534245 0.5208256183 0.5181805622 0.5132849328 0.57487048 0.5747199659 0.5763898718 0.5735200927 0.852788959 0.5324977569 0.5409459295 0.8935333997 0.8878434148 0.8800592771 0.7758874615 0.6362433205 0.670132966 0.6365120566 0.5539862207 0.546555184 0.5459158225 0.5506129902 0.5690916937 0.5778950993 0.8419168571 0.8384302696 0 0.829635395 0 0 0 0 0
0.6566432233 0.6635966773 0.5664921218 0.8357982378 0.8266910412 0.818400606 0.8250459456 0.7837768977 0.7786569659 0.7865023992 0.5458593997 0.6739749698 0.5477490281 0.8706946474 0.8611825907 0.6629032515 0.6327291056 0.5315985266 0.5352791237 0.5394185619 0.7936869334 0.5352929927 0.5329353129 0.528269262 0.5335727681 0.536536892 0.5482185994 0.5584078743 0.5567768651 0.5405278468 0.8043940962 0.6691187419 0.7787254747 0.6435402112 0.6411084902 0.6448827711 0.5130702401 0.5079863947 0.5101744268 0.5058248489 0.6575828685 0.6624351729 0.5410403218 0.7666425789 0.7212343361 0.887019617 0.5589612497 0.6444159936 0.6418969592 0.5988400913 0.5679075332 0.7624275962 0.5497209888 0.6963194326 0.5476207697 0.5741859836 0.5754331044 0.5982155437 0.6615089574 0.8379968171 0 0 0 0 0 0
0.6629434749 0.6667347566 0.8425193829 0.8387913555 0.8315278176 0.5135968465 0.5066858498 0.6572955402 0.6519017213 0.6493766802 0.7155716405 0.7361619312 0.5873615568 0.8858952841 0.8778977008 0.8548726479 0.8558430772 0.6320559947 0.6330241757 0.5343466147 0.5597167811 0.625244909 0.6343956961 0.6247851014 0.5303986289 0.5468848957 0.8264497622 0.8227129893 0.8172311505 0.659507251 0.6623905639 0.6556118013 0.6438948274 0.6455939066 0.6379216889 0.6409721863 0.5063356046 0.5110295436 0.5034071426 0.5062495351 0.6558621432 0.6598542022 0.5451319347 0.5482721835 0.611277739 0.8874228965 0.8872405105 0.8681387368 0.6639794247 0.6571150612 0.5619673477 0.5582033088 0.6986204234 0.7767951996 0.696407298 0.882263295 0.8562901128 0.674935382 0.8591347489 0.8622820122 0 0 0 0 0 0
0.6647385072 0.6521008198 0.85339041 0.8516339873 0.8515042508 0.5274110809 0.7102494618 0.6497610102 0.6486935124 0.647484149 0.6455293165 0.6529969836 0.6619919063 0.8764995193 0.875970282 0.8834251594 0.6321653946 0.6351963283 0.6365711708 0.8491117081 0.5301099766 0.5076902835 0.6244765442 0.629393724 0.5466239089 0.5439025557 0.5403209874 0.5419249081 0.818139385 0.5504930738 0.6555504275 0.6583590231 0.6485362458 0.6394347453 0.6410637559 0.640292603 0.5076627502 0.5022580468 0.5090021679 0.5125109671 0.5171127186 0.6564238797 0.6054810206 0.745509248 0.7869163377 0.8049430682 0.5105762043 0.6636573304 0.6558576032 0.6557554951 0.558516447 0.884935755 0.703858007 0.7033288017 0.8748600688 0.8839955508 0.804785821 0.8517201743 0.855804774 0.8549711379 0 0 0 0 0 0
0.867482797 0.84812245 0.8516549054 0.8439297419 0.8512093751 0.7192495826 0.5364089432 0.8167103149 0.7969436328 0.7983935094 0.6441554748 0.6538640402 0.7738638469 0.7810866332 0.7734848873 0.621375876 0.6212343049 0.7844803687 0.7835627561 0.7835838647 0.6778518667 0.5231411023 0.6310558254 0.6641633973 0.5502905527 0.5439028222 0.5469959925 0.5481918109 0.8509322233 0.5354196402 0.6551581068 0.6485483241 0.644691304 0.6464695831 0.6509099057 0.5111553743 0.5090037122 0.5070723816 0.5096590738 0.5119138732 0.609792802 0.6633933198 0.5376083672 0.5197032338 0.7950227928 0.7862074384 0.7961272157 0.6688983426 0.6592056673 0.6516769331 0.6457793676 0.7045498005 0.7074012391 0.7039905221 0.8768827441 0.856150438 0.7032912782 0.8471242122 0.8449334492 0.8498413421 0 0 0 0 0 0
0.8628342711 0.849556928 0.84307427 0.8496124772 0.8402824173 0.8488369294 0.838676299 0.8057606446 0.7925337912 0.7922762456 0.7993491898 0.8563421196 0.7854058454 0.7731867995 0.7884404683 0.771724172 0.6227730089 0.6259971883 0.7778697695 0.569023765 0.5295543275 0.6917639498 0.6937424478 0.6668953963 0.5480651201 0.7720364041 0.5526801458 0.5472922603 0.8428809684 0.8198968251 0.8244829247 0.8263047873 0.6508243896 0.7114333258 0.7101959967 0.5239627265 0.5109507695 0.5137475421 0.5120546742 0.512344514 0.5207941467 0.5312274341 0.5330683545 0.6657022536 0.5988407197 0.6021326829 0.7365006528 0.6653211854 0.6616653764 0.6521216855 0.6535091628 0.7082748083 0.5773295731 0.6969854213 0.7010802845 0.8577844819 0.8536414477 0.8507318556 0 0 0 0 0 0 0 0
0.8557386991 0.8479444811 0.8427231445 0.840129794 0.8462784595 0.8436154357 0.8051489388 0.5771826767 0.7993599466 0.7968507456 0.8885204781 0.7788099789 0.7732530081 0.6633348158 0.6599615096 0.6219659459 0.6208624628 0.6148005057 0.7747824369 0.7473796231 0.5616608702 0.6883745718 0.6932435166 0.7024160908 0.7868751979 0.7662958001 0.8417898856 0.8419419199 0.834208014 0.8365184337 0.8182479531 0.8224142931 0.6528048494 0.7117712363 0.715520477 0.5155311992 0.5150972474 0.5205264605 0.521851133 0.518913898 0.5176130123 0.7830433154 0.6077901825 0.7130967658 0.5979277402 0.6052068952 0.7095247893 0.7061536936 0.6937393105 0.7803273764 0.7114488272 0.8948375822 0.6927800976 0.692703956 0.6916784858 0 0 0 0 0 0 0 0 0 0 0
0.8533638719 0.8536636162 0.8468165587 0.8489785478 0.8417454561 0.8456551516 0.8977901137 0.8042852497 0.5878203825 0.5408942262 0.7818974079 0.9127818833 0.9082328242 0.8174654724 0.8997361087 0.6165049731 0.6166368001 0.6146319488 0.7451941481 0.61651916 0.6159201648 0.7208950003 0.6961716497 0.5412729981 0.897654573 0.6584886903 0.7611769455 0.8402091474 0.8295519789 0.8244973747 0.826768045 0.8265060438 0.5930227811 0.593659913 0.7205040393 0.5689546748 0.6158604564 0.6133042336 0.6096844577 0.61728596 0.6183541222 0.6278738097 0.6366102904 0.6049389876 0.5972223682 0.7014151728 0.7071962703 0.7033810044 0.7060228421 0.7823448347 0.773020668 0.6883971431 0.8857510691 0.6861598625 0.688636624 0.6949872293 0.8481515184 0 0 0 0 0 0 0 0 0
0.6609079284 0.8578251207 0.7729538867 0.770362555 0.767170964 0.815501821 0.8897654386 0.77109789 0.7761401417 0.6185144126 0.6248889479 0.5067758563 0.9086011023 0.8993982248 0.8972154788 0.6129889298 0.6102883687 0.6022026608 0.6087875161 0.6025366726 0.6048597408 0.6113355693 0.6099197161 0.7050658485 0.5465050551 0.5522966981 0.5546353992 0.8334431805 0.8321359215 0.8273747852 0.8287080947 0.8407274909 0.5938608963 0.5911133224 0.5890085592 0.5907026858 0.6801934971 0.6111326807 0.610595599 0.6257336801 0.626073355 0.5606237066 0.5611302682 0.5656399467 0.6048687749 0.5640218119 0.697614839 0.7056251508 0.7065392308 0.6843418336 0.6786341556 0.6786450134 0.684899696 0.6906978004 0 0.6682501808 0 0 0 0 0 0 0 0 0 0
0.6614073076 0.8807173233 0.7635473415 0.7759462405 0.7666415497 0.7716143294 0.7124550643 0.768226972 0.7685286369 0.6156385688 0.5143588004 0.5199034161 0.5080434065 0.7076585523 0.9047646663 0.6126497324 0.6060807487 0.6009163505 0.5982323764 0.5987313019 0.6013467792 0.6001824011 0.5991473205 0.5561609432 0.5527581334 0.5447398609 0.5505944553 0.51097022 0.8321053618 0.8275245606 0.8316149909 0.8401580004 0.5926156387 0.5858188925 0.5928033372 0.5962610222 0.662329181 0.6820073099 0.5476524389 0.626910829 0.6316897145 0.8472577697 0.5590776151 0.8491547925 0.7016562228 0.6989411727 0.6993595194 0.6976845955 0.7025066697 0.6914050148 0.6790612271 0.6755019664 0.6779572781 0.8218261638 0.6689851101 0.6621134592 0 0 0 0 0 0 0 0 0 0
0.5781174239 0.636477175 0.789519011 0.7610273442 0.7674793373 0.7580068473 0.7620794769 0.7687921584 0.7748505772 0.6158815004 0.6167597355 0.5192304827 0.7137236593 0.7158347626 0.7131960636 0.6115348297 0.6034348016 0.5945674852 0.5939858022 0.5982183491 0.5946889386 0.5963474982 0.548602097 0.5498031559 0.5474764921 0.5429860943 0.8458848015 0.8344794745 0.50795956 0.7684795461 0.8367496712 0.791663587 0.5891184854 0.587916722 0.5924603211 0.5977387957 0.639597306 0.6349147899 0.6212510978 0.6292510116 0.851868989 0.8540980297 0.8451311461 0.8440018975 0.8417581468 0.7855713252 0.6410573388 0.7059634626 0.7012669957 0.6828133474 0.6824244507 0.6828114264 0.8752934248 0.8926170525 0 0 0 0 0 0 0 0 0 0 0 0
0.6348121294 0.5300348184 0.5247091453 0.7618688105 0.7575501812 0.7576458615 0.7553013939 0.7707216153 0.8539169812 0.858843064 0.8568320526 0.8593234376 0.8631802112 0.6946585446 0.6984578598 0.6135755434 0.604016915 0.5986945001 0.5937827414 0.590120723 0.596816529 0.6014223723 0.8255744818 0.5495747867 0.5513561568 0.5525504504 0.5498315271 0.5145145124 0.5114033072 0.5138471753 0.6384314961 0.6436953935 0.7968936479 0.5948516345 0.595073206 0.88351137 0.603326705 0.6289039772 0.6277218112 0.5836434088 0.5917743888 0.8479224332 0.8393506574 0.8353423847 0.8384784412 0.7925375875 0.7903050802 0.8814888409 0.8785620106 0.8860634799 0.6911614823 0.8851366413 0.886945412 0.8844104775 0 0 0 0 0 0 0 0 0 0 0 0
0.5354486492 0.532999294 0.6535001171 0.65329763 0.7567089011 0.7489825294 0.7548656133 0.561002789 0.8517639933 0.8389327564 0.8609554243 0.8553880158 0.8583545806 0.6945973111 0.6994702214 0.88561851 0.7704464631 0.7797161324 0.596835742 0.5997396996 0.6023643083 0.5548119724 0.5196651165 0.8214891671 0.7097376406 0.7024110204 0.7099405536 0.7083087276 0.8221256906 0.826365415 0.635437102 0.8178820432 0.8177487143 0.8192569844 0.8253912645 0.7607040435 0.6335647799 0.632272632 0.6943434833 0.6281635979 0.8778630551 0.6352865219 0.8284772431 0.8322318148 0.8372207588 0.8881777944 0.8885445107 0.8769158329 0.8760989306 0.8638390191 0.8716404266 0.8655584307 0.8769960318 0 0 0 0 0 0 0 0 0 0 0 0 0
0.567807946 0.8782195085 0.6571714131 0.6523606885 0.6123933035 0.7574615579 0.7570102427 0.6333573414 0.7992855322 0.7685654392 0.8288250344 0.8288542804 0.8341329145 0.8269024449 0.698578372 0.844638192 0.7706706358 0.6007694578 0.6000393601 0.6058104255 0.5588530124 0.5514787622 0.5574154019 0.5594978738 0.6851553501 0.7028817572 0.6937130736 0.7006980065 0.6981437758 0.7080180185 0.6363295348 0.7111009019 0.8146020424 0.5406383594 0.8116155803 0.7370680049 0.6364145658 0.6329485699 0.6342030103 0.8342663125 0.6369885042 0.8334211806 0.8416836836 0.8382843905 0.8401217761 0.8846707984 0.8829213412 0.8816982757 0.9044348577 0.8705665368 0.862422256 0.8709410577 0 0 0 0 0 0 0 0 0 0 0 0 0 0
0.8975449548 0.8969932903 0.6559189789 0.6579529745 0.6600474954 0.7440127925 0.6505068859 0.7587836469 0.8483795506 0.8410045966 0.8329728519 0.8257773189 0.8180835644 0.8237161312 0.8551034861 0.5225877016 0.6758658051 0.6672545152 0.6636083085 0.7608218879 0.5564457243 0.5525520879 0.5576778529 0.5635576843 0.6928014045 0.6847204189 0.7016568066 0.6932082177 0.7026202264 0.7119183329 0.7136870872 0.5921689997 0.620044039 0.8084744335 0.8015037775 0.6983650677 0.6409862117 0.86005212 0.8614806931 0.8642289561 0.825801385 0.82827232 0.8407748027 0.8449570636 0.8891718159 0.890416135 0.8935475533 0.8950112584 0.8988379781 0.8664953748 0.8704440706 0.8687052894 0 0 0 0 0 0 0 0 0 0 0 0 0 0
0.8962819747 0.880379917 0.8859270481 0.8820424052 0.6360125015 0.7508701519 0.756939771 0.7639457855 0.8349171511 0.8306049229 0.8249111623 0.8178360396 0.8178270818 0.8184246394 0.8265742035 0.8203502482 0.8444819222 0.6708186951 0.6623510783 0.7017426666 0.6967110338 0.561113998 0.82762622 0.5669512524 0.6861755596 0.7091871574 0.6937333364 0.6966542637 0.7122871625 0.7069995275 0.7921291782 0.8598674256 0.8182237855 0.8179416913 0.8124147656 0.8175256148 0.5821287037 0.8530092732 0.8591296152 0.8604801193 0.868715441 0.8330255825 0.6416716141 0.6385403004 0.8995643436 0.8965495201 0.7266623945 0.8665028092 0.8636914385 0.7113394709 0 0 0 0 0 0 0 0 0 0 0 0 0 0 0 0
0.8604609475 0.8762425035 0.8785139349 0.7686569102 0.762455228 0.771183356 0.7483492261 0.7563130437 0.8239831057 0.8227432489 0.8212767312 0.816126542 0.8158351874 0.8219945966 0.8175019675 0.8250664304 0.8367380969 0.8391263362 0.8451037738 0.7007569305 0.8425991878 0.8331426521 0.7466645493 0.7419552733 0.7095457013 0.7138345713 0.7106295015 0.7003979118 0.7028968569 0.711868591 0.7122257175 0.8104983827 0.8236568009 0.8251829163 0.8236242734 0.8500665764 0.7437123891 0.5800377854 0.8187852536 0.7176034828 0.7104129843 0.7119311322 0.6322366098 0.6419249993 0.6540489499 0.540198776 0.8684941057 0 0.8630570817 0 0 0 0 0 0 0 0 0 0 0 0 0 0 0 0 0
0.8656334775 0.8735371999 0.8741955544 0.769910459 0.7615802355 0.764074791 0.7802365111 0.7502242301 0.8454845126 0.8239053023 0.8242869924 0.820093346 0.8137372332 0.8221480491 0.8173405876 0.8218712482 0.834654007 0.8394998009 0.8475399079 0.7411791299 0.7376526573 0.7285283606 0.7326750298 0.7380511416 0.5563699063 0.7195407083 0.7022183088 0.8920700096 0.892143925 0.5510530514 0.5504675035 0.8149041882 0.8100792381 0.8125888546 0.8573448999 0.8506525924 0.8476333583 0.8418434785 0.8462364409 0.7663009105 0.6304221945 0.6252927299 0.7160857237 0.6415432509 0.5707759895 0.6539177883 0.6104836629 0.7360023596 0.7551167041 0.8545695105 0 0 0 0 0 0 0 0 0 0 0 0 0 0 0 0
0.858750713 0.8789120569 0.8818072513 0.7638118367 0.7678910665 0.8191623552 0.772332696 0.6250569148 0.8250697307 0.8217254498 0.8362111921 0.8208882429 0.8196705368 0.8148435107 0.8212054173 0.8295615691 0.8304410023 0.8421990808 0.5264735951 0.7390527287 0.7338406228 0.7279690758 0.7353343718 0.5557709212 0.5576203894 0.8529149889 0.7011710736 0.6961897266 0.8154549516 0.7642146979 0.542088092 0.7670112068 0.8177835712 0.8983104017 0.8520563905 0.8517773572 0.8427352124 0.849948435 0.8427898901 0.6442434976 0.6291886085 0.63323663 0.7423391032 0.7204783102 0.6470916865 0.6498285888 0.620866471 0.860677891 0.7341342506 0.6717465189 0 0 0 0 0 0 0 0 0 0 0 0 0 0 0 0
0.8054259447 0.6666052594 0.6732934317 0.6760611924 0.8159421556 0.8132867825 0.7568135659 0.7547466748 0.83237121 0.8171545741 0.8310298627 0.8277291728 0.823393483 0.8160656867 0.83630063 0.8280421311 0.8340616276 0.8312810257 0.6190536538 0.6171824775 0.7371472476 0.7361194121 0.6591458235 0.6637593753 0.6577552582 0.7346606264 0.8299257885 0.7029762379 0.6208330827 0.7645380938 0.7639893748 0.7708071327 0.8627951495 0.8592365302 0.8547506999 0.8458047104 0.8511144296 0.8540816167 0.8584029648 0.643928731 0.639600829 0.6493466405 0.6506789803 0.6500774186 0.6455714181 0.6630292057 0 0.8798064332 0.6537050376 0.5032227389 0 0 0 0 0 0 0 0 0 0 0 0 0 0 0 0
0.6731996822 0.6753029756 0.6662199804 0.6729991398 0.8060227549 0.8058888567 0.7492168321 0.7502766304 0.8175813536 0.8200143492 0.8396644996 0.8297328141 0.8237801071 0.8164962621 0.8352716574 0.8317165712 0.8370517211 0.6122288758 0.6158612862 0.6161413076 0.7439359997 0.6672706634 0.6635130512 0.6551622237 0.6599944781 0.8288550198 0.8358640158 0.8445613486 0.5677752546 0.7709583939 0.7699303907 0.7660291993 0.7122579774 0.854173213 0.8526643665 0.8543307173 0.8604110399 0.8608810165 0.6514388992 0.6397043512 0.6484402564 0.6453947228 0.6483400336 0.6415522308 0.6429858725 0.6569378468 0.7159992868 0.7162680777 0.7168070838 0.6442806554 0 0 0 0 0 0 0 0 0 0 0 0 0 0 0 0
0.8107751438 0.6654092963 0.6694948059 0.8122415392 0.8004666778 0.8089443519 0.5972283703 0.7690771278 0.711680801 0.536658887 0.8395883692 0.833561348 0.8394822192 0.5783230967 0.5778149563 0.5790958172 0.5760590826 0.6173401432 0.7362882926 0.7296664816 0.7098208341 0.7081473777 0.6581901905 0.6561809933 0.8375001248 0.8473168914 0.8386105543 0.8429320139 0.5611586844 0.8579303825 0.7736217055 0.530225707 0.8589254608 0.786445215 0.8597869481 0.8617166622 0.5245619806 0.5251027183 0.5246009299 0.5266121766 0.6513838306 0.6467169523 0.6396282655 0.6443356135 0.6474962066 0.6536245504 0.659367128 0.7157991728 0.7227761032 0.641177937 0.6359198267 0 0 0 0 0 0 0 0 0 0 0 0 0 0 0
0.665953946 0.6678314096 0.6747205853 0.6755700544 0.8047077059 0.8054700834 0.7669108257 0.7657979264 0.770728773 0.6219734894 0.6200628176 0.6209562689 0.8282708777 0.8428169257 0.5798519001 0.5701795941 0.7891396753 0.6946169994 0.733350995 0.7361437871 0.8141519479 0.7051337688 0.713588323 0.723389545 0.6579163197 0.8427869398 0.840758699 0.8387954298 0.8557757881 0.8657449906 0.6718267175 0.894204231 0.7572240688 0.5554737735 0.8686670504 0.7009889592 0.5186312161 0.5160865304 0.5182864483 0.527471349 0.6497322334 0.6433072769 0.6463919313 0.6400827953 0.8719251235 0.6504960534 0.6505428216 0.7220262472 0.71396646 0.8815303404 0.8814414161 0.8344346174 0 0 0 0 0 0 0 0 0 0 0 0 0 0
0.7299224927 0.7276143365 0.700439258 0.6807225566 0.8110880517 0.8143789598 0.5666090602 0.7738866377 0.7115631911 0.5092938756 0.6127744954 0.6130490765 0.6164475437 0.8375737972 0.5661880615 0.7802257041 0.5697952518 0.7705065023 0.7678814374 0.7745376192 0.7142269333 0.8285004285 0.7653298962 0.5973756978 0.8876355931 0.8461981277 0.8423480614 0.5020488068 0.8620110644 0.8637422514 0.5419139971 0.6691030664 0.5508268087 0.5842626138 0.5630429292 0.8874342826 0.524944225 0.5216707817 0.5237617985 0.8857771851 0.8420445533 0.6527645984 0.6141127604 0.6529762502 0.6623598566 0.8814706987 0.6565288742 0.7217614009 0.7185464706 0.8776754733 0.8721198197 0 0 0 0 0 0 0 0 0 0 0 0 0 0 0
0.727545347 0.7321341164 0.7365268865 0.68836187 0.6880276481 0.5887948863 0.5570061487 0.8936131701 0.5484262214 0.5532225846 0.6031147169 0.5939114907 0.5961810511 0.8841789229 0.8750686108 0.5612675438 0.8601396472 0.8593849328 0.715021951 0.8329955082 0.8208088036 0.8134274421 0.5188073602 0.5888114264 0.8841962537 0.516887629 0.6690753241 0.8986046512 0.8117985999 0.5467876077 0.5410084158 0.5452955578 0.5537995623 0.5569421015 0.8408832776 0.5392403838 0.8093355038 0.6143527329 0.8364261529 0.5937374055 0.8378415658 0.847296839 0.6110158705 0.6063799361 0.6125314983 0 0 0.7233147264 0 0 0 0 0 0 0 0 0 0 0 0 0 0 0 0 0 0
0.7363580582 0.7351942044 0.7416501197 0.6902090853 0.5923582208 0.5855069862 0.5649787468 0.517135291 0.5576556782 0.5539226386 0.6029186495 0.593393571 0.8117334729 0.8838219926 0.6244729202 0.8808912914 0.8537687325 0.8001172678 0.8056823729 0.6523675261 0.5089402163 0.5150456435 0.5094306717 0.5139311641 0.5152384232 0.6660935755 0.6574236947 0.8090420919 0.812929065 0.5482786033 0.5501526202 0.5453423685 0.5506227633 0.6869068795 0.7495703178 0.5622986103 0.6090853722 0.8381891641 0.7543018948 0.8299699694 0.8311129525 0.838927213 0.6067818312 0.6054688633 0 0 0 0 0 0 0 0 0 0 0 0 0 0 0 0 0 0 0 0 0 0
0.7369987465 0.7428006473 0.7421593853 0.7512356221 0.5910347868 0.5084403331 0.5875244584 0.5722866498 0.5823592305 0.5857020594 0.6007792477 0.5970445345 0.5992766853 0.6022382696 0.7351460438 0.6320658346 0.8594024839 0.6205345675 0.6166746554 0.6260239894 0.7105258751 0.5114450786 0.5173590395 0.5173838227 0.5189375962 0 0.6679781784 0.6593390029 0.8117337314 0.6367991677 0.6400610554 0.5885419694 0.7682153633 0.5416270608 0.6135670445 0.5657543276 0.7574183751 0.5431130242 0.8311711706 0.8387731622 0.8337634805 0.6153582266 0.6133658767 0 0 0 0 0 0 0 0 0 0 0 0 0 0 0 0 0 0 0 0 0 0 0
0.6950287517 0.6371371661 0.743531595 0.7448973854 0.7208817772 0.7582607786 0.8845783025 0.5310249985 0.5218326145 0.5802037195 0.58013686 0.7883945312 0.7700098129 0.7183013794 0.596321394 0.5986610133 0.6238526578 0.6249511918 0.7888573632 0.7160723197 0.7111334721 0.7164355308 0.6082780616 0.5212995278 0.6951928336 0 0.7122870868 0.7168711697 0 0.8151952519 0.8216235812 0.8275321444 0.8854245064 0.7609124843 0.8278465845 0.567220642 0.7426308576 0.7499496921 0.8837854233 0.5843449412 0.5764675288 0 0 0 0 0 0 0 0 0 0 0 0 0 0 0 0 0 0 0 0 0 0 0 0 0
0.6933212282 0.7524150932 0.7522967618 0.7496660301 0.7116628149 0.5481835248 0.866049538 0.5264489633 0.526185397 0.5860060323 0.8078422214 0.5856854829 0.7605775891 0.7929592223 0.5992938677 0.6059948636 0.6129228801 0.7863284854 0.8834168733 0.7366998089 0.7118697779 0.5329849418 0.8822473123 0.8899120847 0.8902217815 0 0.7163256843 0.7070820532 0.5491491527 0 0 0 0 0 0.8936802282 0.531939083 0.7419083753 0 0.7481651688 0.8401420807 0 0 0 0 0 0 0 0 0 0 0 0 0 0 0 0 0 0 0 0 0 0 0 0 0 0
0.6924722529 0.7574889998 0.5548270806 0.5986459439 0.5906428767 0.5499350806 0.5432097236 0.5023071941 0.7418707796 0.8024664145 0.7480345539 0.7483877672 0.7522105425 0.8225162585 0.7969753509 0.6131988585 0.6125130784 0.6163223148 0.8763071653 0.8757647114 0.7060261573 0.7055841382 0.5925707909 0.8821617729 0.8795477015 0.8799026545 0.7118037997 0.7128145276 0.6056465001 0 0 0 0 0 0 0.5414297831 0.7467043445 0.7383344121 0 0 0 0 0 0 0 0 0 0 0 0 0 0 0 0 0 0 0 0 0 0 0 0 0 0 0 0
