landscape/hab_quality/256/simulation_000036_p048_h081_HABMAT_patch_more_500pix_modified.asc_ac_0.5_quality.asc
NCOLS 513
NROWS 513
XLLCORNER 0
YLLCORNER 0
CELLSIZE 9.980507
NODATA_VALUE NaN
[rows 70 to 104 of 513, columns 395 to 473 of 513]
0.8569684075 0.7163875106 0.6755633169 0.589528537 0.6623538917 0.6615134242 0.6673762479 0.5512905563 0.5473713888 0.6169296655 0.6113225125 0.6861733212 0.6893261767 0.8624927756 0.8619944381 0.5843504459 0.5798873754 0.5880788735 0.7193225293 0.7175789701 0.7261350836 0.715726743 0.7313326598 0.7346701847 0.7513077817 0.747623276 0.747171015 0.7488664614 0.5603415022 0.8990334958 0.5327297358 0.7289386635 0.7241745692 0.7244429265 0.7879067785 0.8009720257 0.7994898564 0.8019153194 0.7971570618 0 0 0.8259751549 0 0.8225292132 0.8062866424 0.8110942885 0.8068297455 0.8051965651 0 0 0 0 0 0 0 0 0 0 0 0 0 0 0 0 0 0 0.6558802221 0.5889624582 0.5745833652 0.5743457478 0.5813965742 0.5600529423 0.5628712758 0.6538659086 0.6622306381 0.6393762307 0.6446172302 0.7704902019 0.7717818061
0.8564854051 0.848410145 0.6788725456 0.6731514145 0.663674708 0.6602388156 0.6686896056 0.6829495731 0.6790998771 0.7131939205 0.7068445602 0.5149354932 0.6865969184 0.697513538 0.7567281686 0.585867353 0.5831581689 0.7252456136 0.72412867 0.7168444234 0.711669551 0.7191145821 0.6204319031 0.7518538343 0.746155317 0.7462544674 0.7458821097 0.7532465967 0.6126071174 0.6215732136 0.553776474 0.7315751138 0.5388350783 0.7314584739 0.8382161683 0.897662762 0.7943617684 0.7931292965 0.7949909864 0.8014538678 0.8064528016 0.8369799739 0.7964171696 0.7889529491 0.8098461655 0.8045125675 0.8057606911 0.8069074539 0.7989522236 0 0 0 0 0 0 0 0 0 0 0 0 0 0 0 0 0 0 0.6953190382 0.5790113827 0.5768083727 0.580192022 0.5552900329 0.5529125887 0.7668116823 0.8830229455 0.8732864329 0.8723054494 0.5887227378 0.8942608517
0.8570733861 0.8544772979 0 0.6651231274 0.6621472801 0.6690792596 0.6699466894 0.6768177155 0.6855209345 0.7081993008 0.7057091446 0.707443445 0.5644773667 0.5649289017 0.5618423877 0.5670638946 0.8599976005 0.7680100845 0.7195176237 0.7124709306 0.7091191378 0.7139355022 0.8849047758 0.7524788464 0.7442849233 0.7418371312 0 0.751300135 0.7459265392 0.6734047753 0.6021040131 0.8202813255 0.6612722344 0.5978501724 0.5756367363 0.5971553372 0.7952300253 0.801434645 0.8024306406 0.7970881975 0.542345141 0.5337960652 0.7914847155 0.7887726865 0.815028048 0.8074746724 0.8007362895 0.7972752903 0.7982867082 0 0 0 0 0 0 0 0 0 0 0 0 0 0 0 0 0 0.8483983717 0.8896068663 0.6401721033 0.8936471254 0.5499127194 0.5453959345 0.5482935283 0.5522590909 0.5517800021 0.8745543888 0.8690991499 0.8718536033 0.8964564877
0.7748426334 0.8048244272 0.9018711065 0.9087367169 0.6406363927 0 0.6823104849 0.678857827 0.6798554652 0.69926922 0.7014361019 0.709213706 0.5633068086 0.5607092627 0.5387056817 0.840933959 0.7743094134 0.766037331 0.7223238234 0.7119922732 0.7117562022 0.7160614963 0.7628779636 0.7534405073 0.7478641297 0.7477615297 0.7463253635 0.6847927273 0.6904966399 0.6355678826 0.5726631873 0.6116801834 0.8833475162 0.5901934264 0.5976130443 0.5919610746 0.5993686101 0.613929051 0.8035255638 0.5013104356 0.8410939575 0.5327607326 0.7195378597 0.7969265705 0.8129969104 0.8100709948 0.8020005279 0 0 0.8393962763 0 0 0 0 0 0 0 0 0 0 0 0 0 0 0.5818043637 0 0.8412250197 0.5381694381 0.7852781596 0.7775244744 0.5499598187 0.5548960063 0.5462651412 0.8845127195 0.882016192 0.8193447619 0.8768377482 0.8678687072 0.8691475436
0.770092652 0.9090824389 0.8975757057 0.899095658 0.9002813426 0.591779464 0.5878144371 0.5935238095 0.700228454 0.7059687451 0.7012314637 0.7063339716 0.5638169827 0.5669558165 0.5633728614 0.5719071388 0.7707962999 0.768193841 0.7971632186 0.7229850205 0.7208025057 0.8229757457 0.7578308374 0.5742623811 0.7535025488 0.7528809886 0.7533607304 0.8592713472 0.5579409641 0.8531594017 0.5241313225 0.82632185 0 0.5910635744 0.5879833052 0.5896242821 0.5962446618 0.5235266883 0.7357271344 0.5460384356 0.54216129 0.5648646979 0.7058259911 0.8184072513 0 0.8120479664 0.6112706538 0 0 0 0 0 0 0 0 0 0 0 0 0 0 0 0 0 0.5789853848 0.7784750805 0.8836138347 0.6942159627 0.7773004723 0.7752415341 0.5274670455 0.5265658637 0.6753304033 0.5365401548 0.5374119487 0.6782904483 0.8743716063 0.8713755263 0.8641452339
0.7739560995 0.6822686416 0.9056664752 0.8963585767 0.8975621869 0.5915664044 0.5926951711 0.5905806846 0.7065501656 0.7063300128 0.7067099561 0.5698135697 0.7064660528 0.7330169515 0.8008929068 0.8263613547 0.7793706768 0.7730127022 0.7758880804 0.7267000308 0.7251163822 0.7291707254 0.7087212389 0.5828892692 0.5758735702 0.7590820567 0.7738624326 0.5104087379 0.8693923575 0.8291901565 0.5525797362 0.8257895636 0.8321483083 0 0.588784625 0.5939808102 0.7635603391 0.8725412424 0.7268087927 0.5476600348 0.5499155398 0.8868178002 0.710982901 0.7098279868 0.6414184926 0 0 0 0 0 0 0 0 0 0 0 0 0 0 0 0 0 0 0 0.5768480951 0.5725624586 0.750837006 0.7876566128 0.8179465132 0.7706107737 0.5244886982 0.5200014745 0.5223731462 0.5228404238 0.5277320511 0.6881438082 0.609995686 0.865845041 0.8696039024
0.7808577845 0.909133005 0.8988183914 0.9062060794 0.9021219507 0.7134700002 0.7059863472 0.7081565944 0 0.7087976614 0.7492516805 0.5436362957 0.705474874 0.5344222872 0.7548924003 0.8931743716 0.7196324918 0.550099788 0.7381791393 0.7340465719 0.5612124395 0.7746480197 0.6103156471 0.6705013072 0.8093572334 0.5062763071 0.5021169509 0.6095913108 0.8330659016 0.8232861033 0.8233277129 0.789791463 0.8270501893 0.8505927069 0.5883875929 0.5928059493 0.6608442079 0.729627545 0.5463122321 0.5406852762 0.5481476953 0.8597641694 0.5742081446 0.5715155331 0 0 0 0 0 0 0 0 0 0 0 0 0 0 0 0 0 0 0 0.7562310211 0.5670509587 0.7496908785 0.7842260348 0.7899516817 0.7772446534 0.6356486112 0.5256813131 0.5265656641 0.5182370746 0.5199523837 0.5142172293 0.6277393546 0.619858548 0.5319006051 0.652587654
0.649403042 0.8886542688 0.6415894147 0.9117620007 0.5134587936 0.8603728527 0.5411405592 0.7132076627 0.6104413127 0.6182710658 0.5328951126 0.523200267 0.5266175848 0.8097542748 0.7837760725 0.6614303848 0.883136343 0.8066046413 0.813351163 0.6557600463 0.6610282793 0.6161948857 0.7333178098 0.7316308677 0.5025295821 0.5020075197 0.6427116197 0 0.8784067637 0.822309177 0.8164192719 0.8223624322 0.6734330922 0.5217685103 0.5935411173 0.594341694 0.5923977123 0.7981496087 0.5913113995 0.7208083556 0.5422644295 0.7150224238 0.7569092256 0.8578817116 0.8598886014 0 0 0 0 0 0 0 0 0 0 0 0 0 0 0 0 0 0.7617107126 0.7552311092 0.7480835386 0.7796546113 0.7812252747 0.5718570186 0.6352499634 0.6272575304 0.6256721905 0.5236194311 0.5157200972 0.5101974939 0.5192733395 0.5220075781 0.5239221212 0.5312849389 0.5963968448
0.8449933114 0.6402125204 0.7108560701 0.7077987763 0.7780465959 0.5428548477 0.5356397859 0.5415021194 0.7321842161 0.6092293883 0.5298792918 0.5231309373 0.5318422575 0.5821088818 0.685975674 0.5791908573 0.8052716065 0.8045369568 0.8098759732 0.8022239712 0.5214439814 0 0 0.7273158507 0.5059837675 0.5104512665 0.5112245106 0.5405091998 0.8270353017 0.8246513148 0.8180654393 0.8231243823 0.603547768 0.6032264322 0.5937501881 0.5876859022 0.7898078136 0.5880153304 0.5917950134 0.8542868961 0.7385376574 0.6383021746 0 0.6338058636 0 0 0 0 0 0 0 0 0 0 0 0 0 0 0 0 0 0 0 0.7541132953 0.7484109332 0.7481862374 0.7862928243 0.7033547783 0.6344965177 0.6265094601 0.6267913695 0.6285717342 0.5127342608 0.5180721944 0.5146681033 0.5238933137 0.5270062803 0.8014810291 0.8225264005
0.8399944187 0.6411329725 0.6432985145 0.8610820451 0.8310544272 0.5403427153 0.5411088273 0.8276336978 0.6027294078 0.5183669343 0.5291706075 0.5252942141 0.5245508531 0.5297488868 0.8042299976 0.8675498548 0.804813143 0.8053111651 0.8124985923 0.7632632569 0.7957440908 0 0.7206517132 0 0.7340431508 0.572522448 0.924838152 0.9236816921 0.9291740474 0.8273396627 0.7367538556 0.9159543701 0.9175516387 0.6038155678 0.5961373073 0.5917774982 0.5876774296 0.5953561991 0.5936105945 0.7344559955 0.7440359287 0.745541934 0.90697364 0 0 0 0 0 0 0 0 0 0 0 0 0 0 0 0 0 0 0 0.7574639073 0.7575292546 0.9005515538 0.9033279583 0.9048418049 0.9043964608 0.63481744 0.6809160021 0.6755032449 0.6768316984 0.7986229358 0.5194560097 0.5240596367 0.5195630615 0.5283693422 0.8608834607 0.6353318799
0.841319405 0.8390644388 0.7294580256 0.5364098401 0.7586177298 0.5472948978 0.7155801333 0.8939090471 0.7450990183 0.7198148763 0 0.7132205743 0.727017409 0.7232625417 0.8073445554 0.800585873 0.8021949026 0.8976203263 0.83995702 0.6062880261 0.8905400433 0.6850897414 0 0 0.8656208914 0 0 0.9225758281 0.9223099751 0.9245935498 0.9264010396 0.9138104194 0.9133883118 0.9182868362 0.602029942 0.5961952814 0.5942229324 0.5902357662 0.7866427409 0.713007728 0.7425434368 0.8972672896 0 0 0 0 0 0 0 0 0 0 0 0 0 0 0 0 0 0 0 0 0 0.6181134362 0.9075874829 0.8991598508 0.9002006691 0.9090188248 0.6943046707 0.6758621885 0.6734584492 0.6658489567 0.6679346807 0.5229078308 0.6558987655 0.5675340867 0.5453627115 0.5466742195 0.6984675111
0.8388278112 0.813654713 0.7015776918 0.8964190189 0.6008846501 0.6759196073 0.9029582229 0.8947419124 0.5164362087 0.7213923783 0.7121717814 0.7103917851 0.7148153506 0.5267352105 0.8084573369 0.6544410668 0.8291329406 0.8327067938 0.8315488126 0.6030335353 0.6564753418 0 0.87490284 0.8729658894 0 0.8598043088 0.9316490765 0.9203961807 0.9163364421 0.8909049322 0.9174028367 0.6303646144 0.9098002204 0.8141575724 0.6165472509 0.5970406589 0.5997897424 0.6002201525 0.8187063149 0.8239296466 0.8223327122 0.8211848115 0.6609708687 0 0 0 0 0 0 0 0 0 0 0 0 0 0 0 0 0.5876412941 0 0 0.8940609737 0.9110105031 0.9072150851 0.9078919235 0.9073791283 0.9059110427 0.914849111 0.6764772926 0.6710668691 0.6642817498 0.6657539089 0.6710468796 0.5481175765 0.6580044469 0.5368524422 0.8706482811 0.754486874
0.8483196624 0.6647313674 0.6756763713 0.7493290597 0.6812645757 0.7609429659 0.6811500876 0.7746844685 0.7477542537 0.7092786423 0.7163538866 0.7067179768 0.704992889 0.7062514465 0.7158120767 0.5318475153 0.8298018551 0.8274610174 0.8336235438 0.8326031332 0.7009075947 0.6677895412 0 0.8692742149 0.8660860214 0.8656865473 0.8656994621 0.9222820179 0.9148579465 0.9074216244 0.9016941709 0.9033899524 0.9058654744 0.9170247417 0.9225536531 0.6007357093 0.6024479265 0.637568039 0.8193852243 0.8146458143 0.8192176512 0.8208660401 0.6586196504 0.6591200097 0 0 0 0 0 0 0.8827448428 0.8924249242 0.7567481148 0.5717368435 0 0 0 0.5296705265 0 0 0 0 0 0.9087815644 0.9124836133 0.6471582378 0.6479008678 0.7652640936 0.7786993828 0.675047208 0.6646983317 0.6683001787 0.6728919744 0.6722646044 0.6780535215 0.6130263082 0.5944512622 0.5424314671 0.7557451609
0.6201536909 0 0.8716838339 0.5591473414 0.8707962904 0 0 0.7220777352 0 0.7108453603 0.7060917537 0.7035712836 0.7016499917 0.7091914018 0.7100513747 0.7736985969 0.8348536745 0.8307011629 0.8275847372 0.8274405078 0.8243904311 0.8327346261 0.8738940853 0.8727757067 0.6036840007 0.6007512706 0.6034042382 0.9226139084 0.9080715837 0.9005079261 0.8992237175 0.9016355364 0.6219865784 0.6251283742 0.6771852731 0.9230988009 0.6105791008 0.6261875926 0.8156484255 0.8174984462 0.8117739957 0.8209716799 0.7785374087 0.6549118595 0.6580299713 0 0 0 0 0 0 0.8914083532 0.7943780541 0 0 0 0 0 0.5253897361 0.8946197206 0 0 0.7384082463 0.6434167619 0.6364770238 0.6369070479 0.6367877099 0.6957357539 0.6967230111 0.6706772105 0.6652717597 0.6716140743 0.6770304631 0.8137357102 0.8198762677 0.8119860383 0.6026653013 0.8189140438 0.5149992148
0 0.8646140752 0.8616029665 0.866203438 0.8755351621 0 0 0 0.7196574831 0.7134283643 0.7038942514 0.698227292 0.7021076312 0.7029366145 0.7114320843 0.7706242478 0.7240570614 0.6109318465 0.6971810918 0.8321045844 0.8237724264 0.6943473771 0.7032042444 0.7006903882 0.6096923772 0.6007217462 0.7027483562 0.7120655658 0.9282640314 0.9017963917 0.9014485152 0.8994523137 0.6185222989 0.6258837919 0.6328963485 0.6352910071 0.6395070144 0.8646148454 0.5874408698 0.8138615112 0.8124021392 0.8139353897 0.6623668731 0.6587313241 0.661556569 0 0 0 0 0 0 0.5881541376 0 0.7879769623 0 0.5117118847 0.7867499 0.8984865417 0.5970260262 0 0 0 0.7340799352 0 0 0.6286752313 0.6301891711 0.6910808902 0.6944760138 0.8396475412 0.677693806 0.6737742993 0.673923809 0.7700763055 0.8103938659 0.8102860151 0.811562473 0.8141819692 0
0.8577835607 0.8602862618 0.8563613748 0 0 0 0 0.7974974914 0.7128719417 0.7078139492 0.7030178197 0.7069316271 0.7027396137 0.709369154 0.713873952 0.7191714529 0.7234190864 0.7767702294 0.6009829499 0.827909204 0.8259790944 0.7003863879 0.6934293108 0.6940870814 0.6033391365 0.6074410849 0.6100516295 0.7032041605 0.9331611095 0.672734722 0.6321470359 0.6244118524 0.6192085029 0.6243244614 0.6265261956 0.6342930732 0.7191409113 0.862801394 0.8591594348 0.8669851675 0.8792515605 0.8358686083 0.7154767083 0 0 0 0 0 0 0 0.5953703423 0.5888009872 0.7859635796 0.7809705685 0.7814777854 0.785399878 0.7859291333 0.5580102202 0.7586055241 0.5536859232 0.7637013281 0.7579373596 0.6692539527 0.6477831568 0.6381166113 0.6293740437 0.6841728624 0.6891266193 0.5465183385 0.8409834785 0.8382113965 0.8106942447 0.8029047381 0.8091290402 0.8108405067 0.8029575025 0.8084269892 0.8059232517 0.5965123013
0.8535799469 0.8512613188 0.8538548463 0.8503778051 0 0.6155481341 0.7117670813 0.7092540028 0.7048313557 0.7039187748 0.7084120988 0.7135067127 0.7158848678 0.7106687185 0.7192302486 0.7146914716 0.7276245214 0.6084474027 0.6023805626 0.564915861 0.5660523768 0.7014350823 0 0.6990521785 0.6950542646 0.5358544111 0 0.5412298447 0.6788399675 0.698335173 0.6921541411 0.6303084126 0.6266896142 0.6354566651 0 0.7086818031 0.711298938 0.8591816968 0.863322804 0.8204873841 0.6114554576 0.8379441691 0 0 0 0 0 0 0 0 0 0 0.7839022029 0.7843155408 0.7821260268 0.7907566259 0.7919492376 0.8856879214 0.7914718913 0.7102052814 0.8865706169 0.7619401859 0.5254432218 0.6465959053 0.6408077606 0.6387238198 0.690235623 0.689007843 0.6217391657 0.8391498226 0.8463894373 0.811460302 0.8027800274 0.7033900238 0.81187639 0.6972321968 0.8046817153 0.5101381938 0.6619371317
0.8491939694 0.8456622857 0.8473866141 0 0.8599217005 0 0 0 0.7053536646 0.7070544858 0.7114584054 0.7183517822 0.7167188088 0.7255909851 0.7294287822 0.7393708544 0.6096128693 0.5301830735 0.6404704398 0.5609948722 0.5568442686 0.563709148 0 0.6992036442 0.7075981867 0.5328774359 0.5321337487 0.532280601 0.6532650433 0.8359412612 0.5578058096 0.6882504617 0.6875525384 0.6895946527 0 0.7056019777 0.7042797904 0.6988176737 0.7008228679 0.7667931902 0 0 0 0 0 0 0 0 0 0 0 0 0 0 0.7191279594 0.7240486703 0.799982935 0.8883539006 0.8929968208 0.7003580117 0.8085502509 0.8004636686 0.8066872498 0.6498456011 0.6439201936 0.6501280397 0.6972533847 0.6524223929 0.6539864364 0.5457197047 0.7616963839 0.8049422697 0.5354906145 0.8068747596 0.8107471647 0.8070479572 0.805899328 0 0.5769085718
0.846677553 0.839761417 0.5262710144 0.8546298273 0.724643461 0 0 0 0.7115971109 0.713927463 0.720564064 0 0.7234309616 0.7325265728 0.7278332866 0.606679212 0.6520210323 0.732410486 0.7199312273 0.7696902445 0.5595110641 0.5574053522 0 0 0.5806742775 0.5321465057 0.5397475337 0.5369844773 0.7730222387 0.7732107916 0.5531609207 0.693371293 0.6956145166 0 0 0.7032933606 0.6966612484 0.698692488 0.681271666 0.762119007 0.7803566713 0 0 0 0 0 0 0 0 0 0 0 0.7251063804 0.718688418 0.718505074 0 0 0 0.6897971382 0.6913628347 0.8020618445 0.7985700226 0.7921338828 0.6475567708 0.6473315549 0.644264684 0.7770011832 0.7457978031 0 0.7548099571 0.6285661162 0.7383720936 0.8137819813 0 0.8119998599 0 0.8278724823 0 0
0.8425657703 0.5101062895 0.8468481265 0.8480064351 0.7281724042 0 0 0 0 0 0.7747486639 0.7239133363 0.7263534984 0.7262671806 0.7267858741 0.6082321915 0.6735999633 0.7230469308 0.6029605898 0 0 0.7582017203 0 0.8056504616 0.569991079 0.5414752751 0.5415790236 0 0 0.5924375706 0.8480316446 0 0 0 0 0.6998623806 0.7045424866 0.6999908788 0.7051501094 0.7646785499 0 0 0 0 0 0 0 0 0 0 0 0.712757585 0.5862626693 0.7243398489 0.7279686702 0.7215508799 0.7107771663 0.6921387329 0.6823650865 0.6838975252 0.8005674161 0 0.7901099876 0.7728297503 0.7696434443 0.7682938609 0.7708771711 0.6910323436 0 0.8014218929 0.7944818163 0 0.7251395679 0.7238238362 0.8804552178 0 0 0.8689636506 0
0.8518320787 0.853972729 0 0 0 0 0 0 0 0 0 0 0.73379038 0.7266607301 0.7309097405 0.6311685819 0.7325407028 0.728214606 0.7521911254 0.8465464288 0 0 0 0.7285696335 0 0 0 0 0 0 0 0.8654645603 0 0 0.7705399711 0 0 0.7090813566 0.7024536715 0.817614648 0.6798516292 0 0 0 0 0 0 0 0 0 0 0 0 0 0 0 0.7036268116 0.6836107704 0.6883713 0.6902547809 0.5327893026 0 0.7949443923 0 0.7654291372 0.7683623451 0 0 0 0 0.8666683375 0.8832661173 0.7303672124 0.722140789 0.8709523371 0.8704989602 0.8697162907 0.8667136434 0
0.8614755457 0.8625326705 0 0 0 0.8822864224 0.811126475 0 0 0.5914435243 0.7837033968 0.8383630226 0.7422063138 0.7411638046 0.7319736331 0.6405625341 0.639653111 0.8347388667 0.5514524613 0.8233614677 0 0.5665160291 0 0.7186913041 0.5082877187 0.61090105 0 0 0 0 0 0 0.7685575646 0.7646337202 0 0 0 0.7186011673 0.7091969123 0.7042580621 0 0.6788334537 0 0 0 0 0 0 0 0 0 0 0 0 0 0.7106811317 0.7538060055 0.7001066374 0.7077737176 0.7988749893 0 0 0 0.7735888102 0 0 0 0 0 0.8705563851 0.5432038132 0.561788799 0.7887655824 0.6345528547 0.8794179792 0.6027362111 0.8757204435 0.5878214892 0
0 0.632084752 0 0 0 0.8171794371 0.524394258 0 0 0.7742384636 0.7790683653 0.5780760304 0 0 0 0 0.5279858789 0.5295897058 0.5812958122 0.7878753304 0.5533967035 0.7626822127 0 0 0 0 0 0 0 0 0 0 0 0.7671905113 0.773780496 0.7686769056 0 0 0.5344386529 0.7652124769 0 0 0.6706551265 0.6689757558 0 0 0 0 0 0 0 0 0 0 0 0 0.7008859887 0.7096252993 0 0 0 0 0 0 0 0 0 0 0 0 0.5442393936 0.8473291711 0.8684674428 0.6811200547 0.8665097551 0.8661305379 0.8584540738 0 0
0.6600780991 0 0 0 0.757370625 0 0 0.7794213656 0 0.7730113079 0.7785524897 0.7821297668 0 0 0 0 0.5196714171 0.6431588669 0.8123709584 0.5717155551 0 0.7723517998 0.7679261233 0.5253353475 0 0 0 0 0 0 0 0 0.580903781 0.7741883266 0.7650561181 0.8308271807 0 0 0 0 0.7641005821 0 0.6775341842 0 0 0 0 0 0 0 0 0 0 0 0 0 0 0 0 0 0 0 0 0 0 0 0 0 0 0 0 0.7813505236 0.8737100796 0.8657726493 0.8630489921 0.8583546517 0 0 0
0.7335610893 0 0 0 0.7314376191 0 0 0 0.7748316201 0 0.6995635745 0 0 0 0 0 0.6523431593 0.652382452 0.5769323853 0.574281821 0 0 0 0 0 0 0 0 0 0 0 0 0 0 0 0 0 0 0 0 0 0 0 0 0 0 0 0 0 0 0 0 0 0 0 0 0 0 0 0 0 0 0 0 0 0 0 0 0 0 0.6376001994 0.766443925 0.8794801796 0.8709398076 0 0 0 0 0
0.7262336393 0.7334435124 0 0 0 0.7300219427 0 0 0.7788013295 0.776160066 0.841571158 0 0 0 0 0 0 0.650389375 0 0 0 0 0 0 0 0 0 0 0 0 0 0 0 0 0 0 0 0 0 0 0 0 0 0 0 0 0 0 0 0 0 0 0 0 0 0 0 0 0 0 0 0 0 0 0 0 0 0 0 0.7798161313 0.637826182 0.6325725778 0.8683593794 0.8753607704 0.8796845845 0.7884676118 0 0 0
0.7328932511 0 0 0 0 0 0 0 0 0.6728466913 0 0 0 0 0 0 0 0 0 0 0 0 0 0 0 0 0 0 0 0 0 0 0 0 0 0 0 0 0 0 0 0 0 0 0 0 0 0 0 0 0 0 0 0 0 0 0 0 0 0 0 0 0 0 0 0 0 0 0 0 0.6356235331 0.6357341916 0.6350266328 0.7305441019 0.6157742929 0.5559604852 0 0 0
0.725050034 0 0 0 0 0 0 0 0 0 0 0 0 0 0 0 0 0 0 0 0 0 0 0 0 0 0 0 0 0 0 0 0 0 0 0 0 0 0 0 0 0 0 0 0 0 0 0 0 0 0 0 0 0 0 0 0 0 0 0 0 0 0 0 0 0 0 0 0 0.6424932738 0.6369153055 0.8477180567 0.5254592891 0.59891898 0.5142224256 0 0 0 0
0 0 0 0 0 0 0 0 0 0 0 0 0 0 0 0 0 0 0 0 0 0 0 0 0 0 0 0 0 0 0 0 0 0 0 0 0 0 0 0 0 0 0 0 0 0 0 0 0 0 0 0 0 0 0 0 0 0 0 0 0 0 0 0 0 0 0 0 0 0.7737540543 0 0.7306606425 0.6691854252 0.5204846488 0 0 0 0 0
0.6039155892 0.5717160969 0.7175407437 0 0 0 0 0 0 0 0 0 0 0 0 0 0 0 0 0 0 0 0 0 0 0 0 0 0 0 0 0 0 0 0 0 0 0 0 0 0 0 0 0 0 0 0 0 0 0 0 0 0 0 0 0 0 0 0 0 0 0 0 0 0 0 0 0 0 0 0.7337530557 0.7246615759 0.7231024455 0 0 0 0 0 0
0 0.7748520902 0.7460610434 0.7169064326 0 0 0 0 0 0 0 0 0 0.609658088 0.5179865423 0 0 0 0 0 0 0 0 0 0 0 0 0 0 0 0 0 0 0 0 0 0 0 0 0 0 0 0 0 0 0 0 0 0 0 0 0 0 0 0 0 0 0 0 0 0 0 0 0 0 0 0 0 0 0 0.7287699575 0.7187189222 0.7229644723 0 0 0 0 0 0
0.7739363085 0.5487017611 0.5459279855 0.5436858192 0.5267125629 0 0 0 0 0 0 0.6009853758 0.6075225808 0.6100818245 0.6112102403 0.6191009416 0 0 0 0 0 0 0 0 0 0 0 0 0 0 0 0 0 0 0 0 0 0 0 0 0 0 0 0 0 0 0 0 0 0 0 0 0 0 0 0 0 0 0 0 0 0 0 0 0 0 0 0 0 0 0 0 0.7133616901 0 0 0 0 0 0
0.7790161603 0.5458200244 0.5405117943 0.5428337576 0.8549159435 0.8585409083 0 0 0 0 0 0 0.6019960107 0.6152268012 0 0.6163673755 0 0 0 0 0 0 0 0 0 0 0 0 0 0 0 0 0 0 0 0 0 0 0 0 0 0 0 0 0 0 0 0 0 0 0 0 0 0 0 0 0 0 0 0 0 0 0 0 0 0 0 0 0 0 0 0 0 0 0 0 0 0 0.8954690358
0.5314131789 0.5459986706 0.5412943779 0.5441831553 0.5451960983 0 0 0 0 0 0.5164955537 0 0 0.6220906586 0.6166702464 0 0 0 0 0 0 0 0 0 0 0 0 0 0 0 0 0 0 0 0 0 0 0 0 0 0 0 0 0 0 0 0 0 0 0 0 0 0 0 0 0 0 0 0 0 0 0 0 0 0 0 0 0 0 0 0 0 0 0 0 0 0 0 0
0.6885143192 0.7081134118 0.5535367125 0.5531742614 0.5069630841 0 0 0 0 0.5166481441 0.5102815083 0.5071661073 0 0 0.8951919552 0.8857039412 0.71210683 0 0 0 0 0 0 0 0 0 0 0 0 0 0 0 0 0 0 0 0 0 0 0 0 0 0 0 0 0 0 0 0 0 0 0 0 0 0 0 0 0 0 0 0 0 0 0 0 0 0 0 0 0 0 0 0 0 0 0 0 0 0
