landscape/hab_quality/256/simulation_000031_p066_h045_HABMAT_patch_more_500pix_modified.asc_ac_0.5_quality.asc
NCOLS 513
NROWS 513
XLLCORNER 0
YLLCORNER 0
CELLSIZE 9.980507
NODATA_VALUE NaN
[rows 297 to 323 of 513, columns 60 to 119 of 513]
0.5705955727 0.5688385134 0.5724605471 0.5697465536 0.6827472805 0.6785581604 0 0.7791298068 0 0.6825898352 0.6839690623 0 0 0.6641792359 0.5900657215 0.6394211147 0.8472289848 0.7535613466 0.7249941499 0.8554282978 0.8542052723 0.8819122502 0.5527518381 0.5506155455 0.5451649009 0.5507772307 0.8339148883 0.857487055 0 0.7443059657 0.5821308627 0.7200379728 0 0.6758979478 0.6990193147 0.6900010697 0 0.7655587828 0.6044626818 0.5954340979 0.5954309214 0.6000936865 0.6021278584 0.6057020017 0.6053933543 0.8227707738 0.8696877026 0.7087291977 0.8744704962 0.7279235728 0.8829461249 0 0 0.6981146701 0.7003449006 0.685464819 0.6867526025 0.7151166007 0.5474966978 0.6250852027
0.5711524735 0.5604768355 0.5645230538 0.5588337567 0.6741344455 0.6783789414 0.6772271428 0.5320081351 0.6921125029 0.6875832611 0.6836418917 0 0 0.8361828204 0.6471646914 0.6451501269 0.6463130074 0.5964015655 0.6714601813 0.5836268295 0.85949616 0.8152695151 0.8857262385 0.6578891686 0.5559002131 0.7213512603 0.8663565549 0.7390650931 0.7413448115 0.7403675453 0.7519673346 0.884145187 0.6807133463 0.8537824952 0.8823308351 0.7249138374 0.7217736946 0.6611944827 0.6008307457 0.5985221641 0.6051514338 0.6038952352 0.6056926308 0.6119038256 0.8662684069 0.8690673186 0.8730153419 0.8688574807 0.8762266935 0.7258763364 0.5204452378 0.6427791881 0.70048799 0.7017910854 0 0.8608999532 0.7494396051 0.8703143945 0.6097271582 0.5434235892
0.5775563057 0.5653589597 0.5574545315 0.5659891185 0.5431316685 0.6710941131 0.5256477429 0.7978415756 0.5413347088 0.5762374833 0.8906655708 0.6945328736 0 0.650164389 0.799865984 0.8679790123 0.8425169409 0.7687501932 0 0.7673758683 0.6247248505 0.6225508697 0.5868741819 0.6593962841 0.5613717264 0.6883469279 0.7230832767 0.8658135225 0.7360899577 0.7424984243 0.7517911952 0.5611914423 0.5578028848 0.6061031975 0.8448808352 0.7210463102 0.7302674364 0.8314829824 0.6024314105 0.6042672304 0.6033289358 0.6062057141 0.7803724021 0.5837351562 0 0.869590833 0 0.8675437121 0.8674537142 0.859050747 0 0.8614924727 0.6334513206 0.6314434097 0 0.8564652099 0.826587714 0.8572867463 0.6280087092 0.5835298653
0.5637144201 0.5620204619 0.565770377 0.5596201434 0.6735863514 0.6623334114 0.7909448809 0.7203271936 0.5963166278 0.8933435747 0.5356836963 0.8975795817 0 0 0.5798988987 0 0 0.7688987319 0.762093337 0.7711843659 0.6223015028 0.6219575703 0.6764730846 0.6680697031 0.7648988646 0.739012123 0.8665025534 0.7373231273 0.7369273409 0.7417198446 0.7484674265 0.8598252482 0.5934244433 0.5671907754 0.7658327837 0.5523792556 0.7326760167 0.555900675 0.6158645613 0.6086217868 0.6061903408 0.6062029422 0.5827427503 0.5786066904 0.8989261027 0.6400084534 0.8161968637 0.8706691123 0.8655161439 0.8578311142 0.860787345 0.6214519206 0.8681217662 0.6260969179 0.7272525758 0.8527021553 0.8526273005 0.8579770637 0.8612068677 0.544159243
0.5208628181 0.5645027858 0 0.7686551755 0.8548978491 0.8488136655 0.8541061442 0.8710364255 0.5734127484 0.5680360824 0.604722439 0 0 0 0 0 0 0.7634105008 0.7680907047 0.5592911764 0.7333138036 0.6124514165 0.5147992114 0.6457648177 0.8137000529 0.8124587246 0.7380194657 0.7431049082 0.7382641586 0.6252535026 0.5600798644 0.5101466241 0.5084319911 0.5122758365 0.5352647009 0.5404395332 0.5472926201 0.5495977306 0 0.5966463575 0.6148194618 0.5823472428 0.5783927892 0.5788081331 0.6439020302 0.6383001875 0.6322814367 0.8080881618 0.8676180551 0.8641262834 0.859197749 0 0.6173178769 0.7395066968 0.7408316885 0.7242788347 0.8517757092 0.5425155129 0.5513206094 0.5373375081
0 0.8252428715 0.8200957256 0.7712969505 0.7681342209 0.8455866323 0.8427859151 0.8456905453 0.5644067069 0.820469003 0.5030550358 0.6824211968 0.6073203687 0 0 0 0 0.6518127249 0.592936085 0.6065333294 0.6043755571 0.6074220215 0.6381094068 0.6447813559 0.6389774383 0.8075536079 0.6392983426 0.6367373587 0.6341333392 0.6380673485 0.748750454 0.5044990384 0.5024103897 0.5338258611 0.5324693288 0.537123769 0.5448574297 0.8548006468 0.598268413 0.535405392 0.6177455263 0.5883259742 0.7611180729 0.5792617001 0.5813209859 0.6312619851 0.6295657864 0.630032591 0.6457911296 0.874464336 0.708694018 0.7234129586 0 0.7359189708 0.7350089354 0.7428162069 0.8547705598 0.8545155928 0.8898667493 0.5404840614
0.5574025732 0.5547155656 0.8104549286 0.5338826645 0.8523896342 0.8406656916 0.8397501743 0.8632926601 0.6176634503 0.6064684679 0 0.6057725211 0.6433339382 0.545349439 0.6936592019 0.5518747631 0.5890136433 0.5896079562 0.5882239948 0.6057859271 0 0.6499222744 0.6431940376 0.6381019887 0 0.8139954702 0.6339663758 0.6315240812 0.6320191333 0.6408854371 0.7228922026 0.7137591536 0.5039313661 0.5007395253 0.5371253103 0.5376664664 0.7297908531 0.5485910107 0.5971817793 0.6065523145 0 0.7662139544 0.586623049 0.7654462037 0.6284668816 0.6307234992 0.6302024119 0.6372329774 0.6460472598 0.7023091925 0.7045558799 0.7126181719 0 0.8562889143 0 0.7441827431 0.867788896 0.5034759392 0.6019110656 0.5877444393
0.5538167517 0.5511748403 0.5850636661 0.6637999424 0.7220946859 0.7200643088 0.7244050489 0.7214878491 0.6215279421 0.6120699227 0.6025900573 0.5966167628 0.7381414386 0.6517840965 0.6258178674 0.5324514918 0 0.5887379226 0.8673235306 0.5969193995 0.6108271066 0.6558856671 0.6475549507 0.6395145879 0.6452351783 0.5273807212 0.6391679285 0.837732087 0.8366407551 0.8394241251 0.8108391755 0.718071746 0.5097893285 0.5015964219 0.505431943 0.8972927212 0 0.5987599017 0 0.6995375138 0.7827857555 0.7725665207 0.7698920277 0.8094772268 0.6333669504 0.624516812 0.642863222 0.6404402077 0.6466933424 0.7062093322 0.7100904007 0.5679719477 0.8654803577 0.8555230947 0.8623324643 0.863168977 0.8683264965 0.8602539615 0.8548305139 0.8562487278
0.5602866558 0.5555061332 0 0.5329779872 0.5333740166 0.5311308445 0.7186159438 0.6392952864 0.6184514756 0.6036473669 0.6058418991 0.6041621611 0.8629650746 0.8703409569 0.6161991788 0 0 0 0.6814073651 0.7253377686 0.5981044387 0.6561541541 0.6479133096 0.6513121795 0 0.8261459261 0.8379360547 0.8369437335 0.8359041911 0 0.5413451338 0.8501822545 0.8613573823 0.8124193366 0.5084594684 0.6738637417 0 0.6022929608 0.6007621419 0.6081360578 0.8467375016 0.8461701589 0.8420419973 0.816982458 0.6274476632 0.6315601027 0.6267756194 0.5655600945 0 0.716181657 0.5708648928 0.567254795 0.5619523557 0.8551749627 0.8537088048 0.8533479244 0.8537738107 0.8489417559 0.8564398374 0.8520363986
0.7759944455 0.7717497911 0.7765051714 0.5304446632 0.5241780741 0.5270707867 0.5998754484 0.7183183463 0.7268724535 0.733941271 0.7324565268 0.8715628983 0.8724653266 0.615436963 0.617435443 0.6164301783 0.6146660868 0.8112562046 0.8709394441 0.7257924548 0.6468673532 0.651730927 0.6711510529 0.6646657997 0 0.5350412087 0 0.8350090907 0 0.8372315682 0.5415925974 0 0 0.6709129365 0.7744449745 0.7195208354 0 0 0.6044405501 0.5255889581 0.8401065007 0.8375131367 0.8369557017 0.8363709742 0.6296330759 0.6304275598 0.790176527 0.7831574029 0.7728925178 0.7715321447 0.5733127817 0.5700212756 0.5813917227 0.8599107379 0.853279682 0.8501129646 0.8531356266 0.8483820148 0.8499651479 0.8581865793
0 0.7690278906 0.7631239174 0.765693526 0.5896105949 0.5839459492 0.7121054587 0.7171990578 0.7205883054 0.7240460149 0.7242350774 0.6210497706 0.8863540851 0.8844577149 0.6141535478 0.6131694293 0.6106679475 0.7258335085 0.7291438455 0.7296156238 0.726900823 0.7232783201 0 0 0.6699858911 0.5882377595 0.8384027972 0.8378163874 0 0 0 0 0 0.6647203154 0.5188602119 0.6610404875 0.56351917 0.5647969213 0.5615720782 0.5710268797 0.5702682808 0.5728106044 0.8351698613 0.8352492342 0.6492988771 0.6333214569 0.6179244628 0.7821210398 0.7771186026 0.7682591986 0.7741787806 0.638977046 0.8616143479 0.8659633027 0.8590523154 0.8467722851 0.8466633283 0.8485904041 0.8500256999 0.8551789609
0.7595730396 0.7547625229 0.5584163785 0.7615522924 0.5981013992 0.5829877003 0.7118355381 0.7195091655 0.7150287818 0.7182638699 0.6158960022 0.6232430917 0.6195985211 0.6197266605 0.62113846 0.7606383148 0.7212745587 0 0.7258179712 0.8668313654 0.7178921791 0.7171762617 0.7147886436 0.5773238446 0.7293451383 0.846931417 0.6024445751 0.8418399961 0.8386414964 0.6689523003 0 0.8762828079 0.8761060615 0 0.8688425581 0.7385927387 0.8246763419 0.7309019297 0.7179111595 0.7106649788 0.5670086339 0 0.8393324605 0.8395288985 0 0.6242372315 0.8655249505 0.7855116747 0 0.7728117799 0.7686966668 0.7007672406 0.6307678565 0.8590606018 0.8641597524 0.8468291809 0.8529623083 0.8481363977 0.5606334055 0.5652944298
0 0.7585587247 0.7559341225 0.7542413062 0.5881830293 0.5907474049 0.6469929158 0.7098734216 0.7195447329 0.7218987669 0.6084937677 0.6084625502 0 0.6162605143 0.6170861953 0.7353042341 0.7255379404 0.718047103 0.7236096226 0.7124053267 0.7194908226 0.7146158114 0.5729920703 0.573418916 0 0 0 0.5929790649 0 0.6750385164 0 0.6692292416 0.8743013929 0.8768504601 0.8648018917 0.7349820854 0.7300960209 0.7376161434 0.7182067383 0.7105345431 0 0 0 0 0 0.7252526958 0.6241116138 0.6295803621 0 0 0.7928340573 0.6690133488 0.6043361778 0 0.769475162 0.631985873 0.6360626726 0.6370678895 0.5645504146 0.5594913363
0.7356287769 0.7478110368 0.7572375408 0 0 0.5765192774 0.6383147194 0.6428338642 0.7114745116 0.9016033893 0.9000312478 0.560201727 0.6031062909 0.6125287658 0.6205533226 0 0.7270938302 0.7235317463 0.7181841171 0.7184675749 0.7108353551 0.7102924204 0.7075451764 0.5960049069 0.5894693968 0.5921880602 0.5845594817 0.5900260676 0.600635334 0 0 0.5924075054 0.8801789036 0.8801202661 0.8716193485 0 0.7374617991 0.7351371129 0 0 0 0 0 0 0 0 0.7562684158 0 0 0.6360553596 0.5902348733 0.7713308174 0.7656151805 0 0.7678316843 0.7679337034 0.6293089236 0.6307020462 0.615122041 0.5557553005
0 0.6909359676 0.6210373923 0.6134440983 0 0.7682378506 0.5928905224 0.6364909915 0.5502155786 0.8978456414 0.5592453263 0.5649560386 0.6154753955 0.6174919111 0.620689261 0.7696405421 0.7431022389 0.8564150565 0.8524165948 0.8950240913 0.7056459209 0.7051362505 0.8762145497 0 0.5954843931 0.5867711877 0 0 0 0 0.587177587 0.5918564598 0.5919812383 0 0.8117202814 0 0 0 0 0 0 0 0 0 0 0.5104906704 0.7044948505 0 0.6338315215 0 0.5732603082 0.5678936248 0.7689674711 0.7600367514 0 0.7590627191 0.7655475296 0.6369210023 0.5601782389 0.7356724268
0 0 0.6233172039 0.698767155 0.6749441529 0.5842692229 0.7325146848 0.7307805022 0.7304763942 0.7382758015 0.9036043879 0.6195677364 0.5960693099 0.5509708236 0.6270381276 0.7716433904 0.7747925897 0.8568654566 0.8506792361 0.8955576967 0.8923076795 0.7126114292 0.7091408506 0.8339456214 0.5927370229 0.5937445465 0 0 0 0.5899667491 0.5931940696 0.5898950295 0.5960071318 0.5918746323 0 0.8257870474 0.8219956699 0.8214209996 0.8179635572 0.7573445162 0.7062775291 0.7022744101 0 0 0 0 0 0.7967544486 0.8653977953 0.567594849 0.5655737071 0.5665439747 0.7443737296 0.7590300066 0.7530220475 0.7564179694 0.7582599944 0.5690376604 0.5616900966 0.7400041158
0 0 0.6841928936 0.6833059078 0.6759464629 0.7342318197 0.7387831392 0.7351123996 0.7403055535 0.7329836004 0.8800981737 0.5331776903 0.7355081227 0.5933007397 0.6474676525 0.653210496 0.6886639124 0.7371037869 0.6534151793 0.8953171923 0.8821121352 0.7275763782 0.7274791207 0.7307556852 0.5939901863 0 0 0 0 0.5985797953 0.6028600164 0 0.5938738208 0.8072232154 0.8279126724 0.8252893566 0.8213691459 0.8151031438 0 0 0.6217611586 0 0 0 0 0.6427652911 0.6437092476 0 0 0.5703237814 0.5691021202 0.5752032754 0.7626112711 0.7540416878 0 0.755621847 0 0.5498136197 0.5601619692 0.7383970282
0 0 0 0.776187207 0.7840494994 0.7221957125 0.7390739007 0.581538687 0.5837560054 0.8316212265 0.5271318338 0.5381513208 0.540785127 0.5901618156 0.5995636924 0.5951437582 0.7327863497 0.6903227281 0.7430878772 0 0.7285961432 0.7319193834 0.7228807263 0.723451195 0.7778650874 0 0 0.8764235701 0.5994855008 0 0 0 0 0.651571454 0.8283471213 0.8219274386 0.8172775532 0.8170652776 0 0.8938078616 0 0 0 0 0 0 0.6317036627 0 0 0.5102532292 0.5707553455 0.5697831236 0.600470149 0.5947729227 0.7572693319 0.7557848734 0.7655918602 0.7669285445 0.8724450622 0.5615420442
0.8964301364 0.5418203018 0.7822534591 0.7758912664 0.7784156423 0.5830159725 0.5834122794 0.5828058695 0.8421488572 0.8350492515 0.8315854296 0.6482948443 0.5133397426 0.5943947429 0.5931090594 0.8686926973 0.6595810224 0.728648153 0.5527933919 0.5753513519 0.7305447283 0.7259832189 0.7268741403 0.7184608558 0.7261442051 0 0.5745507549 0 0 0 0.863795121 0 0.8857357628 0 0 0 0 0 0 0 0 0 0 0 0 0.6551782993 0 0.8938041948 0.8606694438 0.5127410052 0.5138822 0.5840329397 0.5459000423 0.5918401922 0.7580097113 0.7677687903 0.7743807948 0.7675611225 0 0.7464653099
0.7734819828 0.593132525 0 0.8763631363 0.878169666 0.5865003302 0.8401253865 0.84774759 0.8437894761 0.8414442362 0.8378619821 0.6681508418 0.7548523177 0.76125143 0.8610396654 0.5022153516 0.7468370381 0.6548741033 0.571334107 0 0.7303581804 0 0.726778493 0.7269556319 0.7213056481 0 0.5686404804 0.5719861984 0.5805085723 0 0 0.8229614663 0 0.7301337807 0.7250492797 0.7165500852 0.7241955414 0 0 0 0 0 0 0.8862068181 0 0.7457723855 0.7902864742 0.8892737648 0.8958880379 0.8846756752 0.7011085629 0.7616757601 0.5837241585 0.5921863368 0.5928895279 0.7743279989 0.7447776156 0.7385892167 0.7481112907 0.7446862942
0.7770366134 0.705328977 0.6624187814 0.7061990958 0 0.8819481257 0.8949716459 0.838983587 0.8399056981 0.8377191388 0.7707606375 0.7547214771 0 0.7519431518 0.8365516426 0.7613167282 0.5745293424 0.5721423513 0.5635401492 0.5656061124 0 0 0.6846569787 0 0 0 0.5628851357 0.7022732674 0.5797724198 0.5738165407 0 0 0 0.7825471285 0.7201620613 0.7151643694 0.7144675441 0.7200809184 0 0 0 0.8414171648 0.6345052738 0 0 0 0.741051084 0.8944040583 0 0.7075715743 0.7697312308 0.5864805985 0.5840492311 0.7641462285 0.7728155677 0.8144805299 0.7395358707 0.5578081906 0.8207107467 0.7511269364
0.7738046398 0.8803814181 0.5453822049 0.7443636078 0.6274410782 0.5669904638 0 0 0.8320682311 0.8385021777 0.7621750966 0.76231262 0.7529625714 0.5933435763 0.7527436789 0.5701548157 0.6665852971 0.5702179773 0.5717264491 0.563550461 0 0.5094917235 0.839317234 0 0 0 0 0 0 0.5344700704 0.7940694322 0.7960321119 0.7904477119 0.7254576139 0 0.7173697943 0.7189371628 0 0.6951714653 0 0.803402095 0.8358728182 0.8303843383 0 0 0.8611040134 0 0 0.8712394716 0.7107827698 0.7672681232 0.6453920204 0.7644481077 0.7664099651 0.7757018898 0.6734322302 0.8355695996 0.75609624 0.7856112858 0.7115987027
0.8795195357 0.8659024515 0.5985958134 0.6264586688 0.629613181 0.6332271801 0 0.8324824918 0.8363077055 0.7365236265 0 0.8532509177 0.6020838172 0.5779714701 0.670209191 0.6644336756 0.6656049579 0.5717202151 0 0.5501843003 0 0 0 0 0 0 0 0 0 0.6927721192 0 0.7915908959 0 0 0.5034394264 0.7433859572 0.8082573258 0 0.7078820642 0 0.8359646487 0.8318675513 0.829177262 0 0 0.6783664489 0.6288029707 0.5598500408 0.6374163742 0.5619384468 0.6455630578 0.5802551342 0.6660214232 0.6677189844 0.6644366777 0.886913207 0.5089259439 0.734624684 0.7188805353 0.7118727372
0.8886712158 0.8845028649 0.8727487665 0 0.6252548171 0.6287118032 0.6289113314 0.7517264499 0.8381900368 0.8425106794 0.8489402832 0.8808539373 0.5801628733 0.8745787562 0.5730196591 0.6677140534 0.5653182795 0.5700688258 0.5421638349 0.8122761836 0 0 0 0 0 0.6954726216 0 0 0 0 0.7983812938 0.7922266232 0.7939235525 0.6177118403 0.5123705324 0.7092378551 0.7011894415 0.7052641558 0.7147396352 0.8380846236 0.8336506861 0.837240516 0.83902791 0.8266243246 0 0.6323677741 0.6277680935 0.5568626879 0.5589531875 0.6444311306 0.6379211041 0.5717210826 0.7041305455 0.6635772532 0.6670225344 0.6724218577 0.7713457414 0.7713854828 0.5544034669 0.7355445443
0.8887341368 0.8855188834 0.8913910314 0 0 0.6295388799 0.6744200562 0.8400278381 0.7779704093 0.8502445298 0 0.8822915192 0.8729765167 0.8707931919 0.575848685 0.5799833779 0.8775635116 0.5551124499 0.733214318 0.7874513722 0 0 0 0 0 0.9028573092 0 0.5908738077 0 0.7998699333 0 0.7286052166 0.8008618503 0.5126201259 0.5198672204 0 0.7710183211 0.7012946377 0.7094196458 0.7232645627 0.6013775316 0 0 0.8339615237 0 0.8611992226 0.6224570142 0.6307899047 0.5558063985 0.7776056745 0.5568296433 0.5673657205 0.5905035561 0.670061816 0.8281311952 0.6845951358 0.7666382823 0.800344681 0.5234902587 0.7405830779
0.8950440718 0.8982033718 0 0.6266224849 0.6363462766 0.6277021158 0.8408294031 0.7039725969 0.8740414374 0.6496660277 0.7678066365 0.8762050519 0.874151578 0.7934692748 0.8619129553 0.8710292423 0.5629062995 0.7289914848 0.7288689235 0.7263093911 0.8944293055 0 0.8834866194 0 0.8878809336 0.8984699389 0.5687763597 0 0.592352958 0.7285206461 0.7328933495 0.7336869437 0.7355195392 0.7409331055 0.8105779633 0 0.7845792109 0.8781654692 0.5333356577 0.827234891 0.5275575037 0.5264512573 0.5349444952 0.5227748761 0.5217378688 0.626428163 0.8609546307 0.6282553638 0.5467884038 0.5547944132 0.559308666 0.5625801879 0.5686994469 0.6800089625 0.6775877563 0.7722139529 0.7728257287 0.7687676702 0.8047535851 0.7880054579
0.5689079055 0.8449690662 0 0.6458350323 0.624186384 0.7767159554 0.7657214731 0.878631087 0.8773571888 0 0 0.8753074085 0.8785905523 0.5991026786 0.5897456866 0.8779706067 0.8743719671 0.734639251 0.7246925179 0.5609973499 0.8976647754 0.8868727224 0.8873940578 0.8858710386 0.7355375207 0.8438568533 0.8347972079 0.8443456432 0.7647842557 0.7079563337 0 0.7439678327 0.7429023807 0.7371106212 0 0.8325933181 0.521011039 0.5264282328 0.5241540769 0.5329672128 0.57308669 0.5336100173 0 0.5257423009 0.5181694927 0.863432663 0 0.8769732766 0.8719166812 0.8783261241 0.5591715486 0.5628087912 0.5177900278 0.5264233514 0.5271114211 0.5267008042 0.684979324 0.7344605117 0.8828051241 0.7151911
