landscape/hab_quality/256/simulation_000061_p066_h038_HABMAT_patch_more_500pix_modified.asc_ac_0.5_quality.asc
NCOLS 513
NROWS 513
XLLCORNER 0
YLLCORNER 0
CELLSIZE 9.980507
NODATA_VALUE NaN
[rows 196 to 223 of 513, columns 310 to 371 of 513]
0 0 0.6231524357 0.7364460977 0.6500464312 0.8406322076 0.8394758109 0.8464948351 0 0 0 0 0 0 0 0 0 0.7579601926 0.7653536447 0 0 0 0 0 0 0 0 0 0 0 0.8424901858 0.6689321452 0.7792458607 0.7832102051 0.7778933343 0.769819107 0.7611108004 0.7620326495 0.5054971862 0 0.5071435882 0.5165907792 0.5195302321 0.8426190232 0.8085622994 0.8076004629 0.8018765493 0.799052934 0.7943655701 0.7972075171 0.864386181 0.7850179856 0.5798353026 0.5839990958 0.5998845852 0 0.601170467 0.7126194006 0.7139271308 0.7108329104 0.6648746038 0.820557216
0 0 0.6240062404 0.7343956644 0.7339474142 0.8748341474 0 0 0 0 0 0 0 0 0 0 0.7645204758 0 0 0 0.7705719256 0.7752496929 0 0 0 0 0 0 0.6145707733 0 0.6897546657 0.5376661684 0.6685594812 0.7869889059 0.776564097 0.7710579321 0.7629255909 0.765754267 0.8811903597 0.5109480422 0.5147822442 0.5145725811 0.666777656 0.5208035957 0.8083985507 0.8049837313 0 0 0.802275709 0.706952929 0.8048987044 0.7825460555 0.57657647 0.5755051141 0.5948498681 0.5941550364 0.611663388 0.7178976785 0.7045663642 0.706189048 0.6553826357 0.8135108406
0 0 0.8417838964 0.7699238935 0.7371895131 0.7788938069 0.6850909868 0.692230671 0.6846203448 0 0 0 0 0 0 0 0.7627053625 0.5588537649 0 0 0 0.849872439 0 0 0 0 0.5152482017 0.6108960641 0 0 0 0 0.664881403 0.6635765506 0.8413002215 0.8354988229 0.8274386053 0.837232187 0.7431657689 0.7501327345 0.5283116937 0.5268431248 0.5258472715 0.5256567274 0.8098586043 0.8148075743 0.6913028702 0 0.6880031037 0.7033891013 0.7832804019 0 0.7768640262 0.7800742117 0.7774390912 0.8794613453 0.6071867946 0 0.7130309272 0.7046747029 0.8071887227 0.8078784943
0.5430080487 0.5416632582 0.5348751761 0.5342122864 0.5353678513 0.8797210976 0.5468343653 0.8686442921 0 0 0 0 0 0 0 0 0 0.6802147944 0.6775301866 0 0.5981042694 0.8143906453 0.6516535293 0.6554138979 0.6516525673 0.6569849098 0.6244840924 0.5100974245 0 0 0 0 0 0.6734784146 0.8425678321 0.8342832226 0.7415585622 0.7429898911 0.7403408779 0.5222682662 0.5247858381 0.5220792786 0.5191187327 0.5196371223 0.6968334503 0.7021424177 0.7046043969 0.6871643662 0.6994655343 0.7311444869 0.7345139851 0 0.7769281285 0.7757318642 0.7665126035 0.7725650537 0.8229707103 0.6057164332 0.7088738917 0.7100612546 0.821212887 0.814850719
0.5335884305 0.5293622246 0.5293507348 0.5275943335 0.5327142892 0.529187637 0.8694989998 0.8683011827 0.8680850142 0 0 0 0 0 0 0 0 0 0 0.6723936858 0.6738887078 0.6782417346 0.8123154106 0.6486484891 0.6534932189 0.6985197076 0.7011602268 0.5188223711 0.7804042652 0 0 0.6397617783 0.6402443423 0.8064459153 0.7662310905 0.5859049731 0.8659535276 0.7397685317 0.7411291031 0.5129749407 0.5191185474 0.5101293066 0.5165050859 0.517357151 0.6995870325 0.6966634119 0.6954866603 0.6965603135 0.6936218911 0.8164968918 0.7246715341 0.8104647098 0.7809468613 0.7045344258 0.7664840058 0.8995357869 0.5869127563 0.6078802993 0.5932610948 0.830401366 0.8200456945 0.829573347
0.5282017046 0.5267734461 0.5234768981 0.5180368366 0.5212265475 0.5085970547 0.8455656038 0.8602693217 0 0 0 0 0 0 0 0 0.6686245036 0.6714089835 0.6786857758 0.6710206571 0.6683770798 0.6770843464 0.6800176603 0.6476284171 0.7678125907 0.64266381 0.6981740885 0.5188812342 0.5885988268 0.7584821271 0 0.636374621 0.7660294837 0.7658500097 0.7564736986 0.7590149508 0.7559111164 0.744358496 0.747340754 0.5178924965 0.5097012632 0.5102083792 0.629437012 0.5175785833 0.7116067182 0.7048427759 0.7046823586 0.816595187 0.8134154225 0.6190356896 0.8261542713 0.6143133052 0.5142054367 0.7848939519 0.7719217225 0.7733333862 0.7776655604 0.5919037968 0.5959936752 0.8272048978 0.8301343221 0.8207551891
0.5317195809 0.5328303141 0.714374287 0.5135077921 0.508047773 0.8711325891 0.8682033389 0.8693486758 0 0 0 0 0 0 0 0 0.6682895589 0.6624459944 0.6598781439 0.6624404482 0.6722871945 0.6740049034 0.684175574 0.6483405091 0.6395044203 0.6428309227 0.8360301696 0.7629874714 0.5825187301 0.5820611314 0.8521900882 0.6159574612 0.5679858496 0.7630953273 0.7554950041 0.755166452 0.7627166139 0.8305125857 0.8314022492 0.7006479019 0.5166993031 0.824462525 0.819055747 0.7228229258 0.7142945411 0.8626133025 0.5051149382 0 0.8610713935 0.8869154801 0.6118080916 0.886020354 0 0.5128494787 0.7731440242 0.7744099284 0.7767493949 0.7861513561 0.5919310531 0.8282205528 0.8233909849 0.8218471649
0.8935164775 0.8921083816 0.5197160307 0.5109471846 0.5079651934 0.5174166614 0.7628552418 0 0 0 0 0 0 0 0 0 0 0.6630095216 0.659134375 0.664955673 0.6706424455 0.6789483565 0.8233636065 0.6389951684 0.6747337756 0.5665377353 0.5631166397 0.8638297607 0 0.8561082261 0.8533469553 0.5554583566 0.5590244511 0.7624525139 0.7631923235 0.7641767778 0.8010001716 0.9180475942 0.914455894 0.9220860728 0 0.5191850455 0.7275364998 0.842075374 0.7215411668 0.8622960615 0.8561541482 0.8525735617 0.8631266877 0.8421607134 0.8769710002 0.8851226332 0 0.5025706482 0.7840380203 0.781981001 0.7833173295 0.7935209603 0.7910089077 0.6578753198 0.6645807859 0.6615204746
0.8915837113 0.8967372926 0.5195429753 0.5125114416 0.5084677666 0.7555078236 0.7553013874 0 0 0 0 0 0 0 0 0.6714102151 0.6641304914 0.6579391721 0.666347651 0.8220902532 0.8200485558 0.8164683962 0.6593276082 0.7124503084 0.6398633003 0.6275237127 0.6032824599 0.8644658379 0.8630892652 0.5654415799 0.5595213385 0.5520391356 0.5577210106 0.5689595108 0.7630250232 0.8069206146 0.8120277203 0.9165902349 0.9111469006 0.9160039932 0 0 0.911963364 0.7302573646 0.6746714037 0.6716634312 0.6749242388 0.6778903839 0.8463864178 0.8546028107 0.8410942071 0.8796888655 0.8461152942 0.8559733841 0.8671709236 0.7302615423 0.7315379412 0.734364683 0.6519674221 0.6589851073 0.6563374972 0.6645763262
0.6208395354 0.612833958 0.6156466641 0.5178431981 0.7512518591 0.7551685822 0.6457019078 0 0 0 0 0 0 0 0 0 0.6658525371 0.6644892982 0 0 0.8134486337 0.8175145711 0.6520631792 0.6545222656 0.6805627798 0.5354568258 0.8317276161 0.8721449586 0.8294067782 0.8667490705 0.6771362256 0.5578471291 0.6558992717 0.7686071411 0.7658360205 0.8212114374 0 0.9222627858 0.9141832661 0.9103189368 0 0.9057516758 0.9067612295 0.7240152823 0.7618425445 0.6654364515 0.6755863371 0.6670510361 0.5937921883 0.8431070819 0.8411028801 0 0.8503516519 0.8599132377 0.8605041115 0.7226203035 0.7265541451 0.7278608334 0.6579733196 0.6513242961 0.6553785306 0.6557534753
0.6191854055 0.6228123583 0.6190532662 0.7581925273 0.5223769016 0.7544557906 0.6448859334 0.6422202854 0.6464010172 0 0 0 0 0 0 0 0 0.5963385494 0 0 0 0.8045598719 0.7280703889 0 0.7593874144 0.897935852 0.8331939471 0.8283310398 0.8346803701 0.8301234643 0.6686951575 0.6608407833 0.7728352231 0.7713910586 0.829501624 0.8311006616 0.8158055166 0.9165767514 0.91853567 0.8987703349 0.9032142028 0.9047734454 0.90888709 0.9120378051 0.50043486 0.5629569599 0.6768304696 0.6759043681 0.6759059149 0.602447643 0.8497150495 0.8540860425 0.8544813878 0.8585098641 0.863347464 0.72043062 0.7182427929 0.6453000936 0.5378198071 0.6486018853 0.6501193195 0.6567642331
0.5811168449 0.6244984539 0.7992380459 0.8121035163 0.5795838932 0.8947398903 0 0.6392076035 0 0 0 0 0 0 0 0 0 0 0 0 0 0 0.7222288386 0 0.7257639626 0.7280069666 0 0.8284706585 0.8262165274 0.8318966708 0.8311896335 0.760029081 0 0.7113409088 0 0 0 0.9145567756 0.6116872258 0.8974776459 0.898207004 0.9007935649 0.9031970643 0.8823611462 0.8446332905 0.8820661822 0.8360010103 0.6780429475 0.6106271262 0.8570039678 0.8505592921 0 0.8547742497 0.8587937047 0.864625246 0.7210338378 0.7174389783 0.7207374818 0.6367641561 0.6424930363 0.6445902752 0.6569208659
0.6434608608 0.7206871573 0.6458073396 0.7649531131 0.5139844722 0.6425095501 0.644472319 0.6397346019 0 0 0 0 0 0 0 0 0 0 0 0 0 0 0 0.5656424069 0.7228334437 0 0.5949749952 0 0 0 0.8316371777 0 0 0 0 0 0.9171981486 0.9147198224 0.6067942461 0.8947011286 0 0 0.9021521846 0.8788329096 0.8742189568 0.8733995583 0.8789269869 0.8330817313 0.8318553954 0.829811585 0.6000397877 0.8498383616 0.8383673653 0.8420022731 0.8449984567 0.7272882781 0.6480775422 0.6312840693 0.6326811426 0.6254329733 0.647784136 0.6540818908
0.8292189976 0.6429221988 0 0.6760254451 0.6807228518 0.7690556242 0.7614059383 0.8806808001 0 0 0 0 0 0 0 0 0 0 0.5369064248 0 0 0 0 0 0.718250115 0 0 0 0.8364136078 0 0 0.714990769 0.7104123418 0 0 0 0 0 0 0 0 0 0.9038118191 0.8763507893 0.8721568509 0.870963127 0.8748538438 0.8720222571 0.8292106852 0.5916565415 0.5952314833 0.8433304428 0.8461371415 0 0.8384868903 0.6392965231 0.6293465946 0.625828906 0.6247898503 0.6273183799 0.6286444724 0.8096017674
0.8005746655 0.8059599786 0.8024820866 0.8524231732 0.6745166946 0.7684176981 0.7661975634 0 0 0 0 0 0 0.6102855284 0 0 0.8073838637 0.8467970135 0 0.529202957 0 0 0.7150533318 0.7162844062 0.723960862 0.8809048505 0.871327951 0.8752154028 0.8798078129 0 0 0.695085125 0.7243003993 0.7267282923 0.7067332156 0 0 0 0 0 0 0 0 0.8816076496 0.8760246468 0.8782394849 0.8703118421 0.8668707001 0.876566354 0 0.8341960748 0.8403464992 0.8362855541 0 0.7196493891 0.6699745112 0.6273521917 0.6287208326 0.6332364354 0.6393011654 0.6347170433 0.6083635721
0.5832781763 0.7972741116 0.7972596119 0.6841871093 0 0.6940227312 0.6885587247 0 0 0 0 0 0.6081816281 0 0.7621967025 0 0 0.8112259109 0 0.7226669571 0 0.7233186125 0.7211314745 0.6301898709 0.7249121486 0.8784407507 0.8727658935 0.8794003069 0.8849341229 0 0 0 0.8305677862 0 0.6581268723 0 0 0 0 0 0 0 0 0 0.8468220597 0.845191037 0 0.5558515954 0.5816595834 0.8362736149 0.8383419054 0.8334367523 0.8343902686 0 0 0.6724142665 0.6715235049 0.7220181946 0.7413233843 0.7347051306 0.6382720335 0.6111897368
0.8044489405 0.7997907181 0.7936737303 0.8018671122 0.7499800953 0.6929349216 0 0.693943233 0.8559678896 0.7545073712 0.5701948172 0.7519967021 0.5491992368 0.5432549453 0.5485893819 0.5581244076 0 0 0 0.5631911216 0.7211940441 0.7206181703 0.7209695429 0.7244333974 0.5378175731 0.6253111757 0.8847484791 0.5259658082 0.7213385019 0.7230106485 0.7240490764 0.5172416564 0.6530613342 0 0.5489823351 0.5424493938 0 0 0 0 0 0.7788142517 0.7782352841 0.8452580697 0.8441903245 0.8422570879 0.8448426535 0.8391662027 0.8390039802 0 0.8319869045 0 0.8354507959 0 0 0 0.7258615765 0.6782968087 0.7430619454 0.7359310647 0.7420421581 0.6398380391
0.8506783975 0.8021602875 0 0.7958467411 0 0.5089029887 0.7642181461 0.8818283836 0 0.6153681079 0 0.572283751 0.5529253793 0.6961561815 0 0.5574320059 0.7272261599 0.5936247437 0.8000899196 0.7913151105 0.7283495949 0.7299987343 0.8582072062 0.711527671 0.5656243361 0.5630831307 0.5640896391 0.6107414017 0.6120719786 0.6188978947 0.6211033195 0.6355841822 0.6782991986 0.647961525 0.6454094636 0.6476931552 0 0 0 0 0 0.7801233135 0.7844672564 0.7773059367 0.7724501603 0.8420373405 0.835401447 0.835111745 0.8305869155 0.5648863455 0.8279181957 0.8374356737 0.8350290071 0.734882059 0.7265245986 0.7301553385 0.7385517414 0.5056507959 0.7160926824 0.5987673121 0.7490053968 0.7430930982
0.8492048196 0.7970720418 0.7908473328 0.7912549764 0.7912911729 0.8987116295 0.6294316295 0.8843821834 0.8782798299 0.7772423682 0.7806779145 0.8291280245 0 0.701649184 0 0.7770486877 0.5998447037 0 0.6550228445 0.7167114143 0.7358249904 0.8636781546 0.7161082796 0.6106453227 0.5672074824 0.5595696786 0.5620754773 0.6086304224 0.609983424 0.6196907549 0.6293202687 0.6766737205 0 0 0.6514328346 0.6415696412 0 0 0 0.6691491893 0.6648655767 0.7712872263 0.7703830097 0.7851212605 0.77977065 0.8487234 0.8390289667 0.8360065243 0.8251808884 0.8247341678 0.818289953 0.8245445096 0.8258348564 0.7319264474 0.7354489567 0.7315682745 0.7028795542 0.5968600563 0.5925545008 0.5378159688 0.7421290244 0.7431761373
0.8484527462 0.8469171842 0.8480340225 0.7959774848 0.7960155984 0.8733475987 0.8710401593 0.8748975708 0.8872592658 0.6817989373 0 0.5821054537 0.771349501 0 0 0.7176046136 0 0 0.7123842548 0.5358038735 0.6926188502 0.689581075 0.688117596 0.6938321251 0.5626488647 0.6170444524 0.5684253633 0.6006167541 0.6061024954 0.6184179493 0.6220079327 0.5298987583 0.6398993273 0.6389348058 0.6334491335 0.6316074753 0 0 0 0 0 0.7914756418 0.7762312516 0.7718796767 0.5310809422 0.8169072679 0.8390083181 0.8454834132 0.833227316 0.8275337983 0.8213512379 0.8246731969 0.8267586943 0.7374221136 0.7392229781 0.7387684869 0.5626211277 0.6397160105 0.5992645086 0.7067380826 0.8952348064 0.6287129713
0.8498629236 0.8499680013 0.5694486589 0.671869485 0.8027459242 0.6699636413 0.8704258245 0.8660596995 0.8746970904 0.5428806299 0.5406197666 0.7969231065 0.7948229088 0.651099233 0 0.7153762203 0.7195670294 0.715160992 0.7229295883 0.7191481734 0.819164006 0 0.692257955 0.7010088632 0.6251652127 0.6188587711 0.6086145542 0.6024093361 0.6073174021 0.6200220861 0.5725001158 0.5620298593 0.6412545225 0.6353810133 0.6365106798 0.6266838798 0 0 0 0.7872957839 0 0.7943453111 0.5245966296 0.5251350766 0.5934813489 0.893045734 0.8992189651 0.8439515491 0.8435067216 0.8313950172 0.8378688614 0.8473862828 0.8557587879 0.7396839557 0.7443685782 0.7416720143 0.5546943958 0.7736393512 0.5621244636 0.6023123946 0.8288382887 0.7067311298
0.6021229765 0.8544371001 0.6788615743 0.6667611165 0.6690024981 0.6776063331 0.8612093087 0.8689508511 0.8714418088 0.534171838 0.7980211319 0.7933319125 0.7863370402 0.789797439 0 0.7918104646 0.7256849616 0.7268406877 0.527465797 0.6969380504 0.6930746862 0.6942993316 0.8867569426 0.6116356996 0.6133396585 0.6184574627 0.6126935289 0.6122565586 0.613556628 0.6149479375 0.8802061726 0.6779269175 0.6450557341 0 0 0 0 0 0 0 0.7954502313 0 0.5230620099 0.5221534904 0.6345635694 0.8894364526 0.8970171942 0.9033888232 0.8353055228 0.8344925705 0.8352896284 0.5985038564 0.8321557434 0.5853330785 0.5193516406 0.5951733656 0.5020485259 0.5589737854 0.761535997 0.8616404807 0.6813514932 0.7019595757
0.5079609224 0.6024961676 0.8580586717 0.6734983293 0.6734465502 0.6775042193 0 0 0.658702148 0.535007519 0.5429548964 0.7926462021 0.7908638119 0.7828189853 0 0.7904793471 0.5318412263 0.52603659 0.5308555295 0.8487442143 0.6932139141 0.6945678072 0.6172416418 0 0.6102540335 0.612163049 0.6067326435 0.606922806 0.6073032142 0.7062260007 0.8829351706 0.8796487149 0.6110515346 0.6067106435 0 0 0 0 0 0 0 0 0.7537400493 0 0.8946782992 0.8905547808 0.5473229632 0.5495482651 0.8369543347 0.8358298516 0.8415282726 0.6040380064 0.5971384608 0.5837125896 0.5923386423 0.5984207641 0.6018676893 0.5591892727 0.6873136884 0 0.680419176 0.6768898553
0.6133844429 0.8975384314 0.7025410208 0.7745205159 0.7380839039 0.5967253598 0 0.8380119103 0.8411984243 0.6548625902 0 0 0.7876254926 0.784636492 0.7874340091 0.7949779154 0.5344547592 0.8672703066 0.5311103092 0.5400828879 0.7029794993 0.6964688181 0.6991858733 0.6158007438 0.7776565811 0.604240279 0.6143084195 0.6113180701 0.6138400991 0.7033199505 0.886484531 0.8793020135 0.8776830469 0.6004517107 0 0 0 0 0 0.7550408326 0.760344646 0.9004274681 0.7496684669 0.7496055938 0 0.5404469925 0.5439987261 0.5483713877 0.6063411254 0.8375926268 0.6116116322 0.5988773391 0.5814973428 0.7158762992 0.7179297825 0.5960508332 0.6009709989 0.6799819409 0.8434392176 0.6785760686 0.6775661437 0.9021721501
0.616149846 0.5283216728 0.5335292273 0.8456707055 0.8346565251 0.8295579092 0.8491578982 0.7821166454 0.8344128617 0.6698781772 0.6518570748 0.7191508604 0.7885094426 0.6510378145 0.7094794379 0.7109172929 0.8753541003 0.5389687251 0.5330749985 0 0.5352012165 0.7031924036 0.6977981455 0.6059910005 0.597806118 0.7589442495 0.6074206984 0.7318494672 0.5365022456 0.5415531382 0.6601984357 0.88289175 0.8709608355 0.8699335528 0 0 0 0 0.7490167657 0.7519799628 0.7606931774 0.7928033142 0.8976982236 0.8930805809 0.895999583 0.5572825383 0.5446491613 0.5539438596 0.7057113181 0.6029641026 0.6050667346 0.5834777058 0.712713014 0.7098767529 0.7171185666 0.7213907989 0.5381077032 0.5664140358 0.6910171605 0 0.6836621934 0.8961354864
0.5322946766 0.5342313704 0.5316445962 0.5838469738 0.5822443619 0.6648164191 0.8418830578 0.8400507318 0.8335327351 0.6616692701 0.6598291991 0.6561790844 0.6550942835 0.6380700788 0.7072402031 0.7075746806 0.8115544305 0.896658957 0.7773189045 0.5404824069 0.5385170237 0.5359355935 0.71030011 0.6057637004 0.5489621053 0.6053153065 0.5413486483 0.5402490538 0.5447506427 0.542502355 0.7495033993 0.7336182857 0.8726662636 0.8715956185 0 0.8773035984 0 0.6575972844 0.7576546899 0.757406445 0.7137078957 0.8001066651 0.8497704513 0.6779562196 0.8887780898 0.8979580283 0.7172317388 0.7089199947 0.6034630917 0.7411554601 0.7418437324 0.7476219948 0.7423240121 0.7113079201 0.7139210582 0.7184467007 0.5313054285 0.5237649365 0.6878863919 0.6868923608 0.6930860214 0.8946669371
0.8376067462 0.5425996051 0.6650491894 0.6659064187 0.6680185775 0.5713198248 0.8481304924 0 0.8390197574 0.6625546013 0.6598901716 0.8149358705 0.5321595686 0.7713984288 0.7060012694 0.8105706875 0 0.7698542648 0.7738515475 0.7837299435 0.8528923731 0 0 0.8630873919 0 0.5449865362 0.5408030715 0.5442693765 0.5415768931 0.5497897907 0.5835861084 0.7418497005 0.7323532464 0.7241655141 0.729916159 0.7260350327 0 0.5881993167 0.7676511955 0 0 0 0.5177104341 0 0.6826700372 0.9005543373 0 0 0.7111711898 0.748052703 0.741078124 0.741532494 0.5419884228 0.5340453158 0.7122299161 0.5367851507 0.5339993237 0.7979859612 0.5235632129 0.5241197111 0.7857403638 0.7877631844
0.8461623529 0.8474375731 0 0.6637791455 0 0.6348414473 0 0.8983064064 0.6228006327 0.6319032877 0 0 0.8975912624 0 0.5389650993 0 0 0 0.7752098379 0.8452069977 0.8468061007 0 0.8553144265 0.8602549365 0.570357953 0 0 0.5500370202 0.5595375617 0.665789996 0.8151241345 0.7349421304 0.8222350566 0.7304129728 0.7241476379 0.7966930818 0 0 0 0.8003816137 0.6778611961 0.5146923039 0.508394267 0.6918617251 0.8561601537 0.8872829086 0.8927869434 0.6906350366 0 0.5886354233 0.8528331427 0.851074206 0.7042608503 0.5367908348 0.5297389223 0.5276284907 0 0.5198731422 0.7019358628 0.6637452082 0 0.7083411773
