landscape/hab_quality/256/simulation_000070_p066_h065_HABMAT_patch_more_500pix_modified.asc_ac_0.5_quality.asc
NCOLS 513
NROWS 513
XLLCORNER 0
YLLCORNER 0
CELLSIZE 9.980507
NODATA_VALUE NaN
[rows 0 to 30 of 513, columns 69 to 137 of 513]
0 0 0 0 0 0 0 0 0 0 0 0 0 0 0 0 0 0 0 0 0 0 0 0 0 0 0 0 0 0 0 0 0 0 0 0 0 0 0 0 0 0 0 0 0 0 0 0 0 0 0 0 0 0 0 0 0 0 0 0 0 0 0 0 0 0 0 0 0
0.6563193432 0.746788009 0.5873356488 0.8457680191 0.6895363106 0.7756621389 0.7778404371 0.7629354537 0 0.8744043645 0.5389471074 0.5259840141 0.5300832537 0.5031507579 0.5038219068 0.5522631984 0 0 0 0 0 0 0 0 0 0 0 0 0 0 0 0 0 0 0.5000971543 0.6692530971 0.7905420465 0.7826453646 0.7830252569 0.7841690052 0.5430664226 0.5456714189 0.5484093577 0.6604991002 0.5358675503 0.806175199 0.8383101526 0.8094185593 0.7055674114 0.7776938531 0.7783157353 0.6715056266 0.6658282389 0.6737718105 0.8679947434 0.7508896585 0.712236515 0.7104393215 0.7126477879 0.5157487922 0.8523679314 0.67547183 0.622946582 0.8889526616 0.7986947393 0.7476856507 0.8655878705 0.7586333957 0.7567842543
0.6293575929 0.7444262197 0.8380102851 0.8638635198 0.8448976674 0.8459200993 0.7681307465 0.769940738 0.6464357864 0 0.5338923629 0.5316125676 0.5330280296 0 0 0.5557210892 0 0 0 0 0 0 0 0 0 0 0 0 0 0 0 0 0.6780963976 0.6717000113 0.6640346058 0.6645402677 0.6645643138 0.7787337104 0.7747294961 0.8739962122 0.8771069586 0.577044973 0.5501964582 0.6319519392 0.6294857568 0.8096267708 0.8048257565 0.8811497591 0.7759806943 0.7757369234 0.7790460525 0.6735688871 0.6699695946 0.5623895967 0.7203842585 0.7174453581 0.7048515607 0.7085515925 0.8532794204 0.8443461996 0.852001493 0.5564648129 0.8428129597 0.886163401 0.5265795422 0.6185804013 0.835308202 0.833270707 0.751111916
0.7467382735 0.6735297523 0.7863629536 0.830577979 0.8383657067 0.8377123603 0.764258183 0.762062387 0.7674419181 0.7399251046 0.7386194979 0.757813526 0 0.6471326168 0.6431883788 0.5504438189 0 0 0 0 0 0 0 0 0 0 0 0 0 0 0 0 0.6761839316 0.6738644812 0.6604800752 0.6580094263 0.6641013611 0.5192831099 0.8740940285 0.8687631043 0.8769926475 0.8333838322 0.7175303178 0.587456095 0.6286947452 0.627571066 0.8141685962 0.8132777708 0.5941227528 0.7812643261 0.6079699519 0.6121004181 0.6659266067 0.809992958 0.7184060263 0.7143813433 0.7098477708 0.7008041037 0.8522748598 0.8442430654 0.8510726998 0.5562085331 0.563853023 0.5725436197 0.5245611959 0.7423202256 0.5088424352 0.5168653143 0.7593031612
0.7519818011 0.5290545559 0.7556336253 0 0.8301707211 0.8395979188 0.7702812596 0.7623036409 0.6683282623 0.5485748213 0.8342426051 0.7436667396 0.738471467 0.7870622643 0.7916068706 0.8676537028 0 0 0 0 0 0 0 0 0 0.8174149243 0 0 0 0 0.8283281053 0 0.5955044307 0.6617216718 0.6583842209 0.6559948712 0.6625269933 0.6638147468 0.8747136656 0.8691835185 0.6075144929 0.7172229379 0.7257953833 0.6382911344 0.6197508945 0.6230963608 0.6265636853 0.7073057962 0.5996260164 0.8970130697 0.6106935017 0.8331983892 0.656880824 0.8329399582 0.7145019124 0.7187155588 0.7092453915 0.7095194842 0.8476333763 0.8539783352 0.8509451929 0.5657400692 0.5622538387 0.5924118205 0.5275799868 0.5208611833 0.5110340834 0.507849886 0.5094199519
0.7456665073 0.7460285248 0.7646528989 0.822321176 0.8307079663 0.5496736358 0.506132214 0.7150117628 0.5415038428 0.5389218389 0.588312997 0.7448590526 0.7375323777 0.6841342668 0 0.6216327816 0 0 0 0 0 0 0 0 0 0.603103099 0.7519022828 0 0 0 0 0.8473362677 0 0.6696741539 0.6601193001 0.6630394935 0 0.665341258 0.7237930779 0.7159816734 0.7119201754 0.7142033666 0.7938211367 0.6184422883 0.6217852179 0.6190989282 0.6200270555 0.6191947325 0.6123900367 0.7936872693 0.7977923365 0.55702609 0.651899208 0.7269500562 0.5819361617 0.7171028405 0.7179277016 0.5810168918 0.5177521157 0.6317650871 0.5147503595 0.572047195 0.6203882777 0.8713113857 0.64288212 0.7403281638 0.7433924517 0.7382819447 0.5086980885
0.7412109647 0.7420761776 0.7422081957 0.8291101816 0.8237872245 0.5051165964 0.506540527 0.5094492 0.5465937601 0.5499290907 0.5973571337 0.5489488649 0.7002640921 0.6934500597 0.626462141 0 0 0 0 0 0 0 0 0 0.593597629 0 0 0 0 0 0 0.6652287047 0.5085021459 0.6700583691 0 0.6683212204 0 0.6727707187 0.6754335186 0.6606047505 0.6664420753 0.8764175982 0.6419845825 0.6209070938 0.6140353581 0.8509074507 0.8090505374 0.6096695939 0.7577806739 0.6091585547 0.7934533185 0.5057468205 0.5517009244 0.6505369518 0.7801830173 0.5258181859 0.5120103666 0.5088054615 0.8743258544 0.5825556679 0.5773715256 0.5935645966 0.6182615779 0.7073917592 0.6384825668 0.7441820037 0.734367558 0.7409429309 0.5175399365
0.5325865941 0.7342277452 0.7424106118 0 0.5143901651 0.8926824195 0.8881850718 0.6041777544 0.5545812881 0.5467523772 0.550532047 0.8280085615 0.8287685729 0 0 0 0 0 0 0 0 0 0 0.589816196 0.5884825031 0.5863743238 0.5873652621 0 0 0.8112688284 0.8154833705 0.8179043595 0 0 0 0 0.5903052712 0.6812112481 0.6718505505 0.6690410536 0.6595530996 0.6366867749 0.6418965248 0.6433535835 0.6520159713 0.8494059119 0.8498852983 0.5953889854 0.6042333098 0.5967746392 0.8006823135 0.7952893221 0.6525319645 0.6108749529 0.8249502444 0.5239444951 0.5179765516 0.5138447847 0.5047801158 0.6539906599 0.5862091864 0.8490370486 0.6375185788 0.6294823453 0.6495548188 0.7393171587 0.7710065161 0.7420823133 0.7417674154
0.8975138343 0.9006344449 0 0 0.8382093745 0 0 0 0.6188534794 0.6798799473 0.6565750295 0 0.8201845382 0.7968579406 0 0 0 0 0 0 0 0.6058144695 0.5964788112 0.5874648429 0.5831532078 0.583358653 0.5661320952 0.5946826337 0.8097543483 0.8156410272 0.8190242744 0.8123771742 0.8161963413 0 0.7658404623 0.8143973044 0 0 0.5035889467 0.6649627314 0.6421664826 0.6434846229 0.6390877461 0 0.8413011009 0.8423130767 0.8531346954 0.6014162599 0.5952121065 0.5894214221 0.5554373262 0.8034681007 0.7476078808 0.6601936832 0.7208121141 0.8514524642 0.5211514322 0.5121858371 0.7340748019 0.5134837485 0.6981798269 0.6680085108 0.6326211784 0.6124111269 0.7178879659 0.7133396137 0.7116271743 0.7849306078 0.7416995086
0.848974184 0 0.9048687274 0.6435284838 0.5862977637 0 0 0 0 0 0 0.5970303083 0.8794690816 0 0 0 0 0 0 0 0 0 0 0.582364038 0.5787030374 0.5846004726 0.77873293 0.572602101 0.8993834061 0.8136081933 0 0 0.8083919551 0.7800203432 0.8206647761 0 0.8202992461 0.8837815151 0.6386686383 0.5024216445 0.8980419027 0.8901088999 0.8874049704 0.8344341977 0.8372695417 0.8367627915 0.5982816609 0.5998756687 0.5915191515 0.5892520588 0.5891546271 0.5884410264 0.6000732701 0.7626047965 0.8303572314 0.7596635856 0.8617640617 0.7664263079 0.5158233279 0.6255074587 0.8640993014 0.645858369 0.618614403 0.7178560632 0.7134140543 0.7079123344 0.7101518808 0.5220118593 0.7573429886
0.7129548464 0 0.5614018583 0.7690024302 0.7745422176 0.7685364601 0 0 0 0 0.598841038 0.6051088688 0.6062640659 0 0 0 0 0 0 0 0 0 0 0.7942566967 0.734028764 0.778687566 0.627210678 0.8016502934 0.8228449531 0 0 0.804683912 0.7999462603 0 0.8121610358 0 0.5554288186 0.8738272546 0.6417044752 0.6368656696 0.6450420861 0.8832904846 0.6999399134 0.831309325 0.8291200554 0.8337519973 0.5967370243 0.5955526776 0.5898626264 0.695358558 0.593553582 0.5987244401 0.7527429138 0.5263298243 0.5798034184 0.7315930872 0.8836422034 0 0.7085604114 0.7260088954 0.830052432 0.5796788978 0.5738276299 0 0.713921647 0.712924514 0.5295495387 0.5880464732 0.8900620872
0.8339452759 0.8675898624 0.865390384 0.7666765197 0.7665410972 0.7675051598 0.7680624966 0 0 0 0 0 0 0 0 0 0 0 0 0 0 0 0 0.8254118364 0.803586413 0.6271820583 0.6326826081 0.8791501432 0.635751517 0.5310403666 0 0 0 0.805857959 0.8086401307 0.8679654846 0.6193844664 0.6431650957 0.6423089719 0.6381854864 0.6419201415 0.7790882798 0.7699479559 0.8219933351 0.8286081761 0.60935214 0.6008059022 0.5945545044 0.5931593227 0.6124121104 0.5954807847 0.6008002061 0.523151793 0.5751061961 0.6644902581 0.6107795557 0.6056799844 0.6048308014 0.7181101164 0.6136452043 0.54851069 0.638764878 0.6322676696 0.7209285707 0.7933546371 0.7186023955 0.7258372433 0.5732104633 0.8964156771
0.8640622942 0.865236647 0.872803075 0.7737347303 0.7665927368 0.7601619087 0 0 0 0 0 0 0 0 0 0 0 0 0 0 0 0 0 0 0.629645162 0.8723512637 0.7333409395 0.632036861 0.631180709 0.6377466637 0.6343671522 0 0.8127194082 0 0 0.7502428427 0.8662912253 0.6135013642 0.6435387292 0.6504588549 0.6418525897 0.7745760223 0.8265685229 0.6206211266 0.8262543494 0.604651553 0.6046892831 0.6136163605 0.6080650319 0.6108417265 0.6182880679 0.6103059452 0.6644961397 0.6545579063 0.6622191491 0.6097158092 0.6011692232 0.6069245157 0.7672494426 0.8614039715 0.7929881497 0.5419074886 0.827556932 0.6107796456 0.7188407423 0.7238170638 0.7267744586 0.5828508823 0.8899038548
0.8605122823 0.5556350343 0.8634368053 0.877946421 0.7662863426 0.7619993387 0.7653965312 0 0 0 0 0 0 0 0 0 0 0 0 0 0 0 0 0 0 0.877193708 0.8758516986 0.6326803685 0.6300348074 0.6264596324 0 0 0.6644415392 0.7676049607 0.6686172058 0.8735927516 0.6135578263 0.606544869 0.606168994 0.6437780054 0.8138355852 0.7425331088 0.6269175149 0.6153954904 0.6117828094 0.8043479551 0.611374797 0.6091261519 0.6056767394 0.6126087741 0.6074148908 0.6109672045 0.6600501626 0.6621562265 0.6637600535 0.6081434385 0.6096182784 0.8802176959 0.8609171883 0.8618614183 0.7584043573 0.8645329287 0.755579966 0.7578945987 0.7310855242 0.875349386 0.8408169659 0.7303287519 0.6383199363
0.8579900538 0.8563094034 0.70522803 0.7924941685 0.7722874326 0 0.6717425501 0 0 0 0 0 0 0 0 0 0 0 0 0 0 0 0 0 0.6471516706 0.8640085316 0.6209410777 0.6245120945 0.6262347569 0.6253122843 0.6172711358 0 0.6590312404 0.6611888178 0.6620449702 0.6691688597 0.6586345355 0.6134790789 0.7293996016 0.6398197059 0.6400165638 0.6278246813 0.7165274048 0.6184692273 0.6170374776 0.612281135 0.6162657666 0.6255218007 0.6115747563 0.6097900452 0.550442736 0.893606918 0.6659562274 0 0.6708592801 0.6579159385 0.6656345911 0.6149522237 0.8593096818 0.8585084576 0.7569065663 0.7518652355 0.7498889181 0.7592892872 0.5381103029 0.5434466477 0.8808734506 0.6472345611 0.6412588819
0.8569954997 0.8874043309 0.8585964783 0.7998113278 0.8005077974 0.8016231669 0.5914309942 0 0 0 0 0 0 0 0 0 0 0 0 0 0 0 0.7984805213 0.7092653112 0.7327350185 0.6180324136 0.6180247201 0.612306735 0.616986404 0.6110118848 0.6277918972 0.6529860311 0.6536550971 0.6553707858 0.6691286169 0.684698832 0.659953668 0.6534873741 0.6438205785 0.6353023245 0.6394051651 0.7158933371 0.7092468484 0.6833857359 0.8568082783 0.808597124 0.6228337877 0.6168708931 0.6172363869 0.5520897956 0.618876252 0.8928094811 0.8865837193 0.679152162 0.6546335306 0.6562559894 0.6575250209 0.6645940945 0.8607037642 0.7748375938 0.5444337241 0.7563233842 0.7561370371 0.7587887764 0.5368948702 0.5401104486 0.5375425297 0.8646092441 0.6850589322
0.8956723206 0.8945496336 0.8957961974 0.5488866697 0.5930709082 0 0.5906946416 0 0 0 0 0 0 0 0 0 0 0 0 0 0 0.7564326355 0.7135112091 0.6269606636 0.6242184705 0.6261058375 0.6148271801 0.6108720546 0.6105658844 0.6183824485 0.6197909448 0.6545978912 0.6465365218 0.6539335244 0.6636862956 0.7284329651 0.683858177 0.5224867257 0.5134827987 0.6417350528 0.6359452998 0.7148748427 0.7183953274 0.7134334162 0.6605650097 0.525756066 0.5247638848 0.8835929613 0.5522991731 0.5441970535 0.8211066269 0.5503086436 0.6708155631 0.8186722999 0.651048068 0.6488469069 0.6573806531 0.7912977023 0.7714510755 0.5445944839 0.7655656348 0.8537802208 0.8477126289 0.542809177 0.5365785299 0.5366704289 0.536393047 0.6406357447 0.6403399981
0.9056160505 0.545229488 0.5429038278 0.5498085356 0.583114262 0.5874600776 0.5909410422 0 0 0 0 0 0 0 0 0 0 0 0 0 0.7103209042 0.7097688547 0.8041851696 0.62454637 0.6210410852 0.6191895957 0.6119984259 0.6080722446 0.6118266216 0.6127095749 0.619990124 0.6553202702 0.6517761804 0.6541275636 0.6889040458 0.6870787585 0.6828209041 0.6785153255 0.505466644 0.5148885735 0.7057046575 0.663700533 0.8044012776 0.5327339711 0.5343561176 0.5219606772 0.8381637231 0.8424105437 0.7553811466 0.740566326 0.8621583619 0.8620280842 0.7833838983 0.8186474265 0.8136944725 0.657185299 0.6490307114 0.7604411981 0.7628812433 0.7650797838 0.7652481216 0.6645292875 0.5517510348 0.5444888599 0.5382974981 0.5352317322 0.5337419392 0.5370594982 0.5350741752
0.5585805103 0.5517434951 0.5434167462 0.5789672597 0.5807783756 0.5906750012 0.7603186514 0.8575470525 0 0 0 0 0 0 0 0 0 0.5667892232 0.5620391014 0.5713534885 0.6130724672 0.5228779167 0.7313884506 0.7976183775 0.6235515976 0.6225105735 0.6158960077 0.853681915 0.6133263564 0.613008976 0.61765957 0.6212599655 0.755878831 0.8243828978 0.6892195869 0.6870663945 0.6799244618 0.6767444001 0.6846112952 0.5148693629 0.696453895 0.6995347032 0.575987854 0.5357867509 0.5308887718 0.5238846484 0.5295358735 0.8466462614 0.5631773582 0.8591311128 0.8713797123 0.8191136206 0.6605839105 0.8156528448 0.820530406 0.756962542 0.7479458372 0.7570866511 0.7551518128 0.7555753814 0.6429461455 0 0.5464609987 0.5460904773 0.5267921262 0.5341765369 0.5330473453 0.5332155925 0.5407052922
0.6671897387 0.5572879854 0.5492230205 0.7627751132 0.583745326 0.7537514804 0.7532575771 0.8821711479 0 0 0 0 0 0 0 0 0 0 0 0.5597052013 0 0.5257194931 0.7325743313 0.7299987028 0.7325591185 0.8535635317 0.6249507202 0.5173988659 0.749240276 0.7562345937 0.7669089715 0.766775723 0.598379122 0.7742574181 0 0.6085022543 0.6771521663 0.685421663 0.6778101853 0.6866280774 0.7199111929 0.6190039109 0.5812594189 0.5713222288 0.5740161279 0.5318752934 0.5347443297 0.5394866345 0.7518040857 0.8655628475 0.8624059649 0.6216945822 0.6152236176 0.7350484931 0.7318555345 0.7550558617 0.7620449338 0.7544707034 0.7597827212 0.7602921993 0.7567283849 0.8808881277 0.551148376 0.5490679831 0.529554406 0.5267438585 0.5321643664 0.5425575209 0.5429712383
0.7417678863 0.5590722503 0.5513637446 0.5523770355 0.7035246657 0.7518887388 0.7494008445 0 0 0 0.5797245574 0.6181737447 0.6165582939 0 0 0 0 0 0.5646515553 0.6022391364 0.5525837694 0.8500467047 0.7907517178 0.7259736592 0.7237696686 0.8538405179 0.5215227113 0.7577556338 0.525941531 0.7585826435 0.8862702979 0.7657492749 0.7651255932 0 0.6955094564 0.6889463728 0.685238245 0.7154687878 0.8948211978 0.680333217 0.6940418805 0.5418753288 0.5770657534 0.5745994311 0.6424793103 0.8541010054 0.8552440946 0 0.5492400392 0.6859000323 0.7238064893 0.8323329909 0.7963621121 0.7374574488 0.7492359155 0.7470282974 0.7401409119 0.7462485731 0.7600040839 0.850740419 0.882625522 0.5563279593 0.5606226535 0.615862427 0.5271144736 0.5354344445 0.530873481 0.8687158165 0.8184633264
0.7358296192 0.7499403862 0.7472380287 0.8628340183 0.8615700751 0.5849089736 0.7503058427 0.5704203474 0 0.6835441411 0.5726938048 0.577553647 0 0 0 0 0 0 0.5826694506 0.551660137 0.6006265362 0.7895558953 0.599450583 0.6087052727 0.7276324404 0.6377474782 0.7666326349 0.6164108285 0 0.6927390557 0.7002238754 0.5004078036 0.6098957738 0 0 0.6859524154 0.6913518846 0.6874753642 0 0.6857966932 0.8054328575 0.5360341945 0.5431016405 0.63907425 0.862381414 0.8565201623 0.8474217203 0.8536747933 0.5423199159 0.8369318917 0.8307988296 0.7733168641 0.5884261944 0.712980047 0.7523552527 0.7449245789 0.7427655337 0.7310739524 0.7607292893 0.8153353435 0 0.5614126358 0.5677623548 0.676162287 0.7774075946 0.7959204901 0.7775861311 0.8474845734 0.8173494492
0.7418306293 0.7427841144 0.8993445565 0.8688307135 0.866023897 0.5872103645 0.5837769797 0 0.5706862099 0.5692177253 0.5717542926 0.5018901694 0.7635865735 0 0 0.6615324832 0.5298500607 0 0.5908335722 0.5810177919 0.5975648493 0.5953511847 0.6048945164 0.6128146934 0.613915238 0.6439578809 0.7763912825 0.7736986968 0.7131442637 0.7059946219 0 0 0 0.8861690841 0.5199920324 0 0.6521813324 0.6911047842 0.6970053023 0.7012779562 0.8792915004 0.522016429 0.6881666738 0.5499257481 0.8609754379 0.8526523365 0.849978323 0.8553008711 0.5456328234 0.7497231268 0.8339921881 0.5472968492 0.7161615411 0.509195994 0.7542533049 0.7544948517 0.7540786333 0.7322210729 0.5986901865 0.567300371 0.5672997994 0.5584559414 0.5677941987 0.6667117207 0.768848865 0.7720390326 0.7801163655 0.8239798235 0.5956397993
0.7434062215 0.7483346336 0.7542188541 0.6508934145 0.7762507118 0.5901057401 0.584439969 0.5926779781 0.571624268 0.5756601963 0.5017871045 0.5079224326 0.7557053442 0.7565870994 0.6523974477 0.7590192876 0 0.6331581359 0.7032529197 0.6024682051 0 0.5955891268 0.6052483244 0.612768126 0.8883185257 0.7762661447 0.8729173168 0.7752396417 0.8668057965 0 0.5138146562 0 0.6878566079 0.5179632986 0 0 0 0.6888694173 0.6983299952 0.6941212214 0.5167546805 0.5217286689 0.6119518637 0.55340242 0.5501736358 0.8593883817 0.8545288631 0.8566586195 0.7541289477 0.6782562455 0.757061147 0.7003131011 0.7112965542 0.8468610546 0.7624379158 0.5852433754 0.5852847835 0.5783048155 0.6472232562 0.5621617735 0.5621483193 0.565991641 0.5628558542 0.5734419271 0.8375149676 0.7731804222 0.7799114778 0.8254351197 0.8307826124
0.7150674831 0.7562843155 0.6465568857 0.7676727843 0.5335210506 0 0.5877402858 0.535626703 0.6770329483 0.5846234654 0.5089519339 0.5034767218 0.8403693917 0.7538654338 0.7531243959 0.7597231645 0.5886431103 0 0.6159057697 0 0.6159131707 0.6060691897 0.6112484543 0.6129947501 0.616774187 0.7772193906 0.770545548 0.774563445 0 0 0 0.7804645643 0.5114816401 0.6797944 0.6784566072 0 0.6820624238 0.6924573866 0.5323178977 0.5214163641 0.5200618452 0.524560412 0.5967344435 0.5904014211 0.585350859 0.7145686862 0.8577991568 0.8622411453 0.761808758 0.850004694 0.8498583727 0.7042080258 0.7050244636 0.5856886466 0.8853242474 0.5771989076 0.5763549816 0.5835583215 0.5117949126 0.5658857439 0.622602047 0.5670906313 0.5676191316 0.5723715223 0.8781516669 0.8862932793 0.582756661 0.8329866895 0.8272376304
0.7064692194 0.7071492776 0.7622994982 0.6350927929 0.6359177903 0.5176953301 0.5173877548 0.6743665133 0.6751450185 0.5802190674 0.5785393362 0.5783973876 0.6794721335 0 0.7533245959 0.7555790309 0.6429697489 0.6511205961 0 0.6393230377 0.638040661 0.627183429 0.6094168497 0.5232082021 0.775159896 0.775362385 0.7780911692 0 0 0 0 0 0 0.6784629478 0.6766371825 0.6810403648 0.6851925483 0.621910397 0.6265506838 0.7323600978 0.8239514725 0.8295706557 0.5946185988 0.5815758357 0.5806069084 0.5758147819 0.8255551504 0.6793350398 0.5983722596 0.5140002446 0.8511587785 0.5916107883 0.6594064262 0.6461983025 0.8966638454 0.5083003721 0.5823099952 0.5827894475 0.8072005316 0.8027546985 0.5721887813 0.5741526755 0.5677674578 0.5694335519 0.8876019035 0.8725299778 0.5690904073 0.6310458201 0.8815866334
0.7061153729 0.7082879845 0.7119898598 0.632737802 0.6264418909 0.8870773415 0.6622360375 0.6691458071 0.8775243297 0.5770868102 0.5729745274 0.6768421643 0 0 0 0.6474745672 0.6500187793 0.6526882946 0.6527646539 0.6276843457 0.6297215506 0.6239910522 0.8970117556 0.7652340226 0 0.6169702406 0 0 0 0 0 0 0.6237714513 0.6842195942 0.6742389929 0.6701747211 0.6625045881 0.6709737326 0.5544372402 0.667930635 0.5995026263 0.7531324139 0.5838280567 0.5743383594 0.572452988 0.5746196585 0.5837307668 0.7510037221 0.5578209041 0.8785967588 0.87426918 0.7061546834 0.8411321725 0.706238736 0.7083558848 0.6459308953 0.7987671813 0.8017996659 0.8013949962 0.5773341358 0.7957723277 0.7957921031 0.7380998256 0.6287591831 0.5299523555 0.5718767883 0.5636140702 0.5674993518 0.6347552577
0.7126286332 0.5400214862 0.6419943782 0.5373964957 0 0 0 0 0 0 0 0 0 0 0 0 0 0.66456357 0.6483217035 0 0.6394186408 0.7597695068 0.7586839838 0 0 0 0.6114903358 0 0 0 0.6084374944 0.604228044 0.6195193077 0.6110054747 0.6084727124 0.6124722423 0.5494660938 0.7311232817 0.5955218745 0.5901517655 0.7502227401 0.5837272745 0.5910272315 0.5818226203 0.5774204546 0.5763401767 0.5825323967 0.5831394804 0.8802011182 0.7356996503 0.8713822885 0.7331307884 0.701527859 0.7034121181 0.7076145335 0.8511824117 0.8060654527 0.7968450875 0.8017193292 0.7986317346 0.8046113606 0.6294751549 0.5300149509 0.5243088162 0.6857242547 0.6902150996 0.5726476087 0.6532826798 0.6190402006
0 0.5390438095 0.5318585208 0 0 0 0 0 0 0 0 0 0 0 0 0 0 0 0 0 0.7297568128 0.7382036556 0.5593751898 0 0 0.6177012975 0.6147654202 0 0 0 0.6060010837 0.6117539536 0.6028820522 0 0.5408372209 0 0.5470267935 0.5593937735 0.5960798521 0.5875895343 0.5823903292 0.5850706513 0.8582395385 0.859053724 0.6390371 0.5812141166 0.5809123395 0.5830901214 0.5572341116 0.7325805446 0.7297896213 0.8533511479 0.8566057678 0 0 0 0 0.8014284244 0.7985250378 0.5859944964 0 0.5608353613 0 0 0.6820044915 0.7004217234 0.6969093846 0 0
0 0 0 0 0 0 0 0 0 0 0 0 0 0 0 0 0 0 0 0 0 0.7287797854 0.7365218409 0.7258355801 0.7697780989 0.7861276004 0.7160114926 0.6140357389 0.5943461594 0 0.6440251289 0.6106023638 0.6027218902 0 0.6095052683 0.5414333154 0.548909124 0.5529613975 0.5890937149 0.5855588073 0.5786970574 0.5854909016 0.8552726306 0.8634125 0.8173709455 0.5845420482 0.582474615 0.6369865919 0.5447289527 0.7394958619 0.732089756 0.8608388469 0.8527420859 0.8616175152 0 0 0.8050797084 0.5007942754 0 0.5910654823 0 0 0 0 0.6988375154 0 0.6914270295 0 0
0 0 0 0 0 0 0 0 0 0 0 0 0 0 0 0 0 0.6861209132 0.6566758513 0 0.7302141038 0.7289653372 0.7249440683 0 0.6711248788 0.6698345708 0.6439874569 0.5873667335 0.6402122045 0 0.6416923758 0.6488833729 0 0.6121142188 0.6136546386 0.6685768704 0.789539226 0.7928040083 0.6809356975 0.5803155117 0.5881723545 0.8555954022 0.8557289166 0.8613718428 0.563538887 0.833781561 0.7436561957 0.7491119639 0.7529120994 0.7375471835 0.739803705 0.8604623898 0.8606854824 0.8592036157 0 0 0.7289927113 0.7198011833 0 0 0 0 0 0 0.5262646844 0.698111649 0.6956316796 0 0
