landscape/hab_quality/256/simulation_000071_p041_h036_HABMAT_patch_more_500pix_modified.asc_ac_0.5_quality.asc
NCOLS 513
NROWS 513
XLLCORNER 0
YLLCORNER 0
CELLSIZE 9.980507
NODATA_VALUE NaN
[rows 324 to 359 of 513, columns 324 to 404 of 513]
0.8977337126 0.5311980591 0.8622839285 0.5527194429 0 0.5717817437 0.5787726454 0.5792262252 0.5801209431 0.5953221386 0.8249803926 0.889862717 0.7003197981 0.8948430858 0.906337432 0.905404309 0 0.9261437497 0 0.6458047951 0 0.7697576313 0.7622969317 0.883387159 0.8789966898 0 0.738985136 0.7345114098 0.740199091 0.7369943417 0.5423078938 0.5741858826 0.6287632615 0.8423080156 0.7938009661 0.7977916685 0 0.7814280607 0 0.8467188672 0.7659094505 0.5810114712 0 0 0 0.7208138578 0.6021831714 0.6250321605 0.5659841906 0.7435568296 0.7396648753 0 0 0 0 0 0 0 0 0 0 0 0 0 0 0 0 0 0 0 0 0 0 0 0 0 0 0 0 0 0
0.8252411728 0.8341407922 0.5122205738 0 0 0.5742979557 0.5694458784 0.5703371717 0.581549905 0.5821010063 0.8960546661 0 0.899513092 0.8949302309 0.8926495219 0.901476654 0 0 0.9163007773 0 0 0.7759448793 0 0.8875093726 0 0 0 0.7328705486 0.6864116856 0.6954898006 0.5563934494 0 0 0 0.789139229 0.778088794 0 0.858658542 0.6647581635 0 0.6365009405 0.8314911445 0.72381956 0.7157140793 0.7184714789 0.7227887887 0 0.6165983547 0.5716123593 0.74885587 0.7483110983 0 0 0 0 0 0 0 0 0 0 0 0 0 0 0 0 0 0 0 0 0 0 0 0 0 0 0 0 0 0
0.8464182775 0.8208712314 0.5079270049 0.5073610112 0.5027268396 0.5779755953 0.5740192652 0.5774495742 0.6639651945 0.9078479704 0.9048624305 0.9016529767 0.8922646829 0.8948205298 0.8920818125 0.8980920723 0.9023961371 0.9095063647 0.9140832117 0.6424084624 0 0 0 0.5920660863 0 0 0.7342823654 0.5762772229 0.7377962463 0.509045784 0.7843376449 0.8763829339 0.8751670718 0.7915836293 0 0 0 0.6725562108 0.8508572679 0.8607892987 0.7945551746 0 0.6579078016 0.715312694 0.8076349118 0.5889970742 0 0.5558662436 0.8612894515 0 0.7483498631 0 0 0 0 0 0 0 0 0 0 0 0 0 0 0 0 0 0 0 0 0 0 0 0 0 0 0 0 0 0
0.8153847496 0.815161556 0.5089773007 0.5024633875 0.5071817749 0.5046985893 0.8137711086 0.8155181818 0.8311643814 0.9051383498 0.8992734279 0.8969849157 0.8957826845 0.8917594839 0.8966141628 0.8936530152 0.9052021591 0.907638003 0.9089123066 0.9160761117 0.6436193312 0.5535241447 0.6555021471 0.7675672964 0.5424676181 0.7736001229 0.8397547824 0.8891539425 0 0 0.8666762272 0.8493894747 0.8822331242 0 0 0.7593103819 0.7667980023 0.8556109059 0 0.5167243897 0.6819335748 0.7184523495 0 0.7112028012 0 0.7107996756 0 0 0.5548314413 0 0 0 0 0 0 0 0 0 0 0 0 0 0 0 0 0 0 0 0 0 0 0 0 0 0 0 0 0 0 0.8189826643 0.7408840221
0.8085937338 0.8090668255 0.5094340571 0.5047212207 0 0.817445532 0.797233132 0.5892622975 0.9073849235 0.8984785279 0.8968135538 0.8946608486 0.8921973933 0.8953591186 0.8958428768 0.9020757498 0.9073569802 0.9067816588 0.9153547231 0.9110374295 0.5488063437 0.5182172286 0.5161233442 0.6825700245 0.8245232472 0.8308099921 0.8807905455 0 0 0 0 0 0.7712804616 0.7594652937 0.7576875999 0.764790191 0.7616517606 0.5229299856 0.5143939431 0.5154961222 0.796756592 0 0.7143646258 0 0 0 0 0 0 0 0 0 0 0 0 0 0 0 0 0 0 0 0 0 0 0 0 0 0 0 0 0 0 0 0 0 0 0 0 0.8652581545 0.5468997491
0.8135702477 0.831076988 0.8328055317 0.8344573805 0.5445937933 0.842529653 0.8386919169 0.5842508647 0.9028022058 0.8996165365 0.8984267825 0.9151110887 0.9043894982 0.9034032782 0.903930138 0.9022473058 0.9084319062 0.5544767335 0.5546611464 0.7105376238 0.510929764 0.5142839889 0.5213315205 0.8336203117 0.644717571 0.8324050191 0.6201973631 0.7810717063 0 0.7673104662 0.5444165891 0.5433239391 0.5465582675 0.7637127729 0.7618465398 0.7495124756 0.7728939145 0.5607741215 0.5193759552 0 0 0 0 0 0 0 0 0 0 0 0 0 0 0 0 0 0 0 0 0 0 0 0 0 0 0 0 0 0 0 0 0 0 0 0 0 0 0 0 0 0
0.8076331326 0.8270986025 0.8309731989 0.8267387523 0.8334843208 0.8375957828 0.8427251341 0.5875979381 0.665555976 0.9084244127 0.9013558306 0.9072308742 0.9073034984 0.9045694883 0.9117593729 0.9056778417 0.907644793 0.5487778625 0.5568253315 0.7114440024 0.5157259126 0.5109869058 0.6178417252 0.5280122974 0.6184242672 0.6927501793 0.6211173503 0.7760062571 0.5832945232 0.7728800992 0.5473394409 0.5382396601 0.5447494938 0.5449708151 0.7705247548 0 0.8050560322 0.7791962472 0.5062214115 0 0 0 0 0 0 0 0 0 0 0 0 0 0 0 0 0 0 0 0 0 0 0 0 0 0 0 0 0 0 0 0 0 0 0 0.8937685738 0.8918800597 0.676610505 0 0 0.8208488852 0.7889410537
0.7983176185 0.8087920636 0.8230307021 0.8277130156 0.8327943096 0.8384342118 0.8411045404 0.8511384873 0.8951362727 0.9179496763 0.9135479119 0.9159095771 0.9066002026 0.909633241 0.9119305355 0.5528484504 0.5521856707 0.5481415144 0.709705682 0.7113566911 0.848318727 0.843953556 0.8511408335 0.8014615022 0.8019714378 0.8058971229 0.8123485188 0 0.6976584992 0.6862662457 0 0.5473364276 0.5414764372 0.548375958 0.7720483082 0 0 0.8201969821 0.7380859719 0 0 0 0 0 0 0 0 0 0 0 0 0 0 0.8125594223 0 0 0 0 0 0 0 0 0 0 0 0 0 0 0 0 0 0 0 0 0 0.9006434039 0.8929269554 0.5249570335 0.5729174639 0.8865780602 0
0.805196808 0.8149031001 0.8211386791 0.8294149876 0.8378795201 0.8409591079 0.847102625 0.7156590776 0.621307626 0.8070710319 0 0.911146517 0.9085210537 0.9152531043 0.5477096474 0.5473632644 0.5453172742 0.7023441837 0.7043075619 0.5392870865 0.862470946 0.8438719108 0.8404038875 0.8059135664 0.7960176334 0.7993580507 0.6800584446 0.5108906543 0.6795953451 0.6791961581 0.6789342158 0 0 0 0 0 0 0 0.7421331903 0.7400303186 0.760131844 0 0 0 0 0 0 0 0 0 0 0 0.871884006 0.8694035283 0.8764530895 0.8863685462 0 0 0 0 0 0 0 0 0 0 0 0 0 0 0 0 0 0.5630008262 0.5635571241 0 0.6771035171 0 0 0.7779559484 0.7824300337
0.8014178825 0.8072315223 0.8246451676 0.8270396495 0 0 0 0.8598003611 0.8513284044 0.8559519626 0.9157922702 0.911951004 0.9143973426 0 0.5421018696 0.5420588949 0.5436199335 0.5433489863 0.5451254999 0.554679699 0.5545032787 0.5588955775 0.8342457663 0.7366179667 0.7403527621 0.7337326516 0.6779498836 0.6722401211 0.6775182969 0.6772413094 0 0 0 0 0 0 0 0 0 0 0.769360339 0.7593000866 0.7592842466 0 0 0 0 0 0 0 0 0.5687062745 0.8725885794 0.8708009673 0.8785830181 0 0 0 0 0 0 0 0 0 0 0 0 0 0 0 0 0 0 0 0 0 0.7087875198 0 0.7924735612 0.7869609523 0.7775742024
0.8169833901 0.8211980738 0.8198743645 0 0.8368360684 0.8458969791 0.8447352975 0.7106718222 0.5762857237 0.8504087329 0.8534623574 0.8578256532 0.8062727093 0 0.5453895824 0.5492169641 0.540000793 0.5355498042 0.5452510636 0.5500418256 0.5544034287 0.8290906638 0.5615589813 0.7372325635 0.7319122486 0.7384755296 0 0.675844781 0.6713922761 0 0 0 0 0 0 0 0 0 0 0.7654324638 0.7664788365 0.7570058674 0.7580225047 0.6083796532 0.5989218541 0.6017212591 0 0 0.769937304 0 0 0 0.8871267025 0.8645598293 0 0 0 0 0.5434044757 0 0 0 0 0 0 0 0 0 0 0 0 0 0 0 0 0 0 0.7056814843 0 0 0
0.8161202282 0.8127115079 0.8174673129 0.8244601365 0.8429921759 0.838347997 0.8448873754 0 0.8560172844 0.8594476396 0.8534734725 0.8032463414 0.5606816921 0 0.5504034256 0.5439538824 0.5402839915 0.5442000184 0.5390334131 0.547414045 0.5525946869 0.5558682306 0.5638860849 0.5599296535 0.7320109894 0 0.6204266488 0.8138638393 0.6807511012 0 0 0 0 0 0 0 0 0 0 0.7609664039 0.7528643085 0.7553898846 0.7197609506 0.7219927776 0.6088499663 0.6018851551 0.6062069312 0.5972264395 0 0 0.5719174953 0.570666682 0.5291149122 0.5268109763 0.5331363129 0.5322151462 0 0.5400575486 0.5423215079 0 0 0 0 0 0 0 0 0 0 0 0 0 0 0 0 0 0 0 0 0 0.6140755956
0.8110001478 0.8125387711 0.8174212306 0.818054301 0.8905312326 0 0 0.8526997589 0.8537501782 0.5927711238 0.5868945087 0.5856582121 0.5628092273 0.5543775222 0.5506789507 0.5499310624 0.5517180995 0 0.6569009062 0.5842901754 0.5631932817 0.7230445687 0.5587004545 0.5638963014 0.5691540068 0.5884433689 0.6169964455 0.6258355798 0.6848262491 0 0 0 0 0 0 0 0 0 0 0.7529445843 0.751081784 0.753615481 0.7158505517 0.7238792724 0.6159638137 0.6120993725 0.790559871 0.597739379 0.5930179788 0.6176823604 0.5798726816 0.7257571783 0.7227070571 0.5331083474 0.5203637456 0.5317789685 0 0.5323239332 0 0 0 0 0 0 0 0 0 0 0 0 0 0 0 0 0 0 0.610370482 0 0.6071646188 0.6066943975 0.6161943046
0.8181160232 0.8190475346 0.8134589638 0.8904814465 0 0 0.8614713121 0.8628689727 0.8569325072 0.5939695015 0.5892302697 0.5666200385 0.5613607008 0.5535337418 0.5584525391 0.5555445541 0 0 0.8022787246 0 0.5647791554 0.5608204869 0.5600954664 0 0.648282957 0.6213598956 0.7163801738 0.6210887734 0.5457579204 0 0 0 0 0 0 0 0 0 0 0 0.75620693 0.7582399208 0.7190465398 0.5273805462 0.7882743385 0.7881035439 0.7872833453 0.5951022791 0.5949913077 0.5953469513 0.7622541741 0.7262000432 0.7177270481 0.5291349525 0.5265769427 0.5189030839 0.5253435131 0 0 0 0 0 0 0 0 0 0 0 0 0 0 0 0 0 0 0 0.6120182861 0.605496152 0.6049627259 0.6104047588 0.6099676928
0.8175290794 0.8183700149 0.8203705967 0.8937577704 0.8986695266 0 0.8778769473 0.8755495064 0.6278485782 0.5934096782 0.5979509396 0.5659029764 0.5564912946 0.5618292809 0 0.7016454272 0 0 0 0 0.5643013177 0.5616013591 0.5652040419 0.5362363227 0.6576489046 0.7409783121 0.8387211094 0 0.7811736905 0.7671940523 0.7691962182 0.7640799352 0 0 0 0 0 0 0 0 0 0 0.7799426866 0.7820245996 0 0.7809789874 0.787780375 0.8598853594 0.86843908 0.5198619186 0.5185628997 0.7549584356 0.5309476889 0.5169835104 0.5197182024 0.5188820884 0.5278645916 0 0 0 0 0 0 0 0.8988191687 0 0 0 0.6810139947 0 0 0 0 0 0 0.6112903502 0.611758498 0.6033138195 0 0.6087688684 0
0.8074867599 0 0.819288875 0 0 0.6513731897 0.6525524583 0.5135140095 0.8056966015 0.5568529723 0.6835514807 0.5618520102 0.8722637799 0.692797569 0.7101266584 0.7033671196 0 0 0 0 0.5702556282 0 0.5678185659 0.662224337 0.6551371388 0.6588435853 0.6855463815 0.5044563547 0.7754257317 0.7718139015 0.7634906592 0.7702645929 0 0 0 0 0 0 0 0 0 0.7876162965 0.7770769612 0.7832105149 0.7744844455 0 0.7903851126 0.6110076271 0.8655317355 0.5208845501 0.5154700913 0.516297531 0.5146092825 0.5231297589 0.514753621 0.5187234956 0 0 0.529227483 0 0 0 0.9016055912 0.8971514094 0.8902646249 0.8888741065 0.7457503574 0.8878031829 0.8937286388 0 0 0 0 0 0.6044629517 0.6137219644 0.6104214558 0.603048294 0.6074855078 0 0.614722463
0.8093822021 0.8108183414 0.5635858316 0.5529118799 0.5607771075 0.6465324581 0.8672356572 0.5203647471 0.7297533209 0.740346974 0 0 0 0 0 0.7157935768 0 0 0 0 0 0 0.6785526048 0.6634190057 0 0 0 0 0.7711083533 0.7685887908 0.7675554932 0.7718100339 0 0 0 0 0.8092364965 0 0 0 0 0.7795162835 0.7757537306 0.7743904561 0.7811756919 0.7815718898 0.8044455809 0.6115955429 0 0 0 0.5145228136 0.512923131 0.5132435731 0.5170351348 0.5159530279 0.5218713694 0.5212765684 0 0.533975019 0.5413513527 0.8649504848 0.8917471168 0.8877598164 0.8901437842 0.8861762855 0.8836411594 0.8913713306 0.8929808831 0 0 0 0.5126269392 0.6117184497 0 0.602577345 0.6057418272 0.6057004929 0.600338795 0.6074505759 0
0.8100740849 0.8119284614 0.5598401269 0.5583133419 0.5607497135 0.7788156043 0.650383339 0.6771720801 0.7602398419 0.7692422238 0 0 0.5279971318 0 0.8415734043 0 0 0 0 0 0.8346586391 0 0 0 0 0 0.7865569946 0.7838050753 0.7782011587 0 0.7680629895 0 0 0 0 0 0.6546793625 0 0 0.7133737584 0 0.7817004914 0.7720055658 0 0.7841721187 0 0.786749733 0.79210479 0 0 0 0.5195146369 0.5121296302 0.508914673 0.5180372917 0.5179419698 0.5186759719 0.520050903 0.5217155878 0.5318275968 0.5397883387 0.8653540886 0.8636978562 0.8911439803 0.8869098651 0.8877644462 0.8890206698 0 0 0 0 0 0 0 0.6017549388 0.5948032616 0.5965092333 0.596355998 0.6018174164 0.6004537212 0.6090421973
0 0.8186069729 0.8584578295 0.5660691984 0.5633795126 0.671142173 0.6705619955 0.5146980887 0.7595033388 0.7540097262 0.6791567379 0 0.7435519448 0.8476010025 0.6591001874 0.5296050122 0 0 0.6257666904 0 0 0.7695556202 0 0.8041013479 0 0.5254926587 0.7823568394 0.7817777934 0.7863096468 0 0 0.7712829865 0 0 0 0 0.6739324823 0.6642691191 0 0.7922820801 0 0 0 0.7723897265 0.7775756084 0.7794197742 0 0.5714518363 0 0 0.5244911156 0.5166521106 0.5127928635 0.5097175188 0.5099331243 0.5142404017 0.5221442539 0.5285859126 0.5281528354 0.5372956196 0.5439778912 0.8722963626 0.9008326455 0.8928134412 0.8958203061 0.7445377497 0 0.8960050938 0 0 0 0 0.6049307317 0.6024257628 0.5909600318 0.5888045242 0.5875955971 0 0.6004497304 0 0.6131269012
0 0 0.7799278195 0.629542723 0.5712245988 0.6745521746 0.6741369173 0.7279435186 0.7303312258 0.7249267023 0 0.6757155525 0.5143393618 0.8379850668 0 0.5902837528 0.821320331 0.8195046354 0 0 0.7682289194 0.6973295322 0.8490176024 0.8418171828 0.8505247039 0.7939048874 0.7850624264 0 0 0 0.8508428339 0.6606672502 0 0 0 0.6695208869 0 0 0 0.5900817008 0.7914666046 0.784033545 0.7811841497 0.78082859 0.7755937773 0.7775605512 0.5376996163 0.5686101145 0.5678274303 0 0.5224967885 0.5218091636 0.5149850289 0.5130639495 0.515373376 0.5119211452 0.52320007 0.5311210326 0.5305804689 0.5364850247 0.5449919678 0.9107577783 0.9107067156 0.9083339512 0 0 0.8286816738 0 0 0.6017069707 0 0 0 0 0.5942917821 0.5872768611 0.5958114142 0 0.6053450818 0.6041955692 0.6056353895
0.6962969878 0.7710062537 0.7735265929 0.6542798765 0.7303273582 0 0.7225297879 0.7156025524 0.7204958476 0.6610427779 0 0 0.6396320111 0 0 0 0.8363371073 0 0.8544524317 0.861466738 0.6880058163 0.617945784 0.8478526649 0.8507161728 0.8467507277 0.7897522761 0 0 0 0 0 0 0 0 0 0.6768462319 0 0 0 0.7909456425 0.7926017841 0.7842630255 0.7832699725 0 0.7834861987 0.7756729926 0.6399091125 0.5717813012 0 0 0.5292094166 0.5195397426 0.5164921048 0.5233408029 0.5175575249 0.5204886025 0.5236460024 0.5273291643 0 0.5428045347 0.5260631727 0.9101549091 0.6746944256 0.9093209294 0 0.6492966855 0.6348802596 0.8755889782 0 0.6111600158 0.6655838673 0 0.6177307268 0 0.5872973919 0.5940460079 0 0 0.6127516772 0.612678964 0.6097445486
0.5969175758 0.7054549407 0.5460787707 0 0.5266172389 0.731250791 0.5811495897 0.7140400637 0.7159170359 0.7302755064 0 0 0.6523103854 0.6447457025 0 0.8256823068 0.5998652542 0.8588566534 0.8531779436 0.8588904714 0.6289553666 0.6951612184 0.8574369489 0.8558669184 0.7282898668 0 0 0 0 0 0 0 0 0 0.6857005888 0.6837924136 0 0.8406949223 0.797863518 0.7976879983 0.7908195399 0 0.7895050545 0.7992464987 0 0.6092550124 0.6615949224 0 0 0 0.5344213467 0.5296247817 0.5252559902 0.5181923942 0.5209064018 0.5213436315 0.6205481188 0.5304880147 0.5462908502 0.5521936642 0.5510278306 0.9019601576 0.9052390108 0 0.6282700534 0 0.8458928723 0 0.6209684179 0.6660339631 0 0 0.6124395469 0.6085514885 0.6036234073 0 0 0 0.5874098753 0.5806519671 0
0.7062369952 0.7293043533 0.5322100648 0.5254862331 0.5260457658 0.5099809799 0.7230472076 0 0 0.6991012997 0.7354214594 0.7920553893 0 0 0 0.8516016313 0 0 0 0 0.6755005239 0.8115719323 0 0 0 0 0.7115007101 0 0 0 0 0 0.6605619452 0.7944920708 0.5682031895 0.5612812439 0.5670184239 0.7611042481 0.7978838705 0.7948680156 0 0 0.7941987044 0 0 0 0 0 0 0 0 0.5518942972 0.5249532462 0.5196013502 0.524466478 0.792095088 0.5142592259 0.8702954034 0.7044207884 0.5511588164 0.8940911588 0.8972488135 0.8944948597 0.6316056818 0.6241162108 0 0.6177510805 0 0.6128587321 0 0 0 0.6139010587 0.6101239567 0.6128014334 0.6122362191 0.6184051215 0.5944228582 0 0.5738473501 0.5720356887
0.7073364643 0.657198179 0.5300551607 0 0 0.7296525784 0.7277973116 0 0.6132937309 0 0.7286051285 0 0 0 0 0.5008079694 0.6834421436 0.6740720529 0.7172367109 0.6666497676 0.6710510694 0.8094576195 0.802731311 0 0 0.8290557965 0.6207114908 0 0.5942850631 0.5952328595 0 0.5162237635 0.65318262 0.7179085131 0.5624083422 0.5585101892 0 0 0 0.7907084877 0.675372239 0 0 0.7852491649 0 0.7237634277 0 0 0 0 0 0 0.5429902973 0.5450914648 0.7352793922 0.5947940292 0 0 0.7587787558 0.7641642382 0 0.8938514766 0.8908625556 0.6246288969 0.610396081 0.6143793842 0.6076595679 0.6098871598 0 0 0.5110968443 0 0 0.6186452811 0.6130892425 0.6148018661 0 0 0 0.5784726863 0.570378045
0 0.5652522391 0 0 0.5824290861 0.5854619282 0 0 0 0.6189273915 0.7298080874 0 0 0 0 0.7755798036 0 0.676679856 0.667650848 0.6651966796 0.6696678155 0.807547561 0 0.8027492217 0 0 0 0.6008020383 0.5943768358 0.5900372247 0.5915880955 0.8200118875 0 0.7286390987 0.5573425289 0.552955581 0.7680157511 0.7600168905 0 0.6678806888 0.623479808 0.6728950463 0 0 0 0.718549732 0 0 0 0 0.7861312259 0.5439327266 0.5514071642 0.5478734941 0.7384986897 0.7324315538 0 0.5705671719 0.8091057866 0.7554987484 0.8921035195 0.8899071954 0 0.6144408533 0.6020703347 0.602896219 0.6048447642 0.6138048072 0 0.676359613 0.8913945592 0.6807058701 0.6282171774 0 0 0 0 0 0 0.5727586914 0.5697420949
0 0 0.568570248 0.5219482455 0 0.5798201474 0 0 0.5217300446 0.602703858 0 0 0 0.776667293 0.7894709794 0.7820999523 0 0 0.6717331144 0.6743258966 0.6721347551 0.847993705 0.8534855295 0 0 0 0 0 0.5909894004 0.5939548787 0.590157553 0 0.6375521814 0.5623304532 0.5565331196 0.5590064687 0 0 0 0.6625676766 0.6686136074 0.8784400883 0.5503839521 0.8199639096 0.725582402 0.832015254 0.727889174 0 0 0.5203328223 0.6066110955 0.517450857 0.5173098096 0.5148669682 0.7378050756 0.7390276841 0 0.7532444124 0.7510061291 0.751819274 0.8913920705 0.5397138989 0.619064102 0.7372060804 0.6062291698 0.6015235137 0.6055924894 0 0 0 0.893282395 0.8657528481 0.8694379105 0 0.5546219202 0 0 0 0 0 0.5699186739
0 0 0 0.8745458171 0 0.8710315101 0.5079730396 0 0.5635208834 0.6107074393 0.7301255404 0.811361245 0.5894448558 0 0 0 0 0.6457953772 0.714642287 0.6512793655 0 0.8485963229 0 0.6176456184 0 0 0 0.8547213082 0.8591083296 0.5961265036 0 0.5998678141 0.5182566839 0.51744915 0.6619538594 0.6192619764 0.6188212471 0.6193202545 0.6549106793 0.6601819456 0.581733649 0.6747992282 0.8540002354 0.5140095135 0 0.5458702803 0 0 0.8018827657 0.8022767812 0.5175026562 0.5169593641 0.5134468752 0.5222106307 0.7630639242 0 0.5408495588 0.5281326075 0.5350588165 0.5363424728 0.5450243143 0.5460034619 0 0.6190528402 0.6098076769 0.6082737724 0.6033226968 0.6155110214 0 0.8901929234 0.8910869362 0.8357422458 0.8673688795 0 0.5551631391 0.553305125 0 0 0.6974661592 0 0.6614207685
0 0.8295097275 0 0 0.8703485781 0 0 0.6602883576 0.5553051515 0.5268237432 0.7778336381 0.8823787366 0 0 0 0.6580030241 0.6529293229 0.6461366429 0.6419504125 0.6458531517 0.7438957023 0.8653442111 0.8653056843 0.868046592 0 0 0 0.8402751835 0.8536268381 0.8582101801 0.5565400882 0.5923548564 0.7064227633 0 0.7244510102 0.6204597473 0.6192552089 0.6116634243 0 0 0 0.8544422646 0.8621043012 0.8574413229 0 0 0 0.5432461408 0.8006599035 0 0.8064596797 0.5224738868 0.5178465589 0.813058171 0.529846646 0 0.5390327948 0.5354986022 0.5280216163 0 0 0.6246350129 0.6233876299 0.610489353 0.6114439691 0 0 0 0.8858699767 0.8845983115 0.8873604545 0.5731793876 0.570908841 0 0.5608705246 0.7762218372 0.5470466878 0.7761128915 0.6994658355 0.6968150906 0.6628097743
0.83528211 0 0 0.8519192223 0.871846551 0.8723010466 0 0.6693598929 0 0 0.7563378901 0.5936933157 0 0 0 0.8979704991 0.6487435956 0.6443043304 0 0 0 0 0 0.6408900901 0.7141084091 0.6283323759 0.840713999 0.8594879591 0.8585506715 0.8569308375 0.563735093 0.7035864701 0.7853314774 0 0.7210112857 0.621584847 0.6152770253 0.6145397279 0.6164181562 0 0.5676235767 0.5612444639 0.5649568947 0.8814925778 0 0 0.5202531221 0.809227213 0 0.8030564722 0.6679579517 0.8371412092 0.5811350735 0.5299682248 0.5375192817 0 0 0.5361084031 0 0 0.6474720805 0.6540215788 0.7280705313 0.6280917317 0.8784204782 0 0.5460827343 0.8950693839 0 0 0.5974595904 0.5745975801 0.5655193428 0.5802942433 0 0 0.7727867712 0.7804700347 0 0 0
0.6772619015 0.594087344 0 0 0 0 0.8809315886 0 0 0 0 0 0 0 0 0 0 0 0.8213223044 0.5346817522 0 0 0 0 0.6311402309 0 0.6311073767 0.7338880002 0.5955102794 0.7072295972 0.5949034165 0.5095626498 0 0 0 0 0.632015798 0.6513167042 0.6502946306 0.8887533142 0 0 0 0 0 0 0 0 0.6747391678 0.5531119836 0 0 0 0 0 0.8034615043 0 0 0 0 0.6452326288 0.6486793227 0.5146294183 0.739029268 0 0 0.678597601 0.5049362881 0 0.6056324354 0.8130734585 0.8112777395 0.5710938532 0.5676237959 0 0 0 0.7825857971 0.5379064613 0 0.5536110817
0.6059732933 0.7837892767 0.8960768654 0 0 0 0 0 0 0 0 0 0 0 0 0 0 0.6865409067 0 0 0 0 0 0 0 0.6409245814 0.7696360534 0.6017680761 0 0.5908249149 0.5563633901 0.5581312889 0.5056895137 0 0 0 0 0.5963978943 0.5708570212 0 0 0 0 0 0.7181030006 0 0 0.6961498328 0 0 0 0 0 0 0 0.8799784645 0.8871214067 0 0 0 0 0.6459885477 0.5534356496 0.5218346271 0 0 0 0 0 0 0 0 0.8134076847 0.5732067882 0 0.6378448696 0.8832589207 0.8898275368 0.6257476043 0.6163739039 0
0 0 0 0.7974640267 0 0 0 0 0 0 0 0 0 0 0 0 0 0 0 0 0 0 0 0 0.6363340555 0.6011049313 0.6435308382 0.8590189623 0.524569432 0.5604101211 0.5517786287 0.554338925 0.7773172309 0 0 0 0.626826149 0.6147436673 0.7662026507 0 0 0 0 0 0.7108028727 0.7134993261 0.5905123333 0.5360665766 0 0.7050217808 0.6995639614 0.7020629045 0.696619184 0 0.8620022096 0 0 0 0.7063823643 0.5747126421 0 0.5514798085 0 0 0 0 0 0 0 0 0 0 0 0 0 0 0 0 0.9055246552 0.6228937231 0.6232370204
0 0 0.7912554271 0 0 0 0.578003507 0 0 0 0 0 0 0 0 0 0 0 0 0 0 0 0 0 0.6427203518 0.6344508503 0.6389922026 0 0 0.7275901196 0.5005868208 0.5542997964 0.7799257626 0.6561436848 0.605639153 0.5811965598 0.6756850825 0 0 0 0 0 0 0 0 0 0 0 0 0 0.6994777248 0.7048306407 0.6954932691 0 0 0 0 0 0.5293058116 0.5969317493 0 0 0.6015625262 0 0 0 0 0 0 0 0 0 0 0 0.5686577469 0 0 0.9017756051 0.9055303558 0.8980133295 0.7509503893
0.8198507117 0 0.5707178526 0.5701558691 0.5671548876 0.5718794244 0.5751850065 0 0 0 0 0 0 0 0 0 0 0 0 0 0 0 0 0 0.6389484869 0.6332386684 0.6340189728 0 0 0.7182832169 0.6237960817 0.7317384651 0.7314826621 0.6025617464 0.6023811314 0 0.5754878306 0 0 0 0 0 0 0 0 0 0 0.7211268224 0.7160299091 0.7068366604 0.7623788585 0.6966402704 0 0.6960131465 0.5094164745 0 0 0 0.5375932319 0.5283284836 0 0 0.6541349127 0.6448545377 0.6456864061 0 0 0 0 0 0 0 0 0 0 0.9037028079 0.8981079966 0.8991932513 0 0 0
0.7756813842 0.8749834416 0.5729306188 0.5731553984 0.5516687479 0.5751825334 0 0 0 0 0 0 0 0 0 0 0 0 0 0 0 0 0 0 0.637203817 0.6382203659 0 0.8372403708 0 0 0 0.7303773933 0 0.5023592856 0 0 0 0.5759535485 0 0 0 0 0 0 0.5466587902 0 0.7741100572 0 0.7289529904 0.6461012743 0 0 0.5678639558 0.6492157138 0 0 0.5325642076 0 0.791682265 0.7716655318 0.5304138409 0 0 0.6466637831 0.6404981594 0.6437632104 0 0 0 0 0 0 0 0 0 0 0 0 0.9020883479 0 0.8055472067
0.7975448134 0.7256801277 0.8683013144 0.5577034071 0.5620133855 0.5772465225 0 0.8759706982 0 0 0 0 0 0 0 0 0 0.6573990956 0 0 0 0 0 0 0 0.6465028251 0 0 0 0 0.7254981599 0.7279076833 0.7320302189 0.8238348889 0 0.5695325368 0 0.8346967339 0 0 0 0 0 0.5402283424 0 0 0 0 0 0 0.6002232666 0 0 0.5641510234 0.5644083204 0 0.8602754953 0.8571544765 0 0 0 0 0.6530792215 0.6483958613 0 0 0 0 0 0 0 0 0 0 0 0 0 0 0 0.552371643 0.8219921692
