landscape/hab_quality/256/simulation_000077_p051_h086_HABMAT_patch_more_500pix_modified.asc_ac_0.5_quality.asc
NCOLS 513
NROWS 513
XLLCORNER 0
YLLCORNER 0
CELLSIZE 9.980507
NODATA_VALUE NaN
[rows 216 to 242 of 513, columns 120 to 179 of 513]
0.8128982797 0.7841451321 0.8415642727 0.7537783411 0.8239954475 0.8255082185 0.8248056651 0.7630604137 0.7689622983 0.5108061788 0.6288987786 0.5657822081 0.8803089203 0.8865852175 0.8819170108 0.6302835338 0.6798298753 0.6799898851 0.7089120217 0.7061703706 0.8620363997 0.6059320039 0.8975588313 0.6867602174 0.6838527253 0.6882103397 0.6948991384 0.6988100929 0.7029100979 0.8935605373 0.8921435928 0.6181295544 0.6164338127 0.8354111076 0.6694101514 0.663853214 0.6588500232 0.7742861563 0.6604533433 0.7039824782 0.7002671281 0.7787300319 0.7662637018 0.8341578203 0.8701266188 0.8641303047 0.8653087797 0.8612420143 0.8552884792 0.6367547289 0.6442367277 0.636777183 0.6442753888 0.6417419406 0.5767219575 0.5705034337 0.5752989103 0.7968418649 0.8667301563 0.8427581131
0.5379719487 0.6086876759 0.6154023198 0.6796715491 0.7095820037 0.8292380898 0.8999627702 0.6358980411 0.6258981675 0.6257020832 0.6189899105 0.6253619568 0.8793427906 0.8794892183 0.88006537 0.5644910651 0.8692109417 0.7002685725 0.7020993505 0.70231816 0.8752215531 0.7859119363 0.8881297221 0.6881811382 0.7078207134 0.686531749 0.6817714911 0.6814741312 0.6890474223 0.8934509342 0.8853613364 0.5312267259 0.6213756189 0.7729110134 0.5119351286 0.6653520133 0.657518612 0.663759592 0.6603596393 0.6988973449 0.7007795726 0.7761044903 0.7793652284 0.8815479376 0.8716411861 0.8662804954 0.865751672 0.8577671579 0.8591824509 0.8600794269 0.6444613196 0.649216055 0.8904828661 0.885301591 0.5739739586 0.6911403926 0.5071218307 0.8245322295 0.595334279 0.6172434085
0.8099313148 0.8141645191 0.8803122483 0.709819271 0.585691272 0.5922109636 0.6276894826 0.8771971332 0.6272354329 0.6174407024 0.6187896601 0.6246189257 0.8839510151 0.8780559511 0.8758447701 0.6531367305 0.6975613328 0.7073151288 0.6980415932 0.7064957497 0.7135565844 0.8807470443 0.7102760466 0.7078192242 0.6940380745 0.5822434012 0.6811981833 0.6796546689 0.6868810764 0.7662476262 0.8873170419 0.527786336 0.8598029176 0.5870963684 0.7666000523 0.7657587045 0.8343958026 0.6546162188 0.692985274 0.699222218 0.6994264011 0.864839665 0.7772916131 0.8779074569 0.8717027654 0.6014081142 0.7843747541 0.7841799441 0.7819069611 0.7783852774 0.7070395206 0.6543517009 0.5489063503 0.8825587863 0.6995195205 0.6981644856 0.5038249972 0.5018572172 0.8222083521 0.8173934667
0.8093277275 0.8095549767 0.811343718 0.7128854713 0.5349697335 0.5852845846 0.5875904117 0.6251895843 0.6226550067 0.7695949436 0.6234349384 0.8451412859 0.8789104077 0.8821202277 0.8240924523 0.6966254849 0.6943267266 0.6967273716 0.7047674166 0.6972414468 0.7070055783 0.8862770755 0.6934966936 0.7094081171 0.7003796164 0.6993592164 0.7007784068 0.7087670823 0.7104910936 0.7138415149 0.6722769457 0.8150617395 0.685283154 0.5797271454 0.5421416705 0.767972349 0.8308327108 0.6587918485 0.6587013735 0.8332482323 0.7005155755 0.701178174 0.8811576974 0.885074608 0.8953569663 0.7936164844 0.7872981905 0.7788947345 0.7739031453 0.7786338412 0.7114375698 0.662279321 0.6576074568 0.8884320063 0.8738278743 0.5080718023 0.5054083334 0.6155144547 0.6065811799 0.8520019396
0.8043545346 0.6484261613 0.811700609 0.7099506748 0.7048748027 0.7066493557 0.5783750202 0.585865623 0.6297027539 0.8412296315 0.5715709467 0.5373291195 0.5479212295 0.5509304389 0.7018425106 0.7005358956 0.6957978733 0.6934676634 0.7075376052 0.6996097749 0.7054314875 0.6976962249 0.7033503597 0.7014789223 0.7050592184 0.6946575599 0.7017328349 0.7077379581 0.7091572638 0.7163156516 0.7845800309 0.8879772437 0.8582131113 0.5703010763 0.5509550914 0.8338433813 0.7608193368 0.5226549898 0.8488454582 0.8414445672 0.8476020934 0.702833565 0.890258574 0.8914318092 0.8898591742 0.7966686894 0.5571185065 0.7646230553 0.7691720288 0.6943325255 0.7820385274 0.8374690358 0.7303770179 0.6097323205 0.5174886274 0.5062499801 0.5116122547 0.5100123542 0.8597200158 0.8558077255
0.806200503 0.7705225197 0.5769173485 0.7097197607 0.7011296975 0.7089069552 0.5797496821 0.5956271477 0.5915100721 0.6308022003 0.6062589459 0.6636265513 0.7734550877 0.623559922 0.5472169456 0.7766633759 0.6965171193 0.7018823847 0.6980777341 0.7135652548 0.7949538823 0.7888780268 0.7952099821 0.7925265791 0.6957203862 0.7013377352 0.7019057133 0.7024112922 0.7140469619 0.5432786385 0.7752251396 0.8608244622 0.5792807285 0.5717839962 0.8513824842 0.6920432036 0.6403460067 0.7029770771 0.5280343555 0.6467107594 0.8491008177 0.6528364431 0.7047756491 0.5125573528 0.5589834803 0.5803181458 0.7683107022 0.7601894289 0.759888731 0.762978471 0.6960069576 0.6021912015 0.606133184 0.644568696 0.7087645737 0.7772031118 0.7057856655 0.8654482622 0.8710284623 0.6922632677
0.738503767 0.8296938131 0.5441426017 0.5462582472 0.7100385098 0.7046827073 0.8321235561 0.7600420658 0.7646159933 0.5203843151 0.6343444067 0.7250876673 0.5348410097 0.550922576 0.625519076 0.7152630706 0.7142879395 0.7057164845 0.7064456604 0.5246135038 0.7924274828 0.7884736515 0.7886099189 0.7856553624 0.7892083417 0.7956275123 0.6282210213 0.6299475869 0.6289653867 0.7835418938 0.7801935653 0.7730903932 0.8715716786 0.551064158 0.7156144142 0.719027314 0.6976307753 0.697769803 0.6529450805 0.6555203308 0.6566055236 0.7096973513 0.7116254037 0.7393212095 0.6217071092 0.6164906122 0.5779060637 0.7689317824 0.8827226149 0.8881222605 0.7441875304 0.7950021056 0.6688512149 0.6510598259 0.6935050568 0.6991780522 0.8739018419 0.8670063637 0.862736634 0.6904799659
0.8913134167 0.547438422 0.5422569249 0.5412617515 0.5448428079 0.8386546687 0.6241230303 0.7683913145 0.769295599 0.569144427 0.841597981 0.5250190346 0.8697465154 0.5334978758 0.5284027902 0.7221005331 0.7086303967 0.5271392655 0.5258074181 0.7078994817 0.6245230832 0.7846136439 0.782500987 0.7821266718 0.7895017924 0.8023644538 0.6276491619 0.6218829738 0.6322566925 0.8368585163 0.7765481699 0.8712014583 0.8733155479 0.5135593147 0.714449141 0.7189631496 0.7203639616 0.7891770297 0.6550250261 0.6567949997 0.6570278672 0.7496448023 0.7951815911 0.5283788352 0.7061531801 0.7528424024 0.5686558855 0.8523096318 0.8432889093 0.850840193 0.5237331027 0.5924059071 0.8299148626 0.5791899601 0.8791683788 0.6918542107 0.8669920419 0.8659380501 0.6432030606 0.8668564008
0.8961927716 0.5500851569 0.5453897073 0.5446197129 0.5500915198 0.5569270362 0.6242411046 0.628790971 0.8433131514 0.7686176467 0.8357824383 0.8449468411 0.856631753 0.5424119144 0.7408039706 0.7351150038 0.5352556116 0.5311121949 0.5298460053 0.8082548268 0.7890888112 0.7899904939 0.7819111589 0.7898152581 0.8122749442 0.8043632652 0.8117302615 0.6270793999 0.839705625 0.7767177599 0.7815922701 0.7776063888 0.873086162 0.7181774366 0.6706607914 0.7159658543 0.8793122561 0.8794375467 0.8859174819 0.5539410395 0.5564203156 0.6950665835 0.5656814825 0.6863795867 0.6618874718 0.673211979 0.8559300117 0.8501586103 0.8428262356 0.5208006737 0.5847633773 0.6801935918 0.6899638635 0.5813556812 0.5779713769 0.7000564436 0.872485004 0.8749665339 0.8749744676 0.8718454435
0.5581913465 0.6238870758 0.5466407212 0.5505075719 0.5537434036 0.5604843888 0.5526871865 0.6251644779 0.7481297032 0.8977621867 0.8373193642 0.8429970405 0.677109212 0.5231350676 0.742788713 0.8387507485 0.6945837054 0.6898154385 0.6261151857 0.6597347874 0.6188173709 0.6634234111 0.6609616087 0.6540499913 0.7987970579 0.6832738283 0.6361346176 0.6375507342 0.8372518304 0.8387095653 0.8458796911 0.7074946942 0.8269258719 0.7027087815 0.6608348843 0.6653397341 0.877111435 0.8791784315 0.8796931803 0.7441507848 0.895003675 0.7707118787 0.6219885476 0.5011642572 0.6822934394 0.7112133766 0.8545179191 0.8382193017 0.8426223214 0.8466992919 0.5255239305 0.6940048835 0.6445530087 0.7987487587 0.7969284746 0.7538260093 0.5378684162 0.5422405657 0.6195014079 0.8838923909
0.5733789564 0.5494129897 0.552625892 0.5467791072 0.5561468263 0.5578515786 0.5119627067 0.8268041742 0.74309965 0.7488047805 0.8486701868 0.8478032053 0.6762647549 0.6714495487 0.5054046598 0.6869343648 0.6864584928 0.6285353027 0.6259042099 0.6172339084 0.6248518219 0.6607102671 0.6534575039 0.5376951254 0.6441641161 0.5892135165 0.8293441325 0.6384677545 0.8416608711 0.8436446813 0.6590840738 0.6575295676 0.7024034778 0.6567801648 0.5124028632 0.6663408346 0.8754957187 0.8714506245 0.877047107 0.8761337884 0.648826359 0.6545696887 0.6111679619 0.6550181296 0.695314916 0.7288670151 0.8480227454 0.6071356713 0.8390696583 0.6116293253 0.7769595191 0.7787193608 0.5107685655 0.7897158492 0.7912696727 0.5445609676 0.6410122794 0.5371732199 0.6922300752 0.5435803807
0.7829670487 0.556099867 0.732665458 0.8630703074 0.8650449512 0.7581731329 0.8509466691 0.6903101881 0.7326504762 0.5794725913 0.8851636508 0.7349042321 0.6734747952 0.7292401295 0.7210429847 0.6932460434 0.5712097784 0.6266358181 0.6195654699 0.618528802 0.5657911007 0.6627389078 0.6578847786 0.6524106567 0.5375209373 0.6485862288 0.8239480133 0.8303088322 0.8435451805 0.848720864 0.5005558309 0.6626354743 0.6548578609 0.6638939972 0.6704402501 0.8719432864 0.8690570117 0.8783794902 0.8769691055 0.8824723689 0.6506849337 0.6456597786 0.8650012775 0.7570592381 0.8678459687 0.6901713449 0.5204430893 0.6916910383 0.7494350886 0.8404799867 0.5737546969 0.7834999177 0.7755592082 0.7823090023 0.7831772576 0.6495027409 0.6402316963 0.6326912779 0.8747857303 0.6713713813
0.7821932179 0.6266325884 0.8633294683 0.8580738487 0.8612953161 0.7596868697 0.8444680644 0.6943955197 0.6146302591 0.8758106506 0.7337569548 0.7429256981 0.6778321683 0.7297013242 0.7207924009 0.8543489087 0.8531013687 0.5501716101 0.6216234653 0.6230805843 0.6717702913 0.6649046467 0.7767999755 0.8374555614 0.8478268971 0.8225200249 0.8206000139 0.8246049746 0.8267971439 0.5546891551 0.5020627991 0.5104054595 0.6574593088 0.6610001769 0.632447931 0.8695924165 0.877719783 0.8702356822 0.8787088235 0.7152436008 0.6458785633 0.6515249806 0.8629997538 0.8609112081 0.531789944 0.6902343187 0.6822627079 0.7689616257 0.6007058575 0.5763573765 0.58246438 0.7830034595 0.7814111415 0.7803680091 0.7264997846 0.5558945949 0.6349909322 0.6603419011 0.8678503256 0.861665058
0.6328308475 0.7420740403 0.6190782348 0.8546919899 0.6730966739 0.8284127748 0.5484132674 0.7472462651 0.742525508 0.7457045244 0.6439057182 0.623384786 0.5181794702 0.7298818764 0.7255759212 0.8605286511 0.764269235 0.587752008 0.6328916983 0.6712072242 0.6668452777 0.6710409177 0.8020845727 0.8387655862 0.8282626473 0.8264002094 0.8203032531 0.8240551126 0.8290142278 0.5642036385 0.5636078596 0.5666650738 0.6652728946 0.6685582449 0.669057058 0.8832627235 0.8806866432 0.8791201168 0.7181552522 0.6668439556 0.5246861067 0.8728351577 0.5300443692 0.6275716809 0.8672298299 0.8589401093 0.8198061657 0.6835038962 0.7744163244 0.7954168612 0.5401128923 0.8622135638 0.8584532652 0.8733370242 0.618909459 0.6640412619 0.6572780498 0.6604807133 0.836102853 0.7788234878
0.6897350244 0.6207517787 0.8147715301 0.6174622743 0.7911706959 0.8215038317 0.6363926343 0.7423676956 0.7376290523 0.7421328948 0.5874783695 0.6078450377 0.6859276096 0.5295445 0.8869823232 0.8606731554 0.5438279489 0.7143424033 0.6381281645 0.6655991896 0.6646521458 0.6688384337 0.8020037489 0.7948465316 0.8291436262 0.8279937933 0.8291511916 0.8220000295 0.8264492666 0.8805728733 0.5598510957 0.8779976703 0.8908983853 0.5318288404 0.5317327808 0.8928471749 0.885939036 0.5807257565 0.6116588433 0.8486541968 0.598628302 0.8505290357 0.8285376308 0.8676809253 0.828744521 0.812222034 0.8790689796 0.769298131 0.5208536482 0.733470015 0.7390560293 0.8618707335 0.8580832654 0.8619634467 0.81222613 0.660984437 0.6565266493 0.8928296635 0.7855171113 0.7791863047
0.6880106226 0.8549100273 0.6900733118 0.6227423603 0.704243339 0.6141236369 0.7539794667 0.7418182892 0.6272536448 0.7495211934 0.6502943585 0.5897556365 0.5323737338 0.7810436274 0.8341195411 0.6373216203 0.6450648722 0.7485650824 0.7850002776 0.5996129868 0.6742191278 0.6659225978 0.7981577551 0.7198692411 0.8017130071 0.832596163 0.8258080138 0.8367344143 0.8322730687 0.5595966517 0.5619649065 0.8848685484 0.8765582095 0.5280187436 0.5307713986 0.532147644 0.5781742518 0.5853065839 0.7525769811 0.6469716537 0.8430923782 0.8448743918 0.7958614207 0.8194103851 0.8220588378 0.8221381167 0.7671972375 0.7700460227 0.7784944307 0.7180042014 0.7311216933 0.8603077432 0.8490831729 0.8562159455 0.6813997325 0.6660546798 0.6720447584 0.6511161951 0.8849828611 0.7757154
0.6995677404 0.8105452427 0.6472553274 0.6489133469 0.5639916911 0.6482127157 0.6122705809 0.7491580242 0.811207256 0.8325049755 0.7584595941 0.8381719796 0.8420740355 0.5873738057 0.7107814617 0.5626843044 0.7148339383 0.8454330202 0.7405104384 0.6065823989 0.7526809529 0.6154735184 0.6131516315 0.8446975962 0.8372028542 0.8469154404 0.8349615073 0.8339545516 0.8427616227 0.5604451804 0.5670999906 0.8787321483 0.8854886921 0.8778425352 0.7925180414 0.7948986887 0.7970837553 0.6598597542 0.583049307 0.6524260408 0.6449099618 0.8405503178 0.8216482889 0.829240942 0.6044531633 0.7718102023 0.7707164636 0.7704312819 0.5702838173 0.736076921 0.7327648353 0.7386220791 0.7543909848 0.8575141602 0.6732289098 0.6700696714 0.6773289871 0.8852187115 0.7758555873 0.6756733026
0.8517046488 0.8757586257 0.7018398007 0.7811023459 0.5134332768 0.7412302535 0.6577894181 0.8068445103 0.7518490845 0.8633764814 0.862394539 0.8880937869 0.8366834291 0.8826611948 0.6378335396 0.7063101666 0.7365324917 0.7394334898 0.6166544459 0.7471294669 0.6170833589 0.6140524379 0.6068591516 0.8488346407 0.8407535696 0.8391825991 0.7791153752 0.8421049163 0.5608550398 0.891162083 0.6002032014 0.5942177957 0.8761083035 0.6773186375 0.7874514259 0.7959189365 0.8024369954 0.5835574672 0.5784914818 0.8585194166 0.8487532835 0.8386453512 0.8357925203 0.8368348475 0.8349172354 0.7771339203 0.7755231993 0.5701721765 0.6124934208 0.6068910588 0.7267684729 0.7373931385 0.547422037 0.8320102218 0.6786159762 0.6752534977 0.6754250515 0.7414870001 0.7481356912 0.6696447593
0.6361497692 0.6374659591 0.6350938027 0.6246007784 0.7258720138 0.6730453777 0.5856493448 0.6666301608 0.6253092032 0.8552343545 0.8577679654 0.8799993565 0.8810155835 0.8819622109 0.6367330152 0.6350517946 0.7363932119 0.7454303956 0.6535212818 0.7355828532 0.6111661397 0.6078554494 0.8743528904 0.8428583816 0.8474952536 0.8454821783 0.8425171315 0.5664917716 0.7396202339 0.8746694427 0.5958422459 0.8773455312 0.8704499939 0.8732837209 0.7928437546 0.7859603987 0.7861557919 0.7484820502 0.5877115499 0.5833956975 0.585791904 0.8417683873 0.8379647741 0.8394721386 0.8389211875 0.8388841885 0.7816219297 0.5760465674 0.8655360972 0.7302749513 0.7888167166 0.7333540321 0.7853067202 0.5435138215 0.6313603108 0.5485654073 0.7499446208 0.745313577 0.7716166363 0.6733415848
0.6388961822 0.630485423 0.6396004891 0.6181272102 0.6261765819 0.615965257 0.623183196 0.6230518012 0.8601313344 0.5778873444 0.8870260513 0.8770948205 0.8788486009 0.8844695505 0.6438412803 0.7394447025 0.7377442638 0.7429395427 0.7520960181 0.8989010881 0.614169963 0.6119208325 0.5120889724 0.7054809179 0.5022001331 0.5872451551 0.7855283183 0.6104773185 0.5390139353 0.8920439731 0.6201200177 0.6741778098 0.6736748086 0.6792954622 0.7958934885 0.7882452059 0.7912473956 0.7330647067 0.699538366 0.7925787955 0.6804698357 0.7994995357 0.6046475268 0.7094404772 0.5715252375 0.5381975706 0.8291490576 0.7931631251 0.8750485332 0.6184617083 0.7959007153 0.5750255025 0.8462575967 0.5427223559 0.5419257648 0.5439547308 0.8309325067 0.6939512342 0.816374453 0.8153524579
0.6402068401 0.6349402259 0.6358107453 0.7169452734 0.7161178789 0.6214262997 0.6138593948 0.6167173121 0.6817496058 0.8910822707 0.8863702844 0.8803094689 0.8821359162 0.8829182891 0.8905123881 0.6803486912 0.7494587758 0.7468301223 0.8912965688 0.8981288782 0.7832973089 0.5882623274 0.6391833006 0.5073704445 0.7985146963 0.8635980207 0.5880889373 0.5350416017 0.8493271981 0.8500147131 0.6202635545 0.6734520085 0.6719789447 0.6747397228 0.7970828043 0.8011820997 0.7944949123 0.6978170366 0.7021813765 0.7049069483 0.5185566269 0.5228617316 0.51729245 0.8581721285 0.5647610741 0.6064989726 0.5646336315 0.8755577538 0.8777477967 0.8844801863 0.835670001 0.5853043423 0.6916246497 0.689379417 0.5471510999 0.5429619833 0.8282150029 0.8233864915 0.8137755524 0.8161968689
0.8008403802 0.6445183179 0.7337414619 0.7095151761 0.7127063941 0.6214683981 0.6223307803 0.6165401955 0.8284154692 0.6159771542 0.764169645 0.6015703396 0.8918798026 0.8909748157 0.8851831107 0.8049699739 0.8001427747 0.804065864 0.8053808561 0.8031853083 0.63777649 0.8598416165 0.5121012937 0.8732767256 0.5474955688 0.5360372463 0.5233185408 0.6264332609 0.8432426534 0.8521979757 0.6746620725 0.6727316061 0.674881187 0.6720869313 0.5553248191 0.8945567273 0.6324990363 0.7092280614 0.7035408277 0.703039428 0.5129525037 0.5095085303 0.5255093366 0.7667212808 0.6874867978 0.5593430408 0.5603144488 0.8064833768 0.7676134726 0.7419882051 0.5946258254 0.5869266153 0.5826070056 0.5921048826 0.5498390058 0.5478210665 0.6269832278 0.6232272839 0.5756621446 0.8190701257
0.6927422667 0.7081976568 0.7021401804 0.7082872555 0.7134839625 0.718537525 0.8580459074 0.648888778 0.592691225 0.5939083597 0.5954852927 0.6045575699 0.5280213505 0.8436791389 0.7408671636 0.5172676034 0.7950639598 0.8012594195 0.796935249 0.8060163653 0.8552312624 0.5281870018 0.5355609393 0.5426927765 0.5372446731 0.5279388477 0.5364355361 0.858013328 0.8463591547 0.6135969737 0.6747438552 0.6783578576 0.7838133774 0.6627475835 0.7813453533 0.5277261954 0.5349309755 0.7120843148 0.7060978085 0.7064556529 0.5077004419 0.517489945 0.5205750263 0.6370237833 0.60628738 0.5604297193 0.7514325208 0.6267845129 0.8519225065 0.8560493376 0.8744644177 0.5867249236 0.585183569 0.5873710561 0.8320611152 0.5384356383 0.6284103626 0.6186854198 0.6213325005 0.8580605023
0.6933182225 0.7032983331 0.7053800816 0.7867537351 0.7266748953 0.714799575 0.6573909056 0.6526492583 0.5867458017 0.5858314896 0.5913459896 0.5986308303 0.5978464659 0.5934267976 0.7603917463 0.5110044741 0.7969491563 0.7921698444 0.7923974039 0.7972637186 0.8614115879 0.8622044903 0.5381373875 0.5431488023 0.5331973057 0.5327450526 0.6914108677 0.6820486445 0.6892232543 0.8527627893 0.8903420226 0.7832983284 0.7734273379 0.7755621543 0.5179666038 0.8051163736 0.7992414935 0.8064097847 0.5632890392 0.5175259382 0.5078588513 0.5132958946 0.5186490072 0.7783975405 0.7014925589 0.7505920383 0.6849103328 0.639434778 0.8523416231 0.8499921391 0.8589436655 0.8638337589 0.854993192 0.8565733753 0.786499993 0.6082797597 0.624237377 0.6254591296 0.8526656674 0.7702226731
0.6146760585 0.8847440388 0.8820727403 0.7168142625 0.5135827013 0.8407831996 0.6595938102 0.6617493676 0.5861617233 0.5897311174 0.591139274 0.5981046828 0.5927747084 0.5983794669 0.5993082289 0.5144220376 0.7963832007 0.794895586 0.7963703819 0.7924794313 0.5199225206 0.5244705385 0.5424273676 0.7021283921 0.6901537141 0.684357042 0.6820246653 0.6855261022 0.6879362202 0.9001951144 0.8994129297 0.78009654 0.7729441861 0.765771255 0.773995815 0.8104358244 0.8061242976 0.8132718577 0.8158142651 0.6382724223 0.8511448976 0.6068138773 0.7586113154 0.5255755379 0.610154123 0.6803115999 0.5421207958 0.8624880896 0.8542341437 0.8499643049 0.8558266215 0.864717446 0.6973526777 0.6884544819 0.7871015913 0.5821619311 0.5814619199 0.5978814539 0.6314360824 0.8566638875
0.6144189316 0.5889673597 0.5843486273 0.5827320791 0.7227337898 0.8516732353 0.8505017326 0.7171962704 0.7192984618 0.7186795956 0.7206180629 0.7139533722 0.5982102279 0.5917656499 0.5965544226 0.6749415247 0.7237885576 0.6802371551 0.5494673859 0.5167724907 0.5158417661 0.5144488043 0.5285336344 0.697073739 0.6934524094 0.6849296034 0.6856133433 0.6952633756 0.6930304399 0.6299746085 0.6273124762 0.7788580491 0.774286527 0.6086263226 0.816640055 0.8101949891 0.8953048429 0.8072157334 0.8401481603 0.843456727 0.8229893032 0.8261666207 0.8683827207 0.633121576 0.6851165607 0.682115181 0.5320773125 0.5332327973 0.8526986562 0.5414335559 0.8528559202 0.8593220001 0.7033397031 0.5977440309 0.6702122955 0.5518161086 0.8706266555 0.619241743 0.6381715982 0.7726563
0.8075923107 0.589479023 0.5827142036 0.626995645 0.6173564753 0.8555356742 0.847507045 0.8452821697 0.714268159 0.7204017411 0.7259575356 0.720065966 0.6011820827 0.5930656931 0.6806944023 0.6762153891 0.6720500595 0.6766937652 0.5469458785 0.520050512 0.5182078984 0.5188807003 0.5284163101 0.6430011003 0.6947141277 0.6898837138 0.6940148564 0.6990620019 0.7016764473 0.6309140165 0.6255560107 0.7819042572 0.5759932984 0.6009389975 0.5993177822 0.6053699562 0.812790406 0.8394838753 0.8361863778 0.8424149191 0.8254506447 0.824832547 0.829641882 0.8056090392 0.7993985977 0.8030688209 0.5270523812 0.5240579846 0.5324106119 0.8615684713 0.5492209461 0.8643980987 0.8682570506 0.6340991016 0.5687001734 0.66089747 0.6336761022 0.5973119623 0.7207077905 0.8702212067
