landscape/hab_quality/256/simulation_000096_p067_h092_HABMAT_patch_more_500pix_modified.asc_ac_0.5_quality.asc
NCOLS 513
NROWS 513
XLLCORNER 0
YLLCORNER 0
CELLSIZE 9.980507
NODATA_VALUE NaN
[rows 240 to 269 of 513, columns 132 to 197 of 513]
0 0 0 0 0 0 0 0 0 0 0 0 0 0 0 0 0 0 0 0 0 0 0 0.6781870867 0 0.6787531478 0.6852142852 0.7796570515 0.735100526 0.8117106728 0.8169583037 0.8045803108 0.8044363177 0.8057454984 0.6497979875 0.6416569219 0.7579368687 0.5844025827 0.5749010215 0.5783389459 0.5764535746 0.5784620923 0.8374894595 0.8271068465 0.817925593 0.8231645894 0.5554302965 0.5148778954 0.8119794498 0.6078665472 0.7795863062 0.7783034114 0.8133511083 0.6674370776 0.5353545892 0.5427949951 0.6191407813 0.8207594612 0.8698472058 0.8709022858 0.5047866112 0.660385631 0.8080677876 0.6711975591 0.8379241074 0.7031770463
0 0 0 0 0 0 0 0 0 0 0 0 0 0 0 0 0 0 0 0 0 0 0 0.7913558275 0.6844547114 0.6866268458 0.6832091083 0.775375285 0.6692244233 0.6719544152 0.8149245584 0.9207737722 0.9185824892 0.9196241232 0.6458484688 0.6420025173 0.5115376747 0.5068444045 0.5745551705 0.576415917 0.5765146378 0.5791869404 0.846464657 0.8265500564 0.8278971134 0.8182781488 0.8294990036 0.7540492198 0.8450837298 0.7863041081 0.7879888687 0.534864468 0.5994654209 0.5445514993 0.5462111195 0.5330560454 0.8598513703 0.8307161234 0.8644757639 0.8705899212 0.6201646465 0.6569999545 0.6193067138 0.8673488266 0.7586867661 0.8929358066
0 0 0 0 0 0 0 0 0 0 0 0 0 0 0 0 0 0 0 0 0 0 0 0 0.8732856537 0.8990270656 0.5481834446 0.7022171992 0.6284316614 0.6657469927 0.9128489552 0.9050100088 0.9146292321 0.9102995101 0.9134888981 0.9211254577 0.5031923159 0.5097141477 0.5839940556 0.5760131947 0.5854746425 0.5471012228 0.7360809276 0.6176800547 0.5850404209 0.8298517896 0.7468502673 0.7442826224 0.6123533556 0.6116783381 0.6127131438 0.6583287959 0.5972560885 0.5434477731 0.5426366077 0.6810576026 0.6929062969 0.8560180675 0.6895388501 0.8696197124 0.881159754 0.8753881275 0.8617051523 0.8696169475 0.8691566866 0.868819864
0 0 0 0 0 0 0 0 0 0 0 0 0 0 0 0 0 0 0 0 0 0 0 0 0.8794964591 0.5575100013 0.5518781436 0.5550984543 0.6644463578 0.6203485435 0.6153390419 0.9030514617 0.9030936718 0.9092151318 0.7253446875 0.9193973349 0.6062838127 0.5911721725 0.5869213013 0.5920898389 0.723970498 0.7161267319 0.7162605573 0.5204601267 0.549690691 0.5231031189 0.7468437157 0.7434703434 0.7426980068 0.6052975734 0.6015458366 0.6084957298 0.8330022865 0.544832565 0.6441989356 0.8133250434 0.6884648099 0.6869187747 0.5335638742 0.5452726007 0.5170101213 0.8532569292 0.7105350146 0.8677350675 0.8672471306 0.8594107105
0 0 0 0 0 0 0 0 0 0 0 0 0 0 0 0 0 0 0 0 0 0 0 0 0 0.7271614994 0.559982083 0.8682205071 0.6725984403 0.6687423865 0.614019023 0.9021823866 0.8998067622 0.9068117834 0.8521416757 0.8536691252 0.8491759086 0.8067683585 0.6197379828 0.7305881885 0.7183771775 0.715939182 0.7242236796 0.5190976881 0.5162624601 0.5073480423 0.6895522277 0.7419873376 0.7406738399 0.7328360197 0.6008576838 0.8274236067 0.860093956 0.704043427 0.5343202545 0.5268255556 0.5329369189 0.5311988818 0.5407528234 0.5439697256 0.6842886357 0.5502392381 0.7429373986 0.572242471 0.6025751994 0.7818916933
0 0 0 0 0 0 0 0 0 0 0 0 0 0 0 0 0 0 0 0 0 0 0 0 0.5302771966 0.7760126161 0.545589764 0.563682443 0.8881677868 0.6904961471 0.6907955752 0.6896864879 0.9076336546 0.5252630247 0.8282537577 0.8473971787 0.6896887092 0.6842444005 0.754330793 0.6341443689 0.8225121976 0.818844016 0.8234944941 0.5112495859 0.6704304344 0.8888166605 0.7183858302 0.6808824374 0.7325951353 0.6686819559 0.8946338707 0.6084011152 0.5636605337 0.6879436995 0.5320876255 0.5278937201 0.5234964516 0.5356053202 0.5336303161 0.5408102858 0.6399557104 0.7405711653 0.5724667919 0.5683442613 0.6055658687 0.5998251611
0 0 0 0 0 0 0 0 0 0 0 0 0 0 0 0 0 0 0 0 0 0 0.5155443068 0.522088749 0.5153300869 0.6763298776 0.71224736 0.6778680833 0.6988568304 0.6939542828 0.688949675 0.6895974512 0.744826169 0.7530599213 0.6646763735 0.8505992098 0.8518315298 0.7786764161 0.7789282844 0.7798426532 0.8230647126 0.8177138372 0.8742076311 0.6612575211 0.6630638252 0.7792375661 0.7798305076 0.7821229375 0.740560189 0.6983817613 0.6529932882 0.6968138477 0.8287324914 0.8167194899 0.5308076931 0.5245207443 0.5342143055 0.5210532393 0.8078950056 0.8150718243 0.8071560462 0.7380371315 0.5670322097 0.5658131309 0.6014538256 0.5912053451
0 0 0 0 0 0 0 0 0 0 0 0 0 0 0 0 0 0 0 0 0 0 0 0 0.5231267564 0.6699092066 0.6709353895 0.7205886321 0.6974157213 0.694443984 0.6946244309 0.7476731988 0.7491380342 0.7452045932 0.606142966 0.6795776295 0.7855154449 0.783280247 0.778378277 0.6477985506 0.8224169101 0.8223584889 0.826050622 0.6683384809 0.7833107823 0.7858154613 0.7770027819 0.7863900749 0.5842391842 0.6902320949 0.69014708 0.6950510409 0.7620070119 0.8091015619 0.8101165612 0.6539942037 0.654820347 0.6517742591 0.5174757374 0.8071400715 0.5117713282 0.7365377261 0.7372965256 0.7347551004 0.6723896247 0.6793475633
0 0 0 0 0 0 0 0 0 0 0 0 0 0 0 0 0 0 0 0 0 0 0 0 0.5170267841 0 0 0 0 0.7737791153 0.678842543 0.6898144221 0.6730763933 0.6771890951 0.7485824386 0.7773453053 0.7748781979 0.777214619 0.6378784292 0.6432746034 0.6395366326 0.6354573649 0.5957408037 0.7812298018 0.7783781765 0.777333252 0.784821477 0.7789369507 0.7841381915 0.7792871529 0.6929192027 0.6974995734 0.8102243116 0.8042722462 0.819802092 0.6500615363 0.6449688391 0.6455407358 0.5167820415 0.510136454 0.5151378308 0.7369165002 0.734474286 0.7433489426 0.6158748021 0.6701534186
0 0 0 0 0 0 0 0 0 0 0 0 0 0 0 0 0 0 0 0 0 0 0 0 0 0 0 0.7733640346 0.7658067762 0.7735265638 0.5968780467 0.6772463963 0.835693616 0.8165778185 0.7238162264 0.8688339918 0.7729141866 0.7741263078 0.6357224458 0.6351868311 0.6341399904 0.7759801701 0.5578233416 0.6007484188 0.5485191971 0.5560630418 0.783785031 0.7923589714 0.7884293446 0.7093641203 0.5874615801 0.5939918275 0.811282381 0.8026164388 0.8125446003 0.6683406542 0.6455813093 0.6476464233 0.5154216455 0.5110941653 0.5137560453 0.7342670788 0.7411751163 0.7397392727 0.6781867202 0.6789240537
0 0 0 0 0 0 0 0 0 0 0 0 0 0 0 0 0 0 0 0 0 0 0 0 0 0 0 0.7751966624 0.7689799744 0.7676506074 0.8405262004 0.8479744823 0.6773559444 0.7725543346 0.7773756937 0.7713975879 0.7812887704 0.7746791722 0.6630057299 0.6639520312 0.6999154448 0.7675882385 0.5479064011 0.5413508855 0.5474960888 0.5558860452 0.5619547447 0.5610377939 0.793213878 0.7081313545 0.707745388 0.5949272419 0.8048025727 0.8036909985 0.8239552163 0.8219666192 0.8913752243 0.6576037676 0.6501967407 0.8984351639 0.7424924254 0.7350681109 0.7422180276 0.5958556909 0.5909383836 0.557512357
0 0 0 0 0 0 0 0 0 0 0 0 0 0 0 0 0 0 0 0 0 0 0 0 0 0 0.612863356 0 0.7753270435 0.7787308801 0.5006700141 0.5096101696 0.7773318393 0.772350586 0.7699489818 0.7738957431 0.7759266552 0.8004509277 0.6644898359 0.6607238392 0.6692436332 0.7700464061 0.5444735886 0.5383234705 0.5464694581 0.5568089037 0.5577074613 0.5689306875 0.7087017687 0.7011792519 0.6661772097 0.6960536301 0.8063067506 0.81477425 0.8063659392 0.8900822606 0.8861687428 0.887345249 0.8941433241 0.9033360149 0.7208958749 0.5577967965 0.5922596869 0.586351058 0.5548342809 0.7545268296
0 0 0 0 0 0 0 0 0 0 0 0 0 0 0 0 0 0 0 0 0 0 0 0 0 0 0.8545449352 0.5561785254 0 0.5591146211 0.5005226905 0.5070195524 0.771413651 0.7728327855 0.7703594713 0.7730598791 0.5226745687 0.5302269872 0.6682233707 0.6608966915 0.6634039337 0.6782368846 0.5390393713 0.5477904069 0.5475143398 0.5588877746 0.5658689031 0.5594410377 0.5685996197 0.7039365405 0.7109699035 0.6590003251 0.6658390836 0.8915760627 0.8921674192 0.749162093 0.5325980968 0.8828560474 0.895718356 0.5898231029 0.9132790566 0.5589279314 0.8274275463 0.8192578384 0.5786523054 0.5526095034
0 0 0 0 0 0 0 0 0 0 0 0 0 0 0 0 0 0 0 0 0 0 0 0 0 0 0 0.5555625916 0.5561049523 0.5501006408 0.771090638 0.7622454341 0.7570424203 0.5196039439 0.5000040103 0.5183145611 0.528149073 0.7821698089 0.7863426729 0.5191662076 0.6665236541 0.6666009353 0.8380938517 0.8408469239 0.8470308017 0.5561918807 0.557469589 0.5607092612 0.6570530951 0.7672609637 0.6543479059 0.6594236236 0.6616889977 0.896641566 0.8983890243 0.7102767627 0.890751726 0.8855566533 0.6297405108 0.5822188063 0.5653867467 0.8860361251 0.8217681524 0.8188936794 0.8093288762 0.80580322
0 0 0 0 0 0 0 0 0 0 0 0 0 0 0 0 0 0 0 0 0 0 0 0 0 0 0 0.5527509162 0.5471995348 0.5484982184 0.5167260038 0.5185531128 0.7540410385 0.7709607653 0.5174874963 0.5239246559 0.5277470646 0.7853694891 0.7797873991 0.7858325913 0.7889502971 0.6501086261 0.8438879146 0.8374158996 0.8469399537 0.5655957943 0.5573863152 0.5638566734 0.5697052478 0.5351436613 0.8824250666 0.6637347252 0.667371261 0.5734059859 0.6049932594 0.6098155343 0.612583752 0.5599601261 0.6629836758 0.6680439517 0.66822065 0.6616324389 0.8257479193 0.811469896 0.7806933852 0.7998925721
0 0 0 0 0 0 0 0 0 0 0 0 0 0 0 0 0 0 0 0 0 0 0 0 0 0 0 0.5499703749 0.5388848285 0.5478334894 0.5147936814 0.513636471 0.7863610542 0.5207823929 0.5266289104 0.5249036274 0.5244385835 0.7775238554 0.77315457 0.7797856082 0.8433051745 0.8455595729 0.8389327845 0.8380186555 0.8384619908 0.5668398841 0.5643889327 0.5651455184 0.5657935091 0.5922210139 0.5442514852 0.7751901621 0.761774586 0.6060309231 0.5763241496 0.6097804443 0.7026932418 0.6605342573 0.6609038295 0.6598138255 0.656992905 0.6633090011 0.5511990613 0.5419389351 0.5439882457 0.8157681815
0 0 0 0 0 0 0 0 0 0 0 0 0 0 0 0 0 0 0 0 0 0 0 0 0 0 0 0.5431843538 0.538291711 0.5442895925 0.5573416506 0.6591972151 0.6594055831 0.5358280275 0.7577825682 0.5330916274 0.5249149989 0.7714021163 0.7713200905 0.8408584458 0.8377448131 0.8459773413 0.8456083521 0.6657366507 0.6613434134 0.6662406686 0.5672032003 0.6370916618 0.5720863076 0.7537240358 0.7758756587 0.6353536621 0.5700878574 0.7086653663 0.7040481991 0.8771856007 0.6996939955 0.6607534259 0.6569492608 0.6564973249 0.6592448533 0.6656788486 0.7831065362 0.779960174 0.7808215568 0.8125251345
0 0 0 0 0 0 0 0 0 0 0 0 0 0 0 0 0 0 0 0 0 0 0 0 0 0 0 0.5460123697 0.5414097893 0.5361754401 0.6254200706 0.652886631 0.5492583158 0.5459849749 0.5425994503 0.5483637956 0.7303897691 0.7753211986 0.7744268031 0.6957656111 0.8363790216 0.8402976623 0.6753620838 0.6669405686 0.662486491 0.6650608594 0.5695109945 0.5699015404 0.5768894942 0.5124154282 0.7072295706 0.799971129 0.5698483011 0.5602562881 0.7135718208 0.7035892717 0.5658961986 0.6653934345 0.6615114215 0.6591030372 0.6533894464 0.6611713263 0.7849761525 0.7768960854 0.7814893451 0.8080203032
0 0 0 0 0 0 0 0 0 0 0 0 0 0 0 0 0 0 0 0 0 0 0 0 0 0 0.6639114416 0.779460315 0.5393734699 0.6456121683 0.6495880774 0.658052158 0.6634280746 0.5426106248 0.6516749768 0.6962601595 0.6817445199 0.8952446525 0.6889125517 0.6922969491 0.8390270441 0.8447686092 0.6759202054 0.607917935 0.6764398612 0.6019254124 0.6071243455 0.5822339131 0.58521464 0.5034423918 0.5068809958 0.6238922161 0.5653230577 0.662277701 0.5569597981 0.7106188548 0.7101981472 0.6527995626 0.6606910552 0.6590634705 0.6514754239 0.649510559 0.6438523452 0.7757626901 0.7838668587 0.8029369718
0 0 0 0 0 0 0 0 0 0 0 0 0 0 0 0 0 0 0 0 0 0 0 0 0 0 0 0.6589829396 0.6513943879 0.6483736744 0.6489616679 0.6541778276 0.6629667662 0.697998323 0.6875097544 0.690488798 0.6926961041 0.6808107605 0.6871210971 0.6929428799 0.8478642683 0.613176814 0.6079232917 0.6038792704 0.6013186828 0.6070020571 0.8705452104 0.872853377 0.8983942172 0.897297742 0.838900782 0.7880191085 0.621322448 0.559265255 0.5629240309 0.5585436675 0.7179122647 0.659909446 0.6527454947 0.6516167513 0.6598447876 0.6420345181 0.6430093569 0.6441439282 0.8098589936 0.8075477809
0 0 0 0 0 0 0 0 0 0 0 0 0 0 0 0 0 0 0 0 0 0 0 0 0 0.6725487882 0.6674869873 0.6583294524 0.7093769533 0.6529789838 0.6567867927 0.7530552762 0.6626225283 0.6963273664 0.6933328958 0.6837887952 0.6819280596 0.6808287421 0.556573946 0.6791035117 0.7000783316 0.6760229873 0.6130373274 0.6073907535 0.6058787079 0.6015624263 0.6175279832 0.8682890923 0.8416926119 0.8336429002 0.6047419034 0.6064718453 0.5975164852 0.5688506613 0.5888172872 0.8079996239 0.5882660373 0.7115287269 0.6559323522 0.6546864036 0.653891359 0.647512858 0.5033111392 0.6908253828 0.809919185 0.812854418
0 0 0 0 0 0 0 0 0 0 0 0 0 0 0 0 0 0 0 0 0 0 0 0 0.6774943811 0.7690532239 0.6749189823 0.7403783718 0.571790666 0.5928732087 0.5094318723 0.6710398923 0.7838639639 0.6971736155 0.6924438241 0.692114672 0.5546835707 0.5475618266 0.8065102645 0.691877159 0.6755747184 0.6783852478 0.6118510337 0.6153875542 0.6098336371 0.6078686286 0.617684358 0.862528215 0.5801432409 0.8539110777 0.8240057791 0.5969211515 0.5976079496 0.5912890646 0.57613162 0.5812266517 0.5515291796 0.5819079715 0.7715469213 0.772157505 0.7665362396 0.6579859934 0.6629195223 0.660474565 0.7097971573 0.8091675914
0 0 0 0 0 0 0 0 0 0 0 0 0 0 0 0 0 0 0 0 0 0 0 0.855280083 0.8548506807 0.7675239888 0.7465135285 0.5014418647 0.8214936081 0.5344657473 0.6847618727 0.854733692 0.6581872637 0.6615277156 0.6545682655 0.6999331039 0.5496594178 0.5499649718 0.5493335615 0.5517962797 0.6769085167 0.6830520777 0.6952615802 0.6958323032 0.614598143 0.61752284 0.8074887007 0.7681471301 0.8776525749 0.6148303591 0.6016309301 0.5933391328 0.5890861565 0.5816888171 0.5864150239 0.575118636 0.5777196967 0.5782635392 0.7700208873 0.7639698174 0.7671481671 0.660541073 0.6571439904 0.6579569331 0.8158559608 0.5311269453
0 0 0 0 0 0 0 0 0 0 0 0 0 0 0 0 0 0 0 0 0 0 0 0.8308254143 0.8329683061 0.6540367767 0.6716181054 0.7113507299 0.8934072157 0.8183028864 0.8118739413 0.7301473229 0.6475533873 0.6533317782 0.6508292531 0.5733389505 0.5744694944 0.5995831065 0.6407599198 0.7620638405 0.6425961158 0.6881751578 0.7753605002 0.6987738874 0.8763728922 0.8759343124 0.8782880466 0.8734861364 0.6220338879 0.6241953922 0.6149423491 0.5977527432 0.593301399 0.5879798113 0.5806734809 0.572622384 0.5715167342 0.573706093 0.7610088017 0.7688372173 0.7731784104 0.6650786104 0.655802615 0.6644073778 0.658839322 0.526300043
0 0 0 0 0 0 0 0 0 0 0 0 0 0 0 0 0 0 0 0 0 0 0.8970197531 0.7671753153 0.7219350837 0.714055343 0.7133169547 0.7119796484 0.7105347242 0.7115214016 0.8105151879 0.7463149787 0.6236730037 0.6257016422 0.6553120582 0.5716679151 0.5737021551 0.579064885 0.6302020599 0.6385924708 0.7588536122 0.7638528366 0.5858725854 0.8803835097 0.8792169555 0.8758862841 0.8724798716 0.8660703409 0.8658161629 0.8646444296 0.6735231403 0.6735148096 0.5918540678 0.601753216 0.5875891101 0.5786918186 0.5749844499 0.5800372538 0.7721045023 0.766912922 0.7704798825 0.6605738422 0.6629659354 0.6604618122 0.5115663318 0.533141778
0 0 0 0 0 0 0 0 0 0 0 0 0 0 0 0 0 0 0 0 0 0 0.7482564584 0.5419300509 0.6211700084 0.7124338835 0.7097900162 0.7035893137 0.7068986884 0.715831931 0.8163656422 0.7057853359 0.6266737461 0.6184500322 0.6647635666 0.5794560433 0.5749414533 0.6343821004 0.6323345516 0.7647569376 0.7572979857 0.7655048106 0.7657964325 0.5197069972 0.8794445984 0.871363401 0.8691767308 0.8671154161 0.8599559926 0.8648574338 0.6659754588 0.6669386725 0.6794967351 0.7679941227 0.5650959129 0.5636837937 0.8919964525 0.9005807021 0.9025971602 0.7755054411 0.7457984081 0.8649508692 0.7365330177 0.7369978427 0.7452721901 0.8886086397
0 0 0 0 0 0 0 0 0 0 0 0 0 0 0 0 0 0 0 0 0 0 0.5389321028 0.5369165479 0.8959823725 0.7113427959 0.7092226831 0.7007239573 0.6044825069 0.857558207 0.7934817 0.5751977769 0.6276993861 0.6263092717 0.6233810357 0.7693675569 0.5646516438 0.7597960078 0.7595878131 0.7608613849 0.7543648292 0.7675644959 0.7674416426 0.7958788848 0.8753997322 0.5614346293 0.5575851262 0.5627012348 0.8663369883 0.8651998923 0.5876983172 0.6744422627 0.6740648583 0.8931711777 0.8976947016 0.8897910357 0.5729621666 0.9030661859 0.9045662885 0.7548016232 0.7482918705 0.7425093455 0.7344661933 0.7376526649 0.7391794251 0.8843325418
0 0 0 0 0 0 0 0 0 0 0 0 0 0 0 0 0 0 0 0 0 0 0 0.5459266766 0.7281232895 0.7198810715 0.7094976211 0.7024626 0.7993491525 0.8619350178 0.8531810064 0.5657053526 0.6359570429 0.6274506244 0.7704389805 0.7631979961 0.5390739704 0.7540944312 0.7510416993 0.7533216679 0.7562262125 0.7619578603 0.7710316213 0.7010443764 0.7045011809 0.5522221757 0.5533502921 0.546939727 0.5696009445 0.7481417108 0.7580957401 0.750775568 0.7491258733 0.6260694499 0.8905197491 0.8912033107 0.8947398074 0.5746616317 0.7601816972 0.7647789617 0.7521487883 0.742503178 0.737456378 0.7407419558 0.7403331647 0.8851113316
0 0 0 0 0 0 0 0 0 0 0 0 0 0 0 0 0 0 0 0 0 0 0.5561768113 0.5726871269 0.6492209964 0.713159048 0.7124620764 0.7104728883 0.6344791806 0.5890826458 0.5925124466 0.574175034 0.5995880447 0.7734996074 0.7680620542 0.5429511214 0.7558745629 0.7568962404 0.7501863316 0.7572972221 0.7582662084 0.7676127369 0.7691567585 0.6929057736 0.7114258597 0.5476202687 0.5438941657 0.5478851719 0.5525820485 0.552368191 0.7564059249 0.7425038912 0.7466211865 0.7589334395 0.89088806 0.9021997311 0.505629142 0.7608011871 0.7632868547 0.7566823333 0.7583369296 0.7581882074 0.7486832913 0.5479175188 0.8845976316 0.8772624664
0 0 0 0 0 0 0 0 0 0 0 0 0 0 0 0 0 0 0 0 0 0 0.8511639976 0.8415306057 0.6419671726 0.640686396 0.6317542445 0.6292703103 0.6386670849 0.5887833949 0.5847416134 0.5204017144 0.5249619975 0.6411274144 0.7704129185 0.7508228463 0.7513723565 0.7492199264 0.7520051338 0.7536728416 0.7614977044 0.7627766438 0.7691683018 0.54892422 0.5587061536 0.544167038 0.5486273786 0.5437538786 0.5522741415 0.5557304129 0.7510234948 0.7458090525 0.7396414934 0.7456786247 0.8260242604 0.7977837203 0.5030250015 0.5537581361 0.7643387195 0.5556815988 0.7181046076 0.7585881415 0.8849934778 0.8810436076 0.8777602286 0.8759324354
