landscape/hab_quality/256/simulation_000056_p051_h034_HABMAT_patch_more_500pix_modified.asc_ac_0.5_quality.asc
NCOLS 513
NROWS 513
XLLCORNER 0
YLLCORNER 0
CELLSIZE 9.980507
NODATA_VALUE NaN
[rows 364 to 391 of 513, columns 248 to 309 of 513]
0.518258569 0.5393708748 0 0 0 0 0 0.6657649329 0 0 0.7213409244 0.8859985928 0.8844855164 0.8847512727 0.5528501739 0.718094031 0.7853433047 0.5766156772 0.8514487962 0.8460352359 0.8365709154 0.8361186585 0.8359874736 0.8846556433 0 0.5760261167 0.5789496565 0.562385115 0 0 0 0 0 0.8017257385 0 0.7813430114 0.5514807059 0.5531697609 0.6593817762 0 0.8325116292 0 0.542747031 0.540615953 0.5334232432 0 0.5362156336 0.563044791 0.5561020721 0.5558649326 0.5617663165 0.5661273247 0.5529942243 0.5500439338 0.545405674 0 0 0.7356884735 0.5754172624 0.5970232417 0.8188515434 0.8004666079
0.5178310992 0 0 0 0 0 0 0.8229330622 0.8195921172 0.7613222656 0 0 0.8909424437 0.6114148074 0.6997280629 0.70852755 0.7379229583 0 0.844442449 0.7242235658 0.8310423099 0.8308959545 0 0.7533967275 0.5729831064 0.5721802547 0.5696423946 0.5648847393 0.5567866979 0 0 0.5856848736 0.5832639479 0 0.801336096 0.5566800431 0.5573590809 0.5566161253 0.8462321605 0.8403483522 0.8499044898 0.838648307 0.7315920994 0.5371378553 0.5388269359 0.5333330784 0.5433155478 0.5472708166 0.5541844637 0.558696304 0.5658557243 0.5630964536 0.6164630991 0.5550623839 0.5502413611 0.5533227308 0 0.5672708 0.5563200623 0.5917691932 0.7711393893 0.6698354258
0.5258464444 0 0 0 0 0 0 0.7190497375 0.8193002575 0.8162342126 0.8207284906 0.8306929072 0.596795016 0.7522524892 0.6310537094 0.6928962262 0.6366772193 0.8556608426 0.8464412782 0.8367636531 0.8288570176 0.8347032097 0.8383145241 0.5644089144 0.5706206078 0.5692742836 0.5628143686 0.5626770438 0.5715318488 0 0 0.7000717217 0.5819794799 0 0 0.574416937 0.6443218714 0.5896611498 0.6132892085 0.6188569302 0.614917358 0.7104133141 0.5374016832 0.5373625511 0.5411385448 0 0.537893822 0.546438961 0 0.8670847052 0.8785641989 0.8034435139 0.889277559 0.7681216852 0.5617754695 0.5547494808 0.561875344 0.5658033271 0 0.6443527232 0.5599717545 0.774513932
0 0 0 0 0 0 0 0 0.8176555418 0.8153852394 0.8197251052 0.7514547511 0.7510823638 0.7481441725 0.7521631356 0.6272773306 0.6249268115 0.6274167775 0.6806558811 0.8623987891 0.854134123 0.862808944 0.6570953373 0.5688983387 0.5624225819 0.5609951488 0.5615644571 0.5689814093 0.5716873945 0.6997350582 0.6980983268 0.7037312863 0.583161662 0.5764508756 0.5826963269 0.5883265107 0.5912194119 0.5859456858 0.6173096778 0.6130324714 0.6206312571 0.553184799 0.5816432521 0.548180715 0.7054418907 0.5395552585 0.5389357943 0.5409775357 0.5402600462 0 0.8720111546 0.5168076573 0.7871783504 0.6283652001 0.5550615246 0.5571620781 0.560664951 0.8134690673 0.8153028912 0.8424240382 0.5703894585 0.7782332333
0 0 0 0 0 0 0.8451325336 0.8454075499 0.5643902478 0.8164081715 0.8209434233 0.8639076489 0.8449589033 0.7490096882 0.7472953911 0.6201173407 0.618096204 0.6252697173 0.85492242 0.8522482577 0.8571475048 0.5070782469 0.7587605969 0.5663519091 0.565629209 0.5582338888 0.5675729528 0.5680189438 0.7115683961 0.7028101439 0.7076267318 0.6983573582 0.5836762074 0.5861662544 0.5833431707 0.5919430215 0.5941052547 0.5869917421 0.6147095731 0.6223139689 0.616176475 0.6250399463 0 0.6930423746 0.7226571587 0.706492895 0.5416848061 0.539964179 0.5471576754 0.657058858 0.8412237056 0.8814537408 0.7934709392 0.8128086102 0.8090678669 0.8095521057 0.8026680818 0.8132509162 0.8083500004 0.8106923684 0.5114582941 0.5050941006
0 0 0 0 0 0 0.8409498905 0.716960518 0.5382948573 0.5400312394 0.5452403684 0.6858952864 0.6790306158 0 0.6821886685 0.6185977005 0.6240272466 0.6273260242 0.8496532016 0.8487145801 0.5054306481 0.5114240581 0.7563608994 0.565681795 0.5615293121 0.5642924738 0.5586401332 0.5655204502 0.7103067215 0.717027059 0.7127237191 0.7172671206 0.7178865568 0 0.7608945072 0.7584426307 0.7551670758 0.760045527 0.6217792935 0.6173771184 0.7180420594 0 0.7437787837 0.8976236251 0.742656905 0.7872426563 0.5483746704 0.5484868534 0.5475334012 0.8019011828 0.88441628 0.6935473971 0.5559260116 0.810570571 0.8036466049 0.8019911103 0.8046116203 0.8059482397 0.8108060179 0.8124319398 0.7075788099 0.533777359
0 0 0 0 0.8883584365 0 0.8443816496 0 0 0 0 0 0.6789173084 0.673258376 0.6810337372 0.6190010366 0.5872847579 0.8500230333 0.8429669771 0.8451159065 0.8560029356 0.5077644542 0 0.5713117931 0.5705950596 0.5629899387 0.5643195059 0.8498288115 0.589167572 0.7194062595 0.7186129898 0.7269449125 0.7251976796 0.7574453377 0.7569842344 0.7514842324 0.7562709999 0.7661170947 0.7647356761 0.7740291228 0.5227492899 0.8891246294 0.7445338915 0.736312071 0.6277375805 0.8311581194 0.7907721586 0.6513409762 0.8871851469 0.8793933036 0.8850318798 0.8636342406 0.8892069096 0.8038081176 0.7986426873 0.7964601717 0.8021526329 0.8100268596 0 0.5321026377 0.8084705076 0.5585699554
0 0 0 0 0.7044121744 0.8972448205 0.8513038449 0.7849493679 0.7865079044 0.6362850564 0 0.6859808454 0 0.6773680555 0.6816307605 0.5721176525 0.5793369603 0 0.8481254556 0.8522411887 0.6808951535 0.6808527673 0.8040860709 0.6973900554 0.5773628286 0.5704811389 0.5725525954 0.5052179233 0.7261079635 0.7207301235 0.7247855976 0.7220524738 0.6049525459 0.7633142801 0.753088598 0.7593233514 0.7530225847 0.7613710121 0.5954642004 0.6049667045 0.6035347398 0.5152979765 0.8751370969 0.7496953198 0.8231555496 0.7356385707 0.5031438907 0.7227300282 0.5559474176 0.8842696752 0.8877521013 0 0 0 0 0.7987948548 0 0.5848456379 0 0.8182883001 0.8911463413 0.8156644464
0.6743504491 0 0.6453564435 0.6421071702 0.8919390562 0.7193122033 0 0 0.7793894437 0.5668051745 0.5152171854 0 0 0 0.5762645245 0.5696642667 0 0.5839979506 0.789521887 0.5919357675 0.685084128 0.681387456 0 0.6881072814 0.5782812271 0.5752003155 0.6319683036 0.8892355176 0.5941209178 0.7564124133 0.6527420768 0.6924168888 0.7806444436 0.595201248 0.6364445337 0.7594421327 0.7559278703 0.5906610558 0.5952062922 0.6010490538 0.6032728418 0 0.8187440775 0.745568123 0.7478848575 0.7466662509 0.8409813074 0.8466439644 0.8806152625 0.502690005 0.8748215843 0.8330371857 0.829820609 0.5949269284 0.8056467388 0.8053485874 0.5940471141 0.5915504439 0.5927879885 0.6361120864 0.8237823633 0.8259136959
0.6376446351 0.6342852533 0.6375204162 0.6465146573 0.7096243999 0.701319821 0.5891359858 0.5887148281 0.7374055387 0.5356234457 0.7383279224 0.5189717997 0 0 0 0.5771490297 0 0 0 0 0.7173498455 0.6109138777 0.6089456458 0.6138796981 0.6212447137 0.53528295 0.5866479967 0.5969381097 0.6637945733 0 0.823989642 0.8569739879 0.6017396194 0.5866543745 0.5859552855 0.7585447405 0.5973405084 0.5912463657 0.599803632 0.6087960677 0.6816484626 0.901442544 0.7466782637 0.7400949434 0.7392369199 0.832376561 0.7399048337 0.5482547749 0.8757543307 0.5899956395 0.686211355 0.790811603 0.8320196918 0.8465774853 0.5915813883 0.6023132063 0 0 0.883453625 0.8216578728 0.8180594962 0.8255334729
0.6344412726 0.6288897501 0.6357896116 0 0.6999119928 0.7032565166 0.705597973 0.5964964099 0.7422194878 0.7354373268 0.7383588722 0 0 0.7149458207 0 0 0 0 0 0.7555502474 0.6200105232 0.6132647118 0.6078602491 0.6165893858 0.6163779372 0.8464512894 0.5865179414 0.583926941 0.5897352005 0.8187102958 0.8252088251 0.6027163094 0.7970037601 0.5938831267 0.8222413777 0.818489739 0.8158500849 0.792016127 0.794813655 0.60259482 0.8987345369 0.8999183858 0.7844167471 0.7381523859 0.7310291344 0.7326659381 0.7390149434 0.6151998518 0.5914807186 0.74598272 0.5001407782 0.7150654155 0.7094632312 0.7383433081 0.6242189739 0.8305434798 0 0 0.8131409517 0.820514421 0.8203046881 0.8176798205
0 0 0.6326333727 0 0 0.7054306795 0.7147357958 0.5656114194 0.740528729 0.7399395895 0.7423922187 0.5449111924 0.7097142152 0.5937817311 0 0 0 0.7484903195 0.754566547 0.6204218046 0.6210444621 0.6111249305 0.6127653472 0.6132012921 0.5726447371 0.5818748803 0.5787096153 0.5835586106 0.5934986679 0 0.9095488575 0.8432871517 0.840968004 0.8330640922 0.8267667329 0.8201507726 0.8018152559 0.7985664783 0.8019507927 0 0.9002399511 0.9078465565 0.9018058034 0.7354600971 0.7404981799 0 0.738438869 0.573255833 0.5731269082 0.5654485177 0 0.5346975093 0.7189719588 0.778208787 0.7319566395 0.7405746051 0.8229607571 0.8193283554 0.8037364844 0.8083798557 0.8132986388 0.8158794259
0.6992163278 0 0 0.7217455605 0.7144109205 0 0 0.5619327444 0.5668798637 0.7458611789 0.6227386007 0.7069965213 0.5843726448 0.817262095 0 0 0.7412349279 0.7457026684 0.7546079752 0.6234912621 0.6203885556 0.5393381947 0.5354492271 0.5703149004 0.5702218906 0.5787311546 0.5767800145 0.5771897736 0.6158077096 0.9053845356 0.8399277037 0.6520007651 0.6232444973 0.803766816 0.8292412305 0.8275821445 0.6614921781 0.7355711832 0.7399442161 0.909011165 0.9047569453 0 0.7446830806 0.7349130381 0 0 0 0 0 0.6861096106 0 0 0.7862037787 0.7453361433 0.7415523123 0.825233012 0.8187634586 0.8142041562 0.8160576713 0.8032546652 0.8033882607 0.8083705443
0 0 0 0.6692481179 0.6653811335 0.7196036321 0.8883274638 0.6791917801 0.6845383488 0.6839173348 0.7465338458 0.7465648673 0.599546141 0.5029434889 0.7477523115 0.7465670657 0.7459858311 0.7502455179 0.8231206725 0.6282621141 0.5449939854 0.5373547731 0.5313906936 0.578836354 0.5698431674 0.5712824658 0.5853307049 0.5822387919 0.9029348786 0.8989927471 0.8992721962 0.8416734653 0.7250648635 0.7008679146 0.7465295196 0.7437837128 0.7403529917 0.7343598445 0.7406000994 0.7398773789 0.9012158916 0.6972651038 0.8529428296 0.5881431321 0.578363292 0 0 0 0 0.6768265452 0.6226977028 0.6237615623 0.5497631697 0.8759854316 0.6640505442 0.8233904714 0.822060587 0.8134206451 0.8152044166 0.8049221393 0.8027143564 0.7947138063
0.7488439389 0.7544781597 0 0.6624319215 0 0.7012154413 0.6920286131 0.6787818849 0.6767953558 0.6821582139 0.7441339851 0.7462177303 0.663860904 0.8781774963 0.7540656677 0.7551549487 0.5304392002 0.7588929447 0.8232465963 0.8183039729 0.6698362949 0.531793466 0.5399287278 0.5705563181 0.5787472247 0.5770558784 0.577285901 0.5831360583 0.5783173325 0 0.900305734 0.518596853 0.6947942241 0.6936985925 0.7425175016 0.73780254 0.742877536 0.7403446146 0.8493067485 0.5148629118 0.8998182685 0.7011786772 0.6915558168 0.5848444582 0.581401281 0 0 0.8207182844 0 0.6150936891 0.6185303437 0 0.753319937 0.8686333652 0.8677534102 0.861827958 0.8622962555 0.8550562933 0.8084621508 0.8072661697 0.8000749903 0.7941685309
0.5100179608 0 0 0 0.6120255627 0.6931321134 0.688977049 0.6855546743 0.8657012088 0.6846267752 0.7468928707 0.7521788739 0.8564630157 0.8520037608 0.6393438695 0.6892264908 0.6815479662 0.8243992769 0.6866844048 0.669907107 0.5350911531 0.5350715137 0.532618586 0.8093917282 0.5794643526 0.5868395854 0.5776512989 0.5779323103 0.5824961444 0.5053893092 0.8447138718 0.6178763443 0.8744829812 0.6939807923 0.5855591942 0.7389018161 0.7476027332 0.7899380455 0.8467972218 0.8976438674 0.6425676068 0.6427276025 0 0.7075948889 0 0.5874047952 0 0.6821387385 0 0.5584546277 0 0.5551645931 0.5520616958 0.5654043997 0.8658336262 0.8599764138 0.8544717408 0.8999488118 0.851554069 0.8096475373 0.7882716254 0.6152206197
0.7255531086 0 0 0.671117119 0 0.6912526979 0.6877340083 0.6009947333 0.568428961 0.6785302095 0.6265138867 0.8558065017 0.8519968797 0.8709465365 0.8988587676 0.6833786142 0.6829371499 0.6784532771 0.6864274327 0.5567531341 0.5433614202 0.5447475239 0.5395003439 0.8090946188 0.8045351673 0.5864529957 0.5864324555 0.5843717035 0.581270131 0.5736353076 0.5655036188 0.6998013289 0.6996718309 0.708610477 0.8830952381 0.7841109925 0.7812403422 0.7769371867 0.8392178696 0.7687667374 0.7776710826 0.6387187542 0.7094159018 0.7000880088 0.6981539195 0.6709285599 0.6779605596 0.671932023 0.5672297893 0.560272439 0.5573604376 0.5505329747 0.5558974795 0.5606442992 0.7261964192 0.848742997 0.840472298 0.8459772102 0.8517649207 0.6860207502 0.7459380829 0.7790590858
0.5596072415 0.7358390219 0.8750195844 0.5033081559 0 0.6891538602 0.6972807595 0.7915987829 0 0 0 0.8562843183 0.8553908289 0.8618583659 0.5040204029 0.6900478542 0.6807983838 0.6862983283 0.6878401452 0.6933587331 0.8852162549 0.5444363099 0.544603367 0.8051919171 0.8060004792 0.8058339568 0.8063755324 0.5888136595 0.5878926218 0.5629937442 0.7782331359 0.5009139143 0.6907423964 0.8799284285 0.8884195736 0 0.7761520993 0.7755133997 0.760981187 0.7607361459 0.770102178 0.5230432863 0.6478629489 0.6962352247 0.7038789696 0.665702616 0.6704661282 0.8991851186 0.8900926381 0.8989052215 0.9009765589 0.5571580716 0.5569720974 0.5641098436 0.8519178921 0.7179117669 0.8393008047 0.8551754717 0.8489541478 0.6794483809 0.5882937672 0.7807644395
0.7747334438 0.7667526876 0 0 0.8606555415 0 0 0.6524099106 0 0 0.6927999075 0 0 0.8529049212 0.5962658886 0.6825339968 0.6844808369 0.6821715208 0.6936746179 0.5057748132 0.5261350571 0.8828770828 0.8923527793 0.81267477 0 0.8145775679 0.8080898106 0.5227427163 0.583889908 0.5682630292 0.7920871687 0.7841736248 0.7887323934 0.7877495036 0.8796979608 0.8748139872 0.7770257103 0.7767147136 0.7678910526 0.7650917892 0.7632190918 0.7653460563 0 0.7058062329 0.7019790415 0.7025828653 0.5321692246 0.9009527605 0.8974777537 0.8924229462 0.8947932079 0.7160545217 0.7148197756 0.5624407811 0.7103231112 0.841999847 0.8479298399 0.8538125593 0.6753144182 0.674144608 0.6759671112 0.7877669187
0.7579989577 0.8136787212 0.5076606469 0.5134652105 0.8029102332 0.8586491699 0 0.823706049 0.6959532044 0.5792885083 0 0 0 0.8507099018 0.7170745976 0.7976614642 0.794953367 0.6938209895 0.6926449185 0.6283592347 0.5228494604 0.5223759157 0.6535575567 0 0 0 0.8029322383 0.567225201 0.5678230377 0.5695974843 0.5378378537 0.8764859629 0.7822127733 0.7918255788 0.8718214141 0.8710828395 0.8663058574 0.7705571079 0.8935645263 0 0.8945407018 0.7780489559 0.6935955378 0.6865452374 0.6892344494 0.8081903701 0.8041935452 0.8996029502 0.725473998 0.7175051387 0.685192225 0.711495814 0.7437077039 0.5112482034 0.6311244705 0.7034929151 0.8530906493 0.8578804288 0.6838624816 0.7280915714 0.6479800473 0.6764753018
0.8090672194 0.8030397461 0.80188505 0.5042842516 0.7372065213 0 0.8627268905 0.7030675756 0 0 0 0.7593676606 0 0.7529985759 0.6445222859 0.7928204679 0.7985536612 0.7413868576 0.790784064 0.8706236956 0.5233677914 0.525319483 0.5173449142 0.8897726774 0.5075219366 0.7031407743 0.717270921 0.5536899597 0.5606731305 0.8420371028 0.5971790833 0 0.7918325969 0.7879599986 0.8748840462 0.869689256 0.8661786567 0.8780322942 0.8804002409 0.8858428651 0.8905271924 0.6800045955 0.5286645799 0.6948941271 0.81092733 0.6956733687 0.8019266556 0.7959601618 0.5798901225 0.6682190903 0.7198446021 0.7186282787 0.6727922187 0.5472965681 0.7130581828 0.8593711577 0.8737881691 0.860112236 0.7296892173 0.8045312822 0.6814364597 0.686001593
0.8040561268 0.7992837633 0.8036130074 0.5110009438 0.5127780239 0 0 0 0 0 0 0 0.7502033309 0.7466337682 0.7080801429 0.7826633576 0.7406319674 0.7462508 0.7415500804 0.6967618231 0.7691058175 0.5198467759 0.5231659655 0.5235247214 0 0.693815278 0.8666541121 0.6832324013 0.5515063841 0.7147742213 0.5651312653 0.7962541915 0.7941540715 0.7973478113 0.8763860491 0.8967083949 0.8684953136 0.8784428832 0.8767483369 0.8796342575 0.8906820627 0.8779581907 0.885967303 0.6014605487 0.5209717732 0 0.8101961303 0.8047660257 0.8004390011 0.5148208628 0.7081731723 0.6606390048 0.663016655 0.6695663661 0.6013206548 0.8692747036 0.5637048466 0.55837024 0.6846181525 0.6839059334 0.6783522966 0.6549719715
0.8049563828 0.7966600345 0.8053659515 0.8138597457 0.6497155714 0 0 0.699384828 0.8668125058 0.7888825904 0.7537047747 0.7521056487 0.7455270906 0.7533538662 0.8662728337 0.7023502432 0.7099234152 0.7449867259 0.7484995475 0.5943714476 0.5655162733 0.7470892471 0.7400667113 0.5324610879 0.5300830881 0.5318973483 0.8441836611 0 0.8460764024 0.7081532274 0 0.534609345 0.8491437858 0.5603675758 0 0.8954702378 0.8875668609 0.8864899883 0.8843926892 0.8842561604 0.8929049785 0.8722600598 0.5401741965 0.6011649175 0.8094019071 0.8150180325 0.8166987593 0.7185301088 0.7191047697 0.7342876157 0.7980372895 0.6693698442 0.6601038075 0.6371260788 0.6297896733 0.6335709332 0.8638120515 0.5556231423 0.6868230749 0.6905558076 0.7444704728 0.686378546
0.8040024556 0.8012948067 0.8017517034 0.8243640113 0 0.654183312 0.8705509899 0.8611447871 0 0 0.7573429099 0.7525634327 0.7452153337 0.7462811874 0.7061124804 0.7093425588 0.7112243913 0.7662941227 0.7466071407 0.5458892458 0.7431267998 0.7414761434 0.7492650842 0.7014733821 0.8195272748 0.5328311618 0.8315501831 0.8373118761 0.832369525 0.7135082521 0 0.5029997849 0.632658084 0 0.8973992564 0.5860491395 0.8913436015 0.8883745399 0.8920257165 0.884594339 0.8853505842 0.5480750502 0.5413797743 0.6912702591 0.5992886426 0.5163312645 0.8239419136 0.8209314098 0.7099906948 0.7117788644 0.5696252714 0.6693718889 0.7761938341 0.6746931628 0.6285996818 0.6351910495 0.7696736532 0.5544395811 0.7243172228 0.6443448265 0 0.6900640386
0.6080308293 0.6802742656 0.7027541254 0.6929703604 0 0 0 0.5544681567 0 0 0 0.7536155773 0.7507013402 0.7462021497 0.7502663136 0.7546197506 0.8876364054 0.8889599785 0.7577097834 0.7543314761 0.750433254 0.7497414507 0.7420613455 0.5701816679 0.529258625 0.8507215494 0.8417588823 0.8278676149 0.8341959906 0.5891357659 0 0.8607214899 0.6314634493 0.8962083145 0.8944041512 0.8915211451 0.8891617958 0.9005515294 0.8996530856 0.7310821683 0.7246047539 0.6027662757 0.5948529301 0.5956374513 0.5975386838 0.6003276452 0.7771884447 0.7078620243 0.7140843197 0.7132642486 0.5636006543 0.5658775577 0.8763200029 0.6314127768 0.6374290112 0.5004974371 0.552195193 0.5897189549 0.8622717618 0.575903776 0.5753226267 0.6679894295
0.8715154236 0.5173733699 0.5263128036 0.7498186071 0.7939700827 0.7439782446 0 0 0 0 0.8913090555 0.8906141925 0.8890232554 0.7556830186 0.7531641823 0.7545586617 0.7960141216 0.703391817 0.5561595851 0.7595256289 0.7582377539 0.7489975379 0.714741551 0.7102955521 0.7178154479 0.530909787 0.8424031548 0.835189203 0.8268008505 0.8299598094 0.8384376664 0.6990925722 0.7994450501 0.8969071403 0.8917850835 0.7738108631 0.7720226418 0.7685818512 0.7337852064 0.7211829597 0.7282090399 0.8708937304 0.5890377072 0.5868747838 0.586472389 0 0.594480843 0.7116249792 0.7301006565 0.6903862136 0.5608863914 0.789108164 0.8687042046 0.8556965933 0.8548978357 0.8457659633 0.8517358088 0.8527729188 0.858286392 0.572310031 0.5669470261 0.570454522
0.8738262249 0.7099797719 0 0 0.7429364358 0 0.7977798787 0.843442182 0.543860488 0.8966816117 0.8848935522 0.8842371466 0.8851106292 0.8975293437 0.7111227117 0.6012806135 0.887271272 0.5645355637 0.5546817281 0.5598842463 0.5418379429 0.7545285579 0.5289956969 0.7093182342 0.7847974869 0.7929353495 0 0.8337533182 0.8312958444 0 0 0.8810568934 0.7891727251 0.7974270389 0.6303981021 0.7745492267 0.7664830646 0.6550891101 0.7306016658 0.7154422604 0.8762455644 0.8807888322 0.8710068847 0.5885079175 0.5750284785 0.5916464278 0.7798665955 0.7827169917 0.5164642108 0.7203422151 0.7863234841 0.598871724 0.5985513747 0.8286708831 0.8529438103 0.8548335864 0.8506460439 0.850895182 0.5682953911 0.5720958455 0 0.5697579312
0.7055308198 0.8098378814 0.7094806605 0 0 0 0 0 0 0 0 0 0.678219952 0.5964654902 0.5966633319 0.5991075167 0.6038062725 0.5366170402 0.5346974792 0.5351994774 0.5898983977 0.5907037934 0.717925659 0.541746986 0.5644976452 0.783041525 0.785998331 0.7838175422 0.8798351788 0.8333512219 0.8039165095 0.7884266857 0.7876780594 0.7878508419 0.791765524 0.6793741705 0.6867479545 0.7588723868 0.6846285428 0.7220499816 0.8839824097 0.8818631249 0.8860047812 0.5087486611 0.5656602755 0.5469603749 0.5535962754 0.7764899499 0.7143110205 0.7197696955 0.7975305998 0 0.5906847121 0.8544832565 0.5884262422 0.8546716671 0.8586006218 0.8532201691 0.5754851832 0.5692909863 0.5695183208 0.5827696199
