landscape/hab_quality/256/simulation_000080_p041_h079_HABMAT_patch_more_500pix_modified.asc_ac_0.5_quality.asc
NCOLS 513
NROWS 513
XLLCORNER 0
YLLCORNER 0
CELLSIZE 9.980507
NODATA_VALUE NaN
[rows 310 to 340 of 513, columns 350 to 419 of 513]
0.8181802543 0.8208325687 0.8169981699 0.8111048439 0.8115365443 0.8892735738 0.890309214 0.5559009811 0.5543344614 0.5575512039 0 0.8933747168 0.8849275682 0.8787810122 0.8811248304 0.7808715084 0.6177955313 0.6169980597 0.6262505892 0.81666286 0.8249893696 0.5574509881 0.5754711398 0.5777105142 0.569788167 0.8119598007 0.6622463502 0.5877708096 0.5896773023 0.8486400144 0.8531934095 0.7721176472 0.7735718088 0.8466923537 0.8522950934 0.8430123326 0.8425766087 0.8485041513 0.8529127637 0.8423019917 0 0 0 0 0 0 0 0 0 0 0 0 0 0 0 0 0 0 0 0 0 0 0 0 0 0 0 0 0 0
0.8224711001 0.8146304851 0.8134438803 0.8167722247 0.8146309956 0.8907972719 0.89751345 0.5583098939 0.5564478822 0.8315630033 0.8313017604 0.6426618362 0.6570432735 0.7716804135 0.7742856284 0.6105466437 0.6115828118 0.6301127621 0.8348022593 0.5641913085 0.563425059 0.5562585924 0.5720244497 0.5688293692 0.5709611306 0.5910388618 0.5827851571 0.5809169647 0.5810497757 0.5883255787 0.8857174952 0.8630912971 0.5363011776 0.8583154187 0.8489774628 0.8457367929 0.851027071 0.8491258764 0.7875961389 0.8119800646 0.837464152 0.874448522 0 0.8886167275 0 0 0 0 0 0 0 0 0 0 0 0 0 0 0 0 0 0 0 0 0 0 0 0 0 0
0.8245730937 0.8238583361 0.5074602671 0.691946932 0.6928974287 0.9022570947 0.9031530849 0.6572212449 0.8232713142 0.8223985916 0.8270876405 0.8060462823 0.7024223271 0.76997592 0.7721968283 0.6098537255 0.6264813099 0.6265032623 0.8409954669 0.8431478354 0.5555728924 0.6086525016 0.5650500192 0.5689013206 0.5694873058 0.5897111324 0.5834151197 0.5800346791 0.5867616982 0.6619773594 0.8918394768 0.8820876428 0.8882611764 0.8826065484 0.8497158219 0.8512637869 0.8482671177 0.8564592247 0.8157525872 0.7780287663 0.7812590048 0.6141401046 0.8322055636 0 0 0 0 0 0 0 0 0 0 0 0 0 0 0 0 0 0 0 0 0 0 0 0 0 0 0
0.5997380022 0.5990045033 0.6003539769 0.506137607 0.6898292478 0.6891919766 0.6009367348 0.8248517673 0.8203605493 0.81213853 0.6915231635 0.6927440072 0.7028966212 0.7039925038 0.7794672625 0.5397606801 0.6132462396 0.6129213804 0.8458728755 0.8366183029 0.8393496938 0.5591658529 0.565130229 0.5704645663 0.7578555635 0.5900690022 0.5807849405 0.5879593766 0.5897119573 0.8925133062 0.8870284599 0.8908488381 0.8808592065 0.885584553 0.8526115992 0.6072399935 0.8597261567 0.8564753542 0.8095984831 0 0.7829457076 0.8093804926 0.8064680023 0 0 0 0 0 0 0 0 0 0 0 0 0 0 0 0 0 0 0 0 0 0 0 0 0 0 0
0 0.5942396406 0.502513186 0.5079830292 0.8954087179 0.6789896276 0.6812958871 0.8251503469 0.8208468288 0.7119939325 0.6872196861 0.6842729098 0.6896344086 0.6970822087 0.5319923809 0.5318805064 0.5450106914 0.5411365768 0.5393351734 0.8441983808 0.839203174 0.5664230516 0.5677603308 0.6451487964 0.6513153734 0.8607805677 0.5586346981 0.7388697385 0.7027113697 0.8880076557 0.6421563169 0.8855380403 0.6273930428 0.8810191994 0.5199143189 0.5165326842 0.5167820341 0.6086497816 0.7023876041 0.8638949507 0.6136589222 0.618968354 0 0 0 0 0 0 0 0 0 0 0 0 0 0 0 0 0 0 0 0 0 0 0 0 0 0 0 0
0 0 0 0 0.6030462908 0.6002946474 0.678468789 0.5301878081 0.5547504562 0.5527311619 0.6317354868 0.6242418349 0.6158953298 0.7008718668 0.5445880626 0.5401362658 0.5447187951 0.5459758354 0.8461445722 0.8494421473 0.851016749 0.6506689964 0.640836393 0.6132801909 0.838485964 0.5397690259 0.8444028669 0.643014861 0.8923079241 0.6961331303 0.6421588832 0.6322063894 0.6325307242 0.8752713269 0.5188625377 0.5102932179 0.5180485712 0.6861367136 0.6073341416 0.609133569 0.6085214238 0.6096163469 0 0 0 0 0 0 0 0 0 0 0 0 0 0 0 0 0 0 0 0 0 0 0 0 0 0 0 0
0.6215025439 0.6218937759 0.6731254933 0.6060412425 0.6086405808 0.6935214861 0.683117172 0.7266724153 0.5475277245 0.5526571514 0.5541652473 0.6235916883 0.6251262925 0.6183000953 0.6719199646 0.5487651873 0.5476067339 0.5511987019 0.8578346776 0.8580798401 0.8579907347 0.6416189409 0.6418659292 0.6433601652 0.7812131125 0.7762345592 0.7375417028 0.7322986358 0.7377152867 0.8867280129 0.6339857295 0.638452646 0.6409502926 0.6502345934 0.5193146463 0.5181198825 0.5108310666 0.7984931358 0.608315801 0.6030704765 0.6030053733 0.6089475854 0.6203204306 0.87392497 0 0 0 0.6999796009 0 0 0 0 0 0 0 0 0 0 0 0 0 0 0 0 0 0 0 0 0 0
0.6232692048 0 0 0.817320014 0.6968250701 0.6082392695 0.6070424939 0.5817871535 0.5542744553 0.5476965537 0.5480626824 0.5591621716 0.6240853367 0.6255107563 0.6257429305 0.5294846013 0.5541427966 0.881061911 0.8766676911 0.8841912608 0.6086927615 0.7231054788 0.7278710701 0.7279927642 0.8868574689 0.8948657792 0.8426800604 0.8382606221 0.8443953234 0.8821851513 0.8359646728 0.8309458982 0.8370715471 0.5759118476 0.6841763965 0.6787753846 0.6849562822 0.6430318987 0.6055301808 0.6111526262 0.6050552081 0.6104641973 0.6159139079 0.6258025398 0.5373816772 0.7782185251 0 0.6229477042 0 0 0 0 0 0 0 0 0 0 0 0 0 0 0 0 0 0 0 0 0 0
0 0.8454253854 0 0.8851281241 0.6981285317 0.7567191478 0.6018734881 0.6662100343 0.6785093709 0.5521445508 0.5553782646 0.5598672349 0.5663392234 0.5664650202 0.5669299244 0.6315757039 0.5338000506 0.62846691 0.7374561698 0.7359078562 0.7418714297 0.7179654838 0.7194180804 0.6123096528 0.8266559865 0.6521243215 0.840849296 0.8380183923 0.8424673506 0.8377864407 0.8393814024 0.8301777906 0.8307244258 0.5177999973 0.6879895967 0.6361639819 0.632443195 0.6369349724 0.60160813 0.6534184506 0.6174129441 0.6158870858 0.6115444154 0.6189626193 0 0 0.6284960271 0 0 0 0 0 0 0 0 0 0 0 0 0 0 0 0 0 0 0 0 0 0 0
0.6407785352 0.6415059141 0.6003076285 0.6352921828 0.6350363968 0.6295646151 0.7152409387 0.7128509941 0.7163237568 0.6789070783 0.5564559135 0.5604399114 0.5612701866 0.5670441816 0.5721197436 0.6209129267 0.6245955033 0.733941768 0.7308052498 0.7301152879 0.7396076474 0.7161717061 0.7184924674 0.7588404404 0.5099034194 0.7538224613 0.6606473219 0.8421646605 0.8287763589 0.8367063571 0.8345388466 0.8339696073 0.836682985 0.642105424 0.6421182876 0.63827196 0.6307257603 0.6401833551 0.6478087161 0.6489628731 0.6237347994 0.6176377135 0.6381254533 0.7465866252 0.5481163814 0 0 0 0 0 0 0 0 0 0 0 0 0 0 0 0 0 0 0 0 0 0 0 0 0
0.5613021643 0.579695366 0.8645156334 0.5075013763 0.7161831883 0.7117590795 0.7179923771 0.7082598015 0.7120015944 0.7171950561 0.56880922 0.5631349756 0.567584795 0.5694433814 0.5559171605 0.6195654114 0.7411296878 0.7340320233 0.737928047 0.730857813 0.7353536851 0.7446152189 0.7206583527 0.7596645654 0.750346818 0.5671979583 0.8594563604 0.5206607975 0.6037023125 0.8406292093 0.8409610035 0.8439379788 0.7405843052 0.7379605844 0.6350130391 0.6325678009 0.6326402005 0.6356149958 0.6467852405 0.6486789637 0.6566413606 0.6254762969 0.549318423 0.5524882359 0 0 0 0 0 0 0 0 0 0 0 0 0 0 0 0 0 0 0 0 0 0 0 0 0 0
0.5785471052 0.5872982464 0.8603464143 0 0 0.7146842291 0.7195980026 0.7132895715 0.7151489513 0.7211312968 0.7700253862 0.5721681346 0.8770206863 0.5931805727 0.6233400304 0.6185255966 0.6113770966 0.6187736823 0.6381655112 0.6371388691 0.7429229928 0.7366369089 0.729633639 0.751183014 0.7558857616 0.7507005409 0.8749043597 0.5985636069 0.7631787206 0.6804397888 0.7561151244 0.7614404532 0.7445122314 0.7369744416 0.6358336351 0.6386920135 0.642851392 0.6385092459 0.6406758335 0.653548469 0.6368746436 0.5582635403 0.5552739338 0.5463154584 0 0 0 0 0 0 0 0 0 0 0 0 0 0 0 0 0 0 0 0 0 0 0 0 0 0
0.8720186703 0.8168218426 0.8233709494 0.8560899787 0.8484675857 0.6937122143 0.7235932615 0.7161397239 0.715229666 0.7174591017 0.5711346602 0.5762826551 0.5924945137 0.5971136194 0.5645683441 0.7765942328 0.6137982709 0.6212741148 0.6417329402 0.7499666951 0.7511709458 0.7501143154 0.8341708844 0.7326350389 0.8682036172 0.8651797348 0.8699245359 0.8695108215 0.7560672703 0.7550765501 0.7573439356 0.7599038076 0.7422961413 0.7361407845 0.7378474651 0.6519552852 0.6519813252 0.6516408586 0.825607086 0.642874008 0.6480105815 0.6593205044 0.5547908299 0.5483518942 0.552878676 0 0 0 0 0 0 0 0 0 0 0 0 0 0 0 0 0 0 0 0 0 0 0 0 0
0.8057320559 0.821003072 0.8231977134 0 0.8466492675 0.5223706629 0.6964518945 0.764329213 0.7183561425 0.575458541 0.5717174425 0.7911741365 0.5844397282 0.5952067479 0.7346721329 0.8871725578 0.7406951113 0.6554554534 0.6384962742 0.7583753536 0.7588476632 0.7591391826 0.8574053008 0.5242639866 0.8670186027 0.8662994366 0.862604595 0.8704641127 0.757510906 0.7624985744 0.7649237674 0.6707428158 0.7427286119 0.7403730081 0.7398517012 0.6532495086 0.6528978298 0.6570820972 0.6457245208 0.7234149221 0.6508261807 0.7866084876 0.6667638689 0 0 0.5247681901 0 0 0 0 0 0 0 0 0 0 0 0 0 0 0 0 0 0 0 0 0 0 0 0
0.6644933406 0.6633667816 0.6723494614 0.8563186623 0.5133076323 0.5089925127 0.5155860747 0.6934333471 0.5037985407 0.5248382889 0.8822219895 0.7476993601 0.5015042959 0.554853822 0.7284223759 0.733324609 0.7270977826 0.8007955858 0.90462004 0.8914822165 0.8920348093 0.8902771828 0.8974308366 0.8320510185 0.8352024092 0.8677753559 0.869066099 0.8666023812 0.5035356987 0.8566238634 0.8574871284 0.8647077481 0.7471702729 0.8125233368 0.8858922644 0.6590493667 0.6610973229 0.6041630232 0.6128220154 0.6535453406 0.6512049429 0.6575782348 0.8938733926 0.631009748 0.5325999387 0 0 0 0 0 0 0 0 0 0 0 0 0 0 0 0 0 0 0 0 0 0 0 0 0
0.666697975 0.672965914 0.6702153314 0.5247987711 0.5163528181 0.506864775 0.5121325907 0.5034958479 0.8010529916 0.8041816403 0.7433867518 0.7379879211 0.7327586448 0.7304590307 0.5485166846 0.7268553411 0.5482756718 0.8946383699 0.6450129302 0.894899567 0.8876626744 0.8910816553 0.8924925486 0.8358831177 0.5817962398 0.7311670188 0.6935277161 0.8272788679 0.8419758078 0.856149972 0.8547706893 0.8573093351 0.6645744038 0.6063613613 0.8048441579 0.8989754498 0.8965428825 0.9014859595 0.5577273204 0.5585800093 0.5505392308 0.5216132 0.7583958492 0 0.5269149215 0.6661276105 0 0 0 0 0 0 0 0 0 0 0 0 0 0 0 0 0 0 0 0 0 0 0 0
0.7909272376 0.8612956484 0.7552226731 0.7523690928 0.7471726332 0.5148928706 0.5110207738 0.7920859936 0.8435165786 0.7389528505 0.7392274279 0.7350640713 0.7301365234 0.7362216936 0.551673652 0.5449261719 0.5511130996 0.8850420126 0.8881040281 0.8871653341 0.8961530494 0.8953984353 0.9006164926 0.5552965564 0.6488084976 0.5011665198 0.7788524912 0.6096261381 0.738164106 0.8601091636 0.8580938237 0.8550411495 0.6037084874 0.6077362929 0.6101226743 0.8959130124 0.8944902543 0.8900514298 0.5554024671 0.5498597099 0.5556174483 0.5528699854 0.5652030542 0.8173449018 0.8146320355 0.8080415729 0.8120600731 0 0 0 0 0 0 0 0 0 0 0 0 0 0 0 0 0 0 0 0 0 0 0
0.8587933604 0.8818980745 0 0 0.7517202826 0 0.7104883138 0.7147741482 0.8955818909 0.6373447719 0.7409188236 0.7283633622 0.7253161304 0.7401015499 0.5548826598 0.5455591814 0.5509396135 0.888839552 0.8843792862 0.880355046 0.8887576601 0.8896623541 0.5286581995 0.6048347437 0.802679159 0.7273363968 0.7238553073 0.7190517005 0.7180578863 0.7304957555 0.7364753656 0.7774916713 0.6019781313 0.6002720003 0.6066862246 0.8892482149 0.8883078471 0.8861489646 0.8806411154 0.5504024714 0.549096332 0.7646992146 0.8552027034 0.8346632129 0.8088299295 0.8049169051 0.8060396343 0 0 0 0 0 0 0 0 0 0 0 0 0 0 0 0 0 0 0 0 0 0 0
0 0.8767825339 0.6258181109 0 0.8338658863 0.7153409534 0.8563398746 0.7128353825 0.7215991635 0.8637166135 0 0 0.72109355 0.7184817453 0.7219853178 0.8188797694 0.6074841951 0.8909004886 0.8856109538 0.8864976928 0.8962219887 0.8914642487 0.8266050118 0.8326743255 0.6786484544 0.7210236704 0.7239057648 0.7152215826 0.7217345144 0.7272079476 0.7352533913 0.7030355454 0.7054522486 0.7057156077 0.7064016506 0.8892791811 0.885581561 0.8790251357 0.8853931895 0.5750376418 0.5576121682 0.5546242045 0.7154299129 0.7229134328 0.8078120028 0.8113530496 0.8068136055 0.8950667098 0.8280170687 0.5801522759 0 0 0 0 0 0 0 0 0 0 0 0 0 0 0 0 0 0 0 0
0 0 0 0 0 0.6467073584 0 0.7274180591 0.882728411 0 0 0 0.5223305425 0.7203744442 0.7053838472 0.8743999431 0.7027766664 0.8718207453 0.8725937292 0.8779292609 0.8678860794 0.8685646181 0.8636340265 0.8351398038 0.8733265891 0.8607178728 0.7170257113 0.7227637402 0.7248095382 0.7286317959 0.6110984104 0.6982032574 0.6959862063 0.7027772028 0.8197014955 0.8963102937 0.8871398832 0.886496712 0.8888356147 0.6654209024 0.6651718398 0.6639142841 0.7216351274 0.8978796709 0.5451816731 0.8177524582 0.8133639865 0 0 0 0.6069046638 0 0 0 0 0 0 0 0 0 0 0 0 0 0 0 0 0 0 0
0 0 0 0 0 0.6526671978 0.6684746631 0 0 0 0.5936826852 0 0 0.6614918466 0.819763006 0.8730527945 0.6880545567 0.8693282417 0.8710180739 0.8596232658 0.8652785614 0.8634062253 0.8921289706 0.8665146129 0.7944528158 0.7907982398 0.7293960487 0.7318661438 0.731245658 0.5258354478 0.5311760276 0.6994762063 0.6995103979 0.5413299695 0.548199859 0.5471746449 0.5542771118 0.5569328353 0.5649574664 0.6629336487 0.6616660198 0.8785834153 0.5455601117 0.8783027998 0.8232669875 0.8072537737 0 0 0 0 0 0 0 0 0 0 0 0 0 0 0 0 0 0 0 0 0 0 0 0
0 0 0 0 0 0.6744868975 0.6866275389 0.6829512892 0.6881364292 0.5863750817 0 0 0 0.6620812956 0.8268268383 0.5632104666 0.8679351488 0.8585262888 0.8744094973 0.8613390546 0.8591978417 0.860188473 0.8652550561 0.8678037636 0.7590516899 0.6352193128 0.8986050142 0.7246393463 0.6829724232 0.7312136541 0.522633811 0.5582841856 0.6703125035 0.5385700995 0.538377956 0.5449386013 0.548750166 0.5582294647 0.5617551919 0.6626288067 0.6654277842 0.884070984 0.8755231178 0.8749728969 0.871408088 0.7679159882 0 0 0 0 0 0 0 0 0 0 0 0 0 0 0 0 0 0 0 0 0 0 0 0
0 0 0 0 0 0 0.5776513639 0.6795074203 0 0 0 0 0 0 0.7222157431 0.8753185594 0.8716205893 0.8697521158 0.8782610496 0.8609414963 0.8615064909 0.8609303438 0.8544337294 0.5777239874 0.5838932416 0.6345621096 0.6405032925 0.5702451387 0.7217946232 0.522521125 0.530949909 0.556431314 0.5534495234 0.5449403165 0.545660507 0.5430657321 0.5446477867 0.552432178 0.5614758456 0.5982035925 0.8848821612 0.8847628011 0.8618423925 0.8667899542 0.8599519508 0 0 0 0 0 0 0 0 0 0 0 0 0 0 0 0 0 0 0 0 0 0 0 0 0
0 0 0 0 0 0 0 0 0.6837298766 0 0 0 0 0 0 0 0 0 0.8741570018 0.8747607346 0.8637157456 0.8782299175 0.5829754981 0.5839417418 0.5868133424 0.6412900847 0.631819921 0.6108876894 0.728572914 0.7296971375 0.5304139079 0.8272122419 0.6882232685 0.5499821427 0.5507645265 0.5479076727 0.5521728439 0.5567019436 0.5639383375 0.6295033117 0.5743582437 0.8648748817 0.8595588305 0.8586549991 0.8625664219 0 0 0 0 0 0 0 0 0 0 0 0 0 0 0 0 0 0 0 0 0 0 0 0 0
0 0 0 0 0 0 0 0 0 0 0 0 0 0 0 0.6252741905 0.8869715234 0.8833387956 0.8755928142 0.8812543009 0.8327517066 0.6986296859 0.6975275513 0.7626643444 0.6998237991 0.6395006573 0.781560509 0.6360992773 0.5913520187 0.7349618727 0.6971131437 0.7294224039 0.5671406578 0.5604918729 0.5512726445 0.5553596976 0.5486348168 0.5573794599 0.566036659 0.8641565837 0.7633287028 0.8634186016 0.861711205 0 0.8645562828 0 0 0 0 0 0 0 0 0 0 0 0 0 0 0 0 0 0 0 0 0 0 0 0 0
0 0 0 0 0 0 0 0 0 0 0 0 0 0 0 0.5533194121 0.8857765261 0.8813685327 0.8844260957 0.8851229712 0 0 0.6886741141 0.6931355795 0.6906882557 0.6881596032 0.727933161 0.6431250833 0.6430019965 0 0.7674247138 0.8455056075 0.5691133735 0.8422907365 0.8338213946 0.838560294 0.838519802 0.5626893795 0.5625213079 0.8613247285 0.548885033 0.8697697609 0 0 0 0 0 0 0 0 0 0 0 0 0 0 0 0 0 0 0 0 0 0 0 0 0 0 0 0
0 0 0 0 0 0 0 0 0 0 0 0 0 0 0 0 0.888260114 0 0 0.7323200038 0 0 0.5583741068 0 0.6832535499 0.684548161 0.6518422875 0.5194437359 0 0 0 0 0 0 0 0.832188107 0.8361303809 0.8430855985 0.8507641972 0.8516848827 0.8599151354 0.7839537667 0 0 0 0 0 0 0 0 0 0 0 0 0 0 0 0 0 0 0 0 0 0 0 0 0 0 0 0
0 0 0 0 0 0 0 0 0 0 0 0 0 0 0.6192771991 0.7118179147 0.6983474879 0 0.5955732546 0.6007458919 0 0 0 0 0 0 0 0 0 0 0 0 0 0 0 0.8325917213 0.8381539319 0.8482458835 0.8508003393 0.6466680941 0.5544564852 0 0 0 0 0 0 0 0 0 0 0 0 0 0 0 0 0 0 0 0 0 0 0 0 0 0 0 0 0
0 0 0 0 0 0 0 0 0 0 0 0.7768959046 0.7827501864 0.7807439671 0.7884365331 0.8239060335 0 0 0 0 0 0 0 0 0 0 0 0 0 0 0 0 0 0 0 0.7883802527 0 0.8493817468 0.8889722965 0.8515669608 0 0 0 0 0 0 0 0 0 0 0 0 0 0 0 0 0 0 0 0 0 0 0 0 0 0 0 0 0 0
0 0 0 0 0 0 0 0 0 0.7683868921 0.7691452029 0.5501313185 0.7791833592 0 0.5122691202 0.7720475346 0 0 0 0 0 0 0 0 0 0 0 0 0 0 0 0 0 0 0.5501447462 0.8463728437 0.5618639774 0.5634292494 0.8561241042 0.661406127 0 0 0 0 0 0 0 0 0 0 0 0 0 0 0 0 0 0 0 0 0 0 0 0 0 0 0 0 0 0
0 0 0 0 0 0 0 0 0.7692922274 0 0.765305044 0.6406286101 0 0.848098735 0 0.7648675421 0 0 0 0 0 0 0 0 0 0 0 0 0 0 0 0 0 0 0 0 0 0 0.8785409218 0.5991724319 0 0 0 0 0 0 0 0 0 0 0 0 0 0 0 0 0 0 0 0 0 0 0 0 0 0 0 0 0 0
