landscape/hab_quality/256/simulation_000086_p036_h090_HABMAT_patch_more_500pix_modified.asc_ac_0.5_quality.asc
NCOLS 513
NROWS 513
XLLCORNER 0
YLLCORNER 0
CELLSIZE 9.980507
NODATA_VALUE NaN
[rows 320 to 351 of 513, columns 219 to 291 of 513]
0.838255124 0 0 0 0 0 0 0 0 0 0 0 0 0.5603390841 0 0 0 0 0 0 0 0 0 0 0 0 0 0 0 0 0 0 0 0 0 0 0 0 0 0 0 0 0 0 0 0 0 0 0 0 0 0 0 0 0 0 0 0.5872815546 0.6093845549 0.6054442631 0.5886247206 0.5913439605 0.5886205539 0.5940086107 0.8636549961 0.8682332446 0 0 0 0 0 0 0
0.5716948564 0.6104895424 0 0 0 0 0 0 0 0 0 0 0 0 0 0 0 0 0 0 0 0 0 0 0 0 0 0 0 0 0 0 0 0 0 0 0 0 0 0 0 0 0 0 0 0 0 0 0 0 0 0 0 0 0 0 0.8922773614 0.7747751983 0.5982971998 0.6013592101 0.5872366717 0.5862326646 0.5918019622 0.5746183009 0.8712710333 0.8694642827 0 0 0 0 0 0 0
0.7412858257 0.8590258665 0 0 0 0 0 0 0 0 0 0 0 0 0 0 0 0 0 0 0 0 0 0 0 0 0 0 0 0 0 0 0 0 0 0 0 0 0 0 0 0 0 0 0 0 0 0 0 0 0 0 0 0 0 0 0 0.7880184482 0.6044056228 0.5957999351 0.5949356279 0.5894065805 0.5921427466 0.598703509 0.6081074905 0.8774675537 0 0 0 0 0 0 0
0.6449902268 0 0.6304332625 0.8107592649 0 0 0 0 0 0 0 0 0 0 0 0 0 0 0 0 0 0 0 0 0 0 0 0 0 0 0 0 0 0 0 0 0 0 0 0 0 0 0 0 0 0 0 0 0 0 0 0 0 0 0 0 0.7301757807 0.7870979356 0.7848678424 0.5117892054 0.8972248775 0.5981699073 0.6002986769 0.6040963991 0.6000474287 0.8285295257 0 0 0 0 0 0 0
0.8654194426 0 0.7703082048 0.7700287066 0 0 0.5649386172 0 0 0 0 0 0 0 0 0 0 0 0 0 0 0 0 0 0 0 0 0 0 0 0 0 0 0 0 0 0 0 0 0 0 0 0 0 0 0 0 0 0 0 0.6612618809 0.6620421982 0.6613512967 0.5018456358 0.6106884455 0.6061487555 0.861768491 0.7843570984 0.783234305 0.7915869928 0.7202515488 0 0.529426515 0 0 0 0 0 0 0 0 0 0
0 0 0.7613875143 0.7655582052 0.7653506138 0.768338868 0.8002508718 0 0.660052443 0.5614113034 0.7093237361 0.6597190236 0.5483363489 0 0 0 0 0 0 0 0 0 0 0 0 0 0 0 0 0 0 0 0 0 0 0 0 0 0 0 0 0 0 0 0 0 0.512466926 0.5103585219 0.8488475129 0.6624201118 0.666864907 0.6611402455 0.6661609803 0.6665643637 0.618254516 0.6096540232 0.7904807802 0.787371006 0.7863332433 0.7836192041 0 0.6823892131 0 0 0 0 0 0 0 0 0 0 0
0 0.7760797685 0.7612594891 0.7631163918 0.762862342 0.7649874788 0.7656853259 0.5045963198 0.7395438368 0.7411008492 0.6665407827 0.5005506294 0 0 0 0 0 0 0 0 0 0 0 0 0 0 0 0 0 0 0 0 0 0 0 0 0 0 0 0 0 0 0 0 0 0.5623242079 0.555871097 0.519617317 0.5180243258 0.8508438355 0.6653057003 0.6643825412 0.657368765 0.6665672338 0.6135992073 0.6193060605 0.7884459491 0.7934065464 0.7900688664 0.7914176289 0.6885619442 0.7508706948 0 0 0 0 0 0 0 0 0 0 0
0 0.7692562212 0.7649106198 0.7604600171 0.7636349855 0.7638920395 0.7667158594 0.773130944 0.7285706501 0.8051155406 0.8075856084 0 0 0 0 0 0 0 0 0 0.66788519 0 0 0 0 0 0 0 0 0 0 0 0 0 0 0 0 0 0 0 0 0 0 0.8022100156 0.5593285317 0.5541712192 0.5615172326 0.6677511885 0.6628950861 0.6566490284 0.6524144134 0.6568427572 0.7279211017 0.7256509511 0.7239140358 0.6938870486 0.601691232 0.7484047177 0 0.7444135944 0.7491708557 0.7479045518 0.8831677991 0 0 0 0 0 0 0 0 0 0
0 0.7659845584 0.7638778661 0.7624649838 0.767656595 0.7711294805 0.7668851587 0.6315135171 0.7779694714 0.8025758111 0.7983733948 0.5318919549 0 0 0 0 0 0 0 0.8909707115 0.5424552226 0.8006435568 0 0 0 0 0 0 0 0 0 0 0 0 0 0 0 0 0 0 0 0 0 0.6212815241 0.6432442803 0.5623749979 0.5602197145 0.6578640844 0.6466612884 0.6434665904 0.6469013718 0.6487699883 0.7243662396 0.7222073752 0.7266784054 0.7412842625 0.6958251284 0.7500270461 0.7459366673 0.7495995343 0.7399806132 0 0 0 0 0 0 0 0 0 0 0 0
0.7712864079 0.7716396877 0.766159913 0.772900352 0.7761445841 0.7741701665 0.7727295865 0.7721530966 0.772665867 0.8024272554 0.8048483203 0.6931579737 0.6878301602 0 0.7951110614 0.7917429096 0 0 0 0.6791805407 0.7927913785 0.8027440338 0.796096644 0.8016597801 0 0 0 0 0 0 0 0 0 0 0 0 0 0 0 0 0 0 0.6199701396 0.6170567157 0.7541281464 0.561475037 0.6579969674 0.6514320472 0.6506478072 0.6424321513 0.6416356227 0.6368306422 0.7293092809 0.7233412908 0.7274817059 0.7266446926 0.6598273152 0 0 0.7450011667 0.7458373851 0 0 0 0 0 0 0 0 0 0 0 0
0.7892969417 0.7674053344 0.7744038911 0.767467037 0.768123285 0.7606128934 0.7779276295 0.7825176973 0.769296853 0.7663977804 0.6137610703 0.6813005498 0.6842132481 0.6803932707 0.7949475294 0.6819472347 0.7816872327 0.7813789479 0.7880599882 0.7812231305 0.7929444295 0.7914605481 0.6006773303 0 0.8113010159 0 0.5348784465 0 0 0 0 0 0 0 0 0 0 0 0 0 0 0 0.6165084945 0.8860563545 0.5773824491 0.5578026631 0.6602047945 0.6593983616 0.6477136834 0.6344700901 0.6339568669 0.6411102183 0.7362743223 0.7324344874 0.7261069882 0.7398895428 0.7553821662 0.7495010867 0.7457722777 0.7512521483 0.7492773362 0.7509533542 0 0 0 0 0 0 0 0 0 0 0
0.7855961673 0.7836361127 0.7831583994 0.7834098127 0.7692609862 0.7859367201 0.7631744674 0.7561296049 0.6054366091 0.6112691383 0.6122175449 0.6842703782 0.6745415601 0.6728182765 0.6718382558 0.7901722207 0.7865736434 0.7862587597 0.7806219536 0.781974672 0.7898593719 0.7900187322 0.7991593715 0.6082714407 0.7431459088 0.802799843 0.7479989414 0.5039477728 0 0 0 0 0.7330097464 0.7289521286 0 0 0 0 0 0 0 0.7473548638 0.8084083933 0.5969219545 0.5522798538 0.7497661955 0.7945923188 0.7806674104 0.8000172539 0.6347388989 0.6341615153 0.6425414028 0.7339174319 0.6671742141 0.7341416094 0.6749537177 0.8980464358 0.7507896951 0.7524733428 0.7495118924 0.7594664819 0 0 0 0 0 0 0 0 0 0 0 0
0.7844835294 0.7836433393 0.7857064331 0.7931075418 0.7265630629 0.897623342 0.7601878398 0.6311338207 0.6140138855 0.6051582569 0.6064742118 0.6822930398 0.6712912556 0.6709489712 0.6748086426 0.7910180979 0.7822634094 0.7794396096 0.7822620914 0.7822745398 0.7828340235 0.7930010069 0.5705316594 0.663006749 0.7399659931 0.7412959519 0.7366540311 0.7218702257 0.526157332 0 0 0 0 0.738030292 0 0 0 0.6024055775 0.6416886022 0 0 0 0.8818759827 0.5442349986 0.5541636385 0.7446775143 0.777426385 0.6173488909 0.788889283 0.8396933409 0.8642020266 0.5411393322 0.6820489406 0.5313886704 0.8553364004 0.6883813886 0.7582310689 0.7587820852 0.7608621366 0.7558853863 0.770653749 0.762145077 0.7049090961 0 0 0 0 0 0 0 0 0 0
0.7870692208 0.7846250389 0.7840313274 0.7246970985 0.722010508 0.7233193582 0.728115317 0.7338635973 0.6092778765 0.5501442135 0.6073266575 0.6836423825 0.6742888702 0.6738854638 0.67240681 0.7843806516 0.7847474182 0.7811985315 0.7853089408 0.7837374721 0.787799909 0.7964212991 0.8012719056 0.5722783776 0.6687956286 0.7350472879 0.6007828516 0.5941809007 0.5962876649 0 0.5931038706 0 0.5963026401 0 0.6784222952 0 0.5925171123 0.7869855209 0.5931941236 0.5041935711 0.5135992916 0.824594057 0.5456306523 0.5453499005 0.6030858356 0.772951379 0.779302679 0.6809113742 0.6927317553 0.5137151746 0.5133109864 0.5394667402 0.5323008971 0.5393914439 0.5379957582 0.540169027 0.8436601613 0.7662298336 0.7708097835 0.7672004921 0.7694955779 0.7753471876 0.8819237027 0 0 0 0 0 0 0 0 0 0
0.7858476779 0.7891857367 0.7870941048 0.7637826008 0.7164298902 0.6210147979 0.7312086166 0.7347412364 0.7396130911 0.6098795354 0.6116621028 0.6608493385 0.6813582054 0.6817387157 0.6804824593 0.8185611267 0.8201336507 0.7919750896 0.7897372115 0.7854530992 0.7849584219 0.7891162302 0.8041313977 0.6886950448 0.7361232414 0.7396206485 0.5982737751 0.595168908 0.5864803637 0.5865585422 0.5848756683 0.5871694325 0.5880740537 0.6810048006 0.6714706273 0.6695837728 0.6734275318 0.5890647089 0.5976297282 0.5993663067 0.5175530614 0.8365929527 0.8112642819 0.6554370622 0.7781529612 0.7771831489 0.6716074708 0.5817419197 0.6696548003 0.5157954521 0.5103011167 0.8749406823 0.8064736962 0.6049413208 0.6078833399 0.5399415425 0.5480829669 0.778887182 0.7743280875 0.7771893574 0.7713626848 0 0 0 0 0 0 0 0 0 0 0 0
0.8416555795 0.5583847192 0.8292718824 0.7252039063 0.7250503124 0.7235952018 0.7380919405 0.7347705708 0.5769519843 0.7389955572 0.7152968611 0.5020677873 0.6826002701 0.6147974984 0.6846636054 0.8260685689 0.8291967077 0.7971790847 0.7966579933 0.7963372123 0.8040222885 0.5258214128 0.6769836477 0.7911753639 0.6814975722 0.5275480629 0.5971853149 0.5913445714 0.5847829867 0.5805874196 0.5869410664 0.5885652894 0.8677744538 0.6827419489 0.6736398419 0.6690010921 0.6778965146 0.5229480311 0.6921370103 0.7697880485 0.6885960322 0.8574519999 0.6447835025 0.8704452449 0.5610362908 0.6768552803 0.7791496758 0.6683384865 0.6620666762 0.6625328455 0.6295942411 0.5183647989 0.6116281017 0.6020108512 0.6012756311 0.5967856076 0.7989469933 0.8518927278 0.5001561248 0.8561464518 0 0 0 0 0 0 0 0 0 0 0 0 0
0.7938069075 0.7943155223 0.7965812185 0.7323258443 0.7283900978 0.740043354 0.7475476364 0.5791083873 0.5763188291 0.5836603203 0.6131946288 0.875950128 0.6149355847 0.6201886226 0.5422524453 0.8281449923 0.8267797214 0.797628963 0.8018681194 0.5984813502 0.6059783798 0.8778344134 0.6165397564 0.5494722908 0.8358710752 0.8353362466 0.5945751998 0.6004488481 0.5889860007 0.5818303689 0.5838630327 0.8646098118 0.542255959 0.677355744 0.6769986343 0.6773794278 0.6774417992 0.5648711056 0.7798740836 0.5379108874 0.8999189805 0.8551277783 0.5273059924 0.680185952 0.526496975 0.8487843025 0.6737753364 0.6180695071 0.6588074874 0.6607681375 0.5970073484 0.5792801409 0.5792238119 0.5852494583 0.5934528123 0.5945747618 0.8950791199 0.8495211143 0.8509717266 0.852749931 0 0 0 0 0 0 0 0 0 0 0 0 0
0.7903667389 0.7910881747 0.7974379627 0.8055356391 0.7120513491 0.5566748322 0.696394925 0.6982101769 0.8244548133 0.7376975674 0.8742408266 0.7286047879 0.7449918997 0.5697135344 0.7997936871 0.8038027052 0.5762556776 0.8039656267 0.7923712434 0.7901763125 0.7909037844 0.826575083 0.5579535525 0.819041163 0.8210958006 0.819319743 0.8344302229 0.8251657633 0.8234138653 0.8170197972 0.8622469063 0.8567871712 0.8586714339 0.6862488436 0.6790265801 0.678577012 0.6822741166 0.5947354905 0.6553042531 0.5112088467 0.8528039478 0.6120663751 0.6140532721 0.5185901677 0.5899406979 0.5867230282 0.5966590127 0.6606462512 0.6597769467 0.5989498031 0.5935127905 0.5932531857 0.5789223431 0.5767924383 0.5863025636 0.589240145 0.5931987784 0.8470113075 0.843875237 0.853281198 0.8591312788 0 0 0 0 0 0 0 0 0 0 0 0
0.7920760407 0.7997718893 0.7957574203 0.8055542002 0.8912502487 0.7021106976 0.694581682 0.6969627713 0.7751106488 0.737339101 0.7278925538 0.7335058941 0.8940168802 0.8030997893 0.7998246469 0.7953636463 0.7941860857 0.5934884614 0.794558116 0.789930173 0.7947613936 0.5152527653 0.8230971914 0.8228713058 0.8130979194 0.8065184991 0.8205633101 0.8149320454 0.8160619652 0.8240502357 0.856936948 0.8640790991 0.861852136 0.623666457 0.6997366307 0.6792626198 0.6796558655 0.7802740154 0.5190080909 0.6075004158 0.6095005046 0.6156968589 0.527722843 0.5941565984 0.58498492 0.5910640395 0.5868220039 0.6264206627 0.7534518726 0.5949829522 0.5893894461 0.5875631854 0.5840393078 0.5767769834 0.5832308128 0.5890051014 0.5934559833 0.8461063649 0.8526242042 0.8512421 0 0 0 0 0 0 0 0 0 0 0 0 0
0.7936546025 0.7975728041 0.8046982001 0.8041026072 0.7059976145 0.70231314 0.6998402533 0.7012977716 0.7830196767 0.7331410719 0.7325183342 0.8902789701 0.8903824635 0.5499239005 0.795229423 0.7921805239 0.7808757131 0.7812460928 0.7873966178 0.7893188818 0.7970993761 0.8123955046 0.8251869973 0.8188588193 0.8073143404 0.8042051318 0.8130629041 0.8129997894 0.8184283765 0.8189364359 0.6135328294 0.6147363022 0.6142978092 0.617449697 0.6254395745 0.687529103 0.6839622179 0.6265632027 0.8753360129 0.5612018243 0.6056908094 0.6397486584 0.5401132388 0.585247782 0.583928934 0.5827413486 0.5352638121 0.7404660348 0.7470892853 0.7458655556 0.5895269398 0.5859960806 0.578899718 0.5825504459 0.580958444 0.5968723972 0.5934049217 0.743082474 0.7409883042 0.6261551334 0 0 0 0 0 0 0 0 0 0 0 0 0
0.6004580511 0.7518772625 0.7476811341 0.7492208369 0.7534196184 0.7486147513 0.7559278592 0.6368697568 0.7562008121 0.7525058636 0.7590988559 0.7499608759 0.6718585723 0.75916379 0.7571684253 0.7530268359 0.8060166791 0.7774912952 0.7870448637 0.792137115 0.802871895 0.8002280228 0.7988034554 0.8159630115 0.8111018044 0.8104171913 0.8033299221 0.803331332 0.8181132836 0.6114597825 0.6097917342 0.607432746 0.6124540778 0.6167250833 0.6240357786 0.8172213452 0.8955117688 0.5182455643 0.8606143974 0.6334610718 0.6332672946 0.6389808083 0.6422236989 0.5359904444 0.6576266497 0.5856981881 0.5906132286 0.7065502724 0.7391474194 0.8060429539 0.5857911406 0.5845360399 0.5851821555 0.5810950522 0.6853669104 0.678917169 0.5252744562 0.74233215 0.7387480931 0.7418329808 0.7630164956 0.7509802906 0 0 0 0 0 0 0 0 0 0 0
0.7473824952 0.7424913001 0.7424656063 0.7440854713 0.7442059128 0.7469239102 0.7548592885 0.7532384804 0.6323765529 0.7559557041 0.7491292935 0.7523250998 0.7522318493 0.7427952957 0.7532886456 0.751260704 0.7607397117 0.7838698583 0.7847270194 0.7571675549 0.6656453432 0.7981615469 0.8283862194 0.8174699166 0.8164243881 0.8110479008 0.8115006245 0.8077456409 0.8270623337 0.6128086983 0.6158314871 0.6126772891 0.61582119 0.6165048554 0.6204477617 0.7862133641 0.8984694092 0.5244515666 0.6473649562 0.6415610567 0.6421498582 0.6340924868 0.8957668466 0.5681026039 0.9011531099 0.9006422367 0.706859467 0.7429748467 0.7393939992 0.8409796117 0.5944161651 0.5895324239 0.5894438207 0.5902242918 0.6829630493 0.6814329764 0.5313111518 0.841256381 0.7325619251 0.7318595167 0.74126962 0 0 0 0 0 0 0 0 0 0 0 0
0.7425655734 0.7391916137 0.7342963602 0.7348720373 0.7378535703 0.7416530193 0.7510491271 0.7587967865 0.7662497457 0.7529624186 0.7476532277 0.7434056674 0.7514623794 0.6492011247 0.7560991451 0.759321811 0.7571015421 0.877016536 0.8828578381 0.6638616177 0.6585440055 0.6634091015 0.8237077728 0.8235678601 0.8188676031 0.811905526 0.8196995388 0.8124245323 0.8166093646 0.8189816012 0.8245809975 0.6256983782 0.6196513937 0.6174421444 0.5856853397 0.5677495786 0.5097839757 0.5012951772 0.6498743836 0.628531281 0.6467219968 0.8927910977 0.8952797678 0.8926198762 0.8960787055 0.6406627086 0.8836437849 0.8909656929 0.8841546855 0.5187789181 0.5972960543 0.5930973911 0.5982445633 0.6032454254 0.894072812 0.8971561053 0 0 0 0 0 0 0 0 0 0 0 0 0 0 0 0 0
0.7432554545 0.7413922414 0.734476511 0.7341238413 0.7349714804 0.7354244844 0.7433762113 0.7563019297 0.7535373756 0.7566537471 0.7468325051 0.7428749869 0.7526734558 0.8796216843 0.8810453587 0.7958053132 0.875307195 0.8760341731 0.879859919 0.6608485627 0.663954968 0.6636369131 0.8247603599 0.8242421277 0.8271602683 0.8223736213 0.8184274338 0.8204595222 0.817914581 0.8211082583 0.8270646679 0.6292820037 0.6224363766 0.6248136488 0.5617051325 0.6525607026 0.7923535083 0.7751323478 0.5002467363 0.5022007162 0.6248961108 0.8937105897 0.8878178779 0.8869961684 0.8919236743 0.8981601448 0.889918705 0.881899932 0.5071934829 0.8954716902 0.7954349725 0.840629767 0 0.7058261685 0.8490539938 0.8108866557 0 0 0 0 0 0 0 0 0 0 0 0 0 0 0 0 0
0.7485244809 0.7444353257 0.7391055844 0.741684484 0.8301570239 0.743039998 0.747376213 0.7608296989 0.7567416099 0.7505966109 0.747072744 0.7453687305 0.7457980425 0.7573647497 0.6710235059 0.6103293536 0.6074709795 0.6012833526 0.5994134643 0.5962856979 0.7345649589 0.7929592279 0.7345056171 0.6788096705 0.5630708806 0.8316949801 0.8253791218 0.8241620933 0.8216121586 0.8260856607 0.5841554018 0.6332744742 0.6306315257 0.6301786175 0.8092660676 0.8041650309 0.8332017568 0.5088030651 0.5056300042 0.5059454749 0.839500425 0.8311926105 0.8869782215 0.8373294316 0.8879458357 0.9065615604 0.8852219632 0.8901783965 0.8865774837 0.8848301824 0.8829441548 0.8440472388 0.5911290648 0.7919706434 0.840780369 0.7594974596 0.6234415117 0 0 0 0 0 0 0 0 0 0 0 0 0 0 0 0
0.7488012157 0.7536115065 0.6893078975 0.7512633604 0.743606242 0.7481716719 0.7516179701 0.7613003236 0.7578278281 0.7515786016 0.7496810885 0.7525761494 0.7471035014 0.7556485088 0.5478506256 0.6103859201 0.6010622895 0.5985229006 0.5954556223 0.7320672283 0.7247257862 0.728136752 0.7312473097 0.7310934899 0.6761752287 0.8313028632 0.5976308957 0.8298230302 0.5897118291 0.5872338944 0.588692729 0.5470629485 0.7322435908 0.5293539024 0.7790372727 0.8007266736 0.8976287533 0.6113697119 0.6095897159 0.6529438939 0.6003878866 0.8319826329 0.8306470028 0.8370109433 0.8399053018 0.852783678 0.7650617157 0.889378688 0.8882164623 0.8828381197 0.8912843392 0.8991418395 0.7006755852 0.847351426 0.8475336168 0.8414212443 0.7338692094 0 0 0 0 0 0 0 0 0 0 0 0 0 0 0 0
0.7609242442 0.6864224284 0.6961812732 0.7445765182 0.7480444968 0.7515313061 0.7609253604 0.5032091676 0.7643913566 0.7605505033 0.8929089079 0.524915895 0.877665921 0.8678595364 0.5502210142 0.6062311333 0.5968481168 0.5931111626 0.595196075 0.7273737322 0.7225432544 0.6405981075 0.720729602 0.5936974488 0.8506783071 0.5697246874 0.801803944 0.5331177401 0.8447099797 0.5961097197 0.5497424312 0.5563464273 0.5555491717 0.9041434856 0.9057638088 0.6277428685 0.5725035607 0.6375601363 0.5505198161 0.864327975 0.8364190456 0.5068406457 0.8329169137 0.8372890932 0.6093206129 0.8438347923 0.8534483919 0.8940636067 0.885891219 0.8887755302 0.8858408223 0.7384231018 0.671228092 0.8133370466 0.738224087 0 0.8846558315 0 0 0 0 0 0 0 0 0 0 0 0 0 0 0 0
0.7628106676 0.675797549 0.5214324842 0.5294852074 0.7555841359 0.5218610905 0.7516842946 0.5114479944 0.5088539543 0.8105228086 0.5281217426 0.8117042508 0.8141521164 0.8727369329 0.6130252317 0.6126816364 0.7607754569 0.5962972017 0.5950750051 0.7295496426 0.7175053048 0.7154239247 0.7206831267 0.7214345931 0.5855247988 0.5652898611 0.5127221076 0.5308623165 0.5254933842 0.6020807191 0.5600359569 0.5596745267 0.5599770937 0.5963953529 0.9031483691 0.6903977167 0.6289085016 0.6328918444 0.8692880654 0.8699823125 0.8685415697 0.565480008 0.8873383783 0.6409385383 0.5404342768 0.702828747 0.7210990022 0.8999009583 0.8964989102 0.7316726574 0.7315931666 0.739634368 0.6378616938 0.6673271044 0.6650490391 0 0 0 0 0 0 0 0 0 0 0 0 0 0 0 0 0 0
0.5931359627 0.7418589397 0.7479882784 0.6436028912 0.6468559215 0.8453431262 0.6537873784 0.674862382 0.5126476552 0.8092978295 0.8056880921 0.80908941 0.6617509662 0.7551080007 0.6127215075 0.8052110497 0.6214371992 0.5189427555 0.6510223492 0.8252558912 0.7251977151 0.7157990244 0.7165119272 0.7224950263 0.6105455377 0.8635706297 0.56803951 0.5245741207 0.532153427 0.5304038167 0.9079905418 0.9103924634 0.9075553456 0.9025975297 0.8980977262 0.6229562199 0.6299222793 0.6370022762 0.6801686403 0.8653705543 0.5594372224 0.5649330425 0.5435121266 0.7161458046 0.5901327325 0.5131702774 0.8369222584 0.5648237058 0.5493700677 0.7357479746 0.7483423907 0.7349526274 0.8622128619 0.5522325107 0.7797426866 0 0 0 0 0 0 0 0 0 0 0 0 0 0 0 0 0 0
0.7403872898 0.7435904825 0.7424139132 0.7426756379 0.6508749091 0.87782537 0.6053860696 0.7437650172 0.7163471458 0.8153997079 0.8135729992 0.8066173203 0.7482670889 0.7513482563 0.8127146322 0.6509340864 0.6436259418 0.51253553 0.8312089946 0.8179887381 0.821786346 0.817807412 0.719697461 0.7216825412 0.5042234045 0.5735080919 0.5630968395 0.5624889434 0.5692311778 0.8071734646 0.9026005877 0.9006321605 0.8955374256 0.8971137803 0.9028911617 0.621881555 0.6244738302 0.6402211636 0.6508660635 0.6491382547 0.6556902181 0.5656299247 0.7216645655 0.656427132 0.6537062332 0.8138365983 0.5380546551 0.7955142578 0.8601148976 0.7061099535 0 0.8594487904 0.8669046429 0.8817589971 0 0.8207989933 0 0.5946249356 0 0 0 0 0 0 0 0 0 0 0 0 0 0 0
0.7396619943 0.7381044468 0.7376620414 0.732182355 0.5174685865 0.5079647427 0.5921752161 0.7692448694 0.8597735067 0.857840193 0.8589413082 0.5527213325 0.7762082251 0.7526903474 0.6562539409 0.6427243342 0.6427392697 0.6429129145 0.8214668922 0.8203919528 0.8154095879 0.8201987857 0.7589738514 0.504656253 0.5082376344 0.6406190371 0.5711514256 0.5622797158 0.8069946643 0.8123457183 0.9062841717 0.8952037114 0.8911104511 0.8930451313 0.8962846233 0.9101309482 0.9130286546 0.9222824212 0.6504366571 0.646861754 0.6442291302 0.6503495776 0.6512383528 0.7600012556 0.8520339255 0.7462280414 0.8042296793 0.5571995321 0.549188089 0.6353451276 0.6735595997 0.6699371188 0.9046013164 0.6172744712 0.8997681544 0.8812896454 0.5068210597 0.643803955 0 0 0 0 0 0 0 0 0 0 0 0 0 0 0
0.7438442108 0.7390802457 0.7303474068 0.7360544161 0.7453036199 0.8002969828 0.5130415637 0.8805843383 0.8610267958 0.8515614411 0.8501396682 0.8521774018 0.851674534 0.6994346027 0.6940896007 0.6440305067 0.6394186127 0.8238428266 0.8186913907 0.8197655151 0.8226380737 0.8181886539 0.8775441095 0.5296234133 0.661589563 0.8141382181 0.8346653935 0.5649962764 0.5635224429 0.8158905018 0.9070042757 0.8968140216 0.8954135138 0.8943491575 0.9036561151 0.9073051714 0.9128609677 0.9141619372 0.6470399205 0.6418328503 0.6436184015 0.6507598885 0.6530954245 0.6617600241 0.5088833691 0.6969355271 0.6862664298 0.5516855821 0.5489444866 0.5570263996 0.6639387223 0.5919099601 0.6650523647 0.8964968062 0.9049888667 0.608160747 0.6837250964 0.752813598 0 0 0 0 0 0 0 0 0 0 0 0 0 0 0
