landscape/hab_quality/256/simulation_000061_p066_h038_HABMAT_patch_more_500pix_modified.asc_ac_0.5_quality.asc
NCOLS 513
NROWS 513
XLLCORNER 0
YLLCORNER 0
CELLSIZE 9.980507
NODATA_VALUE NaN
[rows 112 to 139 of 513, columns 186 to 247 of 513]
0 0 0 0 0 0 0.8688977164 0.803674846 0.8000731999 0.7436448803 0.8674873037 0.7358281581 0 0 0 0 0 0.5840956624 0.8430532152 0.6563815768 0 0 0 0 0 0 0 0 0 0 0 0 0 0 0 0 0 0 0 0 0 0 0 0 0.5515474474 0 0 0 0 0 0 0 0 0 0 0.8393969249 0.6272952044 0.8538670259 0.5311591761 0.8542338474 0.8439588463 0.7139023087
0 0 0 0.8895563644 0 0 0.639845239 0.7945601693 0.7967962842 0 0 0 0 0.8116806234 0.8195008646 0 0.5218132796 0 0.6523056357 0 0.6511123627 0.7133869765 0 0 0 0 0 0 0 0 0 0 0 0 0 0 0 0 0 0 0 0 0.6081858237 0 0.548075258 0.8382016184 0 0 0 0 0 0 0 0 0 0.7141687358 0.5357474555 0 0.6576295287 0.8347889061 0.7753840932 0.6343819505
0 0 0 0 0.6847797559 0 0.7972254249 0.7894438751 0.7887421181 0 0.7882915274 0 0 0 0 0.8227780917 0 0.7622878275 0.6483861737 0.831620084 0 0.6490931237 0.7089505846 0.8280172612 0 0 0 0 0 0 0 0 0 0 0 0 0 0 0 0 0 0.5061278013 0.5458017224 0.5523388619 0.5451128785 0.5417254646 0 0 0 0 0 0 0 0 0 0.8373572764 0.8289402158 0 0 0 0 0
0.636573219 0.6364490978 0.6362250341 0.817450548 0 0.7634941303 0.5013274969 0.7926166568 0 0.785018317 0.787842985 0.7911064716 0.7984422718 0.554782798 0 0.5265247694 0.6466524748 0.6442139392 0 0.8453457549 0.78569953 0.7127380346 0.6623090883 0.8198556661 0.8233862012 0.828323104 0.8324229844 0.5736790051 0 0 0 0 0 0 0 0 0 0 0 0 0.8080350243 0 0.5649410205 0.5548516615 0.5498989423 0.5429808785 0 0 0 0 0 0 0 0.8366340145 0.8364176493 0.8429137266 0.8365213999 0 0 0 0 0
0 0.6337901709 0.527058769 0.580688542 0.7602431948 0.7566971635 0 0 0.7864829809 0.7901043659 0 0.7985911466 0.8727602012 0.8052591932 0.7922836834 0.6475429675 0.6392052727 0 0.6393700589 0.8411450635 0.6611531671 0 0.6633353036 0.6540639138 0.8186073389 0.6714415656 0.57430222 0.5735403239 0.574767277 0 0 0 0 0 0 0 0 0 0 0 0.8083063248 0.7717533918 0 0.5588972326 0.5574985612 0.5478174948 0 0 0 0 0 0 0 0.6700118663 0.6159660506 0.613097056 0.617807584 0 0.7228111926 0.7203068651 0 0
0.6405325211 0.5339062385 0.6403431856 0 0.7638228818 0 0 0 0 0.6699580603 0 0.876822371 0.8801954573 0.8017906069 0.8680898444 0 0.6330117828 0.6356213457 0 0.8475012662 0 0.6657080477 0.6609183655 0 0.8816038608 0.8790548292 0.5686716652 0.5719515724 0.7446332883 0 0 0 0 0 0 0 0 0 0 0 0 0.7795511758 0.7706938271 0 0.6138687782 0.5672247833 0 0 0 0 0 0 0 0.5681990181 0.6149591211 0.6139996869 0.6078982564 0.6132834104 0 0 0 0
0 0 0 0 0.7663530145 0.7579445272 0.7670011619 0.8930755465 0.8890017372 0.8930056575 0 0.860422474 0.6768739547 0.7794675718 0.6063449241 0 0.763281366 0.6290603447 0 0 0 0.7299075138 0 0.8770168975 0.8847773112 0.8791062426 0.8911121062 0.7711163638 0.7614320662 0 0.7681925778 0.7757667655 0.7765724624 0 0 0 0 0.7269831023 0 0 0 0.7803817111 0 0.8408192576 0.8467710402 0.7803334693 0 0 0 0 0 0 0.5711703233 0.5984474141 0.671543731 0.6178291902 0.613363516 0 0.6130745847 0 0 0
0 0.5422191872 0.5349492294 0 0.6041381086 0.7635361405 0 0.8812519314 0.8885745232 0 0.5871042449 0.612418487 0.7733878288 0.7764547195 0.7732572513 0 0 0.754689293 0.6221015164 0.719210194 0.7236782278 0.7246264422 0.8745211674 0 0.8759655724 0.876562052 0.7601882945 0.7557203515 0.761228651 0 0 0.7716836542 0.7800120078 0 0 0.7196717467 0.7191510453 0 0 0 0.5869676209 0 0 0 0.8451517945 0 0 0 0 0 0.6552909733 0.5843086255 0.5216013114 0.526353375 0.6896666047 0.6917148029 0.6856240407 0 0 0 0 0
0.5472062537 0.5753312217 0.5501780009 0.7314629009 0.661149501 0.6977386736 0.6975188064 0.6986532981 0.8804144986 0.8881226552 0.7702082513 0.7720294852 0.7783378226 0.778021271 0 0 0.7548965349 0.7494927555 0.7207124102 0 0.9125002549 0.9054568046 0.9039985515 0.8036677786 0.8091008901 0.8068785776 0.754527976 0.7530664558 0.5916228755 0 0 0.7142999224 0 0 0 0.7210749207 0.7060669604 0.7113709605 0 0 0 0.8443538276 0 0 0.8483009076 0.7385920664 0.8498574539 0.844315126 0.8380428789 0 0.6472900526 0.6513733983 0.8320844813 0.5191334079 0.6902436541 0.6857356146 0 0.67855028 0 0 0 0
0.871728527 0.5825688362 0.5852917549 0 0.551868135 0.5539794124 0.6938751894 0.6936656586 0.7019103362 0.8871232312 0.7251354688 0.8915166755 0.8996812228 0.8921291645 0.8997808794 0.7604933527 0.75657283 0.7558697349 0.7546877176 0.9070024331 0.9011934711 0.9026464279 0.9061686956 0.9111825113 0.8140650506 0.8134031504 0.7548399464 0 0 0.8159525169 0.7668306627 0.7672435347 0.7660818451 0 0.7486691879 0.7451287724 0.7430120097 0 0 0 0.7446718583 0 0 0.8515087527 0.8575205989 0.8550193356 0.8475165313 0.8387514124 0.5059663146 0.6517813448 0 0 0.5262521001 0.5229875398 0.6878943562 0.6834301879 0.6688879644 0.6764232456 0 0 0 0.5874081866
0.5901207274 0.5892595048 0 0.7152216539 0.547380715 0.8104274061 0.8057010217 0.6968841899 0.6972520095 0.7080938391 0.8669163953 0.8894049708 0.8900130052 0.8909435259 0.6892151908 0.6020061479 0.605571221 0.5986354311 0.5769947659 0.59939776 0.905365556 0.9060631554 0.9088856795 0.7795214611 0.6522698586 0 0.6573371327 0.6637085992 0.8131054928 0.8649860193 0 0.5138536309 0 0 0 0.7482578359 0.7514366349 0.7446125332 0.6255634873 0.7556381137 0.8950388508 0 0.7743930813 0 0.7358627576 0.7267365407 0.7239500383 0.5962410089 0.5461616998 0.6660513559 0 0.6710173819 0.5389377559 0.7921295776 0.7396469936 0.7557826697 0.6802278827 0.6671480441 0 0 0 0
0 0.5333430955 0.8752485066 0.7054442894 0.8017993076 0.8042104466 0.8011947502 0.8085505156 0.7019214115 0 0.5236764873 0.5274152961 0.8845629138 0 0.5950177205 0.604514699 0.5988078353 0.6032042237 0.5976385679 0.5992318654 0.8974208004 0.8999065388 0.8998372797 0.6557068156 0.6500435632 0.6587250736 0 0 0 0.8831913915 0.6870168623 0 0.6065565128 0.7148058576 0.7535915704 0.7501271498 0.749829788 0 0.7490191898 0.7513978191 0.7107407902 0.7091774594 0.7021936316 0.7046589124 0.8725908775 0.7319592464 0.7280324354 0.5977006402 0.6700428596 0.5667073382 0 0.665625723 0.7032019386 0.530273939 0.7516725267 0.5334621319 0.67028582 0 0.6700196175 0.675099345 0.59283734 0.5848507341
0.5361937225 0.5354872677 0.5377248906 0.7082549338 0.6971128196 0.7972801522 0.6229503861 0.8254513839 0.827606437 0.8305791861 0.6649155234 0.7730940171 0.5764872947 0.7882973667 0.5957121344 0.5937679095 0.5962610575 0.5961003619 0.5995234725 0.6030519157 0 0.9059794858 0.7742055904 0.7751113153 0 0.6522442057 0.6573565677 0.664473197 0.8888386272 0.8815530108 0.8842272664 0.6941455825 0.7229832208 0.7172500608 0.7695052533 0.8043367631 0.6255860742 0.7574441494 0 0 0 0.705663823 0.6993101832 0.7068330948 0.7066875491 0.6798475613 0 0.513895815 0.5198946509 0 0 0.7048304072 0.7069521589 0.6700615732 0.5276588523 0.536412609 0.6801875056 0.6808985285 0.6809768545 0.6791259672 0.687732824 0.6733411619
0.5432045226 0.5424578915 0.5424570229 0.7022813093 0.7059586502 0.7997910549 0.5648773958 0.6213964159 0.7528168569 0.7113218728 0.7339024855 0.6054133396 0.6278884939 0.6348967678 0.5939807876 0.5897249932 0.5867756361 0.5916732076 0.5932083688 0.596262747 0.6090739926 0.6012638165 0.7728143397 0.7722994277 0.7761214961 0.6551776458 0.8827529575 0.663896867 0.8592371675 0.8584129285 0 0.5630470702 0.5664624238 0.5216983157 0.7629297343 0.5398345986 0.5432677775 0.7924811099 0.8326584752 0.6303485851 0 0.7113087043 0.7020825793 0.7047221072 0 0.713785024 0.7197056219 0.5138117575 0 0 0 0.7106199164 0.6644375924 0.6666946545 0.6653801369 0 0.6845696481 0.8093774444 0.6789692353 0.6707285767 0.8996723785 0.6643480993
0 0 0.7036469329 0.7151505725 0.8348447167 0.704457905 0.8480182464 0.8566007769 0.757079253 0.7371149621 0.7250113813 0.7275080836 0.7283797367 0.6329438335 0.6145985378 0.617977443 0.5912693531 0.5874552376 0.5952784406 0.6166191211 0.6138750954 0.7802300161 0.7811698312 0.7772240039 0.7749604191 0.6715116445 0.6707295037 0.6696051839 0.569149261 0.8580761113 0.5580921837 0.5629937818 0.5641625411 0.8137248388 0.8087903349 0.5373043846 0.615351593 0.8779997745 0.8317491758 0.7238552702 0 0.7156424112 0 0 0.710600585 0 0.7539087836 0 0 0 0 0.6402159591 0.8978433076 0.66121894 0.6668298904 0 0 0.5605234479 0 0 0 0.6607751934
0 0.7948140472 0.8645354334 0.5810939154 0.7078582445 0.8567910461 0.8496092588 0.8558254506 0.8633429432 0.7270139454 0.7216165058 0.7211939428 0.7179461146 0.6162216364 0.611079359 0.6124535409 0.5970690874 0.5954521906 0.593212595 0.6226800367 0.8136702106 0.6570489487 0.5357151722 0.7763620989 0.7820149364 0.6727602776 0.6794962731 0.5741966863 0.5624612448 0.5617995611 0.564180001 0.56462931 0.5644301711 0.6932624012 0.8079683701 0.541426568 0.6830955169 0.8587228417 0.7413688293 0.8611435064 0.7169319753 0.7176846237 0.7139794009 0.7124889953 0.7165075412 0 0 0 0 0 0 0 0.6651339161 0.6681366844 0 0 0 0.7113730325 0.5850771817 0 0.6678108598 0.6659051551
0.7863811214 0.7866754738 0.8035985581 0.9045161599 0.9003449006 0.6024742157 0.8616681819 0.8607881903 0.8635971822 0.7242610029 0.7210038653 0.7163007929 0.7233712676 0.6108569971 0.6105131765 0.6108794693 0.6185091955 0.6032632458 0.6138208395 0.62056602 0.502330674 0.6677782389 0.8359809223 0.7845497561 0.790075097 0.7304576761 0.732205698 0.5661056982 0.5655333289 0.570748113 0.5623695295 0.735056139 0.593898131 0.68891001 0.5493045321 0.7098423296 0.8228869678 0.8554585757 0.8548244905 0.8565910606 0.6695929398 0.7160494946 0.7161988418 0 0 0 0 0 0 0 0.6246532058 0.789890827 0.7948964922 0.7903487835 0 0 0 0 0.5125838299 0.8451216454 0.5519534952 0.6073036587
0.7906177054 0.7942111407 0.90630117 0.9022983794 0.8983605604 0.9030698113 0.8664286304 0.8636536948 0.73311285 0.7248584988 0.7278235021 0.7248233821 0.7183720735 0.6076828417 0.6037009494 0.6095811551 0.6191094814 0.6165617103 0.6207375136 0.6219727585 0.6219211542 0.663487272 0.6694012763 0.7460644269 0.7495447052 0.7515517312 0.7351894897 0.570864359 0.5765227545 0.5794626902 0.5750063042 0.5632815288 0.6893323206 0.7629128815 0.6986832785 0.558826423 0.857568891 0.5888118203 0.8484907873 0.8442330121 0.8497770476 0.5362403778 0.5743630223 0 0 0 0 0 0 0.7974689703 0 0.7851072026 0.7824788195 0 0 0 0 0 0.5694171842 0.555190442 0.5499136412 0
0.8780892761 0.7960252492 0.9000395175 0.897512488 0.5201984215 0.9033208217 0.8681676793 0.7401276263 0.7414617019 0.7389466821 0.5184504227 0.6895369623 0.7209158584 0.6186070446 0.5154755844 0.6108143812 0.7994959003 0.6940780152 0.6969177749 0.6980412313 0.6682996519 0.6609725394 0.6703167691 0.7443757609 0.7449622867 0.6844714648 0.8676883047 0.6713477804 0.8801454197 0.8790721909 0 0.5256396753 0.5321246546 0.5308630686 0.8252219724 0.6944854294 0.7451052205 0.8417785185 0.8899772554 0.8429718747 0.8887306875 0.8750846606 0 0 0 0 0 0 0 0 0 0.7791451927 0 0.7795768564 0.7791633641 0.7829368137 0.7889873629 0 0.5637948079 0.5482075969 0.546646636 0.550771594
0.7995838318 0.803105405 0 0.9044183108 0.7505346444 0.5258870901 0.8941523284 0.8973080001 0.8914436044 0.7611958865 0.7528020094 0.6804580868 0.7795221096 0.7742034574 0.779087308 0.7899851312 0.7974450245 0 0.6903244763 0.6927779084 0.6613557334 0.8230060254 0.6658512951 0.7511909953 0.7508531696 0.6799014057 0.68872578 0.8791262195 0.5535415611 0.8701896276 0.5808288968 0.531521067 0.5256373621 0.6868032256 0.6873921422 0 0 0 0.8004436124 0.8879842381 0 0.8694713438 0 0 0 0 0 0 0 0 0 0 0 0 0.7889129884 0.7820711849 0.8136188607 0 0.5864357024 0.5412416629 0.5388522057 0.5430805015
0 0 0 0 0.7291549629 0.5860666889 0.72860196 0.8888438853 0.8960161521 0.895845225 0.8435568442 0.8428005676 0.7812895118 0.7741997231 0.7983709071 0.5539359981 0.694773746 0.6921324574 0.6903105058 0.6936831035 0.8304390457 0.7692905355 0.8290506478 0.7565527402 0.6815000692 0.7113002892 0 0 0.8776711656 0.8776136023 0.5248128277 0 0.5303128045 0.5323379013 0.598427651 0.7800844775 0 0 0.8834027555 0.8197725622 0.7706698202 0.8961233719 0.8674706282 0.8723240536 0 0.8524390026 0.8530343459 0.8478717197 0.8548353925 0 0 0 0 0 0 0 0 0.5806156793 0.5858845791 0.5390057258 0.533888092 0.542561005
0 0 0 0.7236819104 0.7279930047 0.7224087647 0.8866225171 0.8867256583 0.7874453415 0.8875836947 0.8526755125 0.8959875851 0.7211135563 0.7766729573 0.7836740914 0.7007839212 0.6968136211 0.6903024198 0.6951455788 0.6927592365 0.7012167464 0.6157031674 0.8129883377 0.5653331985 0.7943134815 0.6408855705 0.6336596399 0.7523926284 0.6359607665 0 0.8003947033 0.6521874856 0.5384509158 0.5216522715 0.6124625338 0 0.7801701525 0.8224664469 0.8168413149 0.767960299 0 0.6331214462 0 0 0 0 0.8468196597 0.8523287573 0.8557198481 0 0 0 0 0 0 0 0 0 0 0.5389443373 0.5400998064 0.5369818368
0 0 0.65118016 0.7340904039 0.7267555651 0.723594082 0 0 0.8871670857 0.8882775808 0.8296935379 0.8216129405 0.8232788341 0.8260607343 0.7796874842 0.6992086767 0.6933383583 0.6939252922 0.6921456568 0.6986182034 0.518203675 0.8104438905 0.6537098782 0.8182708663 0.7548817393 0.7516349885 0.7481908567 0.6310267099 0.6336684212 0.7218340457 0 0 0.6170142405 0.6251708946 0.602613476 0.6082852247 0 0 0.8206527089 0.8775596183 0.872520796 0.8717260004 0.8834835928 0.7174192648 0 0 0.8470248419 0.8495186695 0.6749291834 0.6755677209 0.6801938486 0 0 0 0 0 0.887758198 0.762917489 0.5884857727 0.5465035912 0.6538639639 0.5479169394
0.7131557421 0.7476671376 0.731281772 0.7303721852 0.8429122055 0.8405979318 0 0.7394245124 0.8936766472 0.7150468851 0.8248567096 0.8242025831 0.8220943449 0.7059591935 0.7004707655 0.7065989645 0.708753295 0.6967273414 0.6992105771 0.6934072808 0.7065324677 0.8114446553 0.8101291236 0.8119820305 0.7420556038 0.7471498579 0.7389371637 0.635078392 0.6402651624 0.7669311392 0 0.6294444288 0.6238818224 0.6166539703 0.6001508331 0.6010243727 0 0.5509976346 0.8846966667 0.8731679981 0.8714687996 0.8759407987 0.876135484 0.893388585 0 0 0.7333951674 0.7325730164 0.6797367271 0 0.6775321981 0.7959005796 0.7943902528 0 0 0 0.6214524228 0.8205041551 0.8219170062 0.5101725826 0.6865080314 0.6525420599
0.5460624681 0.8686693918 0.7341117297 0.5658683816 0 0.8324629536 0 0.745907619 0.7127713389 0.8202961976 0.5595747412 0.8202258611 0.8292638424 0.7015857445 0.7045288562 0.7005205879 0.7013084683 0.5733572187 0.5769322836 0.5790006997 0.5923525902 0.5921148997 0.5893594668 0.7490827879 0.7468054085 0.7380479458 0.7464041079 0.740429988 0.7652840597 0.6233801834 0 0 0 0.6136173413 0.6081331675 0.5375305166 0 0.5496722072 0.8829966864 0.8749435058 0.8792093617 0.8749320981 0 0 0 0.7229551932 0.7325571585 0.7182073333 0.6888978862 0.6816565673 0.7009251001 0.8027113438 0.7972594083 0 0.8191621498 0 0.8130437581 0.8196037784 0.8292039659 0.6655759697 0.6599895052 0.8829733266
0.5491679009 0.7751430684 0.8674055102 0.8759844898 0 0.8274455085 0 0.7672055573 0.6254630396 0.8210132701 0.8159456765 0.8183307041 0.815341335 0.8156724304 0.8270418233 0.8229195121 0.8436255078 0.8462018862 0.5719241967 0.5784781692 0.5784978306 0.5836415001 0.5883225135 0.6744869851 0.7451545595 0.7468821483 0.7403683255 0.5357627768 0 0 0.7650024498 0 0.6213040349 0.8668149702 0.5411171571 0.5471945469 0.5474071386 0.5895672966 0.6411329829 0.8846250104 0.878916201 0.877344545 0 0.7799286341 0.8897688069 0.8969904305 0.7405074459 0.862448729 0.8574928689 0.8595613827 0 0 0.7996699026 0.816590105 0.8152290018 0.6698526424 0 0.8214103745 0.8229375846 0.8086769018 0.7117832258 0.8726404834
0.550998036 0.8677774428 0.8670340226 0 0 0.7092493925 0.7141714622 0.7099903923 0.8550259321 0.8188764125 0.814675259 0 0.8147910177 0.8176335396 0.8203404184 0.8248024654 0.8372404899 0.6087239369 0.6874444491 0.5702486113 0 0.583450153 0.5836786859 0.6694220155 0.8506307423 0.7703968029 0 0 0 0 0 0 0 0.9106007229 0 0.9099568393 0.5317830796 0.5345673278 0.8378429446 0.8452627462 0.8839744733 0.8875802533 0.8874266731 0 0.8906371274 0.6691504848 0.8982303849 0.8546823446 0.8534668898 0.8574345511 0 0.813763498 0.848865625 0.8496973253 0.5459020316 0.6757711987 0.6772045081 0.7963344403 0.8312747999 0.5922527876 0.5991506147 0.7906198822
0.7255848146 0.7230348819 0 0 0.8268293584 0 0.707476595 0.7143844738 0.7392894969 0.850648298 0.8671658741 0 0.8112790767 0.813630055 0.8163048045 0.8293152569 0.8321173448 0.5338122165 0.6016880002 0 0.5758852537 0.5797803916 0.6669385668 0.8439373168 0.7574742191 0 0.7678058003 0 0 0 0 0 0 0 0.9008702318 0.9081180099 0.5302174033 0.5302144083 0.839121806 0.8359693944 0 0.8308716142 0.8848429678 0.8853970956 0.8851524644 0.8956540036 0.8580719715 0.8561020081 0.8526866554 0.858640875 0 0.8359605271 0.8398055313 0.7251093165 0.5542518229 0.8088163584 0.5857164191 0.5829730114 0.5872605554 0.5873424387 0.5852071829 0.5874904177
