landscape/hab_quality/256/simulation_000080_p041_h079_HABMAT_patch_more_500pix_modified.asc_ac_0.5_quality.asc
NCOLS 513
NROWS 513
XLLCORNER 0
YLLCORNER 0
CELLSIZE 9.980507
NODATA_VALUE NaN
[rows 434 to 464 of 513, columns 350 to 419 of 513]
0.8931449142 0.6291168006 0.6776846083 0.7237750648 0.6845110928 0.5972797429 0.747329716 0.7423387454 0.6544750771 0.544776577 0.7037850667 0.7437799517 0.7013846238 0.701886707 0.535610153 0.8655388188 0.8452479709 0.6206407622 0.6233627907 0.6342696761 0.5267711676 0.5210951771 0.5271925382 0.5617765234 0 0 0 0.742087735 0.6108852211 0 0 0 0 0 0 0 0 0 0 0 0 0 0 0 0 0 0 0 0 0 0 0 0 0 0 0 0 0 0 0 0 0 0 0 0 0 0 0.5639752113 0 0.7092549374
0.5761433238 0.5847683816 0.8832675974 0.8650109461 0.7346715874 0.6766359577 0.7446959677 0.7270546634 0.7458682564 0.65583345 0.8984119994 0.8599450941 0.7059101159 0.5229779316 0.5380487572 0.659376207 0.663240785 0.6574870894 0.8581829184 0.670054139 0.5211127479 0.5191348001 0.5247840563 0.5639885925 0.5663512534 0.7396402611 0.7373284928 0.6525812981 0 0 0 0.7791981323 0 0 0 0 0 0 0 0 0 0 0 0 0 0 0 0 0 0 0 0 0 0 0 0 0 0 0 0 0 0 0 0 0 0 0 0 0.7189517473 0.7155392462
0.8281117564 0.5768696736 0.862951142 0.8712760655 0.6831777506 0.6780468928 0.6855490614 0.5734298221 0.8028175587 0.6371884077 0.850081301 0.5248179353 0.7390894341 0.8881999513 0.6335468916 0.6652009481 0.6580079498 0.7888540971 0.6654372494 0.6671322173 0.5280350893 0.5192119828 0.5284844166 0.5296895689 0.8249256643 0.8330121328 0.569093629 0 0.6449236516 0.7753536415 0 0 0.7232819253 0.7296351048 0 0 0 0 0 0 0 0 0 0 0 0 0 0 0 0 0 0 0 0 0 0 0 0 0 0 0 0 0 0 0 0 0 0 0 0
0.8795725932 0.8379740017 0.5123656829 0.9057003265 0.5471371528 0.539815509 0.6870128672 0.8542759152 0.8484980267 0.8435996026 0.846449024 0.7154875802 0.8551595545 0.8507614136 0.710098017 0.6660154331 0.6297268629 0.7805156792 0.7809147266 0.7796192024 0.5462737007 0.5493389439 0.5524716416 0.6239570146 0.50748467 0.8240047227 0.7823825176 0 0.6469682021 0.8027702133 0 0.7247824586 0.7186663095 0 0 0 0 0 0 0 0 0 0 0 0 0 0 0 0 0 0 0 0 0 0 0 0 0 0 0 0 0 0 0 0 0 0 0 0 0
0.5419932981 0.8883520846 0.8914664787 0.891674688 0.8966108624 0.8985785259 0.5465667209 0.8538038845 0.6507788562 0.7742440843 0.8462355906 0.8555673984 0.8460829561 0.8457225261 0.6540177315 0.6576379665 0.7829795514 0.7767373229 0.7743999802 0.7779377465 0.5379366524 0.5426434918 0.5455579595 0.8342598777 0.5424542494 0.8295579476 0.728011941 0.7790500582 0.78737278 0.7897584514 0 0.8461567307 0.8437431846 0 0 0 0 0 0 0 0 0 0 0 0 0 0 0 0 0 0 0 0 0 0 0 0 0 0 0 0 0 0 0 0 0 0 0 0 0
0.7376706443 0.9011971416 0.8963169881 0.8883791312 0.8276907529 0.8818498122 0.6883405733 0.5167944091 0.8138246485 0.5424080812 0.731418169 0.9005407294 0.8474398741 0.8385176721 0.533962706 0.6478312151 0.7006691978 0.7811961936 0.7755983206 0.7810964164 0.5362577426 0.5367219758 0.5422019551 0.5423635697 0.5506788219 0.5514544694 0.7725060241 0 0.7873652556 0.7678627659 0.838779351 0.8393928333 0 0 0 0 0 0 0 0 0 0 0 0 0 0 0 0 0 0 0 0 0 0 0 0 0 0 0 0 0 0 0 0 0 0 0 0 0 0
0.7306314779 0.8977961713 0.8959209811 0.8876072834 0.8793591977 0.881167266 0.7231271648 0.7874827312 0.7834232625 0.790778497 0.5342949866 0.9018780685 0.8931100409 0.5664170412 0.6444202855 0.6946317205 0.6973713145 0.6973896792 0.8571852637 0.8486973542 0.544763437 0.8931085299 0.550844144 0.5411249567 0.5461690438 0.7810064067 0.772831395 0.7652034144 0.7667327216 0.7630966251 0 0 0 0 0 0 0 0 0 0 0 0 0 0 0 0 0 0 0 0 0 0 0 0 0 0 0 0 0 0 0 0 0 0 0 0 0 0 0 0
0.7904631778 0.6631602179 0.5389276096 0.8858561451 0.8820628186 0.8817369027 0.7911159706 0.7819522019 0.7876907101 0.531589028 0.7719662253 0.8060609502 0.6878451328 0.8136841395 0.8070405588 0.6894016687 0.6886674191 0.7107197609 0.8435981268 0.8604453765 0.5918470326 0.8454966551 0.6888233668 0.5448545225 0.555086169 0.5550751204 0.7719111052 0.7688450462 0.7715996716 0.769725262 0.8426584629 0 0 0 0 0 0 0 0 0 0 0 0 0 0 0 0 0 0 0 0 0 0 0 0 0 0 0 0 0 0 0 0 0 0 0 0 0 0 0
0.8217730222 0.7979803532 0.5473490758 0.5383549072 0.538657935 0.8122177311 0.8112354847 0.7840092523 0.7881558572 0.7926273435 0.5681225345 0.69289822 0.6907699767 0.8123006703 0.8190866958 0.8155580404 0.6922132003 0.6980489901 0.8824914769 0.6105825141 0.5836325597 0.532358865 0.5932434853 0.6915501606 0.5452929571 0.6375761409 0.7496281221 0.7796031237 0.7824697131 0.5927784063 0.8415920976 0 0 0 0 0 0 0 0 0 0 0 0 0 0 0 0 0 0 0 0 0 0 0 0 0 0 0 0 0 0 0 0 0 0 0 0 0 0 0
0.6102463442 0.6100957977 0.6061509975 0.5427032752 0.5447350112 0.8031004383 0.7143325106 0.6331046167 0.8143046904 0.7481407098 0.5356889865 0.5316578502 0.8168033353 0.737503371 0.7366614644 0.7341805637 0.7290263679 0.7266270225 0.8750784436 0.5430463048 0.5407079239 0.6942787563 0.5728832321 0.7606773314 0.793348114 0.7927149297 0.7892039551 0.7844140365 0.7891507675 0.5868102065 0.5904851571 0 0 0 0 0 0 0 0 0 0 0 0 0 0 0 0 0 0 0 0 0 0 0 0 0 0 0 0 0 0 0 0 0 0 0 0 0 0 0.5043540593
0.603014762 0.6016201914 0.6085887918 0.899678784 0.9034056654 0.7604655908 0.8624691038 0.632602344 0.8025615487 0.5152162011 0.5276987351 0.5294018989 0.5228042326 0.7419205565 0.7909927375 0.7368286209 0.8690408608 0.585437497 0.8654939737 0.868327909 0.8669807227 0.7108416167 0.7583041392 0.7598229153 0.7695298544 0.7676255811 0.7957771792 0.8332150101 0.5883914049 0.5933000354 0.5818248696 0.5904312143 0.5950985545 0 0 0 0 0 0 0 0 0 0 0 0 0 0 0 0 0 0 0 0 0 0 0 0 0 0 0 0 0 0 0 0 0 0 0 0.6528113667 0.5395247517
0.6009420103 0.8627511587 0.7766749811 0.893681336 0.902529055 0.6270044754 0.6243590769 0.6298156756 0.6396495256 0.8054468374 0.5233096536 0.5294996113 0.5142387159 0.5191733018 0.5156857163 0.6962377653 0.8685862879 0.8628207613 0.8633021889 0.8650434507 0.7755918485 0.7610046096 0.758054481 0.7593302064 0.7604144426 0.8544561183 0.801948927 0.5142111174 0.5214977734 0.5878552793 0.5901699791 0.5865039671 0.5442105467 0 0 0 0 0 0 0 0 0 0 0 0 0 0 0 0 0 0 0 0 0 0 0 0 0 0 0 0 0 0 0 0 0 0 0 0.8815439537 0
0.6061788049 0.6072907645 0.8940560037 0.6760123409 0.8958775952 0.6340507615 0.6270400037 0.889380085 0.8738191001 0.5329929816 0.5462739536 0.5205666273 0.5225988944 0.5156671517 0.7460891427 0.8689745208 0.8647991898 0.8713659396 0.8573377695 0.8570882326 0.53063122 0.8682428908 0.8344809685 0.756191512 0.845384743 0.7638832434 0.5458333089 0.8342871232 0.8415144144 0.5334848263 0.5239121003 0.8012482064 0.5608707312 0 0 0 0 0 0 0 0 0 0 0 0 0 0 0 0 0 0 0 0 0 0 0 0 0 0 0 0 0 0 0 0 0 0 0 0.8210459019 0
0.8551056425 0.7279876314 0.6386655605 0.5817076657 0.8573003699 0.8605515292 0.7397424402 0.8829114092 0.8810233819 0.8712943487 0.7346360912 0.5213813301 0.5317414697 0.6203979194 0.7392980445 0.7411100501 0.5198863606 0.867747888 0.8623369802 0.8641553551 0.8654306131 0.8728583819 0.7592117927 0.758410645 0.8257292641 0.5466880308 0.538971026 0.5484960341 0.8246418422 0.5330318552 0.5301216107 0.5318648758 0.5641952322 0.5502212768 0 0 0 0 0 0 0 0 0 0 0 0 0 0 0 0 0 0 0 0 0 0 0 0 0 0 0 0 0 0 0 0 0 0 0 0
0.8264981903 0.8269975504 0.8201820207 0.8129193241 0.8128831173 0.8190871358 0.516031646 0.6403831325 0.8723746511 0.8758481356 0.8693188493 0.8750848423 0.7384291545 0.7456459395 0.6122751575 0.5192726223 0.5190860331 0.5877439867 0.8668385447 0.5639714622 0.8732270901 0.5733831215 0.5976710611 0.5963772683 0.6693625682 0.6990012172 0.7056931818 0.6899912424 0.5511775446 0.8265035178 0.5321098018 0 0.649806688 0 0 0 0 0 0 0 0 0 0 0 0 0 0 0 0 0 0 0 0 0 0 0 0 0 0 0 0 0 0 0 0 0 0 0 0 0
0.834403561 0.8248213058 0.8131182485 0.8103435468 0.8112507032 0.820539909 0.8253367404 0.7731133725 0.9042283191 0.8727274925 0.8790206417 0.6374393513 0.8519834363 0.675887132 0.7949420646 0.5220571604 0.5201537407 0.5255396724 0.5722297546 0.568249774 0.5705809874 0.5706586036 0.5898509884 0.7155686508 0.6414631954 0.6978168403 0.6980173046 0.6998200708 0.5783807152 0.5592868205 0.5435559888 0 0 0 0 0 0 0 0 0 0 0 0 0 0 0 0 0 0 0 0 0 0 0 0 0 0 0 0 0 0 0 0 0 0 0 0 0 0 0.7033014574
0.8258195826 0.6997487871 0.8179356188 0.8115808913 0.816813356 0.8132328751 0.8247059388 0.9071841646 0.8917031767 0.8944112675 0.7384388692 0.7293767523 0.8443395003 0.7337539844 0.5440003358 0.5494736437 0.5496246022 0.5299276302 0.7584640839 0.7507537808 0.7509655647 0.5752399259 0.5946746062 0.5921088645 0.7719821214 0.7427851977 0.7473237982 0.8988806371 0.5784351252 0.7287643479 0.7188632538 0 0 0 0 0 0 0 0 0 0 0 0 0 0 0 0 0 0 0 0 0 0 0 0 0 0 0 0 0 0 0 0 0 0 0 0 0 0 0.7005902582
0.8262482624 0.8205098187 0.82415439 0.8184784126 0.7767778191 0.5398716015 0.8893603654 0.8483658736 0.8962553534 0.8891313826 0.7431067635 0.7351114109 0.7328827002 0.7344881838 0.5498184669 0.5409397056 0.5462533048 0.8847072113 0.5111151322 0.7527846053 0.75851963 0.8995754877 0.7954275074 0.7636770053 0.7397217303 0.7397728696 0.748702903 0.7053202189 0.5364204114 0.7246900855 0.77966045 0.6521461985 0.6540233457 0.7882118582 0.7837539535 0 0 0 0 0 0 0 0 0 0 0 0 0 0 0 0 0 0 0 0 0 0 0 0 0 0 0 0 0 0 0 0 0 0 0.5725899396
0.6608652869 0.8905111202 0.823333976 0.7683451508 0.7681636029 0.7262762122 0.6810987223 0.6743129759 0.6763341229 0.6743108612 0.7418733075 0.6205791326 0.5544472527 0.7381269816 0.5487985846 0.6782326964 0.5381944864 0.5388228649 0.5435324881 0.5111913186 0.9039957582 0.9093623787 0.9072605912 0.8854861674 0.8868059803 0.7402068042 0.7030567251 0.7040235233 0.8763622068 0.6151762913 0.6454464038 0.647148385 0.6442167927 0.6449454224 0 0 0 0 0 0 0 0 0 0 0 0 0 0 0 0 0 0 0 0 0 0 0 0 0 0 0 0 0 0 0 0 0 0 0 0
0.6373555833 0.6458407288 0.6463051801 0.5187538509 0.7679343703 0.7774138505 0.7087761929 0.6759584078 0.6722615475 0.6712770746 0.703410086 0.5629050176 0.6249972944 0.5503944681 0.5438781122 0.5428885817 0.5334495757 0.5394031128 0.5487673971 0.7392112685 0.6576387631 0.9189533849 0.9140814205 0.8782165773 0.8831119199 0.6961198648 0.705592553 0.6746837824 0.8684153613 0.6255770194 0.581214319 0.6448386555 0.6433975541 0.6361841685 0.6364049021 0 0 0.8741946157 0 0 0 0 0 0 0 0 0 0 0 0 0 0 0 0 0 0 0 0 0 0 0 0 0 0 0 0 0 0.7466318963 0.7536289065 0.7681212799
0.636532774 0.5787416895 0.8542785832 0.8559958172 0.848166526 0.7049896128 0.8563257948 0.6743560328 0.6770084958 0.6745614304 0.7676448264 0.847810224 0.6755195576 0.6592022199 0.5499704727 0.5063289855 0.5353009567 0.7871813496 0.6087812007 0.565866586 0.7356925681 0.8998126616 0.6384883255 0.6398816765 0.8791283143 0.7003046333 0.5787078948 0.864948967 0.5865069264 0.8173413401 0.6539909509 0.6469449555 0.6441106256 0.6351512471 0.6291640399 0.6208228694 0.6280018324 0.7202658038 0.5785669941 0 0 0 0 0 0 0 0 0 0 0 0 0 0 0 0 0 0 0 0 0 0 0 0 0.8763444667 0 0 0 0.752820506 0 0.7606549934
0.6402516015 0.85254727 0.8481280766 0.854208695 0.6730125186 0.8545628638 0.8553044205 0.6855543959 0.686070905 0.6515647238 0.6785608395 0.6732933705 0.6724649617 0.6614725275 0.5504583777 0.5523997579 0.7813099082 0.7798773842 0.7772549822 0.7301936454 0.6113179462 0.8189911188 0.6439589879 0.6393834802 0.6457176779 0.7392949717 0.8677498778 0.8675859367 0.783764465 0.8555060948 0.5823000495 0.6518321859 0.6398639371 0.6352501578 0.7949617211 0.62194302 0.6247234628 0.7178929638 0 0.5626708081 0 0 0 0 0 0 0 0 0 0 0 0 0 0 0 0 0 0 0 0 0 0 0 0 0.5907171088 0 0.8928499867 0.7916697098 0 0.7668133281
0.5667577452 0.8491703722 0.8402999305 0.8484003053 0.619684452 0.6570275104 0.5548803652 0.6906734936 0.6918753395 0.6948652725 0.6738799146 0.6736778499 0.6738328802 0.5109049449 0.5202194248 0.7876658025 0.7784259128 0.7689983489 0.7730693058 0.7822366543 0.7833912938 0.6525798782 0.8739114895 0.6512107809 0.6483374707 0.6538567447 0.6506049362 0.5976413458 0.8618974978 0.8635968546 0.8651459341 0.7899544539 0.7110854169 0.7017553465 0.7024913606 0.7043324259 0.711720632 0 0 0.5591445116 0.7811866582 0.7760454089 0 0 0 0 0 0 0 0 0 0 0 0 0 0 0 0 0 0 0 0 0 0 0.736449058 0 0 0.6498953646 0 0.7719287075
0.7354788105 0.7589177621 0.7809421297 0.5996575651 0.7617329124 0.7621926944 0.6035504526 0.6118820963 0.6984613383 0.6963081482 0.6830648272 0.6821391346 0.6836031097 0.5256046806 0.5259759688 0.7863062005 0.7798976033 0.7782320412 0.7766420191 0.7840294623 0.6146486822 0.6149507165 0.6195564319 0.8760765003 0.5420370619 0.5085527442 0.8580399454 0.593244599 0.8378487553 0.7910436265 0.7883391823 0.7817201689 0.7807380462 0.6988068235 0.697567762 0 0 0.7200832593 0.557065192 0.5504330943 0.5791370945 0.7717805147 0.7769139984 0.7129374693 0.7501529024 0 0 0 0 0 0 0 0 0 0 0 0 0 0 0 0 0 0 0 0 0.7275331784 0.7369476229 0.6188749137 0 0.5732632442
0.6372282681 0.7556150934 0.7858797244 0.7766725027 0.7689094839 0.7611542626 0.7915495749 0.7719860099 0.6341238718 0.507097931 0.5158048782 0.8350961585 0.6306969921 0.5259298226 0.5324060104 0.7875554438 0.7810285875 0.7803620216 0.7827593184 0.7827298929 0.6124321416 0.6110490275 0.5688999823 0.882741623 0.8788786274 0.9033027542 0.5692140612 0.5850348855 0.7156500922 0.7919776065 0.7860117392 0.7801799623 0.7738645949 0.7038613668 0.704369655 0.7038776893 0.7056422953 0.7213445823 0.5027580684 0.557529634 0.5855955954 0.7792451328 0 0 0 0 0 0 0 0 0 0 0 0 0 0 0 0 0 0 0 0 0 0 0 0.6219144536 0 0.6235436439 0.6147659733 0.5712513264
0.6394314419 0.7613009201 0.8447696323 0.8969272839 0.7705782532 0.7703961607 0.7653067211 0.7657390834 0.6669119362 0.5119386731 0.7513507287 0.7447749787 0.7457498135 0.7491747853 0.5368786783 0.7869618179 0.7839378924 0.7903753701 0.787187619 0.6227638448 0.6144787864 0.6153241943 0.6164166767 0.5772742917 0.8181045331 0.8943182454 0.894820584 0.8831518594 0.8545582443 0.6604687992 0.7806971139 0.7832180536 0.7742558231 0.7109229275 0 0.7154266732 0.653489292 0.655067548 0.8334465416 0.6069468146 0.550014219 0.6589708916 0 0 0 0 0 0 0 0 0 0 0 0 0 0 0 0 0 0 0 0 0 0 0.6257518155 0 0.6238668267 0.6275457706 0.6329057459 0
0.5792675538 0.5997579748 0.8451469582 0.8392502016 0.847338755 0.7689408172 0.5741711946 0.8801521414 0.5547408559 0.5494324001 0.7460046935 0.7414166089 0.7454870364 0.5478544781 0.7730642211 0.781846791 0.6555703746 0.6317469317 0.6228653016 0.622239073 0.6153362003 0.6215536712 0.6181771209 0.7964670256 0.8859313169 0.8856493281 0.8898008463 0.5524795446 0.8482200854 0.6370229967 0.6442743663 0.7287599621 0.7250596004 0.7166623017 0.7201701443 0.7127111497 0.6542847408 0.6588120074 0.7918036597 0.8585561001 0 0.549643541 0.5463377769 0 0 0 0 0 0 0 0 0 0 0 0 0 0 0 0 0 0 0 0 0 0.5221590891 0 0.5153279741 0.8339200474 0.8288349483 0
0.854757994 0.6658325796 0.8399538438 0.8751822681 0.871751784 0.8722725493 0.874662295 0.5458443308 0.5448665975 0.5521202949 0.7462488358 0.7466872395 0.7498689738 0.5044426817 0.7925701106 0.8761388631 0.6405098851 0.6306033856 0.6272846993 0.6310439344 0.7172965022 0.7993931454 0.7894474026 0.6188052341 0.886796834 0.6120171768 0.887806018 0.6959874189 0.8521527046 0.6413926116 0.6361625815 0.7232946542 0.7210313537 0.6240623999 0.62459286 0.6792488798 0.6782013979 0.6809455821 0.6796967984 0.8651573208 0.625351645 0.6229100147 0 0 0 0 0 0 0 0 0 0 0 0 0 0 0 0 0 0 0 0 0 0 0 0 0.5231772903 0.8414985069 0.8384239702 0
0.8495638535 0.8549504307 0.8815752797 0.8771004185 0.8699622475 0.8725530605 0.8739154438 0.5468037937 0.5449014645 0.6566323116 0.7694159385 0.8809501431 0.8805852435 0.8822230444 0.8854744779 0.5321024841 0.7159066057 0.6390987176 0.8175911313 0.7910331777 0.8281776494 0.7902736457 0.6831908145 0.6220793333 0.6152616345 0.6242677242 0.5185202734 0.5112107056 0.7344318115 0.7348449515 0.7334665043 0.5408088528 0.7260074451 0.6152021225 0.6147090936 0.6746842769 0.671685192 0.6787132944 0.6765382531 0.6862151836 0.6255794293 0.615944084 0 0 0 0 0 0 0 0 0 0 0 0 0 0 0 0 0 0 0 0 0 0 0 0.6371241669 0.522669952 0 0 0.5769416117
0.7324801306 0.5377949136 0.8798163264 0.8785759152 0.8738708868 0.8726412043 0.8739654034 0.6462555814 0.5482263404 0.7848207366 0.8854451406 0.8815686841 0.8740484927 0.8830720665 0.8856162715 0.5275629408 0.5260423258 0.5276027292 0.5227368806 0.7628554451 0.5377719075 0.8975969072 0.7685694007 0.6170122733 0.6219009367 0.6222221275 0.5113289151 0.5086945624 0.7379960339 0.7281209385 0.673667735 0.5373358289 0.5467408873 0.61590766 0.6779586128 0.6738870176 0.669247923 0.6711423566 0.6808019682 0 0.6233825621 0.621364105 0.5207841142 0 0 0 0 0 0 0 0 0 0 0 0 0 0 0 0 0 0 0 0 0 0 0 0.7221519335 0 0.5630828301 0
0.5306877685 0.5285846535 0.534048997 0.7768775531 0.8849799257 0.8779731696 0.8783561627 0.507842534 0.7245991989 0.8864998681 0.8861995364 0.8794681711 0.8783100039 0.8783771041 0.8920889407 0.5271602048 0.5189163218 0.5244348351 0.5194385305 0.6622376813 0.8426085215 0.6225811315 0.6201667961 0.7325537298 0.6244476414 0.7084153748 0.5185631695 0.5973800526 0.7807436409 0.6440948833 0.6757099372 0.6698898935 0.6681496056 0.6476267805 0.6755565774 0.670074929 0.6772245612 0.6751220973 0.6798961239 0.6888840968 0.7402967391 0.7595154847 0 0 0 0 0 0 0 0 0 0 0 0 0 0 0 0 0 0 0 0 0 0 0 0 0.7842781025 0.5489686336 0.5586997699 0.6403701418
