landscape/hab_quality/256/simulation_000064_p058_h009_HABMAT_patch_more_500pix_modified.asc_ac_0.5_quality.asc
NCOLS 513
NROWS 513
XLLCORNER 0
YLLCORNER 0
CELLSIZE 9.980507
NODATA_VALUE NaN
[rows 168 to 195 of 513, columns 63 to 125 of 513]
0.7567673987 0 0.8237861497 0.8169854959 0.82203973 0.5578153242 0.8996996289 0.7424600307 0 0 0.6365426497 0.646099826 0 0.8033611369 0.7960654621 0.6180723977 0.7503112169 0.7508028067 0.7425963573 0.736278006 0.7294867789 0 0.7108249506 0.709618337 0.7006509361 0.6953848418 0.7053527539 0 0.7151199998 0 0.64967873 0.8508930699 0.8280004602 0.8303040144 0.8315070172 0.6892555169 0.6961672647 0.6292480135 0.6217773984 0.6279639614 0.6255842628 0.6068719042 0.7838110703 0.5392251058 0.7856746176 0.5689073329 0.8521428425 0.5674123076 0.5638370469 0 0 0.6201427107 0.5567266582 0.5581703983 0.5717173339 0.569527671 0.7971755365 0.7908342055 0 0 0 0.785937314 0.6186627692
0.7166804831 0 0 0 0.5474395786 0.550621246 0.542056133 0.5494496813 0.5435479371 0 0 0 0 0.8029473563 0.79505233 0.6598682009 0.7918411348 0.747203462 0.7473000397 0.7300818613 0.727395565 0.7256959248 0.7162281937 0.7077693349 0.703666601 0.6963406273 0.7043183049 0.712320947 0 0.6829232069 0.8569653254 0.8563128235 0 0.8376188763 0.698913383 0 0.6984183317 0.636157401 0.6343364948 0.6310471013 0.628457639 0.6211346446 0.785976666 0.7772325476 0.7812015924 0.7835246298 0.5971946991 0.587469015 0.5943104095 0.6304813263 0 0.5663151998 0.5619216234 0.562045532 0.5695216553 0.5696079982 0.8000006287 0.8003682584 0.7993452106 0 0.6924401329 0 0
0.8573920188 0 0 0 0 0.546384977 0.5443905479 0.5420227681 0.5451294202 0.5473005616 0.5494219253 0.5596078352 0.8704924198 0.8004447124 0 0.7855816081 0 0 0 0 0.7259728711 0.7229130681 0 0.70730603 0.7113700655 0.7041088036 0.7098675345 0.7117849501 0.8168457614 0.8244135484 0.8577206772 0.8585720898 0.8587703373 0.7365200552 0.7167777226 0.7127216181 0.8995660831 0.6172105021 0.6386255341 0.5385440526 0.5442642142 0.6912146014 0.5756192303 0.7764570777 0.7760954719 0.7852143008 0.7885281914 0.5884371294 0.5906605464 0 0.5886127171 0.8596933586 0.5630752175 0 0 0.5745636926 0 0.7077634666 0.8051094663 0 0.5021832929 0.5957449123 0
0.8604070195 0.8642538739 0.8753330832 0 0 0.5491793302 0.546262928 0.5480373756 0.5466229523 0.5488575309 0.5553669606 0.5628815696 0 0.792017165 0.7893179201 0.789465124 0 0 0 0 0.7980941003 0.8028506766 0.7339997852 0.7133271199 0.7070776187 0.7066739062 0 0.8538066855 0 0 0 0.7146825609 0.7406366185 0.7348898388 0.7218519613 0.7107886447 0.7134915987 0.7832586506 0.7894937635 0.5929197919 0.5436450396 0.6623976977 0.6666270457 0.7835205495 0.5160575942 0.7832472839 0.5543221288 0.5968009048 0.5926460362 0.685377397 0.6979368256 0 0.8545330998 0 0.8700580147 0.5469690558 0 0 0.7060308952 0.5635981916 0 0 0.5939067875
0.8549652158 0.8702448654 0.8789748803 0.5919903418 0.5971331501 0.7604550722 0.5513509263 0.5519195523 0.5511436212 0.5472925782 0.5402206525 0.5398428944 0.5378325824 0 0 0 0 0 0 0 0.8037334707 0 0 0.7151739913 0.7111596423 0.709967837 0.8604215551 0.8566438111 0 0 0 0 0.5277921547 0.6284787756 0.7307971932 0.6730878045 0.721459819 0.7870040642 0.7802918291 0.7838941443 0.7830873054 0.6647275836 0.6574722433 0.6571400886 0 0.5252603898 0.8775838289 0.7666188627 0.6479757541 0.8766670102 0.8563000083 0.8482194958 0.847346639 0.5990108369 0.8656815959 0.8644542407 0.8741340414 0.8258652973 0.5948819395 0.8275303985 0.8268560521 0.8776456557 0.7732231583
0.8775154659 0.8200673556 0.8702504259 0.5934417512 0.5874772948 0.5532007628 0.5600731522 0.5992345095 0.63609444 0.6282647966 0.535828923 0.530919908 0.5328699324 0.530713074 0.545843302 0 0 0 0 0 0 0.7195145025 0.6837319474 0.6957385355 0.7478721769 0.7185835993 0 0.6515184642 0 0 0 0.5973841318 0.7086363626 0.5241791393 0.5255846656 0.7230792343 0.6079968128 0.5610218865 0.7188857159 0.7801422751 0.6086573521 0.6596149029 0.6573247758 0.6570205966 0 0.6600647767 0.6192293076 0.554307953 0 0 0.867017179 0.8562133154 0.8523893411 0.8508165836 0.8633525047 0.8645826845 0.8250081636 0.7041097567 0.7854084008 0.8258722351 0.8331382141 0.8736555315 0.8726611445
0.8528847819 0 0 0 0 0.5900393756 0.5592622819 0.5931737974 0.6303152566 0.8284396698 0.5330004331 0.5261102745 0.52562984 0 0.542330583 0.5488238942 0 0 0 0 0 0.7118881808 0.6805220365 0.6802911435 0.6884647517 0.5797285473 0 0.8079741627 0.6725874657 0.5548878052 0.6261712451 0 0.7618392992 0 0.6541361589 0.5615109587 0.5438828802 0.5988818918 0.6091775638 0.6068236884 0.6068717549 0.6122625153 0.6604832584 0.7519707831 0.6568671098 0.6181488391 0.6279302838 0.7874652119 0 0 0.8690822009 0.8621300095 0.8546119924 0.855445432 0.8579961042 0.8636819417 0.815334186 0.8219607166 0.8183173427 0.8273403415 0 0.6259700642 0
0 0 0 0 0.6698787385 0.5400032811 0.5376577171 0.5368936541 0.6012963419 0.6349078771 0.6477559971 0.5348953584 0.5338993524 0.5326799057 0.5349206504 0 0 0 0.7594681953 0 0 0.7431445615 0 0.8293492205 0.8310400211 0.539394665 0.5676742041 0.5681437042 0 0.7569997365 0.712425955 0.6712391421 0.6570507867 0.6533796257 0.6504665425 0.583017566 0.5896038177 0.582798369 0.6097478076 0.6151670008 0.8416797743 0.6070437277 0.6333857909 0.6235489354 0.617291709 0.6144294882 0.6207282389 0.6207559096 0.8750477603 0.8725960834 0.8671791167 0.870069253 0 0.8605730955 0.8633004362 0.8591704649 0.8234265297 0.8135616519 0.8232668101 0.8207616597 0.5578956059 0.5485033349 0
0.895242394 0.5176938153 0.5534879289 0.5524294536 0.7052298585 0 0.5339152137 0.5306511886 0.5304800851 0.5388763039 0.8239369079 0.6241436566 0.5330451725 0 0.538327861 0 0.5811310533 0 0 0.7530971053 0 0.7408253877 0.8273711372 0.8270774116 0 0.8361174226 0.8765722048 0.8255044507 0.6179937452 0 0.6716561836 0.6676204783 0.6514795199 0.6481419199 0.6489129627 0.5796484849 0.5828019997 0.5791724558 0.5858522441 0.5863709478 0.8531211253 0.8543041165 0.8490256678 0.6258617675 0 0.6112726614 0.6152269477 0.618372866 0 0.8675274073 0 0.870515697 0.8786684463 0.6123820406 0.8703358915 0.6703765289 0.8164054457 0.818303547 0.8157407176 0.8171951678 0.565382729 0.5642256911 0
0 0.7219168626 0.5109818791 0.5389385045 0.54842093 0.5396960763 0.5326945729 0.5286133807 0.5360983112 0.5397839268 0.5356470523 0.7877567896 0.555579886 0.5466731032 0.5464143609 0.675531706 0 0.6193244903 0 0 0 0 0.8363436096 0.8352886018 0 0.8752107141 0.8803340983 0.7689298448 0.8511731071 0.8504026406 0.6706196878 0.6630867926 0.6579592822 0.651104422 0.5799935381 0.572456736 0.5758791666 0.5799364357 0.7922497257 0.7865121848 0.8495863542 0.8467867107 0.8522015493 0.5235359456 0 0 0.6210276668 0.6206591091 0.6278860651 0.7599096607 0.7536852928 0.7584692448 0.6665344979 0.6163087722 0.822663226 0.8170107088 0.8172606826 0.8239758556 0 0.8220150042 0 0.5933468779 0.8363213945
0.7145221789 0.5127427412 0.8770223144 0.6597018542 0.5303269344 0.5408414135 0.6818839094 0.5324170525 0.529092028 0.5351264719 0.5293845707 0 0.5529859022 0.5467950493 0.5564441495 0.661906226 0 0 0.72802407 0 0 0 0 0.8398646633 0 0 0 0 0.8870698 0.8569914849 0.6730863349 0.6667610082 0.6668501701 0.5874704213 0.5767309897 0.5702014468 0.574867267 0.5785456553 0.7850015987 0.7819827988 0.7824466833 0.7123264297 0.7148053109 0.521173169 0.5193376971 0.8440591593 0 0 0.6333662696 0.7537578424 0.7581707539 0.7012899555 0.7284987979 0 0 0.765054265 0.8147653054 0.6069572904 0.5984551347 0.6179480548 0 0 0.8337851626
0.760419123 0.5296783608 0.6748133958 0.5327630774 0.6682747816 0.8209488788 0.7470872226 0.5350203358 0.5330717416 0.5254085007 0.5328818746 0.7801640329 0.6475749337 0.6657495266 0.6556571576 0.6554929266 0.675659436 0 0.8326174967 0.7274946469 0.5444837606 0 0.7580210703 0.6820846292 0.8426762163 0.8292910955 0 0.6063307724 0.8913688005 0.8814943797 0.8883122254 0.8812115079 0.6752828781 0.5841917223 0.5766561891 0.5741793105 0.5753676717 0.7928222024 0.777646067 0.7793012496 0.7848984359 0.706252801 0.7116500601 0.715033994 0.6660838977 0.6690584934 0.8473123611 0.6012257954 0.6102966459 0 0.7576797543 0.7428902085 0.7299243879 0.7282618468 0.7352880505 0.738535017 0.6013999504 0.5998977016 0.5982977634 0.5945778906 0.5972827932 0.5888658508 0.6254622319
0.8958836903 0.5843559831 0.682260713 0.67434513 0.7136421058 0.6602324451 0.6941418516 0.5342612184 0.526407576 0 0 0.6448678076 0.6426589521 0.6457584517 0.673738995 0.6678418612 0.6712964033 0.6723535246 0.6765884534 0 0.7373711056 0 0.78525228 0.6785558104 0 0 0.8265017841 0.8264171555 0.8855896315 0 0.8789052831 0.8877270173 0.8839976413 0.5840379353 0.576389596 0.5770938406 0.5818050833 0.8889635829 0.7843809738 0.7750303897 0.7778916649 0.7118772681 0.7056550703 0.7147488177 0.662191851 0.6551452465 0.6596773693 0.6664653823 0.6729645555 0.8351506681 0 0.8285372085 0.7378039141 0.7284289679 0.7353491513 0.8872506586 0.6051443076 0.5995568007 0.5899489521 0.5858093994 0.5885065208 0.5957208436 0.5908510337
0.8937624906 0.7889663718 0.7860025582 0.6704509262 0.66654645 0.6527898731 0.6525506602 0.6525024324 0.6531658666 0.6434810136 0.6418982445 0 0.6358788535 0.6373128754 0.6420505041 0.6351833973 0.6770024655 0.745034911 0.6535541994 0 0.6072735136 0.6073001027 0.7787280842 0.7381098627 0.741964056 0.8431966786 0.824981731 0.8976912403 0.8920192621 0.8802144283 0.8782422018 0.8833228772 0.6640931164 0.8583914783 0.5775982002 0.5887579413 0.5838634538 0.7858768193 0.7838973504 0.7776006452 0.780831416 0.709509672 0.7123452869 0.7116200905 0.6594729342 0.6551404059 0.6568945237 0.6645394371 0.6954248223 0.8297672539 0.8264176494 0.8290431254 0 0.7429241035 0.7363823101 0.7360884453 0.8582886022 0.7330014697 0.586867698 0.5836841727 0.5869083402 0.5862315165 0.5750898664
0.8758168844 0.7823958848 0.7909573852 0.5591252724 0.6516416131 0.587361648 0.6392112673 0.6445602449 0.6297972262 0.6314321402 0.6353687571 0 0 0.6326084096 0.63263103 0.6370035953 0.6935845859 0.8407993214 0.7525353563 0.6084987523 0.6149740574 0.6143654212 0.5343236771 0.5417987366 0.5349442328 0.8418108045 0 0 0 0 0.8851873548 0.6597128177 0.8522321373 0.6305252823 0.6327540585 0.6379780122 0.63710458 0.7912222803 0.7907360097 0.7870336324 0.5816958087 0.7161680645 0.7140641076 0.8378970698 0.8360123753 0.8349990455 0.6309823995 0.6344165498 0.629980215 0.79169608 0.7969656217 0.8204129447 0.7999836865 0.7924819548 0.6223816682 0.5864503692 0.5767292384 0.6749810889 0.5757242864 0.5758123152 0.5771838343 0.5716201567 0.5792194473
0.7895645863 0.7836477823 0.7841640305 0.6554557539 0.6509161494 0.6459273226 0.6386289645 0.6373121809 0.6433703417 0.6283406921 0.6280436219 0.6353206044 0.6325587403 0.6420173796 0.6404955353 0.6326638904 0.6931762928 0.6980055366 0.6147784485 0.8593665012 0.7910988493 0.6823241448 0.5403552267 0.5340857011 0.53138697 0.7153540067 0.6309762426 0.6821826475 0.8990432073 0.8899768458 0.6655622125 0.7364983195 0.6670067846 0.6604812229 0.6289525057 0.6354269833 0.6367755114 0.5657197025 0.5701047727 0.5725971985 0.5518068449 0.7967853761 0.792418777 0.8366227254 0.8308128842 0.837743573 0.6353553608 0.6268589955 0.799355316 0.7985208183 0.7899833969 0.7968735222 0.7907629913 0.7929560362 0.523304844 0.5809816665 0.5716778203 0.5679620851 0.5670076353 0.5707348257 0.5696414444 0.5768343287 0.5764739049
0.7273113784 0 0.7910691271 0.8010437818 0.6494146783 0.6444930725 0.644270371 0.6439255413 0.6340906007 0.6307043842 0.6247232783 0.6263084121 0.6288568 0.6206981266 0.6488441222 0.6468328566 0.6964996913 0 0 0.8130080691 0.8907244934 0.7711136178 0 0.5801293015 0.620834318 0.6205364958 0.6273292992 0 0.5847300411 0.673404703 0.8528096463 0.6263225075 0.7021680623 0.5738859437 0.7745586175 0.6382236345 0.6373143128 0.5749589613 0.5653595367 0.5700903898 0.8105259917 0.8006418772 0.7933263174 0.7881731716 0.8403055069 0.8400854879 0.6287645932 0.6357969524 0.7993000953 0.7924919865 0 0.7874348954 0.7965824306 0.7971575345 0.7988918998 0.5744114693 0.5645355209 0.5598910814 0.5649525308 0.560815089 0.5636770552 0.5749947069 0.5721969723
0.6817984478 0.8100723539 0.8039948459 0.7959235114 0.653845102 0.6537677928 0.6441389793 0.6427873141 0.6342656424 0.6276982822 0.6230069711 0.6275906907 0.6205011897 0.6282400049 0.6240814454 0.6187918388 0 0 0 0 0.7958009061 0 0.8361322437 0.6277866435 0.6277719845 0.6199153791 0.6210874115 0.5115298057 0.515193813 0.5400291749 0.5303673767 0.6265169221 0.6298750242 0.8631735523 0.6520249215 0.6511047146 0.6551789559 0.5668285838 0.5680202789 0.5347891152 0.7837983167 0.8468980153 0.789761791 0.7953709944 0.7937145083 0.6476959809 0.5751379359 0.6291923078 0.801132041 0.8003787178 0 0.7925896122 0.7933820634 0.7977841971 0.8011505773 0.5675872217 0.5674694673 0.5576352247 0.5515134922 0.5576335198 0.5657775797 0.5624640546 0.5716891823
0.6839559783 0.6431820603 0.8042558082 0.8040951374 0.7982254555 0.6569844272 0.6517521039 0.6347816483 0.6289388017 0.6285799298 0.6313621118 0.6203674693 0.6176182394 0.6210256982 0.6152390333 0.6211992898 0.6118584536 0 0 0 0.7829604546 0 0 0.8978260044 0.6221035906 0.6236519208 0.6204580572 0.5119892404 0.5510616001 0.7797404984 0.7814277697 0.7247136781 0.6114127544 0.7052372715 0.6528020424 0.8318060605 0.6582240375 0.5740834632 0.7346694081 0 0.7350618334 0.7913747365 0.795253206 0.7932898714 0.7989247845 0.6962399849 0.6240707121 0.6230513477 0.6235885364 0.6446944742 0.6631065459 0.573632927 0.5782735772 0.5745557153 0.5736394295 0.5680312205 0.5669195032 0.5596108881 0.5510424762 0.5567596295 0.5576383153 0.5583914848 0.5630862705
0.8841870225 0.8101042292 0.8090729358 0.8062298195 0.8503595005 0.5788847167 0.6406119162 0.6296143784 0.6301664338 0.6373530541 0.6290028406 0.6218557901 0.6142875828 0.6119480291 0 0.6115322505 0.6134291142 0 0.6416978385 0.6423039037 0 0 0 0.7564641708 0 0 0.629218618 0.5026963316 0.721878495 0.8632914004 0 0.5277452003 0.8431568984 0.7038009824 0.8648722898 0.8654843799 0.8658658434 0.7269686568 0.5815187348 0.7276527719 0.730816674 0.6411299644 0.7589552398 0.5177502176 0.5127064429 0.7018716047 0.6305391833 0.7713597574 0.6413648437 0.6407580084 0.5831997756 0.5769411989 0.5700040896 0.5742076351 0.5645586564 0.5610195958 0.5543257666 0.5537986526 0.5568704874 0.5543200978 0.564753564 0.56289968 0.8955651926
0.7814326369 0.7894697175 0.8860227816 0.5611280021 0.554876615 0.5534635365 0.646227399 0.6381477206 0.6375959958 0 0.631276324 0.6220789483 0.6162878519 0.6071742132 0.6082410224 0.6152278011 0.619847961 0 0.6275137172 0.6382732868 0 0 0 0 0 0 0 0.5517586466 0.7672204368 0.716842148 0.8173127354 0.7055220556 0.8342520476 0 0.8655715198 0.864854307 0.8658548476 0.7147509531 0.7198452284 0 0.7166839721 0.7605105098 0.7596516869 0.7548213514 0.5107862731 0.6714629196 0.641549201 0.7872357015 0.6338833654 0.6417665678 0.5770002333 0.5751451593 0.5743899427 0.5659800572 0.5605003094 0.5566228186 0.5582599061 0.5550195014 0.5634675255 0.8841482867 0.8881443206 0.8912833365 0.9012394671
0 0 0.6831355191 0.5524793721 0.5523258714 0.5570126243 0.6500900584 0.6435580255 0.6381591745 0.6378394841 0.6282805728 0.6200831425 0.6082362487 0.6128838507 0.6112532506 0.6132196961 0.6257075698 0.6267778468 0.6324254099 0.636391557 0.6400950276 0 0 0.7866218046 0.8822418311 0.6581793618 0 0 0 0 0.7486736968 0 0 0.7411379629 0.7436408625 0.8651198871 0.8665358897 0.7148292036 0.7124926134 0.7201190063 0.7148788673 0.7674948046 0.7634170663 0.5167612287 0.5149819724 0.5178905596 0.6465862308 0.641353533 0.7352138379 0.6396561121 0.5777691044 0.5827259334 0.5699335653 0.5692198317 0.564498597 0.5603485785 0.5573423322 0.8853846104 0.8923433369 0.8831285846 0 0.5643860363 0
0.587699696 0.7454963025 0.6814894929 0.5555645563 0.5506008909 0.5506667021 0.5473836225 0.6484559087 0.6447669275 0 0.6223437867 0 0 0.615790602 0.6165903382 0.6288403787 0.6341901344 0.6271813101 0.6363687355 0.6346281968 0.6367383463 0.7728341811 0.7457617066 0.7752454733 0.5091593189 0.8197609584 0.8191988328 0 0 0 0.7455234106 0.740564846 0.7360086081 0.7409608886 0.7483751182 0.7491020638 0.7117543234 0.7088131023 0.7071974246 0.7103713668 0.6270455109 0.8042565628 0.7711678216 0.7270441888 0.6705824076 0.674761465 0.6469620775 0.6446232699 0.6502727075 0.728337952 0.586480476 0.5862640319 0.9129634384 0.9073754079 0.9083321778 0.9019237286 0.8934524549 0.8853413019 0.8843032226 0.8813239034 0.8833623616 0 0.571691064
0.6089854727 0.7801272939 0 0.5527022276 0.5448684893 0.5407970714 0.5449010489 0.5458186185 0 0.6461372186 0 0.6228801486 0.6182908685 0.6175696866 0.6238158723 0.6265425619 0.6295984582 0 0.6402075452 0.6431193018 0.6357874556 0.7414325076 0.7501354412 0.870798761 0.63331703 0.8169201239 0.8252059818 0 0.6526581084 0.7778233096 0 0.7389647485 0 0.7447546469 0.7447643397 0.7502765197 0.7083617063 0.7010187978 0.704670426 0.705234703 0 0.8580984137 0.7378684374 0.7106192941 0.8737862104 0.6676243546 0.6747621846 0.6433817453 0.579990945 0.6566884944 0.7339023722 0.922078236 0.646772048 0.9077298577 0.9002551971 0.8991073348 0.8876117 0 0.880974638 0 0.8875275802 0.8880402807 0.5639479814
0 0 0.7741999422 0.5520040517 0.5478620299 0.5462187641 0.5444893743 0.5478978503 0.6491790394 0.6470229126 0 0 0.6487132925 0 0 0.6284171587 0.6363380592 0.6109790143 0.6481095841 0 0.6463334433 0.8757612809 0.5112877012 0.8022559433 0 0.6031098383 0.8206563116 0.5104299988 0 0.8424625841 0 0.7422131297 0.850217341 0.7511939285 0.7471265561 0.7516012632 0.633499055 0.7007623186 0.7012075158 0.709599371 0.7110585656 0.7385320863 0.8015094865 0.7968187328 0.8194024117 0.8216622688 0.8116739026 0.8056320121 0.8073666745 0.8125234305 0.5097174869 0.513574405 0.5163006849 0.9051750731 0.9055598071 0.9058292093 0 0 0 0.8813245669 0.6450577861 0.6456561206 0
0 0.7769458496 0.673947237 0.5579195473 0.5588263851 0.5509218202 0.5455293864 0.6979039895 0 0 0 0.7334246461 0.749490167 0.7658458261 0.8352761853 0.6695885702 0 0.6065812133 0.6124478944 0.6541145383 0 0 0 0.8014185539 0.8027012405 0.8060888629 0.7371107718 0 0 0.8300467527 0.7446192627 0.7504618569 0.7503339808 0.7522701126 0.7516185777 0.7224302175 0.7009461288 0.6982573008 0.7064617946 0.7139268547 0.7084118799 0.71434843 0.6935377949 0.8035818295 0.8539477065 0.8133375666 0.8128338388 0.8032182597 0.8090638156 0.8150225475 0.5165260669 0.5077213519 0.5916777111 0.5246567415 0 0 0.5479650522 0 0 0.6453012058 0.6503441242 0.6517211379 0.6536435636
0 0.5256587234 0 0.5610447647 0.551272881 0.5525552598 0.5555105686 0 0 0 0 0 0.6467728423 0 0 0 0.6085528667 0.8079939427 0 0 0 0.5053275084 0 0.5379175909 0.8024943739 0.8016525585 0 0.7363270889 0.7443445344 0.5698993798 0.562374228 0.5597485586 0.8352489166 0.7518499472 0.760744948 0 0.7012974445 0.704885655 0.7049977479 0.7059446666 0.7094590171 0.7155441644 0.7244911451 0.6593039964 0 0.8217570144 0.8062753422 0.8062451779 0.7879060196 0 0.5166344613 0.5076277508 0.5026458934 0.5668105208 0 0 0.7255533671 0.7255918887 0.7268976196 0 0 0.7344209003 0
0.5184645974 0.5173929179 0.5265127155 0.5537216012 0.5539460561 0.558387951 0 0 0.6312051319 0.5567830765 0 0 0 0 0 0 0 0 0 0 0 0.6739127915 0.8978163611 0 0.8086576202 0.8011117688 0 0 0.7373729369 0.7924695726 0.5623765808 0.5744919736 0.5661401686 0.5785131889 0.7551645101 0 0 0.7054716829 0.7105981638 0.7116178792 0.7103599002 0.7542828151 0.7160982227 0.7149739431 0.7229456082 0.6435640813 0.6502644017 0.6560913086 0.6158886786 0.744741477 0.5146373332 0 0.5148537827 0 0.7312716863 0.7254622128 0.7269323119 0.7243241683 0 0 0.7472467693 0 0
