landscape/hab_quality/256/simulation_000065_p049_h021_HABMAT_patch_more_500pix_modified.asc_ac_0.5_quality.asc
NCOLS 513
NROWS 513
XLLCORNER 0
YLLCORNER 0
CELLSIZE 9.980507
NODATA_VALUE NaN
[rows 319 to 347 of 513, columns 402 to 468 of 513]
0 0.6905655454 0.5717368977 0 0 0.5193106823 0.5287039918 0.5349545314 0.8097324862 0.6673476879 0.7452478414 0 0 0 0 0 0 0.7927024634 0 0 0 0.8946078859 0 0 0 0 0.6775254052 0 0 0 0.8433454041 0.5947535004 0 0.5303987953 0.8030190062 0.5856219125 0.55856588 0.6106296761 0.7252678443 0.8507758605 0.8452299363 0.5788703576 0.8594043451 0.6658658015 0.8737842507 0.8637862108 0.8632447486 0.8652807413 0.8719157535 0.7027974762 0.6046246056 0 0.5683421463 0.5716934537 0.7628329551 0.663769936 0.5571014927 0.6021481656 0.5665532203 0.5664514553 0.841463061 0.8550236785 0.85401702 0.8944054013 0.5468590753 0.5492180917 0.5644769073
0.6914043438 0.6900131457 0 0.5205222617 0 0.5234580875 0.5264125416 0.7798318851 0.5436293551 0.5390551813 0 0 0 0 0 0 0 0 0 0 0.716885013 0 0 0 0 0 0.678344788 0.6722931804 0.6817539991 0 0 0.8500686483 0.6239804882 0.6823889646 0.6242903049 0.5798624544 0.5778585558 0 0 0.8508589247 0 0.8486738184 0.8580787548 0.6886041384 0.6056902827 0.8690262874 0.8723028211 0.8648197098 0 0.8297175104 0.7027030989 0.6018224975 0.5310600178 0.5285336182 0.7168773709 0.6644886072 0.6664243196 0.5737032374 0.5690207503 0.5717452604 0.7468769126 0.8461152405 0 0 0.5523428188 0.5463934864 0.5548350798
0 0 0 0 0.5170988041 0.5327500577 0 0.7494341433 0.760200715 0.537094434 0.701758541 0 0 0 0 0 0 0 0 0 0 0 0 0 0 0 0.6799447904 0 0.677504891 0.6886394255 0.5876894861 0.5828596015 0.5146455335 0.6216937749 0.5893782012 0.6188935184 0.5785351628 0.5827020489 0.8889699332 0.740952712 0 0 0.8512678479 0.6892737005 0.682776245 0.559773031 0.714058513 0.7114060962 0.7061039087 0.7008755103 0.8244337209 0.7121983975 0.5234436671 0.5257434772 0.532406653 0.620799705 0.687380405 0.5776988863 0.5190470053 0.6059943969 0.8545432179 0.8721243664 0 0.560280534 0.5446116326 0.5404290074 0.5359461498
0.7008949447 0 0 0 0.6957498226 0.5371610149 0.5386800527 0 0 0 0.7594248074 0 0 0 0 0 0 0 0.8610823183 0 0 0 0 0 0 0 0 0 0 0.5924379751 0 0.8253947232 0.6296515314 0.6205645663 0.6175186896 0.8460363443 0.6836369758 0.5874549508 0 0.6005488552 0 0 0.6974293669 0.6858589367 0.6855648593 0.6032015828 0.7065252784 0.7046861436 0.7133355687 0.7067673426 0.7346417189 0.5270176816 0.6121860739 0.5267402879 0.7041337616 0.5810710408 0.6742099182 0.8261126551 0.7902871924 0.6002844216 0.596796775 0 0.8128907991 0.5965133256 0 0.5357686249 0.5415643331
0 0 0.6738772259 0.5004277797 0 0.8819984321 0.7216227449 0.7584961618 0.755133551 0 0 0 0 0 0 0 0 0 0.6064477553 0 0 0 0 0 0 0 0 0 0 0 0 0 0.5201186455 0.6260014513 0.6220382682 0.7199789832 0.6389213976 0.7824567355 0.5985727049 0.6920934445 0.6044531329 0.7269622872 0.726459239 0.6697312297 0.7639481282 0.7721810832 0.7093504985 0.5108207644 0.7063201707 0.5591896131 0.5323216369 0.7401602785 0.5531176859 0.5572314391 0.8474840999 0.8513021758 0.6481467719 0 0.7908183894 0.6008670745 0.5935910876 0 0 0.5407419217 0.5380053707 0.5425635862 0.5361023218
0.6288366711 0 0 0.6670359058 0 0.8868893263 0.9166123858 0.7569736406 0 0 0.6946297112 0 0 0 0 0 0 0 0.7455152724 0.8352366325 0 0 0.7580387353 0.7268082028 0.6647118255 0 0 0 0.8657584264 0.5377786638 0 0.6232844511 0.5174697731 0.5144598232 0.5238866799 0.6310251211 0.6318963991 0.5923740591 0.6847482828 0.6745341564 0.7262478243 0.7227000876 0.7192401493 0.719586371 0.7250458115 0.5800217976 0.5625710069 0.5568046727 0.5606197096 0.5548688034 0.5667363424 0.5875378695 0.5563670555 0.5609474094 0.5990224531 0.6924397571 0.7145263111 0.7882261102 0.7830973498 0.7829523971 0.5985999832 0 0.5397568354 0.5391231816 0.5462156985 0.5445891753 0.7369832299
0.6797210721 0 0 0 0.879738588 0.8832012807 0.9073484698 0.9044272179 0.7542022759 0.7531694774 0.7516348786 0 0 0 0 0 0 0 0.695708625 0.8028824138 0 0 0.6594680304 0.6126295435 0.6090577658 0 0 0 0.5530919344 0.8085353349 0.8728106038 0.5997521595 0.5983230454 0.5988720297 0.7120974954 0.6302675969 0.7688164471 0.8658327096 0.5056846453 0.8165935269 0.7187073293 0.7169653797 0.7247571093 0.7283877606 0.8021455316 0.56678881 0.5574163478 0.5583701078 0.5519807783 0.5590055731 0.566166812 0.8691702403 0.7157415154 0.7223551493 0.7120646271 0.7065114519 0.7073965455 0.7856220088 0.7806092968 0.7888063476 0.7830284301 0.5907882594 0.5465078316 0.5619343746 0.5539797602 0.7435944549 0.8609966047
0.5425089569 0.6814864969 0 0 0.8874734618 0 0.541924972 0 0.5473068469 0.803305724 0.7566603105 0 0 0 0 0 0 0 0.692677865 0.8518062147 0 0.8057381516 0 0 0.6084634543 0 0 0.6695165864 0.598670099 0.6892001907 0 0 0.5940271348 0.7935635617 0.7036163514 0.7041284691 0.7118340996 0.6290794571 0.817029411 0.7190960317 0.5046544913 0 0.5106610084 0.5501704265 0.8558143468 0.7990377039 0.7923252836 0.5601678465 0.5522412879 0.5618697943 0.5659012907 0.5508271461 0.7657600485 0.7273827216 0.7143500316 0.7139475724 0.7092520301 0.7148751293 0.7885080535 0.8598899262 0.8624498904 0.5527190075 0.7634915497 0.7595461836 0.5513688187 0.7467088175 0.851560497
0.5363448012 0 0.7956451458 0.8852678141 0.8877216252 0 0 0 0 0.5417275428 0 0.7529121087 0.7458196723 0 0.5302484268 0.5283495908 0.5222126323 0.7585721416 0 0.5396163555 0 0 0.6954236481 0 0 0.8062335435 0 0.8658671093 0.6717912882 0.5902615978 0.5954429706 0 0.5957049519 0.6986689884 0.6979195601 0.5406332887 0.7269225079 0.7842558301 0.6204391174 0.5126895714 0.5045474959 0.503024177 0.5053304958 0 0.7143481405 0.7972855907 0.8023088255 0.8022948179 0.6307734644 0.5900811735 0.5555219851 0.5445938148 0.7127314337 0.7159945961 0.7176020603 0.7214309454 0.7297199201 0.7923135871 0.796934606 0.5511361643 0.5479197272 0.8681993255 0.5360189679 0.7577082066 0 0.7593787637 0
0.5350218998 0.5296469469 0.5301278402 0.6383353128 0.8834596619 0.8886937665 0 0 0 0 0 0.7477384999 0.7462744778 0 0.5257221853 0.5205453767 0.5174435342 0.5221060805 0.7960674227 0 0 0.6176577592 0 0 0 0.7268884128 0 0 0.5874389975 0.5917763172 0.5873959789 0.5194768401 0.7007491053 0.7058833138 0 0.6998904957 0.7841476447 0.7828559718 0.7830250429 0.515316362 0.511621959 0 0 0.6963497574 0.7719653011 0.7621411327 0.7723339612 0.7759452588 0.8028402855 0.7125234508 0.6786094111 0.7415640236 0.7270877435 0.7091999057 0.7172082876 0.7231994589 0.7642737494 0.7609096654 0.7678137541 0.5539485593 0.7376482997 0.5548349845 0.7670662719 0.5575747516 0.5527916686 0.6141371208 0.5846986272
0.8586798775 0.5667966427 0.5223840078 0.8914965544 0.8192608702 0 0 0 0 0 0 0.5782008576 0 0.7438318581 0.5044553597 0.8990826142 0 0 0 0 0 0.8860530347 0 0 0 0.8070993977 0.561858276 0.5955029728 0.5899537893 0.5846262057 0.6011538867 0.5922790283 0.7969228745 0.5278884871 0.8347446878 0 0.7836524859 0.8031680817 0.8232320163 0.5187913127 0.5168949088 0.5947082795 0.5965047966 0.5415925464 0.5204555838 0.762420232 0.5355177752 0.5754740844 0.698189264 0.5199265266 0.6487465884 0.7329376641 0.7176135827 0.8966270423 0.894030138 0.7255395092 0.7654123506 0.7591854071 0.7601635455 0.6869642005 0.7212894638 0.7165146175 0.7432535906 0.6934760025 0.6920355825 0.6908930546 0.6913611542
0 0.5258499202 0.5303139726 0.5279313256 0.8950859556 0 0.6785375783 0 0 0 0 0 0 0 0.7511549487 0.7280472143 0.8106317986 0.7235233443 0.8931247064 0 0 0.8781678077 0 0 0 0 0.6008654052 0 0 0.5884740755 0.5907115995 0.6039061311 0.7179339431 0.5959753854 0.7337873821 0 0 0.8256286182 0.8232745706 0 0 0.5931265282 0.6004671465 0.5296789641 0.5319403784 0.5278454503 0.6363585059 0.6232600914 0.544798871 0.5138421154 0.5119934569 0.5116129362 0 0.8918040801 0.8993025633 0.5042825563 0.7606048203 0.7491421104 0.7514714089 0.7475577529 0.6143622352 0.7144110512 0.7167869675 0.61033681 0.6868995865 0 0.688487313
0.5311237822 0 0 0.8895248602 0.5234626256 0.5522856666 0.5471943531 0 0 0 0 0 0 0.6076521714 0 0.8380783256 0.69997677 0.5745639729 0.5718905134 0.883203602 0.8793427568 0 0 0 0 0 0.7488057905 0.7576946359 0 0.5068260057 0.6758635859 0.7111493693 0.7210237997 0.7248721501 0.6048393392 0 0.5206870394 0.5007270792 0.5556317558 0.5414851754 0.6914598379 0.6002806377 0.5364060654 0 0.5329460313 0.5373106623 0.5364494657 0.6313436111 0.6076026907 0.6166769736 0.5059210862 0.5051629707 0.5119902598 0.503900545 0.5058835186 0.7701663599 0.5132303185 0.7453539414 0.7418474214 0.7422663148 0.556321008 0.721506424 0 0.7234543421 0 0 0
0.8694537457 0.8694649155 0 0 0.5150878178 0 0.5497858285 0 0 0 0.5786273036 0.7590266713 0 0.8303053982 0 0.8293337304 0.8305492301 0.5075262894 0.6072398202 0.8817406105 0.8862318064 0.8869781225 0 0 0 0 0 0 0 0 0.7443712481 0.7184413693 0.8712260202 0 0.7281009383 0 0.7081400108 0.5565872438 0.6174705374 0.6692097958 0 0.5700983733 0 0.5479839366 0.539172031 0 0.636448389 0.5652215127 0.5906251615 0 0 0.5093509029 0 0.5102965088 0.5029094104 0.5907818519 0.6640526646 0.732785828 0.7379522488 0.728804273 0.7189532228 0.716871047 0.7145414607 0 0 0 0.684358072
0.8677149702 0.8739077149 0.871117072 0.5082860609 0 0.5597141305 0 0 0 0 0.583348102 0 0 0 0 0 0.7984901585 0.6027497639 0.7162489589 0.7135875414 0.7166843868 0.8888537272 0 0 0 0 0 0 0 0 0 0 0.7870152135 0.6601506258 0.5215873415 0.5992466749 0.7676573565 0.7591015068 0.7681651847 0.8931308553 0.7671182821 0.7764396982 0.8742502889 0.8704578824 0.8726527426 0.5842450334 0.5895135753 0.5691029027 0 0 0 0 0.8501697234 0 0.5129065329 0.5094008702 0.5842166436 0.742561253 0.7339915605 0 0 0.7247599483 0.7319974899 0 0 0.7292971199 0
0.866906692 0.8646703488 0.8729684689 0.5157198385 0 0 0 0 0.5809223893 0 0.8750726933 0.548579258 0 0 0 0 0 0 0 0.7107945553 0.7202519769 0.5536063372 0 0 0 0 0 0 0.714549687 0.7046885634 0.5421904379 0.5516799915 0 0 0.5568097085 0.5041262203 0.513577975 0.5051634153 0 0.7108269824 0.7109239481 0.708293429 0.8728276953 0.8670398961 0.8667910112 0.5911986567 0.5817334699 0.6041434183 0 0.5515404035 0.8887029255 0.8560065964 0.8551099122 0.8557262785 0.8308479226 0.7087513993 0.5898791689 0.5820131225 0.7321318905 0.7225555179 0 0.8378039781 0.7346721184 0 0.7325708194 0 0
0.8602119424 0 0.8608462856 0.6626807268 0.6143044332 0.6790679306 0 0 0.8037879896 0.6450302152 0.6355965506 0.6475851874 0.5421816661 0 0 0 0.5820740929 0.7227359678 0.6749147857 0 0 0.7549869262 0.5458520232 0 0 0 0 0 0 0 0 0 0 0.7745406243 0.5561905566 0.5084357075 0.5037119821 0.5092436105 0.5155401562 0 0.706181425 0.7117032438 0.7161427817 0.8633453929 0.7231099793 0.5908494186 0.5899904531 0 0 0.8961864867 0 0 0.8608018293 0.8162706407 0.5101814448 0.8531957654 0.5824693228 0.5101300364 0.7252200059 0.5505339635 0.547974291 0.5880141851 0.5977733466 0 0.7086131914 0.7662069214 0.7966112358
0.8582765423 0.8607118042 0.5623348494 0.8645200795 0.6726768414 0.7448967023 0 0 0 0.8130864245 0.6399783005 0 0.5486662955 0.6974896655 0 0 0 0 0 0 0 0.5407036562 0 0 0 0.5307584948 0 0.7429962153 0.594812072 0 0 0 0 0.7207375668 0 0.5090217481 0.5061105899 0.508275437 0.5173364453 0.7085496819 0.7083587159 0.711966817 0.7121832411 0.8719914424 0.8730284969 0.5651611321 0.6839788652 0 0 0 0 0 0.6055474772 0.609025306 0.8572956182 0.5146818414 0 0.5572210569 0.6493546978 0.5564899493 0.5486331755 0.5510131148 0.5930151384 0.715011509 0.7172937774 0.6719457105 0.7610377394
0 0 0.8630127713 0.8640821193 0.6826480565 0.8293839169 0.7421316231 0 0.6091689963 0.6627274655 0 0 0 0 0.6951089633 0 0.6570244882 0 0 0 0 0.5397655253 0.5360242643 0 0 0.6007653785 0.6014992094 0.5999194602 0.5904145482 0 0 0 0 0.8894488311 0.8940869695 0.5776216262 0 0 0.5124978076 0.6447085637 0.7189323641 0.6494938059 0.7151641711 0.8286798745 0.6186574028 0.6179207407 0.7281935013 0.7347076901 0.5433967519 0.6081665743 0.6073332272 0.6009754333 0.6085035253 0.6140282061 0.7147032598 0.6398884478 0.6886883904 0.5477958097 0.639062816 0.5785901046 0.6607075084 0.6624749183 0.6554429708 0.5945717993 0.6954975609 0.7668189245 0.7628712124
0.5083596523 0.5421247592 0.5455167029 0.8651085523 0.8662750609 0.8271022553 0.8210563754 0.7386287924 0.861150179 0.607530188 0.6593913149 0 0.5713805157 0.7191087817 0 0.7563090774 0.6494920459 0 0 0 0 0.5445796505 0.8205991223 0.8952969464 0.8135585865 0.6002909343 0.5988623317 0 0 0.8462745352 0 0 0 0 0 0.8854843528 0 0 0.6464977266 0.6384714729 0.6367289944 0.6384922871 0.65084862 0.8355557692 0.6266010294 0.6274512188 0.8883436479 0.730454087 0.5362004749 0.608712677 0.6101364151 0.6105425023 0.6035211955 0.7570835387 0 0.5306966177 0.6804116955 0.7691960399 0.5039451842 0.8252707075 0.6558851231 0.6534058779 0.6625974883 0.5923557445 0.7418956335 0.867010362 0.8719944189
0 0.5497499478 0.5515772309 0 0 0.8245125506 0.7425619709 0 0 0 0.614950191 0.6658991097 0.5925285694 0.5923992912 0 0.7642014101 0 0 0 0 0.5509181927 0.5519100688 0.8141114166 0.8111747465 0.811856064 0.7891082605 0 0.6004905052 0 0 0 0 0 0 0.7547731721 0.8687400786 0.8771759862 0.8837475157 0.64194726 0.6374793781 0.631353963 0.6331842823 0.6470911784 0.8443315415 0.8427291289 0.839922684 0.8890858609 0.6880225746 0.802992372 0 0.6804296133 0 0.7267300041 0 0.7658431548 0 0.5757628102 0.5668177175 0.5613271817 0.6880844611 0.6629509393 0.8264582228 0.6675842592 0.799105915 0.7074828981 0.8353015112 0.8046523055
0.6369620711 0 0 0.6198176108 0.6522706356 0.6459619336 0.657415106 0.7894038884 0.5826498526 0.5897696321 0.6184492221 0.6185445011 0.5981542128 0 0 0 0 0 0 0 0.7226861687 0.8201779178 0.8199281377 0.8161174152 0.5444785317 0 0.8392379142 0.8032966617 0 0 0 0 0 0 0 0 0.5613402202 0.8870943759 0.5228098572 0.6349182667 0.6338182612 0.6378240368 0.7671338288 0.5847592235 0.8520833211 0.528492585 0.6913910679 0.7198477256 0.8181187885 0.683720136 0 0.6839729971 0.6879036464 0.5170180123 0 0.5209183876 0.5756776608 0.8600337496 0.8613925522 0.8026293461 0.7162902244 0.787370546 0.7876061657 0.7885809834 0.6834079291 0.6789874218 0
0.5375877289 0 0 0 0.6255695465 0.6496672371 0.6626807803 0.6548339217 0.5244682933 0.5222643882 0.6215906233 0.8445717045 0.8242964793 0.8302549624 0.7070441378 0 0 0.5237799815 0.5405646082 0 0.6253008563 0.641253776 0.827000645 0.8204401951 0.6929927433 0.8777386106 0 0 0 0 0 0 0 0 0 0 0 0 0.6438417212 0.6429705309 0 0.6389001865 0.5827110672 0.5801454989 0.6192898764 0.6898294647 0.6709487223 0 0.7766328797 0.7800462763 0.7741147839 0 0.6119884584 0.8993225799 0.5129091487 0.5213601581 0.86206772 0.8655835506 0.8629105731 0.8092670765 0.7866717242 0 0.7840045144 0.7898748637 0 0 0.6693049867
0 0.7121955059 0 0 0 0 0 0 0.5179466436 0.7502292393 0.8440900676 0.840252436 0.8362093511 0.8425665754 0 0 0 0 0 0.8052219489 0.6245673037 0.621407319 0.605326501 0.8579047713 0 0 0 0 0 0 0 0 0 0 0 0 0.8385305976 0 0 0.7059530636 0 0.514760637 0.5816687542 0.5770748647 0.5780458448 0.6616863928 0.6629003891 0.6613581139 0.7799033357 0.7748952337 0.7796953292 0.7032085853 0.6988122156 0.6106640212 0.513145122 0.870921801 0.8640187034 0.8659998105 0.8641890207 0.8713423167 0.773645772 0.7799932111 0.7768383395 0.5480996797 0.5490296338 0 0.5506931216
0.5202340039 0.5205462935 0 0 0 0 0 0 0 0.5217510405 0.8689821082 0.8385411398 0.8423906395 0 0.5326816035 0.611963402 0.6155680447 0 0 0.5680674766 0.844954837 0.853699686 0 0 0.8571672823 0 0 0 0 0 0 0 0 0.5549515134 0 0 0.8303021217 0 0.8494647123 0 0.7023813452 0 0.5808976713 0.5801559422 0.5806249651 0.5709304368 0.6572782062 0.8626239196 0.7810281461 0.6547495983 0.7877786604 0.554898123 0.6970305225 0.6923231005 0 0.8914583173 0.6579758303 0.6593947901 0.6540428867 0.6602592419 0.7825555981 0.7726248232 0.7741976832 0.5564695735 0.5466518702 0 0
0 0 0.5134790715 0 0 0 0 0 0.7537625794 0.8743578026 0.5570304418 0.5561724715 0.8999404723 0.5251068227 0 0 0 0 0 0.5168374758 0.5228948318 0.7453286577 0 0 0 0 0 0 0 0 0 0 0 0 0.8316517649 0.8278724478 0.8352458045 0.6279191651 0 0 0.7068950685 0.7211833985 0 0.6175468297 0.5742090143 0.6654757023 0.6657159088 0.6598152066 0.7886421557 0.530863116 0.6319846079 0.7185140902 0.7996481943 0.7009064112 0.8706901039 0.873863156 0.6559585464 0.6500486347 0.6546894928 0.6574536602 0.7810980894 0.7814229976 0.780022724 0.5007158346 0.698804527 0.7255095477 0.7816812828
0 0 0 0 0 0 0 0 0.8294062996 0.5542700239 0.5484535994 0.5480160087 0 0 0 0 0 0 0.5103444776 0 0 0.626329968 0 0 0 0 0 0 0.7017039986 0.7058619653 0 0 0 0.6383277359 0.6383462438 0.6246898221 0.8374827821 0 0 0.7154963495 0 0.7084674127 0 0 0.67412314 0.6643173566 0.6606591375 0.6684334848 0.790833149 0.5319234429 0.6844128062 0 0.795117934 0.8049404433 0.798584101 0.8700435316 0.6566185089 0.650602458 0.6575437257 0.6564492299 0.6419834921 0 0.8472399277 0.5929522553 0.5334866708 0.6932514082 0
0 0 0 0 0 0 0 0.5321074872 0.8318716968 0.8672974318 0.5551653766 0.5528260027 0 0 0 0 0 0.5158641186 0.5110441871 0.5147787818 0.5558852192 0.6204502003 0 0 0 0 0 0 0.6974519078 0.5533467976 0 0 0 0.6411919695 0.6330646925 0.6359666805 0.6375000951 0.7222121124 0.6119745711 0.5495537145 0.772180048 0.7378550714 0.5008800773 0.7476294408 0.755876066 0.6619248341 0.6609046664 0.6621928776 0.6611153533 0.7199739565 0.5837832827 0.7386831498 0.5264136719 0.8023798921 0.797942468 0.7892371541 0.7931642314 0.6219372709 0.6148681479 0.7299514263 0 0.8413542322 0 0.7347123576 0.5895201633 0.5859182138 0.8985950964
0 0 0 0 0 0 0 0 0.8986575307 0.5340902638 0 0.5622647709 0.8885749853 0 0 0 0 0.6316645265 0.5853799905 0.569645962 0 0.8478035882 0 0 0.5494315553 0.5256262527 0.8648964216 0.8474127484 0.6980177843 0.6948699964 0.6217129318 0.5107016438 0.586002898 0.6430175134 0.6334220412 0.6412617401 0.8009767595 0 0.5584736145 0 0 0.7417191942 0.7421933547 0.8903255423 0.7465464045 0.7464374501 0.6665000439 0.660083084 0.6621759563 0.6655587317 0.5273001474 0.7177667598 0.7179760309 0.7806550378 0.7919791997 0.7986933913 0.7897147419 0.5339398919 0.5404770982 0 0.6501447009 0 0 0 0.5939832515 0.5856172653 0.5865743108
