landscape/hab_quality/256/simulation_000095_p042_h010_HABMAT_patch_more_500pix_modified.asc_ac_0.5_quality.asc
NCOLS 513
NROWS 513
XLLCORNER 0
YLLCORNER 0
CELLSIZE 9.980507
NODATA_VALUE NaN
[rows 288 to 323 of 513, columns 0 to 81 of 513]
0 0.5099603259 0.5187460117 0.5902837645 0.5887339905 0.572339502 0.6531487931 0.6955707067 0.6948570978 0.6979793386 0.6502459333 0.7359833879 0.8803836496 0.5054193474 0.5208387246 0.7694725616 0.6184287016 0.8508179306 0.6816267966 0 0 0 0 0 0 0 0 0 0 0 0 0 0 0.6851019983 0.781572366 0.8808527051 0.7102960895 0.7192748857 0.7120126568 0 0.8722774404 0.7634718334 0.7557821222 0.7593378041 0 0 0.7472960888 0.6565978035 0 0.6780105359 0 0 0 0 0 0 0 0 0 0 0 0 0 0 0 0 0 0 0 0 0 0 0 0 0 0 0 0 0 0 0 0
0 0.8872473239 0.591677064 0.618389038 0.8048430734 0.5676702476 0.5730251921 0.697097442 0.6941073584 0.7005321549 0.5346103102 0.5258717613 0 0 0 0 0.7614087055 0.5803772971 0.5132905669 0.5959503166 0 0 0 0 0 0 0 0 0.9032887567 0.8955722052 0.660163379 0.654434628 0 0 0 0 0 0.7011600544 0.7096778581 0.7076077461 0.7115553619 0.7157703799 0 0.8155457937 0.6888237094 0.6720723985 0.6644422851 0.6647878633 0.6712889647 0.6775934524 0 0 0 0 0 0 0 0 0 0 0 0 0 0 0 0 0 0 0 0 0 0 0 0 0 0 0 0 0 0 0 0
0 0.7194584655 0.7318398089 0.7321053854 0.7246962575 0.7348343275 0.574853399 0.6055610463 0.5271511548 0.530519638 0.524613557 0.8589893365 0.5506793516 0 0.6021725264 0.5850664821 0.5767014079 0.5861030357 0.6031848259 0.5951230752 0 0 0 0 0 0 0 0 0.7439573258 0.5095397236 0.5455958842 0.6626181456 0 0 0 0 0 0.70109895 0.7011450955 0.7030899262 0.7097485071 0.7115933426 0.6478962861 0.5855901736 0.5872175858 0 0.6740635202 0.6671071299 0 0.6784466055 0 0 0 0 0 0 0 0 0 0 0 0 0 0 0 0 0 0 0 0 0 0 0 0 0 0 0 0 0 0 0 0
0 0.6481469476 0.7296106555 0.7242762507 0.7290547276 0.7300722276 0.6062020015 0.5996045719 0.5970299256 0.5187719479 0.8589415888 0.8593842014 0.5348907304 0.7091413735 0 0.5808461426 0.5839745539 0.7356625044 0.5969896913 0.5649110613 0.5667970767 0.572581678 0 0 0 0 0 0 0.7359724661 0.73384781 0.5340875914 0 0 0 0 0 0 0 0.6949355058 0.6999264957 0.7030290837 0.6191772612 0.8821587526 0 0.5786289928 0.7892439792 0.5646946345 0.6593522781 0.6653797128 0.7077061215 0.5395529141 0.5287377952 0.5381395777 0 0 0 0 0 0.5499292076 0 0.8310025576 0.7684436003 0 0 0 0 0 0 0 0 0 0 0 0 0 0 0 0 0 0 0 0
0 0.6414087607 0.6424832739 0.6394769968 0.7207992147 0.7288474174 0.6091697836 0.6036852663 0.5276300834 0.8564667394 0.5209041494 0.6975510871 0.6993060636 0 0 0 0 0.8131829526 0 0 0.5627176411 0 0.5483497791 0.551581789 0.5619558136 0.5541563568 0 0.7371551679 0 0.7298503183 0.7259789706 0 0 0.7841042371 0 0 0 0.6999453588 0.7027536338 0.6971919208 0.6997421201 0 0 0.5795391977 0 0.7293432128 0.6636493214 0.6576893412 0.6584457596 0.6009159323 0.6052101122 0.596177822 0.8634032511 0 0 0 0 0 0.8077594556 0.6462212085 0.7656946088 0.8829863075 0.8193480593 0.8827173293 0.7597338112 0 0 0 0 0 0 0 0 0 0 0 0 0 0 0 0 0
0 0.6433209028 0.6368391551 0.6388114322 0.6452595885 0.727699003 0.6091291949 0.6044072456 0.6082105773 0.6148329015 0.7053332745 0.7041402801 0.70320767 0.5503122874 0.8601642212 0 0 0 0.8422883302 0.8446176221 0 0.7109495867 0.5460578832 0.7111637164 0.7108242333 0.5529706993 0.7150249832 0 0 0 0.5841827201 0.7308661497 0.8146906456 0.8153992442 0 0 0 0.8846288353 0.7067403998 0.7107882554 0 0 0 0 0 0.527436815 0.7564424561 0.8303588418 0.6619430226 0.5999829037 0.5957222765 0.5981000898 0 0 0 0 0.5119210927 0 0 0.8952968184 0.7995251823 0.8379653852 0.7700806069 0.7607305405 0 0 0 0 0 0 0 0 0 0 0 0 0 0 0 0 0 0
0 0.637905617 0.6390237237 0.6356366323 0.6388014672 0.6388719276 0.7328659326 0.6098805732 0.6129501267 0.6100413808 0.6925101519 0.7135859444 0.8167586159 0.8460951646 0 0 0 0 0 0.8422189345 0.8440036424 0.7111227592 0.7035460021 0.709164389 0.703655433 0.7051599746 0 0.6239160462 0.6194255758 0.6204367075 0 0 0.7361701721 0.6485260773 0.6485330773 0.8040494607 0.8866455025 0.8954933907 0.8938569088 0.5521738414 0 0 0.5557922007 0 0 0.5044198536 0 0.8088087456 0.6075808175 0.8518563634 0.596397307 0.5364044759 0.7292385503 0.7148869396 0.507929716 0 0 0.6719204918 0.898140951 0.9005393483 0.6160143741 0.7918599581 0.6149946816 0.6069019539 0 0.809946408 0.8145719323 0.8158232317 0 0 0 0 0 0 0 0 0 0 0 0 0 0
0 0.637503061 0.633756418 0.6381881605 0.6387400666 0.639285991 0.7621886527 0.7176932441 0.7527991478 0.7315030597 0.7836621689 0.8371371364 0 0 0.8433323143 0 0 0 0.846478232 0.8497185169 0.847830243 0.5474262876 0.6430425532 0.7008799579 0.7003596757 0.7136089143 0.720717493 0.6223130198 0.6173809362 0.6119808222 0.6181219709 0.7787110973 0.8837860383 0.8794128889 0.8062803294 0.6349998995 0.6406314038 0.740074544 0.5989640551 0.5554820649 0.5497907824 0.5475021068 0 0 0 0.8998419045 0 0.5759075711 0.5670851821 0.5719621172 0 0.6751597499 0.6827333283 0 0 0 0.8059439966 0 0 0 0.6345748173 0.8300522937 0.6047517878 0.5622921024 0 0 0.8134711762 0.8174839995 0 0 0 0 0 0 0 0 0 0 0 0 0 0
0 0.6391704651 0.6348205754 0.6375465384 0.6442650991 0.6451315108 0.751434212 0.7524747029 0.750647086 0.7594821089 0.825687793 0 0 0.8409040865 0 0 0 0 0 0 0.5566894397 0.7052613316 0.7001856682 0.6921847658 0.6988482522 0.7126893766 0.7090307093 0.7086504389 0.5605734808 0.6619039453 0.6133767575 0.6146329877 0.878113039 0 0.8070243864 0 0.859521515 0.8614403308 0.8492309224 0.8598880773 0.5480046739 0.5414966599 0 0.5238069954 0 0 0.897721288 0.5703081571 0.566158348 0 0.6689231866 0.6707979283 0.5491046601 0 0 0 0 0 0 0 0.6510653264 0 0.7541789272 0.8814338608 0.8232777546 0.8153034346 0.8205077705 0 0 0 0 0 0 0 0 0 0 0 0 0 0 0
0 0.6408184305 0.6443135034 0.6423700591 0 0.7528211725 0.738809158 0.745787635 0.7451761031 0.7505905525 0.5549825835 0 0.8454329378 0.5790401556 0 0 0 0.6050431396 0.5464730459 0.5623428207 0.5691323928 0.7073948472 0.6983952222 0.6998318299 0.7010255541 0.7092262585 0.7036930367 0.7113675577 0.7187456421 0.6150905994 0 0 0.5746628822 0.6429310938 0.8524125763 0.8498328676 0.8570310303 0.7330515294 0.8415722734 0.5486426336 0.5411527926 0.5404077576 0.5317105496 0.5298696442 0 0 0.9005278046 0 0 0.5442171425 0.5470032243 0 0 0.5475978522 0.5532738331 0 0 0 0 0 0.6552083178 0.7498140599 0.7452603952 0.7536975428 0.5850292893 0.895808133 0 0 0 0 0 0 0 0 0 0 0 0 0 0 0 0
0 0.6459695727 0.645329114 0.6456678545 0.6509679556 0.749495875 0.7436083829 0.7379487204 0.7429925588 0.5513944577 0 0 0 0 0 0.6970149801 0 0 0.5503200347 0.5464559871 0.5605289085 0 0.7031551057 0.7068497949 0.7011217126 0.7023506491 0.7069038674 0.7069208899 0.8161653643 0.6608217404 0 0 0.5752223577 0 0.8252071232 0.8478533514 0.8506970548 0.6341785867 0.8347838209 0.55491939 0.5403185433 0.535523185 0.5389554703 0.5348232069 0.7886366615 0 0.8615358772 0 0 0 0.5432947902 0.5429383002 0.5470287745 0.5569342937 0.5564712477 0.5564945577 0.8412349503 0 0.7868818284 0 0.532887548 0.755050473 0 0.750515437 0.5664060206 0.557755793 0 0 0 0 0 0 0 0 0.7387502321 0 0 0 0 0 0 0
0 0.6383528368 0.8635451028 0.5463284163 0.5323341897 0.7502558517 0.742009472 0.7460683187 0.7436394134 0.7439388443 0 0 0 0.6377576701 0 0 0 0 0.5015669531 0 0.839495088 0.8427685782 0.7134054537 0.7108244175 0.7051424275 0.7075253801 0.7105097109 0.7097904624 0.6936275993 0.6647533331 0 0 0 0.8160398821 0.8484786941 0.8577230336 0.8483555704 0.5504320245 0.5552071884 0.5463448042 0.544960553 0.5451134897 0.539666777 0 0.7804110965 0 0 0 0 0.5447030027 0.5420905649 0.5375657886 0 0.5536647278 0.5539051055 0.5636075834 0.5630571898 0.7861792594 0.7914433966 0.7962311314 0.7632817054 0.7584063057 0 0 0.5658450426 0 0 0 0 0 0 0 0 0 0.5247476273 0 0 0 0 0 0 0
0 0.6700686306 0.8612085461 0.8607108574 0.6997382379 0.743049067 0.7453987556 0 0.7461023514 0.7461586449 0 0.5184593379 0.8240908982 0 0.521327377 0.5153756863 0 0 0.8534521712 0.8356722068 0.8353061291 0.8400075302 0.7196280538 0.7097695437 0.7074759394 0.7106854074 0 0.7115603243 0 0 0 0 0 0 0.785018195 0.7876700669 0.7094083443 0 0.5488239702 0.5453183896 0.5488499697 0.829100183 0 0 0.5754567484 0 0 0 0 0 0.5460321695 0.5473174439 0.5414298113 0.5609820599 0.5632810471 0.5591938006 0.7677696853 0.7913638547 0.7891033962 0.7899246657 0 0 0 0 0 0 0 0 0 0 0 0 0 0.8357109455 0.8627599494 0 0 0 0 0 0 0
0 0.542649046 0.5371284566 0.8646391745 0.6790167216 0.5927579051 0.752001661 0 0 0.8034443705 0 0.7917733058 0 0 0 0.5742548853 0.5134661036 0 0.8712913199 0 0 0 0.8451526884 0 0.6812442598 0.6712539924 0 0 0 0 0 0 0 0 0.7819038191 0.7793248173 0.7859339327 0 0.6608072786 0 0.6594019455 0.5153874972 0.5553671441 0 0 0 0 0 0 0 0.5481096247 0.5556446441 0.5529692016 0.7506354317 0.5625335776 0.5617975924 0.5630302194 0.7961919549 0 0 0 0 0 0 0 0 0 0 0 0 0 0 0 0 0 0.7527285047 0.8748365672 0 0 0 0 0
0 0.5350956804 0.5368901953 0.5329723459 0.692125262 0.7461589555 0.7498990319 0 0.6263174807 0.633182983 0 0.712359442 0.7113932293 0 0 0 0.8562295934 0.5228186569 0 0.880327759 0 0 0 0 0 0.6782413924 0 0 0 0 0 0 0 0 0.7763763692 0.7761983633 0.7844327451 0.826575463 0.5304295608 0.6546546258 0.6612177683 0.5349040304 0.6980017147 0 0 0 0 0 0 0 0 0.5628978955 0.5603334719 0.7961574054 0.8651982865 0.857611508 0.7455530415 0.5681268789 0 0 0 0 0 0 0 0 0 0 0 0 0 0 0 0 0 0.8715878573 0.6655189117 0.5120037698 0.5875183416 0 0 0
0 0.5301598167 0.5295315051 0.5277235712 0.7570185178 0.7474870169 0.7414273931 0.7475939274 0.6314647978 0.6357351269 0.7039070988 0.7103501051 0.8900669286 0.8535685883 0 0 0.856808239 0.854789851 0.7963561131 0.8714270009 0.8743098 0 0 0 0 0 0 0 0 0 0 0 0 0 0.7819266651 0 0 0 0 0 0.6583391532 0 0 0 0.8241557091 0.8361332452 0 0 0 0 0 0.5629114887 0.5688250753 0.6747910852 0.8576724934 0.8670865114 0.7827980988 0 0 0 0 0 0 0 0 0.5154760245 0.5114559299 0 0.5779146495 0 0 0 0 0 0 0.6882788485 0.6859671413 0.7004868349 0.8711377154 0 0 0
0 0.5220186588 0.5241891497 0.5237456496 0.7541966595 0.7487409886 0.7415846242 0.7446900691 0.75147606 0.7059306691 0.7129253535 0.7066659384 0 0.6401026649 0 0 0.8637917497 0.8580837234 0.8638613017 0.867855437 0.8720438606 0.8715344089 0 0 0.5398153888 0.8238478922 0 0 0 0 0 0 0 0 0 0.6988185322 0 0 0 0.8147813593 0.8050140868 0 0.8301193875 0.8224155048 0.896907627 0.5356029914 0.84361253 0 0 0 0 0.5190171078 0.5275144988 0 0 0.5406753338 0.8429714721 0 0 0.7538908309 0 0 0 0 0.7013857542 0.6346161172 0.5178378308 0.5143110966 0 0.8527576227 0 0 0 0.5500573105 0.6328028697 0.6894771893 0.6926779556 0 0 0.8672049424 0.8590150915 0
0 0.5272766106 0.5217008282 0.5224601035 0.5400505653 0.751076048 0.7545142969 0.7041059328 0.7835526722 0.6258316936 0.8618716682 0.8647497486 0.7528353059 0.7621043797 0.7618553723 0.722651337 0.7503381533 0.8725539379 0.6609544166 0.8682259662 0.8749296755 0.8669760452 0.8675440396 0.8245367971 0 0 0 0 0 0 0 0 0 0 0 0 0 0 0 0.8071802911 0.6739801562 0.6693246888 0.825610944 0.5798639422 0.888775616 0.5561478813 0 0 0 0 0 0 0 0 0 0 0 0 0 0 0.5515548638 0 0 0.7495390923 0.7503513651 0.7528264567 0 0 0 0.7127084294 0.8618103075 0.5171580484 0.6944676602 0 0.5295074441 0.5036510767 0.6933861237 0.6957732474 0 0 0.8582226614 0.721472424
0 0.5311363717 0.5235502249 0.5310936407 0.5406961122 0.7585072408 0.7536024562 0.6965877936 0.618525138 0.6249651234 0.6295539405 0.6466771499 0.7578012697 0.7521288592 0.7534025882 0.5988418641 0.879259462 0.6622758939 0.6624117815 0.6640875854 0.7573385739 0.8759921218 0.6510010833 0.5068229977 0.8696288424 0 0.6588640468 0 0 0 0 0 0 0 0 0 0 0 0 0 0.7811288789 0 0.6726432883 0 0.8911607853 0.8286099113 0.5000657627 0 0 0 0 0 0 0 0 0 0 0 0 0 0.6610442769 0 0 0.7462352097 0.7447940623 0 0.7467694009 0 0 0 0.6645601291 0.5838907089 0.6757485434 0 0 0.7728055632 0.7892509237 0 0 0 0.7320603004 0.7287076552
0 0.528697147 0.5407232553 0.534490954 0.5325293141 0.5485470314 0.6948781771 0.619299021 0.6166087262 0.6182706249 0.6231304949 0.7393847779 0.6238677229 0.617607818 0.6170742058 0.8897601505 0.5212480142 0.893531664 0.6690683165 0.6653696374 0.6650910682 0.6629555296 0.5643757546 0.5556163879 0.8482059023 0.6532304437 0 0 0 0 0 0 0 0 0 0 0 0 0 0 0.5901421495 0.6098554002 0 0 0 0 0.6383201177 0 0 0 0 0 0 0 0.7626390607 0.5125536187 0.5086855048 0.610949179 0.8269153659 0.6682550461 0 0 0.8508539221 0 0.7335264606 0.7393985398 0.7366698009 0.7472033465 0.6600352613 0.6620994922 0.6666579157 0 0.675988668 0 0 0 0.7692324098 0.7872574769 0.6105890437 0.6904524965 0.6901326251 0
0 0.8597581026 0.8648188785 0.537834412 0.6425898029 0.6455123694 0.6236710267 0.6221200063 0.6156532663 0.6142143447 0.6261566652 0.631097798 0.621237487 0.6137234461 0.6092814346 0.8957761687 0.8899939519 0.8909032102 0.8944665334 0.7645425635 0.6152681036 0 0.8980901892 0.7603940905 0.7524857469 0 0.7462645831 0.8253705144 0 0 0 0 0 0 0 0 0 0 0 0 0 0 0.6025116576 0 0.5119548282 0.6423679652 0 0 0 0 0 0 0 0 0 0.514380666 0.7115440525 0.8790586419 0.8852838414 0.8323280774 0 0 0 0.8592270448 0 0.7319167191 0.7275060029 0 0.6601931624 0 0 0 0 0 0 0 0 0.7743650369 0.765425023 0.7211648747 0.8213613268 0
0 0.8549793306 0.857013711 0.655174039 0.6477731026 0.6385508619 0.6229881988 0.6208566128 0.6127572298 0.6181616026 0.6273882445 0.6213051552 0.6210198589 0.6130892539 0 0.8888996769 0.8868090605 0.889484838 0.8973889527 0 0.6086384192 0.8974174183 0.8948395427 0.6166731854 0.7536268667 0.7440827496 0.7507647387 0 0 0 0 0 0 0 0 0 0 0 0 0 0 0 0 0 0.8046676429 0.5037933736 0 0 0 0 0 0 0 0 0.7302641917 0.5166364521 0.5095370534 0.5397834741 0 0 0 0 0 0 0.7315197494 0.726319666 0.7318450249 0.7365893733 0 0.5910650172 0 0 0 0 0 0.7671709241 0 0.7796292205 0 0.5703431722 0.571570209 0.8850917302
0 0.8621156524 0.8625823442 0.6227229643 0.6405178493 0.6342759379 0.6320347298 0.622616766 0.6225648891 0.6156795115 0.6246099411 0.6146495064 0.593384239 0.6174645236 0.6180293636 0.8912972538 0.8916658676 0.7865477982 0.8536653657 0.5090698218 0.8233475564 0 0.5188555967 0.7594793885 0.7443226823 0.6509309041 0.7462308987 0 0 0 0 0 0 0 0 0 0 0 0 0 0 0 0 0 0 0 0 0 0 0 0 0 0 0 0 0 0 0 0.6285101551 0.7190288975 0 0 0 0 0 0 0 0.7341328025 0 0.540419846 0 0 0 0 0.8537555667 0 0.7758004018 0 0.5601913278 0.5617034938 0.5651935017 0.5505771717
0 0.8681759107 0.6307933932 0.622500051 0.6381752055 0.6335361581 0.7747696328 0.6231269901 0.631186732 0.630255959 0.6344873833 0.62241291 0.7477505253 0.601645258 0.7750130842 0 0 0.8947721008 0 0.822987237 0.8227707273 0.5796122262 0.5701875511 0.6710223456 0.6592408685 0.6629094956 0 0 0 0.5390539077 0 0 0 0 0 0 0 0 0 0 0 0 0 0 0 0 0 0 0 0 0 0 0 0 0 0 0 0 0.5678361802 0 0 0 0 0 0 0 0 0 0 0 0 0 0 0 0 0.7690209955 0.7851984684 0 0.5524331061 0 0 0.9048773959
0 0.6170603413 0.5172167456 0.6251004334 0.6353366686 0.6400882971 0.6411580889 0.6479560334 0.626214316 0.8984942597 0.6508037075 0.7358629174 0.5880228985 0.586488808 0.5945199946 0 0.5890922465 0.8816395051 0 0.8145574741 0.7733576332 0.7933108447 0.8972987358 0.6659700952 0.6639472339 0.6579172522 0.6577086273 0 0.5489063571 0.5402743128 0 0 0 0 0 0 0 0 0 0 0 0 0 0 0 0 0 0 0 0 0 0 0 0 0 0 0.5242660502 0 0.624995717 0.6987352673 0 0 0 0 0 0.6888946515 0.6049375325 0.6362491722 0 0 0 0 0 0.5069579192 0.5933028789 0 0.7016077936 0 0 0.5501818993 0 0
0 0.615578705 0.6158979223 0.6235877408 0 0.506028074 0.5028487581 0.5037583934 0.6087937379 0.6328442339 0.6167237694 0.534470443 0.5948757451 0.5885826584 0.5848803315 0.5779204354 0.5833812073 0.726652426 0.8745477676 0.8748075382 0 0.7342586529 0.6840608939 0.6700198076 0.6595720353 0.6497662956 0.6480219205 0.6497588664 0.5478763804 0 0 0 0 0 0 0 0 0 0 0 0 0 0 0 0 0 0 0 0 0 0 0 0 0 0 0 0.627899808 0 0.7014588844 0 0.692763983 0 0 0 0 0.6833607334 0.6424336531 0 0 0 0 0 0 0.6971114099 0.8527386053 0.8558559993 0.8719797904 0.8705450573 0.8793352773 0.8893302571 0.7228451954 0.8591027234
0 0.6067272363 0.612633476 0.6101041943 0.6109011259 0.5988051239 0.5017118778 0.6080339304 0.6094551152 0.6479696413 0.7923236338 0.7458419473 0.7468852324 0.5896838098 0.5776097457 0.5749944048 0.569877353 0.8684542921 0.8686255151 0.8756144703 0.8820663888 0.6589020677 0.6728760809 0.781752375 0.6611580807 0.6507598562 0.6462610594 0.6498384369 0.5520945484 0 0 0 0 0 0 0 0 0 0 0 0 0 0 0 0 0 0 0 0 0 0 0 0 0 0 0 0.6242592217 0 0 0.7000162759 0 0.691036805 0 0.6792823949 0.6814478522 0 0.5566900405 0 0 0 0 0 0 0 0.8507806928 0.8502076587 0.8551395673 0 0.8700630993 0 0 0
0 0.6033765801 0.5118747125 0.6059393218 0.6035662035 0.604358037 0.5984875807 0.5958301333 0.6027280889 0.6078565947 0.6138060273 0.741536404 0.7441077087 0.7555824083 0.5703295636 0.5692989077 0.5725097798 0.8764264278 0.8702955819 0.8854101309 0.8764121091 0.530547661 0.7845421901 0.6030900943 0.7746618013 0.6556885717 0.6531818743 0.6554933691 0.5646339736 0.5977870376 0 0 0 0 0 0 0 0 0 0 0 0 0 0 0 0 0 0 0 0 0 0 0 0 0 0.6098774006 0.8910922615 0.6312038418 0 0.7073011729 0.6947190814 0.6922963208 0.6878061299 0.6842878153 0.6891831297 0.6890099234 0 0.8103360285 0.8032512321 0.8902562595 0 0 0 0 0.8457640172 0.8481409362 0 0.8762681977 0 0 0.8194575384 0
0 0.6054204809 0.5984237893 0.601876142 0.5964754708 0.5973702754 0.5946318577 0.5955278755 0.6006356435 0.6073478309 0.5478002196 0.7392570114 0.7367599412 0.7453198035 0.5725512045 0.5742924794 0.5700140911 0.5736859541 0.721275934 0.7037370548 0.7220938155 0.8247725028 0.8305191338 0.7815802667 0.659181432 0.660732169 0.6582212728 0 0 0 0.576703507 0 0 0 0 0 0 0 0 0 0 0 0 0 0 0 0 0 0 0 0 0 0 0 0.5183373399 0.5690595052 0.5681376634 0 0 0.7704357911 0.6035789895 0 0.6914422867 0 0.6913887475 0.6971562382 0 0 0 0 0 0.7319816638 0.7382173798 0 0.5923057614 0.5476904014 0.8482205211 0.5129569544 0 0 0 0.8999922168
0 0.7646901329 0.596666454 0.6025789871 0.599682012 0.592887061 0.5915601588 0.6001177068 0.6036462008 0.5364224895 0.6921848453 0.7423977897 0.6206388637 0.737740039 0.5825992111 0.5821382249 0.7017777551 0.5653186343 0.7172100161 0.7158144532 0.7194649083 0.8241284524 0.8286482209 0.5461567717 0.5510273308 0.8109732428 0.7559727314 0.6953219237 0.7758196217 0 0.6346637429 0.7695242035 0 0 0 0 0 0 0 0 0 0 0 0 0 0 0 0 0 0 0 0 0.7337401546 0.6630636531 0.8170860688 0.8060662573 0.5595629657 0.7769682836 0.7759199011 0.7681536155 0.7620617444 0.7615748848 0.5574884753 0.6931945168 0.6932638118 0.6983891342 0.6334944619 0 0 0 0 0.5514154859 0.8114885489 0.652481665 0.5900033231 0.7456260459 0 0 0 0 0.6188930397 0
0 0.5989216861 0.599214492 0.5971639819 0.6001829635 0.5941422529 0.5935685732 0.595200736 0.6077564261 0.6846606252 0.6938140837 0.8518363917 0.6455119943 0.6905405937 0.7920764467 0.5238799387 0.8751878574 0.7297253 0.7349275707 0.7356788701 0.7127589887 0.7162371373 0.5489832802 0.5416886015 0.5385387715 0.5449615175 0.7471258746 0.7534985485 0.7677717422 0.7646465006 0.7609048271 0.7680732287 0 0 0 0 0 0 0 0 0 0 0 0 0 0 0 0 0 0 0 0 0.721999539 0.7182314729 0.710730798 0.8142835634 0.8052966449 0.7767440782 0.7754336343 0.7647725157 0.759216652 0.7681624171 0.5444544531 0 0.5436433675 0.6366801442 0.6367836331 0.8890383693 0.8968589343 0 0 0.5421750696 0.7202217414 0.8699067051 0.8691880071 0.8689658065 0.8940043903 0.8984949016 0.5337392256 0.8066329061 0.7970713107 0.6329235908
0 0.6083899731 0.6075445974 0.6012849622 0.8165425761 0.6021596475 0.6010927267 0.5983152262 0.8461021544 0.6861636422 0.6867871297 0.5709988658 0.5250537635 0.6444291975 0.5248913904 0.5241783831 0.734523137 0.5067873609 0.7272094219 0.7337119233 0.7147356428 0.7204707094 0.5466594073 0.5420984317 0.535297102 0.5355840347 0.7518973967 0.7560529849 0.7716094648 0 0.7631153033 0 0 0 0 0 0 0 0 0 0 0 0 0 0 0 0 0 0 0 0.7200485103 0 0.7126272502 0.7050251737 0.7076283599 0.7000073037 0.7668108881 0 0 0.7681159671 0.7619373819 0.5471583004 0.5402975637 0.5412160741 0 0.6719300659 0.8895369081 0.785840414 0.5620945762 0.9061321255 0.6063932942 0.730787381 0 0.5413688383 0.8619739364 0.7067195754 0.561359881 0 0 0.8047930589 0.6318601561 0.6296248558
0 0.6093419451 0.6089486321 0.6111444167 0.8097138887 0.8139784821 0.6021397587 0.6035086041 0.6039411801 0.5772174556 0.5823485232 0 0.6380649115 0.8309751077 0.5211186411 0.8639711058 0.8712572844 0.7324642062 0.7364274691 0.7301162111 0.7160204984 0 0.5490758941 0.5396942564 0.5365632576 0 0 0.6273619116 0.7983207342 0 0 0.6277746484 0 0 0 0 0 0 0 0 0 0 0 0 0 0 0 0 0 0 0 0.7176949091 0.7044276997 0.7043238501 0.6985844947 0.6987225071 0 0 0 0.7718358621 0 0.5459570937 0.5441264389 0.5364245335 0.5402202958 0.5197043505 0.581199024 0.7776706667 0.6629139369 0.5994195883 0.595863701 0.5981117387 0.6006538076 0.88638474 0.8689968934 0.8641474188 0.7311741769 0.5363101964 0 0.5855923865 0.7747059792 0.7643683105
0 0.6959377439 0.6103317283 0.6183821639 0.8125503159 0.8101700729 0.8203914013 0.8228581967 0.7138971438 0.808484059 0.5735941656 0.5357005684 0.6461388366 0.6371493566 0.8699045631 0.8616013499 0.8632267635 0.8566554362 0.6248187518 0.6235433118 0.6342038035 0.6300721561 0 0.7207600166 0.7227419115 0 0 0 0 0 0 0 0 0 0 0 0 0 0 0 0 0 0 0 0 0 0 0 0 0.8668236866 0 0 0.7078488815 0 0.6977263918 0 0 0.8906144645 0.7787138938 0.5723531978 0.5525215269 0.5441470771 0.5442720123 0.8541524595 0.5429598461 0.7339755635 0.73499828 0.6559131336 0.8530964935 0.5357057194 0.5966321728 0.5946756807 0.5933440011 0.6001655858 0.8114858242 0.6297864448 0.5790216801 0.7308950004 0.7291076474 0.7321946128 0.7733378369 0.7648546903
0 0.8099405865 0.8151943862 0.8215392711 0.5757488397 0.7546635179 0.8150247617 0.8144325669 0.8081314441 0 0.8075206558 0.7830601541 0.8071679844 0.6464555667 0.863367694 0.8639874574 0.8708808411 0.6241028902 0.6175560632 0 0.6270528532 0.636349482 0.8744409808 0.8352871511 0 0 0 0 0 0 0 0 0 0 0 0 0 0 0 0 0 0 0 0 0 0 0 0 0 0 0.5036540826 0.5008438482 0.5092569929 0 0.6985143317 0 0 0 0 0 0.546271321 0.5445332654 0.5444078403 0.5451028847 0.8631306829 0.7351437903 0.7326803849 0.7264624598 0.6886553556 0.7076572144 0.8363565723 0.5946304959 0.5931511925 0.6015114742 0.8179318745 0.6020426142 0.6033373422 0.7273438949 0.7262855713 0.7263180073 0.7178192684 0.8172051301
0 0.8116433184 0.7131995175 0.7086818551 0.7177509173 0.7537586859 0.8991940306 0.8122872526 0.8090136438 0.8047120127 0.8050491862 0.8042804207 0 0.6691862988 0 0.6727384738 0.677896699 0.6267150153 0.5616509621 0.6216409452 0.6292793797 0.6292694675 0.7423036162 0.7408541992 0 0 0 0 0 0 0 0 0 0 0 0 0 0 0 0 0 0 0 0.7798866389 0.7835708882 0.7894557327 0 0 0 0 0.5019132688 0.5002060808 0.5006587797 0 0 0.6807137212 0 0.8627263884 0 0 0.5456465661 0.5509367964 0.5447727399 0.7920252898 0.7363910467 0.7350931566 0.7255883601 0.7333361666 0.7041983613 0.7027300855 0 0.5996914139 0.776493977 0.6022236796 0.8081911872 0.5955215074 0.5945798611 0.5935131098 0.7283042955 0.7337773595 0.6327148099 0.6293539082
