landscape/hab_quality/256/simulation_000017_p067_h049_HABMAT_patch_more_500pix_modified.asc_ac_0.5_quality.asc
NCOLS 513
NROWS 513
XLLCORNER 0
YLLCORNER 0
CELLSIZE 9.980507
NODATA_VALUE NaN
[rows 420 to 447 of 513, columns 126 to 188 of 513]
0.5675184457 0.5745437147 0.608695313 0.5996081074 0.5956450473 0.5913142176 0.8664852548 0.6250668287 0.6245289445 0.7670914114 0.7586275855 0.7544514467 0.7548438928 0.7611397917 0.6119315852 0.6156108865 0.7565651427 0.7570210654 0.7946947427 0.6151601827 0.618030499 0.6094231666 0.6103056438 0.6151987864 0.6199482339 0.624909403 0.8883424017 0.8858089206 0.8918090735 0 0.6483858555 0 0.8072458941 0.8142021658 0.6013728974 0.5959474184 0.8694937226 0.8699584637 0.8692209385 0.8769996672 0.5014286504 0.7921071121 0.7712851793 0.5760857696 0.5559849561 0.890851986 0.5889513406 0.5379838517 0.6655907982 0.7136521682 0.8149517476 0.6998627693 0.6979025942 0.6973068669 0.601000323 0.5969806139 0.5134681345 0.5991913561 0.6069088284 0.7471971222 0.7434459839 0.7416128801 0.7430661146
0.5735933532 0.5704247692 0.5973015297 0.5971677057 0.5903615125 0.5938503815 0.5979742991 0.5996329412 0 0.7667670699 0.763105354 0.8370178659 0.7602694981 0.7570782102 0.5317216602 0.6127377927 0.8168983203 0.5239662885 0.8556140005 0.6198147059 0.6144782037 0.6143656763 0.6145239476 0.6194056496 0.545828356 0.6278404756 0.5285185921 0.8868486874 0.8871252027 0 0 0.6564980539 0 0.7236849925 0.8682190378 0.8619715754 0 0.8624153975 0.8670857275 0.7526156792 0.5851299043 0.5303067148 0 0.8927233886 0.8912565065 0.8880259401 0.8971016992 0.863475733 0.8600092014 0.8678821028 0.8719466975 0.7012702073 0.6918963524 0.696140598 0.6029522038 0.5981148685 0.5985147554 0.6089289172 0.6119749426 0.7496349242 0.7467606896 0.7483233131 0.7445421853
0.6022104112 0.6016821014 0.5948215929 0.5910540571 0.5932667389 0.600321868 0.5975762766 0.8692428094 0.868348872 0.8308900327 0.8292692479 0.8347071997 0.7833352977 0.7684741743 0.634889877 0.8973320791 0.5065768735 0.7075231736 0.5484131756 0.617542694 0.6173368522 0.6191133156 0 0.6187092686 0.6205436335 0 0.7460806986 0.7442009744 0.7178339307 0 0 0 0 0.7146267786 0.6418339396 0.8653302275 0.8566098597 0.8588742039 0.8662699615 0.7014827696 0.698238036 0.5442879316 0.8602985989 0.7462149754 0.8883551751 0.8975171699 0.7957942546 0.7051535631 0.8591218293 0.7437258676 0.6349790242 0.7002693543 0.6962362519 0 0.6027608258 0.6076287469 0.6072975343 0.599314813 0.5181650037 0.6165160484 0 0.7773496908 0.7866111451
0.5990037131 0.5976168158 0.591929734 0.5987179702 0.5944106681 0.6002647331 0.6038536556 0.8651726208 0.8717042474 0.8260219956 0.824828297 0.8342389451 0 0.8457397027 0.5432443608 0.5629409034 0.7108509409 0.5504756305 0.5455298753 0.5430067817 0.5505517747 0.5565241663 0.6201698098 0.7008415808 0.6236939219 0 0 0 0 0 0.7861749411 0.7473394104 0.7138621298 0 0.871469195 0.8647534436 0.861957659 0.8591110615 0.771112729 0.740986831 0.8780603948 0.6912261296 0.8614967248 0.8566355879 0.6162535245 0.8324892627 0.6533032705 0.6495786547 0.7424591261 0.8394138679 0.8332188158 0.8371825695 0.8411462953 0.5583041719 0 0 0.6081676982 0.763565161 0 0 0.882695382 0 0
0.6010875466 0.6024289896 0.6010369949 0.7088313123 0.7071337795 0 0.906226003 0.8674572704 0.8731048656 0.8268758198 0.8250539671 0.8316252466 0 0 0.5434403503 0.7503241553 0.6350187841 0.7872121468 0.543148667 0.5502059054 0.7132033325 0.6921956467 0.6973002122 0.6996791331 0.5615836572 0.7609935632 0.7523818828 0 0 0.7936742774 0 0.8876180971 0 0 0.8283905766 0.8271310406 0.8281538509 0.8369051661 0.8283875252 0.8658090874 0.7406707357 0.6963082464 0.7856934259 0.5800804941 0.5816981958 0.6553053761 0.652368865 0.6892268121 0.7396662344 0.8374961882 0.83298708 0.8319562132 0.8340422656 0 0 0.8061156245 0 0.8956141544 0 0 0 0 0
0.5716437494 0.6082784945 0.8178713287 0.7081055733 0.7026409022 0.8974406202 0.7044734868 0.5294813106 0.5307586217 0.6545560676 0.6588547558 0.8382907596 0.8750980196 0.761876321 0.8144362171 0.8115678706 0.8120190808 0.6603776451 0.7783467775 0.6889158258 0.6835688161 0.6882549541 0.6918929682 0.6935636729 0.7309297159 0.7576624339 0.7619603129 0 0 0.5777748933 0 0.5559714754 0.8274223687 0.8265949662 0 0.825235433 0.8263492863 0.8278787521 0 0.7478209374 0.7459542091 0 0.7950975963 0.5786598622 0.5813564996 0.7307051688 0.5029380962 0.548748901 0.7403447405 0.836914072 0.8411329451 0.8344244206 0.8413745764 0.6296605356 0.6339386342 0.7419410595 0.6371113924 0.6836089815 0 0 0 0 0.8307088378
0.7135069452 0.5529074241 0.6139606455 0.7095113778 0.7011075363 0.6954730965 0.5333633033 0.5227659487 0.5171535933 0.656426673 0.7258941474 0.7236252826 0.7169619077 0.655722062 0.7136541456 0.8057226599 0.6496228004 0.6548536749 0.5405800849 0.6772776706 0.6815234905 0.6823018971 0.6855768991 0.6977633927 0.5977202308 0.7636183222 0.764868678 0 0 0 0 0.6700373918 0 0.828343489 0.826017588 0.5616456409 0.820991938 0.823328768 0 0.5657336903 0 0 0.7930088612 0.7569459202 0.7316369204 0.7345569393 0.5064191106 0.7544628693 0.7491957111 0.7448151057 0.5361160238 0.821522121 0.6323515019 0.8301821842 0.6280901598 0.6316474508 0 0.5177694161 0.5483342808 0.5478517997 0.5448022686 0.7725157631 0.5475808756
0 0.8568488749 0.8512697915 0.702355084 0.7013559233 0.69868601 0.7014506561 0.5168492648 0.5260328674 0.7135218733 0.7179717817 0.7166361065 0.718140722 0.7182186594 0.811987991 0.8139397947 0.8140385304 0.6722743056 0.6719459686 0.6700289675 0.6733173242 0.678061031 0.6892819427 0.588945483 0.5923953125 0.5154575937 0 0 0 0.5150770667 0 0.6140415268 0.6119140062 0 0.8344696566 0.8259591772 0.8252504809 0.8283265713 0.5643542563 0.5606402145 0.7978194634 0.787932903 0.7918166047 0.892852372 0.8962547114 0.5972304229 0.7373241699 0.8189965918 0 0.7402810483 0.754386293 0.7589365483 0.7607069106 0.7224684487 0.6275453524 0.8683697034 0.5782189787 0.6091495547 0.6521627105 0.7610571464 0.7542656879 0.5415193641 0.5447836914
0.5710440007 0.8597354829 0.7026051507 0.6561665159 0.6591643342 0.5090386434 0.508189341 0.5120362546 0.522554353 0.7123047034 0.708227006 0.7129739199 0.7113130749 0.7027194697 0.8181834941 0.8158643164 0.6906639337 0.6692564919 0.66799595 0.6657050342 0.6727489964 0.6788581052 0.6859072651 0.5123404381 0.5980362019 0.5507882 0.5116758264 0.5282969286 0.5270301036 0.5891370735 0 0.6053135954 0.6150608352 0 0.8301355151 0 0.8337166612 0.7058506717 0.5547328352 0 0.794606095 0 0.7888265479 0.7897720644 0.5896344443 0.7585554466 0.75434974 0.6407408089 0.6355502302 0.7399740512 0.7500645364 0.7522797402 0.7452005212 0.6360314641 0.603535956 0 0.5991918834 0.5944494023 0.5239661387 0.7133050507 0.5420303614 0.5487718962 0.5469680451
0 0.5699336188 0.6603115929 0.6560463186 0.6532583292 0.5109098044 0.5159490202 0.5126351093 0.5168280996 0.7099268942 0.707503704 0.7046376474 0.6957915538 0.7005332941 0.69549097 0.8182724551 0.8214584957 0.6701667521 0.6734031056 0.6240280197 0.6667879884 0.5928297882 0.6540343783 0.5486297241 0.56403244 0.7901057332 0.7147719694 0.5343166547 0.596385099 0.5988605496 0.5925600797 0.6071372542 0 0 0.8327664847 0 0.5661305426 0.5595464226 0 0 0.5747621415 0.5785769734 0.7442447535 0.6253260435 0.5914462476 0.5593827393 0.7492078608 0.6350387238 0.6327340374 0.7467612555 0.7440231887 0.7423201724 0.7474705546 0.7554155917 0.594333749 0.5939508452 0.5995430443 0.6050787977 0.6069261381 0.85134925 0.8842232383 0.5742278454 0
0.7081534342 0.6633977684 0.6622393771 0.6552973671 0.6574157356 0.6594636756 0.5249778051 0 0.718441874 0.7151906673 0.7093844274 0.7046899148 0.7035418532 0.6938305687 0.7010615536 0.6995463991 0.7043538593 0.7028583525 0.7051446503 0.6519145288 0.673758257 0.6693718107 0.517632614 0.5262143348 0.5238611145 0.7839519646 0.6084668332 0.5799474751 0.6062030052 0.6016571799 0.8756708236 0 0.7713433221 0.5392982119 0 0.5707168016 0 0 0 0 0.5736176595 0.5779532105 0.6224262022 0.6245795977 0.7456712902 0.8400362599 0.750959786 0.6408012553 0.6412717691 0.7506981454 0.7446083831 0.7489965712 0.7506005762 0.7561262081 0.6005211133 0.5990282549 0.6017230704 0.6060203352 0.7014997453 0.8912745812 0.8856349712 0.8920264592 0
0 0.6651341081 0 0.663954897 0.6604410206 0.5344430093 0.5315167122 0.5325910934 0.7277410705 0.7189034673 0.7137822568 0.7109260542 0.7027804705 0 0.6918130367 0.6961840716 0.6982701616 0.6983507164 0.7065664182 0.7160785037 0.5551762311 0.7025551111 0.5168215576 0.5162471703 0.523017926 0.708114602 0.6113095762 0.5585855949 0.570300521 0.5661606715 0.5733206637 0.8812622422 0.5130692222 0.8282715985 0.5354497394 0.5446889719 0.545615886 0 0 0 0.5787430008 0.5799172993 0.6265384376 0.700820728 0.5982020691 0.6059849727 0.6040243245 0.5256083677 0.7585494759 0.7447802633 0.7474818473 0.7571631679 0.7530097245 0.7569632649 0.8508974797 0.8482408565 0.6062754826 0.6085798286 0.832313693 0.8674996212 0.8980225531 0.5958581507 0.6991074155
0 0.7880584468 0.6699332018 0 0.6660698964 0.7618705963 0.5410580343 0.5381678878 0.5349397296 0.7174242414 0.7122068793 0 0.7683041432 0 0.6935184181 0.6960209451 0.6992281996 0.7015769488 0.7047273941 0.5642661085 0.6757004569 0.7650932924 0.87290568 0.6633519287 0.5718114897 0.6086768145 0.6083017814 0.6147131544 0 0.5722164444 0.5749604077 0.5042803212 0.5836617573 0.5410015422 0.5367522745 0.5364634168 0.6156133527 0.7255506941 0.6075737547 0.7681695515 0.7030455992 0.7052227242 0.7044661721 0.6064437435 0.6043345245 0.5971384574 0.6049013555 0.5999678361 0.8665366612 0.8677923574 0.8694870718 0.7464472387 0.7571816292 0.849639779 0.844043556 0.844285455 0.7413237079 0.7540543684 0.8457208497 0.8585084209 0.6299367305 0.8460031235 0.6167098556
0 0 0.6413834164 0.5486123447 0.5380337502 0 0.5402298375 0.6636688096 0 0.7001251565 0.6945977492 0 0 0 0.5763428629 0.5805500896 0.5799951217 0.7106090674 0.7113171877 0.74005163 0.5939380863 0.583292692 0.5837599049 0.5646828119 0.7071302537 0.6123318334 0.5162153188 0.6109999813 0.5772756678 0.5744462908 0.5766465877 0.5803921011 0.6918987743 0.7869889151 0.5635777566 0.6117718721 0.6170928034 0 0.6010731086 0.7122499185 0.700004692 0.6991027711 0.7072959099 0.9062358334 0.5976269679 0 0.5964700722 0.7923507971 0.8722614378 0.8646484707 0.873239791 0.5287418428 0.8532943653 0.8462328861 0.8450833648 0.8523713945 0.8479147966 0.6337127028 0.8592133989 0.8543362881 0.8620257772 0.5499445151 0.8649139487
0 0 0.809343609 0.7146052391 0.7397726324 0.5450908989 0.7183486707 0.5316758402 0.6544661607 0.6907414303 0.6178262197 0.6158628235 0 0 0 0.5706815409 0.5747725635 0.8374045805 0.7328960962 0.7412000806 0 0.8490878487 0.5808935675 0.8354607631 0.7177507923 0.7157954183 0.7168976605 0.5141970199 0.7290041119 0.5818262982 0.5696025047 0.5767060892 0.7817183529 0.7516340612 0.8243156088 0.6808038196 0.615342676 0.7028711467 0.8594475511 0.8660115309 0.7066020636 0.6998343383 0.7000366156 0.7956226834 0.8969747439 0.599207639 0.6031310508 0.7370812834 0.8671535721 0.7930399082 0.8677966901 0.7864782013 0.7911396148 0.5729413862 0.851777607 0.6255935291 0.5940333934 0.6812329338 0.8600452397 0.595376067 0.6735446431 0.6760955449 0.6912951959
0 0 0 0.8543146795 0.804937385 0 0.536217144 0.6619852381 0.6960520335 0.6283967436 0 0.6112483817 0.6113201921 0.6199486272 0 0 0 0.7249084803 0 0.8625150891 0 0.5927981801 0.5920226773 0.8017109961 0.7110530674 0.7167356474 0.7111786734 0.6095963112 0.605079931 0.6117320462 0.6406574671 0.5126642698 0.7840691807 0.782102736 0.8202909995 0.7851355369 0.5909385392 0.5984298266 0.5303580377 0.8565248593 0.7069641597 0.8327616518 0.7195346319 0.7149980005 0.7187628939 0.7120140666 0.6805187868 0.6866207713 0.7763456754 0.5944117873 0.7877318752 0.7918813468 0.793698645 0.7960962456 0.7047109869 0.8967612313 0.7115440347 0.783806734 0.5943420731 0.663360315 0.5867347122 0.6731989723 0.7192487694
0.5349695158 0 0 0 0 0 0.6001660424 0.5220035946 0.5171689825 0.8331467808 0.623692471 0.6176092569 0.6112071343 0.6197525881 0 0 0 0.7344522251 0 0 0.5953396636 0.5899116342 0.5918739183 0.7169403762 0.7083315086 0.7077015989 0.709854995 0.720981493 0.6035662167 0 0.6383224252 0.5584367135 0.7827095491 0.7836224502 0.7817693926 0.6108599279 0.8668484822 0 0.8581014186 0.8606792229 0.858100443 0.8559049595 0.7061067299 0.7124586416 0.7102104501 0.7186879581 0 0 0 0.6211607595 0.6202377624 0.6910466404 0.6635988789 0.5829637383 0.5853855893 0.5887509946 0.8200604872 0.7036055578 0.7757113005 0.664804885 0.6583120195 0.6949875688 0
0 0 0 0.732558023 0.7256295854 0.717621677 0.7235512254 0.540292633 0.5267810393 0.6243628833 0.6172417909 0.6147201337 0.620322715 0.6117399579 0.6577945248 0.6621488293 0 0 0.7261486258 0.7328240162 0 0.5944019742 0 0.7172968807 0.7100500497 0.7083858076 0.7113355953 0.5382502262 0.5458265016 0 0 0 0 0.7743443343 0.7795335494 0.7908004245 0.7715727603 0 0 0.8528043947 0.8516342196 0.8577939359 0.8295154075 0.7034511142 0.7073770214 0 0 0 0 0.6249408139 0.6196300113 0.6196719679 0.5652685047 0.6242027455 0.5796415957 0.7298245569 0.7637134418 0.7855588103 0 0.7749436673 0.7740884087 0.6450581087 0.6872456066
0.6196735934 0.6181289938 0 0 0.64018877 0.892595154 0.8442387496 0.7462719174 0.6537045124 0.6253304264 0.6191658033 0.8960497697 0.6245218634 0.7953268402 0.8376999096 0 0 0.7308223626 0.8003415985 0 0.5993633755 0 0.8970686056 0.7103418178 0.7197299761 0.7185371029 0.5380407068 0.5435409432 0.8045436657 0 0.7975351623 0.7669657824 0.7643514855 0.7706612049 0.8109018917 0 0.6267301414 0.8745754263 0 0.7350243757 0.7290140021 0.7311015655 0.7119063834 0.7132561511 0.7090711538 0 0 0.5854915687 0.8722675954 0 0 0.561501009 0.697431535 0.6038141266 0.6177323971 0.6225632735 0 0.7461843476 0.7714544197 0.7696522851 0.7682495462 0.6974827693 0.6946418401
0 0 0.6245180093 0 0.8439988443 0.8420204004 0.6846027682 0.8783154802 0.661205472 0.7898321292 0.9005907067 0.9053304161 0.9013825268 0.7017754845 0 0 0 0.676089899 0.6977881879 0 0 0 0.8659495222 0.5389592342 0.5375401253 0.5389453628 0.5724126874 0 0.6437956517 0 0.621917783 0.7968479659 0.7649592258 0.765661068 0 0.6237729516 0.6255297433 0.7237495361 0 0.7329705386 0.7262004484 0.7273807451 0.7888733633 0.7327978589 0 0 0 0.667711937 0.6723796113 0 0.552421554 0.5574834113 0.5653193724 0.619960803 0.6164898986 0.6140621507 0 0.8176641835 0.7746987395 0 0.703809534 0.6964675522 0.6944117477
0.8127313261 0.8445956729 0.519722771 0.702586951 0.6837507715 0.8203492918 0.8714637513 0 0.6732901849 0.8134812356 0.58471625 0.8447822366 0.7016868093 0.8073914562 0 0 0.6720245488 0 0.8562080371 0.8560896707 0.7034691267 0 0.5505317527 0.5432618461 0.5410037644 0 0.6457146556 0.6421829536 0.5370963204 0.8880802234 0.8026998589 0 0.7243896486 0.769130202 0 0 0.6281390099 0.7266476965 0.7172669513 0.7225739312 0.7233586573 0.7294499885 0.7250789891 0 0 0.8481114208 0.6249876815 0.8142591473 0.6327055431 0.5569351 0 0 0.6426184194 0.6655056487 0.6182209369 0 0 0 0 0.781088388 0 0 0
0 0 0.8660082324 0.8179665485 0.7793411071 0.8661171681 0.8663758647 0.8703996151 0 0.6611635086 0.786796651 0.8857462189 0.7579790058 0 0 0.6807888341 0.6801237718 0 0 0.6018894741 0 0.5530681201 0.5501501247 0.7021716376 0.692916687 0.7012672231 0 0.8119910659 0 0 0.6857065162 0 0.7279121349 0.6668198001 0.8748835254 0.603252284 0.7341306454 0.7249898855 0.8538832693 0.713714323 0.7216413061 0.6626200578 0.7235861826 0.727477097 0.7218978427 0.725516717 0.6178615585 0.6109145771 0.6173832319 0.6151156621 0 0.8157623839 0.7754749203 0 0 0.5973182666 0 0.591220663 0 0 0 0.527941026 0.7718288533
0.8195984954 0 0 0.5715272462 0.8677444046 0 0.875806501 0 0.8343626563 0.8347375681 0.8968452907 0.6937386116 0.7777153441 0 0 0 0.687414221 0.6869160172 0.6947996607 0.5979111876 0.5225488707 0.5473553701 0.5636619819 0 0.5628212979 0.6960850582 0 0 0.5739096327 0.6186794376 0 0 0.7183248052 0.7475131028 0.7469415711 0 0.5990754371 0.5853443092 0.7164101087 0.7138515487 0.8818361544 0 0.7217268337 0.7195355319 0.7276228514 0.6726051837 0.6197137219 0.6167129195 0.6100001288 0.6133575 0.6432378692 0.8084658451 0 0 0.5847265509 0.5924702799 0.5896056405 0.5887621617 0 0 0 0 0.7748161655
0.7691333187 0 0.8377670082 0.8399212906 0.5298922534 0.5863612756 0.832584605 0.8354445418 0.8269263459 0.836925186 0.8417657614 0.8791252134 0 0.6897788629 0 0 0.6088859076 0.6920606761 0.6561618151 0.6056286797 0.6118042866 0.5695920776 0.5632705269 0.5610514596 0 0 0.8267624941 0 0 0 0 0 0.5965063661 0.7505963138 0.746825641 0 0 0.8692011088 0.7154673657 0.7234422379 0.7211289023 0.7291111159 0.7262545671 0.7278475034 0.7244432673 0.6966506407 0.5853406251 0.6136100064 0.6198822869 0.6172396795 0.8002279976 0.8063446553 0.805005155 0.7811932272 0 0.7897746641 0 0.5831880179 0 0.8492420804 0 0.8580452795 0.6956332537
0.842951194 0.8332350757 0.8314295287 0 0.5774918171 0.5840983692 0 0.8278371027 0.836083644 0.8326494573 0.8442346558 0.8073910647 0 0.8716524308 0.6071673899 0.6042110316 0.6838672866 0.7983467091 0.6667414997 0.7595654006 0.5187752213 0.6092635554 0.5663545441 0.5702667104 0.5686565698 0 0 0 0 0 0 0 0 0 0.7510551496 0.8632222292 0.8598937917 0.8693266239 0.8695534039 0.7292256853 0.7228133938 0.6289823182 0.7323715477 0 0.7235861575 0.7547857712 0.7571261387 0 0.8168861404 0.8037733229 0.802646244 0.797095426 0.7799807971 0.7784977442 0.7803725063 0.7819456031 0.5879264283 0.5854999851 0.5878939033 0.8407330942 0.8490566994 0.8544789188 0.6725586793
0.7165764415 0.837021155 0.8362445538 0.8322540941 0.6621235984 0.6674459556 0 0.8300126551 0.5288792109 0.8734662281 0.7515483251 0.6200980949 0.7719277478 0.6681487965 0.6076985344 0.6027342176 0.6088649529 0.613517343 0.6153105766 0.6855630192 0.5103767968 0.6082081134 0.6002423967 0.5752013221 0 0.5781818639 0.782171301 0 0 0 0 0 0 0.5766277736 0.8999858713 0.7382202496 0.5826521639 0.8677782346 0.8748896081 0.5682725661 0.6033119404 0.7996132815 0.6316928416 0.6699610856 0.6703439203 0 0.7492249959 0 0.5394077529 0.8066826115 0.8005581162 0.8064220958 0.773497033 0.7721380683 0.7725082336 0.7861281509 0.586192135 0.5924377107 0 0.8458529651 0.8506436412 0 0.8551285745
0.7123622626 0.7214924008 0.8370945151 0.8876147138 0.6652760605 0.6575685013 0.7751798805 0.6513328758 0.6879033641 0.8758057809 0.8721793983 0.7617622303 0.7618404547 0.7628371768 0 0.6028274477 0.6037790293 0.6500109657 0.6153060408 0.6815042064 0.6777049753 0.6040879351 0.6066202115 0.6219177894 0 0.7319099362 0 0 0 0 0 0 0.6824572037 0.7071960604 0.6529110696 0 0 0.8720699756 0 0.5221272403 0.5165718187 0.5178209447 0.6607007745 0.7797550909 0 0 0 0.757272402 0.7683836318 0.5384549257 0.8434714387 0.6395621537 0.7724949821 0.7803503195 0.7752460459 0.8849904837 0.872889015 0.8136155672 0 0.855566251 0 0 0
0.7129549844 0.7187300853 0.8391951778 0.8298985015 0.692946506 0.69169678 0.6946245728 0.6926890166 0.6943300155 0.6800819368 0 0.7639453559 0.7556899722 0.7550151162 0.7640507071 0.6120004367 0.6111440419 0.6082396315 0.5957074163 0.7971781526 0.8150489603 0.5962796884 0.7245137092 0.7241111888 0 0.7394870353 0 0 0 0 0 0 0.5209483195 0.6873742098 0 0 0 0 0.5253889062 0.5160903006 0.5159723934 0.5170325675 0.5276230362 0.5310992882 0.8713355894 0 0 0.7162671042 0.7375746044 0.5442873882 0.5472347103 0.7816054317 0.7735522149 0.7727871112 0.7793985293 0.589036348 0.6617069704 0.6645881806 0.8598555965 0.8586654586 0 0.8619818534 0.5816425463
