landscape/hab_quality/256/simulation_000006_p065_h030_HABMAT_patch_more_500pix_modified.asc_ac_0.5_quality.asc
NCOLS 513
NROWS 513
XLLCORNER 0
YLLCORNER 0
CELLSIZE 9.980507
NODATA_VALUE NaN
[rows 372 to 402 of 513, columns 210 to 279 of 513]
0 0.882238488 0 0.5427951776 0 0 0.7823585842 0.784163258 0.8025160107 0.8002313376 0.7988954583 0.7858494787 0.7830346871 0.7769559587 0.7819083316 0.7800023192 0.882688309 0.8845882576 0.8851724346 0.8539487586 0.8611215065 0.8514785538 0.8465044216 0.8494586701 0.8536378576 0.8632072448 0.8674349958 0.7509053933 0.7547391543 0.7528780782 0.7281244046 0.7364113172 0.5138416849 0.8843377768 0.5882956491 0.583211387 0.5841917599 0.5806458584 0.5972374851 0.7096933297 0.707824105 0.7051429365 0 0.511497998 0.5110275519 0.515526189 0.5163411452 0.520885619 0.6697166547 0.5365892705 0.5816777867 0.6728907393 0.8331851422 0.7458693873 0.5103922545 0.7334193927 0.5178335538 0.8933864227 0.7221611116 0.8926971936 0.8928496547 0.5702832679 0.6670543143 0.6754862332 0.8867861079 0.6797446627 0.6733999201 0.816863337 0.8158557946 0.8098039672
0.5221159414 0 0 0 0 0.775057709 0.7758937633 0 0 0.796957754 0.7935470421 0.7920702777 0.7818569068 0.7812535621 0.7767360767 0 0.7872683275 0 0.8556837934 0.8538389083 0.8226766557 0.849293168 0.8521871941 0.882183927 0.8497759203 0.858047597 0.6119273524 0.7190524863 0.7624247304 0.7017709226 0.7047087127 0.699823913 0.7093600594 0.8300701372 0.5943156403 0.5871102954 0.5798528471 0.5799558645 0.7148931061 0.7159839121 0 0.7040178358 0.7103425811 0.5134127048 0.5161716401 0.5138428071 0.5223712513 0.5266768606 0.5273229065 0.5410808467 0 0.6550190938 0 0.7509622322 0.7482132708 0.5158892071 0.8982115868 0.9012712935 0 0 0 0 0.6692854436 0.6679943391 0.6891144081 0.8860572172 0.8039519847 0.82082592 0.8075620263 0.6859081402
0 0 0 0 0 0.7771224581 0.7773280603 0.8528730001 0 0.7947143561 0.7952615202 0.7898035434 0.7849509782 0.7861662109 0 0 0 0.6279082369 0.6726077713 0 0.8547095597 0.6475552718 0.8606341922 0.8523992173 0.8484610879 0.7000867695 0.6071231349 0.6126398213 0.5125278487 0.7568793945 0.6158308654 0.7050709052 0.7048085945 0.8310928317 0.5908024304 0.579987506 0.5895300758 0.5807061105 0.8800981955 0 0.5965527461 0.7130591595 0.7082945534 0.5442292023 0.6712561838 0.6796882814 0.5295595734 0.5301795404 0.5275192806 0.7693865624 0.6038636895 0 0 0 0.5743831107 0.5757437938 0 0.6586313425 0 0.7840180834 0 0.797457478 0.8067432184 0.6821499621 0.8132298189 0.8114668638 0.8064230239 0.8002946162 0.8075131863 0.8091914742
0.8884502832 0 0 0.8619454742 0.6489289581 0 0 0 0.7978504332 0.5959512401 0.7945028391 0.7954257278 0 0 0.7951869063 0.6985954343 0.7014350886 0 0.7146311639 0.6797182049 0.5552880587 0.7266062077 0.5015104864 0.8501750829 0.8526934276 0.8530062052 0.6159332832 0.6108141353 0.8850045159 0.8085712018 0.8146064324 0.811706037 0.8751981188 0.8308716326 0.8231150443 0.8293942332 0.7290752685 0.5782603249 0.7485334974 0.6010311311 0.5989563282 0.6028234521 0 0.6061406959 0.6783173689 0.7485982255 0 0 0.5369250919 0.6011592892 0.8652919954 0.5716112799 0.8177457256 0 0 0.573587496 0.6460016701 0.6590464195 0.6860699931 0.8073608 0.7647599918 0 0.7616120399 0.817598918 0.8149074882 0.8092296365 0.808391521 0.8011531199 0.8010302016 0.8097533837
0 0.8962415487 0.8645650217 0.6883855242 0.6875454662 0.5463097791 0 0.7700914139 0.7677959911 0.7967574596 0.8012842281 0.7965971233 0.9065469988 0.8576178938 0.5943480985 0.699425533 0.6922743332 0.6985088487 0.739638572 0.5447752003 0.5514870673 0.5543787982 0.7658884863 0.5637332625 0.6281611018 0.8638665583 0.616171522 0.5440819848 0.5216551164 0.806190531 0.8051703699 0.8034266098 0.709077674 0 0.828477676 0.8310214914 0.8767798498 0.6775455578 0.7553800831 0.756675186 0 0.7701163341 0.7746380723 0 0.8405887115 0.8533883086 0.656176599 0.6550134842 0.8671358765 0.8694142726 0.859511013 0 0.8155389762 0.8148349077 0 0 0.6833068704 0.6378624355 0.7982420763 0 0 0.7603414335 0.7640112813 0 0.7995051251 0 0.8161274093 0.8136496575 0.8225782662 0.8217832421
0.7652737538 0.6745284318 0.7334326721 0.6990538156 0 0.6879146623 0.7777068973 0.7718020922 0.5584121878 0.7761886728 0.9016024782 0 0.8976870866 0.6448042194 0.6001737909 0.7012733366 0.6962847603 0.701936932 0.875173922 0.5427766942 0.5479679998 0.8541333881 0.5123130954 0.8160546283 0.7429069665 0.8616045804 0.7850757192 0.5427626288 0.5397012296 0.8130172541 0.8045563939 0.7985349898 0.7992917415 0.7970944425 0.8756626913 0.8701251031 0.8764506145 0.8823462804 0.7634020194 0.7567890235 0 0.7681188807 0.7761791161 0.779665881 0.8282238715 0.8237966741 0.7860475918 0.6513965233 0 0.8579196617 0.8532207646 0 0 0.809732608 0 0 0 0.6803806335 0 0.7903710972 0.7855502303 0.7819964603 0.7809270416 0.7839332744 0.7902363943 0 0 0 0 0.5195935218
0.7686785344 0.7329255078 0.7281088894 0.789881305 0.6513990317 0.7957114497 0.8369654598 0.5091441967 0.7721501805 0.7166320182 0.6316113431 0.8968376674 0.8915919435 0.8944758711 0.7025521002 0.6778480362 0.7590075871 0 0.6214227386 0.8004898553 0.5396986645 0.546640035 0.8579446542 0 0.8542038698 0.7086359879 0.5134844815 0.5446589672 0.6251724773 0.5311337867 0.5306730292 0.7924752226 0.7911858915 0.7873727022 0.7848388675 0.8769705497 0.8743126275 0.5252370391 0.623844773 0.5799169536 0.7733196345 0.7759037333 0.7778856769 0.781930951 0.651994563 0.56907489 0.6529994318 0.6628170869 0 0 0.8621182626 0 0 0 0 0 0 0.8538179628 0 0.787636168 0.7861447538 0.7773687094 0.7794232047 0.7823329904 0 0 0 0 0 0
0.7671332967 0.7331222495 0.7265178556 0.7890915502 0.7868509107 0.7842338077 0.7981626075 0.8121563508 0.5975250523 0.5978470831 0.8418956367 0.9001235504 0.9005171519 0.6730905851 0.7285119032 0.7826434602 0.6585103546 0.6254917737 0 0.7202750515 0.5443421564 0.5433047396 0.8575045631 0.8600981283 0.8596674202 0 0.7416245967 0.727749563 0.8168308435 0.8141256 0.8065861952 0.7977086726 0.785523992 0.7842436004 0.7849235868 0.5039349986 0 0 0.5792607511 0.6956099823 0.5281288136 0.8013289296 0.7946812808 0.7909631444 0.6463996546 0.6436687634 0.6483842149 0.6459495242 0.8470489857 0.847795041 0.734107103 0 0.6928119404 0.5330900996 0.8555809489 0 0 0.8344777102 0 0.7875777703 0 0.7788428232 0.7795817803 0.7824532257 0.7825157258 0.5114430759 0.7838539902 0 0 0.6771117977
0 0 0.7309339294 0.7894251466 0.7817041894 0.7890991484 0.7863194027 0.8731001135 0.6510707093 0.5906582539 0.622937308 0.6218252676 0.6089711159 0.6753334158 0 0.7207391548 0.7287658698 0 0 0.7274686593 0.5928099716 0.7049666266 0.5500928324 0.8590369838 0.7326767312 0.6254830678 0 0.7325714141 0.8186631372 0.8109340128 0.8047454493 0.8042250379 0.7860327348 0.7882086772 0.7868672921 0.5824175312 0.5817501754 0 0 0 0 0 0 0.7848742358 0.7771014116 0.6494074532 0.6438377351 0.6495818235 0.8436388056 0.8470827916 0.8462916663 0.5965220162 0.5264960673 0.6486884947 0.7207758677 0.6415550281 0 0 0 0.6117216936 0.5318729604 0.7798347497 0.7838117258 0.7885248311 0.6987291553 0.7826440268 0.7890686335 0.6897918229 0.6824276431 0.6753640822
0 0.7319610901 0.7328057313 0.7899133037 0 0.7818063519 0 0.6590166859 0 0.6171151229 0.6157261148 0.6223902586 0.5551367406 0.8360221777 0 0.8843597525 0 0 0.580483011 0.5993420306 0.5535298088 0.5486478309 0.5000986291 0 0.6409369396 0 0 0.7445189271 0.8110040135 0.8089106612 0.8087334146 0.5863626154 0.5857269827 0.5779513968 0.573874214 0.5744696434 0.5793017107 0.5163704882 0.5991136673 0 0 0 0.7744156156 0.7759513315 0.7824892373 0.6444987785 0.6453341851 0.8417408873 0.8416013014 0.8414468113 0.5915152987 0.6004398124 0.6040988414 0.6964763868 0.8990617476 0.8122098362 0.8132698387 0 0.718187135 0.8121775481 0.5716384322 0.723967705 0.7932372454 0 0.7851936771 0.7892126369 0.7925335126 0.684084427 0.6771838216 0.678169363
0 0 0.5951950499 0.7204287388 0.7151056247 0.7900617799 0.7909148725 0.6625934294 0.657459266 0.6121613543 0.6142280781 0.6702600457 0.5486026413 0.7328369554 0.7378043184 0.8457594407 0.5604874845 0.5605956042 0.5647218455 0 0.5505785085 0.5482480556 0.5561224434 0.7347144834 0.682268051 0 0.740933948 0.6736160316 0.8149396984 0.8134348236 0.8093315452 0.5908892222 0.5835298073 0.5775492297 0.5715840319 0.5736172646 0.5828032673 0.5846221058 0 0 0 0 0.7695125337 0.7776789396 0.7816334702 0.652299672 0.8453327521 0.8423684328 0.8388595427 0.8470812755 0.8540757909 0.5282379556 0.602853849 0.505775164 0.512301691 0.8397220832 0.8174086725 0 0.7187503285 0.5194866126 0.8412383114 0 0.7245241329 0 0 0.5872657841 0.5900852314 0.7329470516 0.828915422 0.8329355807
0 0 0.6290370519 0 0 0.8545502974 0.7676418405 0.6638279563 0.6189359264 0.7366647251 0.5983591658 0.5443438907 0.5483952164 0.7313245547 0.7315112311 0.7389357822 0 0.558498054 0.5547495109 0.5500564711 0.5473984448 0.5489797958 0.5525831603 0.5537794857 0 0.7128193256 0.7273005306 0.7116315685 0.6109387624 0.804496241 0.814838115 0.541826998 0 0.5760790718 0.5795876316 0.5747053137 0.5828018106 0 0 0 0 0 0.7750326635 0.7756928739 0.8027517753 0.8582888611 0.8491884184 0.8425775954 0.8406766538 0.8410531686 0.8490553215 0.8637184006 0.8636123981 0.8616891155 0.5024676487 0 0 0 0.5252624516 0.5296977637 0 0 0 0 0 0.5839697237 0 0 0 0.8233277269
0.8678992882 0 0.7189233252 0.5868670833 0.6298371465 0.6317619271 0.6292025887 0.7506975957 0.6286441073 0.6205138531 0.5504773448 0.6625923124 0.6650159211 0.6684839562 0.8046309152 0.7371023372 0.5556571963 0.5519524341 0.5441761201 0.5458771358 0.5498187086 0.5413828087 0.556838967 0.8598196432 0.5790969117 0.7083097733 0.7039112694 0.712223022 0.6099447574 0.6185329394 0 0 0.6491700356 0.6534891409 0 0.5784645102 0.5761184595 0.5917593785 0 0.736260226 0.7625958272 0.6693881387 0.6745174403 0.6719812841 0.6254728213 0.5414822167 0.8465832301 0.8427900369 0.8463788781 0.6946056968 0.8599979986 0.8602827376 0.8615313663 0.866092652 0.7000408698 0.7746571041 0 0.8567520983 0 0 0 0 0 0 0 0.5832578115 0 0.7244171437 0 0.8202208781
0.8768097666 0.8711140164 0.7175077437 0.7210385806 0.6297091879 0.6245401617 0.8903277816 0.6280091273 0.5711491081 0.630326983 0.6702642336 0.8498313579 0.6608395802 0.6567140196 0 0.6644559383 0.5528802283 0.5501464904 0.5437634207 0.5522701827 0.5502072902 0.7261280092 0.8468209722 0.5102460033 0.7241092523 0.7072608813 0.5218616782 0.7090663721 0.6618472362 0.6125157692 0 0.6544373438 0.644671929 0.652758411 0.6571109832 0.6643640739 0 0.5918170457 0 0.8230275068 0 0 0.6687499191 0.6620502491 0.6626987587 0.657566238 0.6741177452 0.6777614385 0.6858379173 0.8514461913 0.8524148679 0.8519655043 0.844485797 0 0 0 0.8521669436 0 0 0 0 0 0 0 0 0.5868596117 0.590085759 0.6839626266 0 0.8202744104
0.6081360937 0 0.7386628972 0.7178224963 0.6182352566 0.6207232335 0.6187452804 0.6065984531 0.6209082288 0.6254071459 0.8547991711 0 0.653543818 0.6524641755 0.6561185396 0.6594644242 0.5552078712 0.5514899189 0.5504699157 0.5472094208 0.717971061 0.7236229273 0.7883989275 0.6174433681 0.6277255695 0.5033972567 0.628459081 0.539882455 0.5422511731 0.5416037362 0.5506907063 0.6451368268 0.6623465157 0.6487878062 0.6488689127 0.8010665393 0.8816172677 0 0.8514560833 0 0.6066036514 0 0.6720172891 0.6662729538 0.6570159489 0.6645285445 0.6684301853 0.6694688887 0 0.8537992363 0.8445881155 0.8479780816 0.8443734202 0 0 0 0.8355090654 0.6497704863 0 0 0 0 0 0 0 0 0 0.842705429 0.8446100232 0
0.6529309561 0.6041339495 0 0.6239631696 0.6230037172 0.6130455553 0.6150102214 0.6164609533 0 0 0.7308934311 0.6580634369 0.655621516 0.6486754197 0.6520899027 0.6485219631 0.5549717236 0.6421737902 0.6394059452 0.6407280104 0 0.7208870188 0.7483811422 0.8817254742 0 0.6234673147 0.6223467937 0.5441278503 0.5392038842 0.5467070978 0 0 0.6552527031 0 0.7920892741 0.531497084 0.6508083286 0 0 0.6831123172 0 0.6794755223 0.670494834 0.6647039508 0 0 0.8918728109 0.670402783 0.8255204879 0 0 0.842020193 0.8516218767 0.8523207612 0 0.8541179981 0.6502195743 0 0 0 0 0 0 0 0 0 0 0 0 0
0.6004988723 0.5977401453 0.6038696133 0.6322674355 0.6162042517 0.6153996621 0.6155702743 0.6190808727 0 0.7880511953 0.7372333156 0.7277290884 0.6573660106 0.6521712506 0.6442227256 0.6452005694 0.6438311516 0.6451614783 0.6421965784 0.6386706215 0 0.7158597744 0.9078400311 0.6225911683 0.7104249011 0.6150684259 0.6152327256 0.5428903408 0.5487773369 0.5468389096 0.5532779302 0.7159246876 0.6785164237 0.6746560737 0.5269944638 0.5349099007 0.8684501094 0.7532388601 0 0 0.5116326564 0.6815936766 0.6747001345 0.666809687 0.6653487393 0.8970617903 0.6710573218 0.8283902045 0.8324506761 0 0 0 0 0.8564916406 0.6488904199 0.8600940399 0 0 0 0 0 0 0 0 0 0 0 0 0 0
0.5945840013 0.6975825177 0 0.6255755618 0.6230306832 0.6183017688 0.6171858597 0.8774649597 0.6222726026 0.7800240799 0.7823742397 0.7863232377 0.6611515669 0.6521088514 0.6435408048 0.6387341851 0.6388654091 0.6484712173 0.646485585 0.6452346335 0 0.8994006584 0 0.8992184744 0.6149467769 0.6188119715 0.6165851607 0.6294924636 0.5345032875 0.5302047296 0.6124749777 0.5237663928 0 0.536724232 0.7479550573 0.5297925308 0 0 0 0.5134423014 0.7593881429 0 0.669511859 0 0 0 0 0 0 0.8383348439 0 0 0.6489888095 0.6543416463 0.66021555 0 0.8891336928 0 0.8576421665 0 0 0 0 0 0 0 0 0 0 0
0.5958281217 0.7676317916 0.5685223693 0.6296503382 0.6310138942 0.8757251734 0.8694921983 0.8674496251 0.8668859691 0.7845483053 0.7800030157 0.7863719781 0.6569103554 0.6436863675 0.6472025196 0.6443797251 0.6441583811 0.640793315 0.6501389543 0.9081861909 0.8983304913 0.8949150707 0.892431607 0.8949524779 0.6187039317 0 0.8294630176 0.8351402159 0.5365551316 0.5268329937 0.522546335 0.5307852722 0.5379113076 0.6235929083 0 0.5294167815 0 0 0.6711860963 0.8488913352 0 0 0 0 0 0 0 0 0.5135940094 0.6843394642 0.799124325 0 0.853633307 0 0.7710623083 0.6715819565 0.8170132962 0 0.7487573863 0.7495510145 0 0 0 0 0 0 0 0 0 0
0.5208221773 0.5148486215 0.5152808699 0.5675678248 0.5655541727 0.861230506 0.8640010068 0.8644051127 0 0.7800341488 0.7825694434 0.7874855652 0.6450037778 0.6460884754 0.6493134406 0.6569431365 0.6649437369 0.6621658639 0.6536492459 0.6484613814 0.9049037718 0.89851151 0.8946195994 0.9012991964 0.8398100212 0.8348008331 0.8403634808 0.8269220855 0.7451772501 0.5232799857 0.569151708 0.5275446458 0 0.5930668559 0 0 0 0.5224615881 0 0.7620488259 0.6274529802 0.5251187381 0.6288818654 0 0 0 0 0 0.6786890244 0.6783514655 0.8672090289 0.815934037 0.721280228 0.780093646 0 0 0.8434921885 0 0.7511071497 0.7449028056 0 0 0 0 0 0 0 0 0.7692182718 0.7590929587
0.5137683968 0.514522993 0.5191005622 0.5662054226 0.7462452712 0.8599898006 0.8606396522 0.8654610146 0.8736619727 0.8804877936 0.787320263 0.7857415157 0.5983399128 0.6533754542 0.6592732503 0.6513846429 0.6576881759 0.655891648 0.6534000705 0.6450578043 0.7881043361 0.8965189637 0.8996378194 0.89898222 0.8376698943 0.8332940795 0.8338437974 0.5562181382 0.5375446323 0.5347861827 0.5472793534 0.5459297238 0.5718503206 0.5456835003 0 0.9048601427 0.5211346682 0.5132811655 0.8146861211 0.7301829959 0.754230115 0.6224195602 0.6216850775 0 0 0 0 0 0 0.6874010191 0.687398814 0.7164168799 0.7247091848 0.895379111 0 0 0 0.7555444016 0.7547949909 0 0.7459221878 0 0 0 0 0 0 0 0.7633296919 0.7566366112
0.8230118731 0.5141594928 0.5201064481 0.7775919499 0 0 0.8594811944 0.8658728839 0.8711819101 0.8751736767 0.8782781958 0.6182538549 0.5922663706 0.7165109619 0 0.8436817924 0 0.7913983664 0.8315965143 0.7799622412 0.7800123878 0.780459724 0.8975685843 0.7980346784 0 0.8410571114 0.8359645543 0.5081261284 0.5365746474 0.5474253416 0.5495241467 0.5454155929 0.5371201743 0 0 0.9018805234 0.889998769 0.8896211897 0.8816379388 0.8093905423 0.5761650496 0.7105732558 0 0.6310736773 0 0 0 0 0.5724202819 0.7216165478 0.844357481 0.8443369156 0.845932692 0.8925430916 0 0 0.8232144606 0 0.5125025553 0 0 0.7512141513 0.8592056664 0 0 0.8399250292 0.7689975983 0.7662307315 0 0.7593821809
0.5228791877 0.6295536415 0.8165135521 0.8906372776 0.8969258501 0 0 0.8689926198 0.8739698561 0.8789899132 0.8462717321 0 0.8439886235 0.7183077119 0.7158948116 0.548542734 0.747246125 0 0.7913007133 0.8311192609 0.7795780575 0.7869362408 0.7916701141 0.729498077 0.7539207627 0.8420637084 0 0.8427281143 0.5129356606 0.5493191067 0.556113956 0.825306464 0.5295891224 0.5294462782 0 0 0.8972045333 0.8893176842 0.8920793408 0.5855723576 0.8060452864 0.5701138535 0 0.8245096097 0 0 0.6073803692 0.8966762698 0.8317408223 0.5702749121 0.7189388699 0.8378818763 0 0 0.8973156254 0.8985431129 0 0 0.5075331821 0.5134976432 0 0.8943107367 0.7514946986 0.8236976237 0.748035801 0.7398206836 0 0 0.7654117848 0.7596448437
0.5297983527 0 0 0 0 0 0 0.854215564 0.8493058896 0.8416208803 0.8372388219 0.8371328871 0.8393392244 0.7180844551 0.7194311097 0.7257492648 0.7445181669 0.8051950085 0.7973014072 0.7892519179 0.7864102538 0.7817089402 0.7877692506 0.7467887232 0.7453370935 0.7456656631 0.7486576262 0.8838106187 0.807376074 0.7386370089 0.7393938184 0.5474725842 0 0 0.5360638224 0.8991833674 0.8933060713 0.5097063783 0.8925244386 0.8158920748 0 0 0 0 0.7699034447 0.6401752293 0 0 0.7908942555 0.8711988771 0.8421527945 0 0 0 0.9013313612 0 0 0.5169764057 0.5084304946 0.6730775866 0.5641357017 0 0 0.7010453365 0 0 0 0 0 0.6479986587
0 0 0 0 0 0 0.8481955489 0 0.8495173727 0.8447173598 0.8420580611 0.8442153008 0.8405940177 0.5308979913 0.7263028029 0.8777418403 0.7541938992 0.5631820051 0.7979533679 0.7974937181 0.7953274235 0.7388828528 0.7445834899 0.7370764836 0.6929481878 0.7443548462 0 0 0.8525215512 0.635902222 0.7346084242 0.5981416982 0.6801478106 0.7877373418 0.7864299155 0.7482990575 0.7535469764 0.7551319594 0.6376052665 0.6418460877 0 0 0.5046335985 0 0 0.6938229138 0 0 0 0 0.5362237219 0 0 0 0 0 0 0.6216797505 0 0.5662684827 0.5710063731 0 0 0 0 0 0 0 0 0.5182184622
0.8824783319 0 0.8184621476 0 0.6345441406 0.6953199972 0.8484519562 0.85641636 0 0.5132303957 0.852816375 0.8467951801 0.8496335159 0 0.5247179825 0.526498277 0.7159426163 0.8029811975 0.79983858 0.5168590995 0.8576076182 0.7418496746 0.7352315217 0.7357104463 0.73868251 0.7448377416 0 0.888367818 0.733998337 0.7448517956 0.8396554558 0.5907234019 0.7678059752 0.8840133995 0 0.8874779327 0.6099874605 0.761492329 0.6367842873 0.6357161497 0.6428894205 0.6463613016 0.5613919669 0.504448407 0.5061337653 0 0 0 0 0.6493170206 0 0 0 0 0.7758260047 0.7743967941 0 0 0 0 0 0.5929183958 0.5972806625 0 0 0 0 0 0 0.5148666612
0.5935728266 0 0.8878248051 0 0 0 0.8524841682 0 0 0.7345142182 0.6894644713 0.6532853496 0.6517469341 0.6475248243 0.517101366 0.5223545389 0.7102663249 0.7121192801 0.5323755893 0 0.5112359862 0.7445169397 0.7420054387 0.7358637379 0 0 0 0 0 0 0.8648763171 0.691036056 0.8860424432 0.8924028976 0.8831812591 0.8835128811 0 0.8932619211 0.6413151959 0.6407545827 0.6440665213 0.6470646782 0.74390358 0.5088241606 0.5039222289 0.5054843309 0 0 0 0 0.6707833233 0.6762132067 0.7453276523 0.7708868974 0.7687006826 0.5856231901 0.8760479159 0.8012878558 0.7981306772 0.741466578 0 0.5876414678 0 0.5914899807 0 0 0 0 0 0.5260324698
0.5975600303 0.5968831229 0.6593625645 0 0.8873129479 0 0 0 0.6592859182 0.6535477333 0.6570725298 0.6459652137 0.6446017287 0.6437973058 0.6484988728 0.5179761319 0.7162209355 0.5166797732 0.523435648 0.5249338806 0.5083211303 0.5132428254 0.5079396454 0.7223958146 0 0 0 0 0 0 0 0.8952552336 0.8896965107 0.8848195774 0.8841205156 0.8836787158 0.8916638954 0 0.8150100005 0.812940187 0.8209461095 0.6521580283 0 0.5054248068 0.5494576076 0.8506753882 0 0 0.7885752211 0.6618779808 0.6665027465 0.6637677123 0.6812935642 0 0.776201364 0.7704702935 0 0.7407180486 0.6627318369 0.7380021157 0.5917432177 0.5927289697 0.5892829144 0.5951467837 0.6184309142 0 0 0.8291205516 0.5150459665 0.5198026843
0.6036573317 0.5638971961 0.8914241672 0.8823288982 0.8828155102 0 0 0 0.6576568745 0.6532477675 0.655413444 0.6467622873 0.6491270043 0.6419883987 0.6434710408 0.6503905842 0.531537897 0.5202122992 0.5153839934 0.5210948238 0.5163275705 0.5073477233 0.5143925958 0.7272996583 0.7268364511 0.5881676842 0.7430450222 0 0 0 0.6241513913 0 0.8903614961 0.8913279402 0.8922098938 0.8925170826 0 0 0.6749820546 0 0.8206512535 0 0 0.6546454626 0.5314030594 0.7275566705 0.7309821315 0.7244797021 0.6742967597 0.6686068177 0.6596894457 0.6632653383 0.6728566219 0.6775054134 0.7815442025 0.7449776128 0.8532345372 0.8461291401 0.8468451496 0.7622628674 0.7635280026 0.6429617884 0.5965464929 0.5978392602 0.583088361 0.8305864582 0.8334171687 0.8269481337 0.5188869333 0.5092886054
0.5566885756 0.7905561254 0.7871930297 0.8006453698 0.8738410599 0.68277024 0 0.7218596836 0.6603796228 0.6547399158 0.5386966321 0.6570720805 0.6441838664 0.6437639384 0.6463821412 0.540586732 0.5276087456 0.5238495792 0.5210495436 0.5192516371 0.511354528 0.5119557192 0 0.5560641746 0.7786799119 0.7245030423 0.7183277475 0 0 0 0 0 0.5642657494 0.8981907521 0.8942981511 0.9020252179 0 0 0 0 0 0 0.8176634496 0.8241484234 0.7735821892 0.8831640908 0.723361534 0.7328849752 0.6718525021 0.6643029405 0.666472119 0.6631705627 0 0 0.6364131247 0.8559959251 0.8504643119 0.7561184533 0.7587136572 0.7557192567 0.6286544557 0.843159886 0.8365803234 0.5635829725 0.8255461758 0.8716653846 0.8239370426 0.8958046646 0.587212999 0.5114176783
0.7913280619 0.7869269416 0.794661538 0.8020594402 0.8761607301 0 0.7430470908 0.8371719536 0.8514953615 0.8494471017 0.8393103141 0.8409503288 0.84623969 0.7654832152 0.7640943772 0.5467589306 0.5322954465 0.5323265763 0.5259793841 0.534406004 0.5221593114 0.740362917 0.7362549049 0.5014147603 0.5572081087 0.627165769 0.7169527495 0.5649394257 0 0.5679843581 0 0 0 0.9004858209 0.863419386 0.8714714713 0.7792073804 0.8269186062 0.8368886898 0.7609685771 0.7659106443 0.529048654 0.815520468 0 0.7019114204 0.7254314932 0.7290466378 0.7239959904 0.6740512046 0.6719033674 0.6736906578 0.5715312798 0 0.5830386494 0.9010107604 0.9060917101 0.501752514 0.6551955584 0.7548172002 0.7622295925 0.7595132257 0.8270755328 0.5592818948 0.8412769071 0 0.8242961072 0 0.6838062648 0.6765802771 0.6632101991
