landscape/hab_quality/256/simulation_000068_p047_h043_HABMAT_patch_more_500pix_modified.asc_ac_0.5_quality.asc
NCOLS 513
NROWS 513
XLLCORNER 0
YLLCORNER 0
CELLSIZE 9.980507
NODATA_VALUE NaN
[rows 310 to 340 of 513, columns 350 to 419 of 513]
0.6199855901 0.6176442647 0.6259999422 0.8887848782 0 0.5246115808 0 0.5002229565 0.8057503341 0.809258808 0.8058430739 0.8058601846 0 0.5903346637 0.5958855157 0.6772319906 0.7052772333 0 0.7035990114 0.8118141076 0.8121978409 0.8719981031 0.870061167 0.8631861318 0.5063444677 0.5054507951 0.5139186556 0.6063359823 0 0.8226899457 0.847196478 0.5835964116 0.5834123183 0.5814206722 0.5815731884 0.6235326435 0.6961411494 0.8697617338 0.6911133694 0.6755569438 0.6959652452 0.692743888 0 0 0 0 0 0 0 0 0 0 0 0 0 0 0 0 0 0 0 0 0 0 0 0 0 0 0 0
0 0 0 0.6701298993 0.5169893367 0.8513795839 0 0 0 0.8233846582 0.8116297014 0.8132733385 0 0.5940197888 0 0 0 0 0 0.877878358 0.8789898157 0.7823578854 0.866593665 0.5136028659 0.5037935923 0 0.513877219 0.8098276101 0.8099119201 0 0.5812860125 0.5816508032 0.5868606728 0 0 0 0.5126566834 0.6448755005 0.6126876023 0.6778246916 0.8691704329 0 0 0 0 0 0 0 0 0 0 0 0 0 0 0 0 0 0 0 0 0 0 0 0 0 0 0 0 0
0.5147590599 0 0 0 0 0.7374603662 0.7284050996 0 0.8215194848 0.8251468065 0 0.780105909 0.7758582801 0.773746236 0.8190209308 0.8135551165 0 0 0 0.8351389049 0 0.8348184224 0.6118888323 0.5049352647 0.5134539922 0.5051461325 0.5086896688 0.815762086 0.8072341071 0.8225425681 0.5840914559 0.5755890189 0.5820718273 0.5443092098 0.5383134794 0.8410115918 0.8567489252 0.7166240777 0.67599483 0 0.6864395526 0 0 0 0 0 0 0 0 0 0 0 0 0 0 0 0 0 0 0 0 0 0 0 0 0 0 0 0 0
0 0 0 0 0 0 0 0 0 0 0 0.7664958053 0.7708606205 0.7681834449 0.8132390629 0.6707694908 0 0.5404732433 0 0.5436936837 0.8307042873 0 0.8297999762 0.6033280154 0.5962850209 0.604983093 0.568634233 0.867371452 0.8739609287 0.8061400436 0.5817829722 0 0 0 0.6060463814 0.7621874705 0.8603764445 0.8547299831 0.8617969504 0 0.6634913885 0.8260194799 0 0 0 0 0 0 0 0 0 0 0 0 0 0 0 0 0 0 0 0 0 0 0 0 0 0 0 0
0 0 0.7730793958 0 0.7002707619 0.6594866787 0 0 0 0 0 0.7612667299 0.76121513 0.7621702072 0.5479993819 0.6167325596 0.66872474 0.5379459792 0.5389372679 0.5441597232 0.8969353314 0.8276044912 0 0.6017531272 0.6045974393 0.6017180745 0.8667811034 0.86689438 0.8667696192 0.621700192 0.6175732138 0 0 0.5239784769 0 0.7801761904 0.856656289 0.6534502938 0.645079591 0 0 0 0 0 0 0 0 0 0 0 0 0 0 0 0 0 0 0 0 0 0 0 0 0 0 0 0 0 0 0
0 0.766173044 0 0.6990524265 0 0.6670614454 0.6695133753 0 0 0 0 0 0.7687642636 0 0.5433658833 0.5380785016 0.5365166353 0.5398123264 0.5384407269 0.8979460657 0.8207304523 0.8209972425 0.8073892672 0.6125752234 0.8086903863 0.6139576006 0.7799392661 0.8596490219 0 0.6268187615 0.6193477162 0 0 0.5151410681 0.5236547811 0.503639805 0 0.6488102477 0.6448912049 0.6464407762 0.6445636184 0.6468110569 0 0 0 0 0 0 0 0 0 0 0 0 0 0 0 0 0 0 0 0 0 0 0 0 0 0 0 0
0 0 0.7695415832 0 0 0.6732543171 0.6633768058 0.6698977941 0 0.7753719987 0 0.8511738266 0.7966645259 0.7997235741 0.5394170943 0.542950693 0 0 0.8148363701 0.8117904008 0.8174327745 0.8192485665 0.8240453262 0.5305577496 0.6372514419 0.8884192817 0 0.8648486923 0.5769821111 0.8584850783 0.8672995695 0.7277282517 0.7177849842 0 0.5199821006 0 0 0.6423617455 0.646014932 0.6440887411 0.6463614817 0.6497982784 0.7223736141 0 0 0 0 0 0 0 0 0 0 0 0 0 0 0 0 0 0 0 0 0 0 0 0 0 0 0
0.5269708283 0.5315117587 0.8211057246 0.8129805738 0.815419159 0.6697877397 0.6706066265 0.6713127661 0.6739168906 0 0.6340686372 0.6062742628 0.6182700345 0.6140995962 0.5457824556 0.5495817661 0.8302929085 0 0.8112650978 0.8107802392 0.8106851201 0.8110317014 0.8154020017 0.82036621 0 0.8332614795 0.534991342 0.8628282575 0.8577072786 0.8593894809 0 0.7271003773 0.7483182848 0 0.8612347928 0.5116401566 0.8702270267 0.6987665334 0.7012224637 0 0 0 0 0 0 0 0 0 0 0 0 0 0 0 0 0 0 0 0 0 0 0 0 0 0 0 0 0 0 0
0.5299907581 0.8013851113 0.7995343404 0.8061273125 0.8063360892 0.8029812746 0.5602102928 0.8048384701 0.6223822723 0.6218580343 0.6282089756 0.6264188764 0.6107577789 0.6189389327 0.6180233941 0.5205988644 0.830812598 0.8226113185 0.8075393897 0.8060178016 0.8113919893 0.8122596167 0.8142131039 0.5889310723 0.8236886105 0.7376561193 0.8654918396 0.8616612806 0.7236690397 0.8597865429 0.6395735007 0.6667029419 0.6580251234 0.6636441759 0.5741767734 0.5713618931 0.8594762157 0.896143368 0.6954839606 0.6922540917 0.6827006319 0.6889554778 0.6882655861 0.8334815878 0.833297131 0 0 0 0 0 0 0 0 0 0 0 0 0 0 0 0 0 0 0 0 0 0 0 0 0
0.8113618409 0.8042126864 0.8000264184 0.7994775002 0.7943702555 0.7952007631 0.8005959043 0.8091214843 0.6136020674 0.6195104856 0.6196864789 0.6279080632 0.6319523561 0.6172938716 0.6327282319 0.8413576133 0 0 0.8144709711 0.813943686 0.8085757816 0.8178988164 0.8157748757 0.8177195954 0.7327117691 0 0.8639751826 0.8726885368 0.8697944813 0.5705617846 0.7597256017 0 0 0 0.5757276972 0.569830233 0.6325227749 0.6370651268 0.6944785591 0.6923447058 0.6915167773 0.6867462366 0.695826734 0.6942401597 0.7055177565 0 0 0 0 0 0 0 0 0 0 0 0 0 0 0 0 0 0 0 0 0 0 0 0 0
0.5950664335 0.8086837659 0.7817283915 0.7898179987 0.7894958288 0.7930527233 0.8028387254 0.8067292043 0.620279032 0.611452635 0.6201102532 0.6281825692 0.7673344047 0.8098740714 0.6307869499 0.8365388707 0.8345373472 0 0.838607314 0.8160425337 0.5143663711 0.5213863852 0 0 0.8257165237 0.7340593883 0.755333387 0.6104702324 0.6120474377 0.6285662078 0.629780053 0.6325139496 0.5809681617 0.576625616 0.5730002139 0.5722452297 0.5766238488 0.5001628554 0.6961804256 0.6968921312 0.6951337169 0.6878536232 0.6914747086 0.7003109364 0.7031055902 0 0 0 0 0 0 0 0 0 0 0 0 0 0 0 0 0 0 0 0 0 0 0 0 0
0 0 0.7734672255 0.7809599076 0.785943051 0.8119050376 0.6605780952 0.8090105899 0.6191098989 0.6174302905 0.6189624747 0.624634146 0.6069019691 0.8011494001 0.8062375468 0.8381758552 0.7967003768 0.8347528125 0.8416153945 0.5180750309 0.5097810463 0.5088547395 0.5130876271 0.5157359851 0.8579495521 0.752066401 0.7850579466 0.6081522997 0.6871878908 0.6369505984 0 0.6429006231 0.6258555047 0.5778135433 0.574608033 0.5781588571 0.6951243151 0.6083746198 0.6992463498 0.6995418265 0.6933474042 0.6941803997 0.6955179949 0.6969529437 0 0.7116993076 0 0 0 0 0 0 0 0 0 0 0 0 0 0 0 0 0 0 0 0 0 0 0 0
0.7777754358 0.7700273379 0.7779380954 0.7889295168 0.7869367581 0.7938200857 0.8773855871 0.6658987727 0.850139357 0.6272253904 0.6255679235 0.8105759184 0.8114265216 0.8080586165 0.8033000477 0.8026629198 0.7973281675 0.8020835099 0.6798269903 0.5553674582 0.8058666329 0.506589107 0.5158276024 0 0.8592220088 0.8667126732 0.7611975494 0.834195275 0.60902097 0.6559502535 0 0.6335200763 0.7757683566 0.6245291381 0.6978116374 0.6888954975 0.7413088156 0.7534676345 0.725762889 0.5670786487 0.5592290372 0.7006183856 0.7020713269 0 0 0 0 0 0 0 0 0 0 0 0 0 0 0 0 0 0 0 0 0 0 0 0 0 0 0
0 0.7799182302 0.7778790806 0.7952658389 0.7904718594 0.7907487208 0.6863619201 0.7915575266 0.7835479917 0.7827187397 0.8371830551 0.8121951013 0.8071399581 0.8042701721 0.8030284973 0.8122668549 0.8053172458 0.7973965546 0.6717080851 0.8629863884 0.5129493213 0.51149372 0.5103931043 0 0.523038423 0 0.8397197098 0.7190877284 0.878581439 0 0.7686700588 0.8968771816 0.5864862172 0.8064365628 0.7418758377 0.8224791794 0.8215411859 0.61597411 0.7219285799 0.6287530667 0.7102207676 0.7073210739 0 0 0 0 0 0 0 0 0 0 0 0 0 0 0 0 0 0 0 0 0 0 0 0 0 0 0 0
0 0.7861801781 0.787666618 0.7558953375 0.797451791 0.8033346326 0.5499913526 0.5468974875 0.7817792395 0.7882284024 0.8180880454 0.8384909693 0.8104666968 0.8126948807 0.8625709895 0.8091359974 0.8606958675 0.859295765 0.6755958874 0.6757700884 0.7902868125 0.5115969249 0.5164311456 0.5203006106 0.5231756165 0.5231960349 0.7634320017 0.8740238387 0.8721532988 0.5549607602 0.5101961767 0.5726252347 0.581570692 0.83675446 0.5043920398 0.8238826222 0.8195342446 0.7238910406 0.7231396345 0.8523366462 0.7154280816 0 0 0 0 0 0 0 0 0 0 0 0 0 0 0 0 0 0 0 0 0 0 0 0 0 0 0 0 0
0 0.7867976024 0.7913071138 0 0.80103121 0.7948501221 0.5471812783 0.5460315138 0.5531490479 0.8123376698 0.7907108339 0.7890821802 0.792549206 0.7959194593 0.8093171177 0.5286413253 0.8761739224 0.5336503651 0.7066345304 0.7009157339 0.5117948153 0.6656307078 0.5214927906 0 0.508521636 0.7536253164 0.582460039 0.884703062 0.8735029033 0.8671138335 0.7029495217 0.5717918168 0.5797721317 0.7496782443 0.8256311402 0.8088485057 0.5058214859 0.7759183345 0.7284690358 0 0 0.7188556219 0 0 0 0 0 0 0 0 0 0 0 0 0 0 0 0 0 0 0 0 0 0 0 0 0 0 0 0
0 0 0 0.8045113954 0.7930344168 0.7914315921 0.5497300208 0.5494567844 0.5501032687 0.5554093613 0.6024379946 0.7871187111 0.7933961532 0.617201759 0.8697019715 0.5984010124 0.5282574819 0.5300596167 0.541124398 0.7362580321 0.7276404339 0.7325777769 0.7513059553 0.7557391808 0.7489348808 0.750323341 0.7579047436 0.7621393767 0.8755587399 0.8725589584 0.8675547981 0.6134235287 0.5816533295 0.7426197272 0.743637098 0.6917823664 0.8114097067 0.6555081164 0 0 0 0 0.8484115525 0 0 0 0 0 0 0 0 0 0 0 0 0 0 0 0 0 0 0 0 0 0 0 0 0 0 0
0 0 0 0.8559908242 0.7915556422 0 0.5976272968 0.6378323909 0.5511372197 0.6575175621 0.6546565166 0.6009498522 0.7963787326 0.5648714122 0.828126364 0.5328234453 0.5377763421 0.5381620726 0.5436327059 0.7274075587 0.7265726463 0.7670770329 0.7557133232 0.7497524248 0.7545275439 0.7551598446 0.7553327035 0.7574099304 0.8828954011 0.881726836 0.5035420407 0.5579323091 0 0.7441257704 0.7520122778 0.7857868468 0 0.829162719 0 0 0.5963728402 0.8602548866 0 0 0 0 0 0 0 0 0 0 0 0 0 0 0 0 0 0 0 0 0 0 0 0 0 0 0 0
0 0 0 0.8485469952 0.8539793202 0.5607700135 0.5892760716 0.878272728 0.7568502456 0.6565767772 0.6475607392 0.649484291 0.6461564036 0.8014738006 0.6375587807 0.6907699646 0.8461997076 0.5473828515 0.5434304139 0 0.7327537009 0.8650461752 0.8652184235 0.8661630171 0.8635381736 0.8730963151 0.7627411512 0.7580154492 0.541492711 0.6131739194 0.8911663547 0.6244126883 0.8528356931 0.7836226304 0.7832345915 0 0.8329299084 0.8672122514 0.8237832063 0.848576721 0.8534881111 0.7178988337 0 0.8286469428 0.5914704554 0 0 0 0 0 0 0 0 0 0 0 0 0 0 0 0 0 0 0 0 0 0 0 0 0
0 0 0 0.8463596346 0.8387150251 0.8326504139 0.8332508728 0.5959305837 0.7660264119 0.7462273184 0.6517940879 0.6437610409 0.6590478475 0 0.8245063241 0.6316317451 0.8111163161 0.54802149 0.5512404477 0.7336934964 0.8002627692 0 0.8641764056 0.8596110634 0.8644058186 0.8679618572 0.8713398062 0.8516354951 0.8467577029 0.8123376307 0.5157097477 0.7577432827 0.8094890793 0.789307657 0.7796418251 0 0.7939007049 0.7945990398 0.8641162321 0.7945364875 0.8695592896 0.8185405543 0.8275532887 0 0 0 0 0 0 0 0 0 0 0 0 0 0 0 0 0 0 0 0 0 0 0 0 0 0 0
0 0 0 0.8388204819 0.8377295006 0.8297938759 0.8362271429 0.8377748953 0.6879852417 0.8316361384 0.6532891563 0.6494238648 0.6499332429 0.8553043656 0.8549372984 0.8588029899 0.6329568521 0.550450609 0.5537972574 0.8747607791 0.8607828597 0.8619900617 0.8591173682 0.8679619013 0.8689527471 0.8729615101 0.8450081925 0.8461768652 0.8439706226 0.8408314652 0.6167591141 0.7371843319 0.7356379167 0.7893667145 0.779812757 0.7849245618 0.7873286401 0.7934107925 0.8682296158 0.8625778909 0.8696921672 0.5631574257 0.8182358969 0.8820819708 0 0 0 0 0 0 0 0 0 0 0 0 0 0 0 0 0 0 0 0 0 0 0 0 0 0
0 0 0 0.8466884353 0.8373351676 0.8323371749 0.8345747913 0.8458334974 0.843561167 0.6645292178 0.6543573795 0.6547064017 0.5177479964 0.8536690075 0.851933362 0 0.8565564839 0.6844057114 0.5565259884 0.8725406096 0.8683043703 0.8603569701 0.8629193217 0.864546468 0.8726947259 0.8785629333 0.8337212956 0.8388377288 0.8372303915 0.8429591041 0.7287412882 0.7261641503 0.730472671 0.7304388368 0.788514145 0.5703035052 0.5617263736 0.5695897643 0.8643387191 0.5313760537 0.8690111164 0.8222571847 0.8180616669 0.8170865561 0.8259376427 0 0 0 0 0 0 0 0 0 0 0 0 0 0 0 0 0 0 0 0 0 0 0 0 0
0 0 0.8468809434 0.5663380185 0 0.8734542013 0.8699751077 0.8776529777 0.8767774563 0.6102734531 0.663502613 0.6625073614 0.863440284 0.8607433119 0.8611448144 0.8547890316 0.8645972803 0.6520699611 0.6448855623 0.8682399921 0.8678123818 0.8660107622 0.8702201264 0.8710415816 0.8699640188 0.6197607573 0.8364832371 0.8315773111 0.8384641016 0.8469334524 0.7248225554 0.7223614526 0.7293536393 0.8601276285 0.8699393126 0.5608260265 0.5607609872 0.5638244512 0.7814749209 0.5485668628 0.8336659023 0.8268273693 0 0.8221601436 0.7032951011 0 0 0 0 0 0 0 0 0 0 0 0 0 0 0 0 0 0 0 0 0 0 0 0 0
0 0.6961725704 0.8807960576 0.8759476911 0.8737621562 0.8639687964 0.8629078508 0.8693285674 0.8766184227 0.8751008992 0.6679501405 0.8730471006 0.8623938397 0.8683562307 0.8632364762 0 0.8587671648 0.8686861364 0.6672369981 0.8711865849 0.8863915615 0.8763570135 0.87338775 0.6198813285 0.6159163232 0.6203246711 0.8347853584 0.8371197459 0.8328713474 0.841161828 0.7312906499 0.7276969631 0.7271121378 0.7349547452 0.8656620115 0.5628782919 0.555163435 0.5648518398 0.5688800523 0.610293381 0.7019336056 0.8326153032 0.8306541444 0 0.7026551677 0.7004032945 0 0 0 0 0 0.7884331496 0 0 0 0 0 0 0 0 0 0 0 0 0 0 0 0 0 0
0 0.698298002 0 0.881002291 0.871360291 0.5860916015 0.8604177351 0.8703753858 0.8720300592 0.5080377093 0.7060313298 0.8680474168 0.6136620827 0.8674144716 0.8715362564 0.864217794 0.6530344373 0.8671033231 0.6611594257 0.8261467309 0.8769937736 0.5627206686 0.6073298168 0.6909047583 0.6135596276 0.618015209 0.8432513148 0.8384565697 0.8437014982 0.7352971392 0.7361349323 0.7357615468 0.7364076133 0.8388414177 0.8422687328 0.5648956071 0.5575340018 0.5623245561 0.5684301358 0.8255363395 0 0 0 0.7260561048 0 0.6943308645 0 0 0 0.5854665888 0.6874793561 0 0 0 0 0 0 0 0 0 0 0 0 0 0 0 0 0 0 0
0 0 0.5508022202 0 0 0 0.8684655064 0.8623232892 0.8630175629 0.8778814539 0.7045336463 0.6228752619 0.5266669997 0.5237670327 0.5217034366 0.5199460466 0.5770420762 0.5782114844 0.6728001566 0.7476283812 0.7394056036 0.6164989113 0.6085592646 0.6069917061 0.6079048313 0.6184808012 0.6230823454 0.8147551645 0.6051872801 0.6018744322 0.7383878191 0.7425222758 0.7383628281 0.7222101978 0.8377363193 0.8428500489 0.8450681921 0.8476269088 0.6200190966 0 0.5068124453 0 0.664712118 0.6945731139 0 0 0 0 0.6161417949 0 0 0 0 0 0 0 0 0 0 0 0 0 0 0 0 0 0 0 0 0
0.528871111 0.5335211437 0 0 0.6144310058 0.8717995112 0 0.8664904466 0.8638295743 0.7033734449 0.6995374959 0.7037842452 0.5169190393 0.5167677658 0.5183424027 0.5258343166 0.5817828752 0.5833880621 0.5722027082 0.567848999 0.7484624722 0.7773035979 0.614160567 0.6151812052 0.6083513693 0.620037854 0.62790624 0.8864193398 0.596990844 0.6037275144 0.6839693333 0.7342332401 0.5116662652 0.840780923 0.8383190177 0.8429084701 0.8458079689 0.8504542199 0.8506930416 0.8617912836 0 0.5081776192 0 0 0.6869299839 0 0 0.6030111643 0.6082349485 0.8032134755 0.6243367812 0.6179907877 0.6242838199 0 0 0 0 0 0 0 0 0 0 0 0 0 0 0 0 0
0 0 0 0 0 0.6218039341 0.8801835845 0.8684923886 0.7028077185 0.6997769697 0.6947105663 0.7024025802 0.5253521584 0.520548232 0.5202788681 0.5210972338 0.6805523134 0.6781274135 0.8475557172 0.6281547283 0.6717535091 0.6249909087 0.6248802031 0.621381986 0.6182658534 0.5667703657 0 0 0.7889149053 0.7381559647 0.733397629 0.594683868 0.7270015021 0.733519377 0 0.854390567 0.8483899869 0.8526687667 0.8555111436 0.6045470946 0.7348557928 0.5557942125 0 0 0.5473481513 0 0.5341607538 0.5992151777 0.6037084801 0.7276602609 0.7538294018 0.6212985104 0.6206418 0 0 0 0 0 0 0 0 0 0 0 0 0 0 0 0 0
0.8399564415 0.8330218838 0.8314378497 0 0 0 0 0 0 0.7034871211 0.6957557243 0.6983841263 0.8628569872 0.7478161596 0.8986143314 0.575875111 0.7182559981 0.7219886063 0.7751330223 0.6582042515 0.7050522289 0.6297620376 0.6272619687 0.6195408928 0.6220274468 0.6257016007 0.8654358241 0.8681697017 0.87067045 0.7346101449 0.7344431472 0.7265047874 0.7254998062 0.6549275347 0.6196385537 0.8551601269 0.5510673448 0.8570656717 0.8646873855 0.8629114545 0.5633303201 0.5904254072 0.7689367922 0.5562083271 0.5465808274 0.8574468972 0.5573797118 0.6081363672 0.7725094433 0.777698377 0.7299959027 0.6838284864 0.8265580198 0 0 0 0 0 0 0 0 0 0 0 0 0.5232315542 0 0 0.5489103137 0.5315191703
0.8333527779 0.8304451949 0.8356405193 0 0.7786327526 0.5908335929 0.5834816691 0.7098386725 0.7069129826 0.7089777369 0.7060425605 0.7691151012 0.766735391 0.7608353846 0.6041466587 0.872410311 0.7161800754 0.72179868 0.6399071143 0.5212050361 0.8360812052 0.5214064758 0.521423309 0.6301530959 0.6243057829 0.7402083905 0.8705563416 0.8706768147 0.6439505836 0 0.733002246 0.7277600139 0.7307675549 0 0.8276489226 0.8358953852 0.5873774951 0.8411573483 0.8429788405 0 0.5996234843 0.7038427292 0.7625740308 0.762952225 0 0 0.8673971705 0.7796063587 0.675431791 0.6919904237 0.8212814033 0.5769536301 0.6870833619 0 0 0 0 0 0 0 0 0 0 0.7044800966 0 0 0 0.846681987 0 0
0.8317552147 0.8394350503 0.8349552015 0 0.8278401099 0.774266542 0.7463692617 0.7159847307 0.7100347422 0.7174464021 0.7139753162 0.7609161732 0.7600842222 0.7615162535 0.7546691547 0.7192402432 0.8457446682 0.6846290787 0.8515749527 0.6043137492 0.514332792 0.517725185 0.5296782817 0.5527512299 0.8763051395 0.7851334365 0.6025023047 0.8723681927 0 0.6389110177 0.6294149296 0.6297683711 0.7743208355 0.7826932348 0.5241442649 0.836237541 0.829525079 0.8341455758 0.8292656404 0.590041725 0.7049150759 0.764185352 0.7679812275 0.7588136859 0.6264096478 0 0.7795921703 0.6837116137 0.6775653049 0.6848957182 0.5039912926 0.5438215849 0.623080345 0 0 0 0 0 0 0 0 0 0 0 0.5811048658 0.5807239025 0.872853535 0 0 0
