landscape/hab_quality/256/simulation_000092_p046_h034_HABMAT_patch_more_500pix_modified.asc_ac_0.5_quality.asc
NCOLS 513
NROWS 513
XLLCORNER 0
YLLCORNER 0
CELLSIZE 9.980507
NODATA_VALUE NaN
[rows 288 to 319 of 513, columns 0 to 72 of 513]
0 0 0.5078635926 0.6332436284 0.6356523298 0.7015235457 0.844843961 0.7989376288 0.5023785912 0.8259247656 0.817916198 0.5515218252 0.5512531369 0.5539275535 0.5931688402 0.5865671427 0.579361085 0 0.5829584333 0 0 0 0 0 0 0 0 0 0 0 0 0 0 0 0 0.8171330099 0.6514605343 0 0.6495305888 0.663462969 0.6688890208 0.6721595095 0.7516934275 0.7536926897 0.5227111495 0 0.5204285165 0 0 0 0.5633974679 0.8268684555 0 0 0.7200040214 0 0 0 0 0 0 0.8671139708 0.8654804604 0 0.910055174 0 0.6859625533 0.6821764885 0.6875817955 0.6898555318 0.6921501371 0.6914698613 0.7856804802
0 0.5329267708 0.8799914465 0 0 0.7750423159 0.6959164452 0.8993298984 0.7239923373 0.7494135701 0.5574323563 0.5471117739 0.5452262721 0.5536831922 0.5908252643 0.5865520039 0.5836518548 0.5872973741 0.6116445494 0.6721912953 0 0 0 0 0 0 0 0 0 0 0 0 0 0 0 0.8082167161 0.8146175307 0.648928681 0.6536905466 0.6554210807 0.6714925749 0.7422588454 0.7466019384 0.7502554226 0 0.5190749479 0 0.5212704057 0 0 0 0 0.5687832327 0.7197550357 0 0 0 0 0 0 0 0 0.8648605701 0.6870694014 0 0.9145938137 0.6825623423 0.6826692865 0 0.6909388935 0.6890743966 0.8949448595 0.7773083754
0 0.8425641761 0.7944480713 0.5446656941 0.5461250245 0 0.8977931331 0.6625346236 0.5301208655 0.6252140452 0.5569941678 0.5522914452 0.757424331 0.548678677 0.5471436496 0.5359791222 0.5878719147 0.6060154685 0.7942143422 0.6870542348 0 0 0 0 0 0 0 0 0 0 0 0 0 0 0 0.6590799532 0.6945732142 0.656655365 0.6546099644 0.6553100923 0.7408478835 0.7389709542 0.746906036 0.7358454542 0 0.6752836065 0 0 0.8584416387 0 0.8236050352 0.8548497134 0 0.7197750483 0.727684358 0 0 0 0 0.7474068612 0 0.8679922855 0.866790061 0.8702256516 0 0.5878993445 0.5857693454 0.5836561253 0.7246130259 0.6971678865 0.6922052181 0.8341479873 0.8393499365
0 0.7931133279 0.7878334224 0.5484535469 0 0.546882204 0.7350555123 0.5328353128 0.8317018455 0.510434963 0.5621916819 0.8202126566 0.5598494056 0.7575037319 0.5512219339 0.5432630837 0.5344299002 0.5409617976 0.6158840273 0.6920566854 0 0 0 0 0 0 0 0 0 0.6440376304 0.6390820049 0 0.5235388567 0 0 0.6558987437 0.6604991799 0.7513914519 0.7317367273 0.7353846736 0.733767638 0.7382071528 0.7422353831 0 0 0.8415851254 0 0 0 0.6205936065 0 0 0 0 0 0.6330470597 0 0.7380596224 0 0.8854009936 0.8726937618 0.8748479663 0 0 0 0 0 0.5692219572 0.5008009424 0.6930139941 0.695315566 0.6956913904 0.8974343771
0 0.7848663653 0.7928836048 0.7322954467 0.7290357683 0.7264387719 0 0.689177117 0.6241080746 0.6300607289 0.5238366136 0.5651075722 0.5664064407 0.8848245577 0.5438743091 0.5442663327 0.5392650271 0.7390994959 0.512842735 0.6695236335 0 0 0 0 0 0 0 0.7601270727 0.6875020509 0.6399178622 0.6738176237 0 0.5159255218 0 0.6045105298 0.6103634578 0.6694487171 0.66891823 0.7528496805 0.7388262929 0 0 0.7475335486 0.852754396 0 0.6510218694 0.8453665307 0 0 0 0.6162037506 0.6702631204 0 0.6659526173 0 0 0.6309338754 0.6371872879 0 0.7847668477 0.7800168659 0.7733970622 0.7726617764 0.7700217951 0 0.5792689181 0.5842359135 0.5880044 0.5959181925 0.6981154758 0.6069049247 0.7425509138 0.7286293903
0 0.7924155803 0 0 0.727078523 0.729381128 0.8719615508 0.6278703271 0.6291748311 0.8495982265 0.8291494952 0.6342009054 0.8116235294 0.7800792041 0.7066918694 0.5208203053 0.7061712136 0.7286323342 0.8450339601 0.6702665324 0.6633648698 0 0 0 0 0 0 0.6802184822 0.6779677148 0.6685503311 0 0 0.6145829739 0.6163585181 0 0.6011081734 0.6132500818 0.6144114752 0.5060644075 0 0 0 0.7987608947 0.7197560102 0.7124965169 0.7077353319 0.88002041 0.9014324698 0.8953597441 0 0.8583487101 0 0 0 0.6813052293 0.6723900704 0.6336449665 0.5822726588 0.9027000664 0.7919912175 0.7788615728 0.776909277 0.7675223181 0.7635493727 0 0.5870560963 0.5902744396 0.585266296 0.593807812 0.7362488311 0.5666868123 0.5696599285 0.5689494786
0 0.5492538311 0.7259591524 0.7359459005 0 0 0 0 0.6724685959 0.5351796591 0.6769380546 0.683208799 0.8940040838 0.8058224593 0.8106836682 0.5635869666 0.7028806294 0.842522906 0.8420476125 0.7722271061 0.6655372335 0.6731101012 0 0 0 0 0.6813255338 0.6870845152 0.6870048833 0.6808279238 0 0.8465172602 0.6094270729 0 0.6017121048 0.6061744134 0.6212250478 0.8284693475 0.8204337257 0.8273089869 0 0 0.6431707354 0.8445389965 0.7166776701 0.7089550305 0.9126652046 0.9045363018 0.6236262911 0.8270817656 0.8553153575 0.8499184339 0.8364398814 0.6751133277 0.6817922248 0.6931768856 0.6810501812 0.9004054166 0.9013569047 0.8944346276 0.6855232255 0.7712313258 0.7700823335 0 0.5868189188 0.5975257876 0.5946456219 0.6010307241 0.6501062885 0.6945362975 0.6892993933 0.5660921648 0.5648468659
0 0.7280593011 0 0 0 0 0 0.8920957465 0 0.6679931152 0.6619354493 0.6637849669 0.5102063699 0.6046960495 0.7385117283 0.8166152844 0.7046970249 0.8546496628 0.6939605931 0.842311873 0.6819905981 0.8462209065 0 0 0.5856423474 0 0.8109198004 0.6871305155 0.5289836559 0.6851633291 0 0.8459989517 0 0 0 0 0.5196444375 0.5454324453 0.819531216 0.8290645602 0.883040045 0 0 0.5386867953 0 0.5233864239 0.6774764983 0.8480068417 0.9063409162 0.6295713964 0.8574509067 0.8508395738 0.8500709403 0.8581544318 0 0 0.5364626626 0.7553360469 0.8917672187 0.7429081417 0.7767580265 0.8074511966 0 0 0.7819223917 0.8108598543 0.7025169469 0.5842886057 0.7446302466 0.7380446535 0.7312606983 0.5704442234 0.7804439055
0 0 0 0 0.8171772527 0.7767615258 0 0 0.6629208521 0.6621960923 0.6616040644 0.6664621794 0.5197925204 0.7258257534 0.8722501204 0.8147125494 0.690138024 0.6989926225 0.5852048486 0.8430428795 0.8510284204 0.661730091 0 0 0.5810732708 0 0.6961681467 0.6826521553 0.6793964123 0.8427949963 0 0.8408847971 0 0 0.5147943857 0.5180021004 0.6241539387 0.5997983587 0.8206341449 0.8257025064 0 0.8919928669 0.538166546 0.5291600111 0.5211588756 0.6813885823 0.6376246914 0.5740617338 0.5585787809 0.7681988315 0.7609680843 0.8470711297 0.6393486602 0.5014380723 0.5319255013 0.5314001249 0 0 0.8966419423 0.8976215342 0.6611111046 0.5443226255 0.5361793337 0 0 0.8062073565 0.8052837551 0 0.7791032154 0.7985805782 0.7299252852 0.6830392639 0.5559750701
0 0 0 0.8208875987 0.7345622981 0.6884761793 0.6880402538 0 0.6717455476 0.6688199703 0.6669092548 0.6684359259 0.53983745 0.87686067 0.8166354117 0.8165483887 0.7009605717 0.696333162 0.6990163612 0.8464045991 0.8509567096 0.5515379741 0.7933739852 0.5018147642 0.6136726596 0.6211136156 0.8120095589 0.6836384612 0.5996104939 0.8937978085 0.8391414193 0.8390188312 0.8474554116 0.5536718082 0.8587003596 0.5146157448 0.514271661 0.5160300391 0 0.5234498444 0 0 0.5345377387 0.5323789832 0.689577196 0.6870061473 0.8413008107 0.6728851691 0.5541119068 0.678187028 0.7593781307 0.66861721 0.6612741507 0.6704071679 0.535166353 0.5346295685 0 0 0.6254341642 0.6225105865 0 0.8703010828 0 0 0 0.7830297879 0 0.8031833584 0.8080631306 0.8132785969 0.6179890511 0.7594961342 0.5669912755
0 0 0 0 0.8950186767 0.6115170251 0.686807127 0.6809103064 0.6754925805 0.6697922463 0.6689016416 0.672042786 0.5853635829 0.5861516067 0.5919774257 0.5589077928 0.8965322512 0.718803115 0.5914528022 0.8460113092 0.8552159034 0.8628777393 0.8636609249 0.8710943157 0.6944610652 0.6907130945 0.6908221253 0.5724610042 0.5859713829 0.8931128002 0.648998622 0.6914380828 0.8465446104 0.866933603 0.8633837683 0.8663186663 0.5091184707 0.5141271465 0.6950829704 0.6757077489 0.5142145996 0.5153469436 0.5411432306 0 0.6641591361 0.5917223883 0.8376399842 0.6800354767 0.6723618428 0 0.6754553187 0.66399876 0.6622300581 0.6621723048 0 0 0 0.785028224 0.6988822348 0.7049918177 0.6520812599 0.6520906536 0 0.8566813082 0 0.8555173112 0.804155592 0.8116138781 0.8114463484 0.8082099676 0.757573159 0.8667718542 0.8636389125
0 0 0 0.897889547 0.8949853455 0.7601878504 0.6822321306 0.6865928221 0.5130442729 0.6763378659 0.6906798216 0.674489068 0.5915218292 0.5823270971 0.5865886634 0.507948139 0.8879234287 0.5397449862 0.7955886106 0.8522042376 0.6272448279 0.8196346043 0.7788741876 0.8408393354 0.6949618063 0.6850041514 0.7576297293 0.8641090022 0.9030168808 0.9108658716 0 0 0.5358617594 0.5364408529 0.8728599531 0.516528349 0.5190222067 0.512196803 0.69353393 0.5198828127 0 0 0 0.6728978508 0.7495800232 0.6077112039 0.6612637422 0 0.6748966936 0.6729952998 0 0.653256015 0.5453792628 0.7097562399 0.7120182068 0 0.7868625572 0.7937166185 0 0.6983191038 0 0.6468152748 0 0.519682823 0.8343706727 0.8619008243 0.8605970836 0.8154254179 0.8116441863 0.7611259366 0.8978434218 0 0.8599301441
0 0.6112224503 0 0.6314062731 0.895518151 0.9046610454 0.6244333707 0.5198910305 0.7006472579 0.7001005804 0.6937031063 0.5949877866 0.6013722981 0.5858561242 0.6589253674 0.8869531922 0.883263002 0.8894484042 0.5210049681 0.8262669632 0.8003392203 0.5384905475 0.5393374199 0.8477278644 0.687558009 0.6900909248 0.909939851 0.9092491499 0 0.903433268 0.9129646176 0.54513632 0 0.868203079 0.8681177676 0.8775810456 0.882573817 0.6994873339 0.6946492366 0 0 0 0.6734374384 0 0.7548109923 0.7403916621 0.7191340996 0 0 0 0.6820826705 0.5438809757 0.53684105 0.8341853596 0.8115708807 0.7560685569 0 0 0.7022414951 0.7055206367 0.6494764981 0.6559806102 0.6513199156 0 0.8309268321 0 0.8345944724 0.8377717025 0.8213569065 0 0 0 0
0 0.606892299 0.7275561819 0.5620509009 0.7668289926 0.6302528959 0.6105536334 0.868649866 0.6094171158 0.5967590193 0.596167596 0.6210109455 0 0.6257384672 0.5902948017 0.8917678514 0.8841112211 0.5799950711 0.7540889386 0.6085653897 0.81910767 0.5423638631 0.5469156136 0.7108184582 0.6916007659 0.722879146 0.9113273913 0.9115089453 0.9181522102 0.927409465 0 0 0 0.8628983337 0.8639136524 0.7882368664 0.5344814041 0.5321375027 0.7549350068 0.7598512291 0 0 0 0 0.6712413148 0.8152962813 0.558837358 0 0 0 0 0.533893865 0.5339176006 0.5437022706 0.7990643324 0.7992625264 0 0 0.5240699328 0.7584188633 0.5277696306 0.6570696758 0.6123599886 0.5786658822 0.8359704479 0.8328872385 0.8343229795 0 0 0 0.5310263699 0.8651702885 0.8642214497
0 0.8024951477 0.6923735705 0.554443062 0.5041563877 0.7427244174 0.8694789265 0.8663413619 0.6071620347 0.6041721917 0.6074170205 0.62025493 0.6170832432 0.7238728866 0.8280560589 0.8957446722 0.8863591655 0.8920406754 0.8503110353 0.7884320208 0.6153981519 0.5472161929 0 0.9417083556 0.9341252292 0.9132753832 0.9320409393 0.9244554625 0 0.9223615619 0.8972970049 0.8107056361 0 0.8721811333 0.863085285 0.5234850615 0.5280952569 0.5309797909 0.7522594331 0.7519167331 0 0.8795115615 0.6684317673 0.647028024 0.6762372422 0 0 0 0 0.665977476 0.6694159465 0.6698380406 0.5350290951 0.5402759464 0.8071310478 0.8066765312 0.8091766722 0.8861180378 0.5912180559 0.6007698043 0.6597334189 0 0.583992843 0.5780016612 0 0.5247209568 0.8744523196 0 0 0.5399733373 0.532782027 0.5290094891 0.5298249618
0 0.8791847775 0.5534401924 0.5491371243 0.5448864061 0.8690742556 0.8724767737 0.8745685086 0.733196108 0.7574943338 0.8365270456 0.5440561432 0.5980638512 0.6108235693 0.8589716674 0.825547858 0 0.8303707475 0.6748201904 0.7998077186 0.6240971506 0 0 0.9363444132 0.9362219965 0.9322444254 0.9340762242 0.9276798382 0 0.628225387 0.5823655153 0.6274615388 0.5300427134 0.5273663302 0.5201927906 0.5200897162 0.526231936 0.531655719 0 0.7522992881 0.7517198874 0.8820937881 0.6512616869 0.6754424826 0.7253114901 0.7178250374 0 0 0 0.6580809287 0.6616653906 0.6728921034 0.6706333418 0.5358625836 0.6807945408 0.8083812823 0.5099132748 0 0.5995948621 0.6032704964 0 0.587731573 0.5816924581 0.5202257575 0.8298558485 0.5252060925 0.5175643476 0.524729621 0.8380815759 0.8089239796 0 0.5377499411 0.818372591
0 0.5517995091 0.5451911971 0.5446351494 0.8442939668 0.8386570157 0.5326447868 0.8473424913 0.5274280087 0.5424076637 0.5693076518 0.595005631 0.5952575318 0.6196049605 0.6825234032 0.5019545056 0.6784380655 0.6743719512 0.7680282276 0.7713443924 0.767580088 0.777523288 0.8289482392 0.9378321285 0.9322879523 0 0 0 0 0 0.8457386387 0 0.5281975761 0.840235964 0.5196242983 0.5764967984 0.6827096815 0.5314661471 0.887241528 0.894413684 0.7518274625 0.7577746827 0 0.8755289391 0.7219636817 0 0 0 0 0.6517177528 0.734731936 0.6672972119 0.6771294553 0.6762252388 0.6822422848 0.6874550181 0.682096875 0.6892391781 0.6044223303 0.5957840579 0.6001595002 0 0.5270875439 0.528254333 0.5208069645 0.5193604511 0.5256160833 0 0.5307404733 0.8328015272 0.8367500835 0.6500568415 0.742361022
0 0.5473152871 0.5515662819 0.5516000226 0.8407555321 0.8344966503 0.6500294113 0.5290045975 0.5208881575 0.5282901073 0.5961437423 0.5955835251 0.7170892968 0.6830719788 0.6766392301 0.6770672424 0.6711437184 0.7748332231 0.7683881546 0.7652949485 0.8349601991 0.8391803491 0.8487140094 0.9406591402 0.7683173894 0.9376980028 0 0 0.6395929812 0.6429361197 0.845462459 0.5243984151 0.5203775191 0.517060426 0.5221879618 0.5276786716 0.5857127192 0.8429617469 0.8631933991 0.8945453792 0.8978539376 0 0.5826135763 0 0 0 0 0 0 0.659347667 0.6590782544 0.6651670689 0.6743500132 0.6837148544 0.6843617681 0.7681557729 0.7649695783 0.7673892736 0 0.5961318325 0 0.7715778122 0.72283323 0.5244644011 0.5227196246 0.5322464568 0.532344649 0.5273828072 0.6043661371 0.8286559081 0.7272276014 0.730441988 0.8283008796
0 0.5721270851 0.6270363925 0 0 0.8775881245 0.5387964443 0.8412202194 0.5294042459 0.5242250012 0.6044716643 0.6055777311 0.6028888673 0.6791081129 0.6738223099 0.6717657747 0.6709055821 0.7710430279 0.7675410886 0 0.8348232754 0.8367761639 0.5772181471 0.7972578956 0 0 0 0 0.6355340909 0 0 0.5251592307 0.5151658964 0.5173104551 0.5267900372 0.5227129769 0 0.7274551236 0.7226002929 0.9075105224 0.5218546461 0.7168293494 0.5673632572 0 0 0 0 0 0 0 0.6652353692 0 0 0 0.5155682027 0.7718734244 0.7627884751 0.7664350027 0 0.8076363025 0 0.6649841516 0.6522282788 0.6467994229 0.6500470098 0.6523748415 0.5275738939 0.5303041916 0.5339710543 0.5156398083 0.8291137465 0.6411750768 0.6324290395
0 0.5421182403 0.5350335054 0 0.873955423 0.8777633061 0.8849305876 0.861797203 0.8438744742 0.8446427428 0 0 0 0 0 0 0 0.620863669 0 0 0.7443357864 0.8391673137 0.5347450662 0.5371992933 0.7365328441 0 0 0 0.8977184709 0.6429173578 0.5229866337 0.5213835491 0 0.5184600637 0 0.6223053865 0.6170041263 0.6307645017 0.7197394885 0.6502980821 0.6691855235 0.8728008625 0.8936469836 0 0 0 0 0 0 0 0.8929602786 0.5095586448 0 0 0.7736367164 0.762926534 0.7644721366 0.772182831 0 0 0.6813713543 0.6563840389 0.655573051 0.6527761475 0.6548529571 0.6564167844 0.663932152 0 0 0.5390278273 0.7829542522 0.8103478049 0.6390588916
0 0.5332947031 0.5335291022 0 0 0 0 0.8551792458 0.8530354549 0.8432031688 0.8422254497 0 0 0.8728747498 0 0.8635079844 0.611452045 0.6176700645 0.6195284372 0.6870027227 0.7848320052 0.5280944347 0.5359484754 0 0 0 0 0.790820649 0.7862705115 0.7840873609 0.5235142181 0 0 0.7670406849 0.624824784 0.6156924119 0.6252415608 0.6263740734 0.6429769246 0.7127496213 0.7161618914 0.5563493447 0 0 0 0 0 0 0 0 0 0 0 0 0.8751338174 0 0.7659088965 0.8549845353 0 0 0 0.6585355281 0.6604677642 0.8840436413 0.6596822003 0.6603081645 0.8203723253 0.8136001117 0.8235189447 0.8261485292 0.7752626443 0.7781258906 0.772625746
0 0.5400068337 0.531298449 0 0 0 0.85697008 0.8564945716 0.8513820957 0.8427972257 0.8763995574 0 0 0 0.6161124026 0.6237011578 0.7015051333 0.6775548637 0.6268513242 0.9009987174 0.6934936128 0.7807792074 0 0 0 0.681317921 0.6844266633 0.7844902102 0.7818426129 0 0.82108271 0.8801644683 0.8712090156 0.8754675385 0.8730875306 0.6186348892 0.6158995497 0.6345716584 0.7232523791 0.7160836595 0.7120295176 0 0 0 0 0 0 0.5512474786 0 0 0 0 0 0 0 0 0.8561474989 0 0 0 0.8784776666 0.662236946 0.6196540693 0.6542570316 0 0 0.8209046948 0 0.8216444393 0.8270461074 0.7725806967 0.7718287043 0.7815486165
0 0.5325571503 0.5340271802 0 0 0 0.8632107829 0.8557739687 0.8574312922 0.839026207 0.8689819128 0.8667308963 0 0.5206955466 0.8411141881 0.5846166482 0.6869900013 0.8738338386 0.8580365922 0.7853041692 0.8916291829 0.9011772875 0.7878204479 0.879110449 0.6716148102 0.6760044816 0.6846359269 0.6821633321 0.7895345904 0 0.6513644012 0.6246456392 0.8710105472 0.8666399516 0.8677529668 0.6235079327 0.6257129548 0.8709256312 0.7192608602 0.716360459 0 0.7149565669 0.7402182712 0 0 0 0 0.8218079107 0 0 0 0 0.6758511983 0.6834866983 0.6745224551 0.8855221833 0.7337564545 0.6903875849 0 0.8495314372 0.8437063806 0 0.8775528772 0.7913343609 0 0.5482459543 0.5568753653 0.794710733 0.821769698 0 0.7789380074 0.7797586312 0.7764104764
0 0.5566269707 0.78482771 0 0 0.8731255735 0 0.8588790567 0.8667949847 0.7922936076 0 0 0 0 0.5814598345 0.8040043084 0.5868398894 0.5812305841 0.7885905665 0.8940576865 0.6365528993 0.6327919206 0.6274461373 0.6767300922 0.6733030986 0.672029873 0.812611308 0.8120416845 0.8158743262 0.6612552884 0 0.6260582321 0.6219271331 0.6265331851 0.6212191235 0.6249164145 0.6201261394 0.6230362875 0.7190367143 0.7261487728 0 0 0.6551204238 0 0 0 0.8598897419 0.8592434078 0 0.5462160806 0.5430355927 0.5510628772 0 0 0.5302753846 0.678792398 0 0.7462546599 0.8507587277 0.8426471143 0 0 0.6235394447 0 0 0.5554451569 0.7002708572 0.8303139997 0.8264209376 0.7882400946 0.784755491 0.7767894751 0.7769526628
0 0.7811399927 0.7831614981 0.7333652425 0 0 0 0.8678539053 0 0.8693403796 0 0 0.519252348 0.8682524793 0 0 0.5854504407 0.5792418119 0.7026293382 0.5895778816 0.60175867 0.5922470527 0.6279656624 0.8021856047 0.5463251797 0.5514753518 0.8129634423 0.8117841401 0.8159962792 0.819368538 0.6440760341 0.6304139201 0.6202760049 0.619730998 0.6209237597 0.623513211 0.6139474006 0.615361685 0.5590882742 0.5576944369 0 0 0.6119942921 0.659976085 0 0.6404712092 0 0.8640609521 0 0 0.5421644527 0.544507626 0.8194707857 0 0 0.6792062768 0.6709735959 0 0.842750423 0.7136404525 0 0 0.5541177838 0 0.5603832582 0.5623594635 0.8498775291 0.6349196588 0.7891604403 0 0 0 0
0 0.7778494634 0.7849258415 0.7844174219 0 0 0 0 0 0 0 0 0.7022793666 0.6793151534 0 0.8561353035 0 0.5777396831 0.696943361 0.5457558626 0.6981057747 0.551238111 0.5390012761 0.5436763815 0.5417726464 0.5378903224 0.6092597307 0.6137345356 0.6162585292 0.8153697941 0.8252520629 0.8422666185 0.6205986533 0.6201203632 0.6225545156 0.710001051 0.7110324519 0.6163655532 0.5577783349 0.8628841459 0.7562891332 0.7557276208 0 0 0 0 0 0 0.6349995306 0 0 0.5496946722 0.8219181279 0.8261355888 0 0 0 0 0.8507619388 0 0 0 0.6196773482 0.56706517 0.5294367051 0.5063472508 0.5073104553 0.795250392 0.8274957305 0 0 0 0
0 0.7855318374 0.7855444441 0 0 0 0 0 0 0 0 0.784618941 0.608017121 0.613369528 0.6686605812 0.6561505385 0.6418353911 0.5812571548 0.6895285249 0.6914259691 0.6931264215 0.8859473828 0.5436958426 0.5350912732 0.5376087984 0.5347948548 0.5450240636 0.6090370803 0.6055348404 0.8182992177 0.8242764966 0.839236497 0.6205359743 0 0.6263846073 0.6070652229 0.7566073522 0.535282277 0.759824311 0.7590036299 0.7549202138 0 0 0.7112409143 0 0 0 0 0 0.6310851877 0.5196276132 0.5162883303 0.5381069151 0.5148766789 0.5148081359 0 0 0.5158503408 0 0 0 0 0.7585265961 0.5502388714 0.5139835662 0.5104821601 0.5154714609 0 0 0 0 0 0
0 0 0 0 0 0 0 0 0 0 0 0 0 0 0 0 0.637655852 0.6883155737 0.6869619464 0.6886912605 0.6967954143 0.8841845813 0.5399003421 0.6354581443 0.5339374667 0.5435460977 0.8183341458 0.6045305846 0.6083144455 0.5562834337 0.7744846139 0.560643924 0.6213076418 0.625872605 0.5415104123 0.6299989933 0.531571298 0.7558961904 0.7514914017 0.7502248992 0.7554384795 0.684855372 0 0.5941002504 0.6264407302 0 0 0 0.6221614795 0 0 0 0.5126752404 0.5121841865 0.5953302864 0.6010253357 0.5284297945 0.8430412317 0 0.8480662536 0.5884571469 0.5807619227 0.5849335266 0 0.5184652727 0.5523313351 0 0 0 0 0 0 0
0 0 0 0 0 0 0 0 0 0.557121955 0 0.5563222441 0.6483958427 0.773517496 0.5515095906 0.8497593637 0.6365938509 0.5463521198 0.5308719111 0.6915858166 0.6469774152 0.6311278695 0.644724245 0.7387747662 0.7443869432 0.5424489554 0.8167344851 0.6012583085 0.7240950599 0.5549709466 0.5577898585 0.5599136176 0.5705019743 0.6906596201 0.6312339734 0.6129539588 0.620275618 0.621546275 0.6183627199 0.7584315776 0.7599966493 0.6894509397 0.5148973669 0 0.6176160971 0.5950599641 0 0 0 0 0.579360078 0 0.7045403468 0.701720141 0.5190859841 0 0 0 0.8396371449 0 0.8103424018 0.7557689548 0 0.615419095 0 0 0.8023257575 0 0 0 0 0 0
0 0 0 0 0 0 0 0 0 0.5091095949 0 0.7020520487 0 0.6029817801 0.7664770799 0.5457121373 0.5436863645 0.5310798362 0 0.5189711326 0.5233696046 0.7824153622 0.7575556769 0.7484058906 0.7458807376 0.8605184574 0.8629650065 0.8627538301 0.5467312284 0.7876436344 0.5596904089 0.5671168845 0.5759191009 0 0 0.6154663049 0.6068457448 0.6142069205 0 0.6219435084 0.5310837793 0.6934433249 0.6870948742 0.691831752 0.5823187045 0.5873274642 0.5873600801 0.6962444379 0.6119454904 0 0.7030857727 0.7059587778 0.6961008261 0.6923978048 0 0.5464977028 0.8521611518 0.8432859948 0.8494242284 0.8419107838 0.8335616778 0 0.8355848958 0.86802798 0 0 0 0.7211736675 0.7184372841 0 0 0 0
0 0 0 0 0 0 0.571540694 0 0.8141864925 0 0.5078740195 0.6939464399 0 0 0 0.5379229503 0.5704452559 0.7341160041 0.6728775448 0.518420641 0.5272389767 0.6659028501 0.6699351922 0.6766339888 0.6930418848 0.8602662221 0.85791271 0.8609335584 0.8657251913 0.5475028679 0.564348814 0.5684968549 0.5765720116 0.6087704592 0.6110364845 0.6068945989 0.6065503246 0.6057108139 0.528047354 0.5201275145 0.5281624175 0.6913660772 0.5783321513 0.6901388323 0 0.5820134063 0.5855010037 0.6863718776 0.6865001838 0 0.7036736608 0.702119325 0.699843445 0.6916591492 0.6955431483 0 0.7286803674 0.8013276818 0.5594537747 0 0.8325940697 0.8317822603 0.8390931687 0.8105033305 0 0.5490582513 0.7234075404 0.7179157612 0.723714457 0 0 0 0
0 0 0 0.5614452403 0 0.7084682213 0.8301831384 0.5704951009 0.5718747449 0.8130362577 0.8052311243 0.8150760039 0.8077928502 0 0.5386836333 0.5633271853 0.6601639634 0.6608097387 0.5204547295 0.5178501861 0.5270196051 0.6650182843 0.6743803876 0.7914036083 0 0.8623175949 0 0.865537587 0.5723218457 0.5822414212 0.7866562445 0.5767101411 0 0.6137553057 0.608603244 0.6070793392 0.6036263936 0.6126673832 0 0.5191251784 0.8500700453 0 0 0 0 0 0.5869197107 0 0.512409608 0 0 0.7091353468 0.6926814499 0.6988133077 0.699181271 0 0 0.5661163843 0.5613379161 0.5592530827 0.8345333357 0 0 0 0.5525977329 0.5453463546 0.7254573375 0.5421668342 0 0 0 0 0
