landscape/hab_quality/256/simulation_000090_p062_h046_HABMAT_patch_more_500pix_modified.asc_ac_0.5_quality.asc
NCOLS 513
NROWS 513
XLLCORNER 0
YLLCORNER 0
CELLSIZE 9.980507
NODATA_VALUE NaN
[rows 434 to 464 of 513, columns 280 to 349 of 513]
0.6705284728 0 0.7178203491 0 0.5767254584 0.853160253 0 0 0 0 0 0 0 0 0 0.8575341308 0.854634137 0.5402110342 0.8671334357 0 0.7418509357 0 0.7433159539 0.7386206378 0.7388207001 0.6624393081 0.6027900448 0.6354653582 0.8827314131 0.7766222613 0.7758593596 0.7748151628 0.6005027016 0.8975682527 0.8972396468 0.899499616 0.7458611509 0.7448497916 0.7351436426 0.8490193351 0.8506272385 0.8511220108 0.8492382122 0.8537136874 0.6517888482 0.6538145606 0.6691582989 0.6549924945 0.6212702038 0.6353484059 0.7224765304 0.8262163101 0.5753392055 0.8154649615 0.8099972096 0.5450604016 0.8633301938 0.862120368 0.8611581076 0.8629577068 0.8652048822 0.8532094889 0.6549386956 0.6546338216 0.5367226467 0.6689476656 0.6657935177 0.6664370108 0.6679851178 0.6094773182
0.6740073045 0 0 0 0 0.5792689947 0 0 0.5377686947 0.7169006102 0 0 0 0.7210192393 0.637630575 0.6376748183 0.6434783823 0.858762652 0.6739126049 0.7000784746 0.7010415237 0.7821201908 0.7821497913 0.6620944811 0.6584524254 0.6639276189 0.6719232323 0.7750031064 0.7786606562 0.7741929074 0.7820453038 0.5562824467 0.7833040759 0.9056926147 0 0.8990203938 0 0.7450321968 0.7137593201 0 0.8471322383 0.8450188986 0.8444866519 0.839240682 0.6537114687 0.6595131345 0.6649618487 0.6446317519 0.8288509908 0.5929168324 0.6277943441 0.8232590886 0.8253139359 0.8160680654 0.8085059122 0.8110335679 0.8658428429 0.869708487 0.864014719 0.7177934589 0.8633684264 0.6606870013 0.6636661059 0.7056942514 0.6623621668 0.6815718561 0.5500050386 0.7158321112 0.7051918218 0.702974069
0 0 0 0 0 0 0 0 0 0.5396481373 0 0.7204782096 0.721463903 0.7130926733 0.8200477277 0.8165547729 0.8187257516 0.5526672981 0.7072983327 0.7064873612 0.7027257148 0.5867545426 0.7959854342 0.6643810233 0.6549396994 0.6648379957 0.6646982955 0.6663057163 0.7701070389 0.7693682422 0.7747541995 0.7760583873 0.7714333158 0.8999673683 0 0.8982711503 0.7465955797 0.75156476 0.7110750113 0.7075258074 0.8464192635 0.8461554612 0.8382978941 0.8398298389 0.6619730122 0.6595144756 0.6598934827 0.6720182568 0.528959608 0.6952811272 0.7083104639 0.6155345724 0.8193434815 0.8123210645 0.8183176788 0.8175779211 0.735963932 0.8720073781 0.7236401508 0.7203483072 0.7210947422 0.5142963016 0.6660092945 0.853747967 0.6206092036 0.6296487343 0.7149777556 0.7115986095 0.7072221691 0.699883179
0.7625982384 0 0.7712819076 0.6796843327 0 0 0 0.5409945116 0.5414734672 0.5390907676 0 0.5132742268 0.56901395 0.5210539478 0.8168278768 0.813926172 0.5516482635 0.5558788209 0.5956038635 0.5962747067 0.5986145777 0.5828397802 0.6700567256 0.6620547162 0.6549180974 0.6517323268 0.6568215517 0.660655504 0.7679762939 0.766244528 0.7698218053 0.7679191159 0.7681828009 0.908819642 0.9074565617 0.9083204081 0.7767277615 0.6701236447 0.7173434647 0.7159560704 0.6400637357 0.8419602035 0.8418275116 0.846447136 0.6189640346 0.6163382554 0.6200337273 0.8221669988 0.567086023 0.6160540791 0.5613663283 0.8259041335 0.8252270356 0.8288432687 0.8791245129 0.7310698042 0.5833872819 0.8466040627 0.8472777903 0.7249996625 0.5172721446 0.7286279665 0.5194800892 0.614229159 0.6138193015 0.615567088 0.5289314998 0.709309023 0.7088131667 0.70344136
0.7602933107 0 0 0 0 0 0 0.5427058083 0.5469026683 0.5391941032 0 0.5140434317 0.5128350569 0.5167136577 0.818889248 0.8149242632 0.820707408 0.5536831667 0.6004018509 0.5949471115 0.5933755581 0.5814610416 0.5795168972 0.6626300564 0.6549743191 0.6472912992 0.6510205064 0.8531282577 0.7736922993 0.8362804156 0.7625575148 0.7570280229 0.7560010618 0.7769938056 0.772121217 0.7706621337 0.7767702137 0.6692412957 0.6463316434 0.691170166 0.8424956836 0.8505992907 0.8428436112 0.8427506329 0.6237108616 0.6144198513 0.6159219921 0.6205713966 0.8984293209 0.5159120534 0.5170832271 0.5161972998 0.7347933126 0.7323003476 0.7303854118 0.7321179301 0.729619125 0.7378582419 0.716672236 0.7661000196 0.5202161213 0.5725596146 0.5854356653 0.7214352805 0.6115904703 0.7314627955 0.7349737539 0.7304061061 0.717659133 0.7124244656
0 0.7662545922 0 0 0 0 0 0 0.5429717531 0.5417988792 0.5490247956 0.5065321117 0.5155742455 0.522132991 0.7407865463 0.8190230325 0.8873381253 0.6031601873 0.5948511516 0 0.5942366762 0.5766089276 0.6152737892 0.6497129194 0.6453185276 0.6460818084 0.6435946037 0.7640702523 0.7594273023 0.7554161504 0.8317883599 0.7550595797 0.7625785765 0.7691811173 0.7687865373 0.7846505184 0.6000356328 0.5986386995 0.5610527843 0 0.7434726784 0.8824482962 0.7415013264 0.6279783313 0.7871185924 0.6129552972 0.6111382228 0.6111544865 0.6174189526 0.6198269305 0.5096117557 0.5143969695 0.8405282037 0.8672879322 0.7336551617 0.7263819678 0.7285996754 0.7352983378 0.8127960281 0.6662356338 0.7663268032 0.5874664389 0.7334273743 0.6121218012 0.619451899 0.7262596457 0.7257461788 0.733644935 0.6201108112 0.6187468093
0.7715529435 0 0.6567064284 0 0 0 0 0.5506386393 0.5499709814 0.7852739836 0.5125360814 0.5138944328 0 0.8828615099 0.5171934806 0.8798684638 0.8875342068 0.6031658257 0.5933710897 0.5982932037 0 0.6229706945 0.6177603329 0.6479996226 0.6422242325 0.6389745642 0.6365278562 0.7586929479 0 0 0 0 0.7609594523 0.7661259448 0.775314941 0.7816784867 0.5910502288 0.6005138393 0.8596252453 0.5809645827 0.5793191947 0.5792090895 0.8787941909 0.8822652609 0 0.6128481533 0.6173092511 0.6109794957 0.6134265993 0.7824919576 0.7545714179 0.517873909 0.5266091029 0.8861140911 0.7286350702 0.7320499674 0.7348200098 0.7407847561 0.7148108464 0.6621204131 0.6645704873 0.6600605598 0.5889082436 0.5893339103 0.7619939334 0.7291804063 0.7355615426 0.8807438214 0.8910618543 0.8575502398
0 0 0 0 0 0 0 0.8156275594 0.5780002285 0.8807638326 0.751569716 0.5317522611 0.7514189739 0.87560255 0.8751316858 0.8836817191 0.524619026 0.602078084 0 0.5958204564 0.5995192658 0 0.6154504624 0.618584992 0.6453857464 0.6392036986 0.644251837 0 0.7635986727 0 0 0 0 0.7668853876 0.767065405 0.7812603601 0 0.5921235076 0.6583920505 0.5809599533 0.5754963463 0.5795904763 0.7264193722 0.8804386342 0 0 0.6185530611 0 0.6197332856 0.6261582953 0.6328706128 0.6254136895 0.8057911077 0.7459721185 0.881336287 0.7429372005 0.7379138097 0.7351016497 0.670416045 0.6716374497 0.6794581123 0.5818598659 0.5871607731 0.5829235509 0.5871033251 0.5909301791 0.5906162531 0.8839303222 0.8903202548 0.8659415697
0 0 0 0 0 0 0.7901910201 0.7863501485 0.5036536529 0 0.5071129259 0.5077863214 0.522032325 0.8783130436 0.8759617434 0.8763986934 0.5015349096 0.6039597852 0.5976961325 0.5975322233 0.6054681329 0.615462437 0.6094024922 0.6732341626 0.5563704376 0.9016101744 0.7464606455 0 0.7504795988 0 0.765355192 0.7568034703 0.7622539422 0.7715883868 0.7707254919 0.5873981158 0.5771267219 0.5764307097 0.7332810793 0.5770415061 0.5715417229 0.5805370609 0.5783713664 0.5842295734 0.6246112456 0.7721377071 0.7661181932 0 0 0 0 0.8017750752 0.5031683612 0.7439492748 0.7479999359 0.7734117344 0.8142803674 0.5764182059 0.5764514263 0.5575099492 0.5656170681 0.7165317645 0.8777306806 0.6878139384 0.575550522 0.5820698936 0.5890210593 0.832413145 0.8846442794 0.8582045207
0 0 0 0 0 0 0.7862413155 0 0 0.5031640849 0.5067397364 0.5195384384 0 0 0.8787924188 0.7569270179 0.7878188907 0 0.7775802078 0.7740659309 0.6073340471 0.6066594666 0.5669445814 0 0.8946144152 0.8957275521 0.7632589811 0 0.7551335491 0.7719150042 0.7665922235 0.7655149714 0.7606994471 0.6402160082 0.7791626054 0.5851130813 0.5807074327 0.5755904282 0 0.5676130358 0.5665166749 0.5710365467 0.5749922874 0.5802565964 0.5841159249 0.8790613594 0.8698538687 0 0 0.6282151774 0.630547933 0.6363392755 0.7559065985 0.6328941338 0.8459507663 0.5688446538 0.7328825443 0.5667996161 0.5681029173 0.578040925 0.6599910019 0.8250962517 0.8136848457 0.5763107711 0.5729701679 0.5656684727 0.5687030508 0.5608391572 0.5635734123 0.8525756869
0 0 0 0 0 0 0 0.5153611898 0.5111641794 0.5047767256 0.5113440649 0.5153356575 0.6489799372 0.6470115695 0.6492854252 0.7939819048 0 0.7783894252 0.7711590906 0.7755251453 0 0.609077271 0.6070091147 0 0 0.8930386091 0.5937707276 0 0.7646694078 0 0 0 0.843131435 0.8223731408 0.5867908934 0.5832572729 0.5775217549 0.5743897763 0.5790673296 0.5732204579 0.561377939 0.5606935365 0.5724109662 0.5804014136 0.5688255435 0.7449135244 0.549695277 0 0.8673961539 0.7072255315 0.6373586993 0.6381785881 0.8499741584 0.8391099137 0.8478060935 0.5678218251 0.5615982678 0.565498986 0.8922331389 0.7848827007 0.7802206888 0.7868935455 0.5880001026 0.580699565 0.6727518265 0.5636277306 0.5574128327 0.5594771406 0.5600721323 0.8292011827
0 0 0 0 0 0.809030472 0.8177506103 0.8147559237 0.5086533422 0.5085652539 0.5065619442 0.5120816799 0.6407927547 0.6455771116 0 0 0.7758416545 0.7713646787 0.7762198013 0.7810671185 0.6665005966 0.6693812739 0 0.8896382256 0.8896130283 0.8906658386 0.7579975636 0 0.760770023 0.7647696056 0 0 0 0.8715393207 0.588129317 0.5830253683 0.5797342324 0 0.570189448 0.5683382194 0.5600679303 0.5637226836 0.5746511449 0.5787237656 0.5811624964 0.735254967 0.7371051738 0.6055669507 0.5994384308 0.8785932907 0.708205532 0.8558845753 0.5295969467 0 0.5994835864 0 0.5654145521 0 0.5581192474 0.7739192014 0.7772453372 0.7811814539 0.5835059743 0.564674828 0.5497987753 0.5538637509 0.5543464719 0.5569274265 0.5694392626 0.5598579761
0 0 0 0 0 0 0.812030512 0.8152004202 0 0.5158465352 0.515362673 0.6437973532 0.6439286451 0.6396694155 0 0 0.777810605 0.7794941848 0 0.6597806807 0 0 0.8931211244 0.8987847367 0.7930595296 0.7897166464 0.7946574726 0 0 0.7663116798 0.7441146301 0.7410243922 0.7399511907 0.8659691225 0.5888526874 0.5805903823 0.5864502555 0.5798072631 0.5683861111 0.5623349573 0.5589088745 0.565407652 0.5730242868 0.5806113127 0.7359517593 0.7420638819 0 0 0.7546960384 0.8882077529 0.8179423336 0.8185611166 0.6972060767 0 0 0 0 0.5567951168 0.5595403967 0.7732942236 0.6213279427 0.6141311931 0.6806245557 0.5565424876 0.5550793707 0.5489166489 0.5512132576 0.5611583635 0.5637498606 0.8299087095
0 0 0 0 0 0 0 0.8152228921 0 0 0.6641938212 0.6638050478 0.6405584043 0.6416859614 0.6444572708 0.6464193972 0.724385724 0.7330864355 0 0 0 0 0 0 0 0 0.5859125071 0 0 0.8865272065 0.8868823017 0.7376853126 0.7456892099 0.854423497 0.7673948454 0.7594936331 0.7655888273 0.5760295766 0.570419063 0.5598733646 0.5591178578 0.5666156136 0.570008569 0.5744589046 0.5895345033 0.5134947086 0.5011359853 0 0.723007002 0.8135707528 0.818378546 0.817800833 0.8127663449 0.8218756371 0.6923528929 0.8274880818 0.5715398027 0.5716582834 0.7742674275 0 0.68952796 0.6804573694 0.8737736642 0.5563767818 0.5493650248 0.553374343 0.5517885083 0.562107938 0.5617485013 0.838436675
0 0 0 0 0 0 0 0.8124600725 0.8140569766 0.5520504465 0.659775028 0.6604283152 0.6509911401 0 0 0.6472878879 0 0.7242063845 0.7302101178 0 0 0.7936714576 0.8616614537 0 0 0 0 0 0 0 0.5895103756 0.7432096641 0.7422100112 0.6921053354 0.760242678 0.7583067735 0.7615279984 0 0.7872300719 0.8707589154 0.5714488809 0 0 0 0.5082254421 0.5117350551 0.5547044956 0.5602641419 0.7545518365 0.8511787617 0.8104071588 0.8084094855 0.8178847369 0.6383935734 0.641378405 0.6407116622 0 0 0 0 0.6876525998 0.6809199198 0.6894458482 0.5496527178 0.5579919694 0.5581364323 0.5604405726 0.554218616 0.5468273647 0.5773751437
0.6571234092 0.6615045116 0.65701871 0.6564788146 0.8039413923 0 0.8064996476 0.8080723997 0 0.5467047264 0.8372364955 0.6693599234 0.645400439 0 0.6475941549 0.7306985825 0 0 0 0.7306979585 0.7922968607 0.7974692359 0.6543616955 0 0 0 0 0 0 0 0.8079507436 0 0 0 0.760539599 0.759408253 0.7548319392 0 0 0.7274697069 0.8127559327 0 0.630928296 0.5160102351 0.5107893952 0.5179974649 0.5646266876 0.5549424703 0.8426699224 0.8202986892 0 0.8133295861 0.8179333956 0.639606374 0.6376000422 0 0 0 0 0 0.8926776223 0.6953404125 0.6942900888 0.5617113776 0.55895 0.5590562455 0.5504149038 0.5429570918 0.5455171306 0.5497004442
0.6818163371 0.6531942621 0.6526822025 0.662555145 0 0.8119410883 0.8126214197 0 0 0.5505883734 0.5565293112 0.8032974208 0.6712152258 0.6479378131 0.7994088986 0 0.7335614221 0 0 0 0.6947952577 0.8013236712 0 0 0 0 0 0 0 0.679731766 0 0.731960417 0 0.8026190506 0.8009230732 0.7558628321 0 0.7550385381 0.7727448258 0.8926505794 0.797805504 0.6002521651 0.604985809 0.7016963269 0.5348938319 0.5186954811 0.8363439521 0.7293566149 0.8326078006 0.832929088 0.8361730467 0.8208690317 0.8194819211 0.6378856412 0 0.6427284724 0 0 0 0 0.674274373 0.5406852908 0.7010130563 0.8457042586 0.868514053 0.6935749054 0.5502519147 0.5476268475 0.5449750673 0.5428711857
0.6619776386 0.6543113778 0 0.658505966 0.5498598987 0.7164884518 0 0.5156050442 0.5140072235 0.5205882121 0 0.6974631474 0.6375356976 0.7940141646 0.7996481467 0 0 0.8884426551 0 0 0.5664071699 0 0.7854938865 0.6123660749 0 0 0 0 0 0.6839364469 0.687217741 0.7495112768 0.8000535613 0.79495012 0.7929668598 0.7686892611 0.7629833225 0.7694545411 0.7769259562 0.5752192503 0.5694848924 0.5715477349 0.6431238579 0.8940925241 0.8966907727 0.8977949183 0.8359534948 0.8316331017 0.8345593303 0.8270171914 0 0 0.657620463 0.6524530909 0 0.6506273378 0 0 0 0.5827834621 0.7405117888 0.7377408516 0.7357310056 0.502860472 0.7617979902 0.6115692004 0.5850061102 0.5469831925 0.5457590104 0.5465066778
0.805361739 0.6661320204 0.5637938317 0.6504424535 0.8460795596 0.8786952046 0.5773141934 0.5194764312 0.523292906 0.5167273832 0.8083431671 0.8274326064 0.5875653873 0.5833751714 0.5561627617 0.8867716292 0 0.607105267 0.8749794489 0 0.770867444 0.7719740061 0 0 0 0 0 0.6645080933 0.6676988355 0 0.6885742861 0.8056688815 0.7972026937 0.7931355891 0.7941295453 0.7917180034 0.7843404833 0.7861841483 0.7832820186 0.7885090774 0.5681744763 0.6121292862 0.6466394829 0.8902243269 0.8889722463 0.8954280893 0 0.8354849574 0.8313701425 0.8294516192 0 0 0.6589363914 0 0.6615174883 0.6586227897 0.8690621744 0 0 0.6906607545 0.5742483397 0.7374864985 0.7329681438 0.7366482466 0 0.6463972058 0.6070498888 0.5030411339 0.5526914479 0.5548054746
0 0 0.6709161519 0.5162500018 0.8013412921 0.5187969682 0.8737535089 0 0.8684563808 0.7925552905 0.6035819355 0 0 0 0.8560724922 0.5332080284 0.8606917631 0.5201377487 0 0.7710401749 0.778497005 0.817218994 0 0 0 0 0 0.6654733336 0.6687314837 0 0 0.6937151544 0.7686604631 0.7120665904 0.800345822 0.7863503398 0.7856633189 0.7771013856 0.7856404794 0.7884799133 0.8739502181 0.8739865039 0.8757568798 0.8891589574 0.8973648969 0.8930510715 0.6443789984 0.6442505896 0.6403796993 0.6415843948 0.7503575825 0.7600988637 0 0 0 0.8655467092 0 0.8663756773 0.8659912711 0.86145714 0.7084933932 0.7411785642 0.7338764087 0.7286793617 0.7324320372 0.8918509549 0.6225323041 0.6662711275 0.7370354857 0.5480460724
0 0 0.6516555603 0.5166384505 0.5098995724 0.5194753492 0.5541823542 0.8740777695 0.5586017256 0.8831408528 0.7609424963 0.5879425736 0 0.8642041872 0.8633293094 0.861179244 0.8555447765 0.7550189309 0 0.8329896205 0.8299751818 0.817538083 0.8100691307 0 0.8108037088 0.8121810591 0.8211161817 0 0.8241911757 0.8123134243 0.7399394739 0.7460865772 0 0.8088458852 0.7888512492 0.85698707 0.786544594 0.7801402707 0.7790899873 0.7903154658 0.7963468282 0.7771702105 0.8737827018 0.8782495498 0.7261295438 0.5973009205 0.6365220441 0.6346653057 0.6400310214 0.6480635363 0.7559457255 0.7521138178 0.672252158 0.6727661362 0 0 0 0 0 0 0 0 0.7325327178 0 0.7379944492 0.8342689713 0.8651934886 0.8455400838 0.8526903357 0.8572503682
0.8036929555 0.647273095 0.5183670542 0.5152506943 0.5672888856 0 0.878887534 0.5448019843 0.8772625939 0.7839020828 0.7838855087 0.7836848674 0 0 0.8644224976 0.8545932309 0.8549737455 0 0.7536216534 0 0 0.814355452 0.8117207207 0 0 0.8139146312 0 0 0 0.8137245054 0.7355032404 0.7398931408 0.7466468256 0.7445760005 0.5211836277 0.5172521056 0.5135650884 0.5222389025 0.7929548667 0.7940509949 0.7997346564 0.6962247189 0.8763440718 0.8798298636 0.590652278 0.5884240509 0.6362492385 0.637069782 0.6425677445 0.8642281814 0.7376874996 0.5266575835 0 0.5251883976 0 0 0 0 0 0 0 0 0.7406140035 0 0 0 0.8555003838 0.8524641331 0.8549270291 0
0.8556701609 0.8628827188 0.515603468 0.5639414234 0 0.5925708194 0.6561945638 0.8794303234 0 0.5189170105 0.7752481938 0 0.7920365973 0.884316807 0.7410136259 0.8511204538 0.8461887497 0.7510050714 0.8442125251 0 0 0 0 0 0 0 0 0 0 0.8082650041 0.7324940903 0.7342730978 0.7354356549 0.736913458 0.5242332318 0.571866724 0.5128882972 0.518299057 0.7996573413 0.8014015294 0.8004951802 0.8845306436 0.8804774559 0.8617142082 0.5956831513 0.5894207192 0.5895943807 0.5689431958 0.6572256736 0.574412037 0.5088157156 0.7314056573 0 0 0 0 0 0 0 0 0 0.8646484173 0.7499356079 0 0 0.8236125307 0.8218454484 0.655890337 0.6470655041 0.7590765779
0.8114667712 0.5507009798 0.5480969133 0 0.556087286 0 0 0 0 0 0.7852255302 0 0.7860722467 0.8881602471 0.8791621769 0.8558129963 0.8004355549 0 0 0.649006229 0.8278094485 0 0 0 0 0 0 0 0 0 0 0.7315242114 0.7364483918 0.7379130782 0.6645543008 0.5150895059 0.5180097774 0 0.6726799278 0.7309650103 0.8089138886 0.8805813386 0.8752447279 0.8814207671 0.629001823 0.6005203749 0.6008746228 0.563830352 0.5647921394 0 0.625345681 0.6319712145 0.6463342823 0 0.8803432845 0 0.8681765713 0.8665054921 0 0 0.8628681433 0.8695644062 0.8227045706 0.8186122661 0 0 0 0 0 0
0.5301983517 0.5295379625 0.5418137272 0.551172288 0.5581022634 0 0 0.6437287068 0.6463258203 0.7708968939 0 0.5578571524 0.5652990196 0.5619634822 0.5623493785 0.8345539536 0 0.8917041441 0.8414615142 0.8416694043 0.8259411474 0 0 0 0 0 0 0 0 0 0 0 0 0.7702893658 0.5165020957 0.7311078804 0.7333693253 0.7328882463 0.8296901328 0.6748587705 0.8966013 0.8823268019 0.5841851746 0.6878842432 0.5847299505 0.6501322258 0.6466457767 0.5614053727 0.5574668155 0.7544627741 0.7620184763 0.7721050367 0.8180287256 0.8879982679 0.887112413 0.8892272493 0.8811127787 0.8783195879 0 0 0 0.8720330234 0 0 0 0 0 0.5011536704 0 0
0.5274321093 0.5334995125 0.5335676272 0.5443930838 0.5594214218 0.8701786416 0.65106787 0.6491496083 0.6451880586 0.8751615151 0.7800262041 0.566308528 0.5567065363 0.5617791578 0.81665351 0.8198453471 0.8935082202 0 0.8938215279 0.8503812317 0 0 0 0 0 0 0 0 0 0 0 0 0 0 0.770482588 0.7215597451 0.7274892246 0.7294593939 0.5361818344 0.5528307561 0.8882672197 0.5856808125 0.5824427467 0.5799660235 0.644263265 0.6477436354 0.6413266692 0 0.5595568774 0.5578410696 0.8402447792 0.8942721455 0.6530003853 0.8887200286 0.8092094445 0.8836768711 0.8805719484 0 0.8664342607 0 0 0 0 0 0 0 0.8173585756 0 0.6868628345 0.7810977135
0.5276520333 0.5365656253 0.5422949676 0.869354813 0.5603190224 0.5621749659 0.7246017446 0.5437537508 0.8749096219 0.8752421854 0.5698226571 0.5597988101 0.5629256747 0.5576773664 0.8408607475 0.8129085018 0.7289619019 0.757882501 0.7524144065 0.7564694579 0.5317087004 0 0 0 0 0 0 0 0 0 0 0 0.739168665 0 0.7314500336 0.7278901552 0.7215420342 0.7257092773 0.5277843357 0.5339251957 0 0.6839952976 0.5836126345 0.677253511 0.6842331406 0.6393559912 0.6423118162 0.651731257 0.6156537199 0.8218548528 0.6547210402 0.6367830251 0.8142567569 0.8925348953 0 0 0 0 0 0 0 0 0 0 0 0.737087273 0 0 0.7555948275 0.6791670311
0.6650988514 0.534588014 0.5097229439 0.6900930265 0.7232701275 0.7171203006 0.7241466179 0 0.8657031867 0.8674227451 0.5141293917 0.586349916 0.5202900731 0.8913268247 0.8203520913 0.8220952458 0.5674252572 0.7541461729 0 0 0 0 0 0 0 0 0 0 0 0 0 0 0.7114683146 0.5515583946 0.7399940661 0 0.7234010307 0.7257415411 0.5257973897 0.5325902102 0.7462865206 0 0.6792106429 0.6825932249 0.6764154634 0.6759832752 0.5569158523 0.5477281559 0.6134906692 0.6796180815 0.6465189602 0.8362279167 0.806592836 0.8916782009 0 0 0 0 0 0 0 0 0 0 0 0 0.7336638119 0.7497808292 0.7499775215 0
0.5587798311 0.6705304494 0.5223574827 0.7273626004 0.7161678934 0.7151520506 0.7244739249 0.7310789433 0.8716501372 0.8677330629 0.7234386689 0.6720697496 0.5249860316 0.5238795707 0.8431302152 0.8501120733 0.8502432318 0 0.7620981479 0 0 0.6002310319 0.7633353459 0.7262893567 0 0 0 0 0 0 0 0.5591936781 0.5503125971 0.5567372708 0 0 0 0.7235957977 0.7259948125 0 0.7512023445 0.6871624398 0.6864637811 0 0.6652390923 0.6687400829 0.6655313754 0.6692861136 0.678704899 0.6779405294 0.5251146421 0.8123835956 0 0.8974177326 0.8882267951 0 0 0 0 0 0 0 0 0 0.5636284363 0.5741793035 0 0 0.548986643 0
0.8361401989 0.5859313326 0.82554491 0.7222856952 0.7201071387 0.7208553216 0.7167918914 0.7255734863 0.6528119947 0.5733208084 0.7521076856 0.8352765145 0.7956096779 0.7780551734 0.8488704534 0 0.8474802095 0 0.5051086795 0 0.5697675159 0.686151219 0.602947886 0.7260293552 0.7293567839 0.7210995941 0 0 0 0 0.5606161985 0.5553830533 0.554994851 0.5507573613 0.5606511911 0.7320941589 0 0.7280768014 0.7270025388 0 0.6943565463 0.5217723653 0.6866407998 0 0.6717046896 0.665135781 0.6681330624 0 0.6771499309 0.6836214218 0.8690475966 0 0.6654242925 0.8972681456 0.673855189 0 0 0 0 0 0 0.5444388611 0.5660690166 0.5709907981 0.5735996884 0.7111570589 0 0 0 0.5390430737
0.8083157103 0 0.8255939651 0.8194057093 0.7259872349 0.7226691948 0.619967888 0.5318115937 0.6013405279 0.7276488566 0.8093083478 0.8631091011 0.7815258595 0 0.7985485194 0.553919828 0.5967434192 0.5467108412 0.7166355931 0.7102391743 0.7107032875 0.7204067161 0.7301978037 0.7424204735 0.7314259781 0.5153834081 0 0 0 0 0.5639509509 0.5631447427 0.5615694992 0.8534476953 0.8699977719 0 0 0 0 0.5546988793 0.5268008588 0.5276436664 0.6779975352 0.6789087001 0.6662568244 0.6708581813 0.6705570579 0.6696633687 0.6818604529 0.6805333301 0 0 0.8075522689 0 0 0 0 0 0 0 0 0.5312543716 0.5436778205 0.7260795633 0.5418815835 0.7107937572 0.703806208 0.7062086755 0.7095821793 0.5464433971
