landscape/hab_quality/256/simulation_000041_p068_h059_HABMAT_patch_more_500pix_modified.asc_ac_0.5_quality.asc
NCOLS 513
NROWS 513
XLLCORNER 0
YLLCORNER 0
CELLSIZE 9.980507
NODATA_VALUE NaN
[rows 403 to 433 of 513, columns 0 to 69 of 513]
0 0 0 0 0.5722884697 0.7184214734 0.8862107733 0.6344202211 0.6262801133 0.6125239416 0.6166531867 0.6236916229 0.6235297903 0.6502864533 0.5685455721 0.7304559605 0.7340322526 0.7109535007 0.773612818 0 0 0 0 0.7324131338 0.5971372044 0 0.6955303358 0.6618760465 0.6547027478 0.6510412694 0.6509318074 0.8579506496 0.8523136117 0.8489544263 0 0.708724064 0.7052288331 0.703577504 0.6938808698 0.6900615431 0.6598374274 0.6517620938 0.6862841795 0.6651415117 0.7609382849 0.7710065105 0.7694757728 0.7732108241 0.6636189335 0.8851167004 0.782484323 0.7876291169 0.7902781364 0.5751002674 0.5637353525 0.5671839302 0 0.5793905664 0.5835749453 0.7063109456 0 0 0 0 0.714009026 0.7124814787 0 0.5244199311 0.5351443123 0
0 0 0 0.5700016787 0 0.6072217266 0.6070601458 0.6138913964 0.6329655599 0.6148178306 0.6059489231 0.6141627086 0.7314420738 0.7272863302 0.73938703 0.7355780664 0 0.7763858265 0.7711097681 0 0 0 0.7002046223 0.726602623 0.693952547 0.6940090774 0.6973843794 0.6610253055 0.6607753794 0.6580844025 0.8493351457 0.8547642997 0.8520008088 0.8426933729 0.8511404304 0.8494950422 0.7057168867 0.6957314363 0 0.6963050175 0.6549074973 0.5472723624 0.7598289977 0.7541377198 0.7624125958 0.7746079501 0.672831723 0.6629524085 0.6698558649 0.7827280255 0.7893983095 0.7801380173 0.7869952565 0.8758575072 0.5688043313 0.5676438929 0.5765890055 0.5736077232 0.5823347277 0 0 0.7042736745 0 0 0.712505124 0.7210621498 0.7176942073 0.5379370565 0.5297651857 0.536321354
0 0 0.5762083133 0.5665086785 0 0.5633472011 0.6246875729 0.6170551716 0.6231510341 0.6066345589 0.6092857075 0 0 0.7239254776 0.7227417051 0.7214443645 0 0.7692125453 0.7705550619 0.7654751989 0 0.6962941357 0.7311362098 0.6922597896 0.7287485892 0.5626169792 0.7037760322 0.7459639538 0.7473494308 0.8482595147 0.8463040747 0.8579479027 0.8493884383 0.8462555342 0 0 0 0.7118721263 0.5039478428 0.7228729174 0.508958014 0.5387894976 0 0.7555517277 0.7630058146 0.772442129 0.6711877622 0.583143608 0.5454447241 0.5068902369 0.7847927228 0.7858790647 0.7931848001 0.7599006912 0.8810677344 0.5762943578 0 0.8205615181 0 0 0 0.6954572849 0.6964190819 0 0 0 0 0.5372037438 0.5386902227 0.5411817455
0 0 0.6806709885 0.5715197482 0.5635850784 0.564331955 0.624353525 0.6242418637 0.6237010324 0.5640602408 0.617373572 0.6782360426 0.7326537841 0.7348876909 0.7200633893 0.7136763516 0.7599110423 0 0 0 0.628745459 0 0.6916447174 0.6827344213 0.6738414584 0.7361420482 0.7423046757 0.7442770089 0.8637699283 0.850108479 0.8511795903 0.8521446026 0.8570672468 0.8519164174 0.8470628491 0.5637802294 0.6393198107 0 0.7223552119 0.509261215 0.5418584275 0.7519438169 0 0.7669177647 0.7633415825 0.7659938916 0.7708017116 0.5853119967 0.5120029039 0.8661384379 0 0.8646927533 0.7934239732 0.8828096266 0.8825666086 0.8869201562 0.8217627035 0.8266643432 0.7152000975 0.7025255453 0 0 0 0.6999283172 0.7288766573 0.584557314 0.5850220653 0 0.6674368822 0.7174768943
0 0 0.6722274606 0.6714317984 0.6787991919 0.6248074701 0.6266729178 0.6266570292 0.5887188925 0.7556169751 0.7419853914 0.7398517049 0.7404798149 0 0.7125393073 0.7503938198 0.7525928807 0 0 0.5610205808 0.5606187713 0.5623047572 0.5713618992 0.6814768813 0.6802699016 0.744964944 0.7396865703 0.750679567 0.7825927344 0.7774819024 0.7821183077 0.7687521351 0.775858687 0.5615869998 0.5616148377 0.5638355628 0.5654030228 0.5592999171 0.6499838523 0.5661297101 0.5733870648 0.5127881235 0 0.7742288834 0.7714291848 0.7728075411 0.7781411917 0.7827681442 0 0.8656609035 0.872979631 0.5965608654 0.6396299906 0.6129720101 0 0.7103350835 0.714012618 0.5971940791 0.8186567184 0 0 0 0.712552707 0.6981982397 0.722112781 0.6058308371 0.6037923335 0.6040890547 0 0
0 0 0 0 0.6786926221 0.8252471991 0.6591397872 0.6085320891 0.7637533046 0.7738094514 0.7485865921 0.7453587203 0 0 0 0 0.7455642455 0.7592271662 0.7632529546 0.5668324083 0.5605939636 0.5701889649 0.5691008078 0.5252166621 0.6776422081 0.672646031 0.5948528144 0.5600353628 0.7734371549 0.7726286737 0.7728727594 0.7737216643 0.7676062801 0.5659269103 0.5587845215 0.5627401858 0.5766773777 0.5790354826 0.5591753203 0.7520433144 0.574121675 0.622202192 0.7889313101 0.7791862572 0.77177868 0.7735354458 0.7761288899 0.7828905663 0.8749987936 0.8667794035 0.8692702675 0.7108748529 0.705559848 0.6090215884 0.7127480434 0.7160723625 0.7137475826 0.7743071253 0 0.7072535451 0 0 0.7134630536 0.7165377488 0.9067418605 0 0.599298062 0.6040786049 0 0.7824692051
0 0 0 0.6294741787 0.6448171694 0.5188308973 0.5862544568 0.6294299574 0.8440577633 0.7543301384 0.7354507788 0.7527654548 0 0 0 0.7470306405 0.753610301 0.7496621266 0.7583271076 0.5760943947 0.5668414979 0.5606360627 0.5197272006 0.5187006956 0.5261222916 0.5243948774 0.6742888474 0.7825020032 0.7727815078 0.7709109342 0.7680127833 0.7640752893 0.7718044153 0.5634189648 0.5661724817 0.5684003059 0.5744684699 0.6723763161 0.8874367701 0.5652282533 0.6578364833 0.8674246162 0.8731696053 0.779494611 0.7786132445 0.7833840561 0.7759320411 0.5447051619 0.5476828373 0.549301794 0.6194110917 0.7034717383 0.7081955176 0.5667030151 0.5676288616 0 0 0.72056804 0.7824540129 0.5686460931 0 0.9024318191 0.9060466746 0.9039453436 0.9044109657 0.6869964478 0 0 0 0
0 0.8280136582 0.8047934447 0 0 0 0.5807767597 0.8556604411 0.5289460173 0.8426038793 0.8460501516 0.8522487018 0 0 0 0 0.7566948921 0.7542135343 0.7595605553 0.7607809462 0.5275191125 0.5258904938 0.5208493194 0.5180165063 0.5216510912 0.5279214593 0.526023095 0.7850425958 0.7807500927 0.7719025012 0.7670673987 0.7651776048 0.7675439858 0.8677854589 0.7772780511 0.8717188262 0.5711903963 0.642307521 0.5769725323 0.5789752785 0 0.6604435919 0.7796240482 0.7044777154 0 0.7510630541 0 0.542784615 0.5444099883 0.5479928544 0.6096239038 0 0.6319597759 0.5636158699 0.7590761265 0.7361320498 0.7356359979 0.9197423371 0.9082919061 0 0.9060760332 0.9046296542 0.8995926542 0.9082148815 0 0 0 0 0 0
0 0.8992782056 0.7246439442 0 0 0 0.6910801356 0.7891504817 0.8468913897 0.8493813725 0.8510568313 0.8463000124 0.7603258137 0.749571727 0 0 0.7594326688 0 0.7646883941 0.7674123214 0.5355700205 0.6767726325 0.5206234055 0.5189976836 0.5272395557 0.5218990057 0 0.7777866549 0.7750495696 0.7699152493 0.7701696971 0.7728304826 0.8683902443 0.6171875659 0.8657602919 0.8733224358 0.8837687106 0 0.5712076327 0.7907883351 0 0.5785738985 0.7324880008 0.5103068576 0.7568939226 0.7486844285 0.7525439981 0.5499099004 0.5412761222 0.5512559108 0 0.6100171787 0.5731496974 0.5706717241 0.7320662734 0.7276819097 0.7295055293 0.9189438762 0.9104945946 0.9074238306 0.9141638974 0.9064786486 0.9005072785 0.9023824165 0.6908630376 0 0 0 0 0
0 0.6404114463 0.7224415434 0.7191471457 0 0.6476547518 0.6467716549 0.7219246216 0.7491208208 0.5894159332 0.6130103476 0.6085051444 0.5563543088 0 0.750008916 0.7574064072 0.7650220697 0.7627208128 0.761519625 0.5375500701 0.6858085043 0.5290063363 0.6698158844 0.5211251967 0.5216274422 0.5246893541 0.5286376258 0 0 0.774278271 0.7714149752 0.7823447885 0.7796359877 0.8718024698 0.6134454024 0.8745584653 0.884164737 0.8879590735 0.7906623741 0.7907915643 0 0.5737545693 0.8064798952 0.7084906012 0.7017480725 0.7576839237 0.7581603617 0.5479347457 0.5437009775 0.5507709309 0.7195217805 0.7242698186 0.5331444135 0.638579845 0.6886848118 0.7287633729 0.7328106497 0.8109418161 0.9137647565 0.8978631891 0.9053214872 0.9043697562 0.9065151946 0.9104979252 0.7778914527 0.7805352511 0 0 0 0
0 0.7888384354 0.7864208822 0.7281219795 0.7256558244 0.5094598833 0.9016616421 0.7448942773 0.5624057228 0.6677812606 0.6024689047 0.603432699 0.7534197305 0.8382543726 0.6717804588 0.8332977618 0 0 0.7248690911 0.7317338597 0.7349821928 0.7358939626 0.518205454 0.5299065196 0.527569637 0.5315083401 0.5085552476 0.5122903217 0.7828223755 0.7768854668 0 0.6456348223 0.666249436 0.8786686205 0.8769777659 0.8816784404 0 0 0.6061266132 0 0 0.8623178989 0.8947072045 0 0 0 0 0.7802387113 0.554364946 0.720927827 0.7158497049 0.725709339 0.5608369531 0.5635738521 0.5450748031 0.5601001055 0.6144852319 0.6249066857 0.6212253888 0.9072740066 0.9055321978 0.7668018111 0.7701852667 0 0.7722745432 0.7780695 0 0 0 0
0 0.751767086 0.7286400722 0.5046284476 0.5541542951 0.5402209118 0.8745801411 0 0.8994586185 0.6123228552 0.6070472662 0.6005998999 0.5975174941 0.5938978117 0.8288393328 0.8299977298 0.7255087903 0.7293059706 0.7329804539 0.7282463131 0.7318133153 0.7408586613 0.5245833205 0.5203603491 0.6078370081 0.6028720581 0.5078433834 0.6049491217 0.6567605148 0.6605355384 0.652632423 0.8817482342 0.6760801637 0.8846292975 0.8778162154 0 0 0 0.6136653703 0.6156521305 0.8604402635 0.8648825737 0 0.7811306685 0 0.7660300588 0.7735652469 0.7822090413 0.7228230146 0.7200261761 0.722880795 0 0.5555585448 0.5563557924 0.5528535152 0.5573285856 0.6108108196 0.610474126 0.6204351428 0.7776112702 0.687010363 0.7696989305 0.7645940384 0.7663039978 0.887001217 0.8949389191 0 0 0 0
0 0.7858785107 0.7613079809 0.7055571215 0.7059287733 0.7091921795 0.6097392155 0.6118962703 0 0 0 0.8392795875 0.59143428 0.8979611572 0.8282854845 0.6423061397 0.595537224 0.5882016584 0 0.6813647383 0.7359979423 0.7379460487 0.6996068678 0.5518545616 0.6142519935 0.6058716044 0.6021711868 0.6042926545 0 0 0 0.7049600465 0.8876283483 0.5659559997 0.8829541055 0.8588681068 0.8539707886 0.7235957603 0.6869937995 0 0.8598951721 0.8668027043 0.5012237736 0.7747455189 0.7721638233 0.7894368584 0.6837012382 0.7781240835 0 0 0 0.5830021408 0.549623304 0.5478303832 0.551184112 0.7637493316 0.6182673338 0.638691018 0.616614196 0.5823215681 0 0 0 0 0.7694803062 0.8882110915 0.7818932981 0 0 0
0 0.5195507711 0.5181647947 0.5359456294 0.7044349311 0.6204194417 0.6055161638 0.7602190216 0.6056567906 0.6137659 0.7277067657 0 0.600732907 0.5992928314 0.5832031467 0.5797640465 0.5866461233 0.7898511337 0.6843983933 0 0 0.6571783452 0.7444381162 0 0.5547580501 0.6118966787 0.6063861819 0.6010357137 0.5996169011 0.6524126229 0 0.8991886727 0.7449927271 0.888286468 0.8640319244 0.693273245 0.8541491818 0.855248403 0 0.8679799731 0.8678631325 0 0 0.8812157637 0.8698565759 0.8775552671 0.5921741634 0.813754764 0 0 0 0.768426691 0.7443249351 0.549603926 0.5520489743 0.9063230321 0.6473987173 0.6422934343 0.6439026608 0.5801848099 0.579658015 0.7742308819 0 0 0.8268352243 0.773479882 0 0 0 0
0 0.5241757208 0.85573965 0.7129739636 0.7126529172 0.7074893479 0.6059881007 0.6036792358 0.6127312605 0.607199542 0 0 0 0.5954046655 0.5868348708 0.5773928284 0.5841468397 0.5864928656 0.5879201939 0.5108817446 0.6955718748 0.743034377 0.8055162285 0 0 0.6110067931 0.6029735548 0.5967251511 0.605553586 0.8921872342 0 0.898037723 0.8567712692 0.7626696122 0.7193802427 0.7677663866 0.6598661568 0.7660739459 0.8660571995 0 0 0.5261281486 0 0.8807980611 0.8759637264 0.867641017 0.871096174 0.8693904699 0 0 0 0.7677620064 0.7600619282 0.7573346343 0 0.8972373804 0 0.7642202062 0.824336905 0 0 0.5700961668 0 0.5726961864 0.5764178002 0.5748290594 0 0 0 0
0 0.6612824489 0.6628238096 0.6684968617 0.7570185234 0.6858618442 0.6274828718 0.6070532459 0.6051284606 0.6112116453 0.6188368152 0 0.8421214985 0 0.5817940663 0.5407512508 0.578625162 0 0.5837471872 0.7580332673 0 0.6776147649 0.8384610996 0 0 0.6105476806 0.6025710912 0 0.6055631973 0.8932137339 0.8888329619 0.89538572 0.7556611961 0.7648353486 0.7589377035 0 0 0 0 0 0 0.762880046 0 0.879677996 0.8682676284 0 0.8626752521 0.8655390891 0.8799217993 0 0 0.7719611607 0.7627750701 0.7526694551 0.7507990647 0.7603817336 0.7634139056 0.5253090054 0.5342842868 0.5831713902 0 0 0 0 0 0.5065700661 0 0 0 0
0 0.661865137 0.6612349673 0.6650988706 0.5550897911 0.6718410231 0.6709251017 0.6111420428 0.6127958196 0.6148579254 0.6168149191 0.6268019619 0.6997275674 0.5796214089 0 0.5863471864 0.5835613023 0.5866778974 0.5895219967 0.7614298786 0.7260386958 0.722247765 0.6575056621 0.6421434202 0.6408715631 0.6116648028 0.6037330757 0.7918888465 0.6042469417 0.8973792775 0.8941153542 0 0.7587333402 0.7552182181 0 0 0 0 0.698096061 0 0 0 0 0 0.682538149 0 0 0 0.574792492 0 0 0 0.7079538842 0.5399141747 0.7571159142 0.7294420285 0.7531921763 0.7432666142 0.7499625445 0 0 0 0 0 0 0 0 0 0 0
0 0.6670965932 0.6656768041 0.6651365783 0.8446102847 0.6671588447 0.5626531271 0.6148547697 0 0 0 0 0.836428386 0.6815767073 0 0 0 0 0 0 0.6536954874 0.7261171766 0.7205987388 0.6439913616 0.642203906 0 0.6135542675 0 0.7979666146 0.6103773094 0.6466275562 0.7547835029 0.7490888846 0.8252698607 0 0 0.728350808 0 0.704227854 0 0 0.8290249379 0 0.6776230048 0 0 0.7394555646 0.5973204828 0.593368819 0.58592958 0 0.6002598477 0.6229909168 0 0 0.5398065625 0.5469671308 0 0.6547308639 0.5784119966 0 0.7858633559 0 0 0 0 0 0 0 0
0 0.8462392974 0.8442057324 0.8393870771 0.8438778279 0.8507220289 0.6717611464 0 0 0 0 0 0.6168395561 0.6066984602 0 0.5937419162 0 0.5923277977 0 0 0 0.6647185635 0.7275033976 0.5218778007 0 0.8749519577 0.8852421126 0.7658605527 0.7905088596 0.6525463962 0 0.7372870056 0.8992170647 0.8398151088 0 0.728745532 0 0.7282668544 0 0.8011714296 0.8275840191 0 0 0 0 0 0.774924763 0 0 0.5892229658 0.5920177729 0 0.6013107346 0.5321265846 0.5310866354 0.5377235199 0 0.7566810542 0 0.7077712816 0.5768657511 0 0 0 0 0 0 0 0 0
0 0.8445524436 0.8422555424 0.8355377657 0.839996201 0.8538030728 0.8536948392 0.6778114585 0 0 0 0 0.6245297409 0 0 0.5960537297 0.5871721099 0 0.6039964073 0.6704762169 0.661382751 0.8695194427 0.6579403417 0.6241140235 0 0.8883104328 0.7605545792 0.7568373599 0.7576791423 0.7620294307 0.6502120135 0.6560427734 0.6375849957 0.7322286794 0.7351497737 0.7271992733 0 0 0.5617325478 0.8782550045 0 0 0.8249892744 0 0 0 0 0 0 0 0 0 0 0 0.5304982224 0.5436867643 0.5110653208 0 0 0.7563679664 0.6850414557 0.559350486 0.8997058233 0 0 0 0 0 0 0
0 0.8442739447 0.8367353788 0.8405665852 0.8426656985 0.8517548627 0 0 0.5495941726 0 0 0 0.6182880262 0.6198471375 0 0 0.7941416133 0.5969356225 0 0.6684800567 0.6409880891 0.6519722126 0.6593251329 0.5220321356 0.8840270444 0.5356443428 0.7629532145 0.7626387891 0.756007271 0.7633898466 0.7666790756 0.5403460332 0.5376944831 0.6213741168 0.7019877808 0.7306548595 0 0.7263164195 0.5627982422 0.8690802753 0.862357143 0.6326218673 0.8609968342 0.8645328437 0.6803047299 0 0 0 0 0 0 0 0 0.5311819324 0.5357071353 0.5732006023 0 0 0 0 0 0.5526842316 0 0 0 0 0 0 0 0
0 0.6618956855 0.8444230199 0 0.8429073176 0.8502129904 0.8563469802 0 0 0 0.562682457 0.8470997645 0.562864295 0.7898320095 0.7559878294 0 0.7911113826 0 0.5102562833 0.7993285976 0.660416129 0.6552449538 0.6617493919 0.8286328071 0.581908846 0.7212030016 0.8900121275 0.7626728909 0.7658828288 0.7631315386 0.7635936556 0.5328015321 0.5313731825 0.6130536375 0.6163928356 0.6099207359 0.7320704428 0.7297812813 0.8001494983 0.870341542 0.8638903773 0.8584791134 0.8674645546 0.8616999503 0 0 0 0 0 0 0 0 0.8180898962 0.6030438711 0.657053121 0.7271433055 0 0 0 0 0 0 0 0 0 0 0 0 0 0
0 0.8430061693 0.6595221307 0 0 0.8504426796 0.8519454719 0.8580226588 0.6769068715 0.6752578891 0.8550164038 0.8511116116 0.8493934642 0 0.7917720271 0 0 0 0.7983063179 0.7998850735 0.7914642611 0.7161486317 0.7979265032 0.8197555115 0.7655880858 0.8787011159 0.7690392221 0.7673082965 0.7736821573 0.7729557457 0.7726348742 0.539374526 0.5356306135 0.6105775567 0.6065762975 0.6150404366 0.6225699136 0.8352642628 0.7674103671 0.5359380986 0.8590007242 0.6413064957 0 0.8667477045 0.8646815032 0 0 0 0 0 0 0 0.6987914261 0.8055432036 0.6500668276 0 0.8191559057 0 0 0 0 0 0 0 0 0 0 0 0 0
0 0.6622743596 0.8521827267 0 0.8536014188 0.8581920807 0.8513969969 0.5959871567 0.701275214 0.8080718397 0.6818501731 0.6102160118 0.7570773305 0.8144993582 0.811377643 0.8054356431 0.7941391789 0.5087593138 0.8028119538 0.7962702849 0.7898938314 0.7906515004 0.79574683 0.8204216059 0.8254546018 0.7400012048 0.7681807035 0.5758082089 0.7759647586 0.5852156925 0.5838237679 0.5056390402 0.6482952877 0.6086551305 0.6127920421 0.6066327842 0.7187717451 0.606160283 0.5103892784 0.8391646852 0.8377561562 0.8449503885 0.7089813537 0.7856058722 0.848935673 0.872629996 0 0 0 0 0 0 0 0 0.6112928698 0.5235031281 0 0 0 0 0 0 0 0 0 0 0 0 0 0
0 0.5803722798 0.85408123 0.8525575524 0.8597821842 0.8622899292 0.8602100137 0 0.5499686641 0.5565788425 0.848804671 0.7218737707 0.6556009673 0.8057849144 0.8054082949 0.8087399192 0.8185540493 0.5506242002 0.682439726 0.7995396548 0.7900320804 0.7922970125 0.7674507924 0.7026205867 0.6348550437 0.6101087911 0.6305098553 0.5780420565 0.5754153576 0.5759848804 0.5796357601 0.713571245 0.6524722719 0.644993843 0.6425273692 0.6428878665 0.6929498643 0.5986855852 0.7519371811 0.6002912918 0 0.8376428962 0.8354322005 0.8369105555 0.6566315686 0.5396874841 0.5766751504 0 0.5250419447 0 0 0 0 0 0.5178409992 0 0 0 0 0 0 0 0 0 0 0 0 0 0 0
0 0 0.8604526973 0.8657052814 0.7611004713 0.8637778905 0.8664264562 0.5566974686 0.6839896757 0 0.5998307203 0.7166847601 0.6496977777 0.809482701 0.8086525045 0.8076560026 0.8093560835 0.7452229397 0.8092355917 0.5479407691 0.5411279996 0.7939357388 0.7924752396 0.8042428496 0.7039670517 0.8581812828 0.5491821132 0.5847050371 0.5733068153 0.5712692238 0.5780626437 0.6304821719 0.7833767585 0.6170131027 0.6410474776 0.644936368 0.702978097 0.5961690768 0.5918419034 0.7434343689 0.6654657505 0.8305397625 0.8362499991 0.6767201273 0.6727030399 0.6750894934 0.6052346078 0.5276265847 0.5197223383 0.5200862832 0 0 0 0.6714262356 0 0 0 0 0 0 0 0 0 0 0 0 0 0 0 0
0 0 0 0.8992095041 0.6178686931 0.79933347 0.8911175968 0.6585075797 0.6773689136 0.675917775 0.6726819987 0.6732787692 0.8475943867 0.810442328 0.8099448843 0.6273795971 0.5707622261 0.5796662761 0.5533045955 0.5508685324 0.5468762118 0.5471420893 0.8404674736 0.6099734468 0.7359197142 0.6722425819 0.7362627824 0.673295012 0.5717999805 0.713530427 0.7849043423 0.7793339355 0.7650473392 0.6469882123 0.6706468334 0.6457472764 0.7107187293 0.5400574469 0 0.5964869871 0.604273037 0.6124197556 0.8315643791 0.625538617 0.6669257986 0.6704627052 0.7019420727 0.5290105971 0.5267387937 0.5232522536 0.5300044127 0 0 0.6615512316 0.6561403499 0.5518250833 0.7684051776 0 0 0 0 0 0 0 0 0 0 0 0 0
0 0.8627013342 0.8640770495 0.6234519778 0.7234437611 0.5358434147 0 0.6804957815 0.6637050008 0 0.6704447633 0.6763511325 0.6439567147 0.6470360956 0.5165475481 0.8419279058 0.5700535371 0.7327785182 0.7308420292 0 0.7268515607 0.7265307867 0.7356883411 0.7404127564 0.7321633979 0.7275609903 0.733729957 0.7562858171 0.7937932985 0.7870900092 0.7772666835 0.7784308012 0.7839417653 0.7905692599 0.7897807728 0.7743412282 0.6385142757 0.5936818495 0.7090180483 0.5975599779 0.598866361 0.6095855258 0.6208620089 0.8507057146 0.6670401665 0.547780514 0.6992506081 0.5296346867 0.5289249493 0.5324789419 0.5308525329 0 0 0.6538444841 0.661493614 0.664685132 0 0 0 0 0 0 0 0 0 0 0 0 0 0
0 0.8407461873 0.8525129436 0.7510811651 0.6474284271 0 0.6873536531 0.6794821965 0.6689358904 0.6624178585 0.6704864205 0.6755929831 0.6444704277 0.8039301232 0.5374335583 0.6779697803 0.7996258211 0.674793463 0.7269512359 0.7242306148 0.718251383 0 0.7227420632 0.736666286 0.7356540258 0.7207938565 0.7420630258 0.7492647739 0.7428325477 0.7835931377 0.7855213271 0.7786894192 0.6214334895 0.5462831922 0.6375211902 0.6342056465 0.8912110857 0.6348412019 0.6384795049 0.6420204181 0.6106088184 0.6274954443 0 0.6234073252 0.5254914282 0.5186683623 0 0.5375670586 0.5388435978 0.5347951034 0 0 0.6560389669 0.6608933639 0.820803501 0 0.8573099996 0 0 0 0 0 0 0 0 0 0 0 0 0
0 0 0.8329337837 0 0.6428568413 0.6412669118 0.6816061899 0.6753157804 0.6706274307 0.6662493337 0.6647022278 0.6852344471 0.5969776439 0.6532660374 0.579092244 0.8084952655 0.7366432321 0.7303545566 0.7245371186 0.7206134698 0.7232251896 0 0.7297958985 0.7280276956 0.729312538 0 0.7415542031 0.5648505452 0.6305483358 0.7939804727 0.793543074 0.7891343657 0.6757028968 0.6342008316 0.6235675685 0.6279411565 0 0 0.6395924713 0 0 0 0.8927157578 0.8962927097 0.5247810056 0 0.5257942568 0.8497692138 0.869471127 0.5393246252 0.5684264445 0.6567794954 0.6535010617 0 0 0 0 0 0 0 0 0 0 0 0 0 0 0 0 0
0 0 0.8257336349 0.8996293976 0 0.5940133719 0.6493455734 0.6751306768 0 0.6726723218 0.6790419165 0.6801797333 0.5851941499 0.6640756805 0.6423499618 0.8212633102 0.7379891144 0.7324536622 0.7477057422 0.7391628306 0.7303318396 0.7291257628 0 0 0 0.7581185469 0 0.8295592209 0.6450063499 0.6249533972 0.6281395675 0.6807146637 0.6787729812 0.6271378635 0.6260926602 0.6224785627 0.6226707177 0 0 0 0 0 0.6838530798 0.5324987007 0.7496261392 0.8264150306 0.8335615012 0.8384781615 0.8786446599 0.7584121946 0.7464025075 0 0 0 0 0 0 0 0 0 0 0 0 0 0 0 0 0 0 0
