landscape/hab_quality/256/simulation_000065_p049_h021_HABMAT_patch_more_500pix_modified.asc_ac_0.5_quality.asc
NCOLS 513
NROWS 513
XLLCORNER 0
YLLCORNER 0
CELLSIZE 9.980507
NODATA_VALUE NaN
[rows 261 to 289 of 513, columns 268 to 334 of 513]
0.8051976141 0.7972327982 0.7957188791 0.7597690861 0.7561215554 0.7556882586 0.7516074531 0.7556838589 0.772760236 0.7661855068 0.8010457517 0.8864763858 0.8434630895 0.8258935571 0.8306247347 0.5879147105 0.5726809443 0.802230795 0.798392984 0 0.7882067571 0.7981696919 0.7992129204 0.8007506719 0.5426367286 0.7674452906 0.7728686763 0.815506976 0.8138775823 0.6455690023 0.5427646391 0.5455021574 0.604189629 0.822666461 0.8219039043 0.8244008144 0.8149663383 0.6809229489 0.6784786814 0.8353425715 0.64253091 0 0 0.8168006957 0 0 0 0 0.8417263982 0.5597204544 0.6587311112 0.6583349897 0.6552327685 0 0 0 0 0.870018964 0 0 0 0 0 0 0 0 0
0.7919787241 0.7915700584 0.792922734 0.7520043825 0.7500408704 0.7481995448 0.7511885188 0.6624338408 0.7637108317 0.7736867759 0.7825395172 0.7827060865 0.5511226454 0.8275502282 0.8228804154 0.6118701646 0.8119887201 0.8617895201 0.8021329154 0 0.7936192839 0.7957560553 0.8348633464 0.8011435591 0.5487016407 0 0.8111961756 0.8058096246 0.8550111749 0.8482536989 0.5861088155 0.8951837163 0.771224761 0.8277603073 0.8195464427 0.8149206026 0.8138173122 0.8914987847 0.5584860844 0.6838545848 0.5685985948 0.7198619537 0.7241601377 0.6543295978 0.5998352276 0.5454836369 0 0 0 0 0.6612146374 0.6532032991 0 0 0 0.647578266 0.6461639189 0 0 0 0 0 0 0 0 0 0
0.8002836678 0.7914520322 0.7984975241 0.7983076371 0.7566394709 0.7568727986 0.7550083271 0.758820784 0.7599646359 0.7643862058 0.8286446577 0.5276253021 0.5466398456 0.8290127338 0.6204459161 0.8571551829 0.7888938128 0.8035742211 0.797333356 0.7948955205 0.7960605876 0.7963951303 0.8032473749 0.8176041395 0.5180684887 0.5075986323 0.5108073238 0.6278157522 0.7805027711 0 0 0.6716112802 0.7527109565 0 0.8203854469 0.8115701102 0.8205516572 0.8895734126 0.5177679173 0.5703137668 0.5759662518 0 0.7129175848 0.7314778345 0.8273642978 0.518897519 0 0 0 0 0.6594962193 0.658227443 0 0.6643624824 0.674693478 0.6529446987 0 0 0 0.5528877123 0 0 0 0 0 0 0
0.7878558519 0.7909102384 0.7917664037 0.7969534263 0.8051738944 0.7633165268 0.7584960988 0.5227431386 0.5839486497 0.8244521481 0.8198637941 0.5372862221 0.5279516055 0.6747563711 0.7721979552 0.7812978521 0.7787105392 0.7919296206 0.7975337018 0.8033240988 0.8044639196 0.7978753896 0.8171738848 0.8414829984 0.5083858836 0.5069693367 0.5159492456 0.698687036 0.5961565291 0.6677399446 0 0.7997915143 0.7942327893 0.5518463021 0.8141836213 0.815051204 0.8140089526 0.7898500602 0.5230707012 0.5173281099 0.6364845998 0 0.7278576379 0.5156356988 0.7762122821 0 0 0 0 0 0.6605735773 0 0.6611685613 0 0.6608294107 0.834860665 0 0 0 0 0.8917221399 0 0 0 0 0 0
0.7821520492 0.7893742301 0.797905117 0.8122506465 0.8061562538 0.7641137316 0.7658416338 0.5764431777 0.806974161 0.8247082174 0.8153894256 0.765555709 0.5471999571 0.7527076867 0.6147946559 0.771830226 0.5738116487 0.7435658073 0.8042375638 0.7148473072 0.804263874 0 0 0.504540381 0.5085673756 0.5085124541 0.5094161896 0.8853067304 0.59969184 0.5909394215 0.5917632066 0 0.7309717729 0.7905158594 0.7835731412 0.79234079 0.7889450882 0.7906445573 0.5199467269 0.5255276312 0.5236669655 0.6205441703 0.804347683 0.7909576964 0.7899629996 0 0 0 0 0 0 0 0.663409003 0.6721835517 0 0 0 0 0 0.6319492427 0 0 0 0 0 0 0
0.800910058 0.7886725655 0.5011124235 0.8093948226 0.811744141 0.8149648872 0.7750007057 0.7730125733 0.8120113135 0.8054261284 0.8172480971 0.6213247518 0.7752152539 0.709342894 0.6998179527 0.861149844 0.7423466235 0.6677619664 0.7403220876 0.7977156868 0.69179787 0.7128602028 0 0 0.734964917 0.7495862959 0.8795082816 0.8813001505 0.6169313037 0.5138501012 0.5833025331 0.8209855905 0.7994056665 0.7859648368 0.7839042442 0.7826979975 0.7870107716 0.79177805 0.7956569322 0.7883750975 0.619125157 0.7952994388 0.7957020316 0.6597979803 0.789959392 0.5292093092 0 0 0 0 0 0 0 0.6697139248 0 0 0 0 0.6257975702 0 0 0 0 0 0 0 0
0.7942515297 0.6630705169 0.7894977306 0.8157273908 0.8101867649 0 0 0.615025513 0.7421191978 0.8090610477 0.8265256937 0.821918628 0 0 0.7024414987 0.6963152657 0.7020749966 0.5150565585 0.6131820066 0.6722650726 0.7182875481 0.7195886612 0 0.7267503608 0.6258165028 0 0.7864667742 0.6532956297 0.517264515 0.5834622496 0.5877325686 0.5924248114 0.8020590692 0 0.785449984 0.787386602 0.78451778 0.7914145177 0.5381895714 0.7892625046 0 0.6509318005 0.6476962311 0.6487333175 0.6536673125 0.7991369777 0 0 0 0 0 0.6447269178 0.6066048804 0.5674987885 0.6628693704 0 0.6180713743 0.6176871181 0.6215540666 0 0 0 0 0 0 0 0
0.8947863872 0.895704039 0.8888114026 0.8890732064 0.8957654857 0.5350668143 0.6826017889 0.8156610993 0.641744765 0.7467166875 0.5273353451 0.5217085281 0 0.6496970696 0.7040336485 0.634261177 0.6976708913 0.6883614114 0.6651802508 0.6666880242 0.6638526407 0.5035968626 0.7342174458 0 0.7278388859 0 0 0.5945449869 0.6040375037 0.6004275866 0.608388111 0.6012591565 0.8606652309 0.7865533636 0.7887554386 0.7906962187 0.7850089927 0.7860484995 0 0.8791343323 0.7940030791 0 0.6463251609 0.6495461471 0 0 0.6265080491 0 0 0.5320409374 0.7757229191 0.8046737447 0.5762810673 0.5740221936 0.5714976758 0 0.6223270344 0 0 0 0 0 0 0 0 0 0
0.8931905832 0.8945765574 0.8878592738 0.888569477 0.8937819596 0.812268554 0.5759303085 0.5878513062 0.8551953953 0.8528564171 0.5212533474 0.5134327198 0 0.6521658375 0.6466861881 0.6521480594 0.6422433157 0.6442949163 0.665364075 0.6637995844 0.6671204875 0.6702161548 0 0 0 0 0 0 0.8997693545 0.6028099586 0.599140564 0.6017500209 0.799741049 0.7935833807 0.7974364831 0.7862875611 0.7866324191 0.885042014 0.8785276877 0.8852934817 0.6811511779 0 0 0 0 0 0 0 0.8081613006 0 0 0.8281228645 0.8293355729 0.570549272 0.6662056606 0.6607003555 0 0 0 0 0 0 0 0 0 0 0
0.8911965707 0.8851098542 0 0.8891160775 0.7291503088 0.7195412998 0.5902693514 0.8932780603 0.5801342854 0.583611126 0.6099312749 0.514732354 0.5170166198 0.6505952003 0.6435858152 0.7392231597 0.7427798921 0.6442601543 0.6698643672 0.6657598 0.6655677264 0.6732623714 0.6755967218 0.8510313144 0 0 0 0 0.8531825097 0.8103157677 0.5624940484 0.6080275105 0.7994460935 0.7995944691 0.792631678 0.7875204129 0.7939669199 0.8805328463 0.6271342334 0.673164268 0.6803003784 0 0.6504887705 0 0.658974099 0 0.6482180322 0.9024509615 0.712653589 0 0.8291810802 0.8236957167 0 0 0 0 0 0 0 0 0 0 0 0 0 0 0
0.887917667 0 0.8920344511 0.8899629996 0.8971310009 0.7169801805 0.7121846348 0.7129034215 0.88678866 0.5608692494 0.551149644 0.7840702896 0.5232432429 0.7376409237 0.740734666 0.735622101 0.5091816242 0 0.569262259 0.6664412643 0.6237192917 0.8980948588 0.6395039606 0.7256708731 0.6962340232 0 0 0 0.9293300989 0.9338844015 0.9352117232 0 0 0.791571608 0.790661698 0 0.78938514 0.7978308388 0.6756063162 0.682012793 0.6803936722 0.6504089927 0 0 0 0.9019690559 0 0.9006246939 0 0 0 0 0 0 0 0 0 0 0 0 0 0 0 0 0 0 0
0 0.893988219 0.8960237774 0.8956935404 0.8910267367 0.8557268924 0.7145666309 0.8896464173 0.6881798568 0.78934162 0.7882595297 0.7833794601 0.7876366258 0.5506719179 0.7325357369 0.7342130021 0.5955608124 0.5707205422 0.5655152558 0.5691752073 0.5728416379 0.5259609933 0.523535834 0.8850409168 0.8874143989 0.8845035143 0.8517623575 0 0.926779226 0.9284765576 0.9259200024 0 0 0.7860947418 0.7843096173 0.7846093921 0.8779886033 0.7894395295 0.7934169034 0 0 0 0 0.7381761536 0.901232706 0.8994093705 0 0.8881651334 0 0 0 0 0 0 0 0 0 0 0 0 0 0 0 0 0 0 0
0.8986543276 0 0 0.9016299799 0.8990778993 0.6963856018 0.7476285477 0.8993148035 0.7453445631 0.7923718397 0.7857423917 0.7822968124 0.7810966723 0.5450133266 0.728728711 0.7260051343 0.7275432638 0.7299897392 0.8397205446 0.5693865646 0.652630623 0.652164505 0.5162248762 0.5736473306 0.8802653335 0 0 0.928796938 0.5510440873 0.9207082126 0.9212602021 0.6737447325 0 0.7873133245 0.7830536676 0.7807294051 0.7804782692 0.7866405897 0.7918907755 0.7721196677 0.5287587286 0.735935939 0.7300749521 0 0.9084962487 0.9007242404 0.8947373879 0.8885568517 0 0 0 0 0 0 0 0 0 0 0 0 0 0 0 0 0 0 0
0.8938071926 0.503637212 0.5290176521 0.7869935534 0.8554517277 0.797700619 0.744890409 0.7442511073 0.5344724136 0.792096646 0.7888195905 0.7890163711 0.7803236982 0.7755550262 0.7739678792 0.7226824894 0.7204705138 0.7294310445 0.7330657105 0.6965486612 0.647381214 0.518372104 0.674492261 0.8889343295 0.8829884093 0.8860273955 0.9202596685 0.9190705277 0.7494692343 0.9131293487 0.9125501698 0.909650404 0.6690152458 0.7792175926 0.7730064993 0.7792829289 0.779510708 0.7798603159 0.6533495444 0.827355655 0.7390039223 0.7386877967 0.7311255036 0 0 0.9023781335 0.8938294162 0 0 0 0 0 0 0 0 0 0 0 0 0 0 0 0 0 0 0 0
0.9009844866 0 0.7422903689 0.6282439058 0.7952851791 0 0.5925285548 0.5395828087 0.5590432154 0.5606654649 0.609230307 0.7881386664 0.7721928863 0.7720865343 0.7705068771 0 0.7752541985 0.7268240295 0.7302404645 0.7363633027 0.6559874948 0.654016142 0.6607595401 0.6696863017 0.927626475 0.9181963106 0.9268156509 0 0.9149310843 0.9085310449 0.9076043976 0.9077751705 0.7824609397 0.7728938599 0.7720912344 0.7701616606 0.7758015986 0.7878621344 0.6780590979 0 0 0 0.8629101094 0 0.9011786392 0.8967921828 0.8973835734 0 0 0 0 0 0 0 0 0 0 0 0 0 0 0 0 0 0 0 0
0.7893252055 0 0.5519757233 0.7095796325 0.7159598774 0.7104094556 0.70050367 0.6108830196 0.5582538974 0.5648201538 0.7583573935 0.6037540847 0.7727987006 0.7657016678 0.7680884962 0.7673779087 0.7707783256 0.7294470835 0.732992418 0.7307838293 0.6513690121 0.6678471367 0.6637332242 0.6624554531 0.9231615593 0.9177677358 0.9066253146 0.9110228327 0.9120415559 0.9053249824 0.8992823118 0.8967241164 0.7805202861 0.7743902443 0.7725125705 0.7756913618 0.771754736 0.7775816849 0.8797167156 0 0.6957652464 0.8661115447 0.7118063445 0.8557097453 0 0 0 0 0 0 0 0 0 0 0 0 0 0 0 0 0 0 0 0 0 0 0
0.7919581404 0.543069152 0.8304038186 0.8269812726 0.8321599854 0.7089002616 0.6122632962 0.6031381568 0.5746768842 0.5698191883 0.7471372185 0.7489041105 0.771482329 0.7655662632 0.7598352797 0.761227749 0.775486315 0.7337447666 0.5376844487 0.6813164163 0.6715985386 0.6695295408 0.6651104301 0.6661449937 0.9208935062 0.6911397777 0.9139567688 0.9054270212 0.9032703881 0.8951996737 0.8966943112 0.9030703723 0.904142035 0.777934935 0.7784840498 0.7737908589 0.7742895608 0.7805937374 0 0 0 0.6662777344 0.8572000046 0.8472770016 0 0 0 0 0 0 0 0 0 0 0 0 0 0 0 0 0 0 0 0 0 0 0
0.5624388214 0.824889963 0.8250072976 0.8292486884 0.821985189 0.8229164339 0.5799706842 0.5771493284 0.5655444984 0.7455088941 0.7454078612 0.7403108015 0.7748104739 0.7678055448 0 0.7627280811 0.7634059498 0.6619027226 0.5172206068 0.5225954421 0.5196685857 0.556029365 0.8331773497 0.5523150005 0.5515454597 0.6823442445 0.6836914196 0.8991447295 0.8972819474 0.8948196189 0.8953694173 0.9001315542 0.9073315437 0.631734065 0.5340666559 0.7777164913 0.775341332 0.6571421367 0.8463710588 0 0.7010758006 0 0.8512391297 0.8559193013 0 0.5175332274 0 0 0 0 0 0 0 0 0 0 0 0 0 0 0 0 0 0 0 0 0
0.5531835963 0.8286637822 0.8201290778 0 0.8216845182 0 0.581249118 0.7199245658 0.5720928164 0.7467541345 0.7401990722 0.7467521736 0.752821063 0.7574313054 0 0 0.7677667638 0.5222867651 0.523268862 0 0.6499512427 0.5614795974 0.5542806458 0.5497306612 0.7495344799 0.6802452958 0.6769374769 0.6779076019 0.6738572704 0.8981349127 0.9015856102 0.5135078235 0.5406420045 0.7622486761 0.7847567687 0.590749792 0.7557802527 0.7799055685 0.8522442096 0.5008810368 0 0 0.5299282207 0 0.5167666585 0 0 0 0 0 0 0 0 0 0 0 0 0 0 0 0 0 0 0 0 0 0
0.6310648632 0.8287328061 0 0.8120895649 0.8178906619 0 0.8257079765 0.577200303 0.7169303196 0.7480638742 0 0.7438796943 0.7519873797 0.7552468781 0.782411316 0.7897457754 0.804394261 0 0.5137844063 0 0.5188426518 0.5633016022 0.5574230668 0.723047769 0.7131402298 0.6816536613 0.6722862376 0.6716010713 0.6770156344 0.6831680238 0.7410998355 0.8151075011 0.5879606438 0.5790438522 0.6173947585 0.5529867388 0.5195886934 0.8416781102 0.5454463635 0 0 0 0.8435764753 0 0 0 0 0 0 0 0 0 0 0 0 0 0 0 0 0 0 0 0 0 0 0 0
0.7197768764 0.6270847469 0.8176630725 0 0 0.6265181301 0.7507845484 0.751125903 0.7537934957 0 0.7454572796 0.7514022704 0.7529944637 0.7526984959 0.7896005426 0 0 0 0.5083196807 0.5104509506 0.516119364 0.5266549931 0.7295661574 0.7157218183 0.7167258736 0.6795149818 0.6811322908 0.6758078426 0.6802181618 0.6406492101 0.8081298109 0.8068581961 0.8095904492 0 0.7030404808 0 0 0.5435311509 0.5519985985 0.7601319395 0 0 0 0 0 0 0 0 0 0 0 0 0 0 0 0 0 0 0 0 0 0 0 0 0 0 0
0.6734545479 0.6344818614 0.8212888103 0.8141181981 0 0.5726534547 0.7477587887 0.7440517167 0 0.7409558445 0.744255237 0.7561344027 0.7533817444 0.7228436267 0.722474901 0 0.6680852288 0.5138586406 0.5100147081 0.5141247507 0.5206160254 0.5301199203 0.5168464431 0.5213766223 0.6749638855 0.6609545202 0.6816431297 0.6802271262 0.684156909 0.7858838511 0.8150784531 0.6410251168 0.5235658418 0.8148646376 0.5300406399 0.5498575706 0 0 0 0.7756448148 0 0 0.5819448394 0 0 0 0 0 0 0 0 0 0 0 0 0 0 0 0 0 0 0 0 0 0 0 0
0.7155297187 0.8115330722 0.716925911 0.6864916571 0.5660196655 0.5719109045 0.7492254297 0.745540423 0.738782379 0.736748431 0.7403738868 0.7165671623 0.7880840019 0.7875767179 0.7173946508 0 0.5894281673 0.8058900539 0.5200565755 0.5174301248 0.517761513 0.5213718614 0.5317856791 0.6642472477 0.6553552254 0.5540608987 0.6513757306 0.8190926187 0 0.7741120185 0.779093262 0 0.7764247816 0.8874771506 0.5668386454 0.5250736142 0 0 0 0.7333489632 0 0.5783724471 0.5764776194 0 0 0 0 0 0 0 0 0 0 0 0 0 0 0 0 0 0 0 0 0 0 0 0
0.6005010451 0.7094367328 0.7152664907 0 0.8130626407 0.7553383841 0.7530411636 0.7466936676 0.7414015974 0.7320751987 0.7337198882 0 0.7808768154 0.7884108861 0.7175390139 0.5857073695 0.8012543388 0.703067468 0.5831725195 0.5231349269 0.8021515385 0.5227211646 0.5305587647 0.6515527813 0.5459529187 0.5519738104 0.6480317353 0.8529454888 0.6636787077 0.8310689786 0.7693904496 0.7680128842 0.5601037017 0.5578047693 0.5589102067 0 0 0.7392815392 0.7326930814 0 0 0 0.8256410357 0.8110870111 0 0 0 0 0 0 0 0 0 0 0 0 0 0 0 0 0 0 0 0 0 0 0
0.520171834 0.5287355164 0.5228916398 0.6268362533 0.6800401661 0.6810490093 0.7475434494 0.7498289881 0.7368000009 0.7364714419 0.7339645795 0 0.7813139732 0 0.6002929647 0.7926790493 0.5323821453 0.801822656 0.713865133 0.5309006218 0.857563817 0.6694234472 0.5229883642 0.6509043754 0.6559804191 0.5463098307 0.6446559907 0.7776766198 0.7786199108 0 0.7630990741 0.7624098896 0.5573953133 0 0 0 0.7465163374 0.7378959572 0 0.7363730248 0 0 0.8185454339 0 0.816469573 0 0 0 0 0 0 0 0 0 0 0 0 0 0 0 0 0 0 0 0 0 0
0.6626138204 0.5196104257 0.5254064453 0.7934046846 0.6850163279 0.6751444828 0.5674219807 0.7415056584 0.6699114197 0.7017070422 0.6594194332 0.7921847743 0.6012871716 0.5972037962 0.6050261024 0.7993877561 0.7929786403 0.7373332661 0.6385174924 0.8197163203 0.6544245499 0.5185790126 0.6489234818 0.6821481615 0.7076437647 0.6508286401 0.712939957 0.6640020164 0.6050312688 0.655472922 0.7668834754 0.7599552863 0.7599468947 0.5621476825 0 0 0 0.7310533268 0.8687869467 0.7310264061 0 0 0.7242122422 0 0 0 0 0 0 0 0 0 0 0 0 0 0 0 0 0 0 0 0 0 0 0 0
0.5220890109 0.6391039381 0.5232894512 0.6597405122 0 0.6835098417 0.6814393276 0.5595020003 0.6584157721 0.657111469 0.6580987068 0.666004399 0.8247036674 0.6034000873 0.5263133415 0.6092314522 0.7173256325 0.7254885386 0.8452275588 0.6525313091 0.6448773036 0.6495116432 0.6488266716 0.5497263257 0.7303558239 0.6178092188 0.5862108612 0.8441374392 0.7206081889 0.5889173403 0.6836117453 0.7621092742 0.6448664831 0 0.7730413687 0 0 0.744170271 0.6023440562 0.8665844115 0.6026280696 0 0.7210170605 0 0 0 0 0 0 0 0 0 0 0 0 0 0 0 0 0 0 0 0 0 0 0 0
0.869883481 0.5385002621 0.6612221907 0.7439116121 0 0.8775533521 0.8808301167 0.5807577779 0.661936198 0.6646694929 0.6599718609 0.820443962 0.8286015794 0.728271727 0.5348066283 0.8380929136 0.7268663424 0.7332232347 0.8150893284 0.6552596131 0.6477850878 0.64451441 0.653936524 0.6529959946 0.8019105868 0.6153184299 0.6155255054 0.6149244301 0.6349947465 0.6328874265 0.6308005212 0.6310403594 0 0.7461060895 0 0 0.8960324526 0.8879531062 0.8964329772 0.6015784417 0.6066868642 0.7227683742 0.8963771684 0 0 0 0 0 0 0 0 0 0 0 0 0 0 0 0 0 0 0 0 0 0 0 0
0.5571320819 0.6054676409 0 0.7181139087 0.8858014747 0.8827115771 0.8868769968 0.6708510498 0.6713889395 0.665601047 0.8239176379 0.8262911993 0.8228779664 0.8368965482 0.8367997167 0.8310980027 0.7884490066 0.8297301847 0.8292057883 0.8628286506 0.6488362211 0.6533896862 0.8923850138 0.8959816243 0.7963275391 0.6199296369 0.6142839969 0.6091254193 0.6035478189 0.6276398622 0.6252701883 0 0.6282366428 0.6275340867 0.636993329 0 0.8944210416 0.8951375274 0.6092373808 0.6085592225 0.6037370161 0.5736167233 0.5928591597 0 0 0 0 0 0 0 0 0 0 0 0 0 0 0 0 0 0 0 0 0 0 0 0
