landscape/hab_quality/256/simulation_000007_p030_h015_HABMAT_patch_more_500pix_modified.asc_ac_0.5_quality.asc
NCOLS 513
NROWS 513
XLLCORNER 0
YLLCORNER 0
CELLSIZE 9.980507
NODATA_VALUE NaN
[rows 264 to 296 of 513, columns 146 to 218 of 513]
0.6119222689 0 0.6910667397 0 0 0.6282707188 0 0 0 0 0 0 0.8940561223 0.5790579104 0.8969810999 0.6250160432 0.8220605312 0 0.6237753342 0.6252197366 0.5688406274 0 0.6634020982 0.6120228798 0.639870366 0.7085955573 0.7154217643 0.5968846172 0.6624826332 0.799272195 0.7988156032 0.5088107295 0.5094276962 0 0.6011616331 0.6772554982 0.7793097648 0.7849540037 0.790611478 0 0.8062164028 0.8078141956 0 0 0.824482571 0.8178277575 0.6874791473 0.5482256573 0.8193947881 0.688687026 0.6589936821 0.5280344902 0.5238920754 0.5180082155 0.5131915033 0.5138083821 0.5152966049 0.514680188 0.6197980393 0.7463383365 0.5410796106 0.7399945476 0 0 0 0 0 0 0 0 0.8905237151 0.6029201264 0
0 0.6974783519 0 0.7859258485 0.6300247611 0 0.6018876937 0 0 0 0 0.5529958583 0 0.8871966164 0.663351922 0.7447306884 0.7960298394 0.7985586817 0.6078466009 0.7823506663 0.7524448932 0 0.5303215748 0.5282572029 0 0.7099560865 0 0.6526926387 0 0 0.686407446 0.514221716 0.5164796737 0 0 0 0.6686650688 0.5647905432 0.8720049251 0.8177040367 0.8129782961 0.8059202774 0.8027675565 0.8102752715 0 0 0.814097634 0.8168666069 0.5266871727 0.5239847323 0.6919865297 0.5125601729 0.5243474512 0.5193703745 0 0.5089570193 0 0 0 0.8049634289 0 0 0 0 0 0 0 0 0 0.8505964765 0 0 0.5141204679
0.5674871331 0 0.8908421728 0 0.7885958995 0.8866308852 0.5936263604 0.5943962004 0 0 0 0.5454621457 0.5457357626 0.8903359904 0.8895007359 0.899357126 0.6766082068 0.7887037083 0.8468515431 0.6047995144 0 0 0.533988494 0 0.623743403 0.6889934505 0 0 0.6468086317 0 0.7077392897 0.6787533238 0 0 0 0.5501480949 0.5631389266 0.5730764376 0.8654626285 0.6943468671 0.8079954557 0.8084156694 0.8104544858 0 0.8063637249 0.8096055463 0 0.8769591656 0.5314451837 0 0.7978612742 0.7334021557 0.5237930444 0 0.5188112431 0.5121995136 0.5165317761 0.5180828187 0.5230019865 0.8492172902 0.6778266879 0.6808490234 0 0 0 0 0 0 0 0 0.6997067635 0 0.7078163771
0.804628689 0 0 0.8892581404 0.8754627193 0 0.5956891522 0.6033692101 0 0 0 0 0 0.5457891204 0.8922046718 0.701357407 0.8483124311 0.8445932631 0.8524163538 0 0 0 0 0 0.8401219677 0.8296937069 0.6399992918 0.6705083134 0.7808550181 0.787476731 0.5825071695 0.6862274727 0.5618533635 0.5538417068 0.5456325197 0 0 0.8976234675 0.8682366985 0.8118324312 0 0.8087176651 0.8125887689 0.696761445 0.5783250647 0.6347316629 0 0.5107350942 0 0.600234807 0.5978867575 0.6011729305 0 0 0.5190954977 0.5148163877 0.5211296956 0.5237273727 0.5128203959 0.6731876696 0.6797973481 0.7280039956 0.7309272586 0.7106519079 0 0 0 0 0 0 0 0 0
0 0 0.8857451934 0.756729006 0.556221756 0.5407617 0.8967270984 0 0 0 0.5329064627 0 0.5288449717 0.5459097263 0.5390568203 0.5603786766 0.8521919016 0.8430778964 0.8394149043 0.8395835661 0 0 0 0 0 0.6353144655 0.6899623668 0.7878413665 0.7896037128 0.8804846021 0.8256059506 0.5744762329 0.5694104681 0.5481023227 0.5516914969 0.694347591 0.7891891028 0 0.8695573979 0.875923161 0.8177008058 0.8237558279 0.7117121771 0.7540802285 0.5741170488 0.5735067634 0.5782810013 0.6182500645 0.6125918289 0.6053542111 0.6018940862 0.8269057574 0.8898252018 0.7013377656 0 0.8887460598 0.8213429004 0.7864140664 0.677345492 0 0.7340599537 0.7256682373 0.7319122643 0.6031868463 0 0 0 0 0 0 0 0 0.7681236613
0 0 0 0.5475329887 0 0 0 0 0.5076302507 0 0.5348660169 0.5240166595 0.5333307683 0.5389125848 0.5424405723 0.7774191473 0.8348106797 0.8427339703 0.8354429596 0.8356660862 0.8377890273 0.6484774299 0.8576156582 0.7400946973 0.7879672721 0 0 0 0.6065006161 0.8756859111 0 0.5734862135 0.5687284658 0.5570967103 0 0 0.5481747267 0.8487190356 0.5650635826 0 0 0.8207957419 0.5685323172 0.7170391387 0.5762198835 0.569380927 0.5749507875 0 0.6421327077 0 0.6301863137 0.6367949839 0.6931782045 0.7022241279 0.891445249 0.8913992519 0.8954874756 0.63769479 0.7826148262 0.6415788922 0.7309231275 0.7262855654 0.7271318963 0.7291662541 0 0 0 0 0 0 0 0 0
0 0 0 0.875237057 0 0 0 0 0 0.7245699487 0.5337483085 0 0.5308558157 0.7709694423 0.5404000802 0.8382407306 0.7765419498 0.8353637509 0.8383114163 0.8357023211 0.5984037606 0.8609659056 0.8594852972 0 0.7956131767 0 0.6079588997 0.6031877841 0.6039276587 0 0 0.5635591288 0.5665046711 0.5675232581 0.5764904003 0.8315735234 0.8532599722 0.5578438189 0.8283999179 0.5646014434 0 0.565619782 0.5600881816 0.5683697262 0.5730115816 0.5733122276 0.5466611822 0 0 0 0 0.6361266113 0.7019825121 0 0.7406632408 0.7400661694 0.8914616672 0.6288022752 0.6382266196 0.6425113659 0.7344816021 0 0 0 0 0 0 0 0 0 0 0 0
0 0 0 0 0.756659041 0 0 0 0.6951228961 0.5342639182 0.538921841 0.5368963991 0.5325661883 0.5311382409 0.7343449852 0.7420329558 0.7421985372 0.7286964525 0.7237831468 0.731988158 0.8370216148 0.6124275017 0.8562688707 0.882940708 0.8776109614 0.8718632615 0 0.6060360054 0.6662434875 0.7989900758 0.5683971757 0.5673656995 0.5679451053 0.5679501196 0.5755305776 0.800395874 0.6031085375 0.6274708974 0.5371853754 0.8983819359 0 0.5575093649 0.5615982899 0.5558267647 0 0.7947104112 0.7068716498 0 0 0 0.6434638425 0.6914383415 0.7471982681 0.7413206308 0.7398545383 0.739902905 0.7053872351 0.6375526686 0.8220983994 0.7389099832 0 0.737797388 0.8231695027 0 0 0 0 0 0 0 0 0 0
0 0 0.8347252383 0.8404614949 0.569898738 0.7500567607 0 0.6851950675 0.5605336002 0 0.7163693677 0 0.5349011584 0.5373451821 0.7400923083 0 0.7506262199 0 0 0.722847476 0.7407852456 0.7976064932 0.5431759283 0.8745275399 0.869393218 0.8668879556 0.8741730451 0 0.5822884475 0.5748914008 0.5781479857 0.5765893031 0.9008146621 0.8964397818 0.8927871945 0.898189425 0.796920401 0.626314981 0.5976140956 0.8316393706 0.566358578 0.556491925 0.5537759515 0.5916724291 0.8202280836 0.5989194041 0.6158501348 0 0 0.5979241557 0.7093926047 0.7130015156 0.5888836049 0.7419344622 0.73699085 0.7324294492 0.7360638044 0.6580014477 0.6174551314 0 0 0 0 0 0 0 0 0 0 0 0 0 0.6822528615
0 0 0.5962294878 0.7240521251 0.8921673069 0 0 0 0 0.5531454285 0 0 0.5370459676 0.5786533579 0.5837816057 0.740898238 0 0 0 0.7314357077 0 0.7879878872 0.7938105132 0.7988954475 0.8740075324 0.8667438237 0 0.8790753456 0.5749576773 0.5787259669 0.5857727029 0.5798432082 0.8919786555 0.8908754333 0.8923613093 0.9011865665 0.5538906457 0.5555102801 0.5506306138 0.5608539368 0.5587483405 0.5546668491 0.5491262039 0 0 0.8306012454 0 0.6074524816 0 0.7027669711 0.7012271727 0.7061038614 0.5306130599 0.5847726587 0.7413643391 0.7320255311 0.7389591896 0.5303454615 0.5219277773 0.6082244934 0.7105911058 0 0 0 0 0 0 0 0 0 0 0 0
0 0 0 0 0 0 0 0 0 0 0 0.7325021492 0.9007015726 0.5862766839 0.5778529514 0 0 0 0.7377198906 0.8682243995 0.5005032381 0.7852824521 0.793157086 0.7973797093 0.8669416789 0.868536122 0.876658883 0.5983155197 0 0.8636127319 0.7732370098 0.781937063 0.8974265709 0.8998237111 0.6485459649 0.5544017966 0.5556136281 0.5498334291 0.5509000603 0.6610968174 0.5618372805 0.5553731679 0.5518353226 0.5579560883 0.6788053445 0.6847493082 0 0 0.6725038877 0.5390755848 0.6996952189 0.7010456367 0.7018517189 0.5890592732 0.5820902142 0.7400780462 0.7374978909 0.5299790309 0.605524043 0.6052997528 0 0 0 0 0 0 0 0 0 0 0 0 0
0 0 0 0 0 0 0 0 0 0 0.5237256381 0.7060355352 0.7198085412 0.5785265398 0.6662845697 0.8617870125 0 0.7783499617 0.7712831132 0.8803195536 0.8754639105 0.8796842475 0.7885667518 0.7963605072 0.7983398127 0.5974395776 0.5888322165 0.5974251387 0.7839548066 0.7807386371 0.7745511833 0.7794987277 0.9013005493 0.5476611606 0 0.5406441299 0.5462526783 0.5470690509 0.5551383968 0.6260723954 0 0.6985077896 0.7327619875 0 0.7415984304 0.6867340398 0 0 0.679379743 0.6849704827 0.7001611351 0.6103582785 0.5930185121 0.5889223369 0.587195233 0.5875495763 0 0.7661435906 0.6088813704 0.6094483882 0.5229737505 0.5330495836 0 0 0 0 0 0 0 0 0 0 0
0 0 0 0 0 0 0 0 0 0 0.8063237636 0.8007949597 0.8050220243 0.884565477 0.7523403566 0.5939991713 0.786854773 0.7761371975 0.7779017914 0.7730599347 0.8703440258 0.8393013412 0.8394840865 0.7908136985 0.8001757171 0.5887930313 0.5893027105 0.5900347073 0 0.7843876905 0 0 0 0.5480927694 0.5403516023 0.5380649689 0.5396345173 0.5406248175 0.5737182412 0.5820818456 0.6856853941 0 0 0.7315832236 0 0.6829891223 0 0 0.6795755295 0.6853253092 0.6931654016 0.790660016 0.6022874022 0.5928109207 0.8130543942 0.6690496342 0 0.6857866811 0.6169430978 0.6159174621 0 0 0.8059213072 0 0 0 0 0 0 0 0 0 0
0 0 0 0 0 0 0 0 0.7905050485 0 0 0 0.8057881309 0.6656832464 0.8826621588 0.8910028294 0.8882339097 0.7774551575 0.7766679867 0.7463802547 0.8458482758 0.8307053848 0.8382417272 0.8402004066 0.7911469497 0.5955014368 0.5905613688 0 0 0.7092349282 0.8305365247 0 0.708313193 0.5489987358 0.5428746141 0.5429079225 0.5361808091 0.5405522287 0.8740573102 0.8719576056 0.6893893859 0 0 0 0 0 0 0 0.6834536727 0.6884702344 0.6860468912 0.6847260031 0.6802076837 0.6464075521 0.6714607442 0.672720106 0.676873877 0.6774939659 0.8508388998 0.6418248323 0 0.6404760235 0.6077017466 0.8007707546 0.8651203946 0 0 0 0 0 0 0 0
0 0 0 0 0 0 0 0 0.7885304602 0.7912983429 0.7991243329 0 0.8103017432 0.8156249786 0.7776702263 0.8202815179 0.8848656291 0.7646572441 0.7712692246 0.847123024 0.8465871843 0.8501857977 0.8594085956 0 0.8409137731 0.77957554 0.5957089095 0.5937710433 0.6815865859 0 0.8297030118 0.6667174346 0 0 0 0 0.538793729 0.539485481 0.5261215425 0.5785435955 0.6862584419 0.6862441003 0 0 0 0.8344722967 0 0.6869061313 0 0.6591100773 0.6851115356 0.6827170188 0.6781164135 0 0.6642023294 0.6852942218 0.5092258213 0.8478530553 0.6388605019 0 0.6335624367 0.6426764211 0 0 0 0 0 0 0 0 0 0 0
0 0 0 0 0 0.5822783491 0.8010695987 0.7721412571 0.7892935759 0.7975045447 0 0.7799611848 0.6840876097 0.7806117909 0.7290418126 0.7710123636 0.6583807542 0.6589990288 0.6742330452 0.6783861652 0.8537907119 0.8596232516 0.8563929531 0.6084312774 0.6060953871 0.6141135088 0.5988893694 0 0 0.8394605556 0 0 0 0 0.5581830896 0.5580225758 0.540032504 0.5471082396 0.5251368148 0 0.5820529361 0 0.7362803769 0 0.693628102 0.7014536805 0 0.7193540562 0.719874566 0.720858291 0.6833052074 0.682992185 0.6858459352 0.6830582786 0.6944111631 0.6933256986 0.7018045898 0.5868980423 0.6299266343 0 0 0.8766275327 0 0 0 0 0 0 0 0 0 0 0
0 0 0 0 0 0.6102815614 0.6024418941 0.5937132512 0.7980794907 0.8005331275 0.8028600289 0.7979674145 0.5176157016 0 0.7766935486 0.7738562221 0.6576853684 0.6671282242 0.670083316 0.6759996823 0.8634848445 0.8632773811 0.5982007926 0.785162322 0.6275770556 0.6279266371 0 0 0 0 0 0 0 0.644465683 0.6388885961 0 0.6545189052 0 0 0 0 0 0 0 0.7009355129 0.699306607 0 0.7266910642 0.71680745 0.8645349465 0.5218616359 0.5234939709 0.5251705437 0.5300191718 0.5123486654 0.5152908707 0.7476349258 0.6803443122 0.6321179969 0.6299356225 0.6364236874 0 0 0 0 0 0 0 0 0 0 0 0
0 0 0 0.7649967747 0.5110585263 0.6600029296 0.7365092607 0.7808098746 0.5648089964 0.5604155455 0.5549809937 0.5579900467 0 0.6784893361 0.8706657767 0.5856623069 0.6720443619 0.6653940173 0.6740915544 0.6824005534 0.617137621 0.6169553611 0.8649708036 0.8953138697 0 0 0 0 0.907249782 0 0 0 0 0.6457774247 0.8103331891 0 0 0.6568452337 0 0.5811929748 0.7932213882 0 0 0 0.7005260436 0.7006212594 0 0 0.7243229974 0.5244048191 0.5226271917 0.5190999123 0 0.525255445 0.5079444373 0.5297114567 0 0.8249265484 0.5405139095 0 0.5199564548 0 0 0 0 0 0 0 0 0 0 0 0
0 0 0 0.8034853945 0.7722271751 0.7539470515 0.5245167947 0.6619712781 0.8890577372 0 0.5545278692 0.5593708107 0.6807881049 0.6863920047 0.582606471 0 0.6771463799 0.5354151225 0.5380673663 0.5332104477 0.5872435164 0.7460052909 0.5149300964 0.7501053043 0 0 0.6106651859 0.8990293497 0.7560536367 0.9154998302 0 0.8150706639 0 0.5200881839 0.6098446141 0.604989999 0 0.615344881 0 0 0.7935696035 0.7910712212 0 0.799917874 0 0.5864288918 0.5891123026 0.5896122089 0.5974065929 0.5308457954 0.5255137151 0.5253370686 0.5266550588 0.5226838894 0.8039513571 0.5099585699 0.6212924059 0.7361447037 0.7351650823 0.7326474899 0 0 0 0 0 0 0 0 0 0 0 0 0
0 0 0.5246650435 0.5289377113 0.524672822 0.5342436507 0.5298799982 0.5261536667 0.5464622927 0.5552435834 0.5602670309 0.5609102682 0.8717830737 0.5693157457 0.6929703448 0.7308050493 0.8813436331 0.5387278335 0.5324217798 0.5362069381 0.7467029315 0.74590177 0.7485416247 0.7484412926 0.7491115984 0 0.5548653272 0.5506889405 0.7825919946 0.8428700237 0.8166483634 0.8168280325 0.6159943388 0.6129983162 0 0 0.6085665027 0.6121655098 0 0.7937747129 0.7976771652 0.7903460845 0 0.581563681 0.5823937544 0.504522669 0 0.8272631178 0.5964101065 0.60447731 0.6389496702 0.6361011586 0.643312862 0.5303164614 0.8295687704 0.7355482713 0.7384507174 0.7337188815 0.7307677419 0.5522572717 0 0 0 0 0 0 0 0 0 0 0 0 0
0 0 0.8059777399 0 0.7447449147 0.8808651304 0.8783523033 0.8747634229 0.6326239206 0.5680863518 0.5317882142 0.5695634541 0.5633739094 0.7662241957 0.7578230656 0.6305191562 0.6348679515 0.629081182 0.5521960995 0.6611049953 0.751117138 0.7432918415 0.7401620766 0.7443121741 0.7401588316 0.7535551152 0.5536059731 0 0 0.7640935804 0.7740837735 0.7014343701 0 0 0 0 0 0.6105886442 0 0 0.7897571136 0.789661657 0 0.5858309467 0.5873764141 0 0.5863509519 0.5770654519 0.6705044209 0 0.6403302487 0.5151828807 0.6454782514 0.6540888333 0.7071608396 0.5569164821 0.7351151992 0.7290133951 0.7241933921 0.5762190178 0 0 0 0 0 0 0 0 0 0 0 0 0
0 0 0.5288876972 0.8102687682 0.8843366572 0.8802392756 0.8710692991 0.8799780669 0.5420524427 0.7658298891 0.5805544428 0.5284446514 0.5341558585 0.5342608679 0.7572775036 0.8437256638 0.8733755177 0.8007169491 0.6305625045 0.8642370541 0.5322672603 0.5634140363 0.746341844 0.7400000463 0 0.5155469704 0.5158653109 0.5167972818 0 0 0.6048568026 0.5236429284 0.8233678778 0 0 0 0 0.6204110812 0.6128869074 0 0.7993573365 0.5983339031 0.7896647336 0.581386694 0.5796716302 0 0.5950193439 0 0 0.5960722476 0.6927187793 0.652355181 0.6988337734 0.7062967394 0.6181939842 0.5537861058 0.7350111637 0 0.7323311822 0.7250255879 0 0 0 0 0 0 0 0 0 0 0 0 0
0 0 0.5567267554 0.5561480311 0 0 0.8795784985 0.8769000751 0.6339251613 0.8166281399 0.810326623 0.5311573551 0.5262866559 0.5338460417 0.536505861 0.8042176618 0.7983545903 0.6943050147 0.8022587012 0.7073980813 0.5591829084 0.5688275118 0 0.7442937586 0.5153096205 0.5146336708 0.5094044232 0.5136994945 0 0.8011520528 0.597721917 0.5996511635 0.5173078692 0 0 0 0.6093797932 0.5939564209 0.6051003512 0.5880400804 0.7529294391 0.6452973286 0.7881139124 0 0.5892537967 0.5835158918 0.852098276 0 0.5687873812 0 0.8310350168 0.6925876518 0 0.581220614 0.5807540294 0.6609963671 0.7321750765 0 0.7322826729 0 0 0 0 0 0 0 0 0 0 0 0 0 0
0 0 0 0 0.5596715205 0.5597951673 0.6390884963 0.6332858233 0.8835508313 0.8065315875 0.8090702076 0.5272217275 0.5264538758 0.5323653392 0.8016938448 0.7955481756 0.7972046015 0.7976507105 0.8706040732 0.8655202807 0.8498600437 0.5625598524 0.7469383694 0.5236260222 0.5159340157 0.5129648166 0.5143614762 0.5184405967 0 0.5924090723 0.5944701719 0.6002282809 0.8407887553 0.5235231532 0 0.5936732168 0.6133182473 0 0.6078373406 0.5284016365 0 0 0 0 0.5961986352 0 0.8501227209 0 0.5856531182 0.5863569076 0 0 0 0.5713648873 0.5743531706 0 0 0 0.7398170426 0 0 0 0 0 0 0 0 0 0 0 0 0 0
0 0 0 0.5619620995 0.5819777301 0.631975086 0.640856651 0.869261131 0.8480612352 0.814110957 0.8063194788 0.8137949435 0.8195942294 0.539509213 0.8261445048 0.7873436049 0.79300948 0.7981777783 0.8059684773 0.5080886209 0.6854536228 0.6791638411 0.6852360515 0.5295120577 0.5197594149 0.517601272 0.5195674184 0.5234389787 0.7797752117 0.5901123658 0.5904635877 0.589031071 0.5787417149 0.6128141267 0 0.5994234229 0 0 0.835545563 0.5284525723 0 0 0.7813721166 0 0 0.8509326625 0 0 0.5907570867 0 0 0.5728326753 0.5660593201 0 0.5718202821 0 0 0 0 0 0 0 0 0 0 0 0 0 0 0 0 0 0
0 0 0 0.6387064438 0.6312820563 0.6274215038 0.6311709963 0.6395839706 0.8000701117 0.8043310467 0.6119390343 0.5460952477 0.5446965147 0.5434891593 0.7946390534 0.889332536 0.7909109996 0.8017088393 0.6739182649 0.6736068952 0.665581698 0.6761594453 0.8608680306 0 0.5241619135 0.5232719392 0.529215603 0.5290123692 0.5886604702 0.5405001966 0.5806315719 0.5736913446 0.5924997701 0 0 0 0 0 0 0.732968975 0 0.7825147771 0.5194661277 0 0.7118043428 0.7130278539 0.5944535908 0 0 0 0.5794291305 0 0.5716514491 0.5721582348 0.5494053962 0.6041172101 0 0 0 0.6369486706 0.5180331665 0 0.5160080311 0.7036817861 0.8178469871 0 0 0 0 0 0 0 0
0 0 0.6665320068 0 0 0.6476287182 0.6461436933 0.7979095551 0.7972328867 0.8068322465 0.6263884542 0.5535854604 0.5474202 0.5534587211 0.6672184154 0.6411201737 0.6452119079 0.6365009017 0.6643776477 0.6651776084 0.6711193965 0.6744714355 0.6851638241 0 0.7709081723 0.5307945508 0.5109083781 0 0 0.5822705865 0.573384937 0.5825982399 0.5885175979 0.5937582871 0 0.6771106159 0 0.8111876453 0 0.7301984232 0.8927773211 0.845698545 0.7165565883 0 0.7156122741 0.7932220276 0 0 0 0 0.5831626598 0 0.5923244295 0.6207741361 0.6639620911 0 0.5839049587 0.7649596917 0 0.8288690123 0.7022991084 0 0.876723705 0.8835557737 0.8755499988 0.859890111 0 0 0 0 0 0 0
0 0 0 0 0.6973390894 0 0 0 0.6117888958 0.6081593081 0.7493316338 0.5519123194 0.5706329244 0.548121365 0.6535069562 0.5973210523 0.6352981937 0.7834151679 0.6651348191 0.7826132629 0.7922124125 0.7934034884 0.6812496387 0.5740341856 0.5678384985 0.5751644764 0.576843667 0 0.8681997776 0.5766121161 0.5807224726 0.5741300719 0.5901710951 0.7429024891 0 0 0.8726490199 0.6465243973 0.6529649691 0.8851900454 0 0.8893905274 0 0.8885477112 0 0.8874550043 0 0.7563301534 0.7554411131 0 0.88626913 0 0 0 0.6562371343 0.6593421852 0 0 0 0.8229533651 0 0.827895914 0.8780646361 0.8750765531 0 0.8543809996 0 0 0 0 0 0 0
0 0 0 0 0 0 0 0 0 0 0.8667015579 0.7616754047 0.6973022775 0.7151465318 0.6381087179 0.6391446681 0.7816367074 0.7803008139 0.7776075142 0.7848446031 0.7874397173 0.7938697136 0.7992200319 0.5739273651 0 0 0.5783831091 0 0 0.7094256603 0.7064280637 0.7139146857 0.7553339338 0.7494978594 0 0 0.8799922141 0.8733878302 0.6521919666 0.6262584464 0.8957463379 0.8904063518 0.8823230015 0.882326091 0 0 0.8958315164 0.8400443133 0 0.5557137721 0.5652568749 0 0 0 0.6823439021 0.6498841965 0.659260038 0 0 0 0.8256271508 0 0 0 0 0 0 0 0 0 0 0 0
0 0 0 0 0 0 0 0 0 0 0 0 0 0.5698311504 0.7495904496 0.756593475 0.7523708318 0.7856355506 0.7870304422 0.7861925068 0.791055576 0.7967486607 0.5778563056 0.8076535538 0 0 0 0 0 0.7087350725 0 0.7122046794 0.7470864966 0.5904519815 0.5953037903 0.598100177 0 0.6386744672 0 0.6244824201 0.8969495597 0.888110819 0.8841966268 0.8755883935 0 0.8889601879 0 0 0.8409960999 0 0 0 0 0 0.6575921604 0.6506486612 0 0 0 0 0.8289112001 0 0 0 0 0 0 0 0 0 0 0 0
0 0 0 0 0 0 0 0 0 0 0 0 0 0 0.7576258133 0.7485659379 0.7527572523 0.7903168413 0.7886787106 0.7890220807 0.7914416556 0.8014057897 0.799446197 0.5521849995 0 0 0 0 0.8711922898 0.7095337681 0 0 0 0 0.5971744314 0.6004033502 0 0 0.6331794682 0.6403109647 0 0 0.8826325491 0 0 0 0.889581051 0.8934019767 0.7628895363 0 0 0.5405964458 0.7511661981 0.7176803896 0.7168171073 0.6142208478 0.6000486341 0.5955817366 0 0 0.7801809367 0.7795291918 0.774240919 0 0 0 0 0 0 0 0.5163771177 0.5587814158 0
0 0 0 0 0 0 0 0 0 0 0 0 0 0.7557792577 0.7478669731 0.763644523 0.7482984645 0.7478609292 0.70410161 0.7390259958 0.7917848151 0.5585018695 0.7459306556 0.5542853033 0 0 0 0 0.879111941 0.5300397283 0.7177112877 0 0 0 0 0.5496833676 0.5559205509 0.6421059755 0.636973997 0.6428219523 0.6455878217 0.5161966102 0.524677737 0.7359146972 0 0.8969437371 0.8906325802 0.8431243424 0.7675832926 0 0 0 0 0.7089629291 0.7130078497 0.8633561815 0.5979890595 0.5941032901 0 0 0 0.7741029417 0.7683862474 0.7710883175 0 0 0 0 0.6347357852 0.6397172455 0.509052162 0.5554888122 0.56347811
0 0 0 0 0 0 0 0 0 0 0 0 0 0.7388129083 0.751714966 0 0.7411105023 0.5343999009 0.7539157467 0.7753339768 0.6792302539 0.5561022818 0.5517266939 0.5562813729 0.8765464774 0 0 0 0.8713596118 0.5302667975 0.5352718063 0 0 0 0 0 0.7442228262 0 0.6506809226 0.6485038896 0.8355507641 0.5185610795 0.8082094095 0.52680639 0.6985999812 0.6895554856 0.6926802211 0.7712304254 0.7627340329 0.7644043522 0 0 0 0.7087408754 0.6562278987 0.6580392543 0.6164398365 0.6027753264 0.7380581466 0.509433557 0.7795540695 0.7661945652 0.7649259271 0.7688014762 0 0 0 0 0 0.6362614522 0 0 0.5648012731
