landscape/hab_quality/256/simulation_000080_p041_h079_HABMAT_patch_more_500pix_modified.asc_ac_0.5_quality.asc
NCOLS 513
NROWS 513
XLLCORNER 0
YLLCORNER 0
CELLSIZE 9.980507
NODATA_VALUE NaN
[rows 341 to 371 of 513, columns 420 to 489 of 513]
0 0 0 0 0 0 0 0 0 0 0 0 0 0 0 0 0 0 0 0 0 0 0 0 0.6607990677 0.5536170122 0.5879943002 0.5788301777 0 0 0.5119854098 0.519130693 0.5233530789 0.6385089618 0.5644457151 0.7811039051 0.6533990952 0.6484147348 0.7446157502 0.7460068369 0.7439253322 0.7460856439 0.7527606845 0.6252203805 0.7760524044 0.6896485567 0.7302477932 0.6460866846 0.6449298938 0.6362389552 0.6405180101 0.6311448715 0.6645911004 0.6137246034 0.6095665295 0.6105639533 0.7797666173 0.6181508873 0.7888489679 0.5313008178 0.5381672081 0.6915014531 0.7538436381 0.7803589029 0.5381995439 0.5492566221 0.5542977897 0.5566607083 0.5626686486 0.6020231788
0 0 0 0 0 0 0 0 0 0 0 0 0 0 0 0 0 0 0 0 0 0 0 0 0 0 0.5517012122 0.5839936711 0 0.5790175236 0 0.7543019361 0.5286957617 0.6484139993 0.6470458889 0.7207220322 0.6561456563 0.7510745492 0.6249252181 0.7418017814 0.739817559 0.7429190951 0.7544792629 0.7595098292 0.8949042765 0.5418200106 0.7240015542 0.525451558 0.6427938391 0.6422547669 0.6262559649 0.7583745704 0.8671882549 0.8890340717 0.8858870292 0.6173107841 0.6122374955 0.793667359 0.8147512421 0.7823003257 0.6869304703 0.6906498981 0.7782948637 0.5433731512 0.6996315821 0.534340428 0.5662666296 0.5608657155 0.560722754 0.6404650229
0 0 0 0 0 0 0 0 0 0 0 0 0 0 0 0 0 0 0 0 0 0 0 0.7281234896 0 0.5566135008 0.5927400815 0 0 0 0 0 0.7965900362 0.6541189891 0.517807842 0.5361282224 0.6224653984 0.7500732998 0.7469200237 0.7572823197 0.7445754046 0.7437938013 0.6054242417 0.8376556519 0.8003894529 0.898816208 0.8050670698 0.8593520229 0.8778171204 0.511391647 0.7153053714 0.7099745611 0.5502762331 0.8266237537 0.8955845987 0.8142449503 0.8044976181 0.8080441163 0.7875336722 0.7923861867 0.6221610197 0.6907813609 0.6994860218 0.5000382801 0.8028684599 0.8055152437 0.736280988 0.5704778145 0.7416694163 0.642468464
0 0 0 0 0 0 0 0 0 0 0 0 0 0 0 0 0 0 0 0 0 0.732588691 0.7318641715 0.7302788576 0 0.5974917705 0.5734346815 0.5674181817 0.5652550448 0 0 0 0.7223591322 0.7557367557 0.5474175828 0.6195960544 0.6780104573 0.7523452226 0.7520434658 0.7587227088 0.5364778876 0.7675556435 0.734995625 0.8915490352 0.8038983672 0.7993365703 0.6248435059 0.6203062652 0.5415737865 0.5374931861 0.7799160421 0.7069352918 0.7055704173 0.8221708925 0.8185921135 0.8109439099 0.8060752491 0.81219607 0.785591045 0.615992599 0.6195975712 0.6997477566 0.5812187105 0.7696074408 0.7328890617 0.7322316537 0.7379952189 0.8335285456 0.8324623434 0.6468096282
0 0 0 0 0 0 0 0 0 0 0 0 0 0 0 0 0 0 0 0 0 0.7296233085 0.7261157397 0.8492533424 0.7332862831 0 0.8953043181 0.5675275645 0 0 0 0.5854366151 0.6530426652 0.65655943 0.5261962228 0.8589366423 0.8419192561 0.7337073624 0.6324766534 0.5379134971 0.7537079636 0.7638929089 0.5454863482 0.5455407629 0.5417016885 0.532937093 0.6159159501 0.6196465259 0.5464673519 0.5462984777 0.7082130323 0.7076799495 0.7027038294 0.8207045839 0.8180278522 0.8109731028 0.570191948 0.571047502 0.5641659711 0.621406463 0.6247159194 0.7285010174 0.7339284092 0.728003892 0.7278497579 0.7326298058 0.8138947485 0.8180974071 0.8234234173 0.6508567865
0 0 0 0 0 0 0 0 0 0 0 0 0 0 0 0 0 0 0 0 0.7813897787 0.5030960178 0.7314474828 0.7276031448 0.733482233 0.7409173629 0 0 0.5692399724 0.5685125681 0 0.671692574 0.5584307227 0.6573068202 0.7686152557 0.523233361 0.7297724284 0.673443423 0.7243995328 0.7914162961 0.7564106128 0.5523267749 0.5461547349 0.5399860777 0.7309803174 0.5458014103 0.5141464354 0.7802442495 0.5418267433 0.5282328483 0.5862885181 0.7145998136 0.6451424606 0.6508679177 0.8176988608 0.7762671208 0.5692442922 0.5682021103 0.5671800146 0.5641458304 0.5610251457 0.7618824389 0.7273387692 0.7264408753 0.7644379057 0.730348262 0.8123215477 0.8168989153 0.7223995024 0.7282986295
0 0 0 0 0 0 0 0 0 0 0 0 0 0 0 0 0 0 0 0 0 0.5081080713 0.741420959 0.7374828826 0.7408080293 0 0 0 0.5767275452 0 0.5556010491 0.6836352587 0.6748157264 0 0.5239738227 0.7675255741 0.7290847172 0.7424733807 0.7260571727 0.7317346028 0.7561011113 0.8884051906 0.8907757781 0.5414885387 0.537411687 0.5450750417 0.8563439578 0.6706287049 0.5741495142 0.5936932118 0.5348030359 0.6449745169 0.6419273158 0.6487854097 0.786472873 0.7804549896 0.7734668778 0.7664599996 0.7651870885 0.5620070077 0.5641026434 0.5658963847 0.7353842217 0.7301189016 0.7334487838 0.722124143 0.8124271496 0.719843806 0.7209949029 0.7334822904
0 0 0 0 0 0 0 0 0 0 0 0 0 0 0 0 0 0 0 0 0.5370900153 0.5842015418 0.7378187549 0.7329009863 0.7341778857 0.7329249452 0.7347021389 0 0.5789616363 0.5735256307 0.7978165301 0.8039200934 0.8735548106 0.5347955913 0.8744200007 0.7369257343 0.7391213327 0.737848085 0.7368919979 0.7386147288 0.7190549545 0.8823971877 0.8915385739 0.5423362155 0.5356344449 0.5384741627 0.5403267954 0.7675188761 0.5818888103 0.5757848352 0.6427255968 0.643228063 0.6463234016 0.6378647373 0.7842255372 0.7767849576 0.7761067137 0.7729358019 0.7694978602 0.7684749178 0.7923488831 0.7916305972 0.7594580248 0.7340339569 0.7354227777 0.74176782 0.7156486407 0.7173822738 0.7314433865 0.7399717383
0 0 0 0 0 0 0 0 0 0 0 0 0 0 0 0 0 0 0 0 0.5366170248 0.5539478668 0.7827897244 0.7421384854 0.7717217413 0.8179643923 0.8233999269 0.7820669162 0.5691340385 0.5745874898 0.5813483964 0.8013122858 0.722079342 0.8698917593 0.6587133526 0.5215357263 0.744685587 0.7444432026 0.888953688 0.7291848337 0.6040481317 0.8851005816 0.8884775386 0.5472412849 0.5506478179 0.532260952 0.5355910249 0.6982298751 0.5907331583 0.6477305966 0.6507095518 0.6489197339 0.6906355382 0.697609719 0.7785535483 0.7837599048 0.7827636708 0.7733468979 0.7734644997 0.7767706192 0.8015883571 0.7848042349 0.7984784219 0.7348496355 0.7372852197 0.7341359782 0.7224773637 0.7222892434 0.7241486608 0.7320947321
0 0 0 0 0 0 0 0 0 0 0 0 0 0 0 0 0 0 0 0 0 0.5441290796 0.748120315 0.7365752795 0.579684931 0.8195220192 0.8146220305 0.8199906837 0.8200415206 0.7271008413 0.581465437 0.7196322975 0.8025086207 0.8762618453 0.8673604388 0.5074545541 0.7955890814 0.8426418428 0.77173575 0.60541837 0.6110879552 0.6050071025 0.5556231511 0.7799657486 0.5231843963 0.5388615154 0.5394505712 0.8590695586 0.626593854 0.5379991656 0.8845250911 0.7004989436 0.6977478707 0.6975877982 0.6889300301 0.6963476109 0.7040240386 0.7781713646 0.7859507044 0.7819473229 0.7812469154 0.7851619496 0.7883951884 0.6204987022 0.7127109655 0.7262677922 0.7301518523 0.7316639979 0.7270549938 0.7327859238
0 0 0 0 0 0 0 0 0 0 0 0 0 0 0 0 0 0 0 0 0.6401926833 0.6033413937 0 0 0 0 0.8227666338 0.8372766393 0.7334604674 0.8208954443 0.7274468761 0.7292926811 0.7281085148 0.5347660875 0.5035175801 0.5130401583 0.5328236057 0.8049527509 0.8357991679 0.8405488727 0.8322095796 0.8844870176 0.7113807191 0 0.7891847852 0.5315932643 0.605146297 0.6370230702 0.6466033349 0.620566334 0.5795906103 0.7043419601 0.7050816607 0.6992882367 0.7952961948 0.5662241842 0.7014051074 0.7863351268 0.765564056 0.7689426781 0.7872264283 0.6811315787 0.6264157446 0.618410066 0.6182018417 0.6102049297 0.7659510002 0.73361038 0.73490772 0.7359898647
0 0 0 0 0 0 0 0 0 0 0 0 0 0 0 0 0 0 0 0 0 0 0.6276551264 0.6008268012 0 0 0.8312680827 0.836427179 0.7351022887 0.7359101128 0.7394391753 0.8331615692 0.892170009 0.7639226661 0.7687339179 0.8834806526 0.8858825494 0.8809541683 0.8063177416 0.839595731 0.8327903376 0.8394525679 0.7351922622 0.7163835463 0.7249460319 0.6669571795 0.6374874476 0.6370018777 0.6432563361 0.7844748681 0.613063838 0.6146638347 0.7052790554 0.7035759092 0.7070843916 0.5337427194 0.5331140115 0.7536375337 0.7211228526 0.7495107106 0.7549399702 0.8081741719 0.7157356393 0.6166540299 0.6089561225 0.6157646444 0.7148234738 0.775520847 0.7362183717 0.741509172
0 0 0 0 0 0 0 0 0 0 0 0 0 0 0 0 0 0 0 0 0 0 0 0.6198692221 0.6058398488 0.5645118132 0.8363940525 0.5494387234 0.5474608117 0.5372020814 0.5340833716 0.8952797191 0.8883792235 0.8857568698 0.883275654 0.6839599338 0.8790718382 0 0.8108064228 0.5044230997 0.6449844747 0.6389058114 0.7199995592 0.7231011143 0.7180027113 0.6641882358 0.6397379594 0.6455124502 0.6423596653 0.6142892683 0.6128169265 0.6213907814 0.8674481506 0.7053496433 0.5196575981 0.5240801105 0.6146230582 0.7463996593 0.7472563933 0.7467176739 0.8869128306 0.8495318724 0.7988357601 0.6125768641 0.6125758858 0.6169357069 0.7133723914 0.7078958421 0.7428758693 0.7410637101
0 0 0 0 0 0 0 0 0 0 0 0.5085728335 0.5090796933 0 0 0 0 0 0 0 0 0 0 0.7010008665 0.630673517 0.8030629127 0.5744419328 0.7613877439 0.5307374302 0.5431016414 0.5365849216 0.863101663 0.8880724211 0.8840697633 0.6820501085 0.6752329355 0.5769942371 0.8811424389 0.5004927514 0.5028299655 0.6431865743 0.6371684728 0.6432068638 0.6675053191 0.6667462293 0.6706792583 0.6683256504 0.6430726573 0.6205916419 0.6044821032 0.5488487553 0.5554879018 0.5549637264 0.873746511 0.9050331444 0.8906807573 0.8998989181 0.8926065717 0.7422511504 0.7464394236 0.6497419424 0.8405677511 0.6490905522 0.8890330578 0.6156170215 0.6152225756 0.6782109002 0.7037856132 0.7479789826 0.7478036618
0 0 0 0 0 0 0 0 0 0 0 0.5465980827 0.8426424694 0 0 0 0 0.6618782431 0.6014879512 0.6632177109 0.670177543 0.5712448425 0.5111894254 0.6387921267 0.6404644678 0 0.803445997 0.8085198106 0.5188401831 0.5227353937 0.7224400073 0.8167404109 0.8615380375 0.6873206237 0.683264626 0.6821092964 0.676270707 0.6780652368 0.5019571639 0.5015575224 0.6316695067 0.6339685378 0.6256872182 0.7126820951 0.7145667593 0.7126329669 0.7738179962 0.643960937 0.7775314474 0.5468056386 0.5481743139 0.5484973561 0.5556100531 0.6734017366 0.5906286255 0.8998027221 0.8904173868 0.7342438297 0.7501740556 0.7458775264 0.8788240378 0.8426161361 0.6490517957 0.6554905948 0.6866993703 0.8256615831 0.8248787059 0.8272928419 0.8231533298 0.8274248826
0 0 0 0 0 0 0 0 0 0 0 0.5505395381 0.5559721466 0 0 0 0 0.8581184011 0.663295084 0.6634970063 0.6699735318 0.6735253748 0 0 0 0 0 0.5161735783 0.5192124789 0.5187703639 0.5362066501 0.825014298 0.8786151342 0.6888220962 0.6834113343 0.6811008829 0.6818592262 0.6837279434 0.6858808672 0.6301987986 0.6274688354 0.6240536436 0.6298068757 0.7055043447 0.7053608724 0.7139661281 0.7767668898 0.7722294221 0.7735632958 0.6533708697 0.5404229504 0.5475757604 0.5543474999 0.8398967963 0.5821742281 0.8914434924 0.5036959489 0.893505796 0.7526506437 0.7524786677 0.7663841054 0.5484190567 0.5491500131 0.547851131 0.5195365863 0.8275357208 0.8249917867 0.8204838668 0.8221122507 0.8236965411
0 0 0 0 0 0 0 0 0 0 0 0 0.557916715 0 0.7654739325 0.8071835779 0.8208149972 0.8287765401 0.6135472986 0.6795872084 0.6788494716 0 0 0.6665702999 0.6779844219 0 0 0 0.5100993253 0.5132436228 0.527447861 0.5362849923 0.5388827695 0.6892685811 0.8264035254 0.5749632707 0.5780868233 0.5837099276 0.6955485117 0.6313892352 0.6266477037 0.6284257372 0.6702138993 0.6780956791 0.7463259226 0.8711197537 0.8692770627 0.7023404911 0.7596812828 0.6562915904 0.6617707167 0.5745672835 0.7626696488 0.760371809 0.6668625131 0.6656046778 0.6652565331 0.7878430965 0.8701738055 0.8868099347 0.8510606772 0.5362995411 0.5395145144 0.7590730944 0.8301718029 0.8288882331 0.8254132471 0.8217263627 0.8241171676 0.8277213235
0 0 0 0 0 0 0 0 0 0 0.6157647037 0.7688972141 0.521707103 0.7655007508 0 0.5048673291 0.5072366454 0.5127183509 0.525433109 0 0.7855669341 0.6589651075 0.5706756048 0.6682474658 0 0 0 0 0.5159720566 0.5184594317 0.5218392067 0.535372369 0.5364320336 0.5520587293 0.6809185695 0.579468253 0.5747468328 0.5456971022 0.5670598398 0.6280837034 0.6300313866 0.7671243749 0.768600863 0.8996260666 0.7544381383 0.8677424514 0.5140284329 0.5179029586 0.8013560843 0.7549316474 0.7528965974 0.7541787027 0.754822981 0.7483001796 0.752776221 0.6650163634 0.6276171609 0.7848093741 0.8225115916 0.8485829998 0.7338322738 0.5461260397 0.5310160899 0.5327265072 0.526603441 0.800864593 0.8257268897 0.8224767841 0.825393076 0.6597852679
0 0 0 0 0 0 0.7575238293 0.5724693283 0.667381402 0.7422261775 0 0.8324191728 0.5488027366 0.5141013739 0.5111125868 0.5080041888 0.5069863834 0.5166137327 0 0 0 0.6610033653 0.6753128064 0.6694168438 0 0 0 0 0.5275127399 0.5251643106 0.5244656694 0.5354317019 0.5449819221 0.6779046974 0.7709619107 0.5788921751 0.5688600208 0.5654450194 0.5746358406 0.5725255826 0.7697137596 0.7742520593 0.7735159722 0.8000988687 0.8770590412 0.6114696838 0.7952903083 0.7981796821 0.79910695 0.798342715 0.7539920189 0.7475876086 0.7447479716 0.7467433361 0.7378108191 0.864288279 0.7304592488 0.7324874291 0.7683535576 0.5647124652 0.8505456577 0.5382425965 0.5341573509 0.5260776312 0.5406392735 0.8320068692 0.7445030887 0.8443074603 0.8906123146 0.6233879487
0 0 0 0 0 0.8264524889 0.5753676601 0 0 0 0 0.860765925 0.5088841783 0.5152479897 0.5138102724 0.8465716331 0 0 0 0 0 0 0.9210116604 0.6712844193 0.6693617913 0 0 0.8978018908 0 0 0.8011149755 0.5516753258 0.5463193811 0.7670625969 0.7714004804 0.6753032698 0.5691529639 0.5688061006 0.5682716958 0.5322232995 0.5348532805 0.5255239781 0.80333218 0.7995174394 0.6754807684 0.7973781995 0.6783972545 0.7913957588 0.7961311654 0.7958501304 0.7492751207 0 0.741363704 0.7500232632 0.861376377 0.7368887259 0.7296583749 0.7304182273 0.7395253765 0.8578391519 0.5407778106 0.5401252805 0.5406235118 0.5271106057 0.6835059686 0.753788382 0.5630543288 0.8529583164 0.6733688743 0.6797448967
0 0 0 0 0 0.7406966563 0 0.5330302107 0.5234406423 0.5198557653 0.8663060951 0 0.508726557 0.5079765629 0.9169346033 0 0 0 0 0 0 0 0.9237689133 0 0.8309675513 0 0 0 0 0 0.5288075659 0.8629146435 0.7749634366 0.7702194397 0.6717948006 0.5229412681 0.5207188063 0.6730065434 0.6781696578 0.74492017 0.5313515182 0.8145094918 0.8076974036 0.8272021102 0.6691893945 0.6720276019 0.7965983801 0.800813952 0.7927557022 0.8025640637 0.8116433823 0.7450937799 0.7450028998 0.7506133426 0.7559482633 0.7380899793 0.6018841982 0.7348033296 0.7366202013 0.7473820967 0.7670665445 0.7712744426 0.5415673626 0.8052731791 0.552476386 0.8040046037 0.7758456666 0.6801946807 0.73273627 0.7335499948
0.6844888331 0 0.7376551455 0.7370664988 0.7403383056 0.5957123571 0.6006847447 0.6000114439 0 0 0.8721535123 0 0.5055978077 0.507929599 0 0.9132835201 0.9071973659 0 0 0 0 0 0.6487028397 0.9268835332 0.8858374086 0.891984449 0.8863945302 0.8909123763 0.565169877 0.5741327829 0.8699951505 0.5059503178 0.7910275164 0.6729380989 0.8993041258 0.5198047712 0.5187811585 0.522130735 0.6823198014 0.8928375185 0.8145921951 0.8073696101 0.8225434518 0.8170874076 0.6810063027 0.673250436 0.8033570519 0.810806429 0.8104630742 0.7943910957 0.7522419602 0.7479123587 0.7504804485 0.7483389789 0.7545664458 0.7583297314 0.7386517395 0.7389284253 0.6711550351 0.7644792551 0.7705776393 0.7794006977 0.5527743129 0.5435666798 0.8053845384 0.6042372419 0.7317638673 0.7281042021 0.7235528805 0.7175029218
0 0.7447202409 0.7419362962 0.7354699404 0.7514568503 0 0.5937087481 0.5988773065 0 0 0 0.8790877058 0.5136115257 0.5109316086 0.9043670539 0.8967994136 0.9020801394 0.896232623 0.9038621566 0.9092328721 0.9193827194 0.9164395972 0.6527648189 0.8916630056 0.8917241071 0.8824001421 0.8870748859 0.8851264508 0.8963418136 0.5661188204 0.7512738619 0.8931076228 0.8484396679 0.6815501999 0.6782500615 0.5209189829 0.6975791861 0.520934392 0.6054366186 0.6029678498 0.8168624969 0.8069164176 0.8141539869 0 0.6773253197 0.6550313067 0.7921055392 0.7660823249 0.7638934261 0.7565718572 0.7482848041 0.7505719968 0.7539867808 0.7602725684 0.7547410536 0.7575928678 0.7453867285 0.745682954 0.7647530856 0.7724012379 0.7663381661 0.5591738884 0.5458377741 0.5513403179 0.546120202 0.8524002273 0.7292633276 0.7242038708 0.7146797555 0.7140301257
0 0.7937963191 0.7387484438 0.7363020028 0.741828691 0.5994996295 0.6997446181 0.6044117351 0 0 0 0 0.8834647043 0.9036413397 0.896627972 0.8949641306 0.8957628515 0.9009048918 0.9088539707 0.9053481747 0.624685798 0.9281130453 0.8944113251 0.8979457001 0.8907798696 0.8908799 0.8828797707 0.8922502551 0.9009572858 0.904158137 0.7042947256 0.8482192223 0.857046583 0.8953757377 0.8947143876 0.8895392826 0.8920187187 0.60268514 0.6003159499 0.5958823989 0.807862295 0.8087767309 0.8073034745 0.6803650898 0.5752103189 0.8476196488 0.8455786061 0.6616660643 0.6716489823 0.6622641831 0.8771245856 0.7624717495 0.6375928805 0.5461805304 0.7603390087 0.8338088774 0.7512088474 0.7740338478 0.7962406468 0.7962762557 0.7799822943 0.6520809619 0.5144923774 0.5483203675 0.6642100318 0.7546186256 0.730119638 0.8561944103 0.7649353502 0.7169404886
0 0 0 0 0 0.7076044058 0.7002386848 0 0 0 0 0 0.7353029114 0.9153040217 0.8966459369 0.9036865172 0.8986464311 0.8999466148 0.7909877021 0.9131769927 0.9193063567 0.5922268166 0.9021767694 0.8922074029 0.8940607002 0.8979450321 0.8903056508 0.8861109691 0.9019539032 0.6437535788 0.8313036466 0.6402163025 0.8838918383 0.8617736168 0.8856916623 0.8791237975 0.889828646 0.5160731087 0.5961818588 0.5985914833 0.8182625533 0.8119068389 0.8134814282 0.7859362278 0.6859702483 0.8495468705 0.8421202579 0.6489972522 0.6564548139 0.6415106538 0.8162034193 0.8200777938 0.8198400027 0.8237180972 0.5031733538 0.8459798578 0.839538546 0.5149261157 0.7768272986 0.7754193922 0.7762389573 0.7764000781 0.7577582073 0.7494190383 0.74476163 0.7546522248 0.85729172 0.855747506 0.8601743295 0.7633574934
0 0 0 0 0 0.7395678853 0 0 0 0 0 0 0.7257173868 0.7271626471 0.9078424972 0.9124437362 0.9105399774 0.7938550247 0.8349710112 0.8480567471 0.8438673443 0.8448988522 0.8969571438 0.8975803042 0.8930402664 0.9009151002 0.6498675606 0.883183442 0.908176404 0.829306082 0.6422148607 0.6427810151 0.5840411793 0.8802732444 0.8757903778 0.8768764408 0.8786167659 0.6268975298 0.6072302411 0.6040137597 0.60141824 0.5407740655 0.5417335814 0.8552022138 0.8553557452 0.8506899795 0.845283891 0.6505860047 0.6488336624 0.6524123331 0.8248581055 0.8149876806 0.6684023709 0.8183180849 0.8457369551 0.8500897757 0.5814684809 0.7772745932 0.7716111232 0.7670243159 0.7666053896 0.665460047 0.6492167167 0.7508499242 0.872251705 0.7513691797 0.5084635772 0.5159958003 0.8550252439 0.858411489
0 0 0.8209285264 0.8798883346 0 0.7407071164 0 0 0 0 0 0.7310149551 0.8790217989 0.7176039702 0.7200728577 0.925369648 0.9160067343 0.7534329676 0.5752331069 0 0.8422059567 0.8455162731 0.5385315247 0 0.6461570722 0.641448233 0.6429672893 0.736098505 0.8193079358 0.8284245668 0.6500867934 0.6462141292 0.7655779857 0.8822127582 0.8747255174 0.6422937987 0.8844258768 0.6655652626 0.6730706939 0.5536905198 0.5176792776 0.5602245057 0.5333505057 0.5390427391 0.6766002967 0.6893155786 0.8903499186 0.6494780726 0.6488534624 0.6469875573 0.6546555285 0.6955920837 0.810494169 0.8182629611 0.8278557189 0.7789762477 0.7769194863 0.7765371763 0.7757768113 0.6441537794 0.773190208 0.7735303989 0.6568690246 0.7592509755 0.754124978 0.5055160709 0.5091565072 0.6240401243 0.8646938335 0.8632353831
0.6811800928 0.6856597602 0.8157365189 0.6697184194 0.5542921236 0.8602931806 0.7233805977 0 0 0 0 0.7140012291 0.7217073288 0.7465583248 0.6173315542 0.6126629599 0.6553879822 0.5607044253 0.8227590969 0.8430454571 0.8473783007 0.8524963846 0.8532340566 0.7320371656 0.5868039895 0 0.5868479906 0.7312274976 0.5865472278 0.5363536895 0.6518308008 0.6480489831 0.7574504944 0.7561407437 0.6473744473 0.5744634996 0.6199074286 0.6126678683 0.5457180263 0.8232202233 0.8221088699 0.8291717061 0.8123520078 0.8106678111 0.5304813722 0.6250975372 0.6041743339 0.6533953078 0.6502621775 0.7448976022 0.6463338866 0.6456372999 0.7602915596 0.7593752555 0.7628422009 0.771951471 0.7739323443 0.5079891755 0.5923076315 0.6524768236 0.6615941985 0.6578499402 0.7872435639 0.5487873841 0.5062824561 0.5142862245 0.5056388379 0.5213396902 0.5153986207 0.5576197108
0.6796734907 0.6694112104 0.6767519081 0.8886630264 0.669487986 0 0 0 0 0.6569783107 0 0 0 0.756535099 0.610913959 0.6248090533 0.8197127583 0.8243140577 0.8173639265 0.5394399548 0.735223786 0.5374909519 0.7708259182 0.7281226233 0.5868459801 0 0.5753417136 0.5796283838 0.7286710559 0.5768485388 0.5347744338 0.5257090376 0.7558322037 0.7656634478 0.7532847091 0.6255602585 0.6208763664 0.715274641 0.5216665415 0.827145906 0.8224752381 0.8212472546 0.8049431125 0.8040299106 0.8104854354 0.6200793948 0.8129022844 0.6479936277 0.6493499625 0.6461438235 0.7424653342 0.6443377973 0.6512257857 0.7573311744 0.7612232184 0.7695923021 0.5074765979 0.5868537728 0.6915744242 0.6596183956 0.6567067455 0.5428624104 0.7807179208 0.7831229393 0.7604872298 0.6822619335 0.7533075784 0.7429177171 0.5120553535 0.5649511092
0.67760733 0.6735557689 0.5750161032 0 0.8094938619 0.8167367152 0 0.6877737344 0.854108122 0.8810821006 0.6812994985 0 0.7628228178 0.6035638694 0.6132633564 0.6183453298 0.8237706866 0.8139770053 0.8199437727 0.5442349949 0.5343880078 0 0.799655609 0 0 0.5787715993 0.5718594088 0.5703140777 0.5846073123 0.8166601622 0 0.7664527939 0.7554046798 0.7648355357 0.7597592789 0.7631685646 0.7057819733 0.6296027579 0.7910768139 0.8276031611 0.825337782 0.8191416478 0.8135519801 0.8060030158 0.8008471375 0.8009387312 0.8053205827 0.7209336755 0.6418262976 0.6454886109 0.7519018854 0.6431130312 0.6408290053 0.6431786098 0.7600752866 0.7622270077 0.8254681414 0.5811412119 0.584407148 0.8212740707 0.6612399906 0.761694965 0.760714484 0.7648020749 0.7530425215 0.7509496549 0.5298965535 0.5707092488 0.5151003023 0.5657030633
0.6700248452 0.6701797917 0.6745020485 0 0 0 0 0.5596020568 0.5663674201 0.5724679186 0.5255678155 0.5204801067 0.5221690014 0.6056944151 0.6097982204 0 0.7492460985 0 0 0 0 0 0 0 0 0.5475561338 0 0 0 0 0.8920221067 0.7603777075 0.7574395202 0 0.7558530082 0.7572156202 0.7668949037 0.8589401546 0.8313249391 0.7922962607 0.7900741179 0.8138072181 0.8208993122 0.8100644479 0.8042197307 0.8025292976 0.8121198162 0.8176361693 0.6472650778 0.6455065947 0.647259121 0.6363139607 0.6359800306 0.6395712341 0.638264073 0.7648549692 0.650670073 0.5873512074 0.8133513293 0.5120507173 0.8349264153 0.7658728912 0.7601583537 0.7646091867 0.7492351409 0.7485409609 0.7523729023 0.5802293858 0.8009623474 0.6322319376
