landscape/hab_quality/256/simulation_000049_p036_h030_HABMAT_patch_more_500pix_modified.asc_ac_0.5_quality.asc
NCOLS 513
NROWS 513
XLLCORNER 0
YLLCORNER 0
CELLSIZE 9.980507
NODATA_VALUE NaN
[rows 217 to 247 of 513, columns 213 to 283 of 513]
0 0 0 0 0 0 0 0 0 0 0 0 0 0 0 0 0 0 0 0.6954716198 0.700875858 0 0 0 0 0 0 0 0.5790149731 0.7087426616 0.8745463337 0.8647941426 0.8716408731 0.8644936672 0.6945151586 0.6858659474 0.5175456541 0.5223547692 0.5310698422 0.5276374253 0.8666039306 0.5785337992 0 0 0 0 0 0.6736751129 0.6770453994 0.672950971 0.6732455386 0.6746136212 0.6881526813 0 0 0 0 0.8013723073 0.8064595381 0 0 0 0 0 0 0 0 0 0 0 0
0 0 0 0 0 0 0 0 0 0 0 0 0 0 0 0 0 0 0 0 0 0 0 0 0 0 0 0 0 0.7923659365 0.7728726599 0.5627393823 0.7772166913 0.7750316159 0.7723505374 0.5175620035 0 0.5241102756 0.5238607157 0.5266464295 0.8597925978 0 0.5694869643 0.5747268114 0.581137757 0 0 0 0 0.6803081294 0.6788802688 0.680143474 0.6014867909 0 0 0 0 0.7985410209 0.8011517819 0 0 0 0 0 0 0 0 0 0 0 0
0 0 0 0 0 0 0 0 0 0 0 0 0 0 0 0 0 0 0 0 0 0 0 0 0 0 0 0 0 0.7762929552 0 0.7651750046 0.7734499932 0.7672314818 0.7692145954 0.8142174 0.5320114478 0.5314051958 0.5458722463 0.5454899371 0.5843597409 0.5765344549 0.5667095002 0.8613642717 0.6796024612 0 0 0 0.7915553725 0.7938150625 0.7911534102 0.7900172208 0.7924852555 0 0.815844298 0 0.7990151779 0.8025089808 0.8015614752 0 0 0 0 0 0 0 0 0 0 0 0
0 0 0 0 0 0 0 0 0 0 0 0 0 0 0 0 0 0 0 0 0 0 0 0 0 0 0 0 0.6321695961 0.7718712419 0.7705176109 0.7646383841 0.760696572 0.7647240302 0.7675265641 0.6175970971 0.8614644439 0.7982898083 0.6811069782 0.6877969326 0.5858625023 0 0.5745110882 0 0 0 0 0 0.7934824497 0.7897479449 0.789229025 0.7874753369 0.7943796864 0.7992184205 0.5337130238 0.7822090042 0.7467552029 0.5914219153 0.8039281437 0.5122685984 0 0 0 0 0 0 0 0 0 0 0
0 0 0 0 0 0 0 0 0 0 0 0 0 0 0 0 0 0 0 0 0 0 0 0 0 0.6781028676 0.5715004025 0.7813086514 0.7738218979 0.7698152035 0.7675302101 0.7611414724 0.76036059 0.7632706034 0 0.5023200003 0.6455030396 0.8876178959 0.6786586474 0.6868967955 0.7428698115 0.5083523325 0.584394683 0.7268139098 0.7221519421 0.8141815002 0.8094338923 0.8002798302 0.7928337159 0.7877504924 0.7867321622 0.7962860049 0 0.7091248455 0.7031030956 0.5572103231 0.5432736908 0.7618839396 0 0.8260557871 0 0 0.88107008 0 0 0 0 0 0 0 0
0 0.7591996115 0 0 0 0 0 0 0 0 0 0 0 0 0 0 0 0 0 0 0 0 0 0 0 0.6758462128 0.8811088591 0.7935697887 0.7788058364 0 0.7645018188 0.7626879432 0.7696616143 0 0 0.6450458787 0.8268096593 0 0.8288747363 0.7390217505 0.7482632293 0.593532502 0.7782988172 0.6628709504 0.720789933 0.8179885274 0.8076123133 0.7968203395 0.7951091282 0.792778034 0.7872271124 0.7963485662 0 0.8092782304 0.8624795958 0.5566368933 0 0 0.7535512331 0.7905675545 0.840977713 0.8825470362 0.8757840603 0.7617233161 0 0.6818856334 0 0 0 0 0
0.7633115469 0.7614521502 0.7522667467 0.7577511554 0 0 0 0 0 0 0 0 0 0 0 0 0 0 0 0 0 0 0 0 0.644533288 0.7174593601 0.8042553649 0.6521348228 0.5233151603 0.6012249665 0.7645782328 0.767141879 0.7668777805 0.5056227673 0.7618723927 0.8193428447 0.8204706772 0.8253325844 0 0.7330036225 0.7741772695 0.5203745672 0.5213330619 0.8194062951 0.6347214076 0.5623859365 0.8084093996 0 0.7985251579 0.8019474633 0.8002942036 0.8030905851 0.8046994172 0.8050643667 0.5571443804 0.5506190561 0.5556502079 0 0 0 0.8005822765 0.8436847412 0.8529380902 0 0.5084366096 0.5751653734 0 0 0 0 0
0 0.7619065629 0 0.7542508398 0.8775674137 0 0 0 0 0 0 0 0 0 0 0 0 0 0 0 0 0 0.6810472377 0.6050694666 0.7957205892 0.8000638269 0.8438777158 0 0.7838743841 0.604801723 0.6030718976 0 0.7595596004 0.756939234 0.7574384975 0.8378496405 0.8162127072 0 0.8337235124 0.5229328236 0.8134377762 0.5169098104 0.5161481832 0.5245473684 0.6313593043 0.7510176029 0.8122982798 0.5549164636 0.5496453843 0.5513820701 0.5442192914 0.809590573 0.8056594748 0.55747121 0.5561959751 0.549020722 0.5512560196 0.5528155641 0 0 0 0 0.5933822299 0.8451651194 0.5350040805 0 0 0 0 0 0
0 0 0 0 0 0.7195950246 0.7135686918 0 0 0 0 0 0 0 0 0 0 0 0 0 0 0.6794701653 0.6881310691 0.6919777939 0.798506794 0.7931828234 0.7847476682 0.782330964 0.7912056458 0.5977578816 0.5960375632 0 0 0.7507858778 0 0.8253295968 0.8485603305 0.8214611103 0.6083912527 0.7281336309 0.9051557685 0.9023160196 0.5230413934 0.5256928526 0.6343881259 0.6407223151 0.5015234883 0.5542695394 0.5557987445 0.8640975406 0.8683317206 0.699198929 0.7043187818 0.5588687087 0.5510110849 0.552212317 0.5495846625 0 0 0 0 0 0.6659419152 0.5283570565 0.5271977958 0 0.5844872097 0.5851832306 0 0 0
0 0 0 0 0 0 0 0.7191986925 0 0 0 0 0 0 0 0 0 0 0 0.714280692 0.681913542 0.6804406119 0.6886708958 0 0.793715491 0.6526095029 0.7877143928 0.7826466597 0.7884368824 0.6054668563 0.8568227325 0.6390565788 0.7556202142 0 0 0 0.8235251767 0.9046626815 0.898350135 0.9040126368 0.9000997299 0.9073607388 0.9048240137 0.7909240814 0.6677254957 0.5120283533 0.7892592973 0.8102357652 0.8800059685 0.8674223044 0.8617634025 0.6990143094 0.6967205971 0.5600913357 0.5553271313 0.556256688 0.5505277641 0.5535186063 0 0.8255789389 0.8291814789 0 0 0 0.5873890669 0.5858667185 0.5826494907 0 0 0 0
0 0 0 0 0 0 0 0 0 0 0 0 0 0 0 0 0 0 0 0.7097466745 0.8271609663 0 0.5024159828 0.6645183094 0 0.7903583845 0.7908475284 0.7894629906 0.7901416727 0.8929130089 0.8942364295 0.7618221499 0.7634559673 0.7557237672 0.6434625128 0 0 0 0.9064486779 0.8965263042 0.9005450616 0.9013876231 0.6950239233 0.566876805 0.8492599673 0.7171314268 0.6502050922 0.650291249 0.8800168656 0.8716796011 0.7060845152 0.7055330745 0.7037831646 0.5564697471 0.6325344194 0.5237502943 0.6304585068 0.5569917888 0.8365196062 0.8315042568 0.8227945827 0 0.8262264025 0.8283855034 0 0.5857756752 0 0 0 0 0
0 0 0 0 0 0 0 0 0 0 0 0 0 0 0 0 0 0 0 0 0 0 0.5651985792 0.5644456247 0.56737206 0.7614049431 0.6648583878 0.8869309503 0.893341777 0.8909498673 0.8884509704 0.7690008275 0.771798741 0.65038766 0.6422549846 0.6394620181 0.8626301647 0 0.9037492512 0.904989012 0.8999749216 0.6867028689 0.6920227462 0.7341759779 0.7328235113 0.7336171817 0.6485828036 0.6484386433 0.8744628383 0.8805995665 0.7114749929 0.7142227238 0 0.6349939872 0.6265659946 0.6257575385 0.6259788647 0.556157872 0.8397622056 0.8322783491 0.8233681992 0.8196715788 0 0.8361484436 0.5904040843 0.5607046078 0 0.7478424786 0 0 0
0 0 0 0 0 0 0.5132166551 0 0 0 0 0 0 0 0 0 0 0 0 0 0.6746652785 0.6483337124 0.5638695495 0.5586128503 0.5621971907 0.6570138462 0.874700988 0.65699281 0.8894048339 0.8868518914 0.8943710761 0.8575938237 0.7769711597 0.6425482599 0.6453970263 0.6587949173 0.5663084228 0 0.9083436349 0.908005435 0.676817576 0 0.5870190058 0.73130381 0.7286743688 0.72559325 0.6451613109 0.6391645068 0.641183618 0.8561906974 0.8514377995 0.6423692752 0.6321393558 0.63050639 0.628333921 0 0.6289796312 0 0.7287531544 0.8303390167 0.829081006 0 0.8231597092 0 0.8453632093 0.5948475464 0.7460375682 0.7434615974 0 0 0
0 0 0 0.5446956559 0.8320201371 0.8394012207 0 0 0 0 0 0 0 0 0 0 0 0.6163486568 0.6150253917 0.6757902502 0 0.5627651952 0.5615674493 0 0.7391832307 0.7342579554 0.822666339 0.6618520759 0.8914793934 0.8945332356 0.896641299 0 0.6983808477 0.6648812125 0.8897985545 0 0.5020397157 0.6714359126 0.6717093424 0.6709545343 0.6684775174 0.6627628534 0.6645896347 0.5951669832 0.7773160798 0.7742193666 0.6448277922 0.7813364173 0.6417102387 0.8525676518 0 0.6369441585 0.6355144887 0.6318620555 0.6360564333 0.6382773801 0.8965773065 0.5332265781 0.6051438438 0.8363484425 0.7744083027 0.8286652652 0.8243307916 0.8292841557 0.8380793231 0.608434337 0.5634303114 0.5878467329 0 0 0
0 0 0 0.5364058813 0 0.831416764 0.8993692955 0 0 0 0 0 0 0 0 0 0 0 0.718196623 0.6627704202 0.5671336191 0.5615324228 0.5687932332 0.7423660606 0.7327711595 0.7401508247 0.8429072679 0.6696056428 0.9039227581 0.8983479784 0.9027079524 0 0.5790984508 0.6266015604 0.8937057979 0.5031317846 0 0.6618530968 0.6647204777 0.6642361813 0.6668559854 0.6624906965 0.6762158005 0.858446983 0.7697881946 0.7778669574 0.7759313371 0.6444917521 0.6446195334 0 0.6056931695 0.6369045169 0.6376526774 0.6361946101 0 0 0.6042480219 0.9035522725 0.8404266956 0.8375999377 0.8325304283 0.8567272413 0.835611884 0.8347172666 0.5120858927 0.8052499621 0.6262105096 0.8337605078 0 0 0.8819881365
0 0 0.5343076447 0.5345552658 0.8356149894 0 0 0.6664040731 0.7194424472 0 0.6243289388 0.8064986693 0.7564476328 0 0 0 0 0.6692612427 0 0 0.6556442683 0.5670901727 0.5684198844 0.7361939206 0.7386880806 0.7344303138 0.6520716345 0.6047480872 0.6484470033 0.5297692052 0 0.7433793322 0.7195737211 0.8044936964 0.6236323132 0 0.7423646454 0.6600457775 0.6583569759 0.6535264216 0.6586492305 0.6685702304 0.7512770597 0.7529356282 0.7579604056 0.7721151564 0.7734865188 0.7796389315 0.7290790128 0.6711744037 0 0.6171350592 0.6231603219 0.6458885674 0.5770198433 0 0 0.6136693077 0 0.8372474768 0.7477532042 0.7420235415 0 0.8358981795 0 0 0 0.8116189652 0.8124917072 0.8183252724 0.8136946244
0 0 0.5380580065 0.5348933215 0 0.6612897218 0.6599341447 0.788997158 0.6259776423 0.6208773446 0.8799650748 0.8056097866 0.7427665271 0 0 0 0 0 0 0.820585816 0.5720165163 0.5762224824 0 0.5750048186 0.5905791808 0.6506036105 0.6501411913 0.7091953854 0.6789397118 0.67791864 0.5008397781 0.7968412742 0.6252670904 0.6274796615 0 0.7407716832 0.7338784107 0.6597563577 0.6552405338 0.6519089988 0.6520374883 0.667695293 0.7510541558 0.7480451966 0.7498621747 0.7764187623 0.7811417573 0.7792107598 0.6713377201 0.7369512211 0.6257151055 0.6159967952 0.6234896812 0 0 0 0 0.5688743118 0.5759477025 0.7145743968 0.7441944124 0.7401463921 0.7434262927 0 0 0 0.8135775003 0.8082728941 0 0.8119223946 0
0 0 0 0 0 0 0.8153732689 0.6681942237 0.8748816069 0.8739295708 0.8749036217 0 0.7330332484 0.5237555954 0 0 0 0 0 0 0 0.5834552853 0 0.8751959096 0.5515824671 0.6461860493 0.6708227109 0.8713362668 0.6716593135 0 0.803064024 0 0.8066479137 0 0.7459285312 0.6254217086 0.5284645049 0.6612669372 0.6615670461 0.6573807199 0.6570084103 0 0.5183946313 0.7578410127 0.7568028824 0.7639117501 0.5697031773 0.7388655928 0.7435438581 0.8893777212 0 0 0.624564591 0 0.6887487139 0.8413717273 0.763784793 0.5670456286 0.5671505896 0.5597373662 0.7462922031 0.7474413175 0.7452670102 0.7442854242 0.7491733617 0.8241408934 0.8165609464 0.8151201189 0.8077427334 0 0
0 0 0.7124501114 0 0.8167194306 0.8124738145 0.8138849159 0.8769343517 0 0.873246012 0.8770061459 0.5133412362 0.7881713036 0.7522324501 0.5471620471 0.5436790486 0.5514795225 0 0.7627383107 0 0.752454222 0.7590084787 0.5806195558 0.720969373 0 0.6481121251 0.8728679178 0.8618308466 0 0 0 0 0.6686380906 0.7474326574 0.7464837611 0.6585528177 0.8735599896 0.6688514614 0 0.6596695167 0.6650783356 0.9010807103 0.5417352734 0.5334734212 0.5406831329 0.7609467426 0 0 0.7379901797 0.5149114529 0 0.7162436179 0.7184765459 0.6849072482 0 0.5757811597 0.5745461327 0.5679609843 0.5698952999 0.6208072272 0.5285839429 0.5088542047 0.5111305595 0.5100360095 0.7486861954 0 0.8480959459 0.8105542957 0.8174990922 0 0
0 0 0.5729268697 0.8189171137 0.8210813135 0.8179274741 0.5001703102 0 0.8766797805 0.6445697574 0.8832034862 0.8790620128 0.7791115931 0.5975478274 0.548169593 0.5516071554 0.552559182 0.552724328 0.6935390442 0.7600581667 0.7522463569 0.7580739262 0.6998028827 0 0.6517983822 0.5514224057 0.7936721977 0.8720256546 0.8709212161 0.869538065 0 0 0.5197348972 0.5409199265 0 0.8436382733 0.678738199 0.5514975176 0.6435144189 0.7707960459 0.7136756224 0.8960060932 0.5430459107 0 0 0 0.8975995428 0.7453538575 0 0.5500587978 0.7087350105 0.7154654329 0.7134505051 0.682798362 0.6768744885 0.5538746896 0.5547557797 0.5480650572 0.6996786381 0.6965877777 0 0.5102728271 0.5087218519 0.5783801747 0.7718939117 0.646971783 0 0 0 0 0
0 0 0 0 0.6549372653 0.5812333041 0.5770353537 0.5837185034 0 0.7557170477 0.8080312083 0.7817799423 0.7796217136 0.5550521523 0.5535425281 0.5552092389 0.6852633055 0.6889209414 0.6866995482 0 0.7599753366 0.758698854 0.8466565155 0.5775257409 0.7525007698 0 0.8819871353 0.8742724863 0.8663575557 0.869588639 0.5929467791 0 0.7965786976 0.8356981128 0 0.5293626009 0.5053314905 0.6616855992 0.5873798416 0.6250652935 0.7083529313 0.7073459332 0.5874015032 0.5871710008 0.5841012027 0.5877282816 0.5883285026 0 0 0.712786918 0.7087245571 0.708242994 0.7114862904 0.6763645365 0.6824545726 0.5536035742 0.5468085348 0.6916616464 0 0.69002609 0 0.8580388106 0.5097755864 0.6241585518 0.7729531886 0 0 0 0 0 0
0 0 0 0.6481511688 0.6464066184 0.5822333402 0.5765453866 0.572381744 0.5703099353 0.5697838306 0.5748687832 0.5749411563 0.5865122883 0.5632830698 0.8831000987 0.8885558976 0.8902468962 0.772139054 0.886618356 0.5662951044 0.7695954423 0.7740546479 0.7560235189 0.764615473 0 0 0.8776271187 0.8721038195 0.870133239 0 0.6825463301 0.6902254367 0 0 0.8690646307 0.5854827644 0.8644758391 0.6367941428 0.8335105434 0.5811529858 0.7113180207 0.7059121609 0.5920181155 0.5825981828 0.5833267801 0.647213115 0.722831294 0.7271770554 0 0.7159708133 0.7065721762 0.7154462693 0.7120645814 0.6792881573 0.6768315261 0.5551602368 0 0.6856502071 0.684500564 0.677241196 0.685835834 0.7626871604 0.7646541426 0.7630400715 0.7587673118 0.7687266032 0 0 0 0 0
0 0 0 0 0 0 0.5794200859 0.5756319334 0.5658268147 0.5683641758 0.5730545688 0.5812721674 0.5908408987 0.6607961121 0.6621141315 0.8826134843 0.8889745344 0.6979901673 0.7455989394 0.7631043949 0.7888828036 0.7750299051 0 0.5811248188 0.8051395628 0.8058414667 0 0.8788912886 0.5462987495 0.6872502961 0.6810558989 0 0 0.8904446208 0.5229577803 0.8632127821 0.8698824471 0.8372430176 0.6933717015 0.6569716772 0 0.709072938 0 0 0 0 0.7283814841 0 0.7156875705 0.7100352103 0.7102284278 0.7092706285 0 0.6846319424 0.6877255628 0.7156913948 0.6947520085 0.6871397008 0.6815124197 0.6766927076 0.6777949749 0.8034756431 0.7551436611 0.7570375909 0.7636413314 0.772290041 0 0 0 0 0
0 0 0 0 0 0.5749190944 0.5656603125 0.5628625506 0.5656456244 0.5753270902 0.576661893 0.5752435268 0.5886972295 0.6553421342 0.6586003635 0.5970344962 0.8899435809 0 0.8142929227 0.7379977936 0.6919630781 0.5956572478 0 0 0 0.8028659649 0 0.6628013064 0.6567543204 0.660797644 0 0 0.5865719177 0 0.6054178905 0.60417756 0.6049237034 0.7929731267 0.6497671477 0.6489531386 0.6532028387 0.6602182969 0 0 0 0.6587575799 0.5074842944 0.5074670153 0 0.7130214528 0.718193634 0 0 0 0.7069148729 0.7076487837 0.7010738194 0.6950919621 0.684870159 0.6862532359 0.6850815871 0.6890039427 0.658092773 0.6981939641 0.7606584807 0 0 0 0 0 0
0 0 0.8726297089 0.5401980474 0 0.5738074663 0.568518919 0.5611992791 0.5647074993 0.5731748251 0.7875076871 0.7833918992 0.6588807213 0.6526688469 0.5880876286 0.5881912947 0.8428888001 0 0.8113156625 0.8083245872 0.81089526 0.8110001956 0.8027225351 0.8021357564 0.8015252452 0.8040395164 0.7302886928 0.7270945755 0.730122262 0.7337555337 0.7250816941 0 0 0.5783608131 0.7979100326 0.5973711228 0.6934568522 0 0 0.6452663086 0.6477681129 0 0 0 0 0.8675268684 0.5092417313 0.5163516209 0 0.7268391629 0 0 0 0 0.7014260744 0 0 0.7881470175 0.7554279379 0.6915220244 0.6888154407 0.6886332724 0.6925959876 0 0.7032649075 0 0 0 0 0.5457687015 0.7980517308
0.8472361996 0.6663050373 0.8993183471 0 0.5779269205 0.5723868999 0.5659316478 0.5677728824 0.5703282037 0.7909670887 0.7821464716 0.7754061506 0.7817002697 0.7797522013 0.6532760463 0.5881749075 0.8169368898 0.810810407 0.8044969143 0 0 0.7968071516 0 0.7963028187 0.8040671564 0.8085297248 0.7294722722 0.7230742028 0.7261134625 0.7243469454 0 0.7324698462 0 0 0.7298418618 0 0 0 0 0 0.6531245742 0 0.6851963115 0 0 0.6403651136 0 0.8161410334 0.7316349508 0.7299894476 0.8008802607 0 0.8766950908 0.8831228397 0 0 0 0 0.5365331718 0.6953807285 0 0.697283867 0.6944401162 0.7005601625 0.7031467625 0 0.8228845578 0.5020207965 0 0.79493941 0
0.7629064751 0.8499734809 0.9014340259 0.8972408001 0.5741003166 0.568693021 0 0.5695888286 0.5764041859 0.7857570989 0.7825756998 0.775283361 0.7724507665 0.7796057145 0.7894669371 0.8929038935 0.6412493384 0.8092118755 0.8051440763 0.8136918565 0 0.8107776931 0 0.8040771676 0.8013298355 0.8088080962 0 0.7171276915 0.7170669635 0.7204318661 0 0.741378444 0.5812492796 0 0.5783797639 0 0 0 0 0 0 0.6535177018 0.6935144805 0 0 0 0.6970058066 0.7584058032 0.7544640572 0.8875851155 0 0 0.8765838728 0.8790233606 0 0 0 0.5291233069 0.5278016509 0.607196855 0.6484920533 0.6470788599 0.8601313676 0.6974848861 0.5231893332 0 0 0 0.8046064624 0.8651515378 0.6955365105
0.7650104165 0.85047155 0.9029535263 0.5929498517 0.5841487425 0.5836755027 0.5753617496 0 0 0 0.7161755335 0 0.7748129319 0.7807007483 0.7829330432 0.6395220807 0.6427887782 0.643050863 0.8161843392 0 0.8205162723 0 0.8057030022 0.8089668577 0.8056028902 0.814220838 0 0.7212648029 0 0 0.8417380103 0.5849815958 0.5286254719 0.5710613372 0.5691429171 0 0.8510139339 0 0 0 0 0 0 0 0 0.7521886669 0.7530134317 0.7537344004 0.7538021173 0.7479569046 0.887129832 0.8842587144 0.8776326089 0.8831291631 0.8848714846 0 0 0 0.5321165335 0.6628172061 0.6388317464 0.6394727738 0.8041685673 0.8067287465 0.6354246318 0.8463641542 0.6461378978 0 0.793155563 0.7330587183 0.8444493326
0.7702357407 0.5766067398 0.7680678055 0.6917207878 0.5814113979 0.5805661354 0.5782645375 0 0 0.5927657693 0.5925611985 0 0.7795257957 0.7793318109 0.8564382091 0.8533834268 0.6460507533 0.7777385026 0 0.7110963042 0.7130443447 0 0.8122544074 0.8124794236 0.8083471249 0.6306084416 0 0 0 0 0.6575235548 0.8125991128 0.7827433931 0.5742236697 0.5733160836 0 0.853525686 0 0.7547696875 0.7650110559 0.7634942886 0.7609857331 0 0 0 0.7483527724 0.745227768 0.7463428313 0.7522320134 0.7471732468 0.7407561795 0.7460854187 0.747740523 0.7482556401 0.89305683 0.6089948938 0 0 0.6403979492 0.6383173874 0.6411755265 0.6438718201 0.8000777847 0.6781849231 0.6822874734 0 0.8442367355 0.8538006062 0 0.6957818968 0.7249296816
0.6249222269 0.6319662143 0.6294079538 0 0.8499937789 0.8278051037 0.6008627706 0.6022521805 0 0.5996394494 0 0 0 0.5521763032 0.848256648 0.8506124568 0.6223132496 0.8705190236 0.7069577242 0.7054679172 0.8715622985 0 0 0.8205450892 0.8209301007 0.804616425 0.7485909008 0.7723863628 0.7624308006 0.6386355747 0.6542452837 0.5854625224 0.9082183067 0.9081358719 0.905533757 0.5811939196 0.8172615198 0 0 0.7529428878 0.755202436 0.7585543572 0 0.5700985125 0.7623676715 0.7578406211 0.7143280897 0.7478017759 0.7483446855 0.7479376948 0.7452814162 0.7382017046 0 0.7522486953 0.6044790173 0 0 0 0.6407464868 0.6455443791 0.6443294676 0.8078761792 0.806864835 0.6733341939 0.6726624153 0 0 0 0 0 0.8442111998
0.8331755056 0.625809179 0.6290399118 0.8640251257 0.6030852674 0.5957994942 0.593550645 0 0 0.6790680989 0.6824863717 0.5156393493 0 0.7398565303 0.741456316 0.7418601732 0 0 0.5081328066 0 0 0 0 0.592398932 0.6725249695 0.6387960277 0.8489900303 0.7631133289 0.7178269064 0 0.8311450559 0.8377672324 0.9054005566 0.9006189259 0 0.9233741253 0.7733142811 0 0 0.7507438562 0.7578976974 0.7518764279 0.5787461604 0.7585488659 0.5620491151 0.7568945408 0.7573399358 0.8858765236 0.8867808099 0.7458029714 0.7385976257 0.7391912052 0.7432009371 0 0.7911080678 0.7975555488 0 0.7858314856 0.6524718201 0.6162049314 0.6484353802 0.685234048 0.7147985048 0.8592545936 0.6804394613 0 0.7124854721 0 0.6807533249 0.7653360041 0.603947625
