landscape/hab_quality/256/simulation_000069_p054_h066_HABMAT_patch_more_500pix_modified.asc_ac_0.5_quality.asc
NCOLS 513
NROWS 513
XLLCORNER 0
YLLCORNER 0
CELLSIZE 9.980507
NODATA_VALUE NaN
[rows 288 to 319 of 513, columns 360 to 431 of 513]
0 0 0 0 0 0 0 0 0 0 0 0 0 0 0 0 0 0 0 0 0 0 0 0 0 0 0 0 0 0 0 0.7360731991 0 0.6352018048 0.6346779921 0.6327480838 0.5454440778 0.7935317841 0.6386839357 0.6320454097 0.822702988 0.6452555328 0.5475781884 0.5447998067 0.7278554138 0.611369957 0.6081521519 0.6142185713 0.7373126717 0.5330533722 0 0 0 0 0 0 0 0 0 0 0.5651941196 0 0 0 0 0.73850882 0.8020973545 0 0 0.6497620092 0.772461371 0
0 0 0 0 0 0 0 0 0 0 0 0 0 0 0 0 0 0 0 0 0 0 0 0 0 0 0 0 0 0 0.60826668 0 0.7198308804 0.720872192 0.7895930728 0.6273586051 0.8117791331 0.7927482741 0.6415734761 0.8405637079 0.7326346644 0 0.6391816465 0.8218718208 0.5503981183 0.5505350131 0.8659012077 0.876244168 0.5533359476 0.7464582081 0.8341562488 0 0 0 0 0 0 0 0 0.677724139 0.6828498705 0.685350011 0 0 0 0.7370212263 0.6823111355 0.8059418787 0.7889640503 0.779839784 0.536955026 0.5285353396
0 0 0 0 0 0 0 0 0 0 0 0 0 0 0 0 0 0 0 0 0 0 0 0 0 0 0 0 0 0 0 0.7146549223 0.7122575045 0 0 0.6008030816 0.8234587141 0.8012095807 0.7937180334 0.818375956 0.620718971 0.901876734 0.9033788134 0.8705510456 0.6293732109 0.6758687441 0.8735848487 0.7700051518 0.5960193987 0.5281197248 0.6332222045 0 0 0 0 0 0 0 0 0 0.6762835479 0.8145025108 0 0 0 0.8682412632 0.6720430777 0.6667069147 0.7814305934 0 0.5343852403 0.5274747827
0 0 0 0 0 0 0 0 0 0 0 0 0 0 0 0 0 0 0 0 0 0 0 0 0 0 0 0 0 0 0 0.706823436 0.7087178594 0 0 0 0.8335010996 0.8022927579 0.80252309 0.9043461353 0.8968574518 0.9010752407 0.9082434391 0.6221004736 0.5855389215 0.8766488433 0.871305028 0.874028948 0.5490691281 0 0 0 0 0 0 0 0 0 0 0 0.6860281514 0 0 0 0 0 0 0 0.5748026305 0 0 0
0 0 0 0 0 0 0 0 0 0 0 0 0 0 0 0 0 0 0 0 0 0 0 0 0 0 0 0 0 0 0 0 0 0 0.5767897579 0.511449672 0.740119903 0.55201329 0.7631972214 0.5474624751 0.9034275987 0.8753836434 0.9102541536 0.6221759967 0.6280692506 0.8387254502 0.570515229 0.709464899 0 0 0 0 0 0 0 0 0 0 0 0 0.6946321024 0.6389410026 0 0.7482705769 0 0 0 0.5295221957 0 0.5729385566 0.5741041922 0.6717731932
0 0 0 0 0 0 0 0 0 0 0 0 0 0 0 0 0 0 0 0 0 0 0 0 0 0 0 0 0 0 0 0 0.5328933427 0.5286597553 0 0.6626208736 0.8473742062 0.5470130743 0.5420320714 0 0.6843145357 0.7387742395 0.7767172128 0.5899923903 0.729197901 0.8371603189 0.8357052297 0.8334800506 0 0 0 0 0 0 0.7151583572 0.8466825879 0.8154835482 0 0 0 0 0.741502343 0.7355300833 0.7390879926 0 0 0 0 0.5763833946 0.580381718 0.5883461686 0.6738515875
0.8686506834 0.8776040343 0 0 0 0 0 0 0 0 0 0 0 0 0 0 0 0 0 0 0 0 0 0 0 0 0 0 0 0 0 0 0 0.5246472611 0.5325115415 0.5348903919 0.622057426 0 0.5476817744 0.5489208807 0.5002924298 0.7652702785 0.5007408758 0.6646371806 0.5094523105 0.8326770074 0.8278950544 0.8302979707 0.5129544582 0 0 0.628564282 0.7828466771 0 0.7779071197 0.7772529251 0.7744144378 0 0 0 0.8333410184 0.7374526154 0 0 0 0 0 0 0.5823076216 0.7658765964 0 0.7640898516
0.8325774837 0 0 0 0 0 0 0 0 0 0 0 0 0 0 0 0 0 0 0 0 0 0 0 0 0 0 0 0 0 0 0.7792538038 0 0.5305881236 0.7148611822 0.6297588945 0.6256878021 0 0.5529504008 0.5533766175 0 0 0 0.5479769394 0.8409368362 0.5532200733 0.8616045501 0.6032512497 0.8623164079 0.6603707354 0.7870125918 0.6456637447 0.6499967067 0.7741237878 0.7681832372 0.7703135995 0.866347149 0 0.5433648978 0.8495917607 0.835262774 0.7732506514 0 0 0 0 0 0 0 0.7683049169 0.7645399757 0.7589039187
0 0 0.6628844 0 0 0 0 0 0 0 0 0 0 0 0 0 0 0 0 0 0 0 0 0 0 0 0 0 0 0 0.784696513 0 0.8938984685 0.8850236526 0.6342248634 0.6254718607 0.5439342143 0.5618025437 0.5566729489 0.7719968693 0 0 0 0.8687669311 0.5241658805 0.5458305575 0.8891523291 0 0.6096843381 0.628505987 0.8199162568 0.8041376381 0 0.8897466716 0.7711971407 0 0 0.7192765757 0.8791685718 0.844584609 0.8402029309 0.8315471574 0.8342020428 0.5627819936 0 0 0 0 0 0.7692795048 0.7616054282 0.7594910536
0 0.6505435853 0.6531616609 0.6533501681 0.6535655341 0 0 0 0 0 0 0 0 0 0 0 0 0 0 0 0 0 0 0 0 0 0 0 0 0 0.8062826863 0 0 0 0.6282982583 0.7570787872 0.6263630455 0.5615911295 0.5635920834 0.5653508805 0 0 0 0.7560978093 0 0 0.6653032808 0 0.5090400171 0.7099723314 0.5150412965 0.5832750714 0 0 0.7797567278 0 0 0 0.7039985197 0.8460311178 0.836141218 0.8327007679 0.8366515355 0.8200815895 0 0 0 0 0.5719220705 0.8509257307 0.6396252968 0.578807359
0.6563770097 0.6521503994 0.6443737845 0.6515347093 0 0 0 0 0 0 0 0 0 0 0 0 0 0 0 0 0 0 0 0 0 0 0 0 0 0 0.7955276037 0.7989148543 0.8026863046 0.6847242128 0.6830109093 0.6797670547 0.6875075985 0.8395772721 0.5657004554 0 0 0 0 0 0 0.8456371204 0.8466771301 0.6376655698 0.8479753762 0 0.5115119156 0 0.5459723679 0.7815322435 0.7196699227 0.5202583166 0.5178517728 0.5272645504 0.8822112255 0.7621931843 0.7013394918 0.545997836 0.7979880935 0.7821489263 0 0 0 0.5650883343 0.5723703144 0.5378602419 0.6273389765 0.7323438761
0 0 0 0.6441313728 0 0 0 0 0 0 0 0 0 0 0 0 0 0 0 0 0 0 0 0 0 0 0 0 0 0 0.5052849519 0.7948690962 0.8686500743 0.6832012062 0.6793054643 0.6824829029 0.6918127697 0 0.7643649299 0 0 0 0 0 0 0.8447240699 0.8485886204 0.7637869781 0.7632329129 0.5487784816 0.5190850064 0 0 0 0.7245758132 0.5213284454 0 0 0.7275628454 0.8437350091 0.8136035337 0.7750793545 0.7729026781 0.5557314806 0 0 0.5063212794 0.5683936377 0.5674725104 0.5675191461 0.5681001245 0.7590559447
0 0.5588974239 0.6525456564 0.6473894012 0.6362845345 0 0 0 0 0 0 0 0 0.718526953 0 0 0 0 0 0 0 0 0 0 0 0 0 0 0 0 0.7924833794 0.8589973842 0.7145657908 0.7144907817 0.7137818926 0.7185529921 0.6830155432 0.7376084216 0.5994689521 0.7634347757 0 0 0 0.5538385036 0 0 0.8498484914 0.7144136683 0.7558167142 0.787089634 0 0 0 0 0.6739345135 0.8141358431 0 0.6945414609 0.7743348092 0.7188971562 0.6702796171 0.7773888507 0.7780022884 0.7780799133 0 0.6707916091 0.5104441528 0.5665625204 0.5654077625 0.5610270428 0.5635170785 0.693158019
0.7294352796 0 0 0 0 0 0 0 0 0 0 0.5615428855 0.7198293958 0.6927440104 0.7226012807 0 0 0 0 0 0 0 0 0 0.5285418895 0 0 0.6316097918 0.643500634 0.6421911078 0 0.7984977894 0.7161442482 0.7109969652 0.7136673474 0.7207980752 0.724074846 0.7296421922 0.7693780357 0.8079920716 0.8030053011 0.8043556717 0.6335945303 0.5846959897 0.5815704595 0 0 0.7563647078 0 0 0.7557186674 0.5670857137 0 0 0.8935820192 0.8061740037 0 0.774020654 0.5883603985 0.7211214542 0.7268277083 0.7946201449 0.7853699448 0.7871726005 0.7832763659 0 0.6784021209 0.5682072177 0.5656724787 0.5668667032 0.5683374455 0.5721474696
0 0.7198951026 0.7492352793 0 0 0 0 0 0 0 0.5610361602 0 0.7246628552 0.7264811057 0.888704298 0 0 0 0 0 0 0 0 0 0.5782415866 0 0.7107995135 0.6383217783 0.7822016278 0 0.7197974726 0.8126045576 0.7176595973 0.7109891001 0.7189632738 0.7221127436 0.737733754 0.735923539 0.7243234818 0.8082609026 0.8007584791 0.8053555664 0 0 0.5772290486 0.8465780788 0 0 0 0 0 0 0 0 0.6246103372 0.6745191453 0.6691143457 0 0.8729866134 0.6875544811 0.8812498258 0.7937369095 0.7866622538 0.7946744653 0.7895872404 0.6808548378 0.8249921648 0.5719112402 0.5602853718 0.5624180484 0.8664498504 0.5735037223
0.7179207396 0.5539970552 0.7202997621 0 0 0 0 0 0 0 0 0.6831902648 0.7284338153 0.7252959526 0.8903033222 0.7922175491 0 0 0 0 0.8518272409 0.704197738 0 0 0 0.7078779655 0 0.7865584643 0.779329579 0.7826365181 0.8950004863 0.8945674713 0.8929895784 0.7167299749 0.7190390015 0 0.8832774093 0.6405752996 0.8476518696 0 0.801602032 0.8538955317 0 0 0.57897896 0.8393614337 0.8374412638 0 0 0 0 0 0 0.5759027704 0.8934128287 0.6724562976 0.5688056859 0 0.5673594224 0.5220274648 0.5422433344 0.8045107432 0.7955648344 0.5173671055 0.7997576807 0.7901900567 0.8789197983 0.8033129015 0.5619258974 0.5564232328 0.5663740319 0.813765238
0.7126469026 0.7178052411 0.7132166241 0 0 0 0 0 0 0 0 0.7966734749 0 0.8953294099 0 0.8470767248 0 0 0 0 0.8458551237 0.6899437368 0 0.5780271847 0 0 0 0.7729482779 0.6732904478 0.7811643589 0.7037194753 0.8859022517 0.6805045749 0.7653561621 0.7121817653 0.7248655492 0.7357240298 0.6692909911 0.6626269636 0.5212436021 0.5178494387 0.5231630028 0.5260900283 0 0 0.6717305357 0.8422498133 0.7828624369 0.774733253 0 0 0 0.6641846856 0 0 0 0.5720675039 0.5664508863 0 0.8498066894 0 0.7972455557 0 0.747049289 0.7475963243 0.6994399203 0.7823243499 0.5627241951 0.5596231672 0.5567615387 0.559573141 0.8041476098
0.7074762011 0.7114185907 0.7075132805 0.7173787918 0.6044237866 0.6917677359 0 0 0 0 0 0 0.7183480793 0.8154102655 0.8583719236 0.7863840245 0 0 0 0 0.5954388836 0.7055045407 0.6898069809 0.6892980791 0 0.7310570402 0.5955585077 0.59912888 0.5944650482 0.5927581348 0.7099266556 0.7031167277 0.7596857628 0.7024593335 0.7029534358 0.7258090092 0.6745360665 0.6606720613 0.6593399856 0.5227306787 0.5176565676 0.5161331645 0.5161861182 0.6148034127 0.8036341273 0.8973131508 0 0 0.7740816188 0.7761030898 0.5666626438 0.7834983431 0 0 0.6279302052 0.7050783009 0.8903662351 0.5740801447 0.5127463898 0.5143138941 0 0 0.7538244841 0.5446856382 0.540960076 0.539731908 0.7576725557 0.6230571006 0.6275134214 0.5672321768 0.7454542245 0.8011635128
0.7109423413 0.7055935708 0.71241648 0.7122853405 0 0.583386771 0.7115434237 0 0 0 0 0.7110209165 0.7127059655 0.7104859346 0.6355058972 0.7846650462 0.7799318119 0 0 0 0 0 0.6967733297 0 0 0.7006973179 0.5879864895 0.5921902754 0.5918766007 0.6005583347 0.7055905219 0.7055750394 0.6945016962 0.7041063275 0.722975659 0.7232885614 0.7182820678 0.6669943124 0.6609054995 0.5204898908 0.5203730122 0.517023476 0 0.8030654638 0.7993654291 0 0.693764757 0 0.7824715915 0.7741560249 0 0.5050605762 0.7219868577 0 0 0.6221071201 0.5531513411 0.6600887774 0.5118162954 0.5045967251 0 0 0 0.8723538391 0.535656479 0.5440111094 0.5963738386 0.7608049965 0.8860295303 0.7450519366 0.7448895769 0.7975257433
0.7170289746 0.7104095428 0.7129081258 0.7215862778 0.5806589079 0.7070933677 0 0 0 0.708750114 0.7087178679 0.7144752608 0.5886460635 0.7659759473 0.59467315 0.789756335 0.781048358 0 0 0.7860699484 0.7889069966 0 0.760630849 0.7671164324 0.7674393045 0.5926471789 0.5887153683 0.5837029397 0.5871019296 0.7027252599 0.6941274652 0.6911239206 0.6898578771 0.8930309085 0.892209313 0.7160983651 0.7197745513 0.7205351501 0 0.5125750343 0.5573485696 0.5218142761 0.9069232214 0.8071375989 0.7817600651 0.8055089331 0.6934724206 0 0 0.844281575 0 0 0.5168048651 0.5165499339 0.6953737729 0.7062923134 0.6696363898 0 0.5100815162 0 0 0 0.8697222642 0.8743680737 0.8753783741 0.8784529382 0.8871419111 0 0.8885276389 0.7479134747 0.8940754807 0.8008110965
0.8097100537 0.8117065037 0.5917492381 0.596651309 0.7128951556 0.7046202482 0.7045369564 0.7003446359 0 0.8104038345 0.8126779 0.8237166814 0.5872948095 0.5903440911 0.5921587756 0.6019410541 0.6147761251 0.8904436222 0.7904636745 0 0.7061723061 0 0 0.5832459505 0.5841577357 0.7646219061 0.5901903036 0.5874928022 0.5923237149 0.6947855505 0.6934758906 0.6880554512 0.8610437324 0.8831552587 0.7084448904 0.7225509492 0.7218342677 0.7216722605 0.5274528026 0.5585671316 0.900438309 0.8984868102 0.7835096035 0.9064657378 0.6927361414 0.6907397012 0.6004303699 0 0.7502061082 0.7652570182 0.7620964471 0 0 0.6701167715 0.5290452751 0.7043845079 0.6687662471 0 0.6671267596 0 0 0 0.8699995342 0.8668052989 0.871110501 0.8764664892 0.8865951085 0.8915230329 0.8941495538 0.6624609956 0.8945443343 0.8990463121
0.8038067848 0.8109148343 0.5877793281 0.5978009025 0.5952258395 0.7107264906 0.6989083299 0.6954283683 0.7043424884 0.8030735951 0.8124619074 0.8777288629 0.8671937984 0.5078035375 0.5090268166 0.5081190474 0.7721242383 0.8894548646 0.8794368154 0.7910234912 0.5863942482 0.5846214027 0.5806821517 0.5797013708 0.7676379641 0.7676647152 0.6988995319 0.6898190859 0.6573466161 0.6940417193 0.6912541265 0.6893455627 0.6894381248 0.8836834009 0.8875754189 0.8451894076 0.7342692734 0.7905659431 0.8575469857 0.8655438503 0.8953533909 0.8935453767 0.8978815243 0 0.7004850526 0.6627834695 0.6982188289 0.7217366554 0.7427916457 0.7954551308 0.741593127 0.7740701596 0 0 0.71350529 0.5175788277 0.7654365607 0.6648582428 0 0 0 0 0 0.8761727139 0.8757689306 0.8714168134 0.8134644047 0.654831865 0.8412994516 0 0.8027650761 0.827728497
0.8058430739 0.8058601846 0.8109388247 0.5903346637 0.5958855157 0.6772319906 0.7052772333 0 0 0.8118141076 0.8121978409 0.8719981031 0.870061167 0.8631861318 0 0.5054507951 0.5139186556 0.6063359823 0.8192424434 0.8226899457 0.847196478 0.5835964116 0.5834123183 0.5814206722 0.5815731884 0.6235326435 0.6961411494 0.8697617338 0.6911133694 0.6755569438 0.6959652452 0.692743888 0.6940159309 0.6935016137 0.6988411306 0.7017263773 0.5485110735 0.5442097642 0.5403785192 0.8671285598 0.8975319057 0.8922394326 0.8913636168 0 0 0.6932839352 0 0 0 0.7424439521 0.742170944 0 0 0.5149892855 0.5149361367 0.5226918138 0 0 0.8524485932 0 0 0 0 0.6399805881 0.8958215749 0.7489949343 0.6679172943 0.7159659163 0.6470268121 0.7153970749 0.8038083269 0.6181423347
0.8116297014 0.8132733385 0.7759632508 0.5940197888 0.7744615568 0.6022200773 0.8261866479 0.8128514116 0.8122342067 0.877878358 0.8789898157 0.7823578854 0.866593665 0.5136028659 0.5037935923 0.5122901963 0.513877219 0.8098276101 0.8099119201 0.7059291491 0.5812860125 0.5816508032 0.5868606728 0.5894608443 0.5233476153 0.5173823801 0.5126566834 0.6448755005 0.6126876023 0.6778246916 0.8691704329 0.8132635887 0.6951782143 0.696658905 0.6955122263 0.6779574342 0.7247181674 0.5391413616 0.720276981 0 0.7210504457 0.8965072133 0.8990392245 0.892840096 0.518177582 0.730652543 0 0 0.7366770349 0.7344371004 0.6330146612 0.8970888287 0 0.524134609 0.6630104014 0.5174473619 0.5272593773 0.8465634786 0.8430947236 0 0 0.6266596739 0.6340242356 0.6165305177 0.6594483218 0.6580730827 0.7115249344 0 0.7086474342 0.7116059475 0.7742635236 0.6587609693
0.7865050097 0.780105909 0.7758582801 0.773746236 0.8190209308 0.8135551165 0.8264089154 0.8214757444 0.8159847332 0.8351389049 0.7850691897 0.8348184224 0.6118888323 0.5049352647 0.5134539922 0.5051461325 0.5086896688 0.815762086 0.8072341071 0.8225425681 0.5840914559 0.5755890189 0.5820718273 0.5443092098 0.5383134794 0.8410115918 0.8567489252 0.7166240777 0.67599483 0.6805930746 0.6864395526 0.8740907679 0.6989868952 0.6988429002 0.7029420279 0.5157745174 0.7217798596 0.7168698114 0.7144156652 0.7182726244 0.7222017245 0.8997180634 0.9063822427 0.6324321874 0.7096716946 0.7798099485 0 0 0 0 0.741971964 0 0 0 0 0 0 0.8527644022 0 0.8488882221 0.7374406185 0.6276095044 0.6253938565 0.6347007712 0.6541928552 0.694646076 0.7156169762 0.7104223818 0.7190399492 0.7120905115 0.5071833004 0.6580905611
0.7861345625 0.7664958053 0.7708606205 0.7681834449 0.8132390629 0.6707694908 0.8215697599 0.5404732433 0.8282100514 0.5436936837 0.8307042873 0.6165957245 0.8297999762 0.6033280154 0.5962850209 0.604983093 0.568634233 0.867371452 0.8739609287 0.8061400436 0.5817829722 0.5870501739 0.5889366705 0.8431831396 0.6060463814 0.7621874705 0.8603764445 0.8547299831 0.8617969504 0.6863450002 0.6634913885 0.8260194799 0.5437578654 0.6989713535 0.6019092531 0.7920278207 0.725981259 0.7169086018 0.7106145456 0.7159100026 0.727050526 0.5673949671 0.9091367095 0.7085836085 0.716722668 0.7826898245 0 0 0 0 0 0.8607574389 0.6716251945 0 0 0.8546386464 0 0.8782126344 0.5246749014 0 0.7403636529 0.6278066299 0.625587778 0.5055401337 0.5607268791 0 0.7159773335 0 0 0 0.5161136365 0.6565871695
0.7972758564 0.7612667299 0.76121513 0.7621702072 0.5479993819 0.6167325596 0.66872474 0.5379459792 0.5389372679 0 0.8969353314 0.8276044912 0 0.6017531272 0.6045974393 0.6017180745 0.8667811034 0.86689438 0.8667696192 0.621700192 0.6175732138 0.7247126672 0.8985620555 0.5239784769 0.7634252071 0.7801761904 0.856656289 0.6534502938 0.645079591 0.6524935427 0.6521144431 0.6473925239 0.5452336743 0.5467230286 0.7852325068 0.5964973178 0.8608251303 0.7130308054 0.71730098 0.7198670209 0.5689049637 0.5697537491 0.5732875414 0.7143905888 0 0 0.530294911 0 0 0 0 0.6214604638 0 0 0 0 0.6761329956 0.7139862637 0.8265342961 0.548448025 0.8031748716 0.8057021351 0.5619729008 0.5537264044 0.5634743654 0.6177828607 0.6101511765 0.5567461855 0 0.7373777602 0 0.6655228749
0.8320126118 0.7360874119 0.7687642636 0 0 0.5380785016 0.5365166353 0.5398123264 0.5384407269 0.8979460657 0.8207304523 0.8209972425 0.8073892672 0.6125752234 0.8086903863 0.6139576006 0.7799392661 0.8596490219 0.8763619969 0.6268187615 0.6193477162 0.8772668641 0.5429950865 0.5151410681 0.5236547811 0.503639805 0.6627526276 0.6488102477 0.6448912049 0.6464407762 0.6445636184 0.6468110569 0.6560639196 0.6096695131 0.807174434 0.8468644955 0.6403132689 0.716106854 0.7144892682 0.8186426826 0.6940408957 0.6920747061 0.5737828707 0 0 0 0 0.6029411108 0 0 0 0.6131550265 0 0 0 0 0.5300584535 0.6864972059 0.7050229053 0 0.5408587428 0.8024392902 0.7963986284 0.740632745 0.5382955998 0.5385826931 0.5348927955 0.5520236965 0.555258444 0.5166693238 0.5430164971 0.6700084717
0.6438431616 0.8511738266 0.7966645259 0.7997235741 0 0.542950693 0.546534669 0.5422768224 0.8148363701 0.8117904008 0.8174327745 0.8192485665 0.8240453262 0.5305577496 0.6372514419 0.8884192817 0.6196318138 0.8648486923 0.5769821111 0.8584850783 0.8672995695 0.7277282517 0.7177849842 0.6276167056 0.5199821006 0.8740865597 0.8794294728 0.6423617455 0.646014932 0.6440887411 0.6463614817 0.6497982784 0.7223736141 0.6052946944 0.7517972715 0.8175800634 0.8416641594 0.7488023765 0.6880179604 0.6616663353 0.5317445139 0.6973218962 0.5758091449 0.6117910686 0.7842936821 0.6075925927 0.5918676335 0.5939733521 0.8986492541 0 0.7082954022 0.7052869243 0 0.7546748894 0 0.59987646 0.520439863 0.52868533 0 0 0.5670145504 0.8051742263 0.8506947783 0.6506168043 0.5317346459 0.5289034984 0.5321420899 0.8456889327 0 0.7439593739 0.8600746283 0.6683713855
0.6340686372 0 0.6182700345 0.6140995962 0.5457824556 0.5495817661 0.8302929085 0.8087081467 0.8112650978 0.8107802392 0.8106851201 0.8110317014 0.8154020017 0.82036621 0.5392655662 0.8332614795 0.534991342 0.8628282575 0.8577072786 0.8593894809 0.870435265 0.7271003773 0.7483182848 0.8832197301 0.8612347928 0.5116401566 0.8702270267 0.6987665334 0.7012224637 0.6902327939 0.6882664057 0 0 0 0.8366789348 0.8411185012 0.5950234758 0.5954372436 0.5998727672 0.8570594558 0.6289303469 0.6210022826 0.629007755 0.7174581624 0.617376937 0.6135283425 0.6171225705 0.6015940642 0.7574722818 0 0.7529231573 0.7612535214 0.7565859938 0.7533237789 0.7588039431 0.7603456572 0.528343956 0.6119793569 0.6790219198 0.6730441235 0.7135571071 0.8121761652 0.8140300289 0.5013727758 0.5331848824 0 0.534004989 0 0.7622626173 0.7644194369 0 0
0.6282089756 0.6264188764 0.6107577789 0.6189389327 0.6180233941 0.5205988644 0.830812598 0.8226113185 0.8075393897 0.8060178016 0.8113919893 0.8122596167 0.8142131039 0.5889310723 0.8236886105 0.7376561193 0.8654918396 0.8616612806 0.7236690397 0.8597865429 0.6395735007 0.6667029419 0.6580251234 0.6636441759 0.5741767734 0.5713618931 0.8594762157 0.896143368 0.6954839606 0.6922540917 0.6827006319 0 0 0.8334815878 0.833297131 0.6095604808 0.7779372771 0.5913320403 0.5917786163 0.8485389019 0.7919813407 0.6208358369 0.6219933675 0.6292437671 0 0.6058960664 0 0.6028643585 0.7562749486 0.7525968794 0 0.7609633675 0.7606598497 0.7558763026 0.7572719461 0 0 0.732788674 0.679781592 0 0.5083436634 0.7308079148 0.6626325173 0.5027544161 0.8336496158 0.8117988795 0 0.5394494879 0.7545802082 0 0 0
0.6196864789 0.6279080632 0.6319523561 0.6172938716 0.6327282319 0.8413576133 0.8968916321 0.812821659 0.8144709711 0.813943686 0.8085757816 0.8178988164 0.8157748757 0.8177195954 0.7327117691 0.8726280463 0.8639751826 0.8726885368 0.8697944813 0 0.7597256017 0.6363371136 0.5011658792 0.5820828742 0.5757276972 0.569830233 0.6325227749 0.6370651268 0.6944785591 0.6923447058 0 0 0.695826734 0.6942401597 0 0.8407834802 0.8156463108 0.8223596137 0.5872022608 0.6137930997 0.5710966042 0.7240018454 0.6301204097 0.6263802512 0.8009316525 0 0 0 0 0.7610951477 0.83548782 0.8313813744 0.825915348 0.7580856723 0.7618004796 0.54191225 0 0.7489503974 0.6836612213 0 0.7539620149 0.6687174625 0 0 0.502060934 0.8327524004 0.8332072626 0.7586926706 0.7600972034 0 0 0
