landscape/hab_quality/256/simulation_000020_p054_h031_HABMAT_patch_more_500pix_modified.asc_ac_0.5_quality.asc
NCOLS 513
NROWS 513
XLLCORNER 0
YLLCORNER 0
CELLSIZE 9.980507
NODATA_VALUE NaN
[rows 240 to 269 of 513, columns 272 to 339 of 513]
0.5902253423 0.6665643885 0.8348685031 0 0.5045208041 0.5097230192 0.8648083479 0.8622581291 0.8067971824 0 0 0 0.8937128037 0.5005176831 0.783348279 0.7789224246 0 0 0 0.5115999376 0.5149649727 0.6023865461 0.7921571676 0.5631278509 0.7894473747 0 0 0 0 0 0 0 0 0 0 0 0.8902197983 0 0 0.5845158457 0 0.8675432966 0.7153977699 0.714143429 0.7154907073 0.7253992073 0.7264819343 0.7818242847 0.8808155871 0.6425140715 0.7328306122 0.619876018 0.6163155821 0.6146312803 0.6063667582 0.613657848 0.695704088 0.6956360784 0.7019053476 0.7080126368 0.7001042614 0.6901922368 0.6668315601 0.6104445604 0.5843718161 0.5535268114 0.6121143088 0.6109542528
0.5473940404 0.8239056809 0.668598778 0.8269800316 0.8043761826 0.8686476114 0.8616079506 0.8579571703 0.8632417832 0.7216053388 0.6813930482 0 0 0.7841132504 0.791796274 0 0 0 0.5185639288 0.5188327929 0.5140131629 0.6393691094 0.615437231 0.8261050833 0 0 0 0 0 0 0 0 0 0 0 0 0 0 0 0 0.577521281 0.7235553558 0.7264201987 0.7167748189 0.7235006463 0.8010022379 0.8032503842 0.7822123792 0.8080850931 0.8147057724 0.7675942075 0.630320322 0.6190370911 0.6155448181 0 0.7007091408 0.6970357421 0.6929241058 0.7004917412 0.7074154588 0.7113709715 0.5835932915 0.6977327266 0.7451515576 0.6087391801 0.606495983 0.6022712812 0.602394644
0.7180944378 0.8531725772 0.6349345303 0.8254727649 0.6335574234 0.6361084723 0.6367787214 0.8644386077 0 0 0 0 0 0.7867501974 0.6115192737 0 0 0.6532342093 0.6479344294 0.5582537882 0.8420354469 0.6304408579 0.6661448459 0.8472351096 0 0 0 0.6286082797 0 0 0 0 0 0 0 0.7509979884 0 0 0 0.5841528709 0.5840981998 0.5832465896 0.7200289873 0.79654034 0.7215585565 0.7980479756 0.7940327465 0.8006560834 0.8093371764 0.8134271723 0.6489332193 0.5640088401 0.6204272202 0.6199950615 0.6188253375 0.6126341411 0.702866658 0.6963304755 0.6961611278 0.581635841 0.5831672835 0.583350249 0.6242205987 0.6150874158 0.6097581685 0.6015524904 0.5990163491 0.6014343807
0.7152257444 0.7168417451 0.6257736362 0.6269824818 0.6700493788 0.6321328314 0.6157739537 0.6357905376 0.8741893378 0 0 0 0.6024460997 0 0.6656094914 0.6587628341 0 0.6451154614 0.6451911309 0.6510600637 0.5350007153 0.8369358644 0.8413876284 0 0.8444472369 0 0.8414879953 0.7379151992 0 0 0 0 0 0 0 0.823625084 0 0 0.8123999798 0 0.8838031946 0.6624315718 0.6640664065 0.8127027826 0.8080814714 0.8019588523 0.8016266696 0.8003803462 0 0.5768787816 0.6412858604 0.5622562429 0.5586591853 0.5558895883 0.7867865128 0.5559750954 0 0.7017652945 0.7060811483 0.5867688922 0.5808871529 0.5874762447 0.6152844054 0.622749786 0.6040765206 0.6077974629 0.6072750528 0.6015774803
0.7620561342 0 0.6314554851 0.6232016359 0.622970164 0.6241031259 0.6344693622 0.6352720711 0.5422492056 0 0 0.57932353 0.8203909629 0.8113154278 0.6587409921 0.6558295011 0.6506558076 0.6509165027 0.6455015021 0.7171409128 0.7199607258 0.8317874145 0.8384274301 0 0.8439749584 0.8392053561 0.8421326164 0 0 0 0 0 0 0 0 0.8225436997 0.817163178 0.8111427178 0 0 0.6591751298 0.6660182159 0.6649851439 0.8118979359 0.8067155304 0 0.8041925895 0 0.57455959 0.5728168692 0.5749289486 0.5834045008 0.5582722526 0.5557006046 0.55221253 0.5581245157 0.5296810455 0.5364429792 0.5666756758 0.5833642539 0.5870736264 0.5862804338 0.919870836 0.615698332 0.613582063 0.6143132817 0.5025498647 0.8443050988
0.8313821019 0.8381303211 0.627758251 0.628256668 0.8676717306 0.6269505791 0.6309204341 0.6422607759 0.5539186514 0.5431994489 0.5423810701 0.5497332657 0.6068334222 0.8107726216 0.6576705221 0.6555338208 0.6588749662 0.7789471226 0.7806981909 0.7107072694 0.8298197928 0.8370776306 0.8350363447 0.6832369577 0.8394295153 0 0 0 0 0 0 0 0 0 0 0 0.8197543466 0 0 0.6658938829 0.8917074412 0.6598042258 0.6655201879 0.6635630724 0.8185165705 0.809342473 0.8041971507 0.5777167187 0.5716298509 0.5704110144 0.5738324042 0.5798900344 0.5978324066 0.5588743081 0.5575408406 0.89314195 0.5619752082 0.9199163045 0.9183110481 0.6486956785 0.9190134716 0.5176781745 0.9147729041 0.622624082 0.6200161987 0.6191464683 0.5807868668 0.8924623591
0.8305153915 0.839341027 0.647906385 0 0 0.626962344 0.6355995111 0.5493557844 0.55528285 0.5484199436 0.5414883305 0.5473155075 0.6034056244 0.8117043482 0.8047181177 0 0.7868876783 0.8557695584 0.7810411822 0 0.7206002022 0 0.830657597 0.6917714841 0.6825317466 0 0 0 0 0 0 0 0 0 0.855956771 0.8008417588 0.7761739526 0.893586204 0.5214304389 0.5242208614 0.5878525366 0.693431286 0.6611945118 0.6661596717 0 0.8164767229 0.8392331315 0 0.5802774969 0.5751697263 0.5718267136 0.574687873 0.5884488652 0.5882783181 0.5976331409 0.5613056684 0.6999450336 0.7446298734 0.9137806549 0.9106253427 0.9055121513 0.9138181647 0.917974993 0.8314430032 0.8399349317 0.5811959426 0.5767059604 0.5771896814
0.7476444335 0.8320873977 0.6381788014 0.8702504637 0.8777978664 0.873776664 0 0.8314121841 0.5962515923 0.5495024544 0.5428634171 0.5521567604 0.6752606987 0.5995490091 0 0.8053012032 0 0.7819123263 0.8739546933 0.5810691408 0 0.5836938896 0.5221407514 0.8247974963 0.6857281014 0.8487004328 0 0 0 0 0 0 0 0 0.8218096689 0 0.5010220328 0.7696047353 0.8053765683 0.8003138916 0.5926908514 0.5976891841 0.8931589256 0.6646879869 0.8150671746 0.8167178822 0.8233109746 0.7962903239 0.7881070657 0.7763295408 0.7008202594 0.5011938445 0.7750164131 0.6491453781 0.6433887329 0.8650358514 0.85014789 0.8506146574 0 0.8993805926 0.904708871 0.8371866827 0.8293312413 0.8355756828 0.838420282 0.5672256561 0.5711107801 0.5677134525
0.836078487 0.6397604795 0.6465487448 0.8779678169 0.8687853045 0.8732336398 0.885043437 0.8848749556 0.7360203347 0.7343300256 0.7266447982 0.6700053897 0.7198876302 0.8711972088 0.8761848607 0.7859127499 0.8930189958 0.8920376247 0.830726222 0.5845055398 0.578127577 0.5791845303 0.5240616934 0.8308163547 0.5898979545 0.5667783811 0.5628508411 0.8223881052 0 0 0 0 0 0 0 0.7694065681 0.7597767406 0.6607092913 0 0.6892583807 0.8025504496 0.7617264257 0.5335351782 0 0 0 0.795681211 0.7929338466 0.8699760932 0.7840133334 0.7740654305 0.7695157697 0.7701618972 0.6448699608 0.6403019992 0.7958192694 0.8467710281 0.9036870325 0.9064623784 0.9038246153 0.8970029785 0.8220278528 0.8280737562 0.838051784 0.6770318404 0.5680518955 0.5645414936 0.5706738601
0.656119587 0.7929872034 0.6490682949 0.8727352184 0.872813996 0.8770812626 0.8837628925 0.7317046087 0.7323154918 0.7313285862 0 0.7188683278 0.7186121594 0.7279149665 0.7162607422 0.8884175084 0.8854525621 0.8921026379 0.8917684992 0.6775664941 0 0 0 0 0 0.5596665267 0.8174204783 0.5960441152 0 0 0 0 0 0 0 0.5385086947 0.6840351217 0.6277024671 0.8407207669 0.8452068854 0.5977117243 0.6464794292 0.5267332452 0.5316424143 0.5331643892 0.5398856135 0.8775776653 0.7193123254 0.6108868385 0.779571917 0.7066611197 0.8761078888 0.7759737362 0.6467385358 0.64006542 0.7899666462 0.532472618 0.9026677646 0.8986792089 0.8984857822 0 0.8183384452 0.824922934 0.6768133298 0.6773906178 0.5728667405 0.5697466618 0.5665587881
0.6410324171 0.6536482205 0.6496234023 0 0.8836737021 0.8863487882 0.8858937648 0.8892389117 0.7029094694 0.735794866 0.727955684 0.7181684328 0.7236872777 0.7156698429 0.5484232531 0.8886996268 0.8875333604 0.8833815556 0.6902484756 0.5603911497 0.5612057107 0.5328002549 0.5209816755 0.5209109782 0.7928124535 0.7976678806 0 0.7721654159 0 0 0 0 0 0 0 0.5299827647 0 0.8470524858 0.8417567471 0 0 0.5937705252 0.5945575291 0.5250252671 0.5272088552 0.6844917366 0.6895712863 0.7125930081 0.6090414795 0.6056068004 0.6036537384 0.6094340562 0.6041156283 0.6498772864 0.6351716799 0.6338663421 0.7809955556 0.8995898767 0.9067158133 0.9039477216 0.8215960139 0.8239000895 0.5930028776 0.5989384376 0.5970248097 0.562145375 0.5582799954 0.5515602859
0.794602809 0.6439511585 0.6432876984 0.8409674181 0.6117906917 0.8932290227 0.8932014673 0.7150762252 0.7442379977 0.735259223 0.7277247063 0.7269580531 0.7267974213 0.7281329448 0.642116269 0.783119628 0.8897399557 0.5603959563 0.5611864111 0.5569007395 0.5581846944 0.5332127567 0.526651401 0.529489875 0 0 0.8035243464 0 0 0 0 0 0 0 0 0 0 0 0 0.8416335424 0.5968126238 0.5856379536 0.5851283367 0.58711583 0.5319261377 0.8691393681 0.6802022614 0.6769427884 0.6089913311 0.6014779894 0.5998531724 0.6012118362 0.6082631632 0.7162070565 0.6393877097 0.7823446248 0.7842899053 0.7870113498 0.9085184146 0.9083801049 0.9131265899 0.5984156181 0.5958281874 0.5920177306 0.6018892214 0.5729398671 0.5578667676 0.5560278423
0.6400343949 0.637694885 0.6400152254 0.6126917803 0.6165757751 0.6150739309 0.5771225613 0.9046638657 0.7448690171 0.7431279052 0.562136531 0.5570798631 0.5604260478 0.5631002127 0.7288477683 0.5735983172 0.8445112254 0.5649596626 0.5560531367 0.5599767926 0.8067700247 0.5572536756 0.5593466682 0.5303616953 0.5378882653 0 0.6967718369 0 0 0 0 0 0 0 0 0 0 0 0 0 0.8361867038 0.5942898828 0.5856200788 0.7394929742 0.791519617 0.7424590508 0.8042172461 0.6181945628 0.6025119618 0.6052589948 0.5981280057 0.5979909681 0.592991064 0.5960145702 0.6099443032 0.6112297003 0.7106661806 0.6807031055 0.7031287843 0.6002860773 0.6847020719 0.6033834965 0.5967676984 0.5936057336 0.5928362004 0.5940222598 0.5600799752 0.5529968586
0.6302864202 0.6400333789 0.6415185242 0.7670708018 0.5411759327 0.6853026317 0.6180478894 0.9053768576 0.8987657325 0.9013894226 0.9069531599 0.5569502078 0.5542341655 0.558864961 0.5788556889 0.5695080068 0.5652082241 0.5554892724 0.5561683174 0.5597756901 0.5544248707 0.5496742193 0.5581518835 0.5602317774 0 0.6943839252 0.7003614731 0 0 0 0 0 0 0 0 0 0 0 0 0 0.6028921857 0.5953337195 0.5989059523 0.5993985807 0.63370947 0.8813735564 0.8292229077 0.8110327453 0.6142246216 0.5983830699 0.6031122981 0.5957035245 0.5920312756 0.5977211103 0.6046173512 0.769603026 0.6430589011 0.6746412402 0.6758743239 0.6765081204 0.6764850327 0.6044012566 0.5992741391 0.5962306597 0.6496681957 0.643399491 0.6446517297 0.6447691832
0.6306634682 0.6362053366 0.5348592516 0.5274538237 0.5349966017 0.5294446343 0.653299634 0.807912635 0.9006327121 0.8977335542 0.9030949552 0.5570393949 0.5565012534 0.5574008362 0.884254981 0.5698681414 0.5638719982 0.5602626691 0.5627864906 0.5249677787 0.5215097083 0.5553450853 0.5509109674 0.7638795527 0.7149577896 0.7018518484 0.6937187952 0 0 0 0 0 0 0 0 0 0 0 0.6797080126 0 0 0 0.6012824406 0.6086955963 0.8077116895 0.5284973848 0.5059189519 0.5666188007 0.6385607924 0.6065631042 0.6055278634 0.5974857695 0.6001884924 0.5971065334 0.6051997152 0.60969293 0.6333885341 0.8152839395 0.6697213903 0.6695117584 0.6772706136 0.6781427688 0.598515762 0.6007027454 0.6451237385 0.6450743119 0.6381326662 0.639593342
0.6400037933 0.6338875283 0.5378494285 0.5281880899 0.5264561669 0.5328885578 0.5362778399 0.6501531146 0.9049709164 0.9014380959 0.6932254004 0.5588380177 0.5579784934 0.611804589 0.5768883881 0.7424436093 0.7391850261 0.5161160441 0.5130685553 0.5162946108 0.5203885219 0.5289397896 0.5292329289 0.6661462028 0 0 0 0 0 0 0 0 0 0 0 0 0 0 0 0.7205543855 0.7190543055 0 0.8128245248 0.7506866022 0.8101716867 0.8027568357 0.7126891441 0.5107044712 0.6303899758 0.6310612494 0.6043828972 0.6031142929 0.6024907692 0.5985013161 0.5977279969 0.6787253752 0.6774280635 0.6747744755 0.6677740644 0.6708378739 0.6751873496 0.6801174178 0.6281818983 0.8731991783 0.648656833 0 0 0.6451523819
0.5959894891 0.5469426386 0.537271637 0.5303525582 0.532179737 0.5343037347 0.5357823061 0.907523549 0.636826619 0.9022808552 0.6120777501 0.7779074916 0.561921018 0.7755083121 0.8592574687 0.7395112103 0.7458647951 0.5221280155 0.5156873492 0.5129428291 0.5175244834 0.7946151347 0.5352033474 0.5364187793 0.5846791614 0 0 0 0 0 0 0 0 0 0 0 0 0 0 0.7226652261 0.728507793 0.7232859502 0.6215606651 0.677569383 0.8060030251 0.8030472929 0.7981115241 0.7853576778 0.6243451569 0.7864708354 0.7394929419 0.6138207642 0.5904179746 0.6002026212 0.6059980687 0.6806802396 0.6774611415 0.6685447388 0.6715095443 0.6715012212 0.6735448155 0.6792848636 0.6809293985 0.9066427002 0.9089832454 0 0 0.6534752572
0.5920856347 0.5853069939 0.5932619313 0.5469274049 0.5362351054 0.5344498792 0.5395361813 0.5704883277 0.5775091945 0.5653258644 0.5728948412 0.5713968628 0.7321783004 0.5402051318 0.8535658642 0.8556566562 0.8535193265 0.5164538406 0.5175799157 0.5184243956 0.5192851719 0.5232535561 0.7973625261 0.5365371036 0.8015718454 0 0 0 0 0 0 0 0 0 0 0 0 0 0 0.7606900706 0.5490794663 0.7376528223 0.6295707448 0.6857686254 0.7429928904 0.8043196701 0.7975038406 0.7882065736 0.784125666 0.7303255397 0.7378380665 0.5876928396 0.5973960965 0.6090792702 0.6859692518 0.6842846177 0.8149450373 0.6823318145 0.6735602142 0.6765863395 0.6752346367 0.6778444062 0.7207287609 0.9012438628 0.9024531651 0 0 0.6606037171
0.5909974988 0.5840826954 0.5877037162 0.5961492326 0.7930970985 0.5818589258 0.655423534 0.5704682589 0.5675183998 0.5725012374 0.5639420245 0.5667419429 0.5695164705 0.8623219713 0.8612029534 0.8525809509 0.8585373717 0.857090064 0.5251870542 0.5220639525 0.5273466495 0.5261819989 0.8591748243 0.8621887651 0 0 0.7918636269 0 0 0 0 0 0 0.5381010557 0 0 0 0 0 0 0 0.5555172277 0.7700766758 0.5273321289 0 0.6712858954 0.7942518769 0.7902864326 0.7922405238 0.7922025119 0.7400360834 0.7387174821 0.6027141729 0.6315710332 0.6781744361 0 0.6778517063 0 0 0 0.6800000142 0.6793508859 0.5099114179 0.895078155 0 0 0 0.664637376
0.5913591691 0.5835712876 0.5934921019 0.5946180826 0.8021201091 0.8007992092 0.5635040446 0.560491285 0.5605507338 0.5636138904 0.5651938909 0.5665848347 0.5669136026 0.6830070286 0.8564239284 0.8769297065 0.8543536083 0.766702354 0.5238530909 0.5269561274 0.5279508174 0.8647646449 0.8572714187 0.865824455 0 0 0 0.8147725766 0 0 0 0 0 0 0.5550446775 0 0 0 0 0 0 0 0.7673430276 0.7688587478 0.8946802874 0.5702718718 0.7795941659 0.7805831789 0.7764679395 0.7876095223 0.8704900583 0.7463830573 0.7286474117 0.7909522875 0.7857942874 0 0 0 0.778486286 0.7831825341 0 0 0.9030981465 0.9031661065 0 0 0.7163502436 0.7259125137
0.5874754887 0.5868213073 0.5913487259 0.5998810677 0.8101059979 0.8026213427 0.5598830911 0.5550520211 0.5538532788 0.5534124071 0.5668669102 0.5723432924 0.7724117027 0.8598385779 0.5634831922 0.6881260329 0.7648432967 0.6895748365 0.5350589346 0.5274098609 0.5272182863 0.8635343906 0.8625507081 0.6944473549 0.7557931332 0 0.807451194 0.8081470749 0 0 0 0 0 0 0.5523004673 0 0 0 0 0 0 0.748730136 0.7683457642 0.7080403228 0.8317575735 0.7974227295 0.7765553212 0.7738012662 0.7817604845 0.7833321366 0.7916085492 0.5882909099 0.7209957927 0.7955706893 0.7889127173 0.7796676224 0.7765137582 0.7784355896 0.7804208792 0.7896213253 0.8116333281 0.7222484303 0 0.5760562159 0 0.8457749611 0.6006295204 0.8536426212
0.7166185389 0.6009095991 0.5944459246 0.6632897623 0.8036870561 0.8057998441 0.5625547035 0.5465908786 0.5456442997 0.5465771383 0.5477315566 0.5921570173 0.5423356357 0.5002643913 0.7746246932 0.7614363543 0.8569760532 0.7352644184 0.7481513809 0.8797794101 0.6798716793 0.6249905993 0.6373623083 0.7531499473 0 0 0 0.8039814277 0.799768199 0.5033983597 0.5978250587 0.6340952084 0 0 0.5611745185 0.5544818011 0.5144059784 0.7456231105 0.6587941398 0 0 0.6513329519 0.7711422202 0.7818208076 0.8263957239 0.8263900037 0.7689206527 0.7745446859 0.7786807055 0.7853451923 0 0.7936577954 0 0 0 0.7831754819 0 0 0.7834110688 0.7882921236 0.7923214646 0.7604292117 0.8173129601 0 0.6014522079 0.5996071358 0.6006199731 0.7159874017
0.539745424 0.8231267013 0.762508411 0.7722065144 0.6900496826 0.7609492386 0.5148775532 0.5474906133 0.5442994716 0.5413900002 0.5424714274 0.8428963682 0.8425770195 0.8379062441 0.7567283842 0.7622396736 0.7357709906 0.7269534932 0.5448404241 0.7207450966 0.7384921314 0.6344853574 0.6133543361 0.6338805391 0 0 0 0.7964654706 0.7957715678 0.7953232995 0.7988486077 0.8040825033 0.8088174709 0 0.6224072963 0.5235169484 0.6350075237 0.6546305845 0.806430979 0.7394632349 0.6519730485 0.6446860552 0.6438534934 0.7596769264 0 0.7699732433 0.7724509031 0.7708452302 0.7714099693 0.6829652065 0.6033311862 0.6081665704 0 0 0 0 0 0 0 0.6044942347 0.5018746184 0.6854505126 0.6918239832 0.5834328017 0 0.5934003897 0.5985878363 0.67248174
0.8166548025 0.8175909254 0.827838485 0.7681804933 0.6902883045 0.6807776234 0.5597492609 0.5923473777 0.5507596002 0.5452024217 0.5489696823 0.8775222639 0.8338115146 0.8342436473 0.5276983691 0.5784964409 0.5783166141 0.7284503097 0.7341536973 0.6456256121 0.6307657851 0.6320915688 0.631591345 0.6390529632 0.6462465918 0 0 0.7946474525 0.7901671388 0.7934764482 0.7495886391 0 0.6100932886 0.6889101746 0.8347906889 0.6863660402 0.5317351717 0 0.5220448945 0.758534422 0.5660408681 0.6539855176 0.648228922 0.5252416296 0.790655975 0.7806793772 0.778691495 0.7729662371 0.7778572579 0.7802171366 0.7852966973 0.7136254297 0 0 0 0 0.7960339845 0.599599727 0.5992447857 0.593355575 0.5985142048 0.5962973998 0.5801424355 0.7681400548 0.6742231939 0.6578351153 0.6637753456 0.556465444
0.8177986633 0.8180371786 0.8207082423 0.5897473779 0.5478575543 0.5469259035 0.5602508365 0.5564167069 0.5585982208 0.5526073774 0.6634542169 0.8281252804 0.8294486251 0.6085707736 0.8389792722 0.8583351633 0.8672245538 0.5483749935 0.5654795994 0.6455404584 0.6392348569 0.6268808756 0.633136863 0.6384872806 0.5929267907 0.7223935426 0 0 0 0.7979602935 0.8613754132 0 0.6784751857 0.688223164 0.6861860459 0.6800340379 0 0.8184641404 0.8178240996 0.564850746 0.5691054142 0.7022506474 0.7697396427 0.6598598564 0.8793861962 0.7813554982 0.7838090123 0.7826184978 0.7812333338 0.781607633 0.7750040034 0.7000334609 0.7196323135 0.6888866177 0.5327179231 0.5249300012 0 0 0.6047409703 0.5952838213 0.5901814213 0.7720247898 0.7725369 0.6682479735 0.6678071607 0.664477311 0.6556933104 0.6633848999
0.8185197759 0.8181804139 0.6049525596 0.555048073 0.5507918169 0.5433034606 0.5567697187 0.5641789988 0.5575278832 0.5269270246 0.8311379936 0.8325379697 0.831056747 0.8310646741 0.6360170739 0.645399366 0.6454411979 0.6482251491 0.881090859 0.6395015834 0.6293772427 0.6332653881 0.6328296658 0.7798192666 0.71608649 0.7183861129 0 0 0.7592409885 0 0.8623579835 0 0 0.6783309517 0.677048887 0.6721126865 0.673066257 0.6773708752 0.5173337458 0.6592085294 0.762568934 0.6496491753 0.6400074144 0.8848734303 0.8764934095 0.5215000814 0.5819985674 0.5270516256 0.5215720609 0.5665492868 0.6946497991 0.6898927057 0.7169214734 0.7378041821 0 0 0 0 0.5960840428 0.5908836595 0.5984285868 0.5938687687 0.6683853869 0 0.6692321438 0.6608719402 0.6655437898 0
0.6082409099 0.8302647287 0.8220507414 0.5926075863 0.7503550229 0.7996604751 0.7951357644 0.7983775709 0.5680628397 0.6309056171 0.637937388 0 0.8317605009 0.8405574048 0.847811242 0.734682741 0.5774202603 0.8804625253 0.568324296 0.7399437019 0.7438164975 0.6387231808 0.638731547 0.7658434273 0.7243100587 0.7182978171 0.7250465062 0.5842878521 0 0 0.7687689697 0.8655861812 0 0.6750683283 0.6701657935 0 0 0.7063701797 0.7063207234 0.7865863385 0 0.8947947324 0.7901654443 0.8773397353 0.5886793269 0.6081864173 0.669135019 0.5265320959 0.5210254891 0.5309664622 0.6873785847 0.6951911703 0 0 0.8778202064 0.5962557175 0 0 0 0.6843682344 0.6718926699 0.6655981679 0.6673372357 0.6582927913 0.6616874584 0.6696742087 0.6706911898 0.6703837632
0.6112364645 0.7447879331 0.8211964876 0.7450016648 0.7452640898 0.8210108148 0.8964624319 0.803287794 0 0.6329906453 0.6290483454 0.5248977699 0.8482305013 0.8434660152 0.7242844437 0.5736812221 0.835564801 0 0.8846696582 0.7363072105 0.7358481963 0.7343499152 0.5624093531 0.5611179985 0.5620533302 0 0.5769966985 0.5787499419 0.5848037751 0 0 0 0 0 0 0.6756711438 0 0.7021572533 0.7095729084 0 0 0.7230289726 0.8774121662 0.8925793113 0.8347223227 0 0 0.5301977229 0.7308891092 0.7373819468 0.7309425971 0 0 0.5778283765 0.8127858062 0 0.6772744962 0.6982048552 0.6773750975 0.8203163944 0.8091173932 0 0.8105046475 0.5820468838 0.6835449351 0.692973357 0.8432577937 0.8462167843
0.6133273712 0.772647005 0.7442780144 0.7454717756 0 0.8814063513 0.8011636261 0.5746473161 0.5763073339 0.8696627506 0.6240359072 0.6244274264 0.5324006207 0.8276252821 0.8603133692 0.7669171574 0.5737333683 0.7649769401 0 0.7301728312 0.7290414168 0.7295658846 0.8323223592 0.5547134275 0.5576587665 0.5677393969 0.5678483483 0.5199289807 0.757012927 0.7495695726 0.6984873793 0.731265568 0.8157445683 0 0.6096822893 0.6044597554 0.7086147086 0.7063576016 0.7002332134 0.7071501847 0.7110298589 0.7160189926 0.8885246402 0.8887274817 0 0 0 0.7513147004 0.732390198 0.7292868771 0.7334638247 0.7366667452 0 0.5125446212 0 0.8082571385 0.6671255242 0.7395898275 0.7353780355 0.8370940359 0.8118528841 0.8072362579 0.8073612642 0.6867828637 0.6898335218 0.6864072132 0.8486986336 0.8407439588
0.6595137283 0 0.787379615 0 0.5459144714 0 0 0 0.5719672901 0.570891137 0.6283784081 0.8391059796 0 0.5613993319 0.5659960358 0.5653468543 0.5741187125 0.8490999938 0.6175869951 0.7331104723 0.7303219527 0.7316397167 0.8574366472 0.5579503734 0.5639294741 0.5775914286 0.5585730022 0.7518699471 0.7473727644 0.7546343248 0.7572586296 0.8344787327 0.7764210149 0.6047333408 0.5996839243 0 0.535760253 0.7064825437 0.7045877388 0.7046535535 0.5030952845 0.710659745 0.7116912652 0.7432414438 0.7019417512 0 0.7320496592 0.7305977925 0.7274945771 0.725972297 0.7321657436 0 0 0 0.81269861 0.8806565034 0.7321879702 0.7312720513 0.7379018481 0.824618487 0.7040939147 0.8119314775 0.5250905162 0.8163700372 0.6900644285 0.6947876854 0.847932201 0.8414150871
