landscape/hab_quality/256/simulation_000020_p054_h031_HABMAT_patch_more_500pix_modified.asc_ac_0.5_quality.asc
NCOLS 513
NROWS 513
XLLCORNER 0
YLLCORNER 0
CELLSIZE 9.980507
NODATA_VALUE NaN
[rows 480 to 509 of 513, columns 0 to 67 of 513]
0 0 0 0 0.709294647 0.7179121997 0.8969251448 0.6569328583 0 0 0 0 0 0 0 0 0 0 0.528842597 0 0.5382874649 0.5537471167 0.545882686 0.5513695953 0.5581105793 0 0.5756356606 0.6061913607 0.6061643234 0.6006588906 0.6694040158 0.6667075109 0.6818935937 0.7447555638 0.6991757042 0.8196283137 0.7952472716 0.5044223739 0 0.7009949936 0 0.8999436924 0 0 0 0.8381635568 0 0.8772537086 0.5078369005 0 0.7653322337 0 0 0 0.766555313 0.762002421 0 0.652844306 0 0 0.5827740251 0.5826779522 0.8540945811 0.8589029893 0.7930203296 0.6724360583 0.7816535816 0.782675155
0 0 0 0.8740050788 0.719246264 0.7141415307 0.727075416 0 0 0 0 0 0.7511076758 0.5996771653 0.8818135099 0.6615036435 0 0 0.6420872602 0.5431027809 0.6684255723 0.6711484304 0 0.5518919863 0.5609606008 0.5697013296 0.5764076876 0.6159349052 0.6085686902 0.7220164319 0.6069626587 0.6851136323 0.7663131203 0.773694004 0.6931334772 0.8205485812 0.8411469743 0.5571521286 0 0 0 0 0 0 0 0 0 0.7832504105 0.8869705325 0.8749888064 0.851400115 0 0 0.6046712805 0.5677042208 0.6346034498 0 0.648390637 0.6562263275 0.5214661153 0.591802503 0.6698435688 0.6700273917 0.6719540565 0 0.6450423784 0.7820407641 0.7770203518
0 0 0 0.8553052139 0.8528294967 0.8197399249 0.5244560775 0.7125858312 0 0 0 0 0.7130842291 0.8727664637 0.8784725672 0.5515650497 0.6597854679 0.6581346129 0.5006161865 0.6716916524 0.57790394 0.5541957827 0.5618366139 0.5582584731 0.5566614322 0.6110329632 0.7352688542 0.8198854143 0.6874410712 0.8499935974 0.8649364046 0.6264199735 0.7470321541 0.7652858695 0.7736214765 0.6961149512 0.7420377289 0.7450824853 0.5777624342 0 0 0 0 0 0 0 0 0.8782411012 0 0 0 0 0 0.5505903044 0.6394162487 0.6440741247 0.7353180454 0.7462493776 0.649598216 0.8823738867 0 0.6623261407 0.6640585588 0.6662446998 0.6672524193 0 0.7851242462 0.7866393901
0 0 0.8538027429 0.8483000803 0.556087303 0.5078418512 0.8173436872 0 0.7850407884 0.8186421664 0.7945506396 0.7165533742 0.7189326101 0.8817803763 0.8992897721 0.8143023704 0.6654451112 0.7504271226 0 0 0.5580660386 0 0.8471982029 0.6055910296 0.6147621213 0.7513688439 0.5336759685 0.655849819 0.6465352575 0.6420691116 0.8589536791 0.7096498743 0.7784689426 0.7125754375 0.7681823568 0.5300457791 0.7406665966 0.848319658 0.7943773267 0.5382868339 0.6649169357 0 0 0 0 0 0 0 0 0 0 0 0.5427769982 0.831060759 0.8351417624 0.5722164148 0.8215379688 0.5248984243 0 0.8977176342 0.8585001369 0.669722076 0.6605579292 0.6633492977 0.7578773765 0.6783713496 0 0.6383477525
0 0.84660004 0.8457258254 0.8554299152 0.604123477 0.5526682125 0 0.8136806439 0.8149885206 0.818760736 0.827748595 0.7185859061 0.5765710501 0.8114619671 0.8092285695 0.7822716569 0.891319905 0.637145163 0 0 0.8805729461 0 0.5373439074 0.886031913 0.7373586384 0.5403328163 0.532121264 0.8295824082 0.8322210412 0.8327042392 0.6956896728 0.8613982492 0.7511672184 0.7626158278 0.7534839096 0.7575262822 0.7478876946 0.7454935708 0.5525905565 0.5880508344 0.5749710833 0.5392535846 0 0 0.8697364986 0.8617843443 0 0 0 0 0 0 0 0.6076043959 0 0.6667758173 0.6667659929 0.7667576739 0.7640954092 0.7714760138 0.8978524367 0.6660184753 0.6697004945 0.6633607838 0.6711951808 0.6715343616 0.6841234677 0.554369245
0 0.662158402 0 0.8499304972 0.6630043413 0.6050770265 0 0 0 0 0 0 0.8159359499 0.8082942665 0.8584391556 0.7197389789 0.716885531 0.7183126017 0.7114435621 0.6441866471 0.6442236441 0.6434561986 0.816955562 0.5923498249 0.6343607473 0.6394030241 0.5315295778 0.5989676181 0.8244084969 0.8263237154 0.8312733469 0.6739647554 0.7490182594 0.6307689642 0.7529903546 0.6276740571 0.7715153923 0.7714333542 0.8680914945 0.7824521404 0 0.8619119725 0 0 0.7839641346 0.8651100621 0 0 0 0 0.6758606094 0.6759095466 0.7183439365 0.6148381007 0.6067721563 0.6623908177 0.6690913225 0.770001294 0.767873975 0.7701370857 0.5236427907 0.6276624627 0.8566596292 0.760577233 0.6728935542 0.6715551672 0.5548846396 0.6343941665
0 0.6422399444 0 0 0.7762891334 0.6703360377 0.5236620464 0.8695522614 0 0 0 0 0.6985974784 0.543804298 0.8102032992 0.7114724133 0.7101847255 0.710109416 0.8053872424 0.7744902919 0.6424856173 0.8114728142 0.8078593117 0 0.8498483897 0.6316600837 0.8557145776 0.530932468 0.8312748308 0.8274401998 0.7145606912 0.7061881842 0.7101367669 0.6270418193 0.6215008617 0 0.7748146517 0.7705794757 0.7087322641 0.7094703959 0.789541255 0.6082425911 0.5938461012 0.5861383903 0 0 0 0 0 0 0 0.6800378423 0 0 0.6735337572 0 0.6713354696 0.8004089517 0.7954630615 0.7419210768 0.7461719306 0.865913439 0.8267646882 0 0.6716537754 0.6209566837 0.6109327586 0.8336135936
0 0.7417541021 0.6683390558 0.7740755064 0.7123361871 0.5878313823 0.7441715576 0.7006079999 0.6974643693 0.6941226833 0 0 0.693516032 0.6968203245 0.7550859426 0.7134805192 0 0.7073504691 0.7110303517 0.7209864542 0.6404221367 0.8000319347 0.8018653838 0.8002970694 0 0.8479892475 0.8513639372 0.8578029992 0.8262362829 0.7074973827 0.7047440575 0.7033777863 0.6998750465 0.6279330058 0.6259258361 0 0.6420987115 0.6161119148 0.6997951812 0.7788896707 0 0 0 0 0 0 0 0 0 0.7125537374 0.5269009827 0 0.722282853 0 0 0 0 0.7149323482 0 0.7370074419 0.5053780584 0 0 0.6059453975 0.5217718258 0.5905136729 0.5979745448 0.5906418282
0 0.593460084 0.6019394946 0 0.8241702276 0.8358192508 0.7008272288 0 0.698090846 0.6928673484 0.6904109491 0.6934418763 0 0 0 0.7799409936 0.5237045648 0.7086039409 0.7170353924 0.7136675292 0.6498784956 0.7955503467 0.7936564992 0.795655434 0 0 0.852283201 0.7473501556 0 0.7121240909 0.7073057282 0.6981370854 0.7021859989 0.5888516107 0.5900678053 0.6186860926 0.6211542629 0.6969440955 0.6954185944 0.733585889 0.7636711274 0 0 0 0.7901550829 0 0 0.7205282927 0.8057719675 0 0.7651193108 0.6299731824 0.7552991989 0.7116714529 0 0.7040943659 0.6651596658 0.5000779649 0.7060549326 0.7402903875 0 0.6783885144 0 0 0.5988778801 0.5834368226 0.5826551687 0.5830069448
0 0.6013754246 0.592695099 0.7291122814 0.7810942644 0.7859484235 0.7868504862 0 0.6972621982 0.690685502 0.6857602025 0 0 0 0.757631957 0.7574217104 0.7685073625 0.5264978921 0.8006056891 0.6481902095 0.8687595823 0.7937771401 0.7956408389 0 0 0 0.858912161 0 0 0.8295835815 0.705923584 0.7008524556 0.7340649143 0.59537204 0 0.618115758 0.6209586599 0.6974365535 0.7044527195 0.6978379493 0 0 0.7920107519 0 0 0 0.7924298694 0 0.719268507 0.7629253068 0.5938352265 0.8234380854 0 0 0 0.7076828307 0.7088535405 0.7410437334 0.6968787279 0.7303579865 0 0.5655959392 0.5502494689 0 0 0.6312816057 0.5906307924 0.5832226355
0 0 0 0 0 0 0.7783593619 0 0.693202756 0.6866853973 0.6934026932 0 0.6693275437 0 0.8585940386 0.8594986619 0.7194087005 0.801984263 0.592212532 0 0.6279372186 0.620327848 0.6172272883 0 0 0 0.7724082401 0.6924485691 0.6485529543 0.8368507965 0.7329777269 0.5344344777 0.5832421899 0.5198241327 0.6267315202 0 0.6242988396 0.5264966029 0 0 0 0 0 0.785214421 0 0.5469943328 0 0 0.563268091 0.8742988961 0.7609824317 0.8268759815 0.8198562298 0 0 0 0.6242131637 0.7330683906 0.7322033236 0.782335148 0.6601958524 0 0.5562099691 0.5617583134 0 0.5710537574 0.7325510199 0.5985783218
0 0 0 0 0 0.7783763518 0 0 0.6241953867 0 0.6900563957 0.6975959814 0.7053928197 0.5591800146 0.8186248483 0.8770983672 0.7171741822 0.7138533472 0.7179451545 0.5938324467 0.6224318272 0.7278805711 0.5605409118 0.5598089924 0.5599444865 0.7694215875 0.8905030306 0.7713033355 0.7789564291 0.7663485678 0 0.5309119309 0.8136363564 0.740802106 0.8099620593 0.6846688939 0.6980870874 0.5487353333 0 0.8076193928 0 0 0 0.7906245404 0.787041477 0.8107719981 0 0 0.854462241 0.8649552212 0.8708205071 0.8730826754 0.8740580348 0.8226530581 0.6216005032 0.6288098696 0.7135214369 0.7365362903 0.7396023971 0.7416017847 0 0 0 0 0 0.7923865362 0.7634517539 0.7375185788
0 0 0 0 0.7781905489 0 0.7803750757 0 0.5812242586 0.5856695676 0.6975115986 0.6984164862 0.5427759558 0.5426386177 0.6449499059 0.791738604 0.7085773949 0.7082984807 0 0.5849052449 0.6096926224 0.6092453351 0.5673110665 0.7728026744 0.5657254029 0.7659886192 0.7615977553 0.7646802095 0.6376817273 0.5321336587 0 0.5328407468 0.6870390488 0 0.5398903158 0 0 0.6419677865 0.812290673 0.7809515842 0 0 0 0.5537157668 0.6976443401 0.6503002578 0 0 0 0.8639326254 0.8634287521 0.8723441292 0.8773045499 0 0.9026030447 0.9076859841 0.5436067862 0.8508057212 0 0.7149704002 0.7122423059 0.6002668649 0.7668309221 0.7166903006 0.7583766693 0.7352425047 0.5452685497 0.8424767057
0 0 0 0 0 0.6682620481 0.6747374934 0.5365800559 0 0.7327475833 0 0.5458456987 0.5436559267 0.5371390292 0.5459572415 0.6660228043 0.7090919204 0.7108349224 0 0 0.6075446012 0.6110458613 0.6476149181 0.6175203402 0.7726353813 0.7625789117 0.7657692405 0.7658828077 0.6861771059 0.9016291781 0 0.8207854426 0.8274843853 0 0 0 0.5160149805 0.5158211404 0.5204981167 0.5142062984 0 0 0.5456786467 0.5826423875 0.5798484182 0.5839100606 0.88560282 0 0.5589016138 0.8648076841 0.8746570769 0.8713192149 0.5162520025 0.614448554 0.8978038683 0.7508992176 0.5493797865 0.7832783781 0.7129374239 0 0 0 0 0.7589374525 0.7581990394 0.8157507917 0.7359996087 0.8828292943
0 0 0.8498508788 0 0.6646643707 0.6648857591 0.6650618827 0.7942590336 0.7870896312 0.7925278899 0.8150888091 0.5492776564 0.5401043518 0.5413158228 0.5433390832 0.874016085 0.8729276559 0.8709084329 0 0 0.6133500563 0.6038032379 0.6087770717 0.5467433939 0.6507755752 0 0.641079025 0.5634842278 0.9001082762 0.8964624657 0.9021698694 0 0.8408735309 0 0 0 0.5185691786 0 0.5184842541 0.7851386298 0.6197221412 0.548518395 0.8881712206 0.5801654364 0.5794130312 0.5886606351 0.5894416732 0 0.7999024431 0.8012208502 0.8094592245 0.7584137839 0.6966751464 0.64002394 0.7430108548 0.6324764809 0.5888336853 0.7623253989 0.7265830233 0.7105373311 0.5535243364 0.5254596633 0.760222863 0.7662204159 0.7688121736 0.9151063793 0.6488917502 0
0 0.7448678805 0.7453233953 0.6694765567 0 0.666191154 0.6916334183 0.7919233165 0.7911586607 0.571709034 0.7957177349 0.547050223 0.7631109725 0.7627326602 0.7856707879 0.8663046431 0.8681561454 0.8764276229 0 0.8942168591 0.6092012024 0.6129282437 0.6071887304 0.5749304976 0 0 0.6403016906 0.6404350282 0.9020173404 0 0 0 0.7473790843 0 0 0 0 0.5242613053 0 0.7732526577 0.7795068945 0.7815361821 0.6697591039 0.5824299752 0.5813882466 0.5833595558 0.5516936338 0.793249481 0.7250085172 0.793892306 0.7967757061 0.7019523511 0.6280403989 0.6245152688 0.6316411005 0.634914952 0.6212795297 0.5356460264 0.6575977417 0.592702144 0.5619425955 0.5524067066 0 0.7590883155 0.7650456767 0.9044628818 0.9080732551 0.8172834635
0 0.7463532704 0.7389086691 0.7428850737 0.5388513443 0.5658794268 0.5611525535 0.5675096147 0.8463400716 0.6697149645 0.6614395586 0.6532287049 0 0.7618682636 0.7693158633 0.8750278025 0.8758040218 0.8746074969 0.5686764004 0.8670741925 0.8984095028 0.7292258254 0.8929734024 0 0 0.6410134011 0 0.6439220752 0.8130923382 0.8191195007 0.7442120874 0 0 0 0 0 0 0 0.774173264 0.7711899923 0.7763477776 0.5269972665 0.5790439176 0.5227461957 0.5510085636 0.587349088 0.6709941289 0.8069657823 0.7909700758 0.789770238 0.7962139098 0.6324857556 0.6242903593 0.6220274671 0.6221673157 0.6197581837 0.6257210697 0.5067279885 0.6901124412 0.6890471474 0.7644375641 0 0 0.7678083517 0.5827015669 0.9084267346 0.8988163365 0.8938896222
0 0.7385483598 0 0.7394384346 0.6162458571 0 0.5611715553 0.887875307 0.6589914794 0.6650563453 0.8475387823 0 0 0.7670085422 0.7707126452 0.722460854 0.8090361909 0.6955783242 0.5626253188 0.8167695234 0.8931131152 0.8885967113 0.8933240006 0.5654465549 0 0.6436246346 0 0.6477863719 0.8098769511 0 0.7967935767 0 0 0 0 0 0 0 0.7736318314 0.7718486944 0.7665395375 0.7666631228 0 0.5440642256 0.5456040294 0.5488281906 0.7531244487 0.6062662298 0.7976242988 0.7979247927 0.7976609732 0.6890291012 0.6316378213 0.6221242563 0.6150659524 0.6161026738 0.6082601855 0.6160566836 0.68324113 0.5197180295 0 0 0 0.5808350608 0.5903253086 0.7558987004 0.9030733879 0.88953663
0 0.7477286178 0.7407439369 0.616774638 0.6107613591 0.6171469579 0.8902169691 0.8899011501 0.8802322417 0.65681611 0.6591886471 0 0 0.8932489499 0.7048954449 0.695920375 0.6261562847 0.7410884525 0.8738336086 0.8931729447 0.8956856175 0.8964471364 0.7220562878 0.5318580563 0.7837153974 0.8600264259 0.8549758933 0.8169799179 0.8118554007 0.5832797857 0.7931819881 0 0 0 0 0 0 0 0 0.7718764839 0.7681580791 0.7605178575 0.7655029983 0.703666632 0.5454313712 0.5489524355 0.5691728274 0.8053594683 0.774897387 0.8038585724 0.7278745417 0.7295156575 0.7263296957 0.6191581864 0.6175469405 0.6245911548 0.6076857806 0.6107214663 0.7737604226 0.5208411168 0.5108418407 0 0 0.6195614244 0.586507667 0.6532784588 0.7649333233 0.7862977458
0 0.6126378134 0.745939539 0.6453977654 0.6195548644 0.5878887131 0 0.6593964084 0.6578029375 0.6594179296 0.6575470941 0 0 0.6086226858 0.6032191439 0.6157234216 0.6978590918 0.7345940998 0.7164356527 0.7336303316 0.8998803243 0.5032264092 0 0.7834580452 0.775046106 0.7450660517 0.7509539482 0.8913946446 0.7598611578 0.7335984527 0.7907550135 0 0 0 0 0 0 0 0.7766622978 0 0 0.7614456259 0.7673784942 0.7680197648 0 0.7365557676 0.7158982373 0.5705540753 0.7629689514 0.7326037797 0.7277432413 0.7200462679 0.7208580875 0.6407136673 0.6452897907 0.6078323393 0.6141679108 0.6416026408 0.5098048892 0.5136209592 0 0.5902056783 0.5883705174 0.5922489432 0.5654671554 0.8999361717 0.7205357735 0.7311938142
0 0.8868701419 0.8808441829 0.6777609904 0.7963721546 0.5952065425 0.6668261862 0.6586158257 0.6668823402 0 0.7895665503 0.6159900211 0.6103694602 0.6008739327 0.6077299078 0.6166187888 0.6241478518 0.8990603707 0.7279211075 0.8707706411 0.8149005956 0.5360096558 0.5907681297 0.5953936026 0.7494280229 0.7437327551 0.8438626513 0.7612979538 0 0 0 0.5043734925 0 0 0 0 0 0 0 0.5551616465 0.8469927676 0 0 0.7755345947 0 0.7363068915 0.6927491314 0 0.5867753608 0.8943885898 0.7275595841 0.5755994284 0.7257792822 0.5280011782 0.8296002507 0.8618982391 0.8664987661 0.5140977476 0.8942940756 0.5213634319 0.6135670176 0.6179582568 0.61556836 0.679847883 0.8094091497 0.5588309903 0.5863990158 0.5815099269
0 0.8902542045 0.683292068 0.8497058807 0 0.7114915107 0.6615082108 0.6632257202 0.6670420521 0.6544582719 0.6804490887 0.6151857954 0 0.6046740111 0.6110498604 0.612462275 0.8637729996 0.8602558416 0.824352147 0.8622144225 0.8643358802 0.5411874886 0.6442003186 0.5862348126 0.7498683915 0.8961450182 0.8013880233 0.7814455815 0.5345065708 0.7308298669 0.7316566665 0 0 0 0 0 0 0 0 0.5590768436 0 0 0 0 0 0 0 0.8806543276 0.6856883308 0.516592237 0.7334425424 0.8532628246 0.6286400439 0.8199169488 0.87026731 0.8607605889 0.8665772248 0.8222279686 0.7161533775 0.6167951503 0.6143552131 0.6082374832 0.6089124442 0.5067874925 0.6224051958 0.8980568705 0.6511944727 0.8255626085
0 0.6065049852 0.6031918366 0.6062600692 0.7162084907 0.6536536442 0.6501943942 0.5232431713 0.648876344 0.6512122063 0.6161532107 0.5874198048 0.6660335016 0.7509490783 0.5710306236 0.893079269 0 0.7035783473 0 0 0.8562543448 0 0 0 0 0.6823324391 0 0.7624059919 0 0.5113457016 0 0.7314951378 0 0 0 0 0 0 0 0 0 0 0 0 0 0.6841328281 0 0 0 0.6483095847 0.8351538487 0.8324468208 0.8617730514 0.6072974718 0.8623691512 0.6966551487 0.867764834 0 0.6507436223 0.6010494139 0.6160431565 0.6161545625 0.6179904012 0.561030347 0.6402514216 0.6448426141 0.8967020205 0.8397838924
0 0.8382468039 0.6023476797 0.6119301749 0.7677280827 0.6539322905 0.6401118046 0.640766426 0.641388304 0.8897900445 0.8749698767 0.5353344735 0.5190794489 0.5823177603 0.5226916696 0.5853541724 0 0 0 0 0.8526787363 0 0 0 0 0 0 0 0 0 0 0.8711825233 0 0 0 0 0 0 0 0 0 0 0 0 0 0.6805434955 0.6475431623 0.6386814753 0.646694809 0.6878771076 0.8285730187 0.8307249921 0.5337064974 0.6448938433 0.765607227 0.7697881608 0 0.5901241847 0.5932703138 0.7167366395 0 0.6165100908 0 0.6465501618 0.63663965 0.6448212631 0.5164150333 0.7864630409
0 0.8248308301 0.5753948485 0.7587523362 0.7618507404 0.6444675792 0.6428892577 0.6353419682 0.7059473548 0.6857332905 0.684049532 0.5561548015 0.5321741256 0.5226909718 0.5786532989 0.5066203242 0.6357156207 0 0 0 0.8497709754 0 0 0 0 0 0 0 0 0 0 0 0.7345969221 0 0 0 0 0 0 0 0 0 0 0 0 0 0 0.6466575294 0.6375699616 0.6422722947 0.8422797671 0.6532129194 0.5744054147 0.6091553958 0.7692301359 0 0 0.5895195054 0.5966581068 0.6034578482 0.6123743629 0.6258776432 0.5003134677 0.6725466702 0.7217702951 0.6429451516 0.7087125463 0.5696936573
0 0.8217820764 0.8153441052 0.5339849695 0.5814381003 0.6260771575 0.641195417 0.6447138514 0.6368154817 0.5924362864 0.6824479487 0.6900987914 0.8052092528 0.757758376 0.7265403692 0.725460038 0.8238518465 0.8276061258 0.5886979017 0 0.839159385 0 0 0 0 0 0 0 0 0 0 0 0 0 0 0 0 0 0 0 0 0 0 0 0 0 0.6534051736 0.6420941261 0.6403674997 0.6393298592 0.6410752111 0 0 0.5660153015 0 0.7750458601 0 0.7507716016 0.5975551575 0.7470195629 0.7231249363 0.7196901788 0.8027981647 0.6850011365 0 0.6458920936 0.7062212063 0.7079290947
0 0.8222210045 0.5973572128 0.7348356907 0.7149047159 0.6493082033 0.6455179032 0.6845884278 0.8638764099 0.582261283 0.7407801916 0.7432043261 0.804138649 0.7415120021 0.6260161886 0 0.8234464835 0.8205241207 0 0 0 0 0 0 0 0 0 0 0 0 0 0 0 0 0 0 0 0 0 0 0 0 0 0 0 0 0 0 0.6400745296 0 0.6214990382 0 0 0.5662309968 0.7764361734 0.7239653187 0 0 0.8406188428 0.7263489276 0.7270199155 0.7284410114 0.7236827068 0.8376059889 0.8388447326 0.710222451 0.7141154119 0.5953319838
0 0.6166234299 0.6185734402 0.7426631586 0.5352398967 0.6526663701 0.6898440423 0.7894936424 0.6520184962 0.7303496911 0.7340744668 0.7382477973 0.7450290788 0.7345336534 0.7335469372 0.7173446304 0.8300189312 0 0 0 0 0 0 0 0 0 0 0 0 0 0 0 0 0 0 0 0 0 0 0 0 0 0 0 0 0 0.6503610519 0.6832858141 0 0.8199797259 0.6276807386 0 0 0.7330202805 0 0 0.7079815549 0.705665416 0 0.7359601489 0 0 0.7292227023 0.725416942 0 0.7152052261 0.6019927131 0.5946738396
0 0.6182017007 0.6222507175 0.7702282211 0.5926274136 0.5840697576 0.6199272167 0.5273959177 0.5319538859 0.7289565652 0 0.7376454911 0.7609012993 0.6168012668 0 0.5837405582 0 0 0 0 0 0 0 0 0 0 0 0 0 0 0 0 0 0 0 0 0 0 0 0 0 0 0 0 0 0 0 0 0 0 0 0 0 0.7301412098 0.7265004672 0 0.7120581094 0.7063858625 0.7128215315 0.7170723932 0.9005409758 0.8966153155 0.8944762155 0 0.8563653205 0.8538995422 0.5767069187 0.5907865561
0 0.6269841374 0.6224754996 0.8801034324 0.7414668923 0.6725084856 0.5311722397 0.5242306018 0.7104285218 0.8801216185 0 0.7364976733 0.6139558121 0.6130978097 0.6090307251 0 0 0 0 0 0 0 0 0 0 0 0 0 0 0 0 0 0 0 0 0 0 0 0 0 0 0 0 0 0 0 0 0 0 0 0 0 0 0.8416329663 0.5581685226 0.7295157253 0.7242818695 0.7214494245 0.7176580726 0 0 0 0.8947057421 0 0.8953326689 0.8574918382 0.8560759067 0.7359547536
