landscape/hab_quality/256/simulation_000042_p065_h032_HABMAT_patch_more_500pix_modified.asc_ac_0.5_quality.asc
NCOLS 513
NROWS 513
XLLCORNER 0
YLLCORNER 0
CELLSIZE 9.980507
NODATA_VALUE NaN
[rows 240 to 269 of 513, columns 134 to 200 of 513]
0.7984715001 0.7196668895 0.5334657271 0.5298647586 0.5310690745 0.5382342882 0.5419671245 0.5288143411 0.8074790746 0.7495113374 0.6941485808 0.7798743186 0.6482593051 0.6474492883 0.7468656549 0.7409892721 0 0 0.5827639478 0.8759843584 0.583451136 0.8611472726 0.7536589326 0.5503851637 0 0.8650911332 0.6285831574 0.6253706498 0.6338042266 0.6991823191 0 0.8734440527 0 0.6655288321 0.8992614666 0.7166878404 0.7229830581 0.6403635642 0.6532799331 0.7729750438 0.7974265081 0.7728396898 0 0.8684462444 0.8720791508 0 0.8792594605 0 0.8678327937 0.8758497816 0.8734543833 0.7006022577 0.696219411 0 0 0 0.7645764907 0 0.5228927839 0 0.5401327533 0.7398160896 0.7352265462 0.8562411895 0.8925003605 0.8914080794 0.8894729467
0.7181219622 0.71209712 0.5374442045 0.5334490755 0.6835330472 0.7134892927 0.712395855 0.7210098241 0.7988412723 0.8087399661 0.6970886922 0.5469462265 0.6402763799 0.7411579651 0.6032970932 0.7378912692 0.747054522 0.5683064207 0 0.5796180007 0.5883000415 0.5092622992 0.877675265 0.8735081303 0 0.8147561683 0.6257927361 0.8572759443 0.6305359121 0.702382705 0.7065694694 0.7024565592 0.7317147483 0.7134597039 0.7138338685 0 0.7214647967 0.6486591893 0.6421978126 0.6151982088 0.7699158094 0.6959754662 0 0.579348972 0.5112631721 0.5163198635 0 0 0.7026432724 0.8609728114 0.5515449111 0.7431803637 0 0 0 0.8056635371 0.5212354804 0.756505729 0.6819354439 0 0 0.5154131153 0.8740664231 0.5147632708 0.8972311492 0.8928515068 0.8938624198
0.5245179196 0.6193059273 0.7179598637 0.8235128686 0.859640925 0.6773003713 0.7117469962 0.7155671351 0.7203458695 0.7638735059 0.7626794703 0.7643582284 0.7365595339 0.7386880319 0.731732846 0.5962413207 0 0.5634278939 0.5716406364 0.5797366778 0.5810387669 0.5114122489 0.5016532377 0 0 0.8181413819 0.8842394347 0.6775559159 0.5702260269 0.5715886226 0.8451407579 0.5545561154 0.7025875661 0.7232410949 0.7235107129 0.7150169324 0.7236028044 0.6839394357 0.65061153 0.7700490028 0.7737356104 0.6932722024 0 0 0.5068013615 0 0.6949811555 0 0 0.6980729254 0.698222143 0 0 0.6223289572 0 0 0.8278874241 0.6377867226 0.5271209503 0.5177533915 0.5185788019 0 0.5141072791 0.8410917772 0.7780940475 0.5779468689 0
0.7965450454 0.5024370026 0.8734428912 0.6453936356 0.8759463251 0.7212846959 0.7188833865 0.7161425067 0.7210573653 0.7651614331 0.7623156799 0.8858203768 0.7382391467 0.7353556297 0.733335526 0.732325215 0 0.5721313028 0.6518510652 0 0.5869439046 0.7002826475 0.5055679267 0.8781136667 0.8810784137 0.6136748835 0.7543348305 0.76698972 0.7652804783 0.8495723425 0.5539818166 0.5460827743 0.55211883 0.8386174881 0.832064812 0.8334059217 0.5369032297 0.7405924609 0.6836333483 0.7692355619 0.6866443523 0.5071304247 0.6934955863 0 0 0 0.7006390233 0.699898008 0.6979531293 0.8227930413 0.7010327322 0.5950753769 0.6180599471 0.6124382176 0 0.7914305145 0 0.8275811514 0.5374060627 0.527295334 0.5268151281 0 0 0 0.7840668924 0.5835459712 0.6775882317
0.8033455408 0.7877278423 0.7894859914 0.8777546691 0.8324942052 0.6235543399 0.8329963046 0.6009682473 0.7232220264 0.7679854873 0.7692274713 0.5670977723 0.7422597143 0.721369048 0.7182945473 0.7126251266 0 0.7063955312 0.7103286815 0.7089868305 0 0.6015448462 0 0.7610897368 0.887530496 0.6968633933 0.7167987333 0.7607169148 0.7668204217 0.7695159286 0.5478318984 0.5478621958 0.547196532 0.831764725 0.8403381346 0.6016023815 0.7352191036 0.7355378204 0 0.6779310779 0 0.6733990109 0.5023504659 0 0 0 0.6911390503 0.6955161819 0.7031087341 0.7017869928 0.6970207409 0.6620627039 0 0 0 0.6762140837 0 0.8833840876 0.6784856054 0.6824676021 0.7795222113 0.7804073457 0 0 0.7126003078 0.5674330135 0.6762551354
0.8043563154 0.7882972652 0.7895270634 0.7972444599 0.7916292566 0.7765679165 0.6025382403 0.6040754262 0.6019635199 0.6092334309 0.5684632912 0.5725628785 0.7271894073 0.731342189 0.7121420661 0.7004666992 0.699168871 0.5747378032 0.7037286207 0.7070521089 0.888986651 0 0.8955301447 0.8943997902 0.7204726466 0.625099232 0.6169398279 0.8212548754 0.7620281827 0.7711432675 0.773419619 0.5530221932 0.5506509551 0.8304481302 0.740776608 0.6081965657 0.7308611534 0.7276176151 0.7244327898 0.7226063232 0.672263581 0.5042526775 0.6175257091 0 0 0.6182117512 0 0 0 0.5067587559 0.8344463489 0 0 0 0.5793732373 0 0.5571627732 0.675691333 0.6750872739 0.683323238 0.5658266803 0.7838122239 0.5099899094 0.908053683 0.9072231548 0.6390110291 0.554080385
0.8064560615 0.8057544043 0.6064714978 0.8909690782 0.7081926366 0.7895351098 0.6130036102 0.6065116816 0.6086807447 0.6105101238 0.6042063723 0.6130404795 0.5440162278 0.7179775398 0.7111459887 0.7033733208 0.6935491603 0.7012853478 0.7088456157 0.885566061 0 0.8863402263 0.9006684078 0.89944351 0.9003731224 0.6177987321 0.625820005 0.6256967619 0.6340760191 0.7808355542 0.7671192754 0.8587756677 0.8363702292 0.8352250864 0 0.7470400594 0 0.7375009236 0 0 0 0.7646194347 0.532760115 0 0 0 0 0 0.6824700174 0.5137457292 0.5600622291 0.5576797012 0.5611503946 0.8500788211 0 0 0.8248824346 0.6776272017 0.6845374482 0.5540095972 0 0.5601081727 0 0.8996727077 0.9023674915 0.561652426 0.5539058572
0.8881759621 0.8863276688 0.8866367384 0.7100327335 0.6524560495 0.6606107934 0.7494137765 0.8988198526 0.871690787 0.6059731631 0.5437125283 0.7411348577 0.740262102 0.7147099752 0.7130906239 0 0.7033705987 0.6975289494 0.8837363472 0.8811826373 0.8786727085 0 0.5204858879 0.9081308144 0.905103889 0.902789327 0.8396228249 0.5438879989 0.60528439 0.5745190425 0.7720629118 0.765733351 0.7718483461 0.5169959432 0.8394733251 0.7525804776 0.7417687295 0.6326516089 0 0.7232495179 0 0.7643837544 0 0 0 0 0.682550602 0.6890087064 0.5810414416 0.5749613349 0.5604443194 0.5585527698 0 0.8436542499 0.8465858405 0 0.8125697112 0.8034683505 0.5316720088 0.820464854 0.6923104267 0.6062275095 0.901592256 0.7587594826 0.9000021186 0.5577842652 0.5549095465
0.7530556703 0.8923610903 0.5187754917 0.666905151 0.6512149419 0.6017774982 0.8795868341 0.8046012245 0.7953809083 0.7655560705 0.8076703456 0.7462188308 0.7392570011 0.7216755505 0.7155127839 0.7215806966 0.7295169996 0.8898739736 0.8833967986 0.8756872363 0.8794083556 0.8200549043 0.6769715356 0.6765903154 0.5076224112 0.9060403162 0.9059569796 0.5942045576 0.5740809243 0.7727519743 0.7674688331 0.8161872903 0.5179795178 0.8161681502 0.5516247648 0.609302589 0.7427110276 0.7376872351 0 0.6828077497 0.7693949369 0.7665452656 0.7630908363 0 0 0 0.6081073118 0.5514853415 0 0.5717564094 0.5655941372 0.5593247517 0 0.842854971 0 0.6436602794 0.8035042914 0.8099447897 0.6247076421 0.6317413433 0.6131202521 0.7737540395 0.7679792107 0.8857581547 0.8316078867 0.5628040219 0.5645587922
0.5721435627 0.7022157636 0.6671962999 0.518864941 0.6583437052 0.8976504644 0.6919873741 0.7955342623 0.5638369959 0.796197892 0.5581707115 0.7409129969 0.749130169 0.6849764455 0.7841336505 0.7728343311 0.7709895473 0.7724051007 0.8826654803 0.8745710196 0.871474621 0.8203360865 0.8135329006 0.516700469 0.5147817104 0.8793833786 0.8859229283 0.7015866316 0.7798843922 0.7733268288 0.7660990297 0.7657980507 0.8157573481 0.8213562754 0.823545514 0.7510663622 0.8512776565 0.7757570074 0.7472435953 0.5024145443 0.6792891437 0.7746024993 0 0 0 0 0.7957368167 0.7963219318 0.5747621787 0.5726705879 0.5694151043 0.5668465603 0.5560857006 0.7346153125 0.5537699046 0.8018434648 0.8067856071 0 0.8811362543 0 0.503888574 0.8341296582 0.7670668883 0.7138795228 0.8232189804 0.5670369603 0.5677517623
0.6522959162 0.658397293 0.6852046348 0.807079008 0.6735657601 0.7479337062 0.8023242633 0.736157943 0.5026502742 0.5167374062 0.8260120538 0.8174958954 0.5877197277 0.8717856456 0.7854582793 0.7784242777 0.7704182576 0.7775964562 0 0.8755650976 0.8736665157 0.814901961 0.5642210705 0.5101928518 0.5188693081 0.8762799264 0.611898778 0.526137552 0.6998286077 0.7603085433 0.7641055063 0.7660611374 0 0.8143719396 0.8203697103 0.7321575659 0.7783243428 0.7569914327 0.6518960653 0.6695444041 0.7758551446 0.7810210659 0.7762583068 0.7850078004 0 0.5403836891 0.7937742744 0.6021281251 0 0.5775676678 0.5773063798 0.5734670873 0.5772185901 0.6134976992 0.8084958571 0.8087623421 0 0.8736494575 0.8651957324 0.8767332091 0.7136402598 0.5654157 0.8281876086 0.8208209859 0.6716311656 0.6553474924 0.7101881673
0.6530780225 0.6493400281 0.5492238766 0.6777171024 0.6979338085 0.7382067047 0.7299940778 0.7353507227 0.6561785993 0.6657902193 0.5108393849 0.5805199373 0.5803847363 0.7643743028 0.5783935559 0.7732711089 0.7741204964 0.7730976508 0.7830368745 0.521700432 0.8769163413 0.5021304105 0.5091436844 0.5157929509 0.8758566909 0.8695851386 0.7187479844 0.6867944772 0.6046813604 0.6923038074 0.7589817525 0.6144706992 0.6084638931 0.6126684265 0.8193398361 0.7386407206 0.7322227899 0.576713017 0.5725732327 0 0 0.6760741628 0.8978144043 0 0.5592873427 0.5494769013 0.8920206955 0.7200611354 0.7332471731 0.7289405824 0.5813199972 0.5784685641 0.576063213 0.6270759732 0.622368017 0.8123279184 0.8693889877 0.863837203 0.8732631123 0.5629208623 0.5596729535 0.8838676397 0.5657440494 0.6609096522 0.7103387309 0.7010245131 0.7034849701
0.6771450556 0.8423741312 0.6692984048 0.6700715147 0.672808447 0.6673246412 0.7297465441 0.7276095474 0.5227883845 0.5011246632 0.5208043047 0.5902006787 0.5867350268 0.888604278 0.5154499781 0.7826224241 0.7761306713 0.7765242838 0.7785967827 0.8790184734 0.5101680772 0.5024163649 0.5068864903 0.5555241723 0.8800415941 0.5963287319 0.8631987483 0.7134348671 0.6831871758 0.6838128823 0.6139763577 0.6148141356 0.6054273448 0.6142723468 0.6093407812 0.5009579091 0.7669792377 0.8418830924 0.8507883138 0.6709986399 0.6671920123 0.6694677072 0 0.8883996267 0.8875462461 0.8917325134 0 0.7180545198 0.7194658607 0.7235686585 0.6102970059 0.6099556323 0.5819933618 0.6250415113 0.6288820642 0.6250161848 0.8685654625 0.872579435 0.8709251672 0.5589381679 0.5539246489 0.5627546072 0 0.6554869907 0.7070223013 0.8519774359 0.6994202993
0.6727343256 0.6715147317 0.6710979701 0.6666513563 0.6647681616 0.6652705853 0.5111260437 0.5123508758 0.5217742948 0.5171566273 0.5206313247 0.523289248 0.8271613234 0.8881152552 0.8871887655 0.8921431141 0.8883785384 0.7842805389 0.7856341736 0.7296056052 0.7315686391 0.5079527385 0.5127645932 0.51555423 0.645395006 0.7895137845 0.8639054325 0.8569047331 0.6452510873 0.7611904663 0.7604368292 0.6137950784 0.6236249521 0.605480787 0.6119021355 0.8827817177 0.7688746434 0.7657685246 0.8436580069 0 0 0.6690226926 0.6665869765 0.8817674096 0.8829045207 0.8842308409 0.8979219346 0.7149299464 0.7143674162 0.7191323896 0.6062604394 0.6128934305 0.6176280426 0.6215865656 0.6325511889 0.6300809404 0.6366864068 0.5655226143 0.6991630459 0.5632141178 0.6607450831 0.5552671753 0.5628267163 0.5300741018 0.5328443194 0.6718043363 0.7002803086
0.6780779217 0.6676971583 0.6672674765 0.665483884 0.5976717978 0.6696616535 0.5143019087 0.5090348558 0.5063935799 0.5126414356 0.5193385689 0.5838225775 0.5819810783 0.8919138816 0.7767881785 0.8827166721 0.8876089894 0.7903337649 0.7300360168 0.7278257767 0.73375737 0.8973644042 0.5251814949 0.5206836634 0.5232471301 0.6051931684 0.8599610129 0.7146291053 0.7368785084 0.7561242502 0.623702345 0.6178190799 0.6069687502 0.6106496147 0.6308690404 0.6176349421 0.7785934074 0.7778891984 0.7269375413 0.7332035002 0.6719930511 0.6708513955 0.6725000487 0.8786464154 0.8744253377 0.8835857994 0.703225544 0.7173368084 0.7197385227 0.717713088 0.6132183211 0.6155416343 0.6249820438 0.6255373798 0.5514508889 0.5661068507 0.7843542386 0.5615259426 0.7039423434 0.7054179692 0.5641346133 0.5590392795 0.5213860322 0.5272045756 0.808817588 0.86503161 0.6913106009
0.6958437115 0.6707930748 0.6020098029 0.5995958432 0.601357506 0.5996610506 0.5133983193 0.5096995932 0.5087100663 0.5185951165 0.5213174953 0.5274420668 0.5789872905 0.5791931992 0.8867875377 0.8901469056 0.8924309485 0.8979040557 0.8837993922 0.7170692697 0.7351737151 0.9023862711 0.5685858094 0.6055588377 0.6024473886 0.610466075 0.6604711465 0.5343129093 0.7066730797 0.7583796111 0.5192594844 0.512413711 0.589290671 0.6159994274 0.6181271079 0.8382768329 0.7818962702 0.8654395916 0.7830690649 0 0.6150273165 0.6725361126 0.6770677778 0.8950581602 0.8814313804 0.7017291877 0.8219935545 0.8399588049 0.7240940485 0.7223513952 0.6166834028 0.6248400667 0.6157686809 0.7869591933 0.6235551127 0.7886265339 0.5273636143 0.6207581834 0.6967276489 0.7226010514 0.712265405 0.8803182209 0.5250646879 0.5209713218 0.5244020277 0.7410711128 0.8696414817
0.814750053 0.6888292512 0.6860253092 0.6950045607 0.6069492885 0.6076048682 0.6026362637 0.5095442432 0.5161133338 0.5094814288 0.5187487465 0.5249707826 0.6847480296 0.5757279412 0.5850452614 0.5807811049 0.8264495433 0.8310154406 0.8340312958 0.7652772187 0.6839825957 0.7989904032 0.9115866382 0.6052690131 0.7419562933 0.5504121553 0.5447430923 0.5398427879 0.5336130494 0.5344533261 0.6109930841 0.6053734201 0.5959951406 0.5965954696 0.7516576681 0.8339064129 0.7758747445 0.7746568831 0 0.8296113839 0.5769671568 0.6825642014 0.8929902403 0.9010440173 0.8889814058 0.6978942879 0.7061104475 0.8065651853 0.5420058289 0.6206939625 0.6197732483 0.6172347033 0.7863475837 0.7882234426 0.5337971352 0.849093032 0.7014096874 0.6946425996 0.894859492 0.7295896014 0.5814219284 0.6150866629 0 0.6210149822 0 0.8756395811 0.7928130385
0.8039434628 0.6953806144 0.6860630698 0.6874703032 0.6928066209 0.8908415534 0.5173572673 0.5185728998 0.5114250007 0.5111121687 0.5134000634 0.5156781721 0.5806070488 0.567729875 0.5613710847 0.5743563982 0.6201821901 0.8292333055 0.8355029142 0.763442404 0.7927562969 0.7990204579 0.6259520085 0.7392651244 0.7423706893 0.7942702683 0.5448107011 0.5415713113 0.5319641647 0.5383751861 0.6137785471 0.6037786252 0.5705116995 0.6900908489 0.6933271751 0.5023605944 0.7744840354 0.8237750281 0 0.8282480278 0.5767582889 0.5679278726 0.8460545575 0.8939176493 0.6940315155 0.6245040449 0.702836455 0.5202902112 0.5212488415 0.5149771325 0.5179818869 0.5222020394 0.8763821376 0.5763781061 0.8517025074 0.8463027106 0.5574341246 0.5089204007 0.5348330352 0.6263459676 0.7459740948 0.8413981336 0 0.6239002201 0 0.6490779981 0.7148485239
0.7688570097 0.7370548354 0.6931355985 0.5311088841 0.5301593715 0.5867245067 0.5384333103 0.5355939335 0.5207712345 0.5147966601 0.7190167774 0.5862174913 0.583536703 0.5746296781 0.564714095 0.5706354907 0.6119781055 0.8298309513 0.8330393058 0.7725584586 0.7835295475 0.5583685112 0.5565953174 0.7666682814 0.7066370228 0.7884715472 0.5426020341 0.5526064465 0.5392168893 0.5308740686 0.5335224335 0.5372607528 0.5774934625 0.6894134122 0.8192099608 0.7674293372 0.8177335972 0.8158235763 0.8256035972 0.8187820799 0.8249739916 0.8856189322 0.850103903 0.840890396 0.8149281713 0.8454788571 0.523421256 0.5183952021 0.5164027092 0.5121394087 0.5133924522 0.5196883351 0.8413653997 0.8458120845 0.842367218 0.7471414437 0.770934711 0.5554448727 0.5507659426 0.8608402212 0.5774198207 0.8256096152 0 0.8046842124 0 0.8927877844 0.645791375
0.7328512369 0.7275468904 0.8758009195 0.8992924352 0.530665923 0.5272120424 0.7930242938 0.5347061211 0.548543577 0.7776115241 0.5954797206 0.5896158764 0.582755513 0.5734001594 0.5679827809 0.5736142532 0.6099442095 0.5224682262 0.7185878773 0.7774706511 0.6309225388 0.7626441835 0.554982901 0.7637690181 0.7846268511 0.7901725295 0.7903960229 0.8114061297 0.6952683128 0.5487366053 0.5353974326 0.5498345102 0.5256026235 0.6921136692 0.5687866498 0.7652587811 0.8237645194 0.8245474031 0.8218952443 0.816566767 0.8239639657 0.8222989784 0.6063228182 0.8209053447 0.6162043873 0.8212909693 0.8301249769 0.522704902 0.7299716479 0.519226572 0.5129142434 0.5157808304 0.6907192183 0.8394488213 0.8445688442 0.8439190097 0 0.6499470588 0.8638453758 0.8900321846 0 0.5690019782 0.8264159357 0 0.8966155968 0.6469262072 0
0.8213861415 0.530618339 0.5252364496 0.5180230432 0.5217661357 0.5248960829 0.5259521979 0.5345658144 0.8411267752 0.595904014 0.5914649514 0.5834552124 0.7997037456 0.5901920901 0.5680315217 0.5736658516 0.5785134649 0.815146235 0.8591181723 0.6274590407 0.6329384529 0.5860523554 0.7661062088 0.7465930805 0.5288482522 0.8031742504 0.8080500039 0.808493201 0.8092862934 0.7043334323 0.5438503044 0.539802639 0.5579018241 0.775869412 0.8385185938 0.7903693142 0.6544304951 0.6530410911 0.8184296655 0.8188065016 0.8178903943 0.8277283851 0.5168276346 0.6125941631 0.8363961399 0.8281765145 0.820793886 0.8215744499 0.7313215293 0.7319841086 0.5183994536 0.5228738879 0.8488171508 0.8469437891 0.8425982877 0 0.6242308862 0.820119569 0.5064842198 0.653911939 0 0.5670831773 0.5767998597 0.5341573644 0 0 0
0.7981554893 0.8502749614 0.5288756129 0.526085305 0.5176414225 0.5172919125 0.5237951063 0.5302167357 0.7434919478 0.5964265135 0.5924441085 0.7268403868 0.8019412657 0.7070926798 0.7103128261 0.574282967 0.5816418799 0.8238624127 0.679333303 0.7807743627 0.6364364026 0.6407438532 0.7713992665 0.8177078476 0.8142340921 0.808894732 0.8004813835 0.8013984306 0.6480775216 0.5517904353 0.7778570087 0.5446066864 0.5509730633 0.582410801 0.6070809376 0.790682345 0.7871554834 0.6514752297 0.829932299 0.8297301396 0.8179787525 0.8121531037 0.6138845662 0.6166729988 0.8333396575 0.8307049903 0.8302847205 0.8293427957 0 0.5597293024 0.5080640989 0.5873265094 0.7156175545 0.7451581862 0 0 0 0.6577210686 0.6491933472 0.8564769783 0.5705246844 0.5745174385 0.6441062866 0 0 0 0.7139378026
0.5474965415 0.5514927318 0.5441251614 0.5313274516 0.5199607874 0.5178714415 0.5248930596 0.7155766506 0.778857075 0.7394002072 0.7315084278 0.7306030318 0.5298933089 0.5250265348 0.7037322544 0.7130310847 0.6692667506 0.6772773548 0.6102193535 0.6296215923 0.8638126107 0.6047676316 0.6423721958 0.8235442836 0.8091994164 0 0.8060199026 0.807873701 0.6793377895 0.64793882 0.8131852143 0.5470173305 0.5506796956 0.5541328415 0.5848313134 0.5931504222 0.6251037602 0.6657191127 0.657284652 0.8150019207 0.8062532893 0.8151347812 0.8464613696 0.7526005096 0.5402874771 0.8310346665 0.8393544388 0.8378336787 0.7749495462 0.5574358693 0.7511650816 0 0.7575433659 0.5603151165 0 0 0.8626395874 0.7457055308 0.6529125223 0 0.7340974875 0 0 0 0 0 0
0.5386346109 0.5416655167 0.533941866 0.5260618478 0.5222816849 0.5244021722 0.5206619519 0.649592138 0 0.7397318221 0 0.5115758292 0.529102126 0.5240594622 0.82733604 0.5974203976 0.6647642025 0.601373977 0.6293480183 0.5414446287 0.59804845 0.6032727445 0.7169021821 0.7249169758 0.6359678453 0.8162190415 0.8202281537 0.8156455472 0 0.6577217676 0.7367039463 0.8766362442 0.5514064334 0.5526894704 0.5915103229 0.5899946154 0.6023687436 0.6071962206 0.6780023303 0.6724200426 0 0.8071091821 0.8040448397 0.7566035428 0.8003118699 0.6204421845 0.6274885111 0.6234982233 0.6205002081 0.7479591293 0.7421454886 0.7480880435 0.7561725108 0.5198638566 0.7033047502 0.694082863 0.6980089931 0.6909045935 0.7641794867 0.7695831159 0.8036930235 0.7309622073 0.7275151267 0 0 0 0
0.5403380487 0.5333649904 0.5390448994 0.5461322141 0.5329362728 0.5258007248 0.6704210308 0.8943743675 0.6231136188 0.6519376934 0.6519395894 0.5631246555 0.5241702748 0.5250132267 0.531025689 0.5974731688 0.5952295586 0.6384438126 0.6324840565 0.5952050047 0.6048313931 0.6071252035 0.7210524676 0.6353212245 0.6303219361 0 0.6283741562 0.8147453164 0.6047198699 0.7289037328 0.78004662 0.7763654176 0.5515569649 0.5570807628 0.6015245833 0.5907862376 0.5997494646 0.7125857744 0.678836249 0.6769749884 0.8052828312 0.8059071269 0.8118789059 0.6783896778 0.6220086879 0.6212469908 0.6200357851 0.6195946056 0.613852821 0.7470057953 0.7417587771 0.860403132 0.644352905 0 0 0.6963959139 0.6885860239 0.6888195774 0.7696143583 0.7684218104 0 0 0 0 0 0 0
0.5406712594 0.5425683087 0.5398490182 0.540021517 0.5799136504 0.8877344485 0.8868618833 0.8870946338 0.8587511957 0.6470727565 0.6433331111 0.5673190829 0.5600506967 0.5609409363 0.7503322349 0.5979886174 0.5970198081 0.6433131422 0.623425908 0.6168627308 0.604910055 0.6011161499 0.6359630561 0.6262799475 0.6227214394 0.8184723429 0.8169785323 0.8195829593 0.7315211604 0.7523694858 0.7757417139 0.7555782819 0.7538116749 0.5977505344 0.5931103163 0.6021011905 0.5928111947 0.5977028523 0.538885111 0.8154946902 0.8146561051 0.8236825205 0.690815827 0.5436976091 0.6757845947 0.6045739168 0.6230730968 0.6711250618 0.6123829766 0.6193250477 0.7479273213 0.7479980054 0.6118952516 0.7222151661 0 0.8898870541 0.6943156442 0.5923586603 0.5213199585 0.5348163918 0.7048154997 0 0 0 0 0 0
0.7961930975 0.6636090689 0.5481818219 0.5460489201 0.8641785498 0.864096614 0.8692217263 0.6349614135 0.8379760194 0.8773124066 0.6499004331 0.5669012001 0.5513481516 0.5580631642 0.7516072928 0.6030540986 0.6053055373 0.5972413567 0.5637460445 0.615788879 0.6088400587 0.8580253177 0.6322900493 0.6355531085 0.6634676173 0.6589011562 0.6590234409 0.7186052865 0.7165426518 0.7294212273 0.7511768092 0.747724424 0.7564692327 0.5974986513 0.5975390192 0.5922668433 0.5946660151 0.60038873 0.748109076 0.8245348995 0.8189331223 0.8213678358 0.650864782 0.6739859856 0.6681889063 0.6275120112 0.6320383977 0.6160469382 0.664431217 0.6201527591 0.6219596547 0.5404653949 0.7192378095 0.6977686562 0.7170806893 0.674059462 0.6680196227 0.6696559466 0.6774566903 0.7127337733 0.8344968678 0.8838649859 0 0 0 0 0
0.6273375607 0.5266824259 0.5476115202 0.8645580247 0.8661333503 0.8597873265 0.8688766075 0.6389405303 0.6935652294 0.6988463738 0.5078398812 0.5577152141 0.5533696065 0.5520662826 0.5529262947 0.5607334614 0.5627873822 0.5594676721 0.6158809408 0.5235232432 0.618300105 0.8604285374 0.8382246367 0.8455766755 0.6697766558 0.6614899036 0.6564242646 0.7065576532 0.7116355314 0.715146563 0.7495528236 0.7490406378 0.7482002771 0.59959863 0.5957310311 0.594248185 0.601916165 0.6008716911 0.5194378709 0.8284067472 0.8235770344 0.8500586859 0.7955603156 0.6745608026 0.6729525054 0.8035147258 0.637504157 0.6990087856 0.5722251124 0.6264224775 0.5473034718 0.623390462 0.7214230557 0.7168799821 0.7258676684 0.6694174387 0.6644902094 0.6691130898 0 0.8923802557 0 0 0 0 0 0 0
0.5328633968 0 0.6262313015 0.5842368054 0.8569164538 0 0.5235365895 0.5226647135 0.6960921435 0.6890112 0.5613591378 0.5585636437 0.5633618238 0.5581299758 0.556522307 0.5513177564 0.5569935502 0.647775528 0.7643270497 0.5536918055 0.8650049812 0.5389934463 0.838649523 0.8457421749 0.6689915776 0.8389247233 0.7047236095 0.7041024403 0.709416803 0.7516053956 0.7540138562 0.7520187614 0.6152901555 0.7554236549 0.6223903239 0.5856522746 0.627913892 0.5479980401 0.604082432 0.6731425867 0.5283841437 0.5255915862 0.5246738524 0.554189373 0.780737491 0.5488014489 0.5452663526 0.5477843752 0.6346185271 0.8487903072 0.6964466677 0.5143276996 0.7265371613 0.7166646676 0.7239575115 0.6727530582 0.6679101121 0.6727138128 0 0.5326219228 0 0 0 0.8762308684 0 0 0
0.8091860022 0.6210012311 0.6192053305 0.8626999657 0.531155967 0.5218822176 0.5156363915 0.5216939493 0.80422949 0.8076011475 0.6948272503 0.5660271448 0.5610602873 0.7402653113 0.7343363261 0.5546313754 0.5385453031 0.5268815578 0 0.5783977828 0.7981063469 0.6655775224 0.5476580507 0.6775970987 0 0.6281915319 0 0.7732178744 0.7098046843 0.712310751 0.6244420957 0.616266154 0.612790747 0.6148801757 0.61830567 0.624974606 0.6261650887 0.5903147035 0.5501854802 0.6711346 0.520762005 0.5151067676 0.5200781003 0.6701422739 0.6724545661 0.5463453177 0.5436164776 0.5489203802 0.5576807088 0.7015646257 0.6403103273 0.7287696155 0 0 0.7252485906 0 0.6790617381 0.7423077191 0 0.5137469215 0.5121871159 0.5725682352 0 0.6389809746 0 0 0.6120905128
