landscape/hab_quality/256/simulation_000034_p069_h089_HABMAT_patch_more_500pix_modified.asc_ac_0.5_quality.asc
NCOLS 513
NROWS 513
XLLCORNER 0
YLLCORNER 0
CELLSIZE 9.980507
NODATA_VALUE NaN
[rows 425 to 449 of 513, columns 228 to 284 of 513]
0.5890070926 0.686947775 0.6923218783 0.7202257623 0.7110405433 0.7154198412 0.7172362138 0.8025481174 0.7509146902 0.5435640248 0.5378926979 0.5360817228 0.650868408 0.6444863854 0.6379828662 0.6372476486 0.6499154214 0.6487801468 0.6576365216 0.8926519463 0.8887729883 0.5924417773 0.8768020294 0.8763607051 0.876452917 0.8678404198 0.6317194319 0.6542550141 0.8046944297 0.5504987103 0.8108018946 0.8171108475 0.6196395802 0.606271912 0.6037940874 0.6076972211 0.6731449248 0.6825780497 0.5052132426 0.6826801468 0.7509659339 0.5841571021 0.583640289 0.6243567594 0.8911299727 0.6706635549 0.7175019788 0.7611001501 0.7632873724 0.5866550615 0.5948688525 0.7250920827 0.7267908532 0.5959224103 0.5953409386 0.5983876395 0.5294864975
0.5828858525 0.5207764229 0.7149114523 0.7124883963 0.7140286381 0.7148450812 0.7195311554 0.7666295586 0.7030274929 0.5442875843 0.8737515774 0.7264128117 0.6536520324 0.6519367512 0.6491431449 0.6573415321 0.6546497037 0.6550419554 0.6624368477 0.8500918331 0.8591351074 0.8824065073 0.8842766666 0.8802639153 0.8683277672 0.6569361929 0.8745556596 0.8174979802 0.8095836479 0.8030517751 0.8107875944 0.8147685824 0.7539536363 0.6460975003 0.6152318626 0.6770242861 0.8622405709 0.6755886741 0.6847584668 0.5061821615 0.5841845191 0.5829159208 0.5854523858 0.6065286777 0.8951545975 0.5662485969 0.7339149055 0.5975607884 0.593300934 0.5927286517 0.5887136409 0.6081601294 0.8181427518 0.6000231643 0.6044711809 0.516987074 0.5152726286
0.7148899234 0.5286955953 0.7364580196 0.8424623372 0.7231762918 0.7223713261 0.7191283994 0.7314128085 0.838578266 0.8386715476 0.8356649332 0.8272676977 0.8357304607 0.7849478589 0.7833278631 0.7773506642 0.6643387539 0.8305889691 0.8247763685 0.8325682193 0.844298675 0.8511271513 0.8559929313 0.8812871715 0.8851892451 0.7229257128 0.7138068612 0.7140205563 0.8945403158 0.8054294577 0.7364569806 0.7144030741 0.6888660425 0.7463257611 0.6473341402 0.8700304821 0.8694133296 0.8663456102 0.8738858144 0.8788144696 0.8350679988 0.5848881858 0.8444364637 0.6219251188 0.600790643 0.6056307295 0.7302044428 0.5985950749 0.6014495376 0.6017754103 0.610706199 0.6150461548 0.8175174502 0.8096541291 0.5125002294 0.5102934438 0.5135792304
0.704446412 0.6946271297 0.8814657701 0.7275338009 0.7288280002 0.7325639836 0.7294314195 0.5324496628 0.5246907708 0.8314249871 0.8330383534 0.8302547556 0.8264587117 0.7798662455 0.7755429189 0.6660566 0.6756121716 0.8288431944 0.8238056288 0.8332723946 0.8429968392 0.8485943638 0.6216296381 0.8627708297 0.8347229803 0.7195254179 0.7147469591 0.7095515965 0.7180190352 0.7192716201 0.7134298072 0.7049451344 0.7122035659 0.7495527414 0.7536464163 0.753750055 0.8703909738 0.8677441327 0.8709704447 0.8104377166 0.882201787 0.8514231124 0.8508480572 0.8406999428 0.7157879374 0.7283629798 0.7360108881 0.6103094193 0.6376973038 0.5047391768 0.607648304 0.7732182259 0.8105641349 0.8154869281 0.5147104529 0.5057550942 0.5082402369
0.7721362078 0.8841475227 0.6738176856 0.7296916776 0.730805988 0.6767852684 0.6755299919 0.5232343766 0.5228120693 0.5282935127 0.8351111645 0.8268345132 0.8291848455 0.7681960343 0.7849241151 0.7768097392 0.6718575305 0.8298454761 0.8266972681 0.8333095389 0.8385151359 0.8463490482 0.8571801596 0.826663877 0.7355530579 0.827204132 0.7147998702 0.8098225007 0.7158957852 0.7224311995 0.7076329783 0.7115546667 0.7053737937 0.879325447 0.7579179044 0.7598587235 0.8694710203 0.6872229806 0.8779455929 0.8761623772 0.6154715441 0.8444364425 0.8419591759 0.8446670672 0.8380798727 0.7378879523 0.7307750374 0.533710604 0.5169178353 0.7557707133 0.8581531133 0.8049909386 0.8172759179 0.8160167342 0.5144588873 0.5113806382 0.5118063521
0.7714338091 0.7623347761 0.6550114158 0.5827870445 0.5828167013 0.8756409768 0.6751304108 0.523330261 0.5299973444 0.5233333048 0.5359927398 0.6284734885 0.5770013411 0.7856150092 0.7913055571 0.7900290435 0.8376146383 0.8285870561 0.8347012609 0.8347546674 0.8382634702 0.7946094634 0.5725742808 0.8387261257 0.8339848937 0.7192596455 0.7589924346 0.7210161007 0.7499564334 0.7412950879 0.7131271702 0.8804959473 0.875919498 0.8857816117 0.7343383859 0.7294573718 0.7296863543 0.734400523 0.8831616482 0.6112886022 0.610528886 0.6081776541 0.8462485152 0.841586581 0.8319499788 0.8633199394 0.8631661791 0.8654977917 0.6571405634 0.7147065464 0.5634579465 0.5817256902 0.8035021967 0.809679855 0.5199042552 0.5204232613 0.5153611937
0.7740776347 0.7811443818 0.5359578845 0.5417903062 0.5378108444 0.6804627078 0.7922314977 0.5388237246 0.5318954796 0.5300936482 0.6112702992 0.7111860213 0.7919364862 0.7543605413 0.7730450803 0.7650070666 0.8370968081 0.572104621 0.8389188833 0.8747451089 0.8924767589 0.8960815987 0.9001327278 0.7267788264 0.7155670445 0.5488577336 0.5798514567 0.6794310214 0.7430276179 0.7475531058 0.8846476263 0.8829280072 0.876267242 0.8724473099 0.7278790339 0.7254700298 0.7304415773 0.7103758027 0.741634813 0.6109928095 0.6066754739 0.7003327317 0.7074634983 0.6179798639 0.6091201376 0.8705069928 0.8605382878 0.8649956045 0.5487597858 0.64811942 0.8084441689 0.8064376705 0.8069325015 0.8069706113 0.6064897276 0.5232270417 0.5388984565
0.7602234995 0.5087561584 0.5373052198 0.5291218616 0.7234557926 0.7673699624 0.6890548699 0.6906521628 0.7190412391 0.7701083164 0.7021593749 0.7533325478 0.7878043154 0.7384976141 0.6041393671 0.5549050378 0.7663207757 0.7949628102 0.6967155812 0.5601925356 0.8950289798 0.8918959921 0.9015130142 0.7191101493 0.72491092 0.6753542141 0.8452579513 0.5254478727 0.7631609778 0.8400638363 0.8924751063 0.884962019 0.7289682855 0.7197350713 0.7192952527 0.7212195512 0.7217021729 0.7348640155 0.6133351997 0.6083908152 0.6117495054 0.6101477152 0.6221687807 0.8418137871 0.613435703 0.7954555575 0.544539796 0.5444223716 0.5457204291 0.5736750328 0.8544079228 0.8808094285 0.8899157561 0.7889411483 0.8631503962 0.8352708632 0.5715874453
0.5896464261 0.7440799433 0.5610713319 0.5293701874 0.5360575496 0.8072360026 0.6252069117 0.6558984432 0.7610177137 0.7101934458 0.7091621268 0 0 0.7504611749 0.6904902733 0.6914451802 0.5911121022 0.7909159891 0.7557912527 0.8541564375 0.8190081567 0.8989916526 0.8970740533 0.6995529183 0.7241181719 0.5487773264 0.5347610764 0.7285726014 0.5305909092 0.8436666888 0.8853755151 0.888862235 0.7205168173 0.7210832497 0.7284673506 0.7236438486 0.7305226799 0.5726275635 0.6160024716 0.7091347255 0.6162549132 0.617685353 0.6147293907 0.8428791655 0.8333335084 0.7550650844 0.7740058107 0.537024777 0.5641621165 0.852770711 0.8505268809 0.8539773801 0.6960202333 0.8293797179 0.7126240004 0.8360859117 0.8342231213
0.8705190116 0.5524872497 0.5519092723 0.550690687 0.6322961536 0.8988788349 0.6189175607 0.5200873595 0.7703787426 0.6971090555 0.7150811916 0 0 0.6965950955 0.6191628348 0.6948785421 0.7946879165 0.5734422642 0.5723888239 0.5731422744 0.7170404181 0.5811059708 0.8854321136 0.530561005 0.8012907516 0.7976303412 0.8005401236 0.7632393656 0.7901497002 0.5992112849 0.7542308836 0.752013636 0.6047242604 0.7321782546 0.7346817418 0.7344231299 0.6391991203 0.5638819772 0.5878011118 0.7023815257 0.7013218657 0.6952772476 0.8422165714 0.8350173977 0.8390180931 0.7606459794 0.6744294602 0.866500814 0.6712285487 0.8441698922 0.8902296613 0.8911501947 0.7253782433 0.5633325245 0.552765015 0.5011157683 0.8582623876
0.5383671139 0.5457872206 0.5411912508 0.5488708703 0.5398926405 0.6214905202 0.6211202382 0.6207757125 0.622842338 0.6208417612 0.7064904905 0.7154497311 0 0.7790720668 0.8527591393 0.7565679587 0.5338121711 0.5715413889 0.5715125518 0.5740173739 0.8907560705 0.8893193141 0.8960236193 0.6170008389 0.8910003743 0.7334288053 0.8690900532 0.8616876189 0.641379161 0.5792223955 0.7548599975 0.7497824739 0.6897600839 0.799761413 0.7906476292 0.6360948976 0.6388587616 0.6484686837 0.6334928879 0.5799252418 0.6943964806 0.7064539351 0.8384929178 0.7598403136 0.8787617501 0.8784090672 0.8692685726 0.5127889508 0.8436156586 0.6688563761 0.8888247741 0.8934857391 0.8422243072 0.605061783 0.6907978458 0.639406998 0.6776369121
0.7656380736 0.5368534781 0.5369765456 0.8370945224 0.7630824858 0.7926784488 0.6291237268 0.6264863522 0.6277191947 0.8935145781 0.8964711508 0.5969579289 0.7254245165 0.8328282056 0.6776547188 0.7524450367 0.683225097 0.5751857912 0.5752726867 0.5723765298 0.8930265596 0.8865181604 0.5530077273 0.82322746 0.8943975837 0.5989299125 0.5971246573 0.8101115931 0.8165282414 0.8142700847 0.7516076516 0.8692468419 0.8704696129 0.790469997 0.7979488909 0.6398307208 0.6460004754 0.6484665799 0.853481997 0.6262228234 0.7016480951 0.7032348406 0.7112062079 0.7614784227 0.8757587917 0.8740539586 0.8729760239 0.8439117413 0.5159455317 0.8092096229 0.5699092501 0.7640782591 0.5131971284 0.5134963449 0.5128614162 0.586886055 0.6359362288
0.7274961542 0.541973277 0.5430140575 0.7968816 0.7995273371 0.6631249678 0.8792801149 0 0 0.8872693296 0.6511004228 0.6866177419 0.6941948312 0.7522054755 0.7482259983 0.6648821805 0.7541610982 0.90264198 0.8933654961 0.8884536469 0.8831397619 0.8884438211 0.6765118783 0.7692548073 0.7517568459 0.6019645571 0.5928817368 0.5206883575 0.8097921409 0.8177614967 0.6401415331 0.7509652789 0.7780535477 0.7949119748 0.6452743935 0.6384496687 0.6393626181 0.6478240741 0.8540505576 0.8472290428 0.8550563684 0.8466178232 0.8869949015 0.8173695231 0.8770175951 0.8759046141 0.8805451521 0.6650674338 0.8545151434 0.8573049582 0.6214564421 0.7373216244 0.5140180124 0.5040184215 0.5778675017 0.6086532107 0.5832220508
0.5442736493 0.5451445299 0.5433171869 0.8022339661 0.8031946394 0.8839956643 0.8837623368 0 0 0.7719022565 0.5978736223 0.6941583364 0.7076585818 0.7547520415 0.7486023293 0.7530204466 0.7140016637 0.9009734156 0.8976680325 0.8884506804 0.8898474382 0.8849850336 0.8036654924 0.6962541772 0.764995225 0.593563066 0.6023423879 0.8194485736 0.819140648 0.8180371571 0.7532303623 0.7506628814 0.7553648022 0.6568730855 0.6535818878 0.6380925105 0.6496988343 0.6603205471 0.527238517 0.7470571144 0.8796844012 0.5005828806 0.8097215162 0.8232847561 0.6341883806 0.7284219901 0.7117817741 0.6958158769 0.6881402026 0.8468223925 0.6305156073 0.6244109179 0.5087610179 0.7598003256 0.589638071 0.5802624762 0.6206965743
0.8636945071 0.7473267178 0.5466896555 0.6194995202 0.7658917288 0.797478685 0.791935998 0 0 0 0 0.7604822768 0.6969754748 0.6988768728 0.8515900935 0.757969241 0.753880097 0.7252091192 0.7533358751 0.8927658364 0.8980276965 0.8966288441 0.6522286945 0.7585017156 0.7643018254 0.6078837759 0.8251519922 0.8195890501 0.776296519 0.8903499508 0.7602081067 0.7541367992 0.7529604928 0.8612453365 0.6483616615 0.6475126318 0.655812195 0.5846478201 0.752757808 0.7469468743 0.7433352598 0.7481855837 0.5932976348 0.9000727584 0.7158668397 0.7113683317 0.7192589452 0.6952780784 0.6915901468 0.694398158 0.5042677924 0.5052062577 0.7527615475 0.7283429839 0.7242096002 0.7281666559 0.5535565617
0.8614143477 0.8745259524 0.6638688879 0 0.6070525671 0 0 0 0 0 0 0 0.6899900093 0.6938718388 0.7072675232 0.5306155205 0.8152279311 0.8922798153 0.6301242497 0.6346369545 0.897549313 0.8881332579 0.6743105649 0.7542448769 0.7555788852 0.6575323336 0.8673949644 0.6834489579 0.7557593926 0.53642816 0.8227302028 0.6050329224 0.6009390143 0.6557838949 0.653100042 0.6511182043 0.5759256815 0.7718095389 0.7746569181 0.7357370614 0.8969682791 0.6697150652 0.8962546635 0.8973313845 0.8971372464 0.7113673516 0.711330154 0.7070789685 0.7115801989 0.712487838 0.7438955106 0.5027328665 0.7535369152 0.7247723855 0.7224171789 0.7302841389 0.7255218446
0.670154485 0.8686216029 0.6636159711 0.6619393326 0 0 0 0 0 0 0 0 0 0.5696721324 0.5312315921 0.5225356831 0.6684366623 0.6843790581 0.626400215 0.7275730421 0.8892754352 0.7490293159 0.7748237285 0.7478862457 0.7383791941 0.7401511378 0.8965463853 0.6821945865 0.6768871659 0.6746185502 0.8951802856 0.6544078914 0.6562808475 0.8695275397 0.6599530062 0.5303170483 0.7337830036 0.7706829346 0.6127945383 0.7395598531 0.8117958519 0.8980207178 0.8913660947 0.8956166606 0.9085567073 0 0.7040417761 0.7040324328 0.7121339795 0.7102290876 0.7353474301 0.7417443862 0.7438175564 0.7255810982 0.7287440257 0.723953778 0.7281440838
0.7207091011 0.6056081351 0.6671357668 0.6327884116 0 0 0 0.5325749663 0 0.5273994773 0.5075671609 0 0 0.5612749754 0.6091841694 0.5234470198 0.5293555683 0.6280314142 0.6622595801 0.630145224 0.7414175909 0.7540464875 0.7441249198 0.7360897248 0.7376079211 0.74565473 0.7478561701 0.6782301839 0.6738740444 0.6673755377 0.6562448808 0.6484285511 0.652217846 0.871800484 0.8657699743 0.874715652 0.5189276509 0.6146770818 0.8313119802 0.6110417443 0.7976037964 0.8979668774 0.6030573937 0.8986342776 0.707521551 0.6937576476 0.6958817506 0.823821566 0.7072694505 0.702637701 0.7221694897 0.7347966029 0.7283238206 0.7588614938 0.7265624784 0.7273871039 0.7278279965
0.6007765778 0.8438185262 0.6008749553 0.5901784566 0.6144946645 0.5380704786 0.5370174653 0.5294964927 0.5346421078 0 0.8370142548 0 0 0.6715460589 0 0.7453880053 0.5781393687 0.566872388 0.6347223673 0.6355780185 0.8283236671 0.7443893768 0.7384380048 0.7343600178 0.7372510861 0.745131087 0.860065177 0.6990321811 0.6757302149 0.6739267679 0.6576017272 0.6500392147 0.6502141527 0.8700254983 0.8743347866 0.8702704504 0.623319873 0.6087404579 0.6050500597 0.6188854139 0.5432119442 0.9006328722 0.6117701746 0.6009452605 0.6020176912 0.7049140791 0.5531954129 0.6417719131 0.697379683 0.7045844306 0.7046408495 0.7208585893 0.7610842831 0.7226285127 0.734505346 0.7277532786 0.8084886297
0.5996566961 0.5957218348 0.5974734214 0.5233529834 0.5249645843 0.5426410937 0.8740333169 0.5322019715 0 0 0 0 0 0.6766551287 0.8687403997 0.59538512 0.6995165317 0.5130772612 0.8318593573 0.673585974 0.8231641827 0.8208423127 0.7357827126 0.5930378395 0.7430698704 0.7959173402 0.7217342328 0.5990515962 0.6764755872 0.5153823024 0.513256915 0.6577698 0.6579304015 0.6573185448 0.5567189682 0.55282176 0.8402071086 0.896791701 0.6107898315 0.5398428355 0.5392345408 0.574554845 0.6022331888 0.602691342 0.593287831 0.5996721333 0.7057050498 0.8597213053 0.7059012377 0.6612486145 0.6971372463 0.666266687 0.671917333 0.6810779332 0.5783403906 0.6325280261 0.811045749
0.5923286844 0.5902765488 0 0.6083618294 0.5165827537 0.8024779195 0 0.8657591078 0.8728797051 0 0 0 0 0.8580074648 0.564834339 0.7980334844 0.6043512815 0.8181485773 0.6065666611 0.6692532155 0.8212801845 0.813749791 0.6011227096 0.5951869625 0.5973808035 0.6078875664 0.6072965526 0.6001844622 0.5957521273 0.5995757806 0.7226542292 0.5188429486 0.5721197956 0.791770956 0.5551913247 0.5515151435 0.8207170899 0.6771741328 0.5418962228 0.5453749235 0.544187038 0.8541128578 0.6064884286 0.5988488515 0.6615335041 0.5991596961 0.601815312 0.8677772251 0.7797044106 0.7074469553 0.669927242 0.6965760986 0.6801010855 0.6777414265 0.64185227 0.6764390236 0.6755805796
0.599593355 0.594291216 0 0 0.5176620891 0.5215658207 0 0 0 0 0 0 0 0 0 0 0.6134644343 0.6029572345 0.8176689571 0.669168222 0.8188864609 0.8173782938 0.8202587733 0.5580790976 0.5859723035 0.6142868332 0.606050033 0.5974865164 0.5953464795 0.6047661629 0.5728120289 0.6324251349 0.7556308769 0.5704917115 0.5555236298 0.55430868 0.5950677692 0.6472494042 0.5756963691 0.7868107865 0.8847185788 0.7858136979 0.5871695389 0.6082886094 0.6663601987 0.6581558349 0.6593658918 0.6594888228 0.701140978 0.7056012616 0.7187994585 0.6884534265 0.6888082788 0.6886274091 0.667256771 0.6802057285 0.6784775579
0.538607172 0.5443011396 0 0 0 0.5214588391 0 0 0 0 0 0 0 0 0 0 0 0.6083112624 0.6047518193 0.6686302879 0.6647112452 0.8160700605 0.7269803057 0.6045740174 0.7008274991 0.6111918472 0.6098027993 0.6018600159 0.5965160866 0.6050613452 0.6252630778 0.528537595 0.7932630632 0.7807913555 0.6272928526 0.8919713491 0.8185813222 0.6512499519 0.7871825848 0.7886242114 0.7794562058 0.7435364467 0.7873414769 0.6542909915 0.6678471842 0.6674372061 0.650306537 0.8318147355 0.6611673156 0.714264938 0.7059724566 0.5463306432 0.5485335045 0.6165957164 0.6263566227 0.672145021 0
0.7367999245 0.8252941458 0.5474873029 0.5472080209 0.5272316784 0.7071440198 0.8505795672 0.6667184658 0.890311339 0 0 0 0 0 0 0 0 0.756399628 0.66541547 0.5921190321 0.6607523172 0.7767432885 0.7203051368 0.8573959236 0.8205634949 0.6121558054 0.6064725885 0.607871791 0.6080653272 0.6160107311 0.6181105571 0.7897697761 0.7937642542 0.7196716316 0.7112414162 0.5566828556 0.689901949 0.8367430256 0.6618011156 0.779701793 0.7764898774 0.7786068283 0.6157768614 0.8824877705 0.6456517965 0.6556030147 0.6551575386 0.6553150865 0.8345290967 0.8548644192 0.6286496746 0.5462918952 0.720228654 0.5297738007 0.6733562872 0.6706321192 0.6767782063
0.5516430258 0.5599188188 0.8262621264 0.8389289357 0.8387991653 0.8402848636 0.8259394691 0.8257089972 0.8224695592 0 0 0 0 0 0 0 0 0 0.6684422672 0.6646587261 0.6571154186 0.6590381441 0.7205078604 0.7251597997 0.8364179681 0.614284243 0.5420246005 0.6115007716 0.6887967823 0.6137324576 0.7803524942 0.7835159335 0.5360602552 0.5528689117 0.550506775 0.6856470771 0.5586196094 0.5131208582 0.7761050895 0.7721997909 0.7740877588 0.7769587597 0.7540986728 0.6552312995 0.8170071895 0.661050404 0.659537057 0.696862683 0.700563561 0.6890642804 0.5490900997 0.5264000532 0.5488122175 0.6324826688 0.5941439356 0.6752880935 0.6738696306
