landscape/hab_quality/256/simulation_000061_p066_h038_HABMAT_patch_more_500pix_modified.asc_ac_0.5_quality.asc
NCOLS 513
NROWS 513
XLLCORNER 0
YLLCORNER 0
CELLSIZE 9.980507
NODATA_VALUE NaN
[rows 392 to 419 of 513, columns 124 to 185 of 513]
0.6562132972 0.6589025415 0.6515377948 0.8289792313 0.6799752692 0.8466063492 0.829059215 0.8214355056 0.8216399107 0.8268968368 0.8381282622 0.8858704709 0.776430719 0.6091155624 0.7292681428 0.7313784323 0.8379242323 0.8449089581 0.8459166253 0.846880035 0.8019753359 0.8749621243 0.6519194704 0.6165111825 0.6226747567 0.6552894789 0.6476425246 0.6444708973 0.8358383209 0.7859720118 0.7796328071 0.5127575048 0.5468636246 0.5451527637 0.8578293123 0.8580405066 0.5999307231 0.5992553438 0.5978695327 0 0.675445008 0 0 0.7572032176 0.7578525405 0.7603296063 0.6518364087 0.7585778009 0 0.6879920781 0.6904940618 0 0.5936456846 0.5929638437 0.5346876156 0.535325985 0.5949495488 0.7605057532 0.7524907127 0.751194678 0.7566568501 0.7642144047
0.8516237862 0.8534900518 0.6643000108 0.8365382853 0.688635025 0.6863131524 0.8272487232 0.8232226436 0.8212757832 0.8251581128 0.8364156604 0.7710446381 0 0 0.5253158593 0.5224963952 0.8395848422 0.8368322175 0.8395022573 0.8475614203 0.899535626 0.5289920266 0.8465886995 0.6164781368 0.6146141408 0.6120045813 0.6474338531 0.6455895755 0.637612334 0.7805255516 0.8971351585 0.7884925608 0.5460774224 0.8529826365 0.8584330866 0.8659744863 0.8825068894 0.6046272846 0.604354857 0 0.5282773834 0 0 0.8985181866 0.8923713104 0.6557858676 0.5425048437 0.8552695271 0.6951168604 0.6881605476 0.6935606092 0.6073135305 0 0.5841057856 0.5383033253 0.5292076473 0.5291201533 0.7540208252 0.7561956457 0.7485534048 0.7571258761 0.7640911714
0.5651546423 0.554661808 0.7973628713 0.6812736306 0.666627503 0.6812976486 0 0.8035305411 0.8272788857 0.7093904999 0.8248267544 0.8216426611 0.8275307983 0 0.5099864057 0.5168417186 0.8357028458 0.8323852601 0.8402553579 0.8308277669 0.7697282405 0.8941023198 0.732475677 0.8402041105 0.6105563044 0.7623871068 0.7659924211 0.6391997348 0.7786243994 0.7587659154 0.7539867122 0.7613535911 0.7936348407 0.7891352835 0.6860597808 0.6800662776 0.8977539347 0 0.6482788717 0 0 0.6697176235 0.6720995669 0.7865202685 0.8958330042 0.8897687909 0.8962814156 0 0 0.6115949607 0.6045464745 0.6408515537 0.6695056813 0.636916317 0.5315695737 0.5343212814 0.5249856814 0.7553272273 0.7479856025 0.7533685994 0.7540228514 0.764709228
0.6314907323 0.7403124181 0.684732233 0.6831321998 0.6768341281 0.6759904256 0.736539297 0.8095727353 0.8094880931 0.717813838 0 0.8198645373 0 0.819022605 0 0 0.8344524811 0.83047844 0.8303773015 0.7684564927 0.8901817286 0.8904335276 0.8926782108 0.6120180109 0.8506288302 0.6175446697 0 0.7602823026 0.7600781316 0.7546820381 0.7528045729 0.7613791965 0.7883240433 0.6386946159 0.592376561 0.680645873 0.687079933 0.555957907 0.7253327653 0.6566441736 0.6601864338 0.6599519175 0 0.5731117773 0.8974063342 0.8943689606 0.8865440835 0 0 0.6045075278 0.6031940912 0.6499220919 0.6357211145 0.6412938956 0.5272126899 0.5243666335 0.5302644847 0.7537994203 0.7574853875 0.7238233795 0 0.7800165218
0.6628808343 0.6628056854 0.6862967879 0.6791379403 0.6852055164 0.6805733049 0.6955782424 0.8450682992 0.7192875288 0.6493485313 0 0.6294225137 0.819615369 0.8170073855 0.8189568753 0.8289231144 0 0 0.6483376852 0.8013128874 0.5393334303 0.886206626 0.7918736279 0.7045990669 0.6924960645 0.8497703007 0.6990190157 0.7538762874 0.7557322914 0.7592750944 0.7467949772 0.7541458934 0.7683879595 0.7244341766 0.7182656481 0.7111167508 0.7131315944 0.7158888021 0 0.665863855 0.6520277476 0.6438890825 0.6907754582 0.8651227837 0.7293244378 0.8925127166 0.8851640996 0.8941378798 0.8971392947 0.6129889849 0.6803267899 0.636555746 0.6722448879 0.6451908269 0.5259889945 0.529608893 0.5304963595 0.7590233674 0.762072525 0.7649215384 0.8755850329 0.752330256
0.6674068071 0.844140879 0.6793756143 0.6847519021 0.6861526 0.68652584 0.7400914064 0.8123551942 0.8142961082 0 0.6356964674 0.5203870695 0.8222740019 0.5094831514 0.5065416931 0.5460571848 0.8427273967 0.8390257442 0.6489095368 0.6415823556 0.7988960064 0.7906158213 0.7929879132 0.6978794909 0 0.6934646469 0.6944880513 0.7532876021 0.7512299647 0.7391753722 0.744181668 0.7530700258 0.6808039601 0.8669581929 0.6851134893 0.709841874 0.7144196678 0.8078728307 0 0.6364951056 0.6378957817 0.7114888097 0.6426801926 0.7210869471 0 0.5897274874 0.8937967421 0.8949598322 0.865712013 0.6832336371 0.6874302691 0.8938385113 0.8643317819 0.8616615662 0.8530155661 0.8527973288 0.8528851988 0.6347176973 0.5730162267 0.5821981418 0.6334208938 0.5225185804
0.7226615658 0.5606611391 0.8566782955 0.8659498105 0.5275138698 0.687155478 0.6893613033 0.806868914 0.5910601671 0.6422501656 0.5980041127 0.5246376341 0.5185545192 0.5046199459 0.5063328063 0.5441103722 0.5509425955 0.6530437655 0.6481543399 0.6398732611 0.656197897 0 0.7988074126 0.6976834003 0.6892961418 0.6785783639 0.6918820837 0 0.7461169112 0.7498542279 0.7480702223 0.7542061378 0.6872957165 0.6807706133 0.6859259015 0.5278546634 0.7139571599 0.7122186423 0.529859116 0.5829907196 0.5656412162 0.6328459607 0.5712438887 0.5039659617 0 0.9001248068 0.8973133068 0.8967006757 0.7181721062 0.6135616991 0.5047368665 0.7374244499 0.7265518057 0.8624914909 0.86099585 0.8527659385 0.5640095412 0.8572480701 0.8277671481 0.5755083823 0.5554161419 0.5548894326
0.8529791343 0.8521782558 0.8578536686 0.8620977065 0.6269412467 0.6270703389 0.6252634836 0.6330561355 0.6609606132 0.8583210958 0 0 0 0.5118386153 0.5071452638 0.550840094 0.55069492 0.6137023061 0 0 0 0 0.8040075742 0.6958137967 0.6923251195 0.6865051538 0.6766990224 0.6835687923 0.6927752652 0.7495909047 0.7519145946 0.7546712836 0.6787306963 0.6786255329 0.6158682969 0.6151090705 0.6030514418 0.8858612526 0 0.8480732315 0.5912498141 0.5640675001 0 0.5777235371 0.5806610418 0.7829092018 0.5309281903 0.7373193978 0.530240981 0 0.5315516176 0 0 0.728811443 0 0.8596649386 0.8528182219 0.8617506328 0.576770195 0 0.5543123096 0.5465869982
0.8574466721 0.8592110976 0.6117173925 0.8594266354 0.6203644262 0.6184689423 0.6256418661 0.6351197689 0.7606656459 0.8551629648 0.851223777 0.8456974152 0.5215787489 0.5190617782 0.5196917334 0.5107073792 0.5543482311 0.6507154034 0 0 0 0.6532558181 0.7759044252 0.694104749 0.6896041209 0.6831854622 0.6853230009 0 0.6936472403 0.7605577272 0.7603469343 0.8820551033 0.6853309155 0.6811226554 0.6839373059 0.6217771264 0.5900005488 0.5966663888 0.610232002 0.5931734626 0.5704339553 0.568538351 0.5642964905 0.5694444005 0.5794136183 0 0.5306090517 0.5212942771 0.5247826866 0.527094018 0.5342061347 0 0 0.754991428 0.6037522558 0.8626663431 0 0.8608539192 0.8701737769 0.5557002817 0.5534156247 0.5522829708
0.7356177599 0.7384362885 0.633660152 0.5450844447 0.6185299628 0.699164301 0.6219271658 0.6798540191 0.7647865384 0.8593169837 0.8527683302 0.849777654 0.8410662602 0.844427502 0.7562724648 0.5549950648 0.7415954684 0.511368092 0 0 0 0.649745237 0.7713409132 0.6344823163 0.6900893941 0.6923541015 0.6893218327 0.6939798257 0.6923942987 0.8480339758 0.6752862603 0.8828579086 0 0.626763509 0.8384951421 0.8334885126 0.5914691584 0.5873303243 0.5908519835 0.8964739241 0.8437453231 0.8373180124 0.825331896 0.5741770011 0.5793621001 0.5351630532 0.5267405046 0 0.5303019257 0 0 0 0 0 0.6045186082 0.5945389928 0 0.8660669137 0.8687357878 0.5640352555 0 0.5539547828
0.7295447444 0.7335883627 0.7336980732 0.7396988091 0.5621567738 0.6991666349 0.5655948688 0.7243063583 0.6819404626 0.860459894 0 0.81364976 0.8406712049 0.8374640961 0.7527486819 0.7475757946 0.8550315767 0.7509467067 0.5154527158 0.7567143007 0 0 0.5596167312 0.7807186635 0.8228089252 0.6686516201 0.695237454 0.7018085167 0.6984379821 0.5421068204 0.8341304703 0.6361226208 0.6264935925 0.8066602979 0.8410321045 0.8317166247 0.5927390263 0.7782022235 0.7763412496 0.7792077184 0.834522999 0.8400861849 0.7248514315 0.5357435972 0.5311067869 0.5304202814 0.5273595731 0 0 0.5305216424 0.6232056679 0.6210348266 0.6276995066 0 0.6021097949 0.6034792538 0.6485464446 0.5328746913 0.6516584021 0.5657017746 0.557500591 0.7732827153
0.867426154 0.7394556446 0.7395013986 0.7500566533 0.5372705723 0.5322231772 0.5397985283 0.6905046684 0.640250856 0.6277134849 0 0.8124622299 0.8340436164 0.8311676407 0.8308097633 0.755250298 0.7542815509 0.8523097239 0.7484563249 0.7532525283 0.6068099159 0 0.7810636193 0.5241555479 0.6337671956 0.699679577 0.8354424417 0.7010898077 0.7062027622 0.8416031525 0.5422669815 0.8645948914 0.8610580659 0.8613095785 0.7618796222 0.7655649669 0.7648496082 0.7755213088 0.7694806264 0.6761234314 0.8404053739 0.8388262141 0.7957023445 0.5410124235 0 0.5288137877 0.535755071 0 0.5306896777 0.5305861984 0.622577337 0.6203299958 0.6228074507 0 0 0.6045746592 0.6557493603 0.646774716 0.6550165088 0.561501831 0.77455378 0.7708216488
0.7608296649 0.8680478092 0.7482397326 0.8881343645 0.7041302297 0 0.6215370358 0.8925212727 0.8179225305 0.8803269259 0 0.8220622711 0.8324068701 0.8317447516 0.8368471682 0.8364071899 0.8854563631 0 0.7447311422 0.8091009337 0.6418014766 0.5779563479 0 0.6889691221 0.6262319575 0.6245960999 0.6260716177 0.6757883706 0.8451985809 0.5912079752 0.5537444291 0.862953208 0.8580320377 0.7314967922 0.7674926528 0.7604058152 0.7622263618 0.7667519557 0 0.6868242903 0.7776225739 0.8452036612 0.8357107295 0.8370039269 0.5301437429 0.5377786587 0.5294262796 0 0.5388011722 0.5312874979 0.623065825 0.8065659954 0.6724161031 0.6230505967 0.6304667708 0.6062151477 0.6527065981 0.6476199566 0.6487288788 0.7780591445 0.773135308 0.7690603978
0.5581859728 0.5572064741 0.6174832218 0.7623982893 0.5163921092 0.7332614329 0.5125482521 0.8126566593 0.6693270258 0.6705255039 0.8229752144 0.8266288086 0.8310709944 0.5527310141 0.5607733103 0.8420274303 0.8438709008 0.7514941637 0.7504280431 0 0.6517186564 0.582681436 0.5778528005 0.5707149926 0.6883574291 0.5848360365 0.6263185835 0.5149049698 0.6346468739 0.7893252069 0.6475011201 0.6039238027 0.6089119589 0.8677331546 0.7257677559 0.7631906499 0.7631749402 0 0.7792759783 0.7780682305 0.711180957 0.7772729713 0.5281258089 0.8972210543 0.5200953132 0.8759167452 0.8749347683 0.8965154888 0.6283969826 0.6322387275 0.5599783628 0.814816368 0.8131478304 0.6281904799 0.6326455165 0.5112424437 0.5090804882 0 0.687385557 0.6713056679 0.6474775066 0.77784202
0.5500863541 0.5528718066 0.6507347031 0.7605576055 0.5094400076 0.5064063949 0.5053491343 0.6653682881 0.6662613109 0.6683369282 0 0.834257184 0.7689712601 0.6498543516 0.6474702787 0.6534059466 0.6494957974 0.755938575 0.755700811 0.7522337114 0 0 0.5863274371 0.5717448751 0.5737278837 0.6886630777 0 0.5126709835 0.5148855637 0.791305864 0.6043539587 0.5996145037 0.721273891 0.7199309879 0.7741725952 0.7699251617 0.7768666189 0.7053777495 0.5890303307 0.7566787726 0.7547705908 0.5264699403 0.5247035861 0.5196957003 0.5961126832 0 0.8725263311 0.6607990322 0.8311163052 0.5626360074 0.5584731792 0.557436102 0.548277139 0.6353584828 0.6740289488 0.5037939064 0.8248384095 0.6722083659 0.6669809371 0.8334870621 0.834026233 0.5451365409
0.5699249998 0.555320716 0.6724713087 0.6709266578 0.5114259844 0.5037235607 0.5100541303 0.8239006752 0.6611750436 0.6601947025 0.6607153488 0 0.6467671867 0.6480433136 0.6479027806 0.6438320022 0 0.651560812 0.6349271521 0.5202426887 0.8680819635 0.8621706582 0.6643576401 0.6685932184 0.5747384011 0.7703977755 0 0.5045761216 0.5163643758 0.6126634858 0.6561562874 0.8759012067 0.601923726 0.7113172418 0.7714086096 0.779869547 0.7751065916 0.7487536479 0.7550072482 0.7504953242 0 0.5284569111 0.7411117765 0.5251132778 0.5292085829 0.7415602185 0.8660505438 0.8681524789 0.8306365965 0.8230972355 0.5661924156 0 0.6224171585 0.6709440793 0.737188782 0.5060699165 0.6883035414 0.664371346 0 0.8308768016 0.8274414619 0.5396095878
0.6959236589 0.6970075545 0.6658313794 0.6633181142 0.5132235252 0.5050454543 0.8278460592 0.827532183 0.8147322983 0.816127975 0.8197741552 0 0.8648769039 0.642959165 0.6402261387 0.6440371702 0.644369038 0.6511248719 0.7088044441 0.7025351495 0.7042337323 0.8972485598 0.6677815293 0.6676401277 0.7629871477 0.7616324264 0.7664729518 0.761892365 0.7676721317 0.6316019668 0.6220096686 0.6167369593 0.6179738414 0.8399416048 0.8456399379 0.8385695075 0.7629212967 0.7533333251 0.7466584147 0.7508320502 0.7607832688 0.556497705 0.5362271799 0.5307493795 0 0.8721763519 0 0.8359934023 0.8198679778 0 0.6192051513 0.6134369219 0 0.7642758723 0.6733625891 0 0.6715129698 0.6647358748 0.5816131978 0.8374171413 0.5414383024 0.8271898786
0.6872928547 0.6893087168 0.7008492976 0.6639674003 0.6705828755 0.8317980989 0.8223937189 0.8197130187 0.8230849268 0.8135355975 0.816941038 0.8223112268 0.8643991797 0.6479468043 0.6440519499 0.6438471431 0.5292587106 0.5221790105 0.7039443954 0.6991989349 0.7060924128 0.6978307659 0.6740186941 0.7702982521 0.7688254156 0.7612551018 0.7604351139 0.7600459088 0.7608479739 0.6273599498 0.6157015013 0.6136787979 0.7865006462 0.7865870497 0.8370234138 0.758574727 0 0.7544207055 0 0.7533512953 0.7517776903 0.5600873329 0 0.5372799674 0 0 0.6370959002 0.7628004243 0.5823559105 0 0 0 0.75562831 0.7527993361 0.8426945206 0.7472201691 0.6179616769 0.6512364224 0.6473933341 0.6572162801 0.8172430445 0.7187553263
0.7540014675 0.6954700124 0.6971900305 0.7099738115 0.6152930543 0.8343735492 0.825593091 0.8224909869 0.8150748927 0.8228719394 0.8146332808 0.8605103609 0.8665045877 0.6445419526 0.6445300662 0.6467984422 0.6564910205 0.5216119864 0.7085865917 0.7012878828 0 0.7221931773 0 0.7263919598 0.7691125876 0.7680445168 0.7696164228 0.7611647765 0.7635226003 0.8440058846 0.6226787443 0.6176497152 0.7867113074 0.7829977395 0.7881277948 0.8382739179 0.7619486637 0.5054960438 0.7567044951 0.7500036948 0.8935814066 0.7149979477 0.5813797426 0.5433334016 0.8397775978 0 0.7430443771 0 0.5812196179 0.7650125564 0.5270088956 0.695643919 0.748927523 0.7480278728 0.7409674936 0 0.6531678214 0.7873925583 0.6473425172 0.6517166671 0.6473831494 0.6476527706
0.574014371 0.7019697149 0.5954909532 0.6912257542 0.7292676642 0.7265986188 0 0.8175728649 0.820347155 0.8152217563 0.797829378 0.7898334808 0.6595619117 0.6529863688 0.6456294126 0.6477593251 0.6483776213 0.5748448889 0.5107175968 0.5189138649 0 0.6912248645 0 0.6987761016 0.8112864195 0.7055902808 0.7023224742 0.6507356674 0.7639692788 0.8420976053 0.8397572771 0.5682814804 0.6892402118 0.6366511424 0.7227804788 0.5228867733 0.5075464823 0.5152901548 0 0.8907855775 0.8971908609 0.7437495356 0.7105526952 0.8842247881 0.5479766636 0.8295037441 0 0.8057176926 0.6616754151 0.8624138816 0.6356655933 0.6950712689 0.7554403628 0 0.7421601472 0 0.5094796018 0.8556898054 0.648894425 0.6450337427 0.63974799 0.6449075989
0.6804803004 0.8200252501 0.6203278235 0.6884437266 0.6870400328 0.8327683424 0.8318912098 0.8255444439 0.8239475087 0.8303159504 0.7889022937 0.7830950857 0.7883435664 0.6509965611 0.653112552 0.6531965806 0.6329517419 0.575263622 0.573057396 0.5100217609 0.5159419119 0.5089529817 0.527737847 0.7224060249 0.6987532894 0.6969378231 0.7584156085 0.6812969717 0.5337143714 0.8472200243 0.570254178 0.5737937326 0.5769464411 0.5157963729 0.5151024127 0.5224703028 0.9002472284 0.9007322345 0.8462694019 0.8947200416 0.8829614488 0 0.6585556076 0.5539955502 0.8279769147 0.556637766 0.5695732161 0.6246526632 0.798219929 0 0.7254465285 0.8401499328 0.8317437889 0 0.8313924325 0.7451850443 0.5081547568 0.6559864848 0.646526952 0.6458772176 0.649886847 0.6466649199
0.8207886429 0.8230472995 0.6814907065 0.6788909226 0.8039607202 0.6806266831 0.8270957687 0.828150151 0.8296919012 0.7923660522 0.6140397234 0.7796207148 0.7789932056 0.7788438417 0.7869784102 0.6321631364 0.6320211306 0.7320758657 0.5140558349 0.5145479692 0.5079010389 0.5151065621 0.5178257003 0.701821235 0.6964890606 0.7025761592 0.6716681791 0.6771936443 0 0.730707516 0.6735841342 0.5746439186 0.5175186844 0.515285256 0.7421791229 0.5238552789 0.9009092305 0.8914185991 0.894991648 0.8920982973 0.8823114441 0 0.696156777 0.834604538 0.5569722507 0.5572075133 0.7152471645 0.6483926258 0.7158122203 0.7017241629 0.5388852465 0.8411534904 0.8388307643 0.8302065138 0.837648916 0.8421532461 0.5258209801 0.5172576557 0.8607311365 0.6544305647 0.6434209788 0.8099651988
0.7367036457 0.7355709934 0.7309492892 0.8437505176 0.6749826974 0.795539225 0.8324941666 0.8446683293 0.8376248171 0.7876002093 0.7821152798 0.775423585 0.7717206235 0.7782563842 0.6242709197 0.6247620007 0.6314468263 0.5949410235 0.7094866249 0.5121276858 0.5106386424 0.5153463116 0.6302483199 0.5199654457 0.7047594173 0.69835209 0.6690986362 0.6735264896 0.5574157687 0.6189276799 0.6785551893 0.6790296309 0.5186685875 0.5670591863 0.6512503972 0.5929994257 0.5455145572 0.8973627697 0.8924251155 0.8903495678 0.8855536314 0.8826887555 0.7743248315 0.6979466361 0.5581575265 0.7217251036 0.7228149966 0.7216389139 0.5454616278 0.7322974703 0.8782431153 0.8377043516 0.8323467519 0.8305656555 0.8400371852 0.8381428216 0.6606877442 0.7210860087 0.7126194469 0.5254622204 0.8810986718 0.8792590893
0.7280489855 0.8782649992 0.7342669913 0.7334299155 0.7358132599 0.7295734685 0.7653979101 0.7626841168 0.7629348349 0.6402013551 0.7918857375 0.7813969515 0.617148094 0.6088058027 0.6162469572 0.6206918325 0.7459093445 0.895544808 0.5940093238 0.513261382 0.5202287749 0.5251435247 0.5172266623 0.5215307042 0.7026207646 0.6725221534 0.6467189096 0.6637498616 0.6727753487 0.6817269297 0 0.8297202683 0.8292560306 0.8132248014 0.8172800245 0.6452135317 0.8728318762 0.9000506132 0.9034642017 0.7969057455 0.8752647631 0.5288462715 0 0.5437429989 0.82395304 0.8151060878 0.671159259 0.8169820614 0.7362364687 0.7324188369 0.7414523591 0.8381340424 0.8339001448 0.8311212799 0.8840805353 0.6561666063 0 0.6656055601 0.7179433636 0.7185269849 0.8868506666 0.8790320231
0.629205976 0.7263581143 0.7286928917 0.7254756382 0.728522594 0.7382001611 0.7589993631 0.7567515681 0.5166571448 0 0.8291070489 0.626861022 0.6151858336 0.6080810671 0.6119131939 0.6027735147 0.8864441506 0.6393948671 0.6443092336 0.5960397823 0.5583231106 0.5253094738 0.525161596 0.5185371603 0.686947767 0.8984810443 0.6639359666 0.7031088437 0.6685774374 0.6741419635 0.8266233433 0.8247415198 0.8220104015 0.8209431229 0.8128600053 0.8968796094 0.9003885819 0.6363050726 0.8680994008 0.5289257249 0.5208997751 0.5274948139 0.7619787121 0.8567385378 0.8450817683 0.8128577714 0.8069837294 0.8105407296 0.74150721 0.7349970266 0.7348102691 0.5488271852 0.5502737991 0.8312065704 0.8361510659 0.8248526874 0.5177671318 0.693500747 0.745273192 0.8895805264 0.8814191548 0.8825959066
0.7314088588 0.7248263589 0.7227674973 0.7190895215 0.804634296 0.8061123859 0.8025605072 0.7602430384 0.7821494922 0.8539265302 0.6107019153 0.8222683428 0.6113827511 0.8750830275 0.6026716124 0.8807379834 0.8864552564 0.8934820518 0.6414137312 0.5323379277 0.5406171115 0.5573900881 0.7930705798 0.5700916735 0.5199559684 0.5976430178 0.7057694057 0.8224743454 0.7104015627 0.7185005532 0.8297459511 0.8253787685 0 0.81923785 0.8225625038 0.7870187832 0.648243842 0.6645191722 0 0 0.5201539283 0.521985584 0.8586331456 0.8446316961 0.8452891334 0.8423533535 0.5301469181 0.8108050197 0.7414663648 0.7425094343 0.7350897902 0.6593781503 0.7454173456 0.7019477567 0.6917400431 0.6984781881 0.6903917654 0.7591359949 0.8935802195 0.8867514144 0.8789599149 0.8719357777
0.7230389914 0.7231448432 0.7191334918 0.7287950036 0.8000856758 0.7971128908 0.8018067313 0.8104172664 0.7625211077 0.8454404117 0.8532719778 0.7835366869 0.7788953841 0.8729585773 0.8720970369 0.8791914598 0.890625501 0.5437329269 0.6063681268 0.5597124201 0.5248031473 0.5509567954 0.5489478903 0.5504891998 0.6849775119 0.7137490573 0.5095027065 0.5076256786 0.5083703022 0.7179578827 0.8614197878 0.5507709081 0.8272066791 0.8208024225 0.6606362995 0.6525436807 0.8447574821 0 0.6633963613 0.5225755698 0.5231585385 0.5228543446 0.5616910855 0.8573543378 0.8436299152 0.8429960363 0.8400219027 0.844532156 0.6467050847 0.6512681753 0.6551772547 0.5199238262 0.5257263961 0.7423724547 0.6872356239 0.6891247384 0 0.7582986819 0.8912713632 0.8916541878 0.8734609174 0.8753601993
0.7294364345 0.7278059634 0.7208658542 0.8023481964 0.8042046703 0.8001898132 0.804960606 0.8088664491 0.811467361 0.8462703914 0.8486631871 0.7766774704 0.7752934847 0.8746403856 0.8758430972 0.8744436953 0.8797893734 0.8825490037 0.6106645069 0 0.5512189014 0.5464860865 0.5418023541 0.5502571334 0.8602652858 0.8586893763 0.5084869678 0.5012957867 0.5074891337 0.8452688795 0.8535630836 0.853369366 0.8320411619 0 0.8325566615 0.8376823931 0.5899952102 0.5944054851 0.6638513656 0.5296463975 0.5262821614 0.5553331095 0.5641230604 0.8630176238 0.8549859109 0.8606065313 0.6806392162 0.5752238552 0.8225195306 0.645674692 0.5298553793 0.5274103897 0.6874097477 0.688984398 0.680216548 0 0 0 0.8925170244 0.8836874909 0.8818507127 0.8838532496
