landscape/hab_quality/256/simulation_000007_p030_h015_HABMAT_patch_more_500pix_modified.asc_ac_0.5_quality.asc
NCOLS 513
NROWS 513
XLLCORNER 0
YLLCORNER 0
CELLSIZE 9.980507
NODATA_VALUE NaN
[rows 330 to 362 of 513, columns 292 to 364 of 513]
0.8043906722 0.5167194569 0.8443239257 0.5254000881 0.7260189026 0.5371667326 0.6784213755 0.6760925263 0.6733397093 0.6832807634 0.5832897166 0.5750860458 0.6122644426 0.8301687747 0.6563716994 0 0 0.7299115241 0.5724853067 0.5775486016 0.5744454658 0 0.7046978142 0.8178273512 0.8214747546 0.7163373247 0.8309924721 0.8259640048 0 0 0.6802614849 0.682972331 0.6794323567 0.6962360476 0.6806582919 0.5205061126 0.5268469667 0.5348239576 0.5469923053 0.5462368787 0.858009171 0.8663480917 0.7140917565 0.8578289363 0.5797487481 0.5734588124 0.5728012245 0.5738182204 0.7019872395 0.7579297587 0.7476658845 0.6896728307 0.5116604032 0.5064472867 0.5332362346 0.5349597871 0.5378151028 0.8996695786 0.8960142252 0.9007326533 0 0.8845000951 0.5328343757 0.8770326064 0 0.8450018906 0.5314361491 0.5287208593 0.7112891117 0.709686969 0.7048439254 0.5658214791 0.867378265
0.8001253532 0 0.569761436 0.5654698471 0.7222705662 0 0 0.6740044716 0.6757047732 0.6072658977 0.5805903447 0.5798241475 0.5793396118 0 0.6508353534 0.519660411 0.7253452028 0 0.7260553274 0 0.5110468597 0 0 0.824160489 0.8259492288 0.8874749776 0.5039214483 0.5026383353 0.8183877633 0.7855815632 0 0 0.6871045199 0.7741828364 0.5263488977 0 0.5240692828 0.7180272709 0.698950173 0.861603484 0.8626121971 0.8659833134 0.8646382891 0.8552448189 0 0 0.5716957914 0.5779716533 0.5771832074 0 0.8912371078 0.7467187756 0.7559158405 0.6490412961 0.5388673167 0.6976420845 0.5410957911 0.8961581902 0.8955858439 0 0.89267994 0.5971053637 0.8775265518 0.8709356098 0.5273235636 0.5186292271 0.5234562103 0.7908528432 0.5343395099 0.7210157857 0.7067686746 0.6701601752 0.8653100137
0.8771936123 0.6521473185 0.5367626444 0.5606531701 0.7274905594 0 0.7456877455 0.7174440793 0.7801726227 0.7766037296 0 0.865815106 0 0 0.5135463116 0.5169625915 0.7250082377 0.715473934 0.7193908422 0.7274649164 0 0 0.7040611315 0.8678786773 0.8832271956 0.8892731412 0.5112101598 0.503732665 0.89002406 0.8252105804 0.8837074879 0 0 0.6129886153 0.524149958 0.5247139601 0.523800994 0.5683175543 0.7229819329 0.7187393138 0.8657916365 0.7451226432 0 0.8572647596 0 0.5767889453 0.5761278488 0.5709947664 0.5781828035 0.8842262218 0.8828225706 0.8838139187 0.7489327356 0.8910817851 0.8445247195 0.8348678972 0.5189439838 0.516755308 0.5634079237 0.8871981293 0.8892292537 0.6006008498 0.8708640977 0 0.5242724139 0.5182838604 0.5271134153 0.7881822197 0.7894418474 0.7837314686 0.6681695029 0.7139183155 0.7601175921
0.5479930644 0 0.5569633545 0 0 0 0.6380655025 0.6396057771 0 0.7660740563 0.7750204765 0 0 0 0 0.6993330472 0.7167755254 0.7172238775 0.7248711022 0.7279185769 0 0 0.6395638986 0.6399260688 0.8898330368 0.8855951894 0.8938397708 0.6459695687 0.6843094574 0 0 0.5909500296 0 0.8204882141 0.7602677018 0 0 0.7052808239 0.7056460845 0.7177407611 0.7408309639 0.8641093953 0.8574904629 0.5962888791 0.5921046953 0.5845172532 0.575580583 0.5789547639 0.576095881 0.8839707766 0.8822444815 0.8765998209 0.8834148367 0 0.8407504213 0 0.5145826311 0 0.8881910027 0.8918255936 0.8890381344 0.801356331 0.7295776501 0.8742608046 0 0.5270110726 0.7874446392 0.7871527344 0.7810037994 0.7876535504 0.7833907494 0 0.6508860814
0 0 0.6737782065 0 0 0.6428211002 0.6418971548 0.6430629981 0 0.7706945075 0 0 0 0 0 0 0.723408285 0.7219652461 0.7232169429 0.8092137009 0 0.6567774319 0.7530536032 0.6403574207 0.8885679062 0.895421518 0.8953285488 0.7662819371 0.5652171479 0.5791558314 0.5843586054 0.5895957103 0 0.8229527068 0.8260095878 0 0.7143421074 0.7044543764 0 0.7203580598 0 0.7356117826 0 0.7395434398 0.589743822 0.5810840593 0.8851590621 0.8781644889 0.8736446465 0 0.8828588066 0.875086122 0.8815317314 0.88398128 0 0 0.5061471662 0.5155033443 0 0.8891308658 0.8950873358 0.8895652998 0.8954921666 0.6453816817 0 0 0.7794263587 0.7784178539 0 0.7811342978 0.8445739202 0.7630383421 0.5872065045
0.7689656105 0.8201364278 0.8148932604 0.7495470042 0.6819304468 0.8294618592 0.6027754397 0.5984826668 0.6055627829 0 0 0 0 0 0 0 0 0 0.573264052 0 0.5981048 0 0.8691443696 0.8699905737 0.6240761278 0.8962452446 0.9027270864 0.662474323 0 0 0.578348082 0.5911854368 0 0 0.8742230914 0 0 0 0 0.7169851325 0.8071630636 0.855949518 0.8488231399 0.8495084347 0.6119617368 0.5133026847 0.7144061202 0.8774968167 0.8803884551 0 0.8756017743 0.883051822 0.8769087288 0.8844976775 0.8886097394 0.5126841175 0.5124908621 0.5084257204 0.6395584253 0.89951841 0.7996430736 0.8921537508 0.8907181893 0 0 0.7804032018 0 0.7728053214 0.778237826 0.7757332541 0.8811486295 0.704374315 0.631754824
0.5352950452 0.8194046841 0.8129965342 0.7998539231 0.8048201566 0.8077582223 0.597988633 0.5958741756 0.597693767 0.5990094656 0 0 0 0 0 0 0 0 0 0.5882980315 0.5901823813 0 0.873823441 0.6610067843 0.6564978637 0.6580947888 0.6527189604 0.8693397553 0.600068028 0.834392512 0.5856391514 0.5813131775 0.6482978925 0 0.7633553391 0 0.7516686094 0 0 0.8213704189 0 0.844769751 0.8512913942 0.8036122735 0.8586717889 0.8598055649 0.5524729603 0.5840387601 0.5288905826 0.5766520035 0.8307320717 0.9009166295 0.8857081645 0.728766002 0 0.8892785628 0 0.8918726583 0 0.8217435981 0 0 0.758591882 0 0 0 0.7767843881 0.7824737328 0.6163406002 0.876375869 0.6980530571 0.7009240893 0.7083301702
0.7971644942 0.8015554215 0.8033039132 0.8066922782 0.7985029889 0 0.804782923 0.6003200231 0.6005370962 0 0 0 0 0 0 0 0 0 0.5871396376 0.5839122622 0.5878528371 0.6000359814 0.6186797474 0.6482189221 0.6654816943 0.6526381073 0.6548469158 0.5800108726 0.8408951876 0.5859417566 0.5949949653 0.5880743092 0.5849427904 0 0 0 0.7531400302 0 0.752119243 0.8140171902 0.8128276217 0.8527536146 0.6792688441 0.7757515525 0.7747402044 0.7284641456 0.559886993 0.8766429039 0.5812162874 0.8996874454 0.8911615043 0 0.9003988045 0.7291143587 0.8983615442 0 0.8860477489 0.7387304353 0.8183832247 0.8171923568 0.8193224233 0 0 0 0 0 0.5111615095 0.8615409226 0.8674043774 0.8623568712 0 0 0.7043144519
0 0.7975747277 0 0 0.7979379566 0.7971899005 0.5777250858 0.6054768735 0.6148935523 0.6088661883 0 0 0 0 0 0 0.5427549628 0.6739316902 0 0.5736605584 0.5917796554 0.6169514325 0.6101621314 0.6171386442 0.6456572226 0.6531961212 0.6623757312 0.6600999127 0.8329497886 0.8926395934 0.6003640085 0.6037083413 0.7978082859 0 0.5415492624 0 0.700755772 0 0.5807647611 0.8052427319 0.8080859332 0.8146889028 0.86200102 0.7697226919 0.7418038779 0.8961735828 0.8350911251 0.620384079 0.622559174 0.6180747992 0 0.8904037007 0.8957315844 0.5135949706 0 0.7446582539 0.7354232916 0.7445171387 0.8235811443 0.8225242743 0 0 0 0 0 0 0 0 0 0.7298155859 0 0 0
0.8973604103 0.9003960517 0 0 0 0 0 0.621577295 0.6170245622 0 0 0 0 0 0 0 0 0 0 0.5959254035 0.6055970782 0.6030619091 0.6100175629 0.6162049324 0.7493528843 0.744113988 0.5348403368 0.5526851435 0.8346058436 0.8255156908 0.8882208864 0.6060584763 0.8093478851 0 0.7976822168 0 0.7757569148 0.5314312903 0.8123068833 0.8089294942 0.8126199295 0.8212116341 0.8209585372 0.6634382265 0.7716697312 0.5031249943 0.8899747662 0 0 0.6153827344 0 0.5183549093 0.8922951362 0.5126394833 0 0 0.7379091241 0.7393315459 0.5218354982 0 0 0 0 0 0 0 0 0.8580396342 0.8515292367 0.8523755989 0.726673867 0.5129204103 0.7135017433
0 0 0.7285341787 0.7471163706 0 0 0 0 0 0.6147107638 0.8575273298 0 0 0 0 0 0 0 0 0 0.6001540884 0.6008279771 0.6012621718 0.8816920064 0.7429311788 0.752275068 0.7515367579 0.6931799104 0 0.8851574901 0.8683254851 0.8072560234 0.7991205905 0.7994124098 0 0 0.7791573128 0.7811814491 0.8113813234 0.8220363212 0.824710805 0.8204811739 0.6593764417 0.6613964106 0 0.51975419 0.8916194956 0 0 0 0 0.5192052991 0.5142718551 0.6980069639 0.5187503523 0 0 0.5157296883 0.7392256184 0 0 0 0 0 0 0 0 0.8545409636 0 0.8602270464 0.7203655691 0.8040628764 0
0 0 0 0 0 0 0 0 0.6978449685 0.6223326432 0.6130217469 0 0 0 0 0 0 0 0 0.6298447355 0 0.5953742381 0.6081435506 0.7482536656 0.6204830318 0.745753013 0.6949744884 0.7247199696 0.7305105188 0 0.7914085005 0.7867672926 0 0.5289773282 0.8350747713 0 0.8328072604 0.7908915332 0.8238585022 0 0.8319362903 0.8484947731 0.840749934 0.6686802544 0.6409834827 0.5140137104 0 0 0 0 0 0.5202038274 0.5160378251 0.5193560997 0.5282170343 0.5252888191 0.5161533532 0.5176911608 0.7103615137 0 0 0 0 0 0 0 0.8186515352 0.8628239968 0.868785144 0.8675684656 0.7941361065 0 0
0 0 0 0 0 0 0 0.8498805913 0.855761766 0 0 0 0 0 0 0 0 0 0 0 0 0.6147409997 0.6089230661 0.6109943959 0.7579020606 0.6293950095 0.5501757318 0.6325620688 0 0 0.7879271836 0.8485410601 0.8441893548 0.8355266367 0 0 0 0 0 0.8571056934 0.8491994828 0.839923418 0.7605040698 0.7565710933 0.7917037487 0.5191034854 0.6150651452 0 0 0 0.6243786157 0 0.8479406307 0.8473738511 0 0.5344691177 0.5574506168 0.6724743046 0 0 0 0 0 0 0.821281542 0.7737181157 0.8578678873 0.6726988716 0.6330291302 0.8287708235 0.7575843005 0.7518021421 0.7541683224
0 0 0 0 0 0 0 0.8488355109 0 0 0 0 0 0 0 0 0 0 0 0 0 0.625193314 0.6178327501 0.6197795829 0.6208786499 0.6284098686 0.7082924493 0 0 0.6691661233 0.664111655 0.7524588108 0.8418077452 0.8318868382 0.8369525607 0 0 0 0 0.8576056089 0.8417478252 0.7088918695 0.7105857448 0.7160703011 0.722044476 0.8497488587 0.7987960695 0.6174382359 0 0.6253133889 0.8867615756 0 0.8369753242 0 0 0.6051282059 0 0.6737500232 0 0 0.65052501 0.6574391954 0.6613009614 0 0.7847708872 0 0.6665859732 0 0.6689798239 0.8216102427 0.7610849617 0.7511305638 0.7584593983
0 0 0 0 0 0 0 0.8372380846 0 0 0 0 0 0 0 0 0 0 0 0 0 0.6243541218 0.6224554137 0.6199947574 0 0.6219948307 0.5743975683 0.7114218345 0.5179083263 0.6694735576 0.5821776795 0.8462471851 0.7258180945 0.8351699234 0.832510127 0.8425479243 0 0 0.6328366358 0 0.5648749493 0.7177392061 0.7084186888 0 0 0 0.652859059 0 0 0.7355375191 0.5207525828 0.8357874821 0.8336743368 0.8364568906 0 0 0 0.5671863213 0 0 0.6528727803 0 0 0.7826329262 0.7911617952 0.7881753298 0.5991181247 0.6609949064 0.6622534871 0.5968460222 0.594667876 0.7542443889 0.750039757
0 0 0 0 0 0 0 0 0 0 0 0 0 0 0 0 0.5489957022 0.5089935489 0 0.5383287588 0.5340746327 0 0.6241698088 0.8317289698 0.6261604467 0.6535463387 0.5303285633 0.6495529613 0.8578640605 0.5524249852 0.7709800299 0.5741876823 0.7258565365 0.8352563138 0.8495756881 0.8367949557 0 0 0.6416919823 0 0.7235625527 0.5746889376 0 0 0 0 0 0.7189021859 0 0 0 0 0 0.8381940661 0.5442167142 0 0.6141325074 0.6074459547 0.6724929861 0.6545136261 0.6583491786 0 0.6629058391 0.7936657145 0.7856644429 0.7932666879 0.615431006 0.5467864596 0.6638350231 0.6038936665 0.7641305844 0.7557408418 0.7586628196
0 0 0 0 0 0 0 0 0 0 0 0 0 0 0 0.602888158 0 0.8805780058 0.5226723289 0.5286947705 0.8215466001 0.8266341738 0 0.834351692 0.8405228171 0.7383451001 0.7987581392 0.5191740175 0.6694282367 0.8330958129 0.5265378675 0.5262593996 0.8419458036 0.8741084489 0.8426385242 0 0 0 0 0.7837591068 0 0 0 0 0 0 0 0 0 0 0 0 0 0.5515429709 0.6748637551 0.608801714 0.6043045204 0.5288496111 0.5207199443 0 0.8623106147 0.5872876142 0 0.5992780527 0.7901202423 0.7946943258 0.7117962404 0.7073001397 0.7071146117 0.7108580686 0 0.6614340745 0.5152946098
0 0 0 0 0 0 0 0 0 0 0 0 0 0 0 0.8380669228 0 0 0.5232542735 0.5202136991 0.8214357896 0.8304839098 0.8374253829 0.8378496465 0.733800712 0 0.8548244342 0.8592636744 0.8267607785 0 0 0 0.7997437143 0.6102105121 0.7335957334 0 0.5047266799 0 0 0 0 0 0 0 0 0 0 0 0 0 0 0 0.7536391517 0.6817266721 0.5683429264 0.6065129873 0.6047471508 0.526160308 0.527902744 0.576450291 0.8412158188 0.5911452644 0.8847809373 0 0.7910412257 0.7852118833 0 0 0.7070939698 0 0.735796601 0.769766152 0
0 0 0 0 0 0 0 0 0 0 0 0 0 0.7354272547 0.7282332985 0 0.836127853 0 0.526317044 0.5297797103 0.5294605191 0.8233475115 0.8373729715 0.8774495265 0.8803871296 0.7501093991 0.8536383893 0.8591165065 0.8227490826 0 0 0.6452081225 0.8786736911 0.8692762947 0.7326812831 0 0 0 0 0 0 0 0 0 0 0 0 0.8560399122 0 0.5175731207 0.5104891556 0 0.7540801095 0.8875509889 0.894077664 0.8350434877 0.6057093872 0 0.5789258306 0.6718003207 0.675054611 0 0 0 0 0 0 0 0 0 0.7398910661 0 0.7694566406
0 0 0 0 0 0 0 0 0 0 0 0 0 0 0 0 0 0 0.53377749 0.5307587521 0.53193548 0.5382405137 0.869669791 0.8095464824 0.8145191745 0.7454159423 0.7279457054 0.6085812495 0.6105483599 0 0 0 0.7288597335 0.7459938421 0 0.6402297288 0 0 0 0 0 0 0 0 0 0 0 0.624530341 0.5203303761 0 0.74519292 0 0.8790577855 0.884731626 0.6223355021 0.8776013341 0.6154749853 0 0.7901521174 0.5615461325 0.6689251443 0.6800342735 0.506000297 0 0 0 0 0 0 0 0 0 0.7674298242
0 0 0 0 0 0 0 0 0 0 0 0 0 0 0 0 0 0.5407758536 0.8689649863 0 0.8706579053 0.5388550068 0.8111872703 0.8057703163 0.8117350291 0.5737841191 0 0.7284618271 0 0 0 0 0.7619665109 0 0 0 0 0 0 0 0 0 0 0 0 0 0 0 0.736027237 0.7440140132 0.7393517273 0.7414335282 0.8771784609 0.8828218494 0.8769316883 0.6546367691 0.7337323289 0.7350282884 0.7397771792 0.5352170142 0.5370698314 0.5379093705 0.6823288735 0 0 0 0 0.7603286404 0.7514724542 0 0.7529229409 0.7696623636 0.7798321625
0 0 0 0 0 0 0 0 0 0 0 0 0 0 0 0 0 0.7279745704 0.8627892727 0.8614609697 0 0.8675686924 0.6166075569 0.8190555852 0.5329746665 0.5820536968 0.520596257 0.6407827872 0 0.6966460874 0.5346461132 0.5300192802 0.8542387327 0 0 0 0 0 0 0 0 0 0 0 0 0 0 0 0.8053760232 0.7354465587 0.7357068937 0.6445386725 0.883476722 0.8755783571 0.8849976828 0.8126716709 0.7281376486 0.5352430154 0.5337996844 0.5365658351 0.5335812999 0.6820326483 0 0 0 0 0 0.7202493572 0.7581621113 0.7556152345 0 0.8851957501 0
0 0 0 0 0 0 0 0 0 0 0 0 0 0 0 0 0 0.728038515 0.8665684448 0.8685343972 0.8685375805 0.8705280737 0.6241141245 0.6226946786 0.8456748763 0.5145537485 0.5241982865 0.6462447525 0.904476697 0.9043694303 0.5264236286 0 0 0 0 0 0 0 0 0 0 0 0 0 0 0 0 0 0 0.7413659351 0.731678783 0.7403872483 0.8839909026 0.8769975009 0.8214259084 0.8828245814 0.8805033263 0.8089443039 0.5398286909 0.5316207722 0.5337411892 0.6787597207 0.6745990482 0 0 0 0 0 0 0 0 0 0.8825332967
0 0 0 0 0 0 0 0 0 0 0 0 0 0 0 0 0 0 0.5720671902 0.8778423452 0.8779786535 0 0.8683727968 0.5761881342 0.57014289 0.5737769815 0.5776223112 0.5731251163 0.8954214205 0 0.7706933869 0.6675424148 0 0 0 0 0 0 0 0 0 0 0 0 0 0 0 0 0.6600542245 0.5991502942 0.7361366381 0 0.775917296 0 0.810657219 0.5155877313 0.8804710223 0.5422637991 0.5306125052 0 0.5369967033 0.5453345562 0 0 0 0 0 0 0 0 0 0.8728258261 0.6706828178
0 0 0 0 0 0 0 0 0 0 0 0 0 0 0 0 0.5769730235 0.5799415321 0.5314353533 0.5256897123 0.5174680571 0.8623564019 0.590872569 0.8331959715 0.5743110541 0.5697695937 0.5707306664 0.5697551846 0.5713732625 0 0 0.662129223 0 0.558993764 0 0 0 0 0 0 0 0 0 0 0 0 0 0 0.6686012851 0.6590837766 0.6650819171 0.7809341728 0.7886684937 0.7348512436 0.7278321311 0.725780614 0.7222420826 0.5313988782 0.5373658147 0 0.5445033762 0 0 0 0 0.7411455725 0.8227774876 0 0 0 0.8722099834 0.8686365237 0.8433057518
0 0 0 0 0 0 0 0 0 0 0 0 0 0 0 0 0 0 0 0.5243089877 0.526964023 0 0.8616741749 0 0 0.5669664727 0.5661859848 0.5686832872 0.577530955 0.5696495528 0.666438987 0.8524462027 0 0 0 0 0 0 0 0 0 0 0 0 0 0 0 0 0 0 0.6661362676 0 0.7845545147 0.5188751573 0 0.7218755044 0.7298723024 0.5418710112 0.5385287684 0 0 0.5455044585 0 0 0.5283684248 0.52387904 0.8299130335 0 0.8663287043 0.8649522417 0.5816711636 0.8309220872 0.8306608863
0 0 0 0 0 0 0 0 0 0 0 0 0 0 0 0 0 0.8798265416 0.8453511006 0.8968685088 0 0.6823731234 0.6735103907 0.8533252396 0.6441753135 0.5665279967 0.5664091525 0.5686486084 0 0 0 0 0.6864902605 0 0.5483852169 0 0 0 0 0 0 0 0.7869459399 0 0 0 0 0 0 0.746549117 0.5049314477 0 0 0.6076438275 0.7232683786 0.72594731 0.7219538825 0.7234159814 0.7259726816 0 0 0 0 0 0 0.5633814427 0 0.8602961717 0.8615785589 0.8659623439 0.5698013786 0.8363327917 0.8367518153
0 0 0 0 0 0 0 0 0 0 0 0 0 0 0.8497823608 0.8577578692 0.8588637079 0.6031335548 0.6029097304 0.6075676195 0.6125716984 0.562979185 0.6793285761 0.6719445731 0 0 0.8510640632 0.8706116746 0.8708725732 0 0 0.6822428016 0.6869258351 0.6805518531 0 0 0 0 0 0 0 0.7664176185 0 0 0 0 0 0 0 0 0 0.5693220038 0 0 0.8115799628 0.5531501374 0.5943793459 0.7220557573 0.7298198779 0 0 0 0 0 0 0 0.8739335167 0.8668665597 0.8586478445 0 0.7983842741 0.8340613757 0.8294652754
0 0 0 0 0 0 0 0 0 0 0 0 0 0 0 0 0.8594148012 0.7691572195 0.5991335645 0 0.6121213327 0.701763249 0 0.7306751613 0.7401370635 0 0 0.6615535037 0 0.867036663 0 0.7710515846 0.7799077805 0 0 0 0 0 0 0 0 0.7711526273 0.7624378498 0 0 0 0 0 0 0 0 0.5674993489 0 0 0.5255862739 0.5168751637 0.5256545022 0.6627378476 0.5265029108 0.7009809332 0 0 0 0 0.6405500491 0 0.8764802648 0.8632241436 0.7913967626 0.8448194298 0.8410164816 0.8320590414 0.8260106198
0 0 0 0 0 0 0 0 0 0 0 0 0 0 0.6474003281 0.6017924457 0.5948866339 0 0 0.6113630649 0.6112027766 0.8629586802 0 0.8600727565 0 0.7481338753 0.7392617795 0.7387519921 0 0 0 0 0 0 0 0 0 0 0 0 0 0 0.769186958 0.7640318603 0 0 0.5542194351 0 0 0.5628600332 0 0 0 0 0 0 0 0 0 0.5438458116 0 0 0 0 0.8816333099 0.8784592987 0.8845058233 0.6980556044 0.5690641705 0.5801959422 0.8299478719 0.8273538861 0.8316201505
0 0 0 0 0 0 0 0 0 0 0 0 0 0.6508358421 0.6466557673 0.5972585427 0 0 0 0 0 0.6493770289 0.8537186404 0 0 0.8664769758 0 0 0 0 0 0.7789599679 0.5981657634 0 0 0 0 0 0 0 0 0 0 0.7717492377 0 0.839452311 0.7289909774 0.5598809228 0 0.5700864215 0 0 0 0 0 0 0 0 0 0.5431480726 0 0 0 0 0.7382840368 0.7351094138 0.7786430024 0.8616388624 0.5709282052 0.5707990702 0.8296156852 0.8280166596 0.8327197487
0 0 0 0 0 0 0 0 0 0 0 0 0 0.6481554982 0.6493161672 0.6563668724 0.6564055368 0 0 0 0 0 0 0 0 0.8572790369 0.5254244849 0.7291618117 0 0 0 0.656339366 0 0.7444984426 0 0 0 0 0 0 0 0 0 0.5263432603 0.8347275486 0.5981545631 0.727745859 0.7216401043 0.6066739305 0.6084508027 0.5560356913 0 0 0 0.8375934984 0.5234996647 0.6971859789 0.6251927806 0 0 0 0 0 0 0.7876362359 0.7350262298 0.740498869 0.7688413638 0.5769809399 0.5760073961 0.5782568994 0.6710517054 0.6633005535
0 0 0 0 0 0 0 0 0 0 0 0 0 0.6495610301 0.6498484847 0.65015956 0.6572256578 0.6598955397 0 0.7447555744 0 0.7669744966 0.8131299758 0.8593130221 0.8534131479 0 0 0 0 0 0 0 0 0.7305155725 0 0.8664161947 0 0 0 0 0.7113844979 0.5749741751 0 0.5167516503 0.8936597382 0.810078263 0.6181043458 0.7305935155 0 0.5616167204 0.831316451 0 0 0.8301883495 0.8368107406 0 0.6898148835 0 0.7876165179 0 0.8639777097 0 0 0 0.8763226963 0.7777432776 0.7689365581 0.5787875656 0.7286632725 0.5789904068 0.8307995541 0.6725845526 0.6097487976
