landscape/hab_quality/256/simulation_000041_p068_h059_HABMAT_patch_more_500pix_modified.asc_ac_0.5_quality.asc
NCOLS 513
NROWS 513
XLLCORNER 0
YLLCORNER 0
CELLSIZE 9.980507
NODATA_VALUE NaN
[rows 341 to 371 of 513, columns 420 to 489 of 513]
0.649982659 0 0 0.6651008563 0.6739471274 0.7681122944 0 0.687835416 0.7195466708 0 0.8274286506 0.8245514154 0.8335616061 0.8354349754 0.7773337213 0.859464872 0.7173495926 0.8577609577 0.6808612458 0.8757259901 0.8988457977 0.6535387572 0.598312423 0.5963337132 0.6003190282 0.8150170335 0.806230923 0.7973834983 0.795895977 0.7971997871 0.8082063441 0.8130272281 0.7622569892 0.7595726008 0.744439353 0.7488576554 0.74932608 0.591883008 0.5824284144 0.5984136383 0.6057329381 0.7654137512 0.6525924351 0.6512016125 0.5522772271 0.5290617767 0.5278814374 0.5088322911 0.7000709631 0.6982281303 0.6928307428 0.6904211766 0.6972975851 0.8188711445 0.6510459854 0.9005651115 0.6269071266 0.6268509928 0.6165310316 0.8090446629 0.6141550523 0.9085642491 0.7174767574 0.661420927 0.8741555759 0.8031418505 0.7253826328 0.5146051252 0.6027193061 0
0.6420751095 0 0 0 0 0 0.7602402588 0.7642093801 0.7696097031 0.7209689287 0.6413617949 0.7420814732 0.8280516145 0.5145772647 0.6367621903 0.7612158253 0.7638342175 0.8770692071 0.8764743687 0.8850453628 0.8802744094 0.6545518223 0.5952189527 0.5938447702 0.5964639852 0.8031084747 0.8051839584 0.7990599144 0.8025212916 0.8022689871 0.8054051642 0.6930460104 0.7615366516 0.7571340902 0.7498520055 0.7425150779 0.803631405 0.5462675615 0.8026701613 0.8012412649 0.8073795568 0.7435230479 0.6566312619 0.7937966487 0.7766749843 0.582441703 0.7573723953 0.7004778136 0.7002086139 0.6919639669 0.6925859305 0.6887397785 0.6931977633 0.6940737911 0.6982379762 0.7707316185 0.8962152788 0.6210639845 0.6218636173 0.6135463943 0.6143093783 0.6231221062 0.611634326 0.6038967127 0.878084395 0.870715757 0.8724118857 0.6355301708 0.8787154479 0.7554012108
0.5841121637 0 0 0 0.6121821475 0 0.8009848264 0.5908811619 0.6516032513 0.6601704185 0.6282771631 0.6215307082 0.6189868931 0.8291140531 0.6701936827 0.6160132938 0.7567108024 0.5348662299 0.8860439359 0.8819195378 0.5935323456 0.6682389278 0.5960602221 0.5961023221 0.7436096379 0.5972556734 0.8025474732 0.6575910379 0.8032075961 0.8118114399 0.8064851619 0.6923904413 0.6893705882 0.7658785645 0.765944387 0.7478148681 0.8009652811 0.7970026891 0.7985942452 0.8055467181 0.8112559717 0.6595187576 0.652739361 0.6611390251 0.7880314377 0.8713660348 0.8781079225 0.6078989455 0.7008196707 0.693719974 0.6905739274 0.6853300689 0.6899948231 0.6923702378 0.6574805727 0.8294783418 0.5724306438 0.61980114 0.6129428787 0.8771212299 0.8758472557 0.8730977568 0.6446072911 0.6026311444 0.8364919493 0.6159683704 0.8644370825 0.8694557911 0.8719792062 0.780400794
0.8733124606 0.9020165637 0.9053227568 0 0 0 0.7973126765 0.797090401 0.7968654835 0.618798919 0.6097914019 0.6106303354 0.6170032709 0.6153806272 0.7487864861 0.7028232492 0.7585147106 0.7589419664 0.5028660354 0.735909487 0.564748813 0.8599766615 0.6047345759 0.5982318189 0.6023195377 0.6607054885 0.8441984703 0.8087245193 0.7883806479 0.8826455867 0.818967068 0.6924534934 0.6987302182 0.548481582 0.550484046 0.8011165832 0.5063095846 0.8014989828 0.8032835534 0.713804677 0.6654289534 0.6525633093 0.6508672565 0.6590899836 0.5689509749 0.6559047728 0.6041827726 0.8775509707 0.6940565217 0.6943871387 0.6945969312 0.6893981038 0.6878254703 0.6984661179 0.6153293698 0.6127705724 0.6172604999 0.6173690112 0.777236054 0.8693128705 0.8681876459 0.8721545554 0.6053028947 0.6115277846 0.8577854894 0.8603257594 0 0.8628776927 0.8445935794 0.7309028871
0 0 0 0.9048761318 0 0.7991979345 0.796102294 0.7943981016 0.7988426942 0.8037046827 0.6828235418 0.6197769167 0.6773185603 0.6783609423 0.6728661549 0.745993041 0.7587345854 0.6717893675 0.6670275538 0.8429477885 0.5394377449 0.86514395 0.8589937246 0.866704942 0.8670529471 0.5481495691 0.5451316444 0.5441600587 0.7878628375 0.5476499058 0.6811707163 0.8049434832 0.6945463076 0.5474472325 0.5446039194 0.5007100955 0.8042110718 0.8033731026 0.8108200784 0.7143809631 0.7084866194 0.657168058 0.6508780213 0.6500507572 0.6524140538 0.6551386043 0.8704547648 0.8116588194 0.8849671713 0.598564352 0.7844928044 0.8304114268 0.6222445072 0.6198789169 0.6141011654 0.6186293891 0.6164657817 0.7844995469 0.7201960222 0.7825728315 0.7849392274 0.784432792 0.7073124515 0.6768062289 0.8638641813 0 0.8650448257 0.8639585849 0.7227063181 0.7276462971
0 0 0.900058577 0 0 0 0 0.7951232478 0.8007105969 0.8074128321 0.8404103568 0.6810219814 0.6782685438 0.6721792497 0.6768385521 0.5203617911 0.7924711464 0.866768951 0.6813156805 0.7573132979 0.7582058594 0.7631803992 0.8567090253 0.8584907614 0.8483260999 0.8430328159 0.5434457907 0.7960873737 0.7973019246 0.7890746566 0.7961415825 0.7968255204 0.5454284026 0.5446642591 0.5526998742 0.6449765035 0.6154769986 0.6095562599 0.7722624346 0.762688885 0.653938373 0.6510271933 0.6516103248 0.6440923109 0.6465236853 0.6513186663 0.6640488761 0.8746962578 0.5932853847 0.5206843521 0.5305799873 0.540315927 0.626244135 0.7996375479 0.844718217 0.8927070596 0.894703034 0.7279037615 0.7300281744 0 0.7746481341 0 0.767278545 0.8260123687 0.8339560751 0.6409816037 0.6447360951 0.6457371379 0.7239423224 0.7307837455
0 0 0 0 0 0 0.813626317 0.8056076728 0.8083694343 0.8018066604 0.5566289996 0.6724060439 0.6712226772 0.5337436286 0.6559952412 0.6652715879 0.7728577644 0.6802774465 0.6881219599 0.7568905016 0.7523809817 0.757073995 0.7621454342 0.7643270983 0.7702456169 0.7733785302 0.849226487 0.821945035 0.8127387016 0.7907026316 0.6565316258 0.7070044996 0.647495985 0.5454122324 0.6238593258 0.6584291545 0.6086373459 0.6092559996 0.6002875203 0.7642183758 0.6036784606 0.6470078526 0.6448786278 0.66024866 0.6498707472 0.6552125888 0.824652598 0.5937918379 0.5959727822 0.5914992895 0.8912121104 0.8893229152 0 0 0 0.7995007606 0 0.8761429998 0.6313999745 0 0.770431295 0 0.7635579064 0.7680424582 0.7652452254 0.7754734987 0.6391975998 0.6398854077 0.7304571391 0.7346586297
0 0 0 0 0 0.8658838025 0 0.5536098299 0.5547630424 0.8709707257 0.5564799168 0.6796968651 0.6995087246 0.6807600383 0.6608068589 0.8790589424 0.5358360663 0.8629050338 0.6839724972 0.5891857975 0.7575170579 0.7586815908 0.7724005831 0.7636602871 0.7634855542 0.7726139783 0.7751317958 0.5152301672 0.7495191509 0.8999992413 0.6564541127 0.7196959903 0.5462718682 0.5447807836 0.5446639342 0.6160055714 0.6018913387 0.600593304 0.603243772 0.5967808193 0.6064966025 0.6540341564 0.6490275961 0.5086785153 0.5115720783 0.5113167222 0.5180900928 0.5985835934 0.7987755421 0.7946959038 0.8323717585 0.8361061052 0.5928342543 0.6083799925 0 0 0.9019158629 0.9091704093 0 0.7626805212 0 0.7691339722 0.7602164095 0.7605667807 0 0.7669609163 0.6397299968 0.6483813004 0.7266555438 0.9137841545
0 0 0 0 0.6710228179 0.6698267488 0.6636530685 0 0.5494340973 0.5509857551 0.7890782105 0.7493439652 0.6318316649 0.6366023984 0.6841402857 0.6945077408 0.8605006159 0.5309863542 0.5218800451 0.5258636133 0.5173431295 0.7797773645 0.7633713264 0.7627283179 0.7668892993 0.7716720402 0.7761770884 0.6686139051 0.8522014609 0.6636046179 0.7181723105 0.6597941435 0.8256661753 0.5002859425 0.5421885311 0.5506149901 0.7611467354 0.6023201671 0.5968839565 0.5993488472 0.6032610412 0.6039039215 0.8939649905 0.5108805261 0.5078673463 0.509701237 0.7889588151 0.79408053 0.7905432074 0.7420240038 0.7350216643 0 0 0 0 0 0 0.9037414925 0.7433143889 0.8341588054 0.772884176 0.7669557125 0.7605396296 0.7634306212 0 0.7732085376 0.6094378496 0.9081373827 0.9015478667 0.9030942202
0 0 0 0.5285513152 0.8460388731 0 0 0.5573304396 0.5574150547 0.5506822428 0.5545785281 0.7333871773 0.7468426092 0.6416965236 0.5642686678 0.6868357691 0 0 0.743109748 0.5139113639 0.514826077 0.5183230569 0.7725532142 0.7726515341 0.7718438056 0.7785702224 0.7829961212 0.7832136033 0.6525234926 0.6448839182 0.6383407166 0.856154392 0 0.7632248123 0 0.5517667343 0.612184616 0.5970219379 0.5997913576 0.6106528893 0.6050564255 0.6122649324 0.5727458562 0.7699427751 0.5163655712 0.5129598618 0.783740164 0.7864057071 0.7800660916 0.7916920314 0 0 0 0 0 0 0 0 0.7446820244 0 0.767753131 0.7731066231 0.7676512885 0 0 0.6428431736 0 0.9056051385 0.9045515379 0.8983385643
0 0 0 0.6549873 0.5140831602 0.8224754804 0.5295984864 0.5620586835 0.5558057235 0 0.528875948 0.8295756443 0.8336744364 0.5648871793 0.7243778724 0 0 0.7403066288 0.7423643295 0.5155990243 0.5097644712 0.7745412214 0 0.7813833974 0.7819329536 0.7747638076 0.7794632452 0.7812252413 0.7384460196 0.6406492383 0.8523399429 0.848883419 0.84734801 0.8518928771 0.5554822283 0.5616611486 0.6065796669 0.5712568659 0.5974563762 0.6118300259 0.5722928854 0.5668398225 0.5636401442 0.7828942495 0 0 0 0 0 0 0 0 0 0 0 0 0 0.7478665017 0 0 0 0 0 0 0.7649738732 0 0 0.9129514046 0.900023882 0.8943886318
0 0 0 0 0.5355895082 0.5302822057 0.538757568 0.5575260908 0.5653332095 0.8807570973 0.8366835591 0.8307524317 0.8237733074 0 0 0.7208504704 0 0 0.7489792502 0.7460472502 0 0 0 0.9073965443 0.7844711351 0.8932451654 0.7787823722 0.5654759905 0.7425994854 0.7038960704 0.785026682 0.844873778 0.8518410821 0.8105427773 0.8037567803 0.5362084872 0.8028891769 0.5642406774 0.5625273609 0.5632008289 0.5586272207 0.5623480954 0.5594549677 0.5715505573 0.7828603729 0 0 0.7631219379 0 0 0 0 0 0 0 0 0 0 0 0 0 0 0 0 0.7517104302 0 0 0.752741047 0.7193055059 0.8929178812
0 0 0 0 0 0 0.7852900232 0.7902646483 0.8774951474 0 0 0 0 0 0 0 0 0 0 0.8046387511 0 0 0 0 0.8979484647 0.8148987617 0.7635147417 0.8636687695 0.8599081104 0.7665792384 0.8465544206 0.8454008811 0.8562844531 0 0.5249871042 0.7994983134 0.8043348914 0.5630996246 0.5640377156 0.5598288943 0.5596146894 0 0.5622538005 0.5689371321 0.7807716315 0 0 0.7603581026 0 0 0 0 0 0 0 0 0 0 0 0 0 0 0 0 0 0.7438504699 0 0.7504721658 0.9024159504 0
0 0 0 0 0 0 0 0.6446993575 0.8723475181 0 0 0 0 0 0 0 0 0 0.716374373 0 0 0 0 0.9028290293 0.9034743185 0.763965305 0.5012916308 0.8532748477 0.8556563451 0.5587282215 0.8548372792 0.7964570832 0.8545709382 0 0.5248398274 0.6564953603 0.7964370965 0.56701724 0 0.5675571087 0.5650471645 0.5670397059 0.5671667836 0.5652824782 0.78167154 0.776870856 0.7624292874 0.7687397697 0.7659057567 0 0 0 0 0 0 0 0 0 0 0 0 0 0 0 0 0 0 0.7388149984 0.7377937661 0.7441493038
0 0 0 0 0 0.6409706495 0.6399120179 0.6482205235 0 0 0 0 0 0 0 0 0 0 0.5104668315 0.6545885708 0 0 0 0.8916986691 0.8881830569 0.8477988377 0.8416270315 0.8459910651 0.8411026884 0.8785291936 0.9099358912 0.80379166 0.8036385215 0.5308827691 0.8895190666 0.8854075231 0.8859027461 0.6841477981 0.675229491 0.574165085 0.5733481786 0.5732665789 0.5762528642 0.839422892 0.7770528539 0.7847382744 0 0.7783703625 0.769242287 0 0 0 0 0 0 0 0 0 0 0 0 0 0 0 0 0 0 0.7368477487 0.7425658898 0.7399289505
0 0 0 0 0 0.6422411052 0.6466804681 0.6399952001 0 0 0 0 0 0 0 0 0 0.8446169263 0.7493813956 0.5182070402 0 0.5524780021 0.8937077229 0.8860822059 0.6267472119 0.8474327833 0.8383107991 0 0 0.9023657093 0.916812367 0 0 0.8912591752 0.8875550011 0.8844931678 0 0.6890292343 0.6945560293 0.6773544998 0.5769971487 0.5815436493 0.5784485289 0.8334819649 0 0.8138216968 0 0.7803428876 0 0 0 0 0 0 0 0 0 0 0 0 0 0 0 0 0 0 0 0 0 0.739890137
0 0 0.6998314593 0.5380706681 0.8201114674 0.8189422758 0.6445574265 0 0 0.8834107932 0.6713737126 0.6637356337 0.5289137087 0.6582940958 0.6627406839 0.6619690564 0.7681508505 0.8552577108 0.855348818 0 0 0 0 0.5621685261 0.633275229 0.5576141479 0.8376674133 0.8396507365 0.7760584333 0.8969170086 0 0 0.8989170787 0.9162598069 0.8474725729 0.8909038426 0.8897534766 0.6975026421 0.7034207015 0.7119188889 0.7306434355 0.5824928711 0.8359112165 0.8413503206 0 0 0 0.667806656 0 0 0 0 0 0 0 0 0 0 0 0 0 0 0 0 0.7478459418 0.7405777646 0.7340438385 0 0.7357142478 0.7418670072
0.8295226938 0 0 0 0 0.8241492068 0.8921763479 0 0 0.6802306854 0 0.6055243685 0.6543741311 0.6546561417 0.6592581408 0.6661211017 0.7686757618 0.6294792178 0 0.8575826813 0 0.5346952507 0.5229442442 0.5627137367 0.5572901016 0.718045706 0.8435802479 0.8467312134 0.7415997585 0.5554724362 0.5775953056 0 0.8990359699 0 0.9101618041 0 0 0.6169467933 0 0.5886032198 0.567975597 0.6990070669 0.7277024367 0.8250806374 0 0 0.6675386158 0.6688554516 0 0 0 0 0 0 0 0 0 0 0 0 0 0 0 0 0.6565402214 0.7364979399 0.7366929632 0 0.745558144 0.7501395662
0.6383430641 0.6477243662 0 0 0 0 0 0.6551663926 0.9052212307 0.9068019863 0 0.6099372004 0.6550696006 0.6638442152 0.6609522592 0.8771283164 0.52158356 0.8850160332 0.8636493644 0.8622643935 0 0.5134155123 0.7137805178 0.5596725774 0.6598378073 0.5433943574 0.7562652987 0.8537006795 0.8511059187 0.5720722279 0.5733836094 0.5671323023 0 0 0 0 0 0 0.7339262059 0.7317263283 0.7286969295 0.7198846155 0 0.7302264611 0 0.6700015656 0.6697367085 0.6720655335 0 0 0 0 0 0 0 0 0 0 0 0 0 0 0.8165059458 0.7179314108 0.6621089637 0.6526421648 0.7434852222 0.7488024111 0.7528055913 0.7549007828
0 0.6427633102 0 0.8916577429 0.7220789464 0.5062170061 0.6936637383 0.7456239384 0 0.8976833514 0 0.7459650091 0.6100576037 0.8879562735 0.8825088052 0.8794086261 0.8778316134 0.5702727424 0.8751072946 0 0 0.6936704574 0 0.7618904987 0.5495798436 0.752118668 0.6587972097 0.6499964173 0.8254096951 0.5776893976 0.6376171546 0.6490738972 0 0 0 0 0 0 0 0.7833002294 0.7224754864 0.7330570144 0.7357067579 0.735184636 0 0.678765312 0.6380012322 0.5379942882 0.6722475907 0 0 0 0 0 0 0 0 0 0 0.6444387112 0.6456819284 0 0 0.5977240774 0 0.6527393195 0.6531328101 0.7589536925 0.7559971049 0.751925479
0.7308067307 0.850269821 0.6497888357 0.8105834118 0.5289268863 0.6745099724 0.8926302702 0 0 0.880367225 0.7351960265 0.7481270696 0.7493159722 0.8916457368 0.8851990637 0.8873370787 0.6511892592 0.5409842332 0.8628137426 0.6963413148 0.687351054 0 0 0 0.5020150801 0.752316624 0.6561379817 0.6578173934 0.6661550107 0.7292962767 0.7363209969 0 0.6461940304 0.6405502912 0 0 0 0 0 0 0 0 0.7303495636 0.5667639899 0.6832585782 0.5652916157 0.6848814923 0 0 0 0 0 0 0 0 0 0 0 0.7521102232 0.7484651864 0 0 0 0 0.5933617202 0.8551166819 0.8567776738 0.857710783 0.7524820299 0.7556372878
0.7388682813 0.8928571973 0.8158033823 0.8216703237 0 0.7252922299 0.8854362561 0.8834772528 0.8787682761 0.7141549179 0.8369064089 0.65551169 0.7467473147 0.8682260686 0.8648617856 0.507435127 0.5110392297 0.7104855432 0.7005999357 0.5950079091 0.7524658927 0 0.756590327 0.7543207984 0.7629151386 0.7370501369 0.5836306641 0.6365497691 0.6593654008 0.6292776864 0.728741536 0.7345179877 0.6428800228 0 0 0 0 0 0 0 0 0 0 0.7365309603 0.6059653736 0.7252030011 0.6121611918 0.7362996184 0 0 0 0 0 0 0 0 0 0.7423313 0 0.7482756529 0 0 0 0 0 0.6691410452 0.848323954 0.8506986585 0.8375460571 0.8406114903
0.7951343014 0.647488309 0.526286123 0.71945305 0.832691485 0.8380375781 0 0.8830376415 0.8770740774 0.8708568976 0.6516872642 0.6544089664 0.6463037907 0.871778298 0.866402673 0.5115917197 0.5046100496 0.5604386919 0.7491307602 0.748029961 0.7046544309 0.570478405 0.7611598882 0.6380471669 0.764415846 0.7611724941 0.6333568928 0.6416285397 0.5279356921 0.7369362187 0.7375417051 0.6003339106 0 0 0 0 0 0 0 0 0 0 0 0 0.7857865883 0.730237492 0.7264855889 0 0 0 0 0 0 0.5300146478 0 0 0 0 0.7452581529 0.7541543308 0.7604201877 0 0 0.6260182192 0.6329221484 0.5699783112 0.8514522379 0.857328174 0.8334996105 0.8330956539
0.8369572343 0.6469886119 0 0.8580477839 0 0.864258884 0.5343986833 0.5323861277 0 0.8782270757 0 0.6449226934 0.6413695402 0.6469865113 0.8764047771 0.5426475343 0.5094526795 0.879165978 0.7194521218 0.5483591429 0.631195168 0.5610037137 0.5663544961 0.5148826575 0.763375177 0.7592840123 0.7647832924 0.7744824989 0.875661244 0.5197292341 0.8413742055 0.544669425 0.6002435657 0 0 0 0 0 0 0 0 0 0 0 0 0.726799001 0 0 0.6998968102 0 0.5755531021 0 0.5780866967 0.7523834736 0.7405550706 0.7415018612 0.7425166021 0.6251280885 0.7558739818 0 0.7612791149 0.59119229 0 0.634778657 0.625415549 0.6314941206 0.6377408672 0.575584788 0.8424278898 0.842202865
0.6478816031 0.819828099 0.7178416205 0.855938022 0 0 0.5272601328 0.5366852733 0.7351386585 0 0.7284028351 0.6350075964 0.6395974793 0.6475711281 0.6501927632 0.8928514068 0.7610143612 0.6852256582 0.7107230051 0.7413238827 0.8596048498 0.5551203994 0.5600730847 0.5542338453 0.701589561 0.6423160872 0.7440562618 0.7740686597 0.5143223577 0.8715632543 0.515226223 0.8875142424 0.5842181906 0 0 0 0 0 0 0 0 0 0 0 0 0 0 0.5671710524 0.5653692017 0.5743283168 0 0 0 0 0.7831961338 0 0 0 0 0.6937402805 0.586165084 0.595488809 0.588916973 0.6344350723 0.6279330012 0 0.6349395614 0.6460674394 0.6480876592 0.6543591969
0.7543044918 0 0.5349192143 0.8613705202 0 0 0.8864263289 0.5354682829 0.7367119306 0.7313160636 0.7255326408 0.7284547972 0.6428786488 0.6450286544 0.7624509475 0.8128527437 0.8912045938 0.8829189295 0.732284224 0.8628084821 0.5471070776 0.5469698211 0.5530840225 0.5434794806 0.5474380647 0.8098510816 0.8867600119 0.5229037496 0.617247485 0.5056397876 0.5071843431 0.5866310495 0.5823500593 0 0 0 0.8592902868 0 0 0 0 0 0 0 0 0 0.5658346383 0 0 0 0 0 0 0 0.7510646351 0.7531586178 0 0 0 0 0 0 0.859300785 0.6466841764 0.7292222095 0.7240751797 0.7287781611 0.7555220924 0 0.6473976989
0.7073074464 0 0.7940585074 0.6086461466 0.8813977304 0.8786813587 0.6725026496 0.680920044 0.6777845336 0.7286660301 0.7311694689 0.7322476907 0.841476892 0.6570342075 0.8366067102 0.8565514454 0.8610240244 0.857278181 0.7612686966 0.7589119734 0.6481220986 0.5380170208 0.5432621213 0.5398995574 0.7986275997 0.8015139387 0.806553487 0.8465040497 0.7410910075 0.7132793996 0.7383124528 0.6446896805 0.8639926151 0 0.5826136832 0.8677515134 0 0.7148011105 0 0 0 0 0 0 0 0.9193407489 0 0 0 0 0 0 0 0.6702961755 0.6656716426 0.7607647768 0 0 0 0 0 0 0.6448952706 0.7228882512 0.7211297209 0.7213828364 0.7153691889 0.6516193922 0.6513362125 0.7292249866
0.6554054636 0 0.8902283047 0.6900926102 0.6733561548 0.7271824069 0.6713688626 0.6738183514 0.6752595207 0.5510400652 0.5518019131 0.8049526534 0.8039096788 0.8337626185 0.8358174968 0.8592623763 0.8537854162 0.8503383763 0.7623959569 0.7573107466 0.8146935099 0.5426961081 0.5337416879 0.5391817414 0.7916675346 0.8003501286 0.8008918846 0.5922529103 0.5345552098 0.7352089001 0.5366979374 0.8475659821 0.5882435106 0 0.5851438052 0 0.7790417381 0.7972495231 0 0 0.513342077 0.9002775832 0 0 0 0 0.5598415675 0 0 0 0 0 0 0 0 0 0 0 0 0 0 0.6482047425 0 0.5514213956 0.7161118228 0.7115124821 0.7125026129 0.7097792045 0.7258584179 0.5122101848
0.5112454062 0 0.6856583532 0.6900562338 0.6817192079 0.6709129417 0.6764433501 0.6107150961 0.5371052771 0.5435974124 0.7980306935 0.7984762622 0.8452844663 0.8329221331 0.8402098668 0.8573898856 0.8473192657 0.8468318041 0.7634365347 0.7634494256 0.7622106835 0.5380870691 0.538977922 0.5412034894 0.7937028701 0.7979857703 0.802495431 0.6869484415 0.5326621367 0.5277056038 0.5238382055 0.5236737815 0.7250644222 0.5879316849 0.6903553955 0.5907062101 0.7836732284 0.7759385031 0.790588091 0.6580110553 0.6576609768 0 0.8966501826 0 0.8891573152 0.9188925124 0 0 0 0 0 0 0 0 0 0 0 0 0 0 0 0 0 0.5472613414 0.5437139019 0.7158244207 0 0.7167468012 0.7179230217 0.5055133105
0.5163774155 0.6928712216 0.685326243 0.676184777 0.6779143778 0.6684628369 0.6521046073 0.8063170232 0.5356441148 0.5429483246 0.7709614072 0.7959197718 0.8975044124 0.8422188974 0.8335531451 0.5140479021 0.5106510023 0.516689807 0.6200512392 0.8467737947 0.5688314966 0.7766088258 0.7803553948 0.7764131816 0.7800134454 0.8027588855 0.6261051377 0.8532001248 0.527772684 0.5161394527 0.5202898387 0.5182053693 0 0.7234666698 0.7156327462 0.7168807975 0.7807798416 0.7819344437 0.7831352442 0.657984568 0.8883167897 0.8872397242 0.8838561115 0.8826492787 0.8842058015 0.9028342957 0.7824249652 0.575800252 0 0 0 0 0 0 0 0 0 0 0 0 0.6249225858 0 0 0.5412696023 0.5427649872 0.7118714837 0.7135513459 0.7134362012 0.7256418832 0.746864556
0.7122827937 0.6933953595 0.666568548 0.6663543684 0.6674702828 0.6620129604 0.6575096509 0.6042013085 0.6726908583 0.5408749068 0.5411553941 0.5295613424 0.8460325142 0.7407791505 0.636113171 0.513865426 0.5178425741 0.6109378268 0.5430876975 0.8483683592 0.8393614094 0.7754118446 0.7747926979 0.7778587509 0.777107828 0.7886180743 0.5007942331 0.6398694114 0.5192771605 0.5164657252 0.5119058107 0.5194314722 0.719052509 0.7172255418 0.7130201499 0.7086070264 0.709881682 0 0 0.8134520037 0.8878661706 0.8865121942 0 0 0.8988829746 0.904174872 0.9087279656 0.5771017022 0 0 0 0 0 0 0 0 0 0 0.7194348505 0.8155045899 0.8081513122 0.5591493567 0.5504652569 0.5504939158 0.5454439377 0 0.7137469422 0.7169500136 0.7174425405 0.5950780111
