landscape/hab_quality/256/simulation_000076_p052_h045_HABMAT_patch_more_500pix_modified.asc_ac_0.5_quality.asc
NCOLS 513
NROWS 513
XLLCORNER 0
YLLCORNER 0
CELLSIZE 9.980507
NODATA_VALUE NaN
[rows 420 to 449 of 513, columns 69 to 137 of 513]
0.8380376426 0.8465283446 0 0.5747451846 0 0.5521512829 0.680214198 0.7234600584 0.8888067403 0.7541933826 0.6381654922 0.8481068531 0.6379192654 0.7116771043 0.8066931513 0.707775303 0.6469365261 0.7146468408 0.8374616968 0.8968141902 0.7310000908 0.7253703653 0.597417941 0.5888042475 0.644393109 0.6492633402 0.6830779874 0.6701872146 0.6690651287 0.6714830144 0.6743381087 0.5851827974 0.58721345 0 0 0.8916057064 0 0.5476007316 0.549722745 0.5456467195 0.6966193731 0.6893373603 0.8756280943 0.8690508737 0.8743664817 0.8687235618 0 0 0 0 0.5078611128 0.5138999225 0 0 0 0 0 0 0 0 0 0 0 0 0 0 0 0.8530043976 0.6201864712
0 0.6940941337 0 0.6972795206 0 0.6952170476 0.6787789977 0.6775065691 0.6760217219 0.6827453327 0.6401352694 0.6326486946 0.6405137801 0.8753789653 0.8739512837 0.7137086289 0.7050454557 0.532920053 0.7711026816 0 0 0.6038247689 0.5902101611 0.8995242788 0.6228093711 0.5089718792 0.6840335555 0.6742334134 0.6774457974 0.6719530218 0.7875870417 0.7873839283 0.5783685745 0.578420087 0.5757664257 0.5534067403 0 0.5486202499 0.5499987567 0.665400986 0.5079104453 0.6181861591 0.8241101892 0.8257466387 0.8271276164 0.8328774055 0.677060003 0 0 0 0.5085360613 0 0 0 0 0 0 0 0 0 0 0 0 0 0 0 0 0 0
0.5425550905 0 0.7011299639 0.6108390845 0.6771114919 0.8477606899 0.6759626666 0.672932708 0.6818035979 0.518811822 0.6934616091 0.6328579417 0.8805511237 0.8731690417 0.8789221139 0.5769074839 0.5341717959 0.5303186401 0.5292982405 0 0 0.5935196641 0.5167678118 0.5179837282 0.5178935938 0.7738986867 0 0.7669644651 0.7750986114 0.7716698517 0.7808049154 0.7777160112 0.7799826479 0.5702869772 0 0.8486462837 0 0.6481848234 0.6750897834 0.7149882779 0.8045499176 0 0 0.8215472631 0 0.6019300566 0.5726940169 0.6667910061 0 0 0.6702820198 0 0 0 0 0 0 0 0 0 0 0 0 0 0 0 0 0 0.664216635
0.5510627966 0.5500697052 0.6448725522 0 0.8800448184 0.8385778295 0.6822441073 0.6805152453 0.6791206052 0.683533856 0.6881364161 0.6338845304 0.8760691005 0.8717491486 0.871312386 0.8673115502 0.5343617679 0.5320246358 0 0 0 0.5240319851 0.5184909747 0.5112190783 0.521120694 0 0.7686559312 0.762665096 0.7654714664 0.7709904913 0.7693689028 0.7723630359 0.5638813363 0.573354681 0.575148387 0.7829378436 0.6432699478 0.6518513581 0.8739340006 0.7417204839 0.8093340217 0 0 0 0.5656091447 0 0 0 0 0.6631759824 0 0 0 0 0 0 0 0 0 0 0 0 0 0 0 0 0 0 0
0.683225263 0.8091754922 0.5572911208 0 0.5514794998 0.8330613832 0.6873841359 0.6854143716 0.6854017987 0.6906233856 0.6895298922 0.6935480997 0.8787499724 0.8718967691 0.8667373192 0.868422911 0.5405294423 0.5328813873 0 0 0 0.5149029152 0.5176767316 0.8983074945 0.5093986692 0.5153240803 0.7660483847 0.7600881109 0.7610917579 0.7699006622 0.7660516753 0.7800703717 0.7757033321 0.526177914 0.770874412 0.7674167475 0.5615263012 0.5668153192 0.8174935683 0.6087545575 0.5803081598 0 0 0 0.7017582347 0 0 0 0 0 0.6544029702 0.6504081277 0.6566317625 0 0.8242640549 0.8001066095 0 0 0 0 0 0 0 0 0 0 0 0 0
0.8016128989 0.8007754255 0.5596706702 0.5501406306 0.8534138099 0.8477539718 0.6079748778 0.6147481574 0.6389286328 0.7063756161 0.7327720906 0.6924510735 0.7957422675 0.8686708139 0.8742658068 0.8714987437 0.8744790198 0.7861321277 0 0 0 0.5237848707 0 0.5237857015 0 0.5091591208 0.7564741971 0.7561231037 0.7650786963 0.7657462909 0.7701088257 0.7775631988 0.7843513633 0.7893175554 0.7618801739 0.5540467137 0.5589529788 0.5610560501 0 0 0.8844101536 0.5531326385 0 0 0 0 0 0 0 0 0.6516740213 0.6479045462 0 0 0.7910853397 0.7940908586 0.7901839994 0 0.7923087437 0.6888319662 0 0.8580984916 0 0 0.7022489766 0 0 0 0.5681422292
0.7985472041 0.7998250749 0.5587245975 0.8505591004 0.8452806894 0.6063717399 0.609338882 0.6121248741 0.776216044 0.6228842697 0.6250278677 0.8235296775 0.6803957314 0.786004016 0.7913595955 0.8752266792 0.8742372103 0.7917392059 0 0.7237958252 0.718382602 0 0 0.5192034323 0 0.5110817567 0.7658913864 0.7584451101 0.757010816 0.7605487258 0 0.7785254493 0.7814191963 0.7845440523 0.5536207334 0.5518506687 0.5589529737 0.5861739759 0.5372624003 0 0.8301427162 0.8269880992 0.8261498628 0.829461017 0.8327434856 0.8377805519 0.8386122379 0 0 0 0 0 0.6577397756 0 0.7904099657 0.7883290833 0 0 0 0.8597051978 0 0.8567979256 0 0.699958128 0.7020152712 0 0 0.5756206 0
0.8061750323 0.797162163 0.7974612929 0.7931152968 0.7963914559 0.7933345774 0.60514011 0.7072882251 0.6204792268 0.623021317 0.8006761013 0.7848556756 0.7803065301 0.7816558038 0.7755031727 0.7860457123 0.7789739564 0.6020284897 0.6014322578 0.7200940735 0.7268830777 0 0.5271338894 0.8810848425 0.5131410447 0.5151938824 0.5208536141 0.7642954895 0.7653173406 0.7615418225 0.7834245721 0.7834382999 0.7838670021 0.6991787572 0 0 0.55215743 0.6401056178 0.5783980999 0.5333262623 0.8354399152 0.8302036599 0.8246773872 0 0 0.7334198777 0.5311663117 0 0 0.8755687683 0.6210501376 0.7156720257 0 0.6640110049 0 0 0.8256824821 0.8219166164 0 0.6497142927 0.8657587001 0 0.7038862909 0.6918371463 0 0.6989603354 0 0.7898367584 0
0.8005780623 0.7974800422 0.7971152976 0.5483701614 0.7871127463 0.5983555493 0.6009794135 0.6110564659 0.6112807288 0.6224611915 0.8093231386 0.7778586378 0.7769342115 0.7737125058 0.776334146 0.776458249 0.7840127191 0.5987422088 0.7483916113 0.6000131586 0.7533598317 0.8911552701 0.8827090557 0 0.808539989 0.7448347489 0.5284403208 0.5242988679 0.7703198395 0 0 0.79199743 0 0.7925197906 0.5667482913 0.6671353779 0 0.576514571 0.5153727268 0.5796427089 0.8344524773 0.8268901484 0.8258009476 0.8667276614 0 0 0.7944125042 0.5606915753 0.7317222938 0 0.8673620504 0.8638641254 0.5335656675 0.7354322079 0.5224515671 0.8251601713 0.8198437066 0 0.8230619537 0 0 0 0 0.6949648966 0.6906367969 0.782541702 0.782835998 0.7996605943 0
0.8067909464 0.807073665 0.8056777573 0.6832490494 0.7933253505 0.7906048114 0.6066785037 0.6142623052 0.6810428892 0.8180337875 0.7191131012 0.777299928 0.7818498891 0.7740264459 0.7783763006 0.786125836 0.8878491122 0.6314463778 0.5933094984 0.6020894955 0.5776347811 0 0.8874393121 0.8055003056 0.8051773981 0.8103475539 0.814014796 0.5339117244 0.6391097286 0 0.6679384919 0.8755038512 0.7286852642 0.5652273291 0.8184304786 0.70891975 0.5668596796 0.5731942707 0.5717697948 0.5483218007 0.8340734508 0.8293779403 0.8340521533 0.7050778355 0.8551192685 0.7882476442 0.7900865296 0.6061655397 0.8570573292 0.7379964654 0.7349224371 0.7406406113 0.70573854 0.5231226927 0.5201520911 0.5127209913 0.8293156034 0.8198379453 0 0 0 0.711139629 0.7084024737 0.6914754795 0.6968458728 0.693482839 0.7896800506 0 0
0.8092381552 0.8074379845 0.8074795304 0 0.7916733158 0.7648385876 0.6170222534 0.5777497666 0.8024268601 0.8007430746 0.8096868631 0.7569774756 0.6745631233 0.8555964513 0.5053905571 0.5863549329 0.584646023 0.5834372653 0 0.6802077958 0 0.802410047 0.7247291062 0.8062244122 0.8086492884 0.8085853227 0.8099401043 0.6198980627 0.6726287486 0.6660902947 0.5444047514 0.5530403077 0.5535712049 0.5558361552 0 0.5555465734 0.5609705321 0.563559742 0.560064787 0.5535468871 0 0.6164135003 0 0 0.7118080519 0.8780244711 0 0.857707321 0.8553260703 0.850187799 0.7346660016 0.7393802751 0.6467258585 0.6484290429 0 0.5179647929 0 0.8262764212 0 0 0 0 0.7047554705 0.7019455912 0 0.7030947023 0 0 0.5281785424
0.8512630112 0.8582014646 0.8864010001 0.8011106042 0.8785552892 0.8803498711 0 0.5812104038 0.6362989389 0.8003207058 0.6949562009 0.5562531375 0.5559383654 0.5644577562 0.5591983882 0.5831643057 0.5792893319 0.5877705399 0.7773723318 0.8249032712 0.8296882279 0 0 0.6510181522 0.8177405071 0.8088891415 0.6691555752 0.666416461 0.6607688428 0.6656437905 0.6683730789 0.5433888015 0.5437143106 0.5467732748 0.5492010253 0.5537809507 0.5517215298 0.5542146033 0.5534622594 0 0.849147644 0 0 0 0 0 0.8723736187 0 0.8480975247 0.8481118316 0.8513333161 0.7378247212 0.5291760033 0 0 0 0.5898856596 0 0 0 0.710836371 0.7068996297 0 0 0 0 0 0 0
0.8757910876 0.8816993187 0 0.7752778942 0.8732397443 0.8706197942 0 0.8631925188 0.8087726668 0.6951863661 0.6957831457 0.5510140475 0.5547092831 0.5574988599 0.5613598861 0.5860501165 0.5884714161 0.5829463294 0 0 0.8207684085 0 0 0.8439947264 0.8301430664 0.6577099711 0.6722954067 0.6641475713 0.659122111 0.6584851841 0.6628817555 0.5347491159 0.5374965338 0.5334446197 0.5562977269 0.5630176872 0.551221292 0.5446788873 0.5525037412 0 0.8206517343 0 0 0 0.8853305964 0.879281847 0.8674314105 0.8664621414 0.8528627739 0.8477989403 0.8488320954 0 0 0 0 0 0 0 0 0 0.7159443391 0 0 0 0 0 0 0 0
0.8809585977 0.8723658783 0.87384243 0.8763600672 0.877489554 0.8715154013 0.8626536988 0 0.5795157761 0.6900254131 0.6865510318 0.5513382222 0.5479384953 0.5481533763 0.5666062462 0.5955063507 0.5954466909 0 0 0.8239279189 0 0.8168052997 0 0.6901678329 0.8642452274 0.5447561722 0.6731108338 0 0.5230277017 0.5235920901 0.5192865137 0 0.5298716335 0.5339805775 0.5670956269 0.5626519221 0.5542338176 0.5527531842 0.5451305297 0.5546329192 0 0 0 0 0 0.8824935285 0.8730142053 0.8618519431 0.8566122924 0 0 0 0 0 0 0 0 0 0 0 0 0 0 0 0 0 0 0 0
0 0.8700676805 0.8669224419 0.8720434198 0.8796866624 0.8675640503 0.8721834193 0.8688280763 0.5779192914 0.6656238753 0.5828314931 0.5511975235 0.607156408 0.6014257021 0.6033466435 0.6088259463 0 0.7481699102 0 0.8795588791 0 0.8212676648 0.6855394601 0.69552717 0.8628470588 0.5389990973 0.5362700694 0.5317861505 0.5199933548 0.5174668123 0.5174529426 0.5244088005 0.5309483498 0.5394909179 0.5673255427 0 0.559568786 0 0 0.5223170055 0 0 0 0 0 0 0.877372987 0.8654856352 0 0 0 0 0 0 0 0 0 0 0 0 0 0 0 0 0 0 0 0 0
0.8773087045 0 0.8718673688 0 0 0.8754583449 0.7458365735 0 0.5759991373 0.5762132557 0.5767466916 0.7263569604 0.6035626077 0.5978595188 0.5997919543 0.7533325684 0.7480864093 0 0.5553871219 0 0.7107227827 0 0.6904612024 0.6920787731 0.8598403376 0.853627119 0.5268150952 0.5267705259 0.5237525141 0.5230558442 0.5247015859 0.5233279369 0.5264483824 0.7206143481 0.6434710003 0 0.5655137716 0.5661396238 0.5751569685 0.6735233772 0.5662918002 0.7933987584 0 0 0 0 0 0 0 0 0 0 0 0 0 0 0 0 0 0 0 0 0 0 0 0 0 0 0
0.5280022365 0 0 0 0.6710679771 0.5575290659 0 0 0.5676247419 0.5687711282 0.5853575828 0.7175680126 0.6005549695 0.604589261 0.6016022487 0.7433621035 0 0 0.5553858516 0 0 0 0.6012407634 0.8688290718 0.7927185006 0.8563116393 0.8550034311 0.5255459928 0.5301250329 0.5435835666 0.5376575774 0.5414097616 0.5461206585 0.5516031579 0.562359173 0.5749358703 0.5671265824 0.5720883673 0.5692584148 0.8660626331 0.5716700781 0.5654372734 0 0 0 0 0 0 0 0 0 0 0 0 0 0 0 0 0 0 0 0 0 0 0 0 0 0 0
0 0 0 0 0 0 0.5552533576 0.5579954217 0 0 0.5502212995 0.5406488424 0.6076265514 0.6075007343 0.7502803689 0 0 0 0 0.8705290087 0.6077545169 0 0.8745802169 0.6220610598 0 0 0.8541953786 0.5516626926 0.5490688041 0.5384019101 0.5473913336 0.5439820584 0.5477948053 0.5556917354 0.5589918283 0 0.5771165205 0.52550758 0.6966243114 0.8582003059 0.7572404875 0.572926076 0 0 0 0 0 0 0 0 0 0 0 0 0 0 0 0 0 0 0 0 0 0 0 0 0.549172052 0.5567583991 0.531749008
0 0.633849158 0 0 0.6187556366 0 0 0.5573328031 0.5641987436 0.5407490776 0.5403565778 0.540732954 0.8086731192 0.8062454 0.814747645 0.8194089919 0 0 0 0 0.6118131949 0.8310034828 0.7991382428 0.8296977128 0.871075213 0.8596355484 0.8641862385 0.5495710425 0.5575089807 0.61923155 0.5509488906 0.5481514472 0.8767685583 0.5541444058 0.8706481154 0.5769052922 0.5757132936 0.8522178611 0 0.5642902337 0 0 0.5300192785 0.5209893992 0.5255212974 0.5289134951 0.5381347458 0 0 0 0 0 0 0 0 0 0 0 0 0 0 0 0 0 0 0 0 0.558460872 0.5604874299
0.6259893836 0 0.7516273059 0.8279755713 0.7617902011 0.839274355 0 0.5061289138 0.5469975074 0.5412000326 0.5479075413 0 0.8119669636 0.8074936518 0.7793159051 0.6340774277 0 0.7729569704 0 0.5083892862 0.8949834383 0.8596747714 0.7734947825 0.6259797301 0.8742902464 0.865458962 0.8676142402 0.5674104309 0.5583828206 0.6618853965 0.7937072993 0.5769502765 0.7010759539 0.6146869975 0.7323644076 0.8040299945 0.5705500315 0.7361730258 0 0 0.5245795512 0.5211523195 0.5204726922 0.5244113041 0.5289432546 0.5303384856 0.729885992 0.7336818167 0 0 0 0 0 0 0 0 0 0 0 0 0 0 0.7397729853 0 0.5344937108 0.5386010643 0.5377203223 0 0.5396116537
0.6311349324 0 0.7799959997 0.8087114767 0.6279323447 0 0 0.5503864102 0.5483512983 0.546972833 0.5442166913 0.8319208522 0 0 0 0 0 0 0.5898684996 0.816725581 0.8093558401 0.7848636963 0.8518901971 0.5448207581 0 0 0.5720635306 0.6085923441 0.6076676182 0.60810326 0.788126253 0.6972514375 0.5554938308 0.6928560853 0.723104249 0.7278599196 0.7271248486 0.52870825 0.5240687548 0.5258616057 0.5196577759 0.5168565614 0.5188665732 0.5238406808 0.5304693565 0.5385385628 0.7948150393 0.7286502338 0 0 0 0.7529087964 0.7488313875 0 0 0 0 0 0 0.8281593997 0.7410802047 0 0 0.6532596137 0.5288482644 0.5317358185 0.8565765042 0.5361811141 0.5302539601
0.5549072299 0.5639179708 0.7438153547 0.8089606344 0.800676174 0.8053796197 0.6760387619 0.6707477069 0.6710416116 0 0.835866956 0.5256448972 0.8286004774 0 0 0 0.5957967637 0.6703254444 0.672701487 0 0.8830476329 0.5484230715 0.5398891994 0.5427534362 0.644439768 0 0 0.6071561075 0.6029429129 0 0.6124646554 0.5485561311 0.687310755 0.5944201164 0.8870533299 0.721606943 0.7294975277 0.5396461843 0.5266469181 0.5236318916 0.5158926682 0.5161056054 0.5287340698 0.5316276226 0.5365832711 0.5453752408 0.730531605 0.7367733009 0.6759717021 0.6977712558 0.7563659351 0.7544873248 0.7486498198 0 0 0 0 0 0 0 0 0.7991304749 0.8122770556 0.5348535934 0 0.5283811258 0.5264982516 0.5269929378 0.5292981286
0.5559222488 0.7372969117 0.7391069394 0.8253566216 0.5580187463 0.5526605822 0.673491069 0.6669290314 0 0.606950175 0.8375106212 0.8341857625 0 0.8298449811 0.5908566497 0 0.5945304117 0.7622616299 0.7412885143 0.6733459412 0.5471414194 0.5462115241 0 0.5715117895 0.63717703 0.6352372393 0.6359050233 0.6121372629 0.6065012588 0.6074119392 0.6155564219 0.832551202 0.7397210396 0.8021364957 0.7175448945 0.7297544051 0.7283536723 0.5401757342 0.5318365276 0.5237133616 0.5199517409 0.5243654323 0.5305400546 0.5323068364 0.5522860199 0.8764226849 0.7430043771 0.7443320041 0.7369979748 0.760628238 0.756754776 0.7543019751 0 0.7433835124 0.7463039965 0 0 0 0 0 0 0 0 0 0.5324357536 0.5259608398 0.5214310387 0.5271823166 0.534165118
0.7438011012 0.7392513191 0.6248403912 0.5554521062 0.5514803534 0.5562880908 0.6659584087 0.6677138166 0 0 0 0.8429994422 0.8356406972 0.6249288482 0.5895592595 0.5854169723 0.5921955677 0.5990264724 0.7300672336 0.7348799364 0.7321306749 0.698907138 0.5923016246 0.6419532716 0.6363027838 0 0 0.7960646536 0.6637104492 0.7267362423 0.6582860737 0.8707630671 0.8057076231 0.802477293 0.7493800755 0.6570582101 0.5014320107 0 0.5245199625 0.5228746505 0.5288859138 0.5277003215 0.5274063273 0.5470274296 0.5503364504 0.5243351793 0.5120173881 0.7451892396 0.85233967 0.7384632791 0.7650214808 0.8100754908 0.7500384322 0 0 0 0 0 0 0 0 0 0 0 0 0 0 0.5240078825 0
0.8401565393 0.576917661 0.8360787403 0 0.553724015 0.5546767032 0.6717418278 0.6734991429 0 0 0 0 0.6082181288 0.5986164671 0.5938497464 0 0.5895348266 0 0.6693025741 0.72610131 0.7340173118 0.663786854 0.5956414795 0.6750681075 0.5159242037 0.5748277717 0.8259061863 0.8242723573 0.8240520873 0.5206420886 0.658346545 0.6500275753 0.7615284489 0.6398842009 0.6557703145 0.7936504154 0.8221830039 0.6897750759 0.5327117866 0.5370731249 0.530983621 0.5333093708 0.5373994979 0.5439125719 0.5499250151 0.5619746965 0.6942766221 0.7168132992 0.5526191539 0.553256341 0.8901847286 0.879870653 0.8858087418 0 0 0 0 0 0 0 0 0 0 0 0 0.6770828895 0.5280352902 0.5302863865 0.5268477604
0.6081064808 0 0 0 0 0 0 0 0 0 0 0 0 0.6358554827 0 0 0.8355434381 0.8337457713 0 0.8393972239 0.6565942073 0.603635355 0.5944879899 0 0.7266166521 0.5095144727 0.8256726019 0.8210009431 0.8229462763 0.8478457935 0.833027874 0.8348146882 0.8390920442 0.8756399498 0.8776170663 0.8798565787 0.8175281571 0.8173207327 0.818843407 0.5486871381 0.5432079366 0.5429440713 0.5402256785 0.5408727841 0.5535112974 0 0.7318976341 0.5971504893 0.5510199931 0.6724742016 0.7780308045 0.881128814 0 0 0 0 0 0 0 0 0 0 0 0 0 0.5227497595 0.5231797504 0 0
0.716166645 0.5918477584 0.5897209919 0 0 0 0 0 0 0 0 0 0 0 0 0 0.8435699836 0 0.8377862309 0.8421210089 0.8496980492 0.6910383888 0.6768627882 0.8670198212 0.7346486846 0.7307331492 0.830726289 0.7965224807 0.8386525558 0.83037967 0.8278351275 0.8327618093 0.5349598595 0.7004473871 0.8740602544 0.5915511319 0 0.8197578225 0.5950123616 0.5472683716 0.5500166087 0.5415696952 0.5498760863 0 0.5543357147 0.563196439 0.5923750812 0.5923463424 0.5898308466 0.5599403922 0.8910603526 0 0 0 0 0 0 0 0 0 0 0 0 0 0.5618303845 0.5259277865 0.5522731951 0 0
0.7181768281 0 0 0 0 0 0 0 0 0 0 0 0 0 0 0 0 0 0.8400051532 0 0.7835707096 0.7791391022 0.8298935494 0 0.7297117032 0.7258101253 0.7245878042 0.5478973767 0.8348469769 0.8303640216 0.8234780903 0.8281312401 0.8371564397 0.6288278377 0.6253691336 0 0.6287686158 0.7711574659 0.7044267462 0.5541039242 0.5512119887 0.551288416 0.5451094644 0.5559412943 0.5609107665 0 0.5915060511 0.585075295 0.5899610912 0 0 0 0 0 0 0 0 0 0 0 0 0 0 0.7968085499 0 0 0 0 0
0.7142237736 0 0.887365679 0 0 0 0 0 0 0 0 0 0 0 0 0 0 0.5113907667 0 0.7550022721 0.7809872876 0.7784281025 0.7780137096 0.7832850559 0.5117123505 0.8994378429 0.5149732198 0.5252959774 0.835620542 0.7318207035 0.8323153587 0.8314493697 0.6306075486 0.6217370188 0 0 0.7887377344 0.7630887195 0 0.804263231 0.5560211728 0.5577183152 0.7733674982 0 0 0 0 0.5829585916 0.5871345171 0 0 0 0 0 0 0 0 0 0 0 0 0 0 0 0.6599407655 0 0 0 0
0 0.8926667259 0.88653422 0.8895038044 0.8991224863 0 0 0 0 0 0 0 0 0 0 0 0 0 0.7498711506 0.7524958217 0.7788614429 0.773893171 0.7766112265 0.785123599 0.5132687149 0.5101706285 0.5197944049 0.5250376853 0.5655977296 0.5653001512 0.570154693 0.5695784427 0.5792397827 0.6297599429 0.6249459615 0.614719316 0.7426262728 0 0 0 0 0.786291022 0.7814947895 0 0.8354636166 0.8294779636 0 0.5922019957 0.5894258609 0 0 0 0 0 0 0 0 0 0 0 0 0 0 0 0 0 0 0 0
