landscape/hab_quality/256/simulation_000006_p065_h030_HABMAT_patch_more_500pix_modified.asc_ac_0.5_quality.asc
NCOLS 513
NROWS 513
XLLCORNER 0
YLLCORNER 0
CELLSIZE 9.980507
NODATA_VALUE NaN
[rows 403 to 433 of 513, columns 210 to 279 of 513]
0.5508089703 0.7846622471 0.7935267523 0 0.8031905744 0.5936909377 0.7383514901 0.5299760681 0.6422682277 0.8451004116 0.8415964629 0.8389856054 0.7606541069 0.7610526133 0.757793611 0.5493408378 0.5407779045 0.5326556308 0.5307262831 0.5279051224 0 0.732516832 0.7261237919 0.6812109831 0.5581543794 0.7136976026 0.7076398319 0.8734729367 0 0.5613216274 0 0 0.614599998 0 0.8637016102 0.8641758196 0.7797610004 0.7820896202 0.8348144298 0.6353342903 0.8168091723 0.8565245405 0.8551807591 0.8472039563 0.7957488345 0.8246314973 0.76927968 0.6835751551 0.8413726539 0.8397858001 0.8321780236 0 0.5734750235 0.579416679 0.8197190172 0.8989757887 0.7598783189 0.7524657384 0.7587401699 0.5475632044 0.8813191602 0.5941785022 0.7035877421 0 0 0 0.8785726018 0 0.6756712763 0
0.5550644945 0 0.7890507562 0 0.6585075998 0.7864491898 0.5437609825 0.8935993324 0.7698721101 0.8483852587 0.8485794058 0.8481140006 0.7607769175 0.7553951722 0.7538758038 0.7668457732 0.6915422263 0.5346761458 0.5375005599 0.540517229 0.7369940777 0.7322333358 0.7242462168 0.5672538127 0.8938059406 0.7156362885 0.6957947059 0.7042655929 0.5702994412 0.5666043954 0 0 0.7360356822 0 0.5189467918 0.514887941 0.5153405865 0.5832217739 0.6267213282 0.6324592541 0.6402408426 0.7273698457 0 0 0.8543454932 0.7648866619 0.7467914194 0.7632568047 0.8441123957 0.8419830389 0.8431874582 0.5761270113 0.5815869558 0 0.8557134194 0.8316340105 0.7528657074 0.7621589201 0.759728127 0.5216632483 0.5279291042 0.5920612795 0 0.6964679755 0.7019877058 0.6872931369 0.6856305399 0.6802743598 0.6724052909 0.6660766254
0.547916614 0 0 0 0.537880087 0.6529326568 0.536356544 0.5351578097 0.5189608861 0.6873839712 0.7311235835 0.7663603849 0.7627672645 0.7531259216 0.7602884402 0.7702189821 0.8914522743 0.6373612487 0.8891061708 0.5938509647 0.8022572684 0.6282692957 0 0 0.522286301 0.5210681285 0.5217579207 0.6948429232 0 0.7822074208 0 0.7318235877 0.7413487594 0.5262567897 0.5158235199 0.5123974951 0.5781279665 0.5810499524 0.8489239538 0.6325740529 0.7215367599 0.8066815039 0.5682988008 0.5323747055 0.5525938838 0.6296841056 0.5313553824 0.764492517 0.8177727855 0.7991559528 0 0 0 0 0.5694748086 0 0 0.5196722812 0.5173884207 0.5216668166 0.5258486328 0.7459424709 0.8084714042 0.6885815639 0.6911111677 0.6939321504 0.6896232784 0.6805517272 0.6703050473 0.6690220825
0.5497813275 0.556163004 0.7819758198 0.6335635718 0 0.5319482141 0.5362095656 0.5341454373 0.5263358027 0.5171452344 0.5025323563 0.7645612258 0.7626538695 0.7544486142 0.7554321041 0.8760490786 0.8840921077 0.8847533838 0.8868180227 0.6559093768 0.588930313 0.7691760718 0.6353914993 0.6432790207 0 0.5202962406 0.5287855967 0.7036339645 0.6965698379 0.5007571095 0.844084807 0.5242110325 0.5266170712 0.8225220969 0.515803292 0.5210505009 0.519849848 0.5789031174 0.7310761032 0.7305998396 0.7155355683 0.7268793342 0.8673127794 0.8710559751 0.5404586695 0.5471959917 0.5532343377 0.8245797884 0.8086894205 0.8058532672 0 0.885788406 0 0 0 0.5607900642 0 0.5250895602 0.8861005159 0.5218412143 0 0.5769169508 0.692732558 0.6927279628 0.6908541246 0 0.680568015 0.7460227457 0.5317957102 0.5402919237
0.5643726124 0.7557771019 0 0 0.7249663113 0.5355135531 0.5329987069 0.8719776893 0.7692903696 0.5257846626 0.7436620742 0.7699685097 0.7643696677 0.7607911377 0.7554363464 0.8802540444 0.8759837491 0.8803524327 0.8921169696 0.7996357827 0.5895803813 0.5936935056 0.5986826054 0.8911264321 0 0 0.9015822129 0.8984943532 0.9021316336 0.7205074582 0.8756499896 0.5261245289 0.5190217944 0.8162206167 0.8189199497 0.5284599116 0.5294039703 0.6566407828 0.7215523126 0.7153408725 0.7192149087 0.7201003308 0.8612005725 0.7166830261 0.5549752548 0.5469941569 0.5453073065 0.757322426 0.6281486404 0.8103103199 0.89271727 0.8897715901 0 0 0 0 0.868381979 0.8639795495 0.8663446558 0 0.6655460871 0.7133190446 0.6940743525 0.5762302679 0.6927582258 0.8450131124 0.8430681865 0.8501566551 0.5457834366 0.5415395883
0.5665025929 0.7380644497 0.5965644787 0 0 0.5351240748 0 0 0.5654541272 0 0.7713090566 0.7707505993 0.7663651383 0.7656276875 0.8706520426 0.6896863826 0.6094733949 0.8776214006 0.6194877931 0.6272660311 0.7113138191 0.5967456075 0.6766753199 0.8840812494 0.6043807079 0.8808192696 0.8894680001 0.8951693323 0.9031874689 0.9114868549 0.5317617149 0.5214642126 0.8060336681 0.8037188 0.8119057856 0.5301148621 0.5314256751 0.7187660892 0.7128980041 0.7186384164 0.7257857406 0.7359660144 0.500502808 0.8678209239 0.5551582638 0.5505061549 0.5511759428 0.7104267913 0.8193140537 0.8720955491 0.8980991961 0 0.8952220256 0 0 0 0.8626165517 0.8698200389 0.8723782482 0 0 0.7039440487 0.7149793139 0.840379282 0 0.7868737202 0.5643486237 0.5424722039 0.5393925273 0.713412284
0.7328037941 0.7345502507 0 0 0 0 0 0 0.7975182232 0.7450286349 0.7980318527 0.5902187083 0.7847833461 0.7681892032 0.6906816949 0.6120505131 0.7683257511 0.6101275445 0.6140992495 0.6260064618 0.5024587307 0.6994873447 0 0.8820394987 0.8756912915 0.8832046445 0.8855919167 0.8860851897 0.8983261333 0 0.8608537636 0.6124041361 0.8035371719 0.8029216703 0.806017985 0.8562430869 0.8587156956 0.639102792 0.7219029687 0.7208789441 0.7264312365 0.7326467312 0 0.5013748233 0.743723849 0.6444986668 0.5601703645 0.6516432603 0.6462073503 0.6540074384 0 0.781261989 0.8247150206 0.6451394522 0 0 0 0 0 0.8784257355 0.894674134 0.8970749562 0.7572531651 0 0 0.8534023863 0.7789821086 0 0.8716286393 0.8710466026
0 0 0.7362721774 0 0 0 0 0 0.801915806 0.7955909205 0.7960993572 0.5801441707 0.58378813 0.5612307872 0.5661580556 0.7731473037 0.6108503409 0.6141719437 0.6217665231 0.6369001152 0.5033509001 0.5258446552 0.8585065941 0.8789296964 0.8767454986 0.8840471347 0.8856240018 0.8913462004 0.7188855321 0 0 0 0.8109618106 0.8107755428 0.8065547636 0.8508698032 0.8604093472 0.8791653032 0.7335072829 0.7275272139 0.7266474488 0.7357719558 0.5742247343 0.7390331913 0.7411158923 0.5281908165 0.5971988389 0.5319325708 0 0.5506083679 0.8157147424 0 0 0 0.576029015 0 0 0 0 0 0 0 0.5031352544 0.6002777558 0.5998258074 0.6084522501 0.5289514028 0.8007699847 0.88088925 0.5101771387
0 0 0 0 0 0 0 0 0.8011106832 0.7952630031 0.5719711441 0.5772346498 0.5785008426 0.75252456 0.746710198 0.858946895 0.6186246321 0.6840590414 0.6233589597 0.6295180631 0.7080358903 0.5005335565 0.6375178912 0.8866436273 0.8867945896 0.8858538891 0.8883181581 0.8943497149 0.8971846833 0.582655922 0.6278323164 0 0.702182552 0.5833002028 0.8510672344 0.8606161897 0.8531049095 0.8771809768 0.6518995962 0.7304207765 0.7442165405 0.7410259492 0.7367927112 0.7429817527 0.7468306983 0.61106813 0.5302117599 0.5282661418 0.5293038713 0.6819872241 0.5487393448 0 0.8301852188 0.8299497484 0 0 0 0 0 0 0 0 0 0.6050534614 0.6093555135 0.6046540181 0.7609229307 0.5914901843 0.7487169254 0.7139561113
0 0 0 0 0 0 0.8061126599 0.8046372215 0.8014061791 0 0 0.64581608 0 0.7519015681 0.749871455 0.8504410538 0.8505865329 0 0 0.6067208869 0.657843422 0 0 0 0.5119538931 0.8977542241 0 0.5254716086 0 0 0 0 0 0.5842873644 0.5795112732 0.5793705105 0.8681714012 0.8710258729 0.8859597035 0.6547600269 0.6235451017 0.596328642 0.5261900528 0.5252574935 0.5192813853 0.5214743965 0.5187618148 0.5222180896 0.5248038996 0.6804501366 0.6868485748 0 0.8241740417 0.7267408706 0.7502961301 0 0 0 0 0 0 0 0 0 0 0.7656964715 0.7884366855 0.5916610864 0.7384908356 0.6830970758
0 0 0 0 0 0 0.8097627054 0.8028733938 0.8097392319 0 0 0.6167027738 0 0.7584884228 0.8535045638 0.8462193388 0 0 0 0 0.8234602832 0.8272456059 0.5852889145 0.8654975813 0.8731690298 0 0 0 0 0 0 0 0.7788855427 0.5846017165 0.5802459136 0.5823476858 0.5860183033 0.8707994278 0.5143391725 0.6293260698 0.605803269 0.5416667395 0.532084053 0.5247611832 0.5221531251 0.5154507346 0.5171342066 0.519136847 0.5304688684 0.5317291034 0.6839856983 0 0.7205727044 0.7217050297 0 0 0 0 0 0 0 0 0 0 0 0 0.7012371504 0.6510689272 0.7661978874 0.7599106734
0 0 0 0 0 0 0.7543296755 0 0.8419277354 0 0 0.6053225906 0.7077684511 0.5347215002 0.8545802034 0.7860187027 0.8369660502 0.7818190345 0 0.5123061621 0 0.8207865146 0.7973029317 0 0.5455437379 0.546955947 0 0.7784747093 0 0 0 0 0 0 0 0.7076946509 0.7058203853 0 0 0.7541414885 0.7474196789 0.5418222329 0.5294342494 0 0.5196797079 0.5161273296 0.5231548841 0.5871598033 0 0.5388575886 0 0 0.7254484139 0 0 0.6366436984 0.5474332984 0 0 0 0 0 0 0 0 0.7179407688 0 0.7162361749 0.7656134688 0.6211280739
0 0 0 0 0 0.5353700773 0 0 0.8832305551 0 0 0 0 0 0.8074029697 0 0.779687052 0.8682767557 0 0.6848355443 0.8732123905 0.824192598 0.6047997236 0 0.7021449476 0 0.5223934845 0.7729834287 0.7767323564 0.8658513048 0 0.6324479388 0 0 0.7006139484 0.6994724069 0.701017668 0.7115196216 0.5486361074 0 0.563575684 0.7439999556 0 0 0.5291867111 0.5200881319 0.6977879198 0.7857198753 0.8193049467 0 0 0 0.7948086726 0.7908298217 0.7996908472 0 0.6446277144 0.8843870511 0 0.5514620959 0 0 0 0 0.7260919627 0.6422026544 0.7159507038 0.7202728407 0.6265069743 0.6209665777
0 0 0 0 0 0 0.5374493959 0.7532960171 0 0.5366570643 0.5364731714 0 0 0 0 0 0.7552361831 0.5058331797 0.5077023323 0.5041856594 0.5196899781 0.5435763079 0 0 0 0 0.7726354289 0.7765396869 0.7797466947 0.6403708316 0.638802089 0.6299277462 0 0 0 0 0 0 0 0 0 0 0 0 0 0.5236758195 0.7852533108 0.7848431087 0 0 0 0 0.7931534308 0.7905593523 0.7913064185 0 0 0 0.6965473566 0.6875297541 0.6786389384 0.675249559 0.6787887952 0.6877821537 0.5243663896 0.8299789747 0.7188335368 0.7363833839 0.8345460258 0.6205225866
0.8180785427 0 0 0 0 0.7889807866 0 0.7182534638 0 0 0 0 0 0 0 0 0 0.5036693194 0.5035939839 0.5188151335 0.521574268 0.5912282781 0.731832359 0 0.6330277368 0.8504396395 0 0.7726109041 0.7225982797 0.6361382074 0.6351991036 0.6379182255 0.6331901579 0 0 0 0 0 0 0 0 0 0 0 0 0 0.7802585452 0.7796543329 0 0.716271776 0.791018359 0.7906003067 0.7891361558 0 0 0 0 0 0.6916401144 0.6889793432 0.683213431 0.6834601945 0.68278267 0.6886427812 0 0 0.6269953566 0.772237645 0.6217985539 0.7516239406
0.8569410218 0.5724545492 0 0.5499245865 0 0 0.7310339784 0.7229044233 0.7249758436 0.563812219 0 0 0 0 0 0.6262843596 0.5102768963 0.502057672 0.5101153298 0.5105648855 0.520621989 0.6305668144 0.5910602257 0.7267870991 0 0.7598565781 0.7647153712 0 0.7739712315 0.7766127711 0.7064992881 0 0 0 0 0 0 0 0 0 0 0 0 0 0 0.5702059756 0.7802707364 0.788945189 0.7842359681 0.6126446083 0 0 0 0 0 0 0 0 0 0.6872181405 0 0 0 0 0 0 0 0.6070882583 0.562621682 0.8527489897
0.5389496318 0.849767818 0.8481132606 0 0.6554216258 0.8186366861 0 0.5384550545 0.7294549172 0 0.5562489701 0 0 0 0 0.6511321398 0.51166003 0.741230609 0.7847821969 0 0 0.6956915464 0 0 0 0 0.763952444 0.7697697997 0.7973373697 0 0 0 0 0 0 0 0 0 0 0 0 0 0 0 0 0 0 0 0.5057505902 0 0 0 0 0 0 0 0.7993301747 0.6497331469 0.6502339566 0 0 0 0 0 0 0 0 0.8603318906 0.7232598077 0.5128641373
0.8510647489 0.8431497858 0 0 0 0 0.7412841522 0.7324946375 0 0 0 0 0 0 0 0.6508523026 0 0.7852138987 0.7880155341 0 0 0 0 0 0 0 0 0 0.5609166657 0 0 0 0 0 0 0 0 0 0 0 0 0 0 0 0 0 0 0 0.8585049289 0 0 0 0 0 0 0.8320874458 0.8340148112 0 0 0 0.8385449549 0.6325120777 0 0 0 0.5525360465 0 0.619279903 0.7545548469 0.5493834755
0.8456910815 0.8478865681 0.8957390136 0.5990149789 0.7446729827 0 0 0 0.7357913749 0.7132175224 0.5742819055 0 0.8233583437 0 0.6562266503 0.6551152261 0 0 0 0 0 0 0.8901955872 0 0 0.7928410907 0 0.7928108132 0 0 0.8295579246 0 0 0 0 0 0 0 0 0 0 0 0.6503396114 0.6442875635 0.6689151741 0 0 0 0 0 0 0 0 0 0 0 0.8313916212 0.8367669995 0 0 0.831391345 0.8148582173 0.7544413517 0.5066900006 0.8374455606 0.8288632473 0 0.6256061869 0.6273368179 0.849832464
0.6464977413 0 0.554436231 0.7024523324 0 0 0.7716618875 0 0 0 0.5616890381 0.8226467134 0.7447300869 0 0.7469686925 0.7559513331 0 0 0 0.6690089866 0 0.8804612481 0.8901594934 0.6811134062 0 0.6816905208 0.7856175919 0.5082068426 0.6351295402 0 0 0.8365476977 0 0 0 0 0 0 0 0 0 0 0.6427445375 0.6426482202 0.6354275046 0.6406814991 0 0 0 0 0.5534599279 0 0 0.7219195878 0 0.5744772395 0.8307351814 0.8316544167 0.8414849827 0.8463004336 0.8372174322 0.6436336137 0 0 0.833636972 0.8302613896 0.6595272693 0.6608541806 0.8561957863 0.8489624725
0.6252632534 0.7294536446 0 0 0 0 0 0.7729532414 0 0 0.8229803231 0 0 0.7385035526 0.7475701622 0.7395510107 0 0 0.8060147698 0 0 0.6276509615 0.5174315704 0.6825938595 0.6756577801 0 0 0 0.8545439354 0.790627561 0 0 0 0 0 0 0 0 0 0 0 0 0 0.6438310477 0.6352692274 0 0.7544094129 0.7507551037 0.6700200209 0 0.6712194755 0 0.8538290729 0.8522427414 0.5800827904 0 0.8365751445 0.5165742759 0.8346606877 0.8501474687 0.8482536301 0 0.8970300469 0.6257931949 0.8385332715 0 0 0.6588882217 0.659319722 0.8469815454
0.7969406449 0 0 0 0 0 0.8177454212 0.8139300434 0 0.6549656208 0.5690925027 0.5638749168 0 0 0.7390770603 0.7481743563 0.66208263 0 0.6176701102 0.8174169943 0.6036026162 0.5547649309 0.5459842159 0.6807514618 0.6850131891 0.683210905 0 0 0.8777561475 0 0.8767294508 0 0 0 0 0 0 0 0 0 0 0 0 0.6370591962 0.6387016629 0 0 0 0 0.6647506083 0.6693344096 0.6739346232 0.6817164209 0.681069875 0.8530676847 0.7942803724 0.5877339333 0.8385632316 0.7839669156 0.8457317191 0.789253713 0.7524832758 0.5623632867 0.8935657631 0.8866565666 0 0 0.6574928634 0.6593811384 0.842283631
0 0 0 0 0.5083072489 0.8198210675 0 0.8101969181 0.6774340782 0.615759275 0.6171523093 0.6123147371 0.5595331579 0.7449778362 0.7458673271 0 0 0 0.8201759652 0 0.7354458529 0 0.5863774138 0.5550414558 0.9104937615 0 0.7968885886 0 0.8664844388 0.9113447438 0.9196517104 0 0 0 0 0 0 0 0 0 0 0 0 0 0 0.6451315152 0 0 0.6727491775 0.6695145314 0.6698573584 0.6786581341 0.6803587067 0.6902211741 0.8197981048 0.5561458911 0.853631044 0.5464652552 0.7907315615 0.7837024071 0.7919302842 0.6127675942 0.5706795583 0.640490545 0.6377904414 0 0 0 0.6616088913 0.8273954848
0 0 0 0 0 0 0 0 0.8165376498 0.6178500412 0.6121597249 0.5656576652 0 0.5517388447 0 0 0 0 0 0.7270787671 0 0 0.7744579797 0.6469409443 0 0.9054545834 0.9124017203 0.911032319 0.9050500421 0.9126800905 0.9134995355 0.914156469 0 0 0 0 0 0 0 0 0 0 0 0 0.8480570637 0 0 0 0.6776197463 0 0.6742925268 0.674658645 0.6870572629 0.6594476499 0.6922529338 0.7803979138 0.8493834739 0.5982476044 0.7874659499 0.7884300517 0.789313995 0.8966990345 0 0.7857558011 0.8548335506 0 0 0 0 0.8241087688
0 0 0 0 0 0 0 0.8103854765 0 0 0 0 0 0 0 0 0 0 0.5669069993 0 0.8708421492 0.6115853791 0.6857213005 0 0 0.9039031042 0.9058642269 0.9041183869 0.9043179416 0.9048935201 0 0 0 0 0 0 0 0 0 0 0 0 0 0 0 0 0.6922239165 0.6857133046 0.6815651208 0 0.6770260259 0.6834042722 0.8821540673 0 0 0 0.6590225274 0.5427954486 0.712094447 0.7825455934 0 0 0 0 0 0 0 0 0 0
0 0 0 0.6581754388 0 0.6639348176 0 0 0 0 0 0 0 0 0 0 0 0 0 0 0 0 0.8191726734 0 0.7576092743 0 0.8974209117 0.8968496842 0.9026527547 0.9069628869 0 0 0 0 0 0 0 0 0 0 0 0 0 0 0 0 0 0 0 0 0.6860849195 0.6789397688 0.8727054797 0 0 0 0 0 0.7889450092 0 0 0 0 0 0 0 0 0 0.7082398104 0.5540447368
0 0 0 0 0.6551179995 0 0.530504035 0.5263679281 0 0 0 0 0 0 0 0 0 0 0 0 0 0 0.825087593 0.7641787564 0.7609991168 0.9038662739 0 0 0.9011352021 0 0 0 0 0 0 0 0 0 0 0 0 0 0 0 0 0 0 0 0 0 0 0 0.5428976816 0 0 0 0 0 0 0 0 0 0 0 0 0 0 0 0 0.5583331228
0 0 0 0 0 0 0 0.5315912367 0 0 0 0 0 0 0 0 0 0 0 0 0.7578645583 0 0.7917708012 0.8509833775 0.8427147136 0.6454116725 0 0.516572528 0.8425542781 0.8837441767 0 0 0 0 0 0 0 0 0 0 0 0 0 0 0 0.5870060979 0 0 0 0 0 0 0 0 0 0 0 0.8188297243 0 0.8993215639 0 0.5440769458 0 0 0 0 0 0 0 0.5518690254
0 0 0 0 0 0 0.5368965964 0.5355546476 0 0 0 0 0 0 0 0 0 0 0 0 0 0.7273318644 0.6851538104 0.845702704 0.8490411872 0.8865651591 0.5198703995 0.5160250542 0.5229710931 0.5126413161 0 0 0 0 0 0 0 0 0 0 0 0 0 0 0 0.5864103953 0.7368617563 0.7229592617 0 0.6134731457 0 0.6152290453 0 0 0 0 0 0.734896467 0.8079265977 0.7426831503 0.7364526499 0.5395085896 0.5427864983 0.8784493001 0.8779282325 0.8715129361 0 0.5457386435 0 0.547079471
0 0 0 0 0 0 0 0 0 0 0 0 0 0 0 0 0.7797258288 0 0.7673855907 0 0.7489803644 0.6781726071 0.687928179 0.5934644987 0.7917475251 0.8066177064 0.8056650116 0.8008499803 0.8040283593 0.8029756449 0.8081327463 0.5421074305 0.5512692722 0 0 0 0 0 0 0 0 0 0 0 0 0 0.7259534665 0.7283553638 0.6025812246 0.6088670308 0.6081663559 0.6161044635 0.6238079339 0 0 0 0.7292544862 0.6466120249 0.7597869835 0 0 0 0.5395373685 0.8782655573 0.8760697048 0.8680888388 0 0 0.5391883991 0.545933637
0 0 0 0 0 0 0 0 0 0 0 0 0 0 0 0 0 0.8228710472 0.6854761961 0.7982864606 0.6747815305 0.677695247 0.682712906 0.8984270392 0.890100138 0.793849227 0.7984487362 0.7954330698 0.805185578 0.7989737726 0 0.7804882367 0 0 0 0.6467565884 0 0 0 0 0 0 0 0 0 0.8333462483 0.7200741863 0.7115615521 0 0.6018563859 0.6078558332 0.6159003839 0.6155693342 0 0 0 0.6519900009 0 0 0.7153960399 0 0 0.7558222516 0.8783900513 0.8750743695 0.875986889 0.8732075562 0.8817500639 0 0.5360505758
