landscape/hab_quality/256/simulation_000056_p051_h034_HABMAT_patch_more_500pix_modified.asc_ac_0.5_quality.asc
NCOLS 513
NROWS 513
XLLCORNER 0
YLLCORNER 0
CELLSIZE 9.980507
NODATA_VALUE NaN
[rows 280 to 307 of 513, columns 372 to 433 of 513]
0.7143159673 0.7098801212 0.7099249052 0.7252716042 0.765823729 0.6713277753 0.5087158541 0 0.566483998 0.5201038026 0.5895965257 0.5504054318 0.5475187068 0.6736506596 0.693487708 0.5638046374 0 0 0 0.5741330033 0.8111096174 0.8933505468 0.5010958718 0.7003631142 0.7025924601 0.7008953912 0.6965720626 0.7005526298 0.699814891 0.7093818433 0 0.7782595726 0.884422782 0.8826870014 0.8770743117 0.8852573927 0.6026756244 0.6553264549 0.6124643969 0.6090094851 0.6059787511 0.6053137343 0.6052170274 0.5330798469 0.5150636745 0.5081941206 0.5060861117 0.5100649713 0.5146705589 0.5130296124 0.5155762169 0.5192823841 0.7571274758 0.7640380599 0.7599263399 0.7617966204 0.7645318217 0.7685086623 0.8814425665 0.8726646122 0.8755579544 0.5395224423
0.7093346956 0.7155442791 0.7166665448 0.7260417173 0.7269783554 0.8025426045 0.6173842633 0.6814308038 0.6886189054 0.5942747242 0.8163331932 0.5476363649 0.5569667932 0.5529684225 0.8490641922 0 0.8124860896 0.5302115311 0.8600305241 0.8550690396 0.5727851554 0.6231179115 0.7024681419 0.6941725783 0.6926381099 0.6938510508 0.6943611209 0.6976360473 0.6993553109 0.7033974232 0 0.7776252065 0.8901239794 0.8790952587 0.8847653283 0.8854490044 0.8943664584 0.8611555819 0.6121606076 0.6073809669 0.5994896809 0.5962269555 0.5252096283 0.5210608235 0.5322012141 0.5083295068 0.5058113341 0.5146336915 0.5148699929 0.5190364369 0.5139497026 0.7576230492 0.7586092063 0.7555459637 0.754644259 0.7558013112 0.7595637661 0.7692374554 0.769399345 0.7840373804 0.7858052745 0.5395128704
0.7166635105 0.7147717277 0.7130392379 0.7233751258 0 0.6765814431 0.678064753 0.6844653751 0.6906499105 0.5840055282 0.5504717805 0.5535038113 0.5575139155 0.5653157062 0.8453507247 0.8463210489 0.8417694509 0.8705511873 0 0.5812254695 0.8053509595 0.8004778858 0 0.7012428876 0.6899263852 0.6868595141 0.6927143426 0.7054169352 0 0.5148790625 0 0.7782490943 0.7822589023 0.8979435982 0.8900337872 0.8889811107 0.8862519859 0 0.6094485954 0.6136919182 0.6053956493 0 0.5988902331 0.5308941362 0.5286252513 0.5107010207 0.5193031076 0.5191099682 0.5183493015 0.5240808049 0.7669069967 0.7592144045 0.7503996301 0.7529933632 0.7534782133 0.7587877776 0.763387219 0.7611077291 0.7855206806 0.6662012975 0.7852855155 0.7853395217
0.7146334408 0.7255545081 0.7253294361 0.7304801826 0.6761617704 0.6720109613 0.6811752545 0.6795601834 0.6864754194 0.5916166864 0.5631504731 0.5580666748 0 0.836914525 0.8351177339 0.8383525354 0.8372037633 0.8670372612 0.8634899712 0 0 0.7050599907 0.6966486755 0.701728831 0.6955308559 0.6884886222 0.692174457 0.7153993399 0.7260358614 0.7380784384 0.8854833199 0.730143534 0.6003571201 0.8995844079 0.6949694646 0.8979453919 0.78446614 0.6090785296 0.7859731781 0 0 0 0 0.5377887779 0 0.5238246537 0.5272098426 0.8952373591 0.5330303414 0.5267253539 0.5331341092 0.7552195695 0.7556704842 0.7546909252 0.761268673 0.757848344 0.5891858529 0.7129071221 0.6739150547 0.7882385967 0.6707423917 0.7227260315
0.7003805822 0.5250962591 0 0 0 0 0.6781964427 0.682046462 0.6862198407 0.6869049606 0.6758773924 0.8334935461 0 0.8278776758 0.8252555822 0.8335262814 0.830712613 0.8383007211 0.8611635247 0.8706580083 0 0.7004955813 0.6967029022 0.6963661127 0 0 0.7000618586 0.7697100167 0 0 0 0.7843488922 0.608864445 0.7347154451 0.6395937837 0.6437636695 0 0 0.5732435573 0.5729790245 0.704335 0 0 0.5274056033 0.5240749327 0.5334093601 0.8946787181 0.903566236 0.6701063731 0.6664314707 0.6708934407 0.7050046848 0.6932583272 0.7128604065 0.710323028 0.5605471079 0.7216142289 0.8730734861 0.7080425959 0.5138512568 0.7221275782 0.7140012962
0.7419465942 0.5563109791 0.5468580721 0.5467387137 0 0.6845263732 0 0 0.5463282662 0.5480338663 0.666281599 0 0.8289968068 0.827028272 0.8211145666 0.8239811357 0.8283793487 0.8582461873 0.8329774298 0.8708744006 0.7034932712 0.7100002186 0.7010072834 0.7011994595 0.7033495044 0.695910279 0.7144667459 0.8602206764 0 0 0 0.566045265 0.6085543449 0.6435516597 0.6390391919 0.6374021848 0.6412732779 0.5288556256 0 0.5657001857 0 0.6887385472 0 0 0.5394980219 0.5325509773 0.5333529983 0.8974966282 0.6703407851 0.6982051792 0.7008755806 0.6923628999 0.7204735257 0.7076908016 0.704907617 0.7143332297 0.8667557657 0.8692252345 0.7000801397 0.7087152967 0.7128222916 0.716781675
0.7419868627 0.7399692693 0.5530283491 0.5445273432 0.552754968 0 0 0 0.5409991363 0.5425170645 0.5460149091 0.8317204815 0.8339074201 0.8279577379 0.8193497918 0.820101823 0.8328254585 0.8292401685 0 0 0.76905026 0 0.7052775722 0.7101792051 0 0.7081147276 0 0.8575392715 0.8570339515 0 0 0.6075858413 0.6002911172 0.6429590711 0.6376559426 0.6314218756 0 0 0 0 0.6971496189 0 0 0 0 0.6380470796 0.9048717641 0.6775457167 0.9002068714 0.6968832648 0.6914633283 0.6990467358 0.7142578207 0.6977949786 0.7052084414 0.5413042593 0.5461698589 0.7022641796 0.7898049221 0.7097290569 0.7146633657 0.6426040986
0.745742347 0.8526426922 0.5532555498 0.5453611071 0.7833833737 0 0 0.5545716925 0.5426755119 0.5385885448 0.5461682766 0.6470637771 0.6462456342 0.8205406183 0.8289617527 0.8250558861 0.8341229591 0.8351549803 0 0 0 0.8572089981 0.8566019738 0 0.7128727741 0.7094746031 0.504351473 0.863176696 0.8609552565 0 0 0 0 0 0.6348870346 0.6290939725 0 0 0 0 0 0 0 0 0.6267306628 0.6671687743 0.6699165602 0.670348582 0.6757134509 0.6969569383 0.701194782 0.6977522898 0.6964566227 0.7050030561 0.7037713146 0.747679614 0.5965230703 0.5344347043 0.5344703411 0.8981348385 0.8982307266 0.8977211732
0.7575669709 0.7506332456 0.5541240787 0.8384251716 0 0.8714124926 0 0.5490644169 0.5471040522 0.5457514336 0.5466513824 0.5321152252 0.5412700968 0.831705259 0 0.8376501824 0.8288660931 0.7784221758 0 0 0 0.507029885 0.8517697181 0.85323527 0.8308040736 0.7933526672 0.7819849998 0.772856944 0.7668579448 0 0.5576826997 0 0 0 0.6375335914 0.6416267857 0.6365810668 0 0 0 0 0 0 0.6271731257 0.6278603821 0.6642937115 0.6580566726 0.6661515019 0.665560448 0.6831459529 0.6769784253 0.7000740355 0.7052662594 0.7071470351 0.7114886299 0.681633251 0.593247891 0.8045665724 0.798616811 0.7983457075 0.8890333954 0.8951757549
0.6513878472 0.8213267664 0.8200086592 0.751800392 0.8465477972 0 0 0.5563527783 0.5508242092 0.5525595584 0.5865092249 0.639640151 0.6849154372 0.5759046697 0.7443794033 0.7495126694 0.8410414106 0.84697831 0.8529217313 0.6909377112 0.7951252884 0.8550554433 0.8591733493 0.8583664883 0.680131102 0.8133352279 0.8446531383 0.7701029806 0 0.772711857 0 0 0 0.658154686 0 0.637163919 0 0 0.6846945722 0 0 0 0 0 0.6532669887 0.6591876723 0.6549730311 0.6639063767 0.6548952925 0.6753641172 0.6767224278 0.6756105056 0.7114120183 0.7129828294 0.7115761154 0.7060781653 0.7142921694 0.72113622 0.7981190739 0.7949155627 0.7947063552 0.8024592652
0.7937737944 0.8133825428 0.8233473251 0.8187813641 0.5977208147 0 0 0 0.5535980605 0.5556953822 0.8519414436 0.6250451422 0.6235831613 0.8434137591 0.6197206932 0.7485628619 0.7540285662 0.5449689547 0.64207913 0.6939985572 0.6897094106 0.79066892 0.7924635727 0.7942464631 0.8679558357 0.874009142 0 0 0 0.7761056647 0 0 0 0 0.7786385789 0.6386821866 0.6342209407 0 0 0.6804224855 0 0 0.6922917634 0.6618841958 0.6567962259 0.6519679845 0.6518090249 0.6515446724 0.6605695189 0.6074061875 0.6714474824 0.6790506546 0.7952891877 0.729360022 0.7818302628 0.6747267968 0.8575178097 0.6856561663 0.7900869306 0.790587998 0.7929819508 0.7998044585
0.8052121429 0.7977512304 0.8172086504 0.8271328575 0.5563684962 0.5124324875 0.5424291214 0 0 0 0.6789899666 0.8455282003 0.6234749566 0.6216051755 0.8425945012 0.6246189893 0.8617788008 0.764528396 0.6424569512 0.5632237039 0.6842040047 0.7971940813 0.7876106453 0.7893502709 0.8725355211 0.8640651061 0.8720851428 0 0 0 0 0 0 0.7802823074 0 0 0 0.7714482149 0.6179178216 0 0 0 0 0 0 0.656182855 0 0 0 0 0.6668712701 0.6808697959 0.5307169222 0.7897222648 0.7801048198 0.7835622152 0.8582814069 0.7992866069 0.8014996206 0.7917677711 0.7956354005 0.795122885
0.7974649444 0.8074139915 0.6650396964 0.8422206672 0.5372388021 0.8443817574 0.5396380352 0.5383306708 0 0.6581290268 0.8516771506 0.584554815 0.6670023957 0.86284859 0.8633160612 0.8584540184 0.857261132 0.6422747005 0.5565757887 0.6850879982 0.8656601884 0.6781493644 0.7913017555 0.7942767549 0.8732809258 0.5782445648 0.8083553842 0 0 0 0 0 0 0.7817908459 0 0.7292509238 0.7693553689 0 0.5350193893 0 0 0 0 0 0 0 0 0 0 0 0.6696027351 0.6782175847 0.7927195295 0.5747083685 0.5818533598 0.7838395378 0.5548349302 0.8066421032 0 0.796525478 0.7050048493 0.7299743647
0.7989201687 0.5596947052 0.8423917531 0.8419468322 0.8372622872 0.795761941 0.6642488949 0.8694412536 0.6575516399 0.6626836389 0.824297276 0.5833542345 0.5917768799 0.8646497527 0.8609292739 0.8539618547 0.859492132 0.8553409676 0.6853271708 0.7799005726 0.6799895271 0.6876419892 0.6851376466 0.8001217633 0.8780493 0.5717206878 0.5696611478 0 0 0 0 0 0 0 0 0 0 0 0 0.8194817108 0 0 0 0 0 0 0 0 0 0 0 0.8966895968 0.687164409 0.5799611082 0.5744478164 0.5813564814 0.5594283937 0.563407193 0.5695166394 0.7056979346 0.7127159299 0.7115242919
0.5431578878 0.545847821 0 0.5474170204 0.8419382397 0.5016136697 0 0.6608180379 0.7366833644 0.6651790824 0.5580767878 0.5848810162 0 0 0 0.8530945574 0.851431045 0.8534673098 0.5167637606 0 0.7739298466 0.7784577818 0.7818795866 0.5953811969 0.5765046236 0 0.5632036407 0 0 0 0 0 0 0 0 0 0 0 0 0.746618723 0 0 0 0 0 0 0 0 0 0 0 0.6770482713 0.8025390444 0.7999362101 0.799030679 0.5762517564 0.5640619532 0.5708025674 0.5717598974 0.5776707839 0.710998355 0.809871361
0.5395113135 0.5394404065 0.5392941285 0.5354043399 0 0 0.541493261 0.7025429522 0.5462989549 0.544537655 0.5948144846 0.7933410422 0 0 0 0.8482062214 0.8572450656 0.8608537387 0.8170074299 0 0.7689875315 0.7772588449 0.6513174922 0 0.6026192036 0.6767271246 0 0 0 0.6461100689 0 0 0 0 0 0 0 0 0 0 0 0 0 0 0 0 0 0 0 0 0 0.8075315885 0.8043500402 0.7965163078 0.7900037347 0 0.8347125733 0.842176099 0.5803951423 0.5766750938 0 0.812786305
0.5724200967 0.5384536283 0.5408820669 0.5364562033 0.53324339 0.5392800742 0.5396303054 0.5387574296 0.5427873926 0.5483554184 0.796557242 0.6877862359 0 0 0 0 0.8547067539 0.7233209173 0 0.7701157806 0.7709569286 0.7716936323 0.7827061822 0.6073459828 0.5997818894 0 0.6682111072 0.6722123558 0.6822864411 0 0 0 0 0 0 0 0 0 0 0 0 0 0 0 0.5518451276 0 0 0 0 0 0 0.805490588 0.8133349766 0.814229641 0.7952397401 0.8299377645 0.8397237829 0.8475416436 0.795002468 0.8267592995 0.8139577961 0.8103539674
0.5814281854 0.6497584839 0.5369162747 0.8209253532 0.8159250633 0.8163045112 0 0 0 0.5523827052 0.8260241373 0.8241181221 0.8233324729 0 0 0 0.730963265 0.5119979807 0.7784509952 0 0.7792834176 0.8958833843 0.8866695837 0.8906020318 0.6007395537 0 0 0 0 0 0 0.5885953472 0 0 0 0 0.5164985844 0.5218775614 0 0 0 0 0 0 0.5307144925 0 0 0 0 0 0 0 0.8137032538 0.8173466847 0.8207824741 0.828325706 0.8332083839 0 0 0.8214646714 0.8190038299 0.8185342916
0.6554272493 0.53806323 0.5392202121 0.8093254137 0.8133135415 0 0.8176448292 0 0.6459864516 0.6415678125 0.8227534661 0.8224097178 0.8242848683 0.8194217369 0 0 0.7403255536 0.7390224864 0.74472482 0.7490530745 0.8932734064 0.8854789998 0.886121015 0.8910960816 0.8932362055 0.8489980876 0 0.5379391682 0.847783004 0 0 0.7136723179 0.7126366761 0 0 0 0.8150420006 0 0 0 0 0 0 0.6803923981 0 0 0 0 0 0 0 0 0 0 0 0.8239483468 0.8703946484 0.8651133955 0.8259150244 0.8242784068 0.8230738439 0.7483019047
0.5597594728 0.5402329267 0.5459697113 0.8089379727 0.806747552 0.8111279779 0.8183424668 0.82702369 0 0.6506398833 0 0.8203827089 0.81414572 0.8175100936 0.8264399155 0.7509440833 0.6864377079 0.7376777949 0.7405391718 0.7736522287 0.6104542125 0.8846770535 0.5278725061 0.8877032981 0.8920127123 0.8576647887 0.8485074252 0.8471299421 0.8547161593 0 0 0.8687939813 0 0.5912041453 0 0.7053167706 0.5898676944 0.7055046423 0 0 0 0.6567038144 0.6747566921 0.6715749543 0 0 0 0 0 0 0 0 0 0 0 0.863136409 0.8629792884 0.8689962044 0 0.8320919198 0.8268482252 0.8028774212
0.8369042015 0.9050274356 0.5697399381 0.8081050849 0.8122785279 0.8117896081 0.8189002777 0.8225822854 0 0 0 0 0.8104778418 0.8102862261 0 0.5209980268 0.7447707261 0 0.7854822984 0.7486014688 0.8944264862 0.8887007979 0.8802549399 0.8851002218 0.5549898765 0 0.7191141246 0.713057512 0.8577695526 0.8529430521 0.8640578234 0.8614120274 0.8632640935 0.5924236295 0.5904840641 0.5813726227 0.6985962125 0.5956491575 0 0 0.5795379978 0.8665526577 0.6310139505 0 0 0 0 0 0 0 0 0 0 0.8528931173 0.5823051937 0 0.8610107924 0.8664210183 0 0.6490935206 0 0
0.7871229899 0.6075651167 0.8982398954 0.8985562309 0.8131588614 0 0.8252582903 0 0 0 0 0 0.8008239635 0.8006904133 0 0 0.5117389279 0.5123893748 0.6523484269 0.876591253 0.8930771523 0.885898562 0.7884920349 0.7004155 0.5522666423 0.5566100096 0.7124781494 0.5307712791 0.6405765723 0.8585811285 0.8632761938 0.8601874839 0 0 0 0.6897050838 0.7881221548 0 0 0.8695550078 0 0.5823993443 0.8739966727 0.6832946205 0.8883714649 0 0 0 0 0 0 0 0 0 0.5775870796 0.8669027572 0.8603868973 0 0.6479823747 0.6394766986 0 0
0.7853169167 0.7917608431 0.8891759498 0.7533862721 0.678431296 0.6771014913 0.5778107416 0.5985641875 0 0 0 0 0.7995502394 0.7974847627 0.8020056481 0 0.5057878757 0.5139067789 0 0.8834557194 0.7994889079 0.7953136571 0.7912875329 0.6999583803 0.7030823348 0.5605826595 0.762086426 0.5283958571 0.5316030251 0.8717997529 0 0.8503693596 0 0 0.6929221838 0.7964443707 0.6825723098 0.7825374526 0 0.7865115227 0 0 0.76449642 0.6844942227 0.6874561521 0 0 0 0 0 0 0 0 0.7542418103 0.5780028622 0.866520157 0 0 0.8185551132 0.6455030232 0 0
0.792413517 0.8900058717 0.5757660716 0.8914123057 0.679543058 0.6708095817 0.6708953705 0 0.6562380587 0 0 0 0 0 0 0.5094598228 0.5099815041 0.8918755329 0.5203182515 0.5595991224 0.7955874053 0.7996963254 0.7016659807 0.7140362278 0.7077115567 0.5135679647 0.5261751772 0.5289956671 0.5232715276 0.6375357718 0.8422810363 0.8417036287 0.8490806796 0 0.8969246616 0.8987725942 0.7904416709 0.7854354972 0 0.7860085637 0.7983427359 0 0.7704249269 0.7712511542 0.6927448567 0 0 0 0 0.5399602584 0.7482404051 0.7486018127 0.7523773571 0.7530903875 0.581444208 0.6142688274 0.5399000295 0.8207793488 0.7570515958 0.8266624254 0.5820586085 0
0.7482309332 0.7930914907 0.6440714337 0.5737117414 0.6812073242 0.6715290607 0 0.6558211877 0 0 0 0 0 0.7258507766 0 0.5254035448 0.5200376903 0.517521493 0.55261568 0.5577664466 0.559894051 0.5655137113 0.7596233166 0.6537191723 0.8041641039 0.6025229385 0.6056687057 0.5223700049 0.5227219186 0.8881586553 0.8904523428 0.8410495462 0.8575288515 0 0.8957707679 0.8893595617 0.6154266012 0.6105791533 0 0.7921189309 0.8538555017 0 0 0.7790078492 0 0 0 0 0 0 0 0.7463929765 0.7561463534 0.7605462399 0.7683295301 0.7694659808 0 0.8409363228 0.7925981785 0.901455623 0.5862088341 0.5807783477
0.7506725547 0.6873660586 0.6850753099 0.6802308213 0.744712397 0.7028400282 0 0 0.6616967668 0.6682101954 0 0 0 0.8917526646 0.5319741668 0.5194083199 0.5156346909 0 0.5495232121 0.5481798451 0.5568589448 0.5955097744 0.7511922841 0.7574653157 0.8733222055 0.6020844929 0.8722676211 0.5201835594 0.6417480149 0.8910774773 0.8828507693 0 0 0 0 0.7647771892 0.6130965847 0.5325353782 0.6184215209 0.622926988 0 0 0 0 0 0 0 0 0 0 0 0 0.7517546312 0.7136510042 0 0.7638265172 0.8494049417 0.7860051741 0.5568850312 0 0.5862961411 0.8827833783
0.7835707402 0.7851820951 0.6817649169 0.753702024 0.743729127 0.6248043295 0.626668539 0.6211632024 0.6709758648 0.6680540868 0.6756373875 0 0 0 0 0.5164606274 0.5610583133 0.5525553506 0.5517632569 0.5533743831 0.5537521313 0.7286947741 0.6746014226 0.5958698972 0.8734855708 0.8644086316 0.86583219 0.5276940132 0.7677579672 0.7144197621 0.8881387931 0.8783912553 0 0.8402623769 0 0 0.7055640497 0 0.6201618866 0.6243867735 0.6296789889 0 0 0 0 0 0 0 0 0 0 0.5612801235 0.6641375113 0.69437207 0 0.7035850654 0.7639504215 0 0.550697755 0.5500138826 0.5558408211 0.5571879782
0.7841260733 0.7785625121 0.7750120365 0.7506196675 0.5209124092 0.5369159477 0 0.6337006295 0.8224784066 0.6802531057 0.6744624949 0.6107513913 0 0 0 0.5929981125 0.5608900067 0.5558542732 0.5519322738 0.5573553564 0 0 0.7204639964 0.6838578628 0.8306257584 0.8256420027 0.8715195974 0.7449664406 0.7202816515 0.7980422793 0.5441479862 0.8360735994 0.538141221 0 0.848198785 0 0 0 0.6312317479 0.6322683931 0.6282616388 0.6285526738 0 0 0 0 0 0 0 0 0 0 0 0 0 0 0.5595630259 0.5498258257 0.5443331832 0 0.5544741921 0.5574029166
