landscape/hab_quality/256/simulation_000052_p068_h037_HABMAT_patch_more_500pix_modified.asc_ac_0.5_quality.asc
NCOLS 513
NROWS 513
XLLCORNER 0
YLLCORNER 0
CELLSIZE 9.980507
NODATA_VALUE NaN
[rows 364 to 389 of 513, columns 236 to 294 of 513]
0.7139109402 0.718864589 0.7709350961 0.531715029 0.7707229999 0.7317661331 0.8568879138 0.8553001869 0.7569819409 0.7477748168 0.7489073598 0.8456411222 0.8402561746 0.8396677619 0.547323851 0.54673696 0.5523462393 0.8715117368 0.8647143766 0.8631291089 0.8693743816 0.8733650829 0.8822810539 0.5382726224 0.5741320335 0 0 0.7233548961 0 0 0 0 0 0 0 0 0 0 0 0 0 0 0 0 0 0 0 0 0 0 0.5861406031 0.5824794189 0.5918934061 0 0 0 0 0 0
0.7163938345 0.7167555737 0.7681914191 0.7697268551 0.7219730427 0.7280995717 0.8604149618 0.8568544209 0.8633202617 0.8813477915 0.8783668619 0.8442702907 0.8432087419 0.8394905395 0.5565527786 0.5512258115 0.5566161494 0.688266998 0.8647562075 0.8692480277 0.8674350869 0.8702813864 0.879415057 0.669715939 0 0 0 0 0 0 0 0 0 0 0 0 0 0 0 0 0 0 0 0 0 0 0 0 0 0 0.5763324423 0.5827505292 0 0 0.763400103 0 0.7611421181 0.6042110929 0
0.7188595019 0.689890987 0.7690711742 0.767423047 0.7714724274 0.729931179 0.7915968992 0.8653123388 0.8073186727 0.8010201475 0.8047340109 0.8389854948 0.8384325859 0.840340445 0.838779318 0.5600384114 0.5598774425 0.565107315 0.8398707323 0.8678973893 0.8723458517 0.8685714348 0.5331418138 0 0.7897276942 0 0 0.7258581585 0.8635827403 0 0 0 0 0 0 0 0 0 0 0 0 0 0 0 0 0 0 0 0 0 0.7553927997 0.5762513103 0.5838001921 0.7972407233 0.7331641209 0.7600139462 0 0 0
0.6297162243 0.7729963075 0.771804609 0.7144578526 0.6672345477 0.5537952339 0.5544452651 0.7343858014 0.7998161634 0.7990756062 0.804283356 0.8393631553 0.8446290409 0.8357496254 0.8428923088 0.5666770182 0.7468298846 0.5660120461 0.5648275485 0.6441635371 0.8949417141 0.898612846 0 0 0.5856644406 0.7320240405 0.725369379 0.7314898585 0.8078119773 0 0 0 0 0 0 0 0 0 0 0 0 0 0 0 0 0 0 0 0 0 0 0 0.7884806588 0.796049658 0.7988612611 0.8436740422 0.6763484114 0 0
0.5634186523 0.8084334577 0.7053721967 0.7221581887 0.7211623307 0.5605563426 0.5531301964 0.5879134485 0.8002157347 0.8021619401 0.7019514042 0.7991669666 0.8393538244 0.837222902 0.8386907742 0.7621035174 0.7692623919 0.768795153 0.7107787078 0.7015422307 0.8736977149 0.8852559053 0.8846878736 0.8804396467 0 0 0 0 0.8003179494 0 0.6057440228 0 0 0 0 0 0 0 0 0 0 0 0 0 0 0 0 0 0 0 0.8640372636 0.7936958051 0.7957024372 0.7893720105 0.7927889703 0 0.8036205934 0 0
0.6231657797 0.5302867232 0.7286614934 0.7292082644 0.7281820685 0.5585923998 0.8358594199 0.8137838468 0.8216534316 0.8140116389 0.8074128742 0.7987494057 0.6545119368 0.8470202929 0.7679823635 0.7658919292 0.7676576814 0.7771998086 0.8845786816 0.8709725264 0.8667047046 0.8691702205 0.8788309436 0.8882604759 0.8827263555 0.6908507843 0 0 0.8024503645 0.8027822251 0 0.5976040713 0 0 0 0 0 0 0 0 0 0 0 0 0 0 0 0 0 0 0 0 0 0 0.7973562944 0.8314020442 0 0 0
0.6193602346 0.5211959781 0.5300003657 0.8896705169 0.5623983353 0.7258443089 0.8145305204 0.8144490138 0.8203921331 0.8763742891 0.7999183083 0.7996708698 0.8011492092 0.66213876 0.7724293798 0.7719917573 0.8848431455 0.876697187 0.8752722903 0.8730716683 0.8652586064 0.869909823 0.7069664707 0.8864761662 0.6912314072 0 0 0 0.8835895602 0.8444244395 0 0.5984363226 0 0 0 0 0 0 0 0 0 0 0 0 0 0 0 0 0 0 0 0.6816934801 0.6832004842 0 0.6852737312 0.6021373694 0.6075527613 0 0
0.6058451952 0.7084112663 0.5200517783 0.5777317555 0.524540149 0.5181616153 0.5244846665 0.5461950708 0.8207066108 0.7715461349 0.8067710667 0.8050768405 0.8063645106 0.5413276312 0.7945981277 0.8937579033 0.8869097022 0.8783737036 0.8754231668 0.8699585113 0.8704705546 0.7040797204 0.7082317522 0 0 0 0 0 0 0 0 0 0 0 0 0 0 0 0 0 0 0 0 0 0 0 0 0.5890191837 0 0 0.6233551944 0 0.680079633 0.683417686 0 0 0.601082521 0.6038226093 0.6121788305
0.5407894721 0.5799518529 0.7619262231 0.5147605308 0.5171531659 0.515407798 0.5241077472 0.542020572 0.757820818 0.5408995616 0.6417796527 0.650208745 0.6748911559 0.6746957471 0.677875568 0.6992545951 0.8822700143 0.8827127558 0.8812337867 0.881470539 0.7139754945 0.7103438644 0.7052401926 0.7097664494 0.7947623569 0.7884245738 0 0.6887687657 0 0 0 0 0 0 0 0 0 0 0 0 0 0 0 0 0.6070276635 0 0.8605218961 0 0 0.8739275035 0.7807279719 0.8084363733 0.6738554691 0.674019093 0.6816988866 0.6106543301 0.6027674034 0.6051517458 0.7572729328
0.9227106397 0.7242411362 0.8929601927 0.5792799537 0.5131895419 0.5184775055 0.5226733268 0.8913705169 0.8684673972 0.6637651552 0.5530725733 0.5805868536 0 0.6704722237 0 0.6786001079 0.6934116508 0.7022360253 0.8841354921 0.8961368553 0.859342949 0.5482159315 0.8215818255 0.8299313896 0.6574370532 0.7050306398 0.6235312584 0.6788961053 0 0 0 0 0 0 0 0 0 0 0 0 0 0 0 0 0 0.7707257702 0.7741699455 0 0.7739158563 0.5288947055 0.7495401193 0.6816613056 0.6804088023 0.6736908844 0.6748732927 0.6817643133 0.8454847899 0.754064893 0.5586698556
0.9184617582 0.5537085259 0.5265397808 0.5170217275 0.5219288262 0.668319646 0.8835771424 0.6682459044 0.8088595649 0.7435379535 0.6808427708 0.5526235183 0.5820575891 0.6755402633 0.6700661664 0.6786100157 0.813021179 0 0.6265795253 0.8112729317 0.81536847 0.8288356138 0.5240810207 0 0.5721825024 0.5754841622 0.6834095951 0.8223600165 0.8959739773 0 0 0 0 0 0 0 0 0 0 0 0 0 0 0 0 0.767590024 0.7744295899 0.6742407662 0.7723352698 0.5346424933 0.5986359327 0.6864287444 0.6769699292 0.5305690835 0 0.8860329093 0.8481400036 0 0.6153891518
0.7792088534 0.5538722012 0.5201707767 0.8146232824 0.8654139637 0.6686643409 0.6646651951 0.6662624913 0.669475304 0.8007244861 0.8061056922 0.5455052365 0.6824810584 0.6781622014 0 0 0 0.8105497315 0 0.8088646116 0.8112097984 0.6457803414 0.5961083461 0 0 0.7665889173 0 0 0.7491852257 0 0 0 0 0 0 0 0 0 0 0 0 0 0.6652379423 0.6456326643 0 0.7287381931 0.7761155357 0.6309745551 0 0 0 0 0.6771677433 0.6799467774 0.5172709763 0 0.8068001581 0.6076356691 0.6070313412
0.644489941 0.8831727169 0.8871310216 0.8632050716 0.8583311778 0.6657961421 0.6669047239 0.662285499 0.8031401053 0.7967579849 0.8051228175 0.5509642734 0.6795193955 0 0 0 0 0.813127351 0.8077762145 0 0.8226911475 0.7188264783 0 0 0.6847505564 0.686569856 0.7112250826 0.847534175 0.7465059809 0 0 0 0 0 0 0 0 0 0 0 0 0 0.769776676 0.8015338178 0.7338715545 0.7861099055 0.7901575541 0.7844552317 0.6273187651 0 0.5637753813 0 0 0 0 0 0.8334290857 0.6163461149 0.8267242474
0.7856195775 0.8839572801 0.880386044 0.8600776447 0.8605352153 0.8656334868 0.8002311271 0.7979694369 0.7941567536 0.7984294772 0.5252726728 0.5256509192 0 0 0.8966151943 0 0.8137907854 0 0 0.8141717623 0 0 0.8269546775 0.6651488028 0 0.6903098542 0.8826765989 0 0 0 0 0 0 0 0 0 0 0 0 0 0 0.5532889149 0.5568124391 0.8003575106 0.794003237 0 0.7835335263 0.7889351543 0.7506187679 0 0.6339654412 0.7051706186 0.7098490415 0 0.5433649575 0 0.8713106807 0 0
0.665467468 0.6970086126 0.609721788 0.8857458952 0.6290189184 0.620141111 0.8007012283 0.7941659647 0.7993389005 0.8017411288 0.5252793655 0.5241174522 0.8559223026 0.5592496723 0 0 0 0.8212086433 0.8229063296 0 0.8148821301 0.6555722847 0.8223575994 0.8273316624 0 0 0 0 0 0 0 0 0 0 0 0 0 0 0 0 0 0 0 0 0.7912794256 0.7900691222 0.7908621666 0.875155808 0.7943078367 0.6163057621 0.7446447988 0.6357075192 0.6037556708 0.5526967848 0 0 0.865356309 0.7452779558 0.8561624731
0.8722568836 0.5397949561 0.6598834773 0.5451492106 0.5444932459 0.5032019123 0.8005893035 0.7946675427 0.796974971 0.8759897809 0.5697630752 0 0.5287717786 0.5553731544 0 0 0 0 0.8266671805 0.8275261125 0.5644455918 0.8731433459 0.8277931454 0.8182359155 0.8242807152 0 0 0 0 0 0 0 0 0 0 0 0 0 0 0 0 0 0 0 0.7956837803 0 0.7997744705 0.7939527031 0.7361257965 0.788692385 0 0.6626096643 0.5591037999 0.5611100857 0 0 0 0.8596514854 0.8550115765
0.5327152371 0.5426401089 0.5398585307 0.5430986556 0.5356450609 0.539078467 0.8040164546 0.8020133621 0.8101374329 0.8890950137 0.787049339 0.7352598768 0.8284865001 0 0.5735089333 0.5657752297 0 0 0 0.7973887789 0.8490766371 0.8311061591 0 0.8226508204 0.817742297 0 0.7623114775 0.7659100811 0 0 0 0 0 0 0 0 0 0 0 0 0 0 0 0 0 0 0.8070785805 0.6206829934 0 0 0 0 0 0 0 0.8574281847 0 0.860375138 0.8146639508
0.5366731352 0.5359581877 0.5330151016 0.5291660642 0.5346092286 0.5374291421 0.5525712691 0.5599646348 0.8723584858 0.5640957843 0.7362537627 0.7938046743 0.8198482012 0.8203812109 0 0 0.5627129403 0.5630464415 0.5725895138 0 0.8807552168 0.8856467712 0.8316055502 0 0.825795781 0 0.638028103 0 0 0.5492588397 0 0 0 0 0 0 0 0 0 0 0 0 0 0 0 0 0 0 0 0 0 0 0 0 0 0.5608584608 0.8552539693 0.5660789235 0.7526234395
0.5468015618 0.536436678 0.5322358955 0.5249863293 0.527669831 0.5441464547 0.5493468227 0.5541244001 0.774939654 0.8769164372 0.5575122924 0.8277707676 0.5855561407 0.5768614825 0 0.5725652023 0 0 0 0 0 0 0 0 0 0 0.5699075232 0.5619246367 0 0 0.5406495934 0 0 0.56272528 0 0 0 0 0 0 0 0 0 0 0 0 0 0 0 0 0 0.6764363686 0.7172824637 0.5354555909 0.7265672817 0.7400307906 0 0.7492516628 0
0.8122359031 0.633684439 0 0.5279831555 0.5309242047 0.5523799624 0.5529126217 0.7845495592 0.7901677076 0.7785045208 0 0.5534908189 0 0.576142661 0.5754078762 0 0 0 0 0 0 0 0 0 0 0 0.5600791099 0 0.7425150347 0.5408808013 0.5756324441 0.8515822511 0 0.8299738093 0 0 0 0 0 0 0 0 0 0 0 0 0 0 0.7952354644 0.7941992021 0.803705498 0.8136379204 0.7526525378 0.7039289027 0.6931622055 0.7417462125 0.7394308782 0 0.7546818231
0.7805292345 0.7221238853 0.6818818227 0.5355048994 0.5325151248 0 0.7821344571 0.7858593674 0.7890899747 0.7984250019 0.5416786215 0.5744943629 0.5766734348 0.5287504534 0.5852882724 0 0 0 0 0 0 0 0 0 0 0 0.6565218659 0.6631949672 0 0 0 0.5822171788 0.5468215457 0 0 0 0 0 0 0 0 0 0 0 0 0 0 0 0 0 0 0 0 0 0 0 0.7478205851 0 0
0.7854518557 0.5559657872 0.5379392258 0.5718594897 0.5403784743 0.784445671 0.7783406229 0.7825892799 0.7948657369 0.7953176569 0.5789485751 0.5829946729 0.8631545131 0.5648703346 0.5604183631 0.7655376194 0.5131131533 0 0 0 0 0 0 0 0 0 0.6574363341 0.6644890317 0 0.6700645543 0.8974526141 0 0 0 0 0 0 0 0 0 0 0 0 0 0 0 0 0 0 0 0 0 0 0 0 0 0.8058819053 0.5709561474 0
0.7819187321 0.6163966664 0.8230859354 0.5225286755 0.7559670511 0.7783546557 0.7867736533 0.7853010403 0.5228555244 0.7221400379 0.7149893412 0.6452650557 0.7706078488 0.6234704372 0.5615328858 0.7640086424 0.7610496298 0.7648548629 0.7709138236 0 0 0 0 0 0 0 0 0 0.8898003144 0.896859346 0.906261521 0.8416574808 0 0 0 0 0 0 0 0 0 0 0 0 0 0 0 0 0 0 0 0 0 0 0 0 0.7539613469 0 0
0.7055016049 0.5017969957 0.5728328644 0.7055904814 0 0 0 0 0 0.6495309173 0.6423641276 0 0.8098754153 0.8124328915 0.7514887534 0.7675425848 0.7705169586 0.7698140599 0.6416018265 0.6430788239 0.7609802768 0.7592811028 0 0 0 0 0 0 0 0.8946416454 0.8998226722 0.637803676 0 0 0 0 0 0 0 0 0 0 0 0 0 0 0 0 0 0 0 0 0 0 0 0.5719627848 0 0 0
0.8963644057 0.831286172 0.6007538329 0.5954700569 0 0 0.6612048402 0.6685304295 0.8850513168 0 0.8047083012 0.5339400236 0.5240236359 0.8067225508 0.7597160242 0.7512467992 0.7610125659 0.5792888692 0.5784769406 0.5807842721 0.7620958697 0.5624154732 0.7663201924 0.760944419 0 0 0 0.8011525629 0.8087595344 0 0.8911969821 0.6401742243 0 0 0.7861789973 0 0.7719729518 0.777781778 0.7643630453 0 0 0 0 0 0 0 0 0 0 0 0 0 0 0 0 0.5469526803 0.65521557 0.6533919227 0.6519567001
0.7380281807 0.6629496982 0.5961850955 0.5966727139 0 0.6999871401 0 0 0 0 0.786228085 0.5246618237 0.8143263866 0.8091303067 0.7526931248 0.7518812247 0.7551579628 0.581460573 0.5761453925 0.5788083723 0 0 0 0 0 0 0 0 0 0 0 0.669772341 0.6671197152 0.7885714157 0 0.7762780104 0.7680676594 0.7629740542 0.7629224409 0 0 0 0 0 0 0 0 0 0 0 0 0 0 0 0 0 0 0 0.6416223953
