landscape/hab_quality/256/simulation_000008_p018_h080_HABMAT_patch_more_500pix_modified.asc_ac_0.5_quality.asc
NCOLS 513
NROWS 513
XLLCORNER 0
YLLCORNER 0
CELLSIZE 9.980507
NODATA_VALUE NaN
[rows 408 to 441 of 513, columns 0 to 77 of 513]
0 0 0 0 0 0 0 0 0 0 0.8775328053 0.8753805627 0.8805779232 0.8975962705 0.8546134423 0.8590956574 0.8649393499 0.8842007558 0.552065866 0.7742777936 0.779621994 0.7031174743 0.8008607807 0.8483810395 0.8433806776 0.8460062844 0.7724482295 0.7560961737 0.7569931416 0.759867178 0.6771000089 0.8965716821 0.8473362792 0.8510995406 0.849770292 0.5488563271 0.5058553626 0.7231842158 0.7142020831 0.8103343429 0.801408361 0.8567769896 0.9136508919 0.9142147728 0.922365971 0.662848457 0.6678412634 0.6654473355 0.6619777119 0.8143591458 0.508760804 0.8927432429 0.8053430807 0.7224354785 0.6219784247 0.6206582468 0.5613834234 0.5540900492 0.560921629 0.5585419047 0.7803549471 0.7858743809 0.7848793544 0.7912296061 0.6991040216 0.6088691001 0.6053986786 0.608079136 0 0 0 0 0 0 0 0 0 0
0 0 0 0 0 0 0 0 0 0 0.8769646934 0.8783101914 0.8847988074 0.8980068992 0.9070676849 0.8556426392 0.5252988628 0.8633527758 0.8654616814 0.863671578 0.8717251327 0.8730590992 0.5428816935 0.850159806 0.8436266129 0.8462640554 0.8584438285 0.70492857 0.7252490643 0.6411981103 0.6373565106 0.8548516205 0.8421219533 0.8417413181 0.5200899821 0.7880311116 0.8045660953 0.5874514591 0.7145968865 0.8093850113 0.8008252031 0.8064647244 0.914617966 0.9194191891 0.921804134 0.6619099959 0.6592834029 0.6598008805 0.6657305027 0.5975157529 0.8802713123 0.5526382457 0.553842563 0.5288792127 0.6276971506 0.624274189 0.5592461277 0.5519439107 0.5497475966 0.8486829244 0.7870249923 0.7785137687 0.7842159587 0.7853783704 0.8073916551 0.6140362049 0.6137737025 0.891577997 0.5142332842 0.7409659444 0 0 0 0 0 0 0 0
0 0 0 0 0 0 0 0 0 0 0 0 0.6284401592 0.6292109227 0.8581988658 0.8637618082 0.867548386 0.8625855496 0.8611213322 0.8629692304 0.867380123 0.8726622193 0.7488094136 0.7437852616 0.5890215757 0.5888954253 0.5824742551 0.5902982406 0.6340322581 0.6333567275 0.8485662185 0.735424134 0.5711483677 0.7381408412 0.8472933343 0.61560676 0.6159358838 0.6107165003 0.8003589201 0.8017089905 0.6234369357 0.8101852221 0.6905897078 0.5225861671 0.65082107 0.6547371319 0.65381326 0.6508507078 0.6685617768 0.8153394409 0.8808499992 0.5514976603 0.5508744512 0.5787489355 0.5693749846 0.5787063389 0.5918252967 0.841016367 0.8910689894 0.5570815508 0.8065397765 0.7821577028 0.7792334153 0.7160932089 0.741474812 0.5347632818 0.7841003603 0.7769527322 0 0.8195649553 0 0 0 0 0 0 0 0
0 0 0 0 0 0 0 0 0 0 0 0.6285270274 0.6337811288 0.6360511008 0.8476546022 0.8906324775 0.5074682815 0.8635813064 0.8644094833 0.8927159927 0.8706956266 0.87188748 0.7531913465 0.7500546705 0.5822905204 0.5809984216 0.5881589449 0.5948924158 0.6002711378 0.5586677079 0.7413709475 0.512638074 0.7337817352 0.5984479438 0.8344875901 0.6100679505 0.6086347043 0.6010118338 0.8251844908 0.8145304866 0.8189073108 0.6300415007 0.6666965886 0.6568002622 0.6530721129 0.6452454306 0.6467859226 0.6497857991 0.6775741381 0.876861178 0.8697090699 0.8759643924 0.860800497 0.8545758953 0.8615045429 0.5737403726 0.8450777803 0.8365964939 0.8106914031 0.8012920715 0.8108060581 0.8488465773 0.5192102733 0.8382182887 0.6365203148 0.7329666509 0 0 0 0.7525155568 0.7438829102 0 0 0 0 0 0 0
0 0 0 0 0 0 0 0 0 0 0 0 0.7563637276 0.8380351004 0.895750363 0.8654143395 0.8827583962 0.7941098928 0.8836879771 0.8786709705 0.6015138979 0.6027126809 0.6795650048 0.6730572448 0.5888930092 0.5853383677 0.5824594526 0.5945630073 0.6041391788 0.5916282683 0.5988481567 0.599126216 0.5914973406 0.5961427779 0.6192076177 0.8557780184 0.600227476 0.6003768614 0.8218237162 0.8179923459 0.8188325757 0.8948453053 0.662578106 0.6579368517 0.6501896125 0.6480419048 0.6415343501 0.6434944079 0.5638372495 0.8732146555 0.8681698935 0.8700261976 0.86350378 0.8537691026 0.8589589838 0.5777365292 0.8446323503 0.8432477895 0.8028247378 0.8020170069 0.8043394605 0.8130728194 0.5374053299 0.720672666 0.8303485413 0 0 0 0 0 0 0 0 0 0 0 0 0
0 0 0 0 0 0 0 0 0 0 0 0.8897120111 0.8438837012 0.8141281015 0.8191417519 0.8211762296 0.8828435501 0.8821589414 0.8761542588 0.8807659914 0.5994964973 0.6751357073 0.6703157597 0.6711134284 0 0.8958929608 0.6019450014 0.6245688638 0.6211559203 0.6237734777 0.6300788304 0.597180248 0.5151106319 0.5976252758 0.5257601047 0.6047390447 0 0.6017559381 0.8149633215 0.812110925 0.8203817212 0.8191371551 0.5674176674 0.6591214562 0.7286100423 0.6499583449 0.6467644767 0.6468690454 0.7648024734 0.8710055777 0.5749261538 0.6512080016 0.8542405875 0.8607284543 0.8598199679 0.5740397755 0.5741175973 0.586904966 0.8224506171 0.8091606585 0.8090900767 0.8152615908 0.8348275436 0.5090467536 0.8121525907 0 0 0 0 0 0 0 0 0 0 0 0 0
0 0 0 0 0 0 0 0 0 0 0 0.5264433039 0.8234971842 0.8173555215 0.8141025978 0.816895492 0.8858543696 0.8850775692 0.8777644716 0.8818923629 0.6788499075 0.6751090744 0.6684048157 0.6721387807 0.6758020958 0.6789873543 0.6311078003 0.6282400249 0.6203385188 0.6256917727 0.6263341287 0.6328747475 0.8063041409 0.8099012448 0.8034392416 0.8009116318 0.8046179174 0.8282526928 0.8214959707 0.6201879737 0.8157040166 0.8216423938 0.8278928807 0.7830668658 0.7219496614 0.7213400183 0.7136523256 0.8777774929 0.7692355905 0.762087429 0.6548287732 0.650626844 0.8625510711 0.6872623471 0.8650875449 0.5771057871 0.5782168154 0.5872115834 0.8092393418 0.816562067 0.7108936348 0.8158790173 0.8720922054 0.8359414902 0 0 0 0 0 0 0 0 0 0 0 0 0 0
0 0 0 0 0 0 0 0 0 0 0 0.8847699611 0.6048996221 0.8156187937 0.8237375638 0.8200150851 0.8727729027 0.8887526782 0.8872447919 0.6829556715 0.6802766837 0.6711184064 0.6732325864 0.6775736706 0.6773017528 0.6403444601 0.9003055048 0.6257747171 0.6105218272 0.6203704868 0.6322159697 0.6361478539 0.8018791358 0.802111056 0.8008822292 0.8105859477 0.8609979865 0.8659247891 0.7995816592 0.6999046678 0.8198727856 0.8235645902 0.6558097526 0.7897399001 0.7802168512 0.7203917603 0.7697909103 0.7169299096 0.7679230642 0.874803726 0.6545046301 0.6541642529 0.6550853045 0.6841114821 0.584969887 0.5825191183 0.6520118918 0.6517389287 0.6515649014 0.5888309323 0.5879018979 0.589045173 0 0 0 0 0 0 0 0 0 0 0 0 0 0 0 0
0 0 0 0 0 0 0 0 0 0.7064681904 0.7053077516 0.8031969014 0.5996343868 0.7199588787 0.6241023851 0.6910596026 0.6289340679 0.5765594284 0.7538644101 0.6701241793 0.6734650787 0.6764169752 0.6790490785 0.8938749417 0.9011993624 0.8991487671 0.8992654772 0.6156525419 0.6188246732 0.6356446464 0.6411103204 0.6393700238 0.8035492366 0.7945014424 0.7948173695 0.7899817868 0.8569923757 0.8629421044 0.7077200319 0.7041071856 0.7045079641 0.5142352271 0.5236785751 0.6677129504 0.7233957974 0.7312761667 0.7586137931 0.6792747388 0.8879126379 0.8836475947 0.5991454312 0.6757911028 0.6568736672 0.6771670497 0.6844223798 0.6493072422 0.6526098876 0.6487837297 0.6509810425 0.7760949758 0.6557151465 0.5865112391 0 0.8127675657 0 0 0 0 0 0 0 0 0 0 0 0 0 0
0 0 0 0 0 0.8348371487 0.5419258519 0.7798320935 0.7036643381 0.7001285566 0.7058073821 0.713326559 0.819774512 0.8423361644 0.7039908575 0.6198369227 0.5677909264 0.6667142192 0.6634389151 0.6678994663 0.6794946192 0.8474315009 0.8097984627 0.8917502883 0.8939092246 0.8883330523 0.6957745939 0.6984495754 0.6971357782 0.6861801342 0.6889622499 0.542672293 0.8021543373 0.7960041812 0.7885341374 0.7981780738 0 0.8624787859 0.8666682357 0.525187616 0.5221347591 0.6735915398 0.6732134478 0.6702689922 0 0.6035585264 0.6004204989 0.6386612475 0.5890663858 0.8301673949 0.6099124592 0.6575376669 0.6756022577 0.6820049873 0.5472860529 0.6539870846 0.6471763619 0.6427297462 0.6510666871 0.8402026172 0.8723689901 0 0.8807165716 0 0 0 0 0 0 0 0 0 0 0 0 0 0 0
0 0 0 0 0 0 0 0.662906497 0.707013006 0.6436729853 0.7062836643 0.8233287352 0.847481572 0.8206247504 0.6183188028 0.7192690706 0.7216673302 0.7172893856 0.6701760308 0.6731889996 0.7621010497 0.5071715586 0.8949908846 0.7347958752 0.8843742381 0.892643283 0.6972170364 0.6935206555 0.6983212347 0.680374286 0.6863127289 0.6035865594 0.7969383392 0.7948494087 0.7915309479 0.7931306446 0.8022480129 0.8032570856 0.5276378394 0.5259840448 0.5232166954 0.6784755483 0.670252599 0.6786260289 0.5989372293 0.5940554014 0.5962592507 0.896575166 0.7616913476 0.7093707526 0.7599369876 0.6837294862 0.6813929885 0.6789501909 0.7556418841 0.7520787622 0.6496605049 0.6435595703 0.6478975883 0.8414764334 0.8396621793 0.841744117 0 0 0 0 0 0 0 0 0 0 0 0 0 0 0 0
0 0 0 0 0 0 0 0.6622588681 0.5186681 0.7436270671 0.8693203078 0.6254458815 0.6176634477 0.6134093026 0.6127413773 0.6158531866 0.7142523002 0.7084301851 0.6792213167 0.7754702709 0.7678661603 0.7617933167 0.9009823756 0.8925011856 0.8940342698 0.88938694 0.5335109845 0.6964017144 0.698819763 0.9128321429 0 0.7725070138 0.6529957187 0.8682668077 0.7936642643 0.8000392502 0.7945630811 0.6425312038 0.8522792202 0.5297743815 0.6142581754 0.8177235374 0.5061770693 0.7978178204 0.6078179049 0.6026406522 0.5956273202 0.7539453624 0.5008031724 0.7544527411 0.7547226144 0.6851294 0.5849838766 0.7526531621 0.7517623256 0.7485591668 0.7481214898 0.8119813897 0.8641253024 0.8428861157 0.8420935474 0.5161556732 0 0 0 0 0 0 0 0 0 0 0 0 0 0 0 0
0 0 0 0 0 0 0 0.6648973364 0.6373766257 0.6369797202 0.6316654518 0.6331107819 0.6191346194 0.6112654658 0.6150240905 0.6189173584 0.7074845491 0.5881851656 0.528131459 0.6554739384 0.8229195063 0.764037521 0.8987532143 0.8952972335 0.6346753816 0.6361189613 0.7053958923 0 0 0.9093126066 0.9049437524 0.9025425919 0.8969433876 0.9042488728 0.8027776788 0.8068091057 0.808769088 0.8179176865 0.5374917462 0.5839217602 0 0.5081154302 0.7992670644 0.7937960615 0.5014190696 0.6075101612 0.6083688354 0.7588514348 0.7529413695 0.7547099537 0.7630752896 0.5248029003 0.8920472613 0.7536760119 0.7499692895 0.7477989295 0.7491289471 0.8214656266 0.5929567072 0.8587873978 0.8630223807 0.5242950921 0 0 0 0 0 0 0 0 0 0 0 0 0 0 0 0
0 0 0 0 0 0 0.8591245101 0.7943294876 0.626142147 0.628151291 0.6281679682 0.6352931396 0.6170964261 0.613162238 0.6149594514 0.6986653893 0.6936851674 0.7028769013 0.7126678068 0.6516342812 0.7332003162 0.6832459057 0 0 0.9024457414 0.7315555422 0.714479561 0.8362661109 0 0.9096869144 0.8993888494 0.8951624444 0.903167964 0.9093393166 0.6636517772 0.7578793712 0.6558744827 0.623513509 0.8533107447 0.5072712747 0 0 0 0.8005504859 0.8158140443 0.6169846027 0.8549666205 0.7620850547 0.6542929914 0.8935958133 0.5572034118 0.5321883636 0.7840112289 0.6430410185 0.7540733478 0.7552116091 0.8967943923 0.6096845098 0.7019211239 0.8504654558 0.8533387595 0.7562685266 0 0 0 0 0 0 0 0 0 0 0 0 0 0 0 0
0 0 0 0 0 0 0 0 0 0.6247250812 0.6279588908 0.6346600974 0.6373159319 0.643019999 0.6959054796 0.6974906522 0.6930859973 0.6992556675 0.7064926359 0.6517123245 0.6609610687 0 0 0 0 0.7022303418 0.6627644467 0.5319855165 0 0 0.8973815516 0.9035526255 0.9035161179 0.9111841256 0.6544000101 0.6540195504 0.5306338231 0.5264910355 0.5229424224 0 0 0.8542016848 0.8049449316 0.5636557309 0.7082121594 0.6320758166 0.8650594513 0 0.5895017226 0.5905644683 0.7682109748 0.7660363712 0.7641342388 0.5377898239 0.6082864859 0.5827684112 0.7730061787 0.7824649738 0.7758253619 0.7768571142 0.8025688174 0 0 0 0 0 0 0 0 0 0 0 0 0 0 0 0 0
0 0 0 0 0 0 0 0 0 0.6281461192 0.63244232 0.635633351 0.6931239967 0.6839363397 0.6837517986 0.6897946862 0 0.696183865 0.7060213963 0.5525759989 0.836473208 0 0 0 0 0 0.6737287484 0 0.9188381765 0.9178227894 0.9112376006 0.9059795197 0.9059717128 0.9064391369 0 0.6575954919 0.5277305425 0.5223461042 0.5309123103 0 0 0 0.5382799611 0.5704959247 0.8877761365 0.7290358824 0.8654622118 0.5416056292 0.6180293372 0.6201600059 0.618048778 0.7635635067 0.6384974626 0.586771338 0.5839993287 0.5896505578 0.579315397 0.5704219672 0.5667759053 0.6591322803 0.6118238246 0 0 0 0 0 0 0 0 0 0 0 0 0 0 0 0 0
0 0 0 0 0 0 0 0 0 0 0.6763886758 0.6829374971 0.6779242268 0.6836725736 0.6836963981 0.6870074412 0.694604888 0 0.7005780332 0.5522425025 0.5433720788 0.5472303023 0 0 0 0 0 0 0 0.9148577494 0.9126476477 0.9161574627 0.5270272549 0.5330659927 0.5339467036 0.5218813855 0.5258020306 0 0.5246737033 0 0.5270944669 0.5327802582 0.538867624 0 0.5778329558 0.7151512221 0 0.5958867335 0.7266688749 0.6134599239 0.8671906003 0.7720202008 0.6392699658 0.6358953284 0.5838586494 0.5842242616 0.5976203377 0.5691849398 0.5657564904 0 0 0 0 0 0 0 0 0 0 0 0 0 0 0 0 0 0 0
0 0 0 0 0 0 0 0 0 0 0.7789849654 0.6813922195 0.6786613862 0.6768863197 0.6844470698 0.6880758119 0 0.7704367301 0.6543793809 0.6592724358 0.6532504836 0 0 0 0 0 0 0 0 0.9180141415 0.9164869228 0.916288852 0.5355565757 0.5269399675 0.5116057089 0.6096747676 0.7889824618 0.7955967061 0.8084020246 0.5300924078 0.7212604143 0.5275672403 0.8233244015 0.6286843639 0 0 0 0.6042196779 0.6103022611 0.6084951518 0.6018495091 0.6061651504 0.5815130055 0.5897103164 0.5902864424 0.5938003805 0.6563697615 0.5671107733 0.5745080601 0 0 0 0 0 0 0 0 0 0 0 0 0 0 0 0 0 0 0
0 0 0 0 0 0.7045923258 0 0 0 0 0.7743579137 0 0.6794350941 0.6790179236 0.6842087717 0.6853978482 0 0.6591649041 0.6526413294 0.6523544235 0 0 0.801957864 0 0 0 0 0 0.5751913794 0 0.5854157637 0.9166236605 0.5334085399 0.5519019278 0.503603069 0.5047997483 0.7941413803 0.790152686 0.8988199043 0.5617933521 0.6705197958 0.829844036 0.6323445351 0.5387175026 0.6336213235 0.7090538609 0.760487906 0.7140155881 0.8689614676 0.6056196189 0.6008401064 0.6052760355 0.7771907341 0.6967318216 0.700100402 0.7092194249 0.5718228774 0.6641250813 0.5004097121 0 0 0 0 0 0 0 0 0 0 0 0 0 0 0 0 0 0 0
0 0 0 0 0 0.8076680388 0.7012239395 0 0 0 0 0 0 0 0.6897969671 0.693218535 0 0 0.5219773139 0.6621888095 0.6543826794 0.692009565 0.8061407267 0.7992357707 0 0 0.5513096108 0.6181771154 0.7445128657 0.5100170291 0.6912325369 0.6904212721 0.6243177769 0.5105619216 0.6098480191 0.717569962 0.6140476587 0.7958226161 0.6797233942 0.8970626361 0.567355399 0 0 0 0 0.8676460792 0.5615823289 0.7043970005 0.856976744 0.8637029925 0.6079433067 0.668096727 0.7003299993 0.6951797967 0.6983999145 0.7044400787 0.707290335 0.8326374613 0.7818030583 0.857046497 0 0 0 0 0 0 0 0 0 0 0 0 0 0 0 0 0 0
0 0 0 0.5412500315 0.5656356702 0.5643959988 0.8346212353 0.7397003855 0.7869088366 0.7118095238 0 0 0 0 0 0 0 0 0 0.7109769937 0.8379862975 0.5353623234 0.8028585902 0.7987858858 0.602762578 0 0.6826621201 0.6345097444 0.6286029512 0.8785455469 0.6317904154 0.687566222 0.6226233308 0.617311464 0.5594080225 0.6135593316 0.5028496037 0.6038295678 0.7709940613 0.8750801812 0 0.5662235907 0 0 0 0 0 0 0.8563525769 0.8576610407 0.6914480601 0 0.6904776487 0.6927734347 0 0.7061442612 0.7158845703 0 0.52557412 0 0 0 0 0 0 0 0 0 0 0 0 0 0 0 0 0 0 0
0 0 0 0.6698620741 0.6351725608 0.5576371505 0.552541909 0 0 0.702326121 0.8468764977 0 0 0 0 0 0 0 0.702454523 0.702805109 0.7131561419 0.7567285722 0.8082139522 0.801936431 0 0.8908990901 0.8926405599 0.6756714486 0.6340314814 0.6285619712 0.7767834459 0.6928575028 0.6231706429 0.8556467236 0 0.8252290795 0.8213521502 0.8216928265 0.5112994968 0.664987559 0 0 0 0 0 0 0 0 0.8561856851 0.8503126673 0.68363314 0.6831590198 0 0 0 0.7097065382 0 0 0 0 0 0 0 0 0 0 0 0 0 0 0 0 0 0 0 0 0 0
0 0 0 0 0.5520740954 0.5483660108 0.5501696018 0.5518435307 0 0.8524877704 0 0 0 0 0 0 0.6585199358 0 0.7101042525 0.7031481637 0.7141846652 0.7139471226 0.6678162665 0.6645657869 0.7309059876 0.7305632562 0.8866962928 0.6370242999 0 0.6290001493 0.6384232903 0.632599352 0.6291623336 0.6276933847 0.8278264436 0 0.8204849708 0.8254453654 0.6043497827 0.5179082308 0.5211217382 0.6389895614 0 0 0 0 0 0 0.8520986976 0.859907417 0.684450815 0 0 0 0 0 0 0 0 0 0 0 0 0 0 0 0 0 0 0 0 0 0 0 0 0 0 0
0 0 0 0.5548891101 0.5522119054 0.5456094558 0.5526142626 0.8477229084 0 0.7336091994 0 0 0 0 0 0 0.5205156221 0 0.531577677 0.5320938785 0.6396996048 0.680169085 0.875802242 0.6655285142 0.6757913493 0.7279117437 0 0.7056939476 0.7154239891 0.5654615907 0.897685374 0.9024513709 0.8992816558 0.6281588942 0.5266589717 0.8244282404 0.8218625108 0.8282307498 0.6241637911 0.5589691914 0.5563486064 0.5580252061 0 0 0 0 0 0 0 0 0.6876504143 0 0 0 0 0 0 0 0 0 0 0 0 0 0 0 0 0 0 0 0 0 0 0 0 0 0 0
0 0 0 0 0.5499177257 0.5530779223 0.5551871009 0.6493415991 0.7870929724 0.7908278274 0.7601066277 0.7341625207 0 0 0 0.7354002573 0.7398311273 0.5297021239 0.5299069689 0.5226657112 0.5160429443 0.5197578277 0.5916624679 0.5108607872 0.5846610239 0.7284949624 0.7303245199 0 0 0.9059649031 0.8986717696 0.8966507178 0.5612457936 0.5733733181 0.5241853521 0.5214897922 0.8272943988 0.8249717651 0.7497608265 0.5607172064 0.5561443463 0.5582306254 0.5138528448 0 0.6206180803 0.8642700794 0.6482648396 0.6504103805 0.7673080158 0 0.6887205558 0 0 0 0 0 0 0 0 0 0 0 0 0 0 0 0 0 0 0 0 0 0 0 0 0 0 0
0 0 0 0 0 0 0.8479755586 0 0 0.7516890208 0.7261330768 0.7257036849 0 0 0 0.7351395975 0 0.531622914 0.5629043818 0.7743724629 0.5139307591 0.5228558519 0.5236580557 0.7652622303 0.592604106 0.5858549415 0.6485709096 0.5687079015 0 0 0.8997611435 0.9010603293 0.8333305539 0.8338495556 0.8298507812 0.838485942 0.8478975585 0.8564042104 0.8587100479 0.5621438915 0.5633627947 0.5561781149 0.7643885668 0.8677806199 0.6615774222 0.6515233326 0.6210592925 0 0 0 0 0 0 0 0 0 0 0 0 0 0 0 0 0 0 0 0 0 0 0 0 0 0 0 0 0 0 0
0 0 0.8005532408 0.7990131138 0.8082257549 0.599313781 0 0 0 0.7838497986 0.5755949196 0.7315246691 0.5759597393 0 0.7419770931 0.8345726995 0.61044468 0.738281971 0.570542827 0.5185084594 0.7701115718 0.8573864102 0.5579066837 0.8366085093 0.8389658655 0.6739347365 0.8561619115 0 0 0 0.7227350839 0.8072902315 0.8319918088 0.8293559301 0.8358726858 0.8406905758 0.8445476412 0.851363505 0.8590896928 0 0.7953735633 0.726354888 0 0.6843037749 0.7027280978 0.8672875279 0.8417857604 0 0 0 0 0 0 0 0 0 0 0 0 0 0 0 0 0 0 0 0 0 0 0 0 0 0 0 0 0 0 0
0 0.7083830464 0.8008254013 0.8061381615 0.807566019 0.5668604309 0.6386694768 0.7832380279 0.7830556093 0.781190989 0.7773710276 0.5757123157 0.5720450707 0.5668342287 0.8140038141 0.8161981381 0 0.8700192701 0.8703459183 0.783262875 0.7813046316 0.7846939948 0.8337225943 0.662881247 0 0 0 0.8955286316 0.6876408408 0.517829882 0.7251621232 0 0 0.8345741907 0.8313455634 0 0 0.8574829937 0.856719744 0.739233492 0.631683334 0.5059974801 0.5106499658 0.5274697836 0.824397676 0.6342567504 0.6331832575 0.7102799572 0.7062463818 0.7118913849 0 0 0 0 0 0 0 0 0 0 0 0 0 0 0 0 0 0 0 0 0 0 0 0 0 0 0 0
0 0 0.7004186268 0.709364932 0.7146284751 0.632724848 0.6237219874 0.7898507392 0.7761053092 0.7739737078 0.7685671279 0 0.5711471769 0 0.8069823248 0.8145493037 0.8076646003 0.6785572404 0.6829581317 0.7688212008 0.726348472 0.8492391509 0.8440730855 0.7070130607 0.6545357999 0.6567909381 0 0.6607624601 0.6555873253 0 0.7160157618 0.7159586038 0 0 0.5558146275 0.5594038124 0.5130312798 0.5520272652 0.6195811592 0.8498073262 0.8964510099 0.5100393904 0.5021637378 0.5536507135 0.5268542832 0.639766885 0.8606939966 0 0 0 0 0 0 0 0 0 0 0 0 0 0 0 0 0 0 0 0 0 0 0 0 0 0 0 0 0 0 0
0 0.7056167804 0.6999656588 0.7058642663 0.5697702113 0.7189098813 0.5109470224 0.6153224277 0 0.7701369501 0.7661142346 0.766179233 0.552873655 0.8130904823 0.8129628097 0.8063072723 0.8162305313 0.512096521 0.8359876984 0.7651718295 0.5271953362 0.8667132167 0.8401899782 0.6575541064 0.5238091229 0.7306719888 0.5102656595 0.506452925 0.5479437202 0.730048963 0.7152331369 0 0 0 0.5513237093 0.550612351 0.5514216597 0.559014371 0.8099636673 0.8767797659 0.622079242 0.5115795261 0.509466714 0.5049467673 0.8866183153 0.5177424364 0 0 0 0 0 0 0 0 0 0 0 0 0 0 0 0 0 0 0 0 0 0 0 0 0 0 0 0 0 0 0 0
0 0.700444448 0.7023240308 0.70492946 0.7104651856 0.7109134582 0.6300778801 0.7975816439 0.7739812367 0.7691832619 0.7706073673 0.7732250513 0.6292596639 0.818824963 0.6082428981 0.6843836956 0.6879905482 0.8522916127 0.5642821866 0.8119890462 0.7745573579 0.6519876251 0.8494870594 0.5754512548 0.861160455 0.6303246057 0.5076830127 0.5013396139 0.7814361145 0.7994273176 0.7177291154 0 0 0 0.5514293104 0.5551845101 0.5818563484 0.6236060962 0.5093767311 0.8725239979 0.7234905448 0.7947066307 0.5328534247 0 0.7390466381 0.52557617 0 0 0 0 0 0 0 0 0 0 0 0 0 0 0 0 0 0 0 0 0 0 0 0 0 0 0 0 0 0 0 0
0 0.7033074439 0.7056177877 0.5500011116 0 0.6219507661 0.6148111178 0.7830773864 0.770125576 0.6340721494 0.6260968167 0.6290757464 0.6316843557 0.6745602618 0.6716380489 0.6799563544 0.6717850768 0.8437125081 0.8475439847 0.7718897624 0.5393568799 0.5796045394 0.5765984351 0.5720631842 0.7242325054 0.7195059154 0.7159122584 0.5033105344 0.5049270221 0.7408615162 0 0 0.7914208375 0 0.5543119757 0.5877473127 0.5611393843 0.5907839124 0.6632862833 0.7901960908 0.6730253969 0.7957548517 0.796070754 0.7065882796 0.7979357998 0.6580334358 0.5347876507 0.525152857 0 0 0 0 0 0 0 0 0 0 0 0 0 0 0 0 0 0 0 0 0 0 0 0 0 0 0 0 0 0
0 0.7148433064 0.7134418808 0.7080263263 0.7596778949 0.6147069299 0.6222588362 0.6180847385 0.7857072135 0.6297201859 0.6257188507 0.6269898969 0.6335319867 0.6250724467 0.6739500735 0.671541176 0.6792594839 0.7543751713 0.750166211 0.5811308381 0.5542198256 0.5784582034 0.5747355841 0.568423901 0.7166647765 0.7152479087 0.7135164986 0 0.5633838948 0.731641785 0 0.5780808978 0.8938784981 0.5826831438 0.5597960953 0.5509030458 0.8100802461 0 0.7104265253 0.8803709883 0.6859327695 0.7001785253 0.68251256 0.7361037734 0.67502599 0.735421588 0.7972179006 0.7019410614 0 0 0 0 0 0 0 0 0 0 0 0 0 0 0 0 0 0 0 0 0 0 0 0 0 0 0 0 0 0
0 0.7273544977 0.7177678387 0.7612193341 0 0.820332278 0.8130306469 0.8177011458 0.8244262707 0.6299252202 0.6234460693 0.6236123284 0.62050073 0.8348002386 0.6774811542 0.6791336374 0.6758317478 0.7996877901 0.5197788451 0.783501584 0.5238765417 0.7730920209 0.7744356572 0.8346129898 0.7136813383 0.7129154887 0.718444853 0.7933376286 0.5348313134 0.6674840561 0.5151887508 0.8987347139 0.691600942 0.8376853764 0.8317238778 0.8633038864 0 0.8803371764 0.7621408881 0.6591332673 0.6792727904 0.6790742001 0.6785943253 0.5087166838 0.7296207484 0.5012356114 0 0 0 0 0 0 0 0 0 0 0 0 0 0 0 0 0 0 0 0 0 0 0 0 0 0 0 0 0 0 0 0
