landscape/hab_quality/256/simulation_000079_p034_h071_HABMAT_patch_more_500pix_modified.asc_ac_0.5_quality.asc
NCOLS 513
NROWS 513
XLLCORNER 0
YLLCORNER 0
CELLSIZE 9.980507
NODATA_VALUE NaN
[rows 288 to 323 of 513, columns 405 to 485 of 513]
0.544839758 0.5354897502 0.6134255762 0.6005458539 0.7549819549 0.5910847054 0.5902110522 0.8673527692 0.5919075319 0.5262656067 0.6087420877 0.607635185 0.6105914604 0.5252231148 0.6443772521 0.7145512465 0.8810526049 0.8360370272 0.7459749672 0.7238124085 0.6413240665 0.6389778315 0.6323157978 0.634681987 0.5248846628 0.6321641737 0.8480862553 0.8455139318 0.8460084278 0.8576124163 0.515335634 0.5107953407 0.516240736 0.6034274327 0.6120178749 0.8251123865 0.5726379312 0.5969157266 0 0.7279502648 0.7284286878 0 0 0 0 0 0 0 0 0 0 0 0 0 0 0 0 0 0 0 0 0 0 0 0 0 0 0 0 0 0 0 0 0 0 0.8355326022 0.8449845794 0.8652934838 0.7517582497 0.7450578003 0
0.5350972759 0.7995137569 0.5397162602 0.5680826547 0.8316780225 0.5936552195 0.5842975137 0.5864176588 0.5346023157 0.6072093436 0.6117622516 0.6037400208 0.6080824726 0.6109056966 0.6437606178 0.6405024095 0.5094753487 0.7437275468 0.7456601858 0.8423679748 0.6218373135 0.6361154278 0.6428332839 0.640559947 0.6314731413 0.6331271684 0.8609696071 0.8095911018 0.5969945755 0.8809235962 0.5138125756 0.5134124637 0 0 0.8348405153 0.829790715 0 0.5401402817 0 0 0 0 0 0 0 0 0 0 0 0 0 0 0 0 0 0 0 0 0 0 0 0 0 0 0 0 0 0 0 0 0 0 0 0 0.8401510388 0.8440939632 0.8538106027 0.5544102066 0.7496381678 0.8510622858 0.7500363744
0.5421900033 0.5354637213 0.5372638317 0.8944426972 0.7085137881 0.7069778791 0.5843653782 0.5811554004 0.5839340739 0.8311317328 0.6067935506 0.6129606881 0.6098390623 0.6355596979 0.6337785633 0.6247379937 0.6325916032 0.7046153084 0.7432449705 0.703751169 0.6118835156 0.6416235082 0.6447509636 0.6328328397 0.5735100394 0.5682316548 0.8190320733 0.5784415002 0.5807536774 0.5674946822 0.5509982058 0.8920411563 0.6540217287 0.6552144037 0.5806782752 0.654913073 0.6533472294 0.7929124083 0.7204595428 0 0 0 0 0 0 0 0 0 0 0 0 0 0 0 0 0 0 0 0 0 0 0 0 0 0 0 0 0 0 0 0 0 0 0 0.7720122105 0.5154165136 0.6460898222 0.8635610228 0.7393994886 0.7337375361 0.7310711343
0.5530426146 0.5500020819 0.5560695969 0.8870708489 0.8915161251 0.7033448306 0.8698192596 0.8749529712 0.5741982217 0.8368724174 0.6084574275 0.6195611817 0.6219602878 0.8307891655 0.6259998059 0.6242122571 0.6281111976 0.8640185704 0.8656791503 0.6009574892 0.604507701 0.6986447043 0.6128463894 0.8058296633 0.5660685968 0.5751270753 0.5690774782 0.5766449232 0.6158039968 0.5592050088 0.558803727 0.5491620243 0.7692280426 0.6536395238 0.8631795447 0.702744428 0.7123890506 0.8003615559 0.541712637 0.5579990302 0 0 0 0 0 0 0 0 0 0 0 0 0 0 0 0 0 0 0 0 0 0 0 0 0 0 0 0 0 0 0 0 0 0 0 0.6462238099 0.648701506 0.7329136281 0.7373151805 0.7301661304 0.7349224702
0.552514277 0.5498956677 0.7366023773 0.7301808142 0.8830347047 0.7062886829 0.7029689512 0.7069991478 0.5806812432 0.8603925914 0.7632520503 0.6282275689 0.5332203909 0.6320686972 0.6287579277 0.6251011871 0.6312780179 0.6091937008 0.5963182085 0.6137288284 0.9080014813 0.6073601406 0.5186568437 0.5810821845 0.5748416151 0.5656980129 0.5686279798 0.5708163031 0.8103735016 0.5120905358 0.5085077572 0.5468042433 0.5429734347 0.6542416893 0.6508864724 0.6502530194 0.654631403 0.6553834064 0.5673945279 0.5616428321 0 0 0 0 0 0 0 0 0 0 0 0 0 0 0 0 0 0 0 0 0 0 0 0 0 0 0 0 0 0 0 0 0 0 0 0.6451514029 0.8021983095 0.7348339791 0.7277866002 0.729199255 0.8825987711
0.6315358067 0.6347860712 0.7294435415 0.5824052647 0.5331732538 0.6965528205 0.7042054276 0.8823717078 0.5886980529 0.7477905303 0.7547953184 0.6365886942 0.8258498797 0.6336518698 0.6320093054 0.6367071844 0.6251729854 0.9152622719 0.9017773621 0.9003104316 0.8980857806 0.9034998307 0.5820363068 0.5101147419 0.5705289636 0.5752269675 0.5674797996 0.7424159724 0.6913495752 0.535045253 0.692735933 0.5467957107 0 0.6481457985 0.6407678727 0.6478134656 0.6536574334 0.6614003419 0.7145264861 0 0 0 0 0 0 0 0 0 0 0 0 0 0 0 0 0 0 0 0 0 0 0 0 0 0 0 0 0 0 0 0 0 0 0 0 0 0.7975981749 0.8804820735 0.8750829303 0.8768526027 0.8789012165
0.6260801909 0.6330770454 0.8492392264 0.8642106389 0.6976386495 0.5313653138 0.7031628289 0.8697506187 0.7595979945 0.7535407277 0.7477655273 0.7496547489 0.6083307672 0.6387321697 0.5711914112 0.8671968321 0.7452525335 0.9147859125 0.9081408145 0.6047643204 0.9017928063 0.896806706 0.5840402039 0.5767653247 0.5719525598 0.5720636035 0.7357468762 0.7456218407 0.6894520214 0.8279872612 0.6063102524 0.835999453 0 0 0 0 0.6538113562 0.678648029 0.7191351149 0.5689622783 0.5642886498 0.5632268569 0 0 0 0 0 0.8844029149 0 0 0 0 0 0 0 0 0 0 0 0 0 0 0 0 0 0 0 0 0 0 0 0 0 0 0 0 0.8765202991 0 0.8713967825 0.8704338097 0.8726235862
0.6637566258 0.6669380467 0.8587627704 0.8518250697 0.5631435153 0.5363744749 0.8619736229 0.866104453 0.7540716516 0.7527420867 0.7621720457 0.7482198651 0.5028377266 0.8486734784 0.756953099 0.5539803765 0.6195264031 0.5466838849 0.7680538615 0.9054404096 0.8984116076 0.6430861632 0.7649348552 0.5816295092 0.8794719265 0.8808467205 0.7332755643 0.6440307094 0.7342640886 0.8790063734 0.82756397 0.8331988398 0.8450667143 0 0.6460101294 0.6455638474 0.8572917666 0.5712401707 0.5785586409 0.5706855581 0.8906089266 0.69303432 0.5756901513 0 0 0 0 0.8912742796 0.8520852364 0.8501845769 0.8992618551 0.8880846605 0 0 0 0 0 0 0 0 0 0 0 0 0 0 0 0 0 0 0 0 0 0 0 0 0 0 0 0.8635154913 0.8637531454
0.6596467607 0.6672484394 0.7383007587 0.8143634213 0.5713411007 0.5395387159 0.8512050247 0.8580247602 0.7561868213 0.5602056198 0.6487369266 0.762607258 0.8279809517 0.8224029454 0.5627297576 0.8185029555 0.595499809 0.601888799 0.8591777344 0.9037420461 0.5124644199 0.9070765144 0.6526385815 0.8718303327 0.8761083105 0.8763914001 0.8294125636 0.7327783572 0.7374788674 0 0.8344994398 0.8186594298 0.8678767913 0.8620320414 0.8648359362 0 0 0 0.8643676534 0.8563758005 0.8208012078 0.8923440328 0 0 0 0 0 0.8913732417 0.8274353745 0 0 0.8802212287 0 0.5701147973 0 0 0 0 0 0 0 0 0 0 0 0 0 0.6995907754 0.7076087779 0 0.726742183 0.6060288099 0 0 0 0 0 0.8681656292 0 0.8582481189 0
0.6692261359 0.6610177987 0.5236243173 0.5292737555 0.8771877558 0.8644107105 0.8488898462 0.8649702517 0.8672984939 0.6390495783 0.657838497 0.7016683595 0.5667936961 0.8191120314 0.6623558571 0.7262680793 0.5980328731 0.5929538767 0.7959580572 0.7885007171 0.7925568329 0.7878446897 0.5836761066 0.8618934314 0.8672579675 0.8321536009 0.8210463552 0.7342592867 0.8545366408 0.6836791268 0.8505850777 0.8686124707 0.8136996546 0.8579636045 0.8726349341 0.8747581215 0 0 0 0.866266583 0.6189473031 0.669855121 0 0 0 0 0 0.7465968288 0.5073357828 0.8577511808 0.8506260147 0 0 0.6574214289 0.6519149283 0.6548302427 0.6492868951 0 0 0 0 0 0 0 0 0 0 0 0 0.7129533892 0.828067871 0.6388639085 0.6027375665 0 0 0 0 0 0.8612128025 0.8679597936 0.664132503
0.7189766014 0.5270228438 0.5212361697 0.5227611824 0.8731455371 0.8683491733 0.8573652571 0.6295629483 0.6527151204 0.7408308144 0.6432078761 0.6731773367 0.8576596124 0.5578527314 0.815351748 0.5450788416 0.585897921 0.5860989786 0.596385929 0.7782766427 0.7871663492 0.7942126021 0.5754578096 0.5758045234 0.5781232064 0.5988131578 0.7372781832 0.744625823 0.8215537916 0.8150945213 0.860391946 0.8061939882 0.8529965159 0.8621952691 0.8639091194 0.7048805578 0 0 0 0 0.8622631449 0 0 0 0 0.5879643449 0 0.7438130172 0.7528889606 0.7602588983 0.6716101721 0 0 0 0 0.6692497649 0.6893854292 0.6014040387 0 0 0 0 0 0 0 0 0 0.7788438333 0.5721845918 0 0.8496108222 0.6942787849 0.6934120817 0 0 0 0 0 0 0.6672091521 0
0 0.523327231 0.5240831716 0.6145980494 0.6066007388 0.6094299184 0.8600979375 0.6201854874 0.6289536669 0.7454327083 0.8643621257 0.6085922624 0.6541035563 0.5509419755 0.5408603336 0.5349737447 0.5367302386 0.8701928862 0.6291589799 0.5629973246 0.6530763421 0.7893481025 0.5723389475 0.5697860813 0.577343417 0.7367812553 0.7363439704 0.7463180168 0.7484628364 0.8588682753 0.811808072 0.8034730468 0.8105660743 0.8117033847 0 0.7377234779 0.7381138068 0 0 0 0 0 0 0 0 0 0.7451095718 0.8258210454 0 0.7602771724 0.679871856 0 0 0.6464421332 0.6491140183 0 0.610715932 0.683381717 0 0 0 0 0 0 0.9149298089 0.9170424441 0 0.7608463915 0.5688903649 0.5671012915 0.7061022701 0.5750355623 0 0 0 0 0 0 0 0.7000113118 0.551968898
0.7332098767 0.6758781254 0.6888157792 0.8865108647 0.6065070046 0.8670974631 0.8685403886 0.8698303923 0.8654611192 0.8642807727 0.8651012577 0.6563729553 0.6618456995 0.5967202161 0.5367533598 0.5348274265 0.8639311115 0.8203250868 0.6518798436 0.6348394831 0.7910761675 0.5746708487 0.5742269006 0.5743927221 0.5738051864 0.7405536547 0.7415619832 0.6402818532 0.7503129586 0.8213157629 0.8078009429 0.8123129894 0.8105626566 0.8113902765 0.9098859617 0.9099197455 0.645120524 0 0 0 0 0 0 0 0.5452096955 0.5959738386 0.6003851489 0.8262787753 0 0.6711332947 0.6706771186 0 0.6670702334 0.6618070761 0 0 0.9010739653 0 0 0 0 0 0 0 0 0.9172550185 0.9219568343 0.5746464983 0.7709824842 0.7673344064 0.7683673967 0.705443351 0.6534090942 0.7473185292 0.6552489424 0 0.7031413633 0.6950648631 0 0.6917325721 0
0.6038187257 0.7497798839 0.6744668339 0.6094702005 0.6083145868 0.6105019503 0.853217745 0.8606473347 0.854550118 0.8600212214 0.8647479638 0.749438711 0.660875021 0.5413809693 0.5351165376 0.5530531121 0.5367171653 0.8690102782 0.5676439402 0.8992424316 0.7794152433 0.7989914825 0.6319330984 0.5759681057 0.7447328128 0.7491338827 0.7409082854 0.6489455243 0.7541601799 0.8907927114 0.8937706544 0.8123892298 0.817326015 0.8176391655 0.907454034 0.9159594359 0.6981033106 0 0 0 0 0 0 0.5532783498 0.547331157 0.5527949797 0.8219921638 0 0 0 0 0.8500517692 0.6609071702 0.6639105358 0.5773070855 0.6632342537 0.8954175341 0 0 0 0 0 0 0 0.9157721323 0.9184259767 0.9249595146 0.7624964218 0.7672537238 0.7665195447 0.7621540443 0.7086022071 0.6530966045 0.6453563846 0 0 0 0.6935293765 0 0 0
0.8409780078 0.849184776 0.8840385466 0.8743048531 0.793729985 0.8598928381 0.8576912451 0.8527660736 0.852805649 0.8488345216 0.7535306524 0.8148585305 0.8120679507 0.5366850537 0.527095073 0.5379806492 0.8644540311 0.877490924 0.8765290675 0.7418822419 0.661439161 0.8101753387 0.5264241565 0.8271086827 0.7541981747 0.8053096696 0.7527094643 0.8823042647 0.8825533544 0.885651086 0.8199763143 0.814766002 0.906011583 0.8990199682 0.9020213707 0.9109393914 0 0 0.8279650204 0.6835972524 0 0 0.5244167564 0.5550677232 0.5522229816 0.5485775308 0.5561102994 0 0 0 0 0 0.5126424711 0.6670070196 0.6659705434 0 0 0 0 0 0 0 0 0.6391938385 0.7450026722 0.7764804561 0 0.764689827 0.7588194056 0.7593097995 0.7679076307 0.7644914734 0.8954222663 0.8876590625 0.8959807741 0 0 0.6942465144 0 0.6921386062 0
0.7224838365 0.8500178678 0.7018336007 0.7206811105 0.8686933232 0.8661475621 0.8715690026 0.8617749369 0.8460962952 0.6126767459 0.6141611994 0.7171805954 0.8089261463 0.7360858558 0.685393872 0.7086778477 0.8795290903 0.8698208341 0.8776202795 0.7156589406 0.5087421172 0.6253322545 0.6306058488 0.8873601842 0.8761524752 0.8785496973 0.8784651411 0.8800966162 0.877353157 0.8835468559 0.8572678364 0.7133821615 0.8239261251 0.9169671958 0 0.8154396796 0 0 0 0 0.5145196252 0.5164129707 0.5260781078 0.5271323472 0.6699790498 0.665168354 0.6688439892 0.8018630723 0.8079372274 0 0 0 0 0 0.766036993 0 0 0 0 0 0 0 0 0 0.7529300643 0 0.769413342 0.7591974487 0.7601609738 0.7603655362 0 0 0 0.8875587877 0 0.7070889884 0.6987858266 0.6992233088 0.6993984397 0 0
0.5746411987 0.6973733915 0.7043389747 0.8213726682 0.7107041632 0.8681978873 0.8624419591 0.8655598487 0.6115195268 0.6050764908 0.7259737422 0.7324507694 0.7428935604 0.8352326153 0.838411164 0.5254775022 0.5156846545 0.8722823746 0.7136481596 0.5343019307 0.5305145591 0.531953336 0.6213809919 0.8892487894 0.8794356414 0.8736502417 0.8731561637 0.8765765619 0.8863177648 0.6018739642 0.8257349274 0.8175201345 0.9104810393 0.8255119919 0.8141013277 0.5323033806 0.5013629044 0.8362636579 0.8523797071 0.5080258197 0.5067970255 0 0.5245351749 0.8304032821 0.670613756 0.661036687 0.660230443 0.6564740957 0.8095669778 0 0 0 0 0 0 0.7876097589 0 0 0 0 0 0 0 0 0.7543953166 0 0.6666431566 0.6677457528 0.6695449764 0.7645250263 0 0 0 0.8942943743 0.5770628523 0.6130163086 0.7056749285 0.6992545574 0.6998483472 0 0.7066081462
0.8929730978 0.8327224801 0.7065544704 0.7110130855 0.7177294778 0.6435672087 0.8615687035 0.8584384664 0.8620597225 0.5556023322 0.5603776366 0.6822312415 0.5884502047 0.7321387687 0.8407747893 0.5365686023 0.5340256541 0.5375440365 0.5277457531 0.5253608945 0.5246874866 0.8185445189 0.8205371982 0.8174415968 0.8797659183 0.8775137306 0.8782433105 0.8754210624 0.8820772369 0.712442781 0.8271988551 0.8221964826 0.8165838748 0.8261181858 0.8325736124 0.8219987888 0.8851962097 0.8827208068 0 0 0 0.506825187 0.5296448582 0.5334885338 0.6620614373 0.6555472537 0.6548239165 0.6514736561 0.6501296869 0 0 0 0 0 0 0 0 0 0 0 0 0 0 0 0 0 0 0.6620582994 0.6696359036 0.8802773619 0 0 0.8814245984 0 0.6684492044 0.7904511995 0.7048383892 0.7091937616 0.7061100666 0.7030038791 0
0.7415869706 0.6900668316 0.7492252128 0.7408769478 0.547489307 0.7819250062 0.5345303132 0.5418193147 0.5503923696 0.8409780841 0.6238727273 0.5676346587 0.5951266105 0.6917778722 0.6897213588 0.531961435 0.5316947414 0.5336942313 0.5294606235 0.5197977688 0.5183338388 0.5232440196 0.8138340715 0.8200642073 0.8893954626 0.8829489037 0.8788214926 0.8825607884 0.7102964777 0.8301436009 0.8220958435 0.8197102476 0.8248955005 0.8182094073 0.8280017671 0 0.8835413906 0.8791062233 0.8826412294 0.6881320552 0.5124991427 0.5008263719 0.8482914193 0.8547049226 0.8597487048 0.6567151939 0.6552914622 0.6462652148 0.6535265489 0.7188425129 0 0 0 0 0 0 0 0.7249521024 0 0 0 0 0 0 0 0.7599893428 0 0.6636402468 0 0.8734435053 0 0 0 0 0.7857010876 0.7862923955 0.798837703 0.7092925341 0.714915349 0.8672214861 0
0.7410914377 0.7394634967 0.7425554096 0.5564368805 0.5522310642 0.5434981107 0.7857273843 0.5381307654 0.6137933264 0.6192399481 0.5566061593 0.5541147808 0.7766763528 0.6844362972 0.5578135004 0.5353280835 0.5378262103 0.529498388 0.5268794687 0.5229863174 0.5141858769 0.5223223319 0.8204598381 0.8163214202 0.5440634191 0.5887497739 0.5976291287 0.5945072894 0.5968508059 0.6043631588 0.8221684164 0.8277261142 0.8375558273 0.8621321367 0.8534822059 0 0 0.8828153845 0 0.7300103194 0.6807415953 0.7370231167 0.8509051142 0.8585276472 0.7519047014 0.7473914502 0.744147383 0.6460117588 0.7402557281 0.6505942794 0 0 0 0 0.696314802 0.6686146585 0.8194804239 0.5984349219 0 0 0 0 0 0 0.7547522858 0.7520612997 0.7551305435 0.7599197493 0.8723151091 0.8749715209 0 0.8737332248 0.6345354474 0.7871538523 0.7892263269 0.7945064313 0.653684447 0.871367164 0.5917461821 0.7011816175 0
0.7716751239 0.7353580876 0.7379416622 0.5775893444 0.6379567849 0.6384711331 0.6221900485 0.6155731695 0.6099716571 0.8157160665 0.616593199 0.9220996261 0.789939519 0.7697006056 0.5575881969 0.540133315 0.5323484841 0.5346986925 0.5250056861 0.5195898256 0.5181067622 0.5145242444 0.5374737406 0.8177111102 0.5467593777 0.8676089543 0.6040928394 0.594186871 0.5983995995 0.599711925 0.6032089971 0.8240145515 0.568078845 0.7389873389 0.8591649599 0.8592866019 0 0 0.7356342152 0.7322917923 0.7296816388 0.5848906135 0.7433045154 0.8333178869 0.7516068622 0.7431584944 0.6488448442 0.642297811 0.6433345512 0 0 0 0 0.5498530277 0 0.6927421018 0.823268237 0.8167344361 0.829157139 0.6417761128 0 0 0 0 0 0.7494300006 0.7556780166 0.8759026737 0.8694564676 0.8687550648 0 0 0.8804929939 0.8200929092 0.5534391955 0.5607703105 0.5427493398 0.8082983715 0.6243497036 0.6225289602 0.6916492256
0.8890816043 0.740423194 0.8852167883 0.6383796533 0.6354294975 0.6291527392 0.7665789592 0.612366884 0.6328167595 0.609074441 0.9254333868 0.9156539464 0.9133879144 0.9133086865 0.912639986 0.717798556 0.5336722756 0.5297616098 0.5267657075 0.5212656026 0.5201979252 0.5278904211 0.9000045272 0.5406543745 0.5497008845 0.6061538504 0.5985441841 0.6015153844 0.5916947019 0.896124346 0 0.5689499346 0 0 0 0 0 0 0.9041677651 0.7327547426 0.6448207327 0.7366378249 0.5736905553 0 0.8378915275 0 0 0.6458913495 0.6360537584 0 0 0.8687961945 0 0 0 0 0 0.8177679901 0.7557100512 0 0 0 0 0 0 0 0 0.8720688752 0 0.8622146991 0.8702022108 0.8769665523 0.8604922232 0.6801985531 0.551587253 0.5552697478 0 0.7906230193 0.7375083924 0.622649905 0.5994418625
0 0.5352294863 0.7185661363 0.5212910038 0.6318362005 0.635760526 0.62219103 0.6256470405 0.6173397172 0.9079392009 0.9100018592 0.9027903675 0.9126235018 0.9095557962 0.7181049436 0.5393767728 0.5353695971 0.5276875578 0.5270072242 0.5325901361 0.529481771 0.5318887081 0.5335544605 0.8901238445 0.6501705303 0.6076309719 0.5992770285 0.5959409185 0.5926471485 0.5969722073 0.6103317538 0.6070940204 0.8894830784 0 0 0 0 0 0 0 0 0 0 0 0 0 0 0 0 0.6370930703 0 0 0 0 0 0 0 0 0.5163369399 0.7469730725 0 0 0.8157628483 0 0 0 0 0.5094925585 0.8622552662 0.862050009 0.8701022823 0.8548659798 0.8508252847 0.5027197032 0.5551799323 0.5398865129 0.5340734372 0.5274021126 0.5199413132 0.7321644957 0.6269693909
0 0 0 0 0 0.6283925015 0.6445128203 0.6243690444 0 0 0 0 0 0 0.9189728755 0.7987514928 0.7929857031 0.5315977181 0.533764262 0.5327933003 0.5443396192 0.5327957405 0.8890307051 0.6279132725 0.6254602444 0.6345538586 0.6368061304 0.5963387649 0.6549142582 0.6006830833 0.6043991635 0.5279403185 0 0 0 0 0 0 0 0 0 0 0 0 0 0 0 0 0 0 0.8561227208 0 0 0 0 0 0 0 0.5178260891 0 0.8049340518 0.8123579637 0.8077747359 0.8094812782 0 0.7573966709 0 0 0 0.8548788415 0.8477263522 0.8502353996 0.8546693813 0 0 0 0 0.5293890821 0.7867014629 0.8853516802 0
0 0 0 0 0 0.645772912 0.8854763419 0.8885959034 0 0.8829212795 0 0 0.8988635737 0.5584725473 0.9147351772 0.9285695988 0.7547587855 0.7865107991 0.7947904123 0.8166362358 0.6810039119 0.5363705841 0.5351552967 0.6326739011 0.624750875 0.6276941339 0.616940695 0.8446436733 0.6024241519 0.6280427847 0.6789246804 0.5179960141 0 0 0 0 0 0 0 0 0 0 0 0 0 0 0 0 0 0 0 0 0 0 0 0 0 0 0 0.5100282135 0.5101948561 0.7260810538 0.5356027549 0.7247505228 0.6680434964 0.6583699102 0.651565957 0.8558972791 0.8467945162 0.8464346414 0.8479739076 0.8544872314 0.8552602536 0 0 0 0 0 0 0 0
0 0 0 0 0 0 0 0 0 0.8791290972 0.887476602 0.8911136577 0.9083889289 0.9008934234 0.9080918212 0.9297922111 0.7927871603 0.794356067 0.8396009801 0.6862096689 0.5412401236 0.7694860665 0.762508984 0.634039769 0.6264676491 0.6273464744 0.8366295617 0.7985879934 0.7989816088 0.7248679086 0.6861919854 0 0 0 0 0 0 0 0 0 0 0 0 0 0 0 0 0 0 0 0 0 0 0 0 0 0 0 0 0.7630288421 0.7178240477 0 0 0.8780734094 0.8732181819 0.8760479054 0.875037146 0.8397146797 0.8374235499 0.8529115153 0 0.8482715328 0.879489961 0.8820712166 0.8963101381 0 0 0 0 0 0
0 0 0 0 0 0.6043718757 0.8736847692 0 0 0 0 0.89632581 0.8985193339 0.8989193808 0.8511908371 0.855809119 0.840087994 0.8409292981 0.6836549549 0.874434203 0.7725410214 0.7630464181 0.5247510466 0.6354593084 0.637575593 0.6518718107 0.7947900191 0.8390825161 0.7900645636 0.79484545 0 0 0 0 0 0 0 0 0 0 0 0 0 0 0 0 0 0 0 0 0 0 0 0 0 0 0 0 0.8578499857 0 0 0 0 0.872515478 0.8733675881 0.8670545405 0.8721436605 0.8406063355 0.8383269966 0.8399175368 0.8423812012 0.8488996965 0.8543343827 0 0 0.6981590136 0 0 0 0 0.7021631349
0 0 0 0 0 0 0.6128662715 0.8775131543 0 0 0 0.6000287109 0.5973476865 0.9044394448 0.9020439875 0.8811480514 0.8451274576 0.6404630772 0.8638190106 0.8594065222 0.6424720066 0.5313767536 0.5355285977 0.5371005094 0.6388256254 0.7220726213 0.6594062751 0.7873883819 0.7892330543 0 0 0 0 0 0 0 0 0 0 0 0 0 0 0 0 0 0 0 0 0 0 0 0 0 0 0 0.6613796375 0 0 0.5022856866 0 0.5843404611 0.5030892933 0.8028510817 0.8722671115 0.8716919873 0.8744290886 0.8425815565 0.843547946 0.8449404643 0 0.8475980972 0.8508375336 0.8920365692 0 0 0 0 0.6911733218 0.7001409885 0.7052894046
0 0 0 0 0 0 0 0 0.8804485182 0.8820520246 0 0.8100456981 0.5945665401 0.592697777 0.5145592666 0.8752257929 0.8945842538 0.8525003541 0.8577545898 0.5960993946 0.7396183507 0.7403972747 0.5302654587 0.8336884191 0.8970393453 0.8450095057 0.5544990714 0.8614902684 0.8763474153 0.8638848035 0 0 0 0 0 0 0 0 0 0 0 0 0 0 0 0 0 0 0 0 0 0 0 0 0 0 0 0.7350110699 0 0 0 0 0 0 0.8597785851 0.8753433166 0.8477252761 0.542769356 0.8974057456 0.6593575081 0.8773672322 0.890834316 0.5928891384 0.5812943764 0 0.6928957614 0 0.6826123711 0.6882695459 0 0.7132157771
0 0 0 0 0 0 0 0 0.5781923698 0.5869659839 0.5788894311 0.8028800642 0.8045640238 0.7607634873 0.5131183115 0.689171812 0.6193721001 0.8518268636 0.6788201791 0.6770104828 0.6775244818 0.738864427 0 0.8321321324 0.8339843482 0.7185552947 0.5533217554 0.712118205 0.8612760335 0.756085922 0.7449166862 0 0 0 0 0 0 0 0 0 0 0 0 0 0 0 0 0 0 0 0 0 0 0 0 0 0 0 0.7254502591 0 0.7129671362 0 0.6608710998 0 0 0.8509953556 0.7239222887 0.7671644226 0.6528001486 0.8744610326 0.8809568352 0.5802759289 0.5789615339 0.5859842496 0.5887886688 0 0 0.694724693 0 0.6982027164 0.6958024502
0 0 0 0 0 0 0 0 0.8337809616 0.577223294 0.8053617299 0.8117246855 0.6120003011 0.9013762846 0.8998423022 0.8566470702 0.6915069164 0.6842954911 0.6784358053 0.6696208569 0.6787006711 0.7407891732 0 0.8301888444 0.8371514154 0.8410308383 0.8425510219 0.848183223 0.5801173005 0 0.7461813728 0 0 0 0 0 0 0 0 0 0 0 0 0 0 0 0 0 0 0 0 0 0 0 0 0 0 0 0 0 0.7274832898 0 0 0.8672731569 0.8583121989 0.7170336988 0.7245843444 0.7430045581 0.8800356201 0.8748407667 0.8721133013 0.5866783415 0.5824451818 0.5829343104 0.8331623744 0 0 0 0 0 0.517600066
0 0 0 0 0 0 0 0 0 0.5580551576 0.6508451195 0.8144905164 0.9053488269 0.9000800288 0.594760033 0.6368088556 0.6325690585 0.6817392165 0.6788402749 0.6795987005 0 0.837615579 0.8319467101 0 0 0 0 0 0 0 0 0 0 0 0 0 0 0 0 0 0 0 0 0 0 0 0 0 0 0 0 0 0 0 0 0 0 0 0 0 0.7976860232 0.6143202707 0 0 0.6137073687 0.6204249751 0.6285492351 0.5973334371 0.8777619226 0.8775469778 0.5909351965 0.8757274494 0.5913126929 0.7717341754 0.5665986626 0 0.5388251936 0 0 0.5193275565 0.6595610982
0 0 0 0 0 0 0 0 0 0.6445686886 0.6500933837 0.6507900352 0.9089647334 0.5921325849 0.5988335769 0.627973297 0.6317158058 0.6357850762 0.6883754298 0.8581907185 0.8392193051 0.8326146464 0 0 0 0 0 0 0 0 0 0 0 0 0 0 0 0 0 0 0 0 0 0 0 0 0 0 0 0 0 0 0 0 0 0 0 0 0 0 0 0.5582562862 0.5655434608 0.6195020355 0.6095556603 0.6330626498 0.6286470666 0.5931332607 0.6960203161 0.7975233031 0.8814968992 0.8905366983 0.8589676764 0.8535906308 0.6995470857 0.7273965356 0.5353631427 0.5352555188 0.5330275746 0.8279102043 0.8027424707
0 0 0 0 0 0 0 0 0 0 0.6342448973 0.5961999168 0.7817298139 0.5957648113 0 0.6347020887 0 0 0.646483754 0.6901675534 0.774263823 0.8399316529 0 0 0 0 0 0 0 0 0 0 0 0 0 0 0 0 0 0 0 0 0 0 0 0 0 0 0 0 0 0 0 0 0 0 0 0 0.728554205 0 0 0 0.5578436019 0.5372654623 0.6141651892 0.6080461807 0.6012131245 0.5987881652 0.596991183 0.6498888388 0.7971891224 0.7380168443 0.6451482611 0.6437216435 0.7237692088 0.5267346684 0.5295614222 0.5274184574 0.5320917863 0.5183879933 0.5193912614
0 0 0 0 0 0 0 0 0 0 0.8291575788 0.8282503194 0.5841838853 0.6541005737 0.5464129726 0 0 0.6368191847 0.6435548208 0.8176946546 0.8233036869 0.8169697559 0 0 0 0 0 0 0 0 0 0 0 0 0 0 0 0 0 0 0 0 0 0 0 0 0 0 0 0 0 0 0 0 0 0 0 0 0 0.5917028543 0 0 0.5628613353 0.6512481904 0.7517465645 0.6013791779 0.5997070449 0.6031086224 0.5950940959 0 0.7307734526 0.7997837073 0.6415806355 0.6433305227 0.8425141199 0.5160128637 0.5225584791 0.5158227172 0.6418483742 0.5109541619 0.82027298
0 0 0 0 0 0 0 0 0 0 0.7085929057 0 0 0.8385256933 0 0.6308811564 0 0.6370870699 0.6399042753 0.8240234264 0.8162949726 0 0 0 0 0 0 0 0 0 0 0 0 0 0 0 0 0 0 0 0 0 0 0 0 0 0 0 0 0 0 0 0 0 0 0 0 0 0.5065985927 0 0.5715698377 0 0.7214383724 0.7477456345 0.6097053057 0.6105511486 0.6077854191 0.6030082509 0.6041242226 0.7364789314 0.7354692632 0.7402087783 0.6745717793 0.6462193181 0.5243220256 0.8668327918 0.5158168372 0.512656599 0.5102531856 0.5152148517 0.9010840801
