landscape/hab_quality/256/simulation_000070_p066_h065_HABMAT_patch_more_500pix_modified.asc_ac_0.5_quality.asc
NCOLS 513
NROWS 513
XLLCORNER 0
YLLCORNER 0
CELLSIZE 9.980507
NODATA_VALUE NaN
[rows 465 to 495 of 513, columns 138 to 206 of 513]
0.8953230876 0.5213821904 0.771162123 0.6196378637 0.5131727197 0.8303812875 0.5113663374 0.5167304857 0.5132279238 0.7894713326 0.784980876 0.637061488 0.6366145388 0.6422520916 0.64103837 0.64736835 0.8725305343 0.6588404923 0.8417369234 0.806340695 0.799611909 0.8674455697 0.890173375 0.8874449886 0.8914759683 0.8618578382 0.7100367473 0.648491174 0.6350632595 0.6338427298 0.6392384154 0.6456063596 0.5096498876 0.7482495392 0.756338052 0.8038087082 0.8017419174 0.7982870699 0.5225090946 0.5982610893 0.8579371133 0.8587888683 0.8542051701 0.8559224244 0.8591601085 0.7613131879 0.760681994 0.5881369059 0.5847049706 0.586044958 0.8529497274 0.5908345412 0.5171779091 0.8308978375 0.8237961603 0.7172744698 0.8138538153 0.5283099286 0.5209335384 0.5663077592 0.7834319764 0.603093848 0.5693642262 0.5430598157 0.5435715807 0.6534286658 0.8554259212 0.7521063916 0.7449549109
0.9003193967 0.7673661693 0.7633564436 0.7644653278 0.7031687187 0.514757288 0.8520130866 0.8508105788 0.7349452499 0.6368236845 0.6421388774 0.6411436081 0.6362888705 0.6378721179 0.6353710538 0.6312408955 0.6435941701 0.7178832002 0.6813506171 0.8030115442 0.663823783 0.80763591 0.895048784 0.7964723021 0.7936635972 0.7991887252 0.7151820578 0.624330697 0.6394704067 0.6325064892 0.6403499971 0.6485562901 0.749174173 0.7574968133 0.752487389 0.7996264165 0.7949959422 0 0.8669439766 0.8673135657 0.6607218708 0.8546964064 0.8556197108 0.5499968579 0.8049733207 0.8016348596 0.5482996208 0.5881879214 0.5790534344 0.5872471155 0.5901952733 0.5962869842 0.5525946245 0.5451816526 0.5474556341 0.8247399406 0.8141554918 0.8051664405 0.8084848106 0.8159295314 0.8520571206 0.7400290463 0.5481904333 0.5159829659 0.5119684293 0.879772027 0.7385639315 0.6475390912 0.6381305385
0.9050366456 0.6563686928 0.7732142382 0.6422479962 0.7519965159 0.6940842676 0.8544999359 0.8448120734 0.8509786013 0.6334464815 0.640361692 0.6368696569 0.639042634 0.6350348456 0.6308977692 0.6359438167 0.6432841269 0.6483866152 0.746188285 0.7542760687 0.8396974685 0.8417975931 0.8488624449 0.7912251532 0.7905547789 0.5566949679 0.7379684397 0.6404624092 0.6404252402 0.6370864115 0.6415267081 0.6459911854 0.7049646768 0.724543434 0.6838589403 0.8017152159 0.7955384961 0.8023125497 0.8705942738 0.8641179098 0.8630023509 0.858250325 0.8595123759 0.801019192 0.8031728785 0.7982327406 0.8078058821 0.5849713074 0.5886547155 0.586621213 0.6826855716 0.7308211928 0.669764068 0.5440555583 0.6407262146 0.8652680063 0.8073909929 0.8053707083 0.809350582 0.6897408846 0.7627435582 0.8325128769 0.8611732584 0.5154031958 0.508700353 0.5112968813 0.5063531808 0.5109883966 0.8878626412
0.6575293593 0.6662737955 0.6620278567 0.7931166046 0.694624495 0.5241471905 0.8454089409 0.8528978561 0.850044491 0.6418239525 0.6432573096 0.6481047882 0.6422330201 0.6365923796 0.6272801528 0.6366075195 0.643106094 0.6508562514 0.7453495571 0.7952494704 0.8344778847 0.8391015674 0.8345938224 0.7997144143 0.7997586106 0.7930125758 0.8988863826 0.7239742381 0.6511364595 0.6505356588 0.650001739 0.6416854568 0.5708224147 0.7119201067 0.7188056429 0.715357167 0.5419931884 0.8159311439 0.5356801701 0.7952744358 0.8645078272 0.8654440404 0.7992746915 0.7931082942 0.7945416941 0.8032652257 0.8873303978 0.6435394628 0.8890194216 0.5591001669 0.6318121251 0.6342975129 0.8848958119 0.639616719 0 0.5213409105 0.709868732 0.8142194619 0.8058583906 0.5015305331 0.7701092201 0.7671344717 0.8809323749 0.8533566144 0.5136198934 0.5069568119 0.5028950257 0.5058317079 0.5217711119
0.6533765995 0.8590757427 0.661616255 0.5999218953 0.5247448779 0.625439248 0 0.6200457536 0.523728723 0.646761493 0.7638456032 0.5131336961 0.6394437934 0.6296814673 0.6295284612 0.6367881038 0.6445731974 0.648975588 0.7475927559 0.7480517281 0.8322980939 0.8307543403 0.835419021 0.8394186161 0.901617069 0.8930805078 0.8993425082 0.9075771808 0.6964062184 0.6547845779 0.8240267959 0.5276034344 0.7489039921 0.7197087477 0.7103057953 0.7191338499 0.7231894439 0 0 0.6772595079 0.5110048586 0.87053063 0.7926689549 0.7914618455 0.8000887638 0.794666385 0.8502181631 0.8854534398 0.789978946 0.7907591616 0.787698248 0.6289814711 0.634451982 0.782935378 0 0.7175841838 0.8791532229 0.7145137075 0.8712622782 0.8451307969 0.5347574169 0.8942020497 0.6023109783 0.5281714979 0.5100629767 0.5087684745 0.5040601102 0.5122339438 0.5164934436
0.813629042 0.839601941 0.8817319705 0.6202457002 0.6187759304 0.6254231967 0.6157485771 0.6220017071 0.8512090421 0.8500920443 0.5619644742 0.5987294616 0.6339003476 0.6313625263 0.6344575872 0.8724041566 0.6315457334 0.7567521724 0.7495024595 0.7575838058 0.8400772882 0.8333982251 0.835713288 0.8387303819 0.8996830465 0.9025196818 0.7178096047 0.7617572114 0.7980367318 0.5410388221 0.7324277293 0.740526764 0.7251607614 0.7113217009 0.7167399217 0.7144990482 0 0 0 0 0.6740957336 0.8488002802 0.794704435 0.7956705455 0.7916081432 0.7967489477 0.7188373914 0 0.7823353731 0.7822982991 0.7914608638 0.6329379242 0.6335489312 0.6024568745 0.6034308145 0 0.7107362361 0.7102380131 0.7125544751 0.7192536984 0.5405292381 0.5335237681 0.5377010987 0.518900608 0.511463897 0.5053915903 0.5798414858 0.5071826406 0.6649474667
0.658958816 0.8347318272 0.8335461406 0.627172294 0.6172375129 0.6200577075 0.6201989993 0.6212684874 0.8518354377 0.8443813009 0.8514827601 0.8501058313 0.6635016067 0.6702885368 0.6742458428 0.7700587519 0.8899142435 0.5616393877 0.5923377437 0.8449989752 0.7980472075 0.8403637705 0.6528479985 0.9064528647 0 0 0.9114927208 0.7270896856 0.5497656747 0.7380900424 0.7341952969 0.7391323798 0 0.7175441021 0.7211578442 0 0 0 0 0.7833874362 0.8433406489 0.8513761185 0.7703760957 0.8921122504 0.7950635098 0 0 0 0 0.7913118717 0.7831058106 0.8001284592 0.6063604485 0.6116816605 0.6390499012 0.7116592636 0.7101142428 0.7097991627 0.7182521432 0.5494454524 0.5737192081 0.6530301153 0.6561068421 0.7515018529 0.8951932334 0.5130418943 0.676839279 0.6695866207 0.6585019735
0.600440624 0.8386934072 0.8422299844 0.6207780411 0.5332186579 0.5413253103 0.5325712366 0.8508553223 0.8537372758 0.8376658196 0.8440953479 0.8447683756 0.6730813776 0.6671713571 0.6680834399 0.5928506409 0.7682728235 0.5871489592 0.5917680634 0.6453273877 0.8271892634 0.610521596 0.6269707879 0.6020430339 0.6206353986 0 0 0.8332519997 0.6700414431 0.7755136261 0.7368096599 0.7150538072 0.6865345284 0 0 0 0 0 0 0.7035904065 0 0 0.5313012287 0.7975149597 0.7985137104 0.6052230169 0 0.5537115095 0 0 0.8009004765 0.8882637054 0.8916512504 0 0.8877224246 0.7120256732 0.7062486982 0.7109172315 0.7168488624 0.6436766962 0.8830881454 0.6472504284 0.6432568321 0.8366899719 0.5200267623 0.5190813172 0.6764811905 0.6705861426 0.6645878594
0.5974466107 0.7210406137 0.6227582393 0.8881262828 0.535295534 0.5323156777 0.5366631673 0.8519728506 0.8498677759 0.838767231 0.8350746787 0.8425009187 0.6770831709 0.6742570567 0.6725176209 0.5823367803 0.5820313845 0.5569146793 0.7074651726 0.7071784221 0.7145033235 0 0 0.569580182 0.8006629738 0.8147427382 0 0.5027021039 0.602607976 0.8808466064 0.6859200603 0.6874179684 0.706118615 0 0 0 0 0 0 0 0 0 0.8045263818 0.5681818832 0.6924832319 0 0.6393270265 0.6459596684 0.6293946997 0.5261340602 0 0 0.8851851867 0.8859840905 0.8787621109 0.7104601316 0.7153342984 0.7109472917 0.7292275125 0.7515049924 0.6386137642 0.6444271149 0.6513912113 0.6721870542 0.528523382 0.525694164 0.6799256365 0.6742929199 0.813911928
0.6026231527 0.6098971612 0.5477800739 0.5459032807 0.5417592481 0.6031771874 0.5341529833 0.8550185674 0.847565257 0.843338735 0.840521733 0.8358022427 0.7763754606 0.6970955679 0.6676346581 0.775627863 0.7777017884 0.6903362641 0.8627762659 0.705978913 0.7112604757 0 0 0.5233316981 0.7510116977 0 0.8197175295 0.5710540993 0.6541934801 0.6908992374 0.6833754196 0.8493093891 0.7117125036 0 0 0 0 0 0 0 0 0.7716002864 0.7693569067 0.711530231 0.7718480367 0 0 0.6468617975 0.8938129844 0 0 0 0.8766986623 0.8773343192 0.8801843702 0.8825399101 0.89488441 0.7185382366 0.7324981488 0.7262265088 0.7310444686 0.644646831 0.6205453258 0.7651660072 0.5323996174 0.5326428227 0.6811373102 0.7259521036 0.7273758372
0.7957772819 0.6081956277 0.5171047418 0.5506907512 0.5427693344 0.6279936862 0.6560555353 0.6580354319 0.8522591934 0.850489874 0.737673933 0.7430409285 0.6954592141 0.6709620639 0.5679165302 0.7818627892 0.7743763425 0.7772832966 0.7153139697 0.713934591 0.7107046253 0.6437549265 0.5171369927 0.5217193418 0.8750247993 0.5447617843 0.6230227028 0.7296844652 0.6494427199 0.6445992629 0.6513030021 0.88816913 0 0 0.8257565037 0 0 0 0 0 0.7735308099 0.7672093545 0.7622163611 0.7629480982 0.837126752 0.8893430343 0.6310980802 0.6562477785 0.7881728172 0.5288049198 0 0 0 0.8810309647 0.8788681899 0.8865274369 0.8885917937 0.8285383801 0.7265829601 0.72478109 0.7347432078 0.6153985708 0.6016180067 0.6366335887 0.6348104932 0.6318541701 0.7388425733 0.7237663336 0.7221557039
0.5308382882 0.8508032937 0.6091923635 0.7727047654 0.6376890479 0.6314033982 0.6243471255 0.6556630651 0.6599670541 0.8549790481 0.8583038104 0.6415178615 0.7538301378 0.8922992037 0.5489378646 0.7826058391 0.7751135013 0.77473176 0.6452163498 0.6399832068 0.5957612654 0.5401191962 0.8884688879 0.5196006337 0.8363479354 0.8816720376 0.7878622483 0.6466033055 0.8013972451 0.6425217981 0.8824414598 0 0.5370026563 0.5770298381 0.795929599 0 0 0 0.8066495083 0.7783724492 0.7721770028 0.7696805299 0.801422523 0.7703657973 0.6126671677 0.5020868404 0 0 0.6171121567 0.5624683128 0.6721864645 0.7505388295 0.7581932839 0 0.8806129828 0.8842755483 0.7243203031 0.8320649903 0.8228180227 0.7309239913 0.7323458014 0.5974238811 0.5965548114 0.623586651 0.6293893314 0.6627511016 0.7363799957 0.7317357294 0.7316219824
0.5281706048 0.5312017514 0.7778635054 0.7762029552 0.6338012214 0.6310587952 0.5806888258 0.665152481 0.6619219567 0.5031999219 0.6687134551 0.6003054433 0.7509406523 0.7505822838 0.7446921508 0.5025157817 0.8636406704 0.8640841767 0.5424215679 0.6435618054 0.5382557911 0.5326344901 0.5315153339 0.5322402565 0.7340980956 0.5321458023 0.5241350775 0 0.6441075591 0.6522728308 0.6429275141 0.5139358154 0.8263128795 0.8258562443 0.8164794362 0 0.8018778076 0.798019306 0.8011050205 0.8882463021 0.7782146837 0.7779888754 0.7745727226 0.7681742475 0.620295339 0 0.6213525684 0.6145302638 0 0.529336347 0 0 0.7602406958 0 0.8096720146 0.6494639106 0.5190225946 0.888178362 0.5664618447 0.567957728 0.5637607303 0.5057533572 0.6248219613 0.6221408246 0 0.6331970195 0.6744061336 0.7384710925 0.7687830876
0.5305152927 0.576332968 0.5844152975 0.5844748709 0.656380499 0.6316136936 0.6404936218 0.7417565544 0.6684881803 0.6654544763 0.7984239833 0.7476881512 0.7449999243 0.7433872541 0.7480814892 0.5555864888 0.8555705615 0.8551487392 0.8648353221 0.5381026539 0.7230046479 0.5319796951 0.5235714303 0.5244287719 0.5330536705 0.5323768384 0.5232636478 0.5252941816 0.8906246723 0.6057178815 0.6075523588 0.8348718334 0.5647953384 0 0.7927699658 0.806711676 0.8033150633 0.6280779243 0.8012141161 0.8084847036 0.784754265 0.7643003531 0.7635334653 0.7611108195 0.8768268505 0 0.6162792913 0.6183212586 0.5220952265 0.5257388903 0.8123976328 0.6406391965 0.7535795862 0.5778110265 0 0.5164714262 0.6440466995 0.6881757429 0.566912886 0.5593370833 0.5620650358 0.5749277227 0.6228020499 0.6254512091 0.6290579765 0.856124552 0.5325015491 0.5878964956 0.7699603308
0.5372522283 0.5849333928 0.5753997058 0.5803955292 0 0.7129050544 0.7561433395 0.5403811031 0.5188611335 0.5137288577 0.7377674745 0.5194725513 0.7476685505 0.7417347648 0.8122015453 0.6952933582 0.8586722489 0.8611297931 0.8577087395 0.541853644 0.5346857314 0.8834370994 0.5255839317 0.5250789241 0.5790673726 0.5742444219 0.7996620505 0.5787375183 0.8389887803 0.5583571576 0.6048090218 0.8371118143 0.8780671682 0 0.8163413419 0.8437502126 0.8420597904 0.846235669 0.8075568999 0.7523790217 0.7499584963 0.7508456251 0.7550257327 0.7593832418 0.7063576002 0.8320502483 0.8100428234 0.5313873413 0.5283664904 0.5301297652 0.7127636721 0 0.8180865686 0 0 0 0.6444277998 0.6379859866 0.6354531496 0.6312957573 0.5675604787 0.5677309848 0.8866062178 0.8598150364 0.8555712982 0.8597714509 0.5404812247 0.6994517786 0.6724575145
0.791933205 0.5794009104 0.5817826625 0 0 0 0.806972312 0.8100408477 0.5123137 0.639819201 0.5113675337 0.5124186395 0.7494697373 0.8822518937 0.7449706167 0.6875770684 0.6856385064 0.6798045867 0.6011934918 0 0.6802671717 0.6770240611 0.8857508558 0.5583805555 0.5559529876 0.5738557206 0.5806765496 0.5764399365 0.590144709 0.5982952469 0.5103180641 0 0 0 0.8975955771 0.8440042805 0.8404439633 0.8425118944 0.5120684562 0.7588259649 0.7539753509 0.7450955486 0.745565905 0 0.7125668879 0.8762134022 0 0.706702219 0.7527167015 0 0.6772121118 0.5706007495 0.799635126 0 0 0.6319858788 0.6319868425 0.6267400464 0.6281520809 0.6359607334 0.5771972201 0.8768531069 0.8873186961 0.8620810412 0.6093811997 0.645194654 0.6855013303 0.5859882146 0.6641376574
0.8555012463 0 0.7143394722 0.8435626303 0.8160779857 0 0.8114253093 0.8021400548 0.8058243958 0.5030935319 0.5071758613 0.8945644465 0.5223063591 0.8908280344 0.8856861556 0.6903331705 0.6796519802 0.6816853351 0.7903250982 0.67720991 0.6755073004 0.6764381407 0.555862523 0.5535017985 0.5502086591 0.5501306436 0.5722879245 0.5807723865 0.580063211 0.7265323103 0.5594902786 0.5127395116 0.6611080869 0.8807240543 0 0.8404453012 0.8488182589 0.8414914362 0.5163249305 0.5080820027 0.7544930303 0.7514295129 0.7500330735 0.7573367238 0.5980735555 0.7424574846 0.7463058007 0 0.7444410302 0.5451614816 0.7478229547 0.6202838309 0.6475610238 0.641011512 0.6448718229 0.6357724599 0.6312616807 0.625349636 0.628624199 0.6361624958 0.5982400428 0.6345844221 0.8815045679 0.6153861777 0.515347129 0.6129066924 0.5854177365 0.5858827005 0.6662227713
0.6821325731 0.6768153371 0.6770764237 0.5207879277 0 0 0.811361604 0.8066759003 0.8025660978 0 0.5774557131 0.5115044369 0.6626602927 0.8982989125 0.8996147352 0.6841250558 0.6886136859 0.6889670208 0.8249197399 0.6785476824 0.6824066058 0.6795792226 0.5574455037 0.5541118887 0.5505289733 0.5786766245 0.573613412 0.7426530218 0.5592085108 0.5674603997 0.5463254311 0.5438888978 0.8777910236 0.8829487308 0.8830399814 0.7600278641 0.7689689955 0.8514821119 0.5161242646 0.7778711451 0.7794521883 0.7750446812 0.7197694417 0 0.7239711241 0.7384352986 0.7335170466 0.7377428707 0.7357730266 0.7429674266 0 0 0 0.6407851506 0.6388057886 0.6334279005 0.6277493267 0.6340537224 0.6281158123 0.6307160591 0.7996087562 0.7009977666 0.6987212644 0.7047166094 0.5738795497 0.6071048984 0.8976404934 0.8974545006 0.8930717218
0.6835873615 0.6748812319 0.6806794415 0.5222855409 0 0 0 0.8122790894 0.8136542335 0.5849438775 0.5831889944 0.5842335163 0.5711360109 0.8105842358 0 0.7569517613 0.5747883722 0.5700047527 0.6695628527 0.6825606717 0.6838242082 0.688131627 0.5816137008 0.5571479093 0.554249512 0.5603594941 0.5981020742 0.7465393388 0.6277981364 0.7744955356 0.5445096897 0.8804229552 0.8809362489 0.8797929788 0 0 0.7616184919 0.8303234147 0.8577296988 0.772909667 0.7724512429 0.7789751797 0.7204776256 0.7188722948 0 0 0.7311850761 0.7299348842 0 0 0 0 0 0 0 0.6406939188 0.8689108105 0.5557447775 0.6332440602 0.6363753429 0.7006468009 0.6911278666 0.8849683578 0.878110652 0.8816787802 0.5416593556 0.8936088677 0.8930555917 0
0.6755359588 0.6764015692 0.6769919577 0.5171037008 0.8047697367 0.814159046 0.6491154948 0 0.5387286353 0.5538593988 0.5582789898 0.552178957 0.7284325426 0.7455255478 0.8199188331 0.5701342829 0.5668404834 0.5887027707 0.6733666373 0.5938400914 0.7566436206 0.6001554631 0.5826565319 0.5757830161 0.5697718162 0 0 0.8357901817 0 0.6638505372 0.892615758 0.8892725397 0.889315568 0.8816873505 0.5181280029 0.6408786152 0.6457742141 0.6436278909 0.6457792775 0.7817302687 0.7783246697 0.7202402692 0 0.7259375376 0 0.7025125148 0 0.7337306822 0.7377816862 0.5228541289 0 0 0 0 0.8784720167 0.5748813973 0.6355044612 0.8428736192 0.7066628089 0.6368394873 0.6949796638 0.8805028651 0.8795100365 0.875808152 0 0.8850566672 0 0 0
0.7595266027 0.8938869138 0.6820422421 0.6338400976 0.7643633275 0.5621345956 0.57663669 0.5322672754 0 0.5256838726 0.5503227973 0.5561196476 0.7455667408 0.7402405114 0 0.5691916653 0.7117809368 0.5719916813 0.5800191398 0.5944669043 0.5923295113 0.6003811152 0.5813345298 0.7365282869 0.8665522264 0.8640085441 0 0.5811007055 0.5713175105 0.6406469968 0.5948356409 0.8754598136 0.5884930264 0.5889985499 0.6416034923 0.6392241194 0.6435061699 0.6404333126 0.6485432827 0.6582225708 0.6596119222 0.6806102248 0 0.528641213 0.5887550715 0 0.6998313523 0.7071696975 0 0.8233152637 0 0 0 0 0 0.8434949268 0.84216908 0.8389285912 0.8450794013 0.8816287835 0.8809900484 0.87550465 0.8731656792 0.8765009433 0.5864210545 0 0 0 0
0.8152790884 0.6669950522 0.5903593406 0.7670814763 0.5551566253 0.5528998655 0.5785132874 0.5688073628 0.5256836338 0.5319352947 0.5564779583 0.7181940275 0.8939039413 0.8511681195 0.8516872361 0.8076002759 0.5687186992 0.896469971 0.770621156 0.6017424945 0.6018451966 0 0.8232957194 0.8724088451 0.8639784291 0.8718564463 0.6900492794 0.7952078265 0 0.7784224096 0.5024871636 0.5790671934 0 0.5832302759 0.5767348312 0.6705156164 0.6376326614 0.6734095569 0.6489901671 0.6498160822 0.5849361348 0.5366487847 0.5357774756 0.568827702 0.533255075 0 0 0.5793868134 0 0 0 0 0 0 0.6188207105 0.575451851 0.8432157549 0.8358598813 0.8449058283 0.8839268637 0.7695024721 0.8781470787 0.8809049287 0 0 0 0 0 0
0.8302361456 0.8224560611 0.811708373 0 0.8171949346 0.519086465 0 0.5353699377 0.5323824877 0.5355388916 0.5600056605 0.6740925712 0.8517514225 0.844522419 0.8440351269 0 0.8511966001 0.8499442399 0 0.6497900904 0.7422272476 0.8465465911 0 0.8735223039 0.8705810719 0.8677918976 0.7945107989 0.7913709129 0 0.7755929735 0.8829392193 0 0.5709715176 0.5688626404 0.5785491931 0.6772021814 0.670447508 0.673826451 0.6760552005 0.5849740445 0.7158106118 0.6513743777 0.6152096004 0.6169661561 0.6134727836 0.6684685692 0.841019902 0.5127582205 0 0 0 0 0 0.6771959679 0.5820836006 0.8440948422 0.8411725034 0.8367274471 0.83789695 0.8848840837 0.8890470544 0.6904293561 0.8871277053 0.7989497606 0.8035552302 0 0 0 0.6120271964
0.8228550608 0.822247892 0.8154904347 0.8085759426 0.8137406195 0.8269179911 0 0.6726426966 0.6677900704 0.6130439268 0.5658485332 0.8563523298 0.8516546522 0.8428148517 0.8398115802 0.8453922924 0.8473225742 0.8748283855 0.8314032849 0.5139263519 0.8024910435 0.5615261074 0 0.7197662726 0.7724471347 0 0.7887125929 0.7886516386 0.8410716314 0 0.7801179939 0 0.5709691784 0.5727773459 0.5785742637 0.6783087064 0.6786227586 0.6727856814 0.6761209864 0.6766994347 0.5441455339 0.5514138412 0.6244531869 0.616888129 0.6927630453 0.6100775714 0.7082593472 0 0.655361897 0 0 0 0 0 0 0.8508495305 0.849863679 0.5767622716 0 0.8490626821 0.8900568931 0.7018117588 0.8868335261 0.6304202508 0.8068489603 0 0 0 0
0.6764513824 0 0 0.7810371363 0.8095653867 0.5288062546 0 0.6703821272 0.6659257215 0.5698133601 0.564780883 0.5714931076 0.8456643621 0.8426471421 0.8391649062 0.8446420152 0.8530220936 0.5145600325 0.5098359229 0.5101925932 0.5533236947 0 0 0 0.7145340444 0.7839347104 0.7799765028 0.5825678078 0.7977214597 0.5735161345 0 0 0.5729600946 0.5748568318 0.8002487033 0.6562827686 0.6809328934 0.6739542875 0.6750082505 0.6825412839 0.5503731817 0.6584998802 0.859981905 0.5738762831 0.8558168639 0.6705894627 0.7321998786 0.6584065869 0.6226040941 0.6580303041 0 0 0 0 0 0 0.5768767827 0.5672594159 0 0 0 0.7445000136 0 0.6969037652 0.6061194592 0 0 0 0
0.5731518454 0 0.7649933327 0.7957219525 0.5530945812 0.6170961792 0.652841581 0.6666018204 0.5966864096 0.5624486976 0.5674942117 0.8448627386 0.5657363839 0.842982206 0.8428146259 0.848176764 0 0.5078854102 0 0.7712985694 0.5606727099 0.553277605 0 0 0.7284641296 0.538292844 0.56223985 0.5580899422 0.5665380743 0 0.8215917488 0.8705279376 0 0 0 0.7638268954 0.8551071942 0.677515303 0.6768138966 0.6805309004 0.8368651831 0.8646948829 0.8586839858 0.8574410309 0.8561556607 0.71374339 0.7229735126 0.6101201171 0 0.7824624254 0 0 0 0 0 0.6762112383 0.6760528217 0.6635612594 0 0.7400226247 0.7362964853 0 0.5453215534 0.8115931284 0.8014471289 0 0.5634825904 0.6409922291 0.645525851
0.5802909639 0.5709131089 0 0.8259462511 0 0 0 0 0 0.5660628322 0.5665155057 0 0 0 0 0.5048682755 0.8881043579 0.5095173081 0.5926497825 0.5107554857 0 0.5598822798 0.5593990136 0.7232004971 0.8514553805 0.859825208 0.5595854696 0.5570634908 0.5666663189 0.813115753 0 0.8934005785 0 0 0 0.6724065303 0.6818235678 0.6847401612 0.6793573639 0.6866326047 0.6899991213 0.6616909205 0.8531389258 0.8507232066 0 0 0.6046304232 0.8146090329 0 0 0.5026777152 0 0 0 0.5338564274 0 0 0 0 0.7401088932 0 0.5961862374 0.5990195627 0.5962980961 0.8102065233 0.800277058 0.8040083194 0.6374116431 0.6418461719
0.5717249757 0.6180159585 0 0.7083920911 0 0 0 0 0 0 0 0 0 0 0 0.8945599129 0.5420298415 0.5498512874 0.5459698346 0.5095355995 0.5154049083 0 0 0.7205303557 0.8100251816 0.8091486856 0 0 0.5669914109 0.6210263273 0.6195459566 0.8086788086 0 0 0 0.6701115782 0.6644290087 0.6741635154 0.5441576472 0.7990700475 0.713826519 0.7436351723 0.8598484942 0.8600806513 0.8545564006 0 0.7818254927 0.7828022542 0 0.6939125304 0 0 0 0 0 0.712489007 0 0 0.6626704901 0.6646163528 0 0.6027168996 0.5955749733 0 0.8852968527 0.8018369942 0.8028895861 0.6377172055 0.6394554242
0.7837480198 0.6188961145 0 0 0 0.7386815475 0 0 0 0 0 0 0 0 0.7777958678 0.5430328741 0.5481148399 0.5407604637 0.547559776 0.5183060891 0.5724135837 0 0 0.7989767737 0.8021890713 0 0 0 0.6849889731 0.6555527883 0.7445644494 0.6614258218 0.648390752 0.6689565587 0.6766784971 0.6700392921 0.8772011254 0.6691916281 0.8769117272 0.861532255 0.8669024512 0.8649152339 0.8610398471 0.8680100445 0 0.8349051083 0 0.774031409 0 0.6694833638 0 0 0 0 0.7059987184 0 0 0 0.6593843056 0 0 0.5991461042 0.5994508607 0.6050787692 0.8057356068 0.8075928325 0.8022654538 0.6861678801 0.8796148718
0.8609596764 0.543315932 0.6110875609 0.6079300823 0.603525379 0.6080526304 0 0.7552963695 0 0 0 0 0 0 0 0.5390626683 0.5398849537 0.5444170535 0.7084221866 0.7949735337 0.7988361694 0.7892475263 0.7921637364 0.7932007218 0 0 0 0 0.633796608 0 0.6625395227 0.7981094589 0.6478307238 0.6560067834 0.673165519 0.8857371722 0.8829585474 0.886309025 0.7784239054 0.8642733306 0.8589630883 0.8591647717 0.8463491217 0.5222142342 0.5398576433 0 0 0 0 0 0 0 0 0 0 0 0 0 0 0 0 0.870784819 0.6510342359 0.6032474374 0.7294948581 0.6507421071 0.6436187556 0.6462430131 0.6175268907
0.5109544612 0.8667470736 0.536260731 0.6041325321 0.5984124061 0 0.6084456581 0.6197824015 0 0 0 0.73935463 0.670706117 0 0 0.5446866971 0.5349338135 0.7072454506 0.7073908976 0.8033611117 0.7946203405 0.7931119575 0.7861923585 0.7879261001 0.7943645644 0 0.8889865582 0 0 0.6644703462 0 0.6536313242 0.6209327539 0.6521072756 0 0.8815881892 0.5883833221 0.5180345376 0.8852415427 0.8637164629 0.8670143675 0.8612611108 0.6953460545 0.6959801652 0.713670871 0 0 0 0 0 0 0 0 0 0 0 0 0 0 0 0 0.7038572812 0.6115876236 0.6041997599 0.8053548984 0.6496239138 0.8543979133 0.6450510632 0.6121642739
