landscape/hab_quality/256/simulation_000092_p046_h034_HABMAT_patch_more_500pix_modified.asc_ac_0.5_quality.asc
NCOLS 513
NROWS 513
XLLCORNER 0
YLLCORNER 0
CELLSIZE 9.980507
NODATA_VALUE NaN
[rows 96 to 127 of 513, columns 365 to 437 of 513]
0 0 0 0.56772349 0.6738428135 0 0 0 0 0 0 0 0 0 0 0 0 0 0 0 0.6680720243 0.6957509851 0.8792406603 0.8756151899 0 0.8874716988 0.8885258843 0 0 0 0 0 0 0 0 0 0 0 0.8066327042 0 0 0.7067224637 0.7893485656 0 0 0 0 0.8326995613 0.6024657138 0.6365820209 0.6304148779 0.6236504744 0.6286410267 0.6334733905 0.6675202941 0.7489127055 0.7455930083 0.7799681451 0 0 0 0 0 0.7809101468 0.7866088835 0.7947261669 0.8744576627 0 0.907586044 0.7669524769 0.8910023139 0.898913647 0
0 0 0 0 0 0 0 0 0 0 0 0 0 0 0 0 0 0 0 0.6691998191 0 0 0.881523453 0.8820166083 0.8840263109 0.8892383934 0 0 0 0 0 0 0 0 0 0 0.5170364567 0 0.8871917874 0.8967461648 0.6534601892 0 0 0.7883394192 0 0 0 0 0 0.6236011544 0.6235935336 0.6211434736 0.6272062605 0.7446530901 0.7487625146 0.7425547093 0 0.8758007782 0.6567963875 0 0.5734379318 0.5703529258 0.7460737199 0.8924634958 0 0.5562936938 0.5506382711 0.8657367459 0.5600685274 0.8929120687 0.8947190739 0.895332749 0.7603547335
0 0.5417253226 0.6693554705 0 0.8000103953 0 0 0 0 0 0 0 0 0 0 0 0 0 0.8781703982 0.8721101773 0.5675015981 0.7194577312 0.7318720955 0 0.8025395553 0 0.5807057399 0.8070393392 0 0 0 0 0 0 0 0.679894407 0.8781759145 0.881804513 0.8964628985 0.644429363 0.7947001511 0 0.7725974336 0 0 0 0 0 0 0.6180932572 0.6180227077 0.6234715219 0.7249136625 0.6452706469 0.7425353614 0.7515680574 0.7464896882 0.6485905529 0.656950251 0.7605105523 0 0 0.577851145 0 0 0 0.5498216797 0.5564453271 0.7680323452 0.6010423464 0.7377531714 0.5391848098 0.5307864646
0.6721187895 0.6659588521 0.8556583477 0.7842907461 0.7911371563 0 0 0 0 0 0 0 0 0 0 0 0 0 0 0.5622465893 0.6217167474 0.7251867225 0 0 0 0 0 0 0 0 0 0.8008666793 0 0.7798111085 0 0 0 0 0.6494826381 0.6509328638 0 0.534840927 0 0.5377174627 0.5373643409 0 0.7804752169 0.7721558553 0.7715492727 0.7684779267 0.7796725089 0.7176847823 0.747374383 0.7415176698 0.7421182395 0.7514124279 0.581923089 0.7478473488 0.5841959233 0.8504650102 0.8003132828 0.7927449863 0.7877397642 0.7957606032 0 0.7873030991 0.7961024761 0.5167208339 0.5196273334 0.525124531 0.5272289019 0.526781876 0.5340389421
0.6747558715 0.6699934689 0.670822723 0.7860885277 0.7853227874 0.7901993066 0 0 0 0 0 0 0 0 0 0 0 0 0 0.8824563879 0.5636440921 0.7348014353 0.8226039582 0 0 0 0 0 0 0 0 0 0.8614144397 0.6274892624 0.7393756467 0.7641087679 0.7353579195 0.897831536 0 0.7284620327 0.7320879913 0.7261634747 0.5454853195 0 0.5353086985 0.5355358909 0.776716606 0.776744495 0.7667757928 0.7732456783 0 0 0 0.7401668752 0.747823931 0.5776826821 0.5787289256 0.7459407684 0.7351821427 0.7431827396 0.8446246211 0.7955654219 0.7875662355 0 0 0.5144518665 0.515008511 0 0.5126017805 0.5157389117 0.5210419276 0.8227310814 0.5320169365
0.8259022789 0 0 0 0 0.5298740785 0.6176413058 0.5257989201 0.7147991547 0.7859722676 0 0 0 0 0 0 0 0 0 0 0 0 0 0.8074698235 0 0 0 0 0 0 0 0 0 0 0.740017839 0.7306164864 0.7779316961 0.735831403 0.8919961971 0.7223987184 0.7246484485 0.732197473 0.6981388161 0.5362480435 0.5422379427 0.5367336475 0.6440852089 0.8592874771 0.7738710802 0.7720388612 0.7790275243 0.7861802243 0 0.7441346441 0.7500292514 0.7497508332 0.5787209695 0 0.7398907039 0.7347873469 0.7961798517 0.791272107 0.7880368173 0.5093550358 0.5067238479 0.5116718005 0.507344915 0.5079396889 0.5125090273 0.6378514313 0 0 0.7578855603
0.8172856423 0 0 0 0 0.5498944803 0.5239176845 0.5154314358 0 0.7774626586 0.7854941149 0 0 0 0 0 0 0 0 0 0 0 0.8059055302 0.8073649053 0 0 0 0 0 0 0 0 0 0.5457392455 0.730827472 0.7304375652 0.730368411 0.7270846442 0.7270415404 0.7222073587 0.723817663 0.7277660155 0.7264257475 0.7252208798 0.7232867621 0.6157819063 0.6424556417 0.6378202194 0.6458665257 0.6653121843 0.7453821697 0 0 0.7502859343 0.7503434769 0.6920071336 0.5807076323 0.745373942 0.736520875 0.8788278358 0.8699910999 0.8925323473 0.7948890595 0.5089588479 0 0.5019946355 0 0.5116511303 0 0.5137958392 0.7622892306 0.7531320096 0
0.8234540192 0.8248491212 0 0.5967813213 0 0.6446861719 0.7479463506 0.5317297936 0.8051861709 0.8016804906 0.8017974649 0 0 0 0 0 0 0 0 0 0 0 0 0.7987234345 0 0 0 0 0 0 0.6212852815 0.7017085993 0 0.7083521725 0.7875056953 0.7308811199 0.7356031207 0.7288928311 0.7224535902 0.72227813 0 0.7307913377 0.7122183747 0.7188337026 0.7151305536 0.6545409287 0.6454600496 0.6470804376 0.6441499471 0.6643860019 0.6691957068 0 0 0.7596562281 0.7541190777 0.6295304661 0.8536531052 0.8339470853 0.552721857 0.6637844351 0.6569948575 0.6596173862 0.6557701825 0.5147029522 0 0 0.5046804994 0.8923456719 0.5207721856 0.5183810059 0.7577095741 0.754926187 0.7628863023
0.8286380864 0.7131853582 0.7048057102 0.7196144157 0.7115173407 0.7158948051 0.7168226207 0.7245456092 0.8037437879 0.8004746347 0.8008744283 0 0 0 0.5860688359 0 0 0 0 0 0 0 0 0.7895446863 0.7918139841 0.8001684634 0.8104706532 0 0.7715153117 0 0.6918977988 0 0 0.7074416785 0.5245964892 0.8139488255 0.7327826411 0.732394783 0 0.7269249243 0 0.7143190239 0.7046893151 0.7116156031 0.7116818753 0.7193768116 0.6543364558 0.6510013521 0.6562981089 0.6587810465 0 0.6132317559 0 0.6959374788 0.5565856433 0.7695365323 0 0.5644311508 0.8295197411 0.6621033687 0.6585984129 0.6527108899 0.6510535521 0.648991452 0.644350847 0.8189137464 0.557964696 0.5603620598 0.5618092956 0.5647366176 0.6361585526 0.7950750129 0.7878087682
0.643717578 0 0.7038413229 0.7087770969 0.7107319235 0.6736738507 0 0 0 0 0 0.8525279737 0 0.5833454844 0 0 0 0 0.8601220557 0 0 0.6113443779 0.7895986346 0.7946530674 0.7982800958 0.8015371353 0.8073106443 0.8175875904 0.8338026455 0 0.6803261338 0.684020914 0 0.7607461689 0.690215579 0.7993416233 0.7017478812 0.698721374 0.5827511183 0.5779628217 0.5798098109 0 0.705364346 0.7031912699 0.7061938208 0.7108220562 0.7185852871 0.6615154663 0.6613543177 0 0 0 0.89785907 0 0 0.8314248116 0.7011848653 0.5641807903 0.5569821296 0.7816676491 0.6577158933 0.7328694788 0.6461733091 0.6416802345 0.8306928608 0.5588361196 0.5578324921 0.5587432009 0.558301273 0.5626047 0.5656076546 0.7921936337 0.7904585472
0.653027297 0.7104545035 0.7092714272 0.7011127593 0.7073238853 0.6667145188 0.6634932881 0 0 0 0 0.6987368703 0.6775377532 0.5862503041 0 0 0 0 0.8684717234 0 0.6136918302 0.7929414148 0 0.799809813 0 0.5956684538 0.8112822556 0.8309249958 0.6624990462 0.6623214758 0 0.6798765969 0.7547304366 0.6505250286 0.8085210122 0.6930080418 0.6955328858 0.692264211 0.5812412822 0.5857182634 0.5784173297 0 0.7074972043 0.712696144 0.7030638509 0.7067094265 0.7129823505 0.6653766945 0.6658467979 0 0 0.720886052 0 0.5772684238 0 0.706751409 0 0.5573389966 0.5637095093 0.7815843159 0.7733636201 0.7701197799 0.6427094683 0.645156417 0.6474333357 0.5651582962 0.5556121533 0.5532519946 0.555364205 0.5678119356 0.8531344774 0.8586283134 0.854475686
0.7702668316 0.6240054791 0.7050906051 0.7020046387 0.704218526 0.6694854382 0.6744554036 0 0.5489606029 0.5035642597 0.5061982746 0.7270949007 0.7292055281 0 0.591476031 0.5543531776 0 0 0 0.7291171431 0 0.6929454285 0.6860344224 0 0.7928430478 0.7987163599 0.7990449436 0.6633954596 0.6552664303 0.6573708787 0.6717344982 0.7546502462 0.7629623584 0.608628596 0.6345601312 0.6928116177 0.6892419212 0.6918577065 0.6926003701 0.5788775098 0.5806147965 0.5838140603 0.58612414 0.7106619422 0.7090366676 0 0 0 0.5554646232 0.5473550511 0 0.7228061542 0.7922446219 0.5843769411 0.7229237933 0 0 0.8392683553 0.8812044387 0.7759467507 0.7789968266 0.7746880948 0.770314674 0.6501459242 0 0 0.559154618 0.5599872754 0.561036795 0.8580129467 0.8523004583 0.8497752541 0.8587537939
0.7647714611 0.7626305918 0.7087949089 0.7036299166 0.7021282801 0.672649251 0.6770544419 0.6806707778 0.5618636754 0.7374675495 0.7299958389 0.7346637723 0 0.6463794722 0.7303557356 0.6458252998 0.5500468646 0 0 0 0 0 0.6856233038 0.7962702448 0.7852784907 0.7833830667 0.7892190023 0.662829636 0.8366648116 0.7933914772 0.6742310297 0.6806147386 0.7617465136 0.7711388684 0.7127302405 0.6961512813 0.6969686211 0.6884916673 0.6945381515 0.8110901486 0.5919535378 0.5891000924 0.5908203669 0.7133588636 0.7141048816 0.7122667559 0 0 0.5301714676 0 0 0.8139297956 0.8677871835 0.8675179034 0.9050938858 0.8976306266 0 0.5150981166 0 0.7781477689 0.5910141331 0.5914529549 0.5977012466 0.6598312643 0 0 0.5680237847 0.5627751351 0.565930154 0.8588479576 0.8529041167 0.8275600359 0.5868060603
0.5502722455 0.8256540712 0.7711137049 0.7104178756 0.6244677958 0 0.6785544252 0.6717883691 0.8583571236 0.7316440082 0.8188911034 0.6535554971 0.6347536195 0.6394447286 0.6379259153 0 0.5574109978 0 0 0 0 0.692707675 0.6876626759 0.6918375378 0.7798114058 0.7832741439 0.782093475 0.7675594824 0.5740114612 0.57410962 0.8821912418 0.6818827773 0.6858078071 0.7993208984 0.6648735442 0.7065464553 0.6935255975 0.6921267837 0.6909123937 0.8176427334 0.8410739953 0.6758874426 0.5940361002 0.8335249124 0.6421557745 0.8203393368 0.8627158491 0.5332715674 0.5381603423 0.6589909146 0.6666155058 0.8517084366 0.8529924731 0.8583121959 0.9024716514 0.8967129859 0.897352942 0.9034366015 0.5896604025 0.5939891678 0.5966473176 0.5890650186 0 0.6658963781 0 0 0.7265801325 0.896430061 0.5660981537 0.5524498232 0.8306430284 0.8258746602 0.8245694753
0.8549778762 0.8498017078 0.8533807585 0.7764365174 0.8047899657 0.8920108101 0.7946403515 0.5202309654 0.826314054 0 0 0.5560609677 0.6414432601 0.6331550536 0.6319247797 0.9022870859 0.9011917331 0.9049898973 0 0 0.6165613608 0.6896087446 0.6932421922 0.6942700841 0.7848195582 0.7751149039 0.780322511 0.78017746 0.605533939 0.5756714276 0.8261870784 0.6629849559 0.5665375156 0.5663463715 0.5664182251 0.5614630977 0.5666060895 0.6989413616 0.7247192937 0.7242414741 0.7210152884 0.6984469564 0.6975131032 0.8262174193 0.6045927613 0.8143184133 0.8164390502 0.716637988 0.7161568188 0.7139804113 0.6614248628 0.85106525 0.8499186989 0.8439090568 0.9043516645 0.9039261771 0.9017828997 0.9023712111 0.5807972765 0.6001342025 0.5917748571 0.5896489754 0.5984688514 0 0.8468157703 0 0.5544925877 0.8902322624 0 0.8425284714 0.8326144868 0.8425928795 0.8202611856
0 0.8478376696 0.8463929794 0.8449612376 0.746084212 0.7072877891 0.5593679535 0.5595822719 0.5616699896 0.8291785157 0.8653117996 0.5576529938 0.6308424001 0.6344782289 0.6290682007 0.8989075107 0.8973584753 0.8963168372 0.5679455561 0.6977481668 0.6961689086 0.6646299189 0.5069331666 0.7928620786 0.7810285659 0.7757321731 0.778936829 0.7847167824 0.6403917935 0.6415760867 0 0.6261559854 0.8733151369 0.5657058075 0.557355305 0.5578380325 0.5605284446 0 0.7145329445 0.7168617322 0.7155581976 0.7449193685 0.6232664411 0.6250232037 0.8174091688 0.8137978378 0.8150826378 0.8280153228 0.7119342749 0.7196380676 0.6333487837 0.6282777584 0.8986923906 0.84179935 0.907325251 0.911181884 0.90964938 0.6216315163 0.6127261914 0.595992562 0.5986774295 0.594475236 0 0.7351524094 0 0 0 0 0 0 0.6581059634 0 0.8244280592
0 0.5197435442 0.8396998088 0.8482337522 0.6904148288 0.6942753612 0.6451513825 0.5586445262 0.5619108177 0.6994128772 0.6979109936 0.6408330268 0 0.6273995442 0.6306445763 0.9047947094 0 0 0.6883064558 0.692263684 0.6935467987 0.5705025725 0.560740695 0.5640427567 0.5615661681 0.7844506188 0.7796288334 0 0.7460664811 0.635295673 0.8743785599 0.867786281 0.8711885364 0.5559846901 0.5565778436 0.5523364111 0.7249519717 0.7213603346 0.714718423 0.7095128055 0.7118879798 0.8079242576 0.6260602523 0.6165581431 0.8180391125 0.8199366096 0.8234865933 0.7211229412 0.7120276327 0.7184104152 0.8972710549 0.8933053013 0.8978345941 0.8360505624 0.650338497 0.6137788596 0.6203612633 0.6123161 0.6163626442 0.6227920212 0.8499162005 0.5991417539 0.7253052749 0.8790383536 0 0 0 0 0 0 0 0.6513560475 0
0.5293106663 0.8451415084 0.8434718159 0.8486292076 0.6875653885 0.5529220922 0.5662949929 0.5683765403 0.5659025767 0.5806075744 0.6900648833 0.6358787006 0.6332853568 0 0.637113419 0.6845639906 0 0.6854925604 0.6916488635 0 0.6941077794 0.57382375 0.5641243546 0.5593036703 0.5589660588 0.5620490751 0.7829957698 0.7837237151 0.6377293109 0.6273370015 0.6271008505 0.6289094131 0.6250915073 0 0.5480293983 0.5510437861 0.544449676 0.7178812504 0.7190163297 0.712948209 0.7116226596 0.6350958256 0.5241615426 0.6217981568 0.7679892995 0 0.7327920416 0.5553955645 0.7476822795 0.7204566813 0.8970577725 0.8890461987 0.8952146626 0.8363096275 0 0.6195845772 0.6116834327 0.6145753028 0 0 0.6013136383 0.5994439941 0.607776765 0.8960483165 0 0.8609374166 0 0.8736040473 0 0 0.8853968056 0.6578138569 0.6535655088
0.6377155258 0.6583738787 0.5836204674 0 0.6943106265 0.6876003155 0.5721311177 0.57137721 0.688312947 0.6842475547 0.6823027944 0.6384145056 0 0 0 0 0.6782281762 0 0.6882706206 0.5706605858 0.5655476071 0.5640676721 0.5598337636 0.5520521781 0.5533253977 0.5494518342 0.5534998047 0.8314243518 0.6325748266 0.6297712517 0 0.622852613 0 0.5459600556 0.5417822403 0.5416450832 0.5467244986 0.7262461439 0.7236414147 0.7236282895 0.7244639321 0.5440389887 0.6256357859 0.6278406556 0.6249469606 0.7659875865 0.860968981 0.7735509043 0.6140457161 0.9058462832 0.8987672117 0.6076990183 0 0.7970722155 0 0.6208951271 0.8985405235 0.6164282052 0 0 0.6091754799 0.6004795996 0 0 0 0 0.8439728818 0.8665703041 0 0.8652921857 0.5493055362 0 0.7257238129
0.6392444993 0.7406709396 0.7992638678 0.7924404524 0.785679174 0.5859641309 0.6125084559 0 0.5660446429 0.6804996933 0 0.7543398433 0.7592345582 0.7922258589 0.8503586202 0.6847325124 0.6807653112 0.6828797678 0.5388937968 0.7376134934 0 0.7407127647 0.5604229379 0.5501005177 0.5437499608 0 0.5504356491 0 0.7808202236 0.5608546027 0.6230008066 0.6263026467 0.6236476758 0.5384929857 0.5366398577 0.54028266 0.551038193 0.8645933393 0.8570470731 0 0.5324177301 0.5367167739 0.8835703122 0.6309156598 0.699406596 0.7733172803 0.7638888845 0 0.7687938984 0.7667569114 0.6933445962 0.8615414088 0.7390269744 0 0 0.9014066433 0 0.9013095878 0.8841670727 0 0.833197346 0.8288503017 0 0 0.7075119443 0 0.868415471 0.8005614137 0.8672528892 0 0.5254086807 0 0.7177056273
0.7864003098 0.7792125376 0.7817336252 0.7848569799 0.7831584933 0.6513614013 0.876545424 0.8435262127 0.6808865808 0.6901699731 0 0 0.8653272168 0.852700316 0 0.8502420814 0.5527289768 0.5330775733 0.8398001254 0.8710606013 0 0 0.7813456222 0.5516480354 0.5420107047 0.54173622 0.5467107791 0 0.5546027295 0.8757048736 0.8727574791 0.6431192594 0.6273513114 0.5447661159 0.5405798621 0.5395159503 0.862955141 0.8728766826 0.8269923252 0.5272276659 0.5285437694 0.5346599527 0.5431181298 0.6140816306 0.8711047715 0.869548813 0.549409524 0.7690815925 0.790505424 0.7646838274 0 0 0 0 0 0 0 0 0 0.7079023062 0.6002862767 0.5457802319 0.572045312 0.7820871588 0 0.5236794139 0.5175617332 0.5202437784 0.5214166862 0.8764714667 0.7519950692 0 0
0.7833143847 0.7779508841 0.7836680376 0.7778931184 0.7792616115 0.8100524024 0.8360368997 0.8343045992 0.8472445029 0.6518315583 0.6502014258 0.6514121809 0.5931063947 0.5944201884 0.8537406828 0.850996292 0.8539711667 0.8396908366 0.8472868241 0.5823774906 0 0.83438026 0.8309825812 0.5508374054 0.6735388794 0.542165091 0.5477580732 0.5542814836 0.5585525836 0.8407719581 0.8684808069 0 0.6064234022 0.5414465533 0.5469621799 0.5460000715 0.5426153899 0.8641191099 0.5298892916 0.5305641587 0.536564402 0.5312963031 0.5425780395 0.6998953319 0.8720851718 0.8686446566 0.873161934 0.6410420052 0.7664030235 0 0 0 0 0 0 0 0 0 0 0 0 0.6502924382 0 0 0 0.7496132104 0.7479821711 0.7426929497 0.695776615 0 0.7600653017 0.751885932 0
0.787055964 0.7799012595 0.7767855917 0.7790442854 0.7845071536 0.8318168287 0.8359052377 0.8314637683 0.8364094818 0.569301878 0.6460638893 0.8169197283 0.5976465335 0.5886811273 0.5974959935 0.8548727816 0.8587893975 0.8328624356 0.8385214376 0.8349545485 0 0.8326785831 0 0.5589647257 0.5504230591 0.5482506278 0.544470983 0.5534400225 0.5581645194 0.8706205611 0.8782962984 0.8784791655 0.5112595977 0.7549050814 0.8219758784 0.8696452188 0.517767844 0.7091485527 0.7011739577 0.7001731743 0.6989171277 0.6946264164 0.6918274672 0.6973619775 0.6999663793 0.8733245624 0 0.6131566114 0 0 0 0 0 0 0 0 0 0 0 0 0 0 0.7340860506 0 0.730703141 0.744154941 0.7404190963 0.7480368199 0.6704578965 0.6669005054 0.7537533272 0.7576372692 0.7581375571
0.7692688592 0.5282476446 0.5258097566 0.5296304746 0.5113609755 0.8315643908 0.8298146038 0.8359977518 0.5867490697 0.7739417376 0.6453031079 0.5944198944 0.5902636701 0.5944228433 0.592914661 0.6513154535 0.8365307572 0 0.8325662548 0.8280982756 0.8285306151 0.6610129338 0.8699809792 0 0 0.5567284132 0.5656970558 0.6056540141 0.8769749947 0.8744344427 0.8740581253 0.8755842508 0.5080921283 0.5151941357 0.5731554322 0.569608924 0.8230802729 0.7029115905 0.8041163216 0.6984322059 0.691958499 0.6915315892 0.6911861971 0.6962970692 0.5412640015 0 0.5260276001 0 0 0 0 0 0 0 0 0 0 0 0 0.5524830729 0 0.7361730197 0.7946291461 0 0.675332645 0 0.743558892 0 0 0 0.6608215886 0.6520767966 0
0.8607029142 0.7633484361 0.5255710772 0.5297767205 0 0 0.839296709 0.8381740666 0.6954085071 0.8485372954 0.7680100258 0.767124703 0.5853589435 0.590614274 0.6441328985 0.6438350261 0.7681155266 0.8438220587 0.8171864514 0.8226010424 0.81799105 0.8242368029 0 0.8714808611 0 0.6109758176 0.6149870593 0.609153828 0.6054031581 0.6016581876 0.6072377021 0.8834334418 0.5090300885 0.7831119593 0.5671478883 0.576437906 0.558628089 0.8104580097 0.8851518404 0.5166504524 0.6943880058 0.6955374142 0.6864037253 0.6902267238 0.6971623627 0.5304701575 0 0 0 0 0 0 0 0 0 0 0 0 0 0.6730605163 0 0 0 0 0 0 0 0 0 0.7810442477 0 0 0
0.8010650884 0.5289811093 0.6490339035 0.7131036324 0 0.7140395702 0.7209761172 0.689909821 0.6995446993 0.7692701837 0.7648065282 0.7599992509 0.764587656 0.7645337494 0.6363068679 0.7271399856 0.6447243801 0.8237485535 0.8230179689 0.8147451654 0.8230840362 0.8275510981 0.5819596982 0.8903723759 0.6119196348 0.8567703205 0.6065980046 0.6130595756 0.609210261 0.6100239476 0.6104202846 0.576464425 0 0.5944876526 0.5887945081 0.5943037483 0.61908705 0.7896526758 0.7896532754 0.7809201309 0.7855254859 0.695824815 0.6872318776 0.5111612841 0.7093072542 0.5998975809 0 0 0 0 0 0 0 0 0 0 0 0 0 0 0.8789449536 0 0 0 0.5800771925 0 0 0 0.7594547411 0 0 0 0
0.8758027054 0.502837863 0.7192727361 0 0.7077868615 0.7148446314 0 0.7648729525 0.6224045104 0.6093691925 0 0 0.7641002167 0.7740943248 0.6325785418 0.6950267967 0.6369874293 0.645991994 0.8167333055 0 0 0.8251714939 0.8254163701 0.7956678073 0.6187918872 0.6116516871 0.8482637602 0.6065104335 0.6155745348 0 0 0.8883978625 0 0.601434437 0.5935666096 0.5850003677 0.5934651732 0.6330964768 0.7798793542 0.7791721206 0.7789598327 0.7868430273 0.7959061892 0.6716948645 0.6632039842 0.6694006675 0.7606444358 0 0 0 0 0 0 0 0 0 0 0 0 0.6101286575 0 0 0 0 0 0.6458690954 0 0 0 0 0 0 0
0.8656384305 0.5144496773 0.7220330918 0.7097030748 0 0.7078186461 0.6746916845 0.7637450853 0.7484983465 0.7497481213 0 0 0.766957915 0 0.6397475805 0.6350039658 0.6386382113 0.6437730369 0.6464369 0.5760574615 0 0.8305973626 0.6587886387 0.7832878045 0.6155413345 0.725249629 0.6029717519 0.6054879736 0.6067992939 0.6488612451 0.8874056114 0.8916775419 0.6070088915 0.6024372571 0.5937774166 0.5852079274 0.5906491116 0 0.7728680345 0.7714377329 0.7801503981 0.788013751 0.792228944 0.8026151998 0.6563301889 0.6609269357 0.6592717758 0.7600760458 0 0 0 0 0 0 0 0 0 0 0.8259746726 0 0.6018964219 0.7628786027 0 0 0.7616411535 0.7549131582 0 0 0 0 0 0 0
0.619223714 0.7560864629 0.516052576 0 0.5761971024 0.6762377815 0.6691655398 0.6728001805 0 0 0 0 0.8975410057 0.8152339429 0.6432479031 0.6431104217 0.6392353633 0.6455479913 0.6550421052 0.5673017331 0 0.6032704952 0.7786418678 0.7778799285 0.7292208269 0.6063590323 0.6106884205 0.6082346409 0.6514759313 0.6447235752 0.6447631596 0.8929263944 0.6247080795 0 0 0.873630082 0.5940256631 0.8258636672 0.7800987063 0.77916027 0.7780321726 0.7886884805 0.788117085 0.794761534 0.6567873358 0.6561865982 0.6569571391 0 0 0 0 0 0 0 0 0 0 0 0.8267441578 0.6238849418 0 0.5127161181 0 0.7902219399 0.5893899848 0.7230291252 0 0 0 0 0 0 0
0.7950240946 0.8773051506 0.8045342344 0 0.6819321205 0.6770516952 0.6768827692 0 0 0.7648057323 0.7698341238 0.7233968741 0.7190308992 0 0 0 0.6547546351 0.6521036536 0.6537763438 0.5411505322 0.8379284421 0.6569803165 0.7817787034 0.781523571 0.7821288513 0.5877988718 0.6156537066 0.6137859511 0.6447435017 0.6440666111 0.6327404192 0.6194912638 0.6209131315 0.6180673095 0.6776937522 0.695941824 0.8226170193 0.8267803408 0.8209525573 0.8275401686 0.7877056834 0.6198619945 0.7364824348 0 0.6609833425 0.6576528102 0.6640161339 0.5253617625 0 0 0 0 0 0 0 0 0 0 0.7182420615 0 0 0.5053956552 0 0 0 0.7202339186 0 0 0 0 0 0 0
0.790910386 0.5667033042 0 0.7480167437 0 0.615062031 0.6820692094 0.772846824 0.7707996329 0.7627761009 0.6973807181 0.7146263669 0.7173203476 0.711502782 0 0 0 0.660360848 0.7277883822 0.8191483722 0.6566886806 0 0.6008925945 0.8195358216 0.8191173652 0.8206531286 0.6361664303 0.8174216444 0.6417078512 0.6387523662 0.6243634501 0.6232331122 0.6159955002 0.6185371966 0.8285650753 0.7712755711 0.67230338 0.8199730312 0.8219246552 0.8303659866 0.6903956041 0.6923320084 0.6284243717 0.8108219369 0.6645640208 0.6292102564 0 0 0 0 0 0 0 0 0 0 0 0 0 0.8970689227 0.6591281779 0.9014745636 0.886800139 0.8822282143 0.8856611984 0.7262341982 0.7770985639 0.5013819056 0 0.6259303509 0.618402862 0 0
0.7949645898 0.6093976197 0.7511293556 0.5543344395 0.7392663732 0.8454778662 0 0.7685601023 0.7633610956 0.699180176 0.6946273419 0.7194488625 0.7100816248 0.7151534518 0 0.8719697709 0 0 0 0.8122301116 0.6138249346 0.8151887236 0.814984249 0.8116729744 0.8097161573 0.810042846 0.813533838 0 0.6394150193 0.6396072666 0.6319553479 0.6173847787 0.6232201564 0.6180861637 0.6997880526 0.6741022302 0.8262310711 0.8265412347 0.8294886429 0.8341123894 0.8352945841 0.8280324503 0.8470720021 0.6257530108 0.6260728985 0.6824834979 0.5522147862 0 0.7975963056 0.806505076 0.9001518239 0.8943521457 0 0 0 0 0 0 0 0.5865510564 0.8944126543 0.5572620951 0.889353062 0.8508400057 0.8824343845 0 0 0.6738518958 0 0.6271701669 0 0 0
