landscape/hab_quality/256/simulation_000054_p048_h070_HABMAT_patch_more_500pix_modified.asc_ac_0.5_quality.asc
NCOLS 513
NROWS 513
XLLCORNER 0
YLLCORNER 0
CELLSIZE 9.980507
NODATA_VALUE NaN
[rows 30 to 59 of 513, columns 136 to 203 of 513]
0.5755321317 0.5753016802 0 0.6538896269 0.6464421031 0.729683487 0 0 0 0 0 0 0 0 0 0 0 0 0 0 0 0 0 0 0.7044149741 0.5825972213 0.706521842 0.7086359689 0.645910644 0.7114474215 0.8006929059 0.5726154747 0.5748780298 0.7320820104 0.7295728629 0.8006928334 0.8782949108 0.8007574969 0 0 0.872278782 0.5652940615 0.520660217 0.6918549688 0 0 0 0.5955909119 0.5909563863 0.6062137649 0.518489391 0.5165842485 0.8369582004 0.8298580418 0 0.8225604979 0.8201393745 0.8198347945 0 0 0 0 0 0 0 0 0 0
0.5774939421 0.5760486097 0.5776525027 0 0.739298508 0 0 0 0 0 0 0 0 0 0 0 0 0 0 0 0.5464832656 0 0.557742541 0.564127175 0.50719961 0 0.7057414506 0.7011134408 0.7050309659 0.7011726896 0.7087361794 0.8620531421 0.6354555437 0.6256258577 0.7047236488 0.5460879536 0.6686398386 0.6012025222 0.8064312354 0 0 0 0.5187444602 0 0 0.8296503751 0.8231344641 0.6796632458 0.5906226811 0.5152359319 0.5137165118 0.5182882707 0.8314891759 0.835851368 0.8312830154 0.8246714297 0.8298661551 0 0.7811322668 0.5802579834 0 0 0 0 0 0 0 0
0.803442276 0.8358219899 0.5225868405 0.7398909835 0 0.7624987676 0.5842956802 0 0 0 0 0 0 0 0 0 0 0 0 0 0.5500561058 0.5494217508 0.55253638 0.5649251988 0.645428789 0.7034397557 0.7010299419 0.6993868252 0.6952483408 0.6987911715 0.8863754667 0.8885222352 0.7150916395 0.8578786437 0.5937170768 0.8834293674 0.5913685459 0 0 0 0 0 0 0.5180816133 0.8429247791 0.8271715285 0.6937226565 0.5907416244 0.5987232797 0.5903386369 0.5188163566 0.5159035653 0.845514741 0.8380823672 0.6688209453 0.5190198663 0 0.5019100414 0 0 0 0 0 0 0 0 0 0
0.7947264352 0.5115354353 0.7529049457 0.5101866369 0 0.586965645 0.6983753271 0 0 0 0 0 0 0 0 0 0 0 0 0 0 0.5541736801 0.7983877509 0.8034510292 0.8454150187 0.5535398207 0.7086157086 0.6964113253 0.6912984752 0.6980629579 0.8814878191 0.8880158235 0.7134185845 0.8271737712 0.622126997 0.5859278379 0.738033177 0 0 0 0 0 0.5089583332 0 0.7491487185 0.6187610591 0.57630572 0.5809441753 0.5981975568 0.5981548389 0.5966506894 0.8494414096 0 0.7264849688 0.8231166338 0 0 0.8270871542 0.821483709 0 0 0 0 0 0 0 0 0
0.7995759207 0.6950003434 0.524285046 0 0.5813455595 0 0 0 0 0 0 0 0 0 0 0 0 0 0 0 0 0.5704441464 0.7309304016 0.8017196137 0.5571261511 0.5131019022 0.5726703417 0.7012273852 0.5999379588 0.5985696957 0.6031237164 0.7109815438 0.7106759768 0.7105605722 0.5929960899 0.5875367531 0.7425003722 0.737485324 0 0 0 0 0 0.5137244287 0.6677133135 0.6623158894 0.5809686072 0.5736314859 0.8515020937 0.6176212264 0.8455284526 0.590881685 0.825135413 0.8193771371 0.8286985854 0.5743559019 0 0.8191554864 0.8245420663 0.8397689313 0.8474759409 0 0 0 0 0 0 0
0.6942326057 0.6899488879 0 0.5944408754 0 0 0.5846508373 0 0 0 0 0 0 0 0 0 0 0 0 0 0 0.7356804863 0.7313239218 0.7343231095 0.8840044511 0.5785167686 0.8894842491 0.6050063786 0.5980637578 0.5975959996 0.5988535698 0.7095856059 0.707296297 0.7085286974 0.6629883769 0.6024519122 0.7469198133 0 0.7322799178 0.730476183 0 0.7311713813 0 0 0 0.5063560633 0 0.5712438774 0.5753607389 0.8429645143 0.5838602958 0.5840988139 0.8321287278 0.7627773921 0.8213304147 0 0 0 0.8217806572 0.8423483361 0 0 0 0 0 0 0 0
0 0.6987744113 0.5964829385 0 0 0.5845463138 0.7070439211 0.6431093773 0 0 0 0 0 0 0 0 0 0 0.643188683 0.6241692202 0.5872677123 0 0.621651321 0.6141908835 0.6070259318 0.614211758 0.7856217639 0.5996147237 0 0.6066823942 0.6062712261 0.8264428482 0.7013650578 0.7068855924 0.7008464256 0.7112070322 0.7228640223 0.7223041532 0.7267398009 0.7228466113 0.7255715447 0 0 0 0 0 0 0.5687076746 0.5673839771 0.575084727 0.575545591 0.5097781622 0.6436627747 0.8703396797 0.7973888008 0.7199353247 0 0.8174632585 0.6020143762 0 0 0 0 0 0 0 0 0
0 0 0 0.595718745 0 0.7787577101 0.584663787 0.7422461587 0 0 0 0 0 0 0 0 0 0 0.5745155187 0.5795977558 0.5798649264 0.8144750969 0.6147248701 0.6064135927 0.6046250518 0.6064200848 0.6102611755 0 0 0.6000440894 0.7605931933 0.7106039876 0.7007287033 0.7001806329 0.7064642023 0.7094382463 0.7243306967 0.7222694215 0.717108408 0.7201601862 0 0 0 0 0 0 0 0.5628432331 0.571485277 0.5094683363 0.5094268645 0.5074787868 0.5777734842 0.8986110358 0.8223879717 0.627136264 0.5298309497 0 0 0 0 0 0 0 0 0 0 0
0.8561177855 0 0 0.5118136372 0.6608724353 0.7723758115 0.7774363522 0 0.739273654 0 0 0 0 0 0.8545543751 0.5719631646 0.7529738271 0.7512952139 0.5774770275 0.5704666727 0.5750865218 0.5875693374 0.8207623607 0.6069288949 0.7619481964 0.8667668202 0.6083358755 0.7225723356 0.6805763242 0.6051658493 0.5995273748 0.7029160047 0 0.7058982412 0.7018177031 0.7117545018 0.7249839478 0.7184007278 0.7233629363 0.7239138205 0 0 0 0.7857064409 0.6087255981 0.8920004774 0 0.5685662635 0.5654404676 0.5009390813 0.5067274217 0.5075673476 0.8195614724 0.5558328001 0.6556670121 0.62702477 0.6190329197 0 0 0 0 0 0 0 0 0 0 0
0 0 0 0.76357028 0 0.7765338247 0 0 0 0 0 0 0 0 0 0.6878785497 0.7440826976 0.7468241527 0.5785935096 0 0 0.5769928349 0 0.7894676705 0.7878029576 0.7149365648 0.5538410064 0.6437826018 0.6255970284 0.6015952002 0.6122954345 0.7172917301 0.7101323455 0 0.7137081731 0.706403434 0.8723194121 0.7429835098 0 0.7322030085 0.7564466635 0.7078768508 0 0.7897288097 0.6933153603 0.6983707491 0 0 0 0.5100460767 0.5083963517 0.5100666652 0.7215812727 0.8139113686 0.8141207053 0.809043464 0 0 0 0 0 0 0 0 0 0 0 0
0.8561582154 0.8410366611 0 0 0.7739704519 0.6511408296 0 0.6440775393 0.643914022 0 0 0.6451502999 0.5971960445 0.8389326221 0.6802252714 0.7519518345 0.7548773275 0.763396382 0.6570473382 0 0.5830589846 0.7176405703 0 0.7949926868 0.7859237032 0.7603587466 0.6512274147 0.5406781045 0.7148225426 0.7051492418 0.6249507364 0.719669904 0.5687307909 0 0.7145144865 0 0.8683194809 0.8690946845 0.5232096704 0.757067843 0.8771347973 0.6991914699 0.8777980283 0.8390707888 0 0 0 0 0 0 0.6094584085 0.8165624631 0.8199851166 0.8107409449 0.8061180592 0.6721308529 0 0 0 0 0 0 0 0 0 0 0 0
0 0.8601572311 0 0 0 0.6555674925 0.6412672626 0 0.6346187576 0.6342658543 0 0.6370333807 0.8567570843 0.7585107346 0.7543938106 0.7480811496 0.757611387 0.7630258791 0 0 0 0.7216085568 0.6024270264 0.7107522677 0 0.7957945308 0.6865403547 0.5756428749 0.7134458787 0.7061905174 0.7453434915 0.7703488993 0 0 0 0 0.8709480496 0.8745095289 0.8135321641 0.6049521587 0.8749200145 0.8750264336 0.8753743856 0.5877158994 0.799816601 0.7984991384 0 0 0 0 0 0 0 0.8129573831 0.8050498435 0.807082189 0.7252201426 0.7233022988 0.7266871229 0 0 0 0 0 0 0 0 0
0 0 0 0 0 0.7425244551 0.8329238486 0.6407068264 0.6323787734 0.6351304884 0.6376286535 0.5905074463 0.8568198719 0.7565837009 0.7446771382 0.7498095894 0.7540114861 0.7591294333 0 0 0 0 0.7837636583 0.5671224958 0.6877361427 0 0 0.7583655074 0 0.5268434133 0.528493176 0.739637448 0 0.7425366217 0 0 0.5877522039 0.5951300461 0.5879566189 0.782544459 0.6063189567 0.8702210753 0.8766658479 0.8776234236 0.6998624095 0.793576884 0.7964999151 0 0 0 0 0 0.8183368116 0.81226207 0.8105975932 0.6072022311 0.613970507 0 0.7306976128 0 0 0 0 0 0 0 0 0
0 0 0 0 0 0.734324608 0.7380228354 0.6412660472 0.6501275276 0 0.6322766319 0 0 0.7590524147 0.753476126 0.750678154 0.7593853797 0.7633228547 0 0 0 0 0.5869758023 0.8461458052 0 0 0 0 0 0.5253234706 0.5281158019 0 0.7412408964 0 0 0 0 0.5774679144 0.6868631669 0.5654583617 0.5600060903 0.779948361 0.8678379535 0.8664735838 0.8601083356 0.7915025536 0.7909540027 0 0 0 0 0 0.6832176856 0.8200437336 0.6131001572 0.6130170302 0.6065953489 0 0 0 0 0 0 0 0 0 0 0
0 0 0 0 0 0 0 0.8733128962 0.6262623095 0.6253224092 0.6303485063 0.6353867191 0 0.7633050536 0.7546338247 0.7654225639 0.760078244 0.7616601624 0 0 0 0 0 0 0 0 0 0 0 0.530254737 0.5351264596 0.7458029488 0.6092380125 0 0.7426988147 0 0 0.6169186239 0 0.529631309 0.5686683842 0.8748374794 0.6214722049 0.8593423731 0.8583341237 0.7913143227 0.8007682838 0.5836602155 0 0.749803368 0 0 0.7954894473 0 0 0.614568983 0 0 0 0 0 0 0 0 0 0 0 0
0 0 0 0.8824023672 0.8758894222 0.8601698503 0.8585537869 0.8588417784 0.8656280711 0.8694987998 0.6355579266 0.6393515793 0.6432401898 0.7644491509 0.7552852815 0.7597157784 0.7691088713 0 0 0 0 0 0 0 0 0 0 0 0 0 0.5379998373 0 0.6059250253 0 0.6629108826 0 0 0.7491394438 0 0.822779323 0.5696056326 0.8220977424 0.8689836028 0.8605881716 0.8075522904 0.8011996337 0.8096647253 0 0 0.7474393279 0 0 0 0 0 0.7019411821 0.5564350945 0 0 0 0 0 0 0 0 0 0 0
0.7853762522 0.7887970453 0 0.8596683439 0.8742675523 0.8679179455 0.8565380989 0.8630517896 0.8610390712 0.841595034 0.8697982815 0.6452411989 0.6446432383 0.6470657047 0 0 0.699402637 0 0 0 0 0 0 0 0 0 0 0 0 0 0.5538311864 0 0 0 0 0.6585189703 0.6649542853 0.5374966694 0 0.5643026964 0.5597959799 0.5639119456 0.8220914641 0.8143454553 0.8090175704 0.8087596435 0.805126206 0.8116351993 0 0 0 0 0 0 0 0 0 0 0 0 0 0 0 0 0 0.7766750789 0 0.5376320145
0.7874952727 0.7915080239 0.7969922977 0.8569790931 0.8519601979 0.8587887208 0.8582106655 0.7935413287 0.854339188 0.8632420331 0.8656265952 0.6522634425 0.8426976949 0.8465916112 0 0 0 0 0 0 0 0 0 0 0 0 0 0 0.5489517309 0 0.655826372 0 0.6597609674 0.6603819244 0.6544888948 0.6541293734 0.6653258784 0.5755147333 0.5717832953 0.556261089 0.5579173215 0.5589127202 0.5569078063 0.8128387446 0.699757092 0.706620144 0.7069715315 0 0.8189850818 0 0 0 0 0 0 0 0 0 0 0 0 0 0 0 0 0 0.7859543005 0.5696113891
0.7960915662 0.8010776382 0.7921250541 0 0 0.8647909512 0.861410757 0.8645543987 0.8553007189 0.860787315 0.8682922829 0.8746114447 0.8442610337 0.8405056838 0 0 0 0 0 0 0 0 0 0 0 0 0 0 0.6666146452 0 0.6543481194 0.6505986919 0.6585751279 0.655112521 0.6518325453 0 0.8626202155 0.5740010588 0.56219944 0 0.5494547507 0.5566625198 0.5647922527 0.5743184436 0.7048630845 0.6991479482 0.7035370292 0 0.5499869274 0 0 0 0 0 0 0 0 0 0 0 0 0 0 0 0.6236981647 0.5733520317 0.5717320809 0.565925931
0.5364748165 0.6659924514 0.5704004149 0 0.8740418772 0.8669949887 0.864508931 0.8660195966 0.8638210528 0.8598726735 0.6967115978 0.876181177 0.8418308335 0.8413956336 0.8320123829 0 0 0 0 0 0 0 0 0 0 0 0 0 0 0.6613621774 0.656357355 0.651976756 0.6488261987 0.6504398551 0 0.8563372165 0.8655053051 0 0.5628556396 0.5502012382 0.5520532071 0.5561265603 0.9063441891 0.9082452565 0.7011205765 0.7025888688 0.7032384133 0 0 0 0 0 0 0 0 0 0 0 0 0 0 0 0 0 0.6216917296 0.58028068 0.5715399438 0.5648061754
0.5325040325 0.5303879194 0.567287426 0.7691777892 0.8768938258 0.8731486368 0.8698185564 0.869207307 0.8690496593 0.8742130589 0.5600863729 0.5590338199 0.8352683401 0.8286134062 0.8331502009 0.8287633935 0 0 0 0 0 0 0 0 0 0.8719880564 0 0 0.6615228678 0.8707142361 0.6641092242 0.6577100849 0.6557620676 0.6495996454 0.6517857762 0 0 0.5245812071 0 0.8885042033 0.8930427835 0.8940662768 0.90157447 0.9038369753 0 0.7225700223 0.8638775392 0.8868709483 0 0 0 0 0 0 0 0 0 0 0 0 0 0 0 0 0.6219398369 0 0.5694905337 0.5665912736
0.5298579077 0.5358446774 0.5590385632 0.5604306874 0.5593203292 0.5673202682 0.8760629316 0.8694186384 0.8706933679 0.871518091 0.5709826536 0.5575594293 0.5546867972 0 0.8233082687 0.8268324987 0.8359714454 0 0 0.8083934312 0 0.5340051798 0.5292091775 0 0 0.8814132234 0.8685191963 0.859122736 0.8643688467 0.8702473074 0.6639316676 0.6576053043 0.6655343321 0.661810547 0.6552705937 0.6533863922 0 0.8004309327 0 0.8839066956 0.8855026006 0.8841259354 0.8946205005 0.8952183485 0.8962440173 0.5644869543 0.5663014349 0.8548917249 0 0 0 0 0 0 0 0 0 0 0 0 0 0 0 0 0 0.6077953172 0.6669064533 0.6571952701
0.5328276984 0.5321867929 0.5612820764 0.5528512265 0.561765973 0.5604213172 0.8749051835 0.8720062745 0.869666569 0.8729755988 0.5687181908 0.5641697596 0.5556774438 0.8319557786 0 0.830497268 0 0.7941821594 0.787279736 0.8083533589 0 0.817988497 0 0.5250331883 0 0.5690535757 0.8657261127 0.6540178266 0.8659697952 0.5838656774 0.6594455575 0.6634445788 0.6625529785 0.6657030869 0.6687836145 0.8842988973 0.8821769328 0.8816886143 0.8776483558 0 0.8800777007 0 0.8868997717 0.8836533865 0 0.5622904792 0.8541716589 0.5099287121 0.5120873685 0.5134990775 0.8649820344 0.8964718685 0 0 0 0 0 0 0 0 0 0 0 0 0 0.6713439495 0.6677345895 0.6643938393
0.7358838016 0.8033216021 0.5579215809 0.5595626701 0.5604185118 0.8788077653 0.8766157178 0.8787048351 0.6449296666 0.5754887426 0.5677890538 0.5720684122 0 0 0 0 0 0.825542096 0.8171673532 0.8125914837 0.8088623072 0.5962704042 0 0.8658166725 0 0 0.5636167653 0 0 0.5881915 0.6683059847 0.6019677452 0.6020664308 0 0.6675141955 0.8886320189 0.8796881447 0.8742570081 0.8795882174 0.8739036345 0.8816136012 0 0.8798846866 0.8737604046 0 0 0.7790333783 0.5107149353 0.5091793718 0 0.5202190736 0 0 0 0 0.6007367231 0 0 0 0 0 0 0 0 0 0 0.6707388307 0
0.7376541601 0.8532316713 0.5624007713 0.5650420751 0.8857119013 0.8858674137 0.6385905099 0.6357179028 0.6445243703 0.6927841145 0.8506501577 0.8519867816 0 0.8301200927 0.8288235404 0.8263073685 0.821088098 0 0 0 0.8159848217 0 0 0.7270961007 0 0.5662997092 0 0.7293770725 0 0.7459156435 0.7557492141 0.5937113354 0.5932622669 0 0.5951683694 0.879349333 0.8786364552 0.6442699707 0.8713136151 0.8796740978 0.8760102402 0 0.8745215782 0.8728289742 0.8717985634 0.7589190026 0.8342951464 0.6893392122 0 0.5133751364 0.5239562769 0 0 0.5357536289 0.5057511921 0.5920356212 0.5915709796 0.5916485245 0 0 0.8456783587 0 0 0.6595738869 0.8712897874 0.8615178462 0.8555344484 0
0.7335857415 0.8590183439 0.8496253456 0.8446048034 0.8486719747 0.5725196448 0.6455971106 0.6416592272 0.6861344588 0.6902348897 0.6873144163 0.8451147017 0.8463185839 0.8383548615 0 0 0.8305045182 0.8304928014 0 0 0.5545632035 0.5493780697 0.5570005909 0.8458351553 0 0 0.7315742567 0.7292111414 0 0 0 0 0 0.5910606454 0 0 0.8842492582 0.8770946399 0.8763412286 0.8733789054 0.8748751651 0.8399853456 0.8695202193 0.8648986619 0.8737620202 0.8696715176 0.870477943 0.6731374255 0.6715958056 0.8482554072 0.5134327026 0.771467952 0 0 0 0.5978066038 0.8690992787 0.8378023904 0.8132378028 0 0.7878047943 0.7835942527 0.8778197701 0.8769710486 0 0.8632467771 0.8532621617 0
0.7592571853 0.8374229675 0.8348701278 0.8419483021 0.8363201189 0.835937367 0.6484194068 0.7521909513 0 0.6845550273 0.6914846755 0 0 0 0.5889252886 0 0 0.619907746 0.6163150652 0 0 0.8909025047 0.7637023818 0.8942554077 0 0.7489957681 0.7356994828 0.7246586307 0.7218685905 0 0 0 0 0.5937327221 0.5859518073 0 0 0.8801198298 0.879721759 0.8749112732 0.877571558 0.6176371616 0.8682803713 0.8654523093 0.8672409861 0.8684287487 0.8752406188 0.6644281351 0.6646934243 0.5126391312 0 0.7633571984 0.7668917666 0 0.5989212318 0.7882680909 0.673617268 0.756061369 0.8989016314 0.590862221 0.7826308444 0.7820753894 0.8799539134 0.8866190417 0 0.8591639991 0.8513791166 0.8461514336
0.7560745424 0.8392959977 0.8315046924 0.8321686305 0.8347744703 0.791398118 0.7840779562 0.7839905677 0.6885050294 0.6924105836 0 0.534177579 0.5281393618 0.5363462106 0.5806505061 0.5821238952 0.7763144028 0.614715153 0.7849687882 0 0 0 0 0.6765733528 0.675233893 0.6819388906 0.6336458028 0.7221791998 0.7265934506 0.7258037837 0.6522069025 0 0 0 0.5852555559 0.5881437199 0.5929122367 0.8191237804 0.6192032008 0.6178976147 0.6194142247 0.6155822291 0.867466378 0.867397663 0.8701122852 0.8740055475 0.8715719978 0.53093294 0.5305168396 0.8900302085 0.7086807883 0 0 0 0.5072560768 0 0.8941376071 0.8600878783 0.8843020857 0.5946847289 0.7849895137 0 0 0 0.8419105176 0.7401563438 0.84689527 0.8453073355
0.8483173808 0.8397881601 0.8298904102 0.830635404 0.8312684547 0.7869933518 0.7830762729 0.7847191682 0.7924958214 0.5601770397 0.529760295 0.5278855888 0.5269181413 0.5584224205 0.5675326133 0 0.5820776563 0.6149813158 0.6168514057 0.7217570028 0 0.8307022408 0.8851817746 0.682616491 0.6732658261 0.6713077616 0.5800866389 0.5831619522 0.5766103519 0 0 0 0.5884088032 0.5867528284 0.5873061792 0.5860892944 0.5880430011 0.6190615187 0.6229308058 0.6144806039 0.6145831414 0.6166082341 0.6172460344 0.5828112027 0.8743025316 0.8761101739 0.5319112804 0.5257809566 0.5315961221 0.7015162482 0.6939655496 0.6934706331 0 0 0.795026303 0 0.5445359913 0.7438785541 0.7512183193 0.6646643556 0.6795535202 0 0.6389749453 0.5191556714 0 0 0.8545295907 0.8474141158
0.838264233 0.8315472564 0.8381198315 0.8317721064 0.8389837888 0.8204710799 0.7543265368 0.8416227153 0.7917400123 0.8313091772 0.8336706199 0.5293597804 0.9103244351 0.91415993 0.5581592785 0.5615153427 0.5682638761 0 0 0.7260577342 0.6892399451 0.6180825418 0.5030991802 0 0 0.6685126597 0 0.5742890325 0 0 0.5238961954 0 0 0.5908883385 0.5949334673 0.5891821513 0.5863056478 0.6225869167 0.6141217514 0.6170411968 0.6090604556 0.6176246138 0.8036524809 0.5913564458 0.5908009682 0.8799172694 0.5262125171 0.5340941348 0.5318396206 0.7093154909 0.6921056851 0.6952220191 0.6991613633 0.6473343306 0 0.7149003872 0 0 0.7196234435 0.7216953786 0.6709956443 0.6717540559 0.7401308935 0.553715628 0 0 0.8538468566 0
