landscape/hab_quality/256/simulation_000081_p064_h070_HABMAT_patch_more_500pix_modified.asc_ac_0.5_quality.asc
NCOLS 513
NROWS 513
XLLCORNER 0
YLLCORNER 0
CELLSIZE 9.980507
NODATA_VALUE NaN
[rows 50 to 74 of 513, columns 285 to 341 of 513]
0 0 0 0 0 0 0 0 0 0.5980605716 0.6013226913 0 0.689982736 0 0 0 0.8245213471 0.822406894 0.8218473758 0.7912214604 0.6689145103 0.5770641504 0.5679637599 0.7647948377 0.758875673 0.7614452236 0.7608293675 0.7658515959 0.6638793199 0.8916566315 0.7112953377 0.7505383673 0.6972176458 0.8456623639 0.694503817 0.6890480023 0.5768710931 0.5753839471 0.8419542552 0.7824523798 0.7741787539 0.5784653584 0.5268640586 0.5197763066 0.5133930037 0.508399371 0.5062062971 0.5418154981 0.5421359528 0.5328386044 0.5426940553 0.557064488 0.5566314411 0.5781710905 0.57747479 0.5576041737 0.5572996247
0 0 0 0 0 0 0.5079765092 0.6669913594 0.6007226975 0.6053288792 0 0 0.6881296877 0 0.6851531957 0.680505682 0.8181359118 0.8215389867 0.7822032025 0.7823714118 0.8285136554 0.5741854609 0.5736674469 0.7674840801 0.7576072492 0.7594219449 0.7638804991 0.7670464432 0.7657535538 0.8760737406 0.8880949581 0.8910793123 0.7578714098 0.8957717956 0.8959471637 0.511377733 0.5800774592 0.5849953893 0.8766556452 0.7763715905 0.7759060271 0.7730611845 0.7745459322 0.5198907804 0.5121764446 0.5058404871 0.5137708671 0.5417085718 0.5338883395 0.5423665868 0.5350938097 0.5524749666 0.5542649281 0.6183580446 0.6176936115 0.6178995921 0.5597835975
0 0 0 0 0 0 0 0.5031136003 0.5046515389 0.5757591358 0.6099205205 0.5397410078 0.6806818982 0.68449213 0.6761781419 0.6861291077 0.8168256149 0.8120885764 0.8215005884 0.8004408305 0.8182051918 0.8191728256 0.6400331189 0.7666606092 0.7570777348 0.7543872883 0.757349538 0.7628596068 0.6462214927 0.8952884726 0.8903571094 0.8913840737 0.8860085359 0.8870429016 0.7108106292 0.8863733392 0.5904206442 0.6893159351 0.8780310706 0.777271609 0.7739186988 0.7665059612 0.7670722527 0.5182167237 0.5149222254 0.5094180528 0.7454430392 0.5575830579 0.5501854596 0.5483098164 0.550120378 0.5559739988 0.6529396142 0.6503182894 0.6163132156 0.6181373069 0.8665176183
0 0 0 0 0 0 0 0.8592104321 0 0.8529527813 0.8488931348 0.7700478334 0.6824443844 0.6795232678 0 0.6832172688 0.8112521545 0.8124126083 0.8113045046 0.8054315189 0.8103434327 0.8062529055 0.6384676421 0.6310010259 0.754725046 0.7597270422 0.7588694428 0.7629540311 0.7678383548 0.6903408481 0.9002572783 0.883578397 0.8793707313 0.8786120462 0.8843928378 0.7642547342 0.5757710349 0.5686404369 0.7680115985 0.7793638073 0.7739992221 0.7673167682 0.7747508273 0.5211879625 0.5192621456 0.5997203649 0.6025778544 0.5809707777 0.5557231851 0.5503935946 0.7088807862 0.5831586552 0.8878304443 0.6455418005 0.653442362 0.6219339645 0
0 0 0 0 0 0 0 0.8516575332 0.8481948124 0.8437910123 0.8482175359 0.6810642856 0.6853180454 0.6797580585 0 0.8150801895 0.813361901 0.8088096779 0.8093023863 0.8016394764 0.8007817683 0.8026185305 0.6289750681 0.6343801639 0.7669921109 0.7627619393 0.7621674903 0.7648050611 0.7679211894 0.6380513134 0.8443927765 0.6372580513 0.8778105662 0.8850868215 0.8190887441 0.8917978702 0.6819827953 0.7809710892 0.6686823217 0.8272387684 0.8378543265 0.8378926779 0.8330735253 0.5271712017 0.5224031136 0.5261904597 0.5225232954 0.5310814683 0.5833217941 0.6216074481 0.8263543277 0.7029518878 0.5161473943 0.7527207015 0 0 0
0 0 0 0 0 0 0 0.8466779337 0.8428913158 0.8468967529 0.8487105172 0.7167834792 0.7307346372 0.8163875643 0.8155591865 0.8552138742 0.8177402281 0.8164895982 0.8084934084 0.8018030192 0.809258067 0.8085283847 0.6386125969 0.516023057 0.6372849839 0.7982151441 0.7741598681 0.7652057924 0.7725726831 0.6376823798 0.6337856916 0.6297430418 0.6374932596 0.7824873912 0.8232859537 0.851335264 0.6555294292 0.6540937406 0.6031768408 0.8253468151 0.8255536191 0.8304739662 0.8377840605 0.8338038447 0.533944622 0.5257305199 0.5265357902 0.525559548 0.8288892264 0.577833816 0.8189269236 0.8196075084 0.8683383282 0.8603522625 0.8555621532 0.8596550363 0.8600766575
0 0 0 0 0 0 0 0 0 0 0.8782603102 0.709624335 0.713166735 0.7117761244 0.817343395 0.6800618838 0.8191822971 0.8162945905 0.8071231672 0.8078770239 0.8109916075 0.8194885218 0.8145631622 0.7353871595 0.6331888998 0.8575271044 0.7297820374 0.5478142769 0.7681270941 0.6377649761 0.6384056657 0.734494026 0.637263322 0.8264208081 0.821817397 0.5880427779 0.5707045372 0.7049049487 0.6484119838 0.5070178175 0.820989664 0.8232133825 0.832830582 0.8386180429 0.534505952 0.5275041232 0.5318178486 0.835733125 0.8270599203 0.8205581547 0.5774472958 0.7553764557 0.8788376509 0.8562084694 0.8514992843 0.8513241404 0.8590609045
0 0 0 0 0 0 0 0 0 0.802274246 0.7443998733 0.868548235 0.7073480912 0.5057526411 0.8538215445 0.5046620491 0.5686763722 0.8238273597 0.8087296998 0.819344851 0.7997594358 0.5945026421 0.7269023315 0.7974057316 0.7982139862 0.7238511153 0.7301419244 0.7226131415 0.7607862914 0.8934475538 0.6414531548 0.6390855995 0.598266217 0.8233992331 0.818053007 0.8218032856 0.728805064 0.5874272786 0.5821153808 0.8219429686 0.8235045334 0.8285444008 0.8313701968 0.7412350946 0.7413772349 0.6448843268 0.656697926 0.6507453073 0.6450828807 0.615140904 0.8164358071 0.6973014777 0.8156089339 0.8638102597 0.8501249505 0.850653845 0.859829563
0 0 0 0 0 0 0 0 0 0 0.8210340142 0.7088961414 0.7118592867 0.7121354206 0.8900047331 0.8128760396 0.5778041347 0.5749392522 0.7060429429 0.6001003496 0.8330601093 0.7294019428 0.7340171134 0.7363410018 0.7560649758 0.7547534438 0.7214911944 0.7549232205 0.7535375684 0.6447256859 0.6451178314 0.6174839926 0.5407731458 0.5576477225 0.8257656603 0.8206385924 0.6550736115 0.6241117298 0.7881641643 0.8246759055 0.8297619208 0.6106945293 0.7238944139 0.7316350709 0.7252194472 0.7300485168 0.6509547471 0.649498667 0.6398816376 0.6435574849 0.7689092982 0.8100205944 0.8146920387 0.8353971852 0.8577568411 0.8641879726 0.8651148785
0 0 0 0 0 0 0 0 0 0 0.8456145586 0.7151950299 0.7127227418 0 0.8814236211 0.8830584173 0.7409863226 0.5767225861 0.5775436157 0.5250798894 0.8265831225 0.8236867096 0.8293793957 0.5391466191 0 0 0.7460415295 0.7452232686 0.7439838125 0.7505489664 0.6382603627 0.6821806876 0.6829620488 0.6889323733 0.5624118524 0.6622786035 0.6648153337 0.6206967509 0.6206059223 0.8413238683 0.827947172 0.7315773979 0.72908374 0.7228134292 0.7229756668 0.7285865624 0.6557220195 0.6444190265 0.6395181116 0.6716883547 0.6462689916 0.8156496213 0.8274454622 0.8295868139 0.7164563138 0.7140316068 0.7142552608
0 0 0 0 0 0 0 0 0 0 0 0 0.7868982974 0.7879953976 0.8856109436 0.8446295476 0.6213813117 0.7428970574 0.8637124388 0.5067824578 0.8297474385 0.8294152637 0.6609713068 0 0 0 0.7444224086 0.7423527022 0.7456574892 0.7493660218 0.695365052 0.818897558 0.6811824302 0.681658723 0.5814354177 0.7002841801 0.6518648891 0.6282774089 0.8419193391 0.8329387917 0.833521701 0.7379111057 0.7295314387 0.7239863214 0.7267132785 0.7288085917 0.5630843654 0.6443043983 0.6431821379 0.6383892312 0.8223012456 0.7419887988 0.8240274513 0.8283879893 0.7115017556 0.7081522742 0.7055497188
0 0 0 0 0 0 0 0 0 0 0 0 0 0 0 0 0.6698455735 0 0.8731941331 0.7287774463 0.7253824067 0 0 0.5160062125 0.7156075909 0 0.7407246931 0.7373728395 0.7392504299 0.7463809112 0.7777629917 0.6892494968 0.5239364762 0.6783507825 0.6816857621 0.6780653823 0.6921857837 0.6944996166 0.6825451741 0.8554384817 0.8556842783 0.850776666 0.7316234086 0.6676400252 0.7240505311 0.5592678101 0.5580591472 0.5615349464 0.6893748357 0.6480904456 0.6906557818 0.8339799511 0.5882845914 0.8643041376 0.7022601756 0.702779147 0.698941544
0 0 0 0 0 0 0 0 0 0 0 0 0 0 0 0 0 0.51078792 0.8536505109 0.7296428194 0 0 0 0 0 0.7581554387 0.7415877656 0.7446042791 0.7440754983 0.7487777827 0.8807070623 0.6922996093 0.6844930814 0.6809021843 0.6745272474 0.6807558139 0.6915371469 0.7406914188 0.8576493628 0.8524007976 0.8468450915 0.846094685 0.6754630605 0.6763829024 0.6748805665 0.5597099852 0.563894655 0.5571032967 0.5649434421 0.6879646538 0.6860957295 0.6955597715 0.7299684371 0.7348629956 0.710206875 0.6923445966 0.6978672316
0 0 0 0 0 0 0 0 0 0 0 0 0 0 0 0 0 0.5573047238 0.7211423465 0.76316012 0 0 0 0 0 0.7582488091 0.7521485247 0.748397076 0.7476244359 0.7684812628 0.8833820639 0.6872229689 0.6847794331 0.6801608284 0.676227217 0.6823053408 0.6000854594 0.6937268425 0.737119598 0.8503245809 0.8433225543 0.8417493609 0.8428485337 0.7620189871 0.7989451084 0.7935716515 0.5606678611 0.5663783505 0.676303512 0.6916561442 0.693508841 0.6932743554 0.7287806543 0.7364907292 0.8925465261 0.8853171995 0.8852434599
0 0 0 0 0 0 0 0 0 0 0 0 0 0 0 0 0.6341582206 0.5029006815 0.7299269076 0.5832231476 0.5765192106 0.5665498062 0.7068764508 0 0.769017244 0.7591285574 0.7583306102 0.8148295009 0.7614379085 0.766842009 0.7286435213 0.7080360285 0.6325597373 0.6910885893 0.6852663625 0.689253978 0.6905039879 0.5984048006 0.8712836509 0.8529713217 0.8498405269 0.8424148793 0.8516144736 0.5939031655 0.7980946847 0.7900573702 0.7902996828 0.7871275576 0.6944630989 0.6923102613 0.8807732422 0.7226397066 0.7292578189 0.6033443121 0.8840161971 0.8847744273 0.8881274253
0 0 0 0 0 0 0 0 0 0 0 0 0 0 0 0 0.511435739 0 0.8920817638 0.7920492189 0.7163192246 0.5369772965 0.8471527675 0.7088916554 0.7680719527 0.7609828449 0.8687038833 0.8188867349 0.7292051579 0.7276131041 0.7285140706 0.8968055967 0.5380000144 0.6388551989 0.814629656 0.6014101802 0.5965123313 0.5925536954 0.6379644226 0.8587771146 0.8558296951 0.5978659645 0.5901575924 0.5862287238 0.5875200371 0.7878678887 0.785139843 0.7888964877 0.795853509 0.5913336578 0.7291468889 0.7198264391 0.6740702759 0.7306223236 0.8848231867 0.8796936061 0.8823599625
0 0 0 0 0 0 0 0 0 0 0 0 0 0 0 0 0.8536575745 0 0.8416929012 0.594932496 0.6889968389 0.7215389744 0.7110170137 0.5220011274 0 0.7946097239 0.7995729317 0.8695617456 0.7240960378 0.7231274537 0.7249409703 0.5356811048 0.5375290218 0.5453860679 0.5555674094 0.7856475532 0.595204528 0.5876851147 0.593045579 0.5932316247 0.8632289822 0.5970260951 0.5890638033 0.5852495267 0.5857806556 0.7931453789 0.7843781253 0.6833035811 0 0.7880962433 0.7238027123 0.7264686851 0 0.7314618289 0.8850413155 0.8860289274 0.8833501336
0 0 0 0 0 0 0 0 0 0 0 0 0 0 0 0.6998939318 0.5472580346 0.8756904809 0 0.5501635788 0.7160416997 0.8953097669 0.651850827 0.8083042412 0.8009210403 0.7943755904 0.7950981518 0.867644375 0.7298285541 0.7322529965 0.7259569466 0 0 0 0.5588639549 0.6018095266 0.5973994771 0.5896096638 0.6055065619 0.755858067 0.709505874 0.7033475572 0.5892428341 0.5924261717 0.5906437917 0.7864411127 0.7779287056 0.7815090455 0.6776167183 0.6659028602 0.6580047043 0 0.8239164471 0.814706287 0.8211668391 0.8916018656 0.8840280795
0 0 0 0 0 0 0 0 0 0 0 0 0 0 0 0 0.8737764043 0.7321453262 0.6099554621 0.6095248876 0.7146473452 0.7185575264 0.654238527 0.8064758581 0.7990681948 0.7981901166 0.7980226775 0.8695895701 0.8741694872 0.73223652 0 0 0 0 0 0.647287781 0.8393256548 0.6782453066 0.6991610599 0.6801604583 0.6784762842 0.8934673309 0.6957730635 0.6467716011 0.8898127612 0.6194272943 0.6522983869 0.5823275544 0.8071317414 0.6758988136 0.7109077277 0.5579753507 0.8189083868 0.8142167783 0.8221712284 0.5821852014 0.5936360462
0 0 0 0.5384272379 0 0 0 0 0 0 0 0 0 0 0.5055875475 0.8310490922 0.881085437 0 0 0 0.7188309934 0 0.8955802861 0 0.6425460294 0.7999456641 0.8748341838 0.8757833987 0.8702089446 0.717117919 0 0 0 0 0 0.5336066619 0.7680296915 0.8562490684 0.8570125669 0 0.6743882481 0.6698451251 0.8842088808 0.8865759588 0.5187201181 0.6275511882 0.6176046903 0.8553572199 0.692847545 0.5659087643 0.5712118965 0.6049842178 0.8194934412 0 0.8226543698 0.5929109132 0.7842867642
0 0 0 0.5031375652 0 0 0 0.7170459666 0 0 0.5394535396 0.537961914 0.5410461079 0.5069320346 0 0 0 0 0 0 0 0 0 0 0 0.8824120962 0.8803980841 0 0 0.8795316004 0 0 0 0 0 0.6901292558 0 0.6811696846 0.851468583 0.8541796953 0.8518056965 0.6687950858 0.6724073436 0.888134364 0.5132873323 0.5050258281 0.8820509611 0.888620142 0.6896941705 0.5342999392 0.5975689182 0.8428642584 0.8373132807 0.8457585586 0.5933904809 0.6003589651 0
0 0.5917722017 0.5085611532 0.5057214002 0.8931963238 0 0.8669392601 0 0.8362549189 0 0 0.5463502114 0.6157985461 0.7515241246 0 0 0 0 0 0 0 0 0 0 0 0 0 0.7807637668 0 0.6603401596 0 0 0 0 0 0.6834819349 0.6789478239 0.8309687434 0 0.8496724789 0.8537834931 0.6743788302 0.6725632607 0.5734540947 0.5213033427 0.5048576232 0.8795288935 0.686858113 0.6984766415 0.8340792444 0.8315371806 0.8295588609 0.8332608694 0.7844852147 0.5707578958 0.6296727381 0.5489954071
0 0.5555636391 0.7639585613 0.8113988911 0 0.888599172 0.6258346956 0 0.7925216369 0 0.5746496864 0.5462106623 0.6099445868 0.6033142397 0 0.7358302281 0.8578664206 0 0 0 0 0 0 0 0 0 0 0 0 0.6062591773 0 0 0 0 0 0.6780038943 0.684877771 0.827333587 0.8581966776 0.8502930889 0.8408310948 0.8016231892 0.5844653808 0.5691301315 0.8132273939 0.7453486905 0.5103638799 0.6749529637 0.8761442661 0.8303768066 0.8258236545 0.8273477094 0.5649854494 0.5691241636 0.5697367278 0.8294901808 0.6286043026
0.8381655566 0.7204450402 0.7211519606 0.7173456685 0.7937611626 0.5693027936 0.6017377855 0 0.5928553045 0.7859034361 0.5511657182 0.8043841244 0.799938384 0.5846537893 0.6474792939 0.5845866212 0 0 0 0 0 0 0 0 0 0 0 0 0 0 0 0 0 0 0 0 0.6790309144 0 0.8227631056 0.8275872461 0.7551046624 0.7969350817 0.8030082452 0.8038982441 0.8125355497 0.6713096095 0.663618948 0.6639506941 0.8721940521 0.8781099288 0.8801567144 0.8738486353 0.5705224472 0.5670553022 0.6560550235 0.633598317 0.5949646357
0.8305479685 0.7201154304 0.7218516574 0.7168236155 0 0 0 0.5936027909 0.5852699188 0 0.8006901782 0.5482686681 0.796783814 0.5452204237 0.5794791547 0.5868803908 0 0 0 0 0 0 0 0 0 0 0 0 0 0 0 0 0 0 0.6085309081 0.5729273623 0.5344975637 0.8267108689 0.8254808063 0.8282803217 0.8039489153 0.7995157593 0.7939641151 0.8050478441 0.6791299843 0.6637921773 0.6631189678 0.666323891 0.8262614208 0.7619724463 0.8722289876 0.5601312143 0.5634437295 0.5628918226 0.5725536766 0.8769649375 0.6294756612
