landscape/hab_quality/256/simulation_000069_p054_h066_HABMAT_patch_more_500pix_modified.asc_ac_0.5_quality.asc
NCOLS 513
NROWS 513
XLLCORNER 0
YLLCORNER 0
CELLSIZE 9.980507
NODATA_VALUE NaN
[rows 96 to 127 of 513, columns 144 to 215 of 513]
0 0 0 0 0 0 0 0 0 0 0 0 0 0 0 0 0 0 0 0 0 0 0.5758217916 0.6899879719 0 0 0.5042027169 0 0.6826689522 0.686315432 0.7756093593 0.5494755284 0.633204111 0.6261917755 0.8326477553 0.839295184 0.8876773588 0.5186808347 0 0 0 0.6190145125 0.61964227 0.6280252289 0.5968820357 0.6703223316 0.5610505785 0 0 0.597202258 0.8074700113 0.5910953753 0.5164264424 0.7802247975 0.7514796934 0.7613003149 0.7565175874 0.7578398825 0.7601159833 0.6028206644 0.6007553256 0.607569872 0.898473786 0.644697803 0.5890582661 0.583548039 0.5813820973 0.5773954945 0.7662533014 0.7565064298 0.8729925106 0
0 0 0 0 0 0 0 0 0 0 0 0 0 0 0 0 0 0 0 0 0 0.5772038889 0 0 0 0 0.7811167715 0 0.677344276 0.7714531348 0.6871272678 0.6339112866 0.6360898554 0.6314675157 0.5792785126 0.839661137 0.6927803922 0 0.5744339135 0.6927341921 0.6229479197 0.613425559 0.6212217526 0.6235615201 0.8182155767 0.8186318587 0.8252160792 0.7053492619 0 0 0 0 0.7745773171 0.7732260644 0.7772273475 0.7648138344 0.7573886894 0.7566774855 0.7626438639 0.6026478288 0.6032460274 0.8013800114 0.5341772904 0.6246692313 0.5911917637 0.5819385064 0.5749758874 0.5848909702 0.7571595529 0.7651574728 0.766296826 0.6706788272
0 0 0 0 0 0 0 0 0 0 0 0 0 0 0 0 0 0 0 0 0 0.5251618148 0.544056603 0.5436543029 0.8075744203 0 0 0.6803785736 0.8668493539 0.6823851692 0.6225550436 0.5950560188 0.5932989177 0.586987502 0.5887153097 0.5931222292 0.5149529241 0.5699340757 0.5690789398 0.5728218108 0.7738481249 0.7348920932 0.5127719304 0.8659594253 0.7042777529 0.8160297556 0.8182780673 0.6297494014 0 0 0 0 0.6309090306 0.7680618112 0.7728201717 0.8138988307 0.7634150506 0.7594832355 0.7602367569 0.7939038429 0.6847161321 0.6849032275 0.8806148689 0.5114592882 0.5869708897 0.5780915218 0.5904493896 0.5788875337 0.5796649402 0.7724380453 0.7693387896 0.7692830732
0 0 0 0 0 0 0 0 0 0 0 0 0 0 0 0 0 0 0 0 0 0 0 0.5251215415 0 0 0 0 0.6083072567 0.6183096605 0.6262553868 0.5997656783 0.5910759511 0.5900815954 0.5864469505 0.5947964278 0.5902954469 0.5747337412 0.567587582 0.5703537191 0.5791094033 0 0.7711873779 0.8755111309 0.8428446271 0.8259277898 0.8203578557 0.6225147216 0 0 0.7073445469 0.6611024969 0.6898461258 0.6856257186 0.6871032334 0.5964377428 0.7707535967 0.6851126718 0.6820780228 0.6552537486 0.6784244826 0.6748321899 0.5488823177 0.7538118337 0.8270120724 0.6377340686 0.5873777802 0.5803707184 0.5794187811 0.6383844417 0.7028182546 0.6870178106
0 0 0 0 0 0 0 0 0 0 0 0 0 0 0 0 0 0 0 0 0 0 0 0.8888885046 0.7103681107 0 0.8022145558 0 0.6209291465 0.6210953919 0.6196224755 0.5920329376 0.6273554443 0.5899598627 0.5881397415 0.5834182602 0.5776134631 0.5822783098 0.5758900741 0 0.7203174723 0.6247097384 0.5527362405 0.7656778657 0 0.6153351592 0.6165036669 0.6157100435 0 0.6627663098 0.6603132831 0.665097852 0.6876582902 0.6839730703 0.6860571734 0.6890351276 0.8926315793 0.6874348413 0.6788684237 0.6785576536 0.6746578407 0 0.8473184996 0.8306252107 0.8252238336 0.8094086913 0.8305084475 0.631772635 0.5465865062 0.6825809563 0.899247314 0.7096497535
0 0 0 0 0 0 0 0 0 0 0 0 0 0 0 0 0 0 0 0 0 0 0.6813368617 0.8370731877 0.7131157517 0 0.7980990977 0.7445755273 0.8018295765 0.705086481 0.6300281291 0.7009543965 0.5975527642 0.6993742511 0.700726199 0.5814746405 0.576465917 0.5799670657 0.588202161 0.5786645841 0 0.5904925789 0.5883742845 0.5656271816 0.6029780608 0.6066687376 0.6150685744 0 0 0 0 0.6582518046 0.6921395812 0.6868174603 0.6876458215 0.7935085335 0.6937166248 0.6873149266 0.6848989888 0.6774688608 0.6805979305 0.6836108049 0.5285348059 0.5321706787 0.8262805667 0.6131288923 0.6102950178 0.6143736306 0.6751711906 0.6681659655 0.6694567411 0.5990132098
0 0 0 0 0 0 0 0 0 0 0 0 0 0 0 0 0 0 0 0 0.7771749008 0.6813605432 0.6761894085 0.83589161 0 0.8139229416 0.8003790352 0.7980613768 0.7936182167 0.6591335675 0.6625276116 0.7640928365 0.7876211848 0.6979780291 0.6984751469 0.7010870598 0.7086905528 0.5985319952 0.5796673104 0.5785981702 0.5757269689 0.5817485121 0 0.5802429382 0.7071561063 0.6008612451 0.657014694 0 0.6353728213 0.6444622615 0.6623812594 0 0.7357956873 0.7432137684 0.7528395551 0.5637813722 0.560600523 0.554363185 0.5481343971 0.5481304278 0.6867500674 0.529467693 0.5267380157 0.8542788609 0.8137924071 0.6087372832 0.6078006921 0.6631903565 0.6682283824 0.6669668372 0.6066112823 0.6142081599
0 0 0 0 0 0 0 0 0 0 0 0 0 0 0 0 0 0 0 0.8055241179 0.5425489465 0.7050249505 0.7065537468 0.70521964 0.8264624367 0.8081130463 0.8059393846 0.8094528751 0.7926754172 0.7930676474 0.6030117092 0.7813894086 0.7786360425 0.7041856083 0.6954855099 0.6989671199 0.7081004168 0.5867280272 0.5832391573 0.6156193673 0.5726590466 0.5753076076 0.5779063643 0.6153468688 0.6051792694 0.605985659 0.9012902052 0.6371904389 0 0 0.6473758056 0.7438058152 0.7421077696 0.7393134499 0.7506385741 0.5613420486 0.5587335912 0.5535855636 0.5474730305 0.54969926 0.5536187463 0.5576837795 0.5339387443 0.529405675 0.5114635797 0.6296716862 0.6177515061 0.6638840857 0.6604974546 0.6638767169 0.6109091563 0.6062101301
0 0 0 0 0 0 0 0 0 0 0 0 0 0 0 0 0.5182236102 0 0.8049872558 0.8074844257 0.7118296295 0.6990802078 0.6974915205 0.6768506077 0.6649539987 0.8115853076 0.8157784842 0.8100402053 0.8013065327 0.7919189871 0.7823694275 0.777787832 0.7796529293 0.6959288408 0.7004717986 0.6983587182 0.7043816656 0.7104666039 0.7199352679 0.7322355393 0.7380421011 0.554989335 0.6886381334 0.862956064 0.821256365 0.8278052361 0.7172551583 0.8984892278 0 0.8996616746 0.9088962591 0.9045988797 0.9054560038 0.7446283349 0 0.8422277869 0.7776965119 0.5573019219 0.5493959649 0.5500668674 0.5557941097 0.5603546336 0.7355978355 0.636664198 0.8024178794 0.6360065148 0.6310053056 0.6690134364 0.6637490758 0.6692248928 0.6118737723 0.6143344721
0 0 0 0 0 0 0 0 0 0 0 0 0 0 0 0 0.7011418986 0.8113110315 0.532433904 0.7300720981 0.757087911 0.697546559 0.7541881531 0.5466631246 0.5459408151 0.5466478038 0.8290214512 0.5317566979 0.7975356739 0.7841179575 0.7829230777 0.7801091219 0 0.7873273156 0.6361889067 0.706421828 0.7076899275 0.724766768 0.7337776163 0.7319342084 0.7268007622 0.7230175163 0.7203252675 0.8551722812 0.8203520559 0.8238060569 0.8975666176 0.897203465 0.8956376399 0.6550236611 0.9043696505 0.9009086153 0.9145947263 0.8447232154 0.8346137662 0 0.5392018153 0.843734588 0.5665336031 0.5625615856 0.5595109566 0.5587609931 0.5745782173 0.5114617558 0.7980545635 0.7698222637 0.6662845795 0.6649779084 0.6735768849 0.6655380119 0.6150128299 0.6145085995
0 0 0 0 0 0 0 0 0 0 0 0 0 0 0 0 0 0.5388248852 0.8463900583 0.5366720723 0.7018144019 0.7567830888 0.7620017814 0.5521380225 0.5450642308 0.5411492321 0 0.5502753025 0 0 0 0.5148266709 0 0.644133066 0.7066597512 0.711678825 0.7264620567 0.7314250755 0.7240008895 0.7207144951 0.7254422303 0.717090611 0.719497542 0.8209559371 0.8155974904 0.8213633531 0.8239674993 0.5136493569 0.8956407327 0.8944446654 0.8973285248 0.897900774 0.9004534906 0.6495280675 0.8337430355 0.8554378154 0.721489827 0.7229771285 0 0.5671035863 0.7929323582 0.5657870325 0.5742838762 0.5087032753 0.6437571646 0.8663875521 0 0.6075483459 0.8498299943 0.6910183882 0.5387359363 0.5040604324
0 0 0 0 0 0 0 0 0 0 0 0 0 0 0 0 0 0.6941926231 0.5085234109 0.5080584123 0.5134578033 0.5848378446 0.5802208349 0 0.5398633279 0.5387359138 0.5455191185 0.5517411972 0.5529440107 0 0 0.827197364 0 0.6682667431 0.6621989681 0.6684204079 0.6712718856 0.6941730324 0.7258142193 0.7183460765 0.7161173896 0.7228562528 0.7250597468 0.7269613633 0.7302684028 0.8229746998 0.8324539293 0.5385973541 0.8961080977 0.8916007723 0.8964507764 0.8985299921 0.9010018045 0.6438225368 0.5911508779 0.6121116188 0 0.7135509644 0.7095124032 0.8693594477 0.8604741972 0.6053345429 0.8751452517 0.5075182888 0.8907248143 0.8571653917 0.5336455635 0.5315943956 0.8407376677 0.6118264569 0.5691595922 0.5249282586
0 0 0 0 0 0 0 0 0 0 0 0 0 0 0 0 0 0.7575037956 0.5121397116 0.5071789672 0.5079963676 0 0 0 0 0.5428850565 0.5392066985 0.5465130752 0.8873199385 0.8161130126 0.6810486077 0 0 0 0.5988135706 0.6562481124 0.6662080291 0.6721851995 0.7122454469 0.7097725679 0.7197007744 0.711947296 0.7345091271 0.7254215789 0.7338027318 0.7375453527 0.8311408154 0.5366138257 0 0.8968421731 0.9007858602 0.6539929043 0.7568237453 0.638391569 0 0 0 0.7062847367 0.7074403956 0.7533450187 0.8537062387 0.8180890477 0 0 0.8183011129 0.7212767311 0.8008089228 0.719696477 0.5506396873 0.7636931541 0.784862688 0.6387638254
0 0 0 0 0 0 0 0 0 0 0 0 0 0 0 0 0.5610763356 0.8069843897 0.7997159356 0 0.508851734 0.8194645458 0.8204343449 0.722242535 0.6462626765 0 0.5439297704 0 0 0.5317225546 0.5166658562 0 0.5390713992 0.6124328853 0.6685183687 0.6631501404 0.6125093436 0.6166106254 0.5292141861 0.714115059 0.7108246464 0.7185932296 0.7214284936 0.5691532929 0.7659979601 0.6704299301 0.5434262932 0.5443838811 0.5439659407 0.9011213341 0.910509778 0.8740823794 0.8687456672 0.8714613402 0.6474903937 0.8052232914 0 0.7019362547 0.7105497516 0.7482007453 0.7498665034 0.8611391196 0.6148757356 0 0.7192102344 0 0.5159141279 0.8457008779 0.7216145778 0.5373527633 0.7793729569 0.7206252989
0 0 0 0 0 0 0 0 0 0 0 0 0 0.5224397615 0 0.5849746362 0.5911859639 0.6268910242 0.6638604 0.8966675278 0.5717144178 0.8573756472 0.8153378377 0.5563075535 0 0.5593906445 0 0 0 0.5257543392 0.5267873256 0.5328721435 0.8581529723 0.6150959701 0.6106905814 0.8318440314 0.6102554198 0.8339062405 0.5257235643 0.529469834 0.5314417048 0.7176583686 0.6452024805 0.6133844649 0 0.5491739819 0.551397537 0.5507574953 0 0.758233489 0.9068509834 0.8751169678 0.611374637 0.6135803366 0.7832273463 0.7083401334 0.7080267221 0.707067113 0.7109686919 0.7528040229 0.757642028 0.8707182383 0.5428276735 0 0.6844567595 0.6833911084 0.7019489761 0.8389703106 0.8451799219 0.776540142 0.725975394 0.5907247663
0 0 0 0 0 0 0 0 0 0 0 0 0 0 0.5826149518 0.5824574317 0.5844822377 0.6611674299 0.6646001105 0 0.6945369151 0.8238383805 0.8167689498 0 0 0.5508104551 0.7759018116 0 0.5135315056 0.5214141221 0 0.626938385 0.6108658025 0.6097190449 0.6147632174 0.5381135904 0.6839729191 0.6012702403 0.5259070773 0.5353913621 0.5325489898 0.5015043364 0.619303812 0.623033368 0.6176959887 0 0.8596049305 0.8508804577 0.5593012019 0 0.6669791945 0.7418998154 0.6142963195 0.6098513476 0.8500393018 0.7130056104 0 0.7107625657 0.7580726972 0.7546122321 0.7558714192 0.8852116134 0 0.7174532743 0 0 0 0.8866690511 0.8354499599 0.8452738986 0.7236428809 0.5463364831
0 0 0 0 0 0 0 0 0 0 0 0 0 0 0 0.8655426719 0.9000304404 0.6644917994 0.6675572804 0.8561628166 0 0.6067925854 0.6087374338 0.6985068851 0 0.5488396947 0.5470191985 0.7118718729 0 0.6175173689 0.7474547955 0.617202395 0.6189137423 0.5297154726 0.6175877855 0.6741104785 0.6777510158 0.6754096778 0.677633528 0.6788562282 0 0.541590963 0.7968103826 0 0 0.6272843897 0.5773037854 0.8562984979 0 0 0 0.6636665453 0.8957411648 0.8893976962 0.8894930382 0.8279273618 0 0 0.527421032 0.5343701024 0.8304007348 0 0 0.799012319 0 0 0 0 0.7537518989 0.6624105267 0.7750001042 0.7566740187
0 0 0 0 0 0 0 0 0 0 0 0 0 0 0.9046116091 0.8993882345 0.7027110433 0.6799460507 0.6679077949 0.7709021005 0.6110049982 0.6105822119 0 0 0 0 0 0 0.708878241 0.6254824524 0.6170919524 0.6263071347 0.6285149281 0.6219999865 0.5356202926 0.6398965652 0.6695781167 0.666465142 0.67008864 0.5795338335 0 0 0.5493036002 0.6691236519 0.8433374708 0.6237459169 0 0 0.8665086159 0.6820029877 0.6671572102 0.8231335499 0.6906885789 0.8859295863 0.8367891494 0.6433503884 0.7513323973 0.528741794 0.5252114142 0.5208285853 0 0.7691272209 0.8046881333 0.7965290438 0.7987086307 0.6836856729 0.5179817988 0.5175958226 0.5215119094 0.5161244929 0.7601477015 0.7519037835
0 0 0 0 0 0 0 0 0 0 0 0 0 0 0.9035631217 0.9071313205 0.6709028344 0.6789300177 0.8145321798 0.6675954781 0.6111347721 0.6171792914 0.6722172891 0 0 0 0 0.5671401397 0.6238394566 0.6216188093 0.6270883399 0.6247463043 0.5517927704 0.5484776381 0.6415801233 0.6534746804 0.6364768248 0.6629407992 0.6633207288 0.6661854643 0.58542699 0.8958114598 0 0 0.8434167743 0.8369990309 0 0 0 0 0.8833963058 0.7772018695 0 0.7401450248 0.6415088304 0.6394293844 0.6432773063 0.5208197283 0.5198656635 0.5264387126 0.5330499888 0.5944886566 0.8092394764 0.7976251435 0.6772843164 0.521433378 0.5185832004 0.5172178638 0.5116332902 0.5160435342 0.7527097546 0.754010851
0 0 0 0 0 0 0 0 0 0 0 0 0 0 0 0.6101737143 0 0.6564772829 0.8238495354 0.5686119732 0.6435393507 0.6821291754 0.6725225185 0.671441256 0 0.5666540469 0.560055838 0.561421923 0.623986008 0.6261351675 0.6236884656 0.8474430826 0.6302693934 0.5994733792 0.6455307698 0.6389855241 0.6631374185 0.6649393211 0.6726536085 0.6775646221 0.8950296795 0.8942827436 0 0 0 0.5270251046 0 0.8524152263 0.5612900328 0.8566582336 0.5254356546 0.6342717344 0.8365919693 0.6347597586 0.6464241477 0.6399634519 0.6471462214 0.7719430033 0.5201474948 0.5233640603 0.6088290866 0.6421451398 0.6368418824 0.5181442948 0.6794358401 0.5242621907 0.517849542 0.5121519021 0.5177871085 0.5139783168 0.7572350519 0.593717917
0 0 0 0 0 0 0 0 0 0 0 0 0 0.8832048605 0.8855510233 0.8705546005 0 0.6885909577 0.8137040585 0.5210425367 0.6820892705 0.5106383155 0.6748425973 0.6813366745 0 0 0.5625618915 0.5613102548 0.569043026 0.8413257209 0.841638372 0.8577871305 0.7704110358 0.7713100613 0.6426290081 0.649979994 0.6684135552 0.6661519522 0.6681679165 0.7350103043 0.8902460254 0 0.9017281031 0 0.6473174029 0.5075248889 0 0.55996674 0 0.5264444728 0.5263060079 0.6425682592 0.6339238757 0.6375731557 0.6410199335 0.6459821839 0.7947874211 0.7943475503 0.7103060792 0.5297345819 0.5238492325 0.7466779421 0.6737055549 0.5351165172 0.6390470028 0.5245155609 0.5187504567 0.5250916606 0.5257144183 0.5196416627 0.5813392191 0.7584993109
0 0 0 0 0 0 0 0 0 0 0 0 0 0.5849897978 0 0 0 0 0 0.6675371138 0.7083252949 0 0.5360437933 0.7351646788 0.891368638 0.8896805413 0.5667732876 0.8435667038 0.7249818158 0.8393614534 0.8483441229 0.7677086534 0.7702504029 0.7698920918 0.7647898788 0.6500179013 0.6981260224 0.6943160212 0.6952773178 0.7304349345 0.722916259 0 0 0 0.6944076554 0 0 0 0 0.5264225674 0.5174071376 0.6423420132 0.6350805111 0 0.6025573879 0.6062295662 0.6037814129 0.8034017811 0.8005714075 0.715363668 0.6692472902 0.6736607893 0.6680363849 0.6690539264 0.7207183446 0.7246301653 0.6395764102 0.6391151866 0.8007539211 0.5840122159 0.5761975986 0.5780267435
0 0 0 0 0 0 0 0 0 0 0 0 0 0 0 0 0 0 0 0.6421110239 0 0 0 0 0.8909076846 0.8864742414 0.8874351205 0.8384885581 0.8366335019 0.8393643792 0.7606098916 0.516881234 0.7580059319 0.7686522578 0.7653090825 0.7562708463 0.6975638936 0 0 0 0.6944852942 0 0 0 0 0 0 0 0 0.7900648157 0.526658809 0.8584444159 0.6674962815 0 0 0.6017347767 0.5453975524 0.7866584495 0.736923464 0.892005761 0.6680102616 0.6639202075 0.6650728387 0.6655920208 0.8505566466 0.720647304 0.8424836467 0.7191041793 0.6484034631 0.583651721 0.6777612696 0.5718135728
0 0 0 0 0 0 0 0 0 0 0 0 0 0 0 0 0 0 0 0.5254940991 0.5322091803 0.8065144909 0.8938193399 0.8922867373 0.8853509907 0.8935613128 0.5522083762 0.8432370516 0.8393554205 0.8403698916 0.5166766299 0.752953922 0.7614240955 0.591196363 0.7621136785 0.7595316867 0.6992764143 0 0 0 0 0 0 0 0 0 0 0 0 0.6994669951 0.6973144066 0.7799540539 0.7883032402 0 0 0.6364048471 0.6305291139 0.636988985 0.7417636248 0.7340522598 0.6655363043 0.6599069779 0.6602627913 0.8329788124 0.717670765 0.7155130298 0.7154768584 0.7203507727 0.8917927316 0.5595591884 0.6770003411 0.6685210876
0 0 0 0 0 0 0 0 0 0 0 0 0 0 0 0 0 0 0 0 0 0 0 0.8919444318 0.8872364648 0.8879195214 0.6021020873 0.6028397469 0 0.5167453022 0 0.8672046786 0.8540423817 0.5886755105 0.7720531227 0.7779021629 0.6560608888 0 0 0 0 0 0 0 0 0 0 0 0 0.8267616391 0.7539463428 0.7768282947 0.7795837337 0.7723594814 0 0.6284474023 0.627810797 0.6304363592 0.7379932728 0.7350802261 0 0.6239818434 0.6630254216 0.8333609746 0.8388962933 0.7208966707 0.7206818824 0.5715207261 0.5601112176 0.5588904126 0.5579120248 0.5243043017
0 0 0 0 0 0 0 0 0 0 0 0 0 0 0 0 0 0 0 0 0 0 0.6400581328 0.8945693366 0.7870622365 0.8899734715 0.5831964904 0.5888005096 0.522646197 0.5241296212 0.5200636029 0 0.6152008085 0.59491248 0.5063873778 0.7806239001 0.7876249366 0 0 0 0 0 0 0 0 0 0 0 0.5370133088 0 0.8931227657 0.7769675216 0.7735025563 0.7674142527 0.766326761 0.6235924556 0.6213381253 0.6246752846 0.7357468306 0 0.7405620196 0.6859814186 0.5629612864 0.6638507417 0.6624494037 0.6619908887 0.6632224976 0.5726942582 0.5643115593 0.5569254817 0.5693392359 0.6110924407
0 0 0 0 0 0 0 0 0 0 0 0 0 0 0 0 0 0 0 0 0 0 0 0.6894239433 0 0.5883853749 0.5808039574 0.5141143072 0.8994888572 0.7625739794 0 0.6217338683 0 0.5049030175 0.5061572948 0.6745367316 0.829097045 0 0 0 0 0 0 0 0 0 0 0 0.5618398261 0.895278465 0 0.691739986 0.6613128899 0.7722000348 0.7594357678 0.6252919321 0.6244826471 0 0.6516119498 0 0.6886912708 0.6796593945 0.6784574689 0.665709623 0.6574983117 0.6557488633 0.5702275267 0.5691562696 0.5566197327 0.5603537796 0.5684396842 0.6089455403
0 0 0 0 0 0 0 0 0 0 0 0 0 0 0 0 0 0 0 0 0 0 0 0.5624462536 0.6561912184 0.5774606682 0.7279249979 0.7216285887 0.8944171169 0.901077899 0.6305699412 0 0.6318194368 0.6372946007 0.6714232849 0 0 0 0 0 0 0 0 0 0 0 0 0 0 0 0.500204053 0.833412622 0.6532025583 0.7804307488 0.6349312896 0.6282495479 0.6228731623 0.6264502182 0.6511169297 0.8228112822 0.8137533769 0.7367205464 0.6759124031 0.6702879378 0.6616063876 0.6611380878 0.6522741199 0.5659400951 0.5638017518 0 0.5739115961 0.5767125177
0 0 0 0 0 0 0 0 0 0 0 0 0 0 0 0 0 0 0 0 0 0 0 0 0 0.7190808144 0.7182363166 0.7246610355 0.5221521657 0.5269454975 0.520384132 0.6326013301 0.630381297 0.6128551973 0 0 0.5720966611 0 0.6331120534 0 0 0 0 0 0.7018864971 0.8814276752 0 0 0 0.5183690185 0.6930764596 0.5413844062 0.5263136451 0.569301009 0.8838775774 0.8865558773 0.8729969082 0.5518101139 0.6360328111 0.6594389775 0.8131771583 0.8274009837 0.7336646401 0.7426383853 0.901537759 0.8482061239 0.8478726014 0.8438986392 0.5644099721 0.5698630036 0.5716076478 0.5728116147
0 0 0 0 0 0 0 0 0 0 0 0 0 0 0 0 0 0 0 0 0 0 0.878270528 0 0 0.6824222256 0.8469453733 0.719461201 0.526694284 0.5172563557 0.5202226143 0 0 0 0.6917537685 0 0 0.6410074893 0 0 0 0 0 0.6919143502 0.5454245911 0.7074279518 0 0 0 0 0.5476343929 0.8473617051 0.7341738366 0.7286663368 0.8818729563 0.8819683778 0.5453375287 0.5492030329 0.5413925533 0.817355295 0.7001918021 0.8063992497 0.7436605488 0.8961451175 0.8976740171 0.8449965479 0.8421556998 0.8368088664 0.5649400994 0.5676074707 0.5827043322 0.6557160822
0 0 0 0 0 0 0 0 0 0 0 0 0 0 0 0 0 0 0 0 0 0.693641637 0.5598462631 0.6379913971 0.6391880322 0.8438677545 0.7734310733 0 0.7627692089 0 0.5134118038 0 0 0 0.6974018938 0.6845324273 0.6878256401 0 0.5038605558 0 0 0 0 0.6962673666 0 0 0 0 0.7896479422 0 0 0.5473932334 0.7289752636 0.8742620565 0.8758429886 0.8698154704 0.8852309964 0.5463002714 0.8200232219 0.8169976723 0.6673302188 0.8133749833 0.8105258737 0.7446724441 0.5218650104 0.8436982886 0.8353789284 0.8355828405 0.5708042383 0.577971886 0 0.6968154328
0 0 0 0 0 0 0 0 0 0 0 0 0 0 0 0 0 0 0 0 0 0 0.7031396351 0 0.8788957391 0.8863009402 0.5293239175 0.7674787298 0.7588106358 0.5209879948 0.5077830459 0.5059373866 0 0.6874125133 0 0 0.5942569248 0 0 0 0 0 0 0 0.5883838136 0.5036586363 0 0 0.8492980508 0 0.8701143006 0.720937433 0.6485307585 0.8747137598 0.8693743013 0.8772984179 0.880953521 0.8907398205 0.901662797 0.8159820172 0.8842905415 0.6536018219 0.5471437483 0.7419325706 0.521781586 0.8392630145 0.841743285 0.8433700319 0.5672526743 0.5739338408 0.575979869 0.592653384
