landscape/hab_quality/256/simulation_000081_p064_h070_HABMAT_patch_more_500pix_modified.asc_ac_0.5_quality.asc
NCOLS 513
NROWS 513
XLLCORNER 0
YLLCORNER 0
CELLSIZE 9.980507
NODATA_VALUE NaN
[rows 300 to 324 of 513, columns 0 to 56 of 513]
0 0 0 0 0 0 0 0 0 0 0 0 0.687759349 0.6150948778 0.6212625976 0 0 0 0.7423259828 0.8090770658 0.5563959345 0.814687075 0.536632668 0.8168103328 0 0 0.8404770934 0.8374704631 0.7425009513 0.7559561908 0.9035605604 0.9011985576 0.9006884197 0.8951251116 0.9037775113 0.871350448 0.7685134995 0 0 0.5822665654 0 0 0 0 0 0 0 0 0 0 0 0 0 0 0 0 0
0 0 0 0 0 0 0 0 0 0 0 0 0 0.6204629976 0.618790831 0.6293793167 0.6035533504 0.6029959879 0.7785041335 0.5165825634 0.5524390521 0.5108117678 0.8087219458 0 0 0 0.6030445958 0.5016813514 0.8324485038 0.9134188166 0.9102817109 0.907290746 0.899846103 0.9065793943 0.9072507297 0.909326445 0.9168695039 0 0.5857976233 0.5878525175 0.5891800139 0 0 0 0 0 0.762444602 0.7720751127 0 0 0 0 0 0 0 0 0
0 0 0 0 0 0 0 0 0 0.8734186547 0 0 0.7505046701 0.6272748466 0.6218976963 0.6111152205 0.6032257283 0.5996922038 0.5993944744 0.5148453932 0.5137511979 0.5082937902 0.8081050606 0.8008754065 0.5603362486 0.6016319837 0.597257203 0 0.5129500255 0.8361847678 0.9137956583 0.6825066718 0.9149962202 0.9053745185 0.5320077554 0.6572847336 0.5333837071 0.594019174 0.5885750367 0.5866233233 0 0 0 0 0 0.8118821688 0 0 0 0 0 0 0 0 0 0 0
0 0 0 0 0 0 0 0 0 0 0.7340547594 0.743395786 0.7465652359 0.6176049628 0.6078973383 0.6167610155 0.7144143671 0.7129380968 0.7925291913 0.7954535459 0 0.5119502151 0.5052163373 0.5191496664 0.5249568618 0.51960333 0.5293956966 0 0.517417728 0.7272647758 0.8264686257 0.8396562366 0.6073562527 0.6479697156 0.8709793624 0.5298165748 0.52513142 0 0 0 0 0 0.665819845 0.795097588 0 0 0.8213430396 0 0.5574229337 0 0 0 0 0 0 0 0
0 0 0 0 0 0 0 0 0.7191442832 0.7406213331 0.7368066479 0.7420445297 0.7442890078 0.7034583685 0.6145564721 0.6105207618 0.7158629794 0.5205502959 0.7966932671 0.7881795519 0.7931528399 0.5101217847 0.5062860312 0.5270718557 0.5182893867 0.5211772491 0.5221214143 0 0.8444572814 0.8231963086 0.5397703498 0.6340953288 0.5996740608 0.6047670436 0.5325311044 0.848524928 0.5338814655 0 0.8105748269 0 0 0 0.6442508116 0 0.5251916295 0 0.8367747829 0 0 0.8108074521 0.5722577269 0.5726703998 0 0 0.6629064254 0 0
0 0 0 0 0 0 0 0 0.7487575916 0.7432612875 0.7462803598 0.5708192928 0.5753907343 0.5775308489 0.6160910577 0.623387117 0.8826978618 0.6447078114 0.7939972014 0.7812600366 0.7843943761 0.5410839816 0.5268822636 0.5190323612 0.5146391604 0.5198634377 0.5232069141 0.5328993542 0.5639461049 0.8410681095 0.6308829936 0.6357802383 0.6423230487 0.5904495689 0.6973487101 0.6991956628 0.7926869255 0 0.5738508853 0 0 0 0 0 0 0.6682977174 0.8348501335 0.843993132 0 0.5586511346 0.5660406534 0.5732560619 0.5776942986 0.6456547386 0.652338557 0 0
0 0 0 0 0 0 0 0 0.7476325238 0.5775702289 0.5754262244 0.5773770197 0.5771688859 0.5816694096 0.7289091471 0.7259339667 0.5337608465 0.6947650288 0.7613103721 0.7809625343 0.7750861637 0.7766779531 0.7150611541 0.5243533909 0.5189745439 0.5285337061 0.8598383044 0 0.5154674016 0.8467300223 0.8462177884 0.8461286193 0.604615958 0.6963124626 0.6920229727 0.700192878 0.5544176006 0.7965755337 0.6258894318 0.6285727519 0 0 0 0.6341454085 0 0.8139081841 0.8487569036 0.8434866958 0.5589009439 0.564396918 0.5647483898 0 0.6447535637 0 0.6548017426 0.510646082 0
0 0 0 0 0 0 0 0.5771522077 0.7558939892 0.8142528476 0.5851505705 0 0.586092965 0.7228496792 0.7222902561 0.7305900608 0.690160331 0.6832210468 0.6894062766 0 0.7717790501 0.7679006414 0 0.527036583 0 0.5326174357 0.8531847602 0.8514839561 0.8607610575 0.8376256953 0.8367701459 0.846678509 0.8501145218 0.6112050697 0.619516135 0.829444755 0.835803363 0.799014814 0.7972655536 0.7536163455 0 0 0 0.8695378726 0.8814631054 0.6576999006 0.8474605057 0.843831682 0.8445366365 0.5691705867 0.6327729448 0.6386916042 0.6447242607 0.6448741694 0.657046603 0 0
0 0.7950698431 0.8400527501 0 0 0 0 0.5330225681 0.7146649857 0.5713568543 0.6514981171 0.5862130811 0.7298286169 0.7240832012 0.7214643096 0.7243872083 0.6851276625 0.6829649879 0.6895920373 0.6899225428 0.7696926141 0.7713921905 0.7740175944 0 0 0 0.8530545405 0.8580438946 0.8665692731 0.8449644049 0.8368578516 0.8401731507 0.6114515428 0.7421662386 0.6115691745 0.8304102399 0.8390066489 0.5157757936 0.515655061 0.5161835963 0.8732980392 0.8818354668 0.5967580924 0 0.6007295052 0.6657537967 0.8509482606 0.8502513933 0.8438363884 0.6114845759 0.639144455 0 0.6453689683 0.650579631 0.8909427134 0.5609284573 0
0 0 0.732694609 0 0.6608102076 0.6571118258 0.5692642073 0.5386363564 0.5972544675 0.5972490259 0.7451458462 0.6495377483 0.7322978267 0.728142663 0.7276650514 0 0 0.5082620262 0.6887011533 0.8641881529 0.5291418561 0 0.7758629185 0 0 0 0 0.7839863596 0.864093589 0.8696403604 0.8781379768 0.5315654869 0.5302227459 0.5270947712 0.5281866699 0.6367529664 0.5226789581 0.532481366 0.5142897559 0.5151797496 0.5148437563 0.5119330716 0.7983991972 0.682427859 0.6274323231 0.5349849484 0.6204296626 0.8711353453 0.7453173357 0.7449053617 0.75657431 0.7553041669 0.6581351664 0 0 0.7927562476 0
0 0.7264668476 0.7248938113 0.6568546134 0.6563324329 0.5680382444 0.5366660261 0.8967438188 0.5932871921 0.5896850215 0.7625937865 0.7755660307 0.7508802518 0.732004277 0.7283166163 0.7301809007 0.7399772847 0.6891757607 0.8671037632 0.5301400976 0.5251854561 0 0.854201029 0.8534133874 0 0 0 0 0.7865052949 0.7857180096 0.7768447029 0.6886678551 0.6828749973 0.5344066606 0.6341909745 0.6390218278 0.6371457811 0.5137204543 0.5154933685 0.5143694642 0.5191638901 0.7859514114 0.8344246852 0.7887262149 0.8840455903 0.7416788748 0.7671270961 0.7448269846 0.7483733131 0.7599303264 0.7546511271 0.765393523 0.7690547817 0.7696865608 0 0.6103417368 0
0 0.7187191035 0 0.660038848 0.6572423248 0.6611999833 0.5758764686 0.5420665031 0.5958294291 0.5991673917 0 0.7689355255 0.7724247051 0.6509836415 0 0 0 0 0.6698381987 0.6611720225 0.5931964715 0 0 0.8466551016 0.844083146 0.6037847005 0 0 0.546663183 0.7676091142 0.7783472835 0.7718520133 0.5356065858 0.5666069867 0.7455492144 0.6296157913 0.6361714803 0.5193358124 0.5204343903 0.52426785 0.5230760761 0.7108072429 0.7804234615 0.7805380583 0.7374573707 0.7382457285 0.6735260997 0.5531671422 0.7632791392 0.7590082367 0.7520992772 0.7522561831 0.7607219226 0.7696448093 0 0.605352584 0.5712423696
0 0 0 0.5191881972 0.8887580818 0.8893770456 0.7349539596 0.7266292965 0.599184293 0.5326360324 0.77378345 0.6112067618 0.7726330115 0.7631973301 0.7634054676 0.7041313757 0.5508763174 0 0.6666817046 0.822210608 0.8656495851 0.8566828919 0.8477436107 0.8949038706 0.8174929546 0.5979005247 0.6024945429 0.6071391908 0 0.7663192041 0.7669199241 0.6109083548 0.5526407672 0.8112659178 0.6349692108 0 0.6375264659 0.6364904218 0.8726110459 0 0.844900743 0.7856221066 0.7885379383 0.7893820716 0.7423343495 0.5526728888 0.6695202371 0.8947194098 0.7560313575 0.7546259976 0.7549951236 0.7513354588 0 0.7672236336 0 0.800677497 0.7967411391
0 0 0 0.8695330503 0.8555964639 0.8887590697 0.5922847836 0.9114550831 0.9042685284 0.7571355902 0.6871226354 0.8569379281 0.6822753882 0.7578010616 0.695020168 0.7354742339 0.7321452109 0.7820703042 0.7984373488 0.8423510009 0.8643517607 0.8542237793 0.7117065515 0.7094716343 0.7080089934 0.6099840034 0 0.64423686 0.7619700475 0.7696200795 0.769032647 0.7436549681 0.506973927 0.8051047039 0 0.6438411484 0.5207281623 0 0 0 0 0.5457170041 0.8279360673 0.7626934169 0.8851812221 0.8602917149 0.5549170818 0.8371033091 0.895280048 0.8929884396 0.7552706797 0.7540460237 0 0.630890677 0.7324522152 0.5986361752 0.553345777
0 0 0.6596209343 0.687934124 0.6614416524 0.8389080122 0.8998103618 0.9026956315 0.6297675931 0.8417444226 0.6775942528 0.6810557294 0.681148326 0.6908412991 0.7838053622 0.7294502143 0.798058957 0.8017081831 0.5227978827 0.5146581811 0.5151311969 0.722072984 0.7110033642 0.710208311 0.7047196466 0.6061773312 0.7648629864 0 0.761666559 0.7722231196 0.699325723 0.5030839079 0.851574039 0.5788144514 0.8129995611 0.8452970989 0 0 0 0 0 0 0.828757679 0.7102606122 0.5773774576 0.5418220901 0.5438578646 0.5997980875 0.8944528046 0.8926494451 0.6171324624 0.6142747422 0.6230202825 0.7865981821 0.5928818883 0.5927669597 0.8655952945
0 0 0 0.6575122853 0.6984739953 0.8571995278 0.7650630205 0.8930181492 0.8967715547 0.6870328037 0.6805205647 0.6726894111 0.6818734047 0.6901990549 0 0.8196309878 0.5147036412 0.8378839196 0.6225588517 0.5129187545 0.7267609594 0.722573005 0.7173435185 0.7387920878 0.5406278521 0.7900499235 0.7621997972 0.7589492851 0 0.69611009 0.7025775379 0.5359273754 0.5796896795 0.5813512432 0 0.7369625679 0.8390237462 0.5867764966 0.5914702808 0.7926036375 0 0 0 0.8713907717 0.5307210686 0.7842269438 0.8046723602 0.5476044396 0.5522561421 0.8935081367 0.6164234522 0.6143909599 0.6222532841 0 0.7142213758 0.5933844819 0.6000747485
0 0 0 0.7072207933 0.8560213914 0.7670122098 0.8829598109 0.8996108263 0.7560519561 0.7030106676 0.678775509 0.6741570507 0.7287102844 0.6877540495 0.7445685486 0.5430736339 0.8330685919 0.7142637441 0.5204838361 0.5148971346 0.8418539771 0.7206591131 0.7448076736 0.746953163 0.8837248561 0.8022804812 0.775576705 0.7092536395 0 0.7019317864 0.7031062782 0.6712964234 0.5356293858 0.7345900763 0.7306321764 0.6879802314 0.5848865826 0.5859507149 0.5927603793 0.5999099806 0.8654058045 0.8652171123 0.8645411202 0.8710443687 0.816331242 0.8358081519 0.8156677272 0.6137352199 0.6148923556 0.6863714339 0.8639291267 0.5275394902 0.5957351719 0.7886733827 0.6020029835 0 0.7591534236
0 0 0 0.5944700961 0.5920243908 0.8657257583 0 0.6435360456 0 0.7264565705 0.7197099872 0.7223329977 0.6174174844 0.6109599344 0.6018555128 0.8351343366 0.8269721794 0.8358129477 0.8438047335 0.8516193964 0.7251851783 0.8066939921 0.8039064753 0.8000010013 0.8081787767 0.5006541003 0.6949879736 0.6744174045 0.8189269188 0.8090875611 0.6983029485 0.6884994584 0.6836272468 0.7381421237 0.6871032415 0.69589864 0.5823474012 0.5919807334 0.5951085784 0.5280622539 0.8722255263 0.8696532339 0 0.8658106016 0.8119602229 0.8169975766 0.6135099562 0.6150446243 0.6100487109 0.6180791289 0.7766455476 0.5950811461 0 0.6456822514 0.8141411934 0 0.5951919254
0 0 0 0.58554079 0.5860411179 0.5633137914 0.7043269974 0.6999390416 0.7046466212 0.720881841 0.5399466414 0.537705103 0.5391677671 0.5026261198 0.6022060286 0.8309527468 0.8310155882 0.835221655 0.8433681804 0.8257512834 0.8200231597 0.8069350048 0.8056259105 0.7982253922 0.7465742798 0 0.8610639049 0.6668007472 0.7101240701 0.7034644949 0.6916156185 0.6799860855 0.6981602826 0.6943871727 0.5140219368 0.6880828884 0.5913039108 0.5987789734 0.5982002102 0.7317480494 0.8787697448 0.8338310871 0.7995465443 0.8090454624 0.816479244 0 0.6114909658 0.605932133 0.6024597331 0 0.8002853728 0 0 0 0 0.6204439221 0.6676345625
0 0 0 0 0 0.683242326 0.7001950916 0.6962718133 0.7022888669 0.7969284827 0.5425879753 0.5375637773 0.5474852501 0.5768157244 0.7259526796 0.8370227165 0.837011377 0.7901461429 0.8360616738 0.8167631649 0.7306344073 0.7056940469 0.802860571 0.8034571112 0.572643878 0.5438860989 0.5413626795 0.704628908 0.7019902664 0.7044479292 0 0 0.687040404 0.5124516837 0.5183975678 0.5121275112 0.6967983175 0 0 0.7220989873 0.7255495195 0.8077607606 0 0.807337491 0.815444779 0.6156151424 0.6068129521 0.6050904762 0.5978245759 0.6070113706 0.6825037151 0 0 0 0 0.6759198303 0
0 0.5928273602 0.5592442052 0 0 0 0.7056160483 0.7060815135 0.7028779553 0.7599126275 0.5376251569 0.5462331953 0.5463563022 0.7050858259 0.7139404722 0.7614470665 0.8429909667 0.7886302602 0 0 0.8750505305 0.7095274686 0.7054146946 0 0 0.542939612 0.5373710153 0.5281616027 0.5357098439 0.6962298561 0.7055432788 0 0 0 0.510706088 0 0 0 0 0.717889659 0.7216915851 0.7267046342 0 0.7247937524 0.8099143384 0.5312303992 0.6115688399 0.6075737941 0.6015817942 0.6022696792 0.6004030432 0 0 0 0 0 0
0 0.6258614455 0 0.6706812741 0 0 0.7986398153 0.5550059135 0.549744585 0.5532772889 0.6471207102 0.5476475214 0.7444931723 0.7570709968 0.584390285 0.8453025744 0 0.8368109899 0.8438138577 0.8674106407 0.8748692638 0.8680771921 0 0 0 0 0.5399818158 0.5343871587 0.5281199493 0.5303376273 0.5351347792 0.5390036329 0 0.517282397 0.5171117835 0.5116100901 0 0 0 0 0.7234769347 0.684135695 0 0 0.8439665451 0.6102468048 0.527983499 0.5375974117 0.8177126882 0.5342490319 0 0 0.8601936753 0 0 0 0
0 0.5594069007 0 0.7635341971 0 0.7053921432 0.7042298247 0.898676997 0.5485090438 0.5490238289 0.5453916354 0.5463274726 0.5246171076 0.611390397 0.6108029721 0.6820635392 0.8385974366 0.834518876 0.8741337598 0.8713484699 0.8650252496 0.7341431424 0.6286329664 0.6317862808 0.5375912167 0 0.5438795032 0.5402612919 0.6318284689 0.5293614484 0.5351820446 0 0.5502238168 0 0.5212321432 0.5261789675 0.520369895 0.708386781 0.7395254098 0.704563101 0 0.7083557746 0.5392286482 0.8452591774 0.8398869495 0 0.523608065 0.5349118102 0.5826744077 0.8783621786 0.5508632712 0 0.7650741699 0 0 0 0
0 0.6487237021 0.8974703259 0.7588744668 0.7598084697 0.7048805657 0.6991187368 0.5528690111 0.7822664968 0.5414778892 0.542036785 0.5464374495 0.6747608899 0.6106646136 0.6074554188 0.6837743329 0.6788247004 0.8377327519 0.8763642404 0.8713974307 0.624262047 0.6283721241 0.6244929514 0.6282735965 0 0.5373173752 0.536113617 0.5366264104 0.5361779131 0.5375562103 0.5323609738 0.7253537163 0.8171318611 0.8236656978 0.7907443378 0.8875794167 0 0.5989875412 0.8003064378 0.7130121259 0.7041451621 0.5617607166 0 0.847086886 0 0.9077913668 0.9063491219 0.9076306245 0.7756061901 0.6050218159 0.5610206324 0.51170381 0 0 0 0 0
0 0.6524124946 0 0.7647017352 0.7562095978 0.7059863843 0.7226403689 0.548870786 0.5437925311 0.5509663468 0.5473420041 0.6667053106 0.6674047937 0.608451843 0.5457451875 0.685006841 0.6795679715 0.6870075897 0.6093244543 0.6297681813 0.6324800344 0.623794556 0.8019051119 0.6363667915 0.5454408582 0.5441775014 0.531879521 0.5362537991 0.5422251486 0.7520591226 0.7564926729 0.7482445629 0.7550598237 0.8396482576 0.8821335115 0.5650370511 0.5470076764 0.7615698604 0 0 0.7129017857 0.7131760421 0 0 0.7498727018 0.9069319524 0.8996480945 0.9054956102 0.6800560551 0.5067335484 0.5734294284 0 0 0 0 0 0
