landscape/hab_quality/256/simulation_000041_p068_h059_HABMAT_patch_more_500pix_modified.asc_ac_0.5_quality.asc
NCOLS 513
NROWS 513
XLLCORNER 0
YLLCORNER 0
CELLSIZE 9.980507
NODATA_VALUE NaN
[rows 403 to 433 of 513, columns 70 to 139 of 513]
0 0.6168213581 0.6068010365 0.6104698835 0.6131153521 0.6132718484 0.6561073848 0.6550452584 0.6553969651 0.6194898245 0.6260506782 0.8689944669 0.8665848469 0.8679100057 0.8298080228 0 0 0 0 0.6220843201 0.6208145891 0.8321790701 0.8380441936 0.8469676313 0.709901832 0 0.7682527497 0.8016149309 0.6236184974 0.62695626 0.6197382104 0.6222000717 0.6183582189 0.6267818923 0 0.5118691239 0.5548384293 0.6575659083 0.6508370239 0.6592368817 0.6610971095 0.582067989 0.5747839917 0.5091075245 0.6913173759 0.6836043513 0 0.5550052743 0.5545813547 0.5588261866 0.760363032 0.7577520547 0.7665220714 0.7649401348 0.7736306042 0.8939823566 0.8962335584 0.8992353753 0.6826435865 0.685632851 0 0.7004799092 0.8612825605 0 0 0 0 0.6814689396 0 0
0 0.6158483491 0.6109201379 0.6036440787 0.6113733996 0.6150132277 0.668006147 0.6135117252 0.6347082298 0.6252419944 0.6177947835 0.7583251926 0.7555357294 0.7558429287 0.7600858561 0.8411864647 0 0.6229913248 0.6573253341 0.6207867544 0.5999053076 0.8842548372 0.8395184516 0.6646050297 0.667969706 0.7614573823 0.7528335436 0.6795937271 0.7224823398 0.6271251535 0.6273680864 0.6228783175 0.7415317571 0.613697675 0.6039995698 0.5946936644 0.5951487779 0.8377127635 0.6587242218 0.6561066105 0.570078742 0.5720207358 0.5684569702 0.5673318985 0.6900554894 0.6849986811 0 0.6736314241 0.5606501437 0.5594902813 0.7587330913 0.7585089262 0.760412015 0.7681849957 0.7696872071 0.895644519 0.8977309483 0.8583829946 0.6262180455 0.7135255883 0.6020600203 0.7277976015 0.7243191625 0.7847409776 0 0 0 0 0 0
0.6111507316 0.6097708069 0.6078159859 0.6116900355 0.6057605084 0.597619761 0.8878719186 0.6365818004 0.6301591821 0.8071974093 0.7527216935 0.7484319535 0.7528510594 0.7566040472 0.8404299485 0 0 0 0 0.7795696496 0.7305656477 0.5973809252 0.8851240872 0.6604685872 0.6389545504 0.600842268 0.6673815459 0.6466162709 0.7262963328 0.7267177644 0.6379401705 0.6030162674 0.6148949877 0.6110216416 0.6092651641 0.5998301371 0.5940106022 0.5969914279 0.8345267999 0.5565817251 0.5701877539 0.5654518692 0.569344386 0.5730251918 0.6940000291 0.6877538174 0.6816721617 0.6786806198 0.6802874974 0.76142376 0.7619260092 0.7672248559 0.7607849197 0.8995252615 0.8978994111 0.5348778995 0.8987644305 0.9028272164 0.8223293852 0.9059676409 0.8220016246 0 0 0 0.7878898705 0 0 0 0.7207253856 0.7251218236
0.6195682113 0.6122477646 0.6146189937 0.6092002725 0.5961451207 0.5928099064 0.7311923176 0.5993096071 0.6378765946 0 0.7519950235 0.7461934141 0.752182817 0 0 0 0 0.8293942047 0 0 0.7770246598 0.7210463767 0.6359999467 0.6691620915 0.582821914 0.5401058627 0.5391799851 0.6507650555 0.7360040884 0.6404914893 0.634512926 0.6397641364 0.619122383 0.6120637858 0.6006060752 0.5951348716 0.8686064039 0.7461125171 0.6059098807 0.7622613751 0.5744572832 0.5697997858 0.5708099858 0.6571882043 0.6526246364 0.6604202579 0.792002235 0.6838330882 0.6719591192 0.6802688595 0.6987552467 0.6019503131 0.6749355687 0.9053340708 0.903819266 0.8665346415 0.8433050282 0.8123853193 0.8960916306 0.6035770161 0 0 0 0 0 0 0 0 0 0
0.6128063702 0.6179937532 0.6148968629 0 0.5911526858 0.58960698 0.5952619269 0.6011310401 0.6053894934 0.7546663327 0.752998417 0.7513998034 0.7554151421 0.8356278681 0 0 0 0 0.7038541349 0.7472109486 0.7158889847 0.7189797271 0.6389561733 0.6464119847 0.638396942 0.8053234153 0.7500885389 0.6458410669 0.6428985511 0.638155123 0.631960541 0.6351340779 0.6248165194 0.6049573199 0.8786277944 0.6032546134 0.7456381777 0.7390728838 0.5172128449 0.5134872684 0.5757662989 0.6711485511 0.5176677972 0.6600899124 0.6511695505 0.6609783196 0.7942281279 0.7700119244 0.6123542321 0 0 0.8711214368 0.8603247365 0.8531759747 0.6861293727 0.5863458313 0.5775233801 0.9015689265 0.5988808563 0.5970304277 0 0 0 0 0 0 0 0 0 0
0 0 0 0.6147002193 0.5950324129 0.5995310866 0.5898209178 0.5142726087 0.5247873418 0.7598688775 0.7544870627 0 0 0 0 0 0 0 0 0.726766772 0.7186229023 0.7267279857 0.6415582865 0.6377504696 0.5914281869 0.810646691 0.8473940633 0.8519470957 0.8467273957 0.6431346859 0.6423542861 0.6413294211 0.6436695431 0.8314089496 0.5513938942 0.5445352491 0.7453992661 0.6223206395 0.8056044021 0.6375780994 0.6530198712 0 0.6636336696 0.6603560811 0.6559022585 0.6605587519 0.6129032454 0.6089219871 0.6415636098 0.8625412447 0.8648470294 0.8620044389 0.8617768633 0.8543979017 0.7188706088 0.5210083735 0 0.910336971 0.6030406939 0 0 0 0 0 0 0 0 0 0 0.6789177224
0 0 0 0 0.6059540704 0.6016885999 0.6002868663 0.8636528654 0.8200894871 0.8199625879 0.8132040444 0.8732588989 0 0 0.819889808 0.8255610663 0 0 0 0 0.7278115395 0.5972888783 0.6486013451 0.6402565157 0.6442154131 0.8176437175 0.8449722644 0.8445460249 0.8493809088 0.724964148 0.5819930256 0.5766023701 0.7505279271 0.6468175402 0.5493535965 0.5645753646 0.5634988657 0.6418317854 0.5164245639 0.6485146958 0.6570453394 0.7564704392 0.6616708656 0.6642230547 0.6639927865 0.7763225073 0 0.8148527519 0.862182618 0.8621209196 0.8590922777 0.8729953714 0.8807762258 0 0 0.6559055226 0.7180344728 0 0.5543819287 0 0 0 0 0 0 0 0 0 0 0
0 0 0 0 0.6071174521 0.7431709571 0.7814406792 0.8627940691 0.8645150172 0.8117226844 0.8732607663 0.8710464874 0.8273104893 0 0.6810519057 0 0.6732457179 0.6824046569 0 0.5654230564 0.574905293 0.5168516578 0.8266077551 0.7195219446 0.641182283 0.5691862661 0.5534324971 0.8450752354 0.8491358946 0.5881007406 0.5812292208 0.5793860886 0.7483689109 0.5522908961 0.5568674816 0.5566714846 0.5167955207 0.641590291 0.6544607438 0.8786912671 0.8327592209 0.6413262556 0.7251339503 0.7287343405 0.7673159122 0.7278023958 0 0.5840661252 0 0.8584290254 0 0.8715941493 0 0 0 0.7886333197 0.6923999049 0.5582450941 0.5505376627 0.5468707057 0.7634704796 0 0 0 0 0 0 0 0 0
0 0 0 0 0.6706713861 0.6766271426 0 0.861555659 0.8667451109 0.8607265422 0.8162006469 0.8298374893 0 0 0 0 0 0.6822083696 0.5555110045 0.5554438842 0.5625109382 0.5680382007 0.513191682 0.5902228016 0.5859353515 0.5617127402 0.5526221324 0.5566200441 0.5689682104 0.5672942436 0.7763164046 0.5888053823 0.5890894792 0.5657045965 0.7555202315 0.6857569084 0.5493257753 0.6436005113 0.7117672785 0.6633395555 0.8831333926 0.7306158113 0.724916738 0.7196105978 0.7246276818 0.8812446316 0 0.8801162538 0.859873865 0 0 0 0.8758997011 0 0.6936395856 0.6897222529 0 0.55381493 0.559234429 0.5494417731 0 0 0 0 0 0 0 0 0 0
0 0 0 0.6633506967 0.6701597683 0.6761243052 0.8565098472 0.8523147513 0.8599854476 0.8669705501 0.8360555964 0 0 0 0 0 0 0 0.819428658 0.5572919918 0.5612352837 0 0.535016757 0.5375647045 0.5845988844 0.5566131713 0.5571622506 0.5590375757 0.5606485854 0.5688060568 0.5625088411 0.5762520203 0.5727104265 0.5698775685 0.5661972289 0.7602693397 0.6446654064 0.8275746543 0.5621696551 0.7562103293 0.5549466134 0.7267880344 0.7201429267 0 0.7125421118 0 0.8731147305 0 0 0.8540929366 0 0.8696092159 0.8668668672 0 0 0 0 0 0.7338162757 0.5504503845 0.5420413418 0.541684302 0 0 0 0.7114750671 0 0.6954149593 0 0.7080720327
0 0 0 0 0.6720635451 0.6734963474 0.8604367148 0.8519481788 0.8555019699 0.8694819482 0 0.5191994595 0.5122254341 0 0 0 0 0.8154411808 0.8237327091 0.6102721651 0.6026750227 0.5357868843 0.5372974973 0.5349817583 0.5346274466 0.5365074354 0.5640745193 0.5631925335 0.5678433707 0.5701769751 0 0.5656791263 0.5726178254 0.5697292043 0.575016457 0.6536563959 0.8333369786 0.7744744433 0.8362991083 0.8779282976 0 0.8736571964 0 0.7121747057 0.7119406088 0 0 0 0.8585651763 0.8588736371 0.8598326706 0.8628618094 0.8690954045 0.876294569 0 0 0 0.6184279606 0 0.5570434953 0 0 0 0 0 0 0.702158984 0.6925645245 0.5726389738 0.7051051074
0 0 0.669823073 0.6714867888 0 0.8465945344 0.8613175812 0.7355129231 0.8600060944 0.8647442787 0.508187843 0 0.5123490848 0 0 0 0 0 0.8217244834 0 0.5670298637 0.6092674374 0.5440468969 0.5331966815 0.5283115142 0.5358610159 0.6381601813 0.6559111206 0.6040354778 0.5723034956 0.8097652729 0.8388170439 0.5554947509 0.5793540806 0.8376306407 0.8369325505 0.6583614575 0.6488243047 0.6459188326 0.8835970708 0.8768772433 0.8677075006 0 0 0 0 0.8633917451 0.8589589498 0.8673228962 0.8687694538 0.8647982099 0 0.8688106565 0.6992399422 0.6029138989 0 0.8399339155 0.7238571858 0.6611121524 0.552521891 0.5510907217 0 0.5523826596 0 0 0 0.6833800032 0.6898138508 0.7107811347 0.8380514754
0 0.787640227 0.6799863104 0.6749141355 0.6807248127 0.8503770214 0 0.8616260365 0.5325263906 0.8675003376 0.5094814254 0.5037589324 0.5044742976 0 0 0 0 0 0.840679993 0 0.5602916277 0.5689063091 0.5253495115 0.524479957 0.5267925649 0.5322065588 0.5374781727 0.7122829408 0.5662289401 0.7235082938 0.8666419447 0.7747252777 0.6442801783 0.741237208 0.9001091555 0.8962324746 0.6491482328 0.6537642559 0.8917135909 0.8821447581 0.8755105234 0.8768641387 0 0 0 0 0.8669381579 0.8630046249 0.7465956068 0.7449644525 0.742654554 0.7466107694 0.6082249351 0.6091331597 0.6024643733 0.6028517734 0.5007623697 0.5606853466 0.5576460409 0.5621456179 0 0 0.5636210237 0.5546884538 0.5005722253 0.6855041555 0.684652145 0.6862200348 0.8448350298 0.8387085148
0 0 0 0.6556517257 0.8504048117 0 0.6855829868 0.6943750162 0.6542963246 0.5139454709 0.5045322982 0.5087375347 0 0 0 0 0 0 0 0 0.6477178999 0 0 0.5330156004 0.5286829192 0.5308871488 0.5907248945 0.8695659743 0.760399952 0.7074144989 0.7178767679 0.7642558198 0.7460870276 0.9034876237 0.5249274649 0.891173054 0.8886984043 0.8986231698 0.8864414271 0.8852666137 0.8797842844 0.880079055 0 0 0 0 0.8766304241 0 0.8687728516 0.7375607052 0.7356058385 0.7514290436 0.6052507018 0.6027474567 0.611833802 0.6124319248 0.7784059562 0.5589284586 0.7036369269 0.564930169 0.5729893043 0.5588131772 0.5567699211 0.5640584794 0.50813919 0.705309506 0.6238064775 0.7830000223 0.8390403274 0.8410083011
0 0 0 0.8164542555 0.6572659395 0.5962235912 0 0.6941311161 0.6565757904 0 0.6508631785 0.5083361507 0 0 0 0 0 0 0 0 0 0 0 0 0 0.5352437257 0.640162843 0.7472948548 0.7517836493 0.747703414 0.7575694416 0.7552564421 0.7520377572 0.6332666254 0.784216056 0.8896324943 0.732861386 0.8915646332 0.8901662613 0.8958242532 0.907656931 0.8980981934 0 0 0 0 0.8783575759 0.885411095 0 0.7382440134 0.7411608527 0.7384828978 0.7274768905 0.6109739298 0.6073862679 0.7707183986 0.5142513682 0.7103021027 0.5778877994 0.5700564434 0 0.6880556868 0.8516332864 0 0.8383480303 0.6720813728 0.6043596526 0.6194488793 0.7640339214 0.8530052152
0.6203923432 0.612444099 0 0.6134007527 0.8183861065 0.8924080355 0 0 0 0.6502804669 0.6538935202 0 0 0 0 0 0 0 0 0 0.7667147588 0.7606056163 0 0.8461215895 0.8470884801 0.6388734995 0.6355866259 0.6389288358 0.7526141701 0.7475741133 0.7412401817 0.7473819613 0.7549407509 0.5224568338 0.8901573091 0.8902043757 0 0 0.7514817899 0.7612529589 0.9010106274 0.9049327283 0 0 0 0.8431179775 0.8455330895 0.8441543121 0.7975272906 0.7427164132 0.6159489435 0.6272031871 0.7657327579 0.7574495345 0.7637158428 0.7617065983 0.7616696258 0 0.5709606286 0.6077520021 0 0 0.7128515057 0 0.8406925726 0 0.6263005652 0.6217071451 0.6224559152 0.7644818957
0.7251115236 0.611990721 0 0 0 0 0.7184264273 0.6636962317 0.6552905837 0.6541956529 0.6540038638 0 0.9069692296 0 0 0 0.6494699548 0 0 0.7091001277 0 0.7084437741 0 0.8448283165 0.7199881464 0.6615935517 0.8724582099 0.7712612592 0 0.5992365282 0.7399095333 0.7468843714 0.7545507834 0.5923946224 0.5148994029 0.5145250391 0 0 0.7552568961 0.7563013537 0.8723462512 0.9018353464 0 0.7918446055 0.8354690921 0.8378057946 0.8390689959 0.8485215837 0.6185493551 0.618332593 0.6233293711 0.627517982 0.5421501623 0.7561856306 0.7520571614 0.7607349295 0.767586594 0.7712718348 0.7858585249 0.6078302754 0.7167377761 0.709532795 0.7145521124 0.7185663718 0.5779787938 0.634507201 0.6357728064 0.6313587288 0.7590717228 0.7660219849
0 0 0.5282273257 0 0 0.6537099112 0.5704110946 0 0.6599707656 0.6636138465 0.6680642028 0 0 0.809610235 0 0.8061077809 0 0.721659384 0 0.7034153994 0.7016132292 0.7027798218 0.8510750926 0.664388883 0.6546971341 0.657404585 0.640766006 0.7570702062 0.7540197801 0.7456234781 0.7393753547 0.7381119258 0.7390266055 0.7738217431 0.5200456906 0.6506507242 0 0 0 0.7868977339 0.6646633346 0.6583715108 0 0 0.8350961396 0.8441544346 0.6939222451 0.8448044061 0.6260279479 0.6266842312 0.6256953013 0.514430746 0.7062831152 0.759797088 0.7511037937 0.7543225755 0.7625584748 0.7765484395 0.7769982095 0.8447132945 0.7101816199 0.710706595 0.7142809966 0.8259187232 0.8185780861 0.8235866367 0.5573613801 0.5547673944 0.5541629295 0.5394761664
0 0 0.8950530906 0.8873442967 0 0.7380275488 0.5778912128 0.549248306 0.6721429441 0.6701514316 0 0.8896029181 0 0.8109537658 0.8029825808 0.8119275633 0 0 0.7141549992 0.7076143168 0.7096933833 0.5844393056 0.5859152837 0.6617077841 0.6572651634 0.6636926405 0.8069182617 0.6603087979 0.7480232185 0.7446174263 0.7371048412 0.7381962844 0 0.7902629486 0.7854939832 0 0.5175095959 0 0 0.7857329487 0.6655477503 0 0.6562833355 0.8404721268 0.86792197 0 0 0.8704011469 0.6486973874 0.629355195 0.6328218515 0.801657378 0.8028945018 0.7589697593 0.6293412522 0.7518242329 0.7848766902 0.7789777302 0.7805405238 0.8612342456 0.8657153946 0.7190597351 0 0.8758538518 0.8159375353 0.8076499177 0.5572093424 0.5505486671 0.5473635098 0.6485098207
0 0 0 0 0 0 0 0.8296840438 0 0 0.6412331684 0.8649534976 0 0.8117374471 0.8067580494 0.8041083965 0 0.8292374784 0.7147847593 0.7147726928 0.5832819904 0.5807758784 0.717435711 0.5301860003 0.5355674783 0.8061935812 0.5212482315 0.8890279298 0.8514928804 0.7375504516 0.7402936918 0.7422370784 0.7386193323 0.7847589134 0.786475769 0 0 0.5089066726 0 0 0 0 0.8440729783 0 0.6773569208 0.6767941617 0.55369407 0 0.6377105825 0.7855436217 0.7108272615 0.6998973329 0.6920968173 0.6189072245 0.8570721054 0.8274319415 0.5047739592 0.5030854606 0.7142103906 0.6238950207 0.6413158377 0.7141133358 0.8202345291 0.8132369186 0.8139019115 0.6582912575 0.7648302344 0.5539467052 0.6530754875 0.7972281177
0 0 0 0 0 0 0.5987030957 0.8200421387 0.7893532093 0.7827114905 0 0 0 0 0.8105274552 0.8161948109 0 0.6922769313 0.6905376319 0.6978365133 0.8272919653 0.7118149655 0.8872046887 0.5296053474 0.730947268 0.5119838483 0 0.7968380346 0.7977422802 0.7920143644 0.6191441461 0.6235047026 0.7501969239 0.5165402494 0 0 0.5666005052 0.5177557243 0 0 0 0.8692027724 0.7297371765 0.6840991619 0.6766425455 0.6776361547 0 0 0 0 0.6956444656 0 0.8832451408 0.8567373212 0 0.8296867689 0.5075012908 0.5068489191 0.5094167898 0.6371262785 0.5472126014 0.5552055709 0.8232322099 0.8168057219 0.6600019668 0.6578280335 0.6625220546 0.6618545559 0.6601533573 0.8506198762
0 0 0 0 0 0 0.8463763756 0.822881492 0.7876306854 0.7848453442 0 0 0 0 0 0.8452757924 0 0.700179424 0.7468899575 0.6989369906 0.7082406624 0.8199174784 0.7172996831 0.7835954648 0.8041540565 0.7241494358 0.5059917668 0.7962355767 0.7895459876 0.791578256 0.6209368712 0.8266631593 0.7484582278 0.878236361 0 0.7943052476 0.7955139621 0.7913620511 0.8677737808 0 0 0.8769258355 0.5168065574 0.6839617579 0 0.6774079292 0 0 0 0 0 0 0.7242108985 0.7459657775 0.5731338234 0 0.7969848907 0.6888344819 0.6008585074 0.6443664134 0.6413341615 0.5454015807 0.5521737952 0.6686666481 0.6496037138 0.6556778797 0.6550237817 0.8154734779 0.8155136526 0.8149591245
0 0 0 0 0 0 0 0.7972798639 0 0 0 0 0 0 0 0 0.6377134496 0.6842307457 0.7043848335 0.6275070144 0.8165919089 0.5733780654 0 0.7758572332 0.7846088768 0.7309412384 0.6788847496 0.6335815955 0.5666639736 0.5489752828 0.588488049 0.8344418607 0 0 0.7969257074 0.5558384806 0.7975868319 0.790128014 0.7870022766 0 0 0 0 0 0 0.7601441524 0.7417033559 0 0 0 0 0 0.6240161632 0.5621044098 0.5635968517 0.5640190369 0 0.7255134671 0.5463771238 0.6041453567 0.5483324994 0.5480097266 0.8237428889 0.8719301607 0.8706570894 0.6493037197 0.6563186326 0.8144353074 0.8146065207 0.8096866217
0 0 0 0 0 0 0 0 0 0 0 0 0 0 0 0.6355131047 0.542661659 0.8237063009 0.8148847192 0.8082831809 0.6863705982 0.5495317202 0.5877988624 0.5950723698 0.5898716584 0.5889673022 0.6722332139 0.5681695507 0.5606625777 0.5797953191 0.8430903619 0.6569564931 0.8598776362 0 0 0.6124819627 0 0.7881621786 0 0.7829635138 0 0 0 0 0 0 0.8917330279 0.7894548649 0 0.790451139 0 0 0.8024812105 0 0.5600522613 0.5667874747 0 0.7275639419 0.7309029533 0.5345658964 0.7360487032 0.5800492156 0.8727590959 0.8723545361 0.8674324565 0.8700923079 0.6508791296 0.8218563729 0.8124116973 0.8130833209
0 0 0 0 0 0 0 0 0 0 0 0 0 0 0 0.5353459185 0 0.7929297773 0 0.7984254666 0.6894511979 0.8287522464 0.6359341785 0.5900208713 0.5861639138 0.5936369325 0.6648808049 0.5955315992 0.781973603 0.7212179929 0.653465929 0.6549112792 0.6667039907 0.8672114605 0.5486227899 0.6652072243 0 0 0 0 0.771050194 0.6254334843 0 0 0 0.8889661959 0 0.8987109996 0.7928710718 0.8001236158 0 0 0.8285709038 0.5639293193 0.5680191978 0.5628210753 0 0.8125660669 0.610645681 0.6102781952 0.6708593868 0.8278019647 0.8770565748 0.8732193596 0.8763597406 0.8758512225 0.8216158795 0.8201261115 0.8158378225 0.8059640084
0 0 0 0 0 0 0 0 0 0 0 0 0 0.7018653079 0.5445085685 0 0 0 0.7964877982 0.8014192691 0.5240582762 0.6394023029 0.8173800358 0.6313870015 0.5953393853 0.5865151242 0.5941989253 0.6695776735 0.6538185026 0.6479187482 0.656352172 0.6575004781 0.6608466111 0 0.6935186515 0.6859219518 0 0.7909101937 0 0 0 0.649178718 0.7370255704 0.762584049 0 0.8953457471 0.8985827509 0.8996359503 0.7577847021 0.5834521277 0.8407458258 0.869402889 0.6255382958 0.5649326949 0.5720015202 0.7285623258 0.8303946642 0.8358147391 0.5462581906 0.6169445743 0.666538169 0.6644181122 0.6600494113 0.8804189396 0.8769136541 0.883985639 0.8266836938 0.8258159655 0.8289187793 0.8060466507
0 0 0 0 0 0 0 0 0 0 0 0 0 0 0 0 0 0 0.6221285088 0.8063206008 0.7160964706 0.8257200646 0.8169476198 0.8151831351 0.8135867535 0.8157323011 0.6487804683 0.6039724988 0.6567164141 0.6550958634 0.7022585368 0.7016616398 0.7028775497 0 0.5251933707 0.6918916456 0.6851390893 0 0 0 0.6394859413 0.8854895525 0 0.8620515382 0.9040319613 0.9001093365 0.9005676397 0.8988678515 0.6493762538 0.7802215822 0 0.7603737797 0.7601486448 0 0 0.8329295933 0.7282286849 0.8258850852 0.8339060514 0.6255173059 0.6682296268 0.6659847115 0.6667911126 0.6688543683 0.6294890916 0.8866200063 0.8911404434 0.8298836947 0.8441540129 0.8132883442
0 0 0 0 0 0 0 0 0 0 0 0 0 0 0 0 0.6613563388 0.6658665323 0.8340892998 0.855311356 0.8445410161 0.8308084755 0.821018306 0.812685727 0.8142145461 0.8153096724 0.8431827845 0.7444120548 0.7543954632 0.7510252948 0.6981533135 0.6978837609 0.7029180925 0.7111614049 0.5229064454 0.6891728277 0.6932505261 0.6924362747 0 0.6109218161 0.689598526 0.8764474509 0.5879516605 0.7004822033 0.554146966 0.7765066562 0.5567024779 0.9077731625 0.8445130234 0.5023706403 0.762465841 0.7588499071 0.8707287068 0.8766494353 0.6929494922 0.6529665446 0.8317778314 0.8289748501 0 0 0.6716853323 0.6194676247 0.6151002058 0.622111419 0.6213313903 0.7901251447 0.5534710566 0.727630483 0.7316370963 0.7309763747
0 0 0 0 0 0 0 0 0 0.5859425581 0.5867868973 0 0 0.6411288609 0.6378185835 0.6461819323 0.6679215526 0 0.6706901417 0.833118491 0 0.6011968887 0.8224268779 0.8186362895 0.8201316213 0.8345623618 0.8356730378 0.8357646523 0.7487227826 0.8863096672 0 0 0 0 0.8176250616 0.6921170065 0 0 0.5837135674 0 0.6432983196 0.8480611759 0 0.78609274 0.5510293413 0.5484944514 0.6719520086 0.5478583424 0.5438781528 0.5730206486 0.522547283 0.5241420363 0.5287100116 0 0.857512306 0.7003348824 0.648020583 0.6467041853 0 0.6546592752 0.5047325004 0.6156959654 0.7765409298 0.6138056433 0.792184257 0.8667798125 0.608853006 0.7315693201 0.7259561233 0.7266218385
0 0 0 0 0 0 0 0 0 0 0 0.5443260816 0 0.6430386925 0.6403778172 0.6463272904 0.6472759362 0.5860962025 0.5019441983 0.5736827165 0.5702555999 0.5668374436 0.8326099184 0.6741503146 0.8606510191 0.8451833709 0.8326769001 0.8349611965 0.8092830158 0.6908648488 0.8128935592 0 0.8202988409 0.8167947603 0.7396646032 0.6963151715 0.6889594239 0 0 0.8052993142 0.7626421789 0 0.6835402249 0.6861224868 0.8878259423 0.552106242 0.5542334411 0.5400519837 0.5255359404 0.7918419426 0.541772864 0.52106478 0 0 0 0 0.6444752308 0.6464119995 0.6494970056 0.655481426 0.5069725647 0.5005838367 0.6157723195 0.6227354483 0.619582851 0.858387868 0.8524697662 0.7312704975 0.7269504023 0.7335839221
0 0 0 0 0 0 0 0 0 0 0 0 0.5442489264 0.6477853207 0.6419149375 0.6404306031 0.5087130227 0 0 0.5706558489 0.5647072526 0.5999437435 0.5711523191 0.8231401554 0.8410172627 0.8405361913 0.8415903381 0.8370340554 0 0.6059550864 0 0 0.8158729133 0.8210550635 0.8231698742 0.6909984974 0.7238886725 0 0 0 0.7606972081 0.7460379186 0.6773809131 0.623088467 0.6849244853 0.521573099 0.5458180079 0.5462358311 0.6132295034 0.8833623629 0.6746283436 0.5383925858 0 0.6234573487 0 0 0.6407512877 0.6479677768 0.6539377214 0.6569677516 0.5045006304 0.5031172555 0.5052463043 0.5128217264 0.867071206 0.8537064213 0.7574662573 0.8603680963 0.7363728299 0.7434092494
