landscape/hab_quality/256/simulation_000052_p068_h037_HABMAT_patch_more_500pix_modified.asc_ac_0.5_quality.asc
NCOLS 513
NROWS 513
XLLCORNER 0
YLLCORNER 0
CELLSIZE 9.980507
NODATA_VALUE NaN
[rows 104 to 129 of 513, columns 0 to 58 of 513]
0 0 0.6699193018 0.7146806742 0.704727078 0.7145769175 0.8294263463 0.7257997106 0.7240139565 0 0.7404550235 0 0 0 0.8785327694 0 0.801640039 0.8773908454 0.8759400596 0.5427481823 0.5404015966 0.5654685975 0.5629785721 0.5652487252 0.552702016 0.5534190909 0.5594884495 0.5966767879 0.6638104951 0.6163073997 0.6158058102 0 0 0 0 0.629881017 0 0.6950633837 0.6892765832 0.6465453769 0.6418577207 0.5475086606 0.6246209836 0.6247910097 0.6218855043 0.5910757393 0.5963890689 0.6460497005 0.6462082099 0.646501731 0.6508766749 0.6540285082 0 0.8103298018 0 0.7087532756 0.7971064389 0.6523395169 0.6500728556
0 0.5886238684 0.5975133849 0.7081457176 0.7933872353 0.7091406048 0.7242207594 0 0.721653229 0.7788092364 0.8822865046 0 0 0.5592810137 0.9053484742 0.8109060206 0.8024479618 0.8087742607 0.885807217 0.5414478717 0 0 0.5640256177 0.5676908185 0.5758315134 0 0.8904463313 0.7568946302 0.6252463502 0.6166575445 0 0 0.7289288245 0.5050553857 0.6374368159 0.6189836346 0.6823672068 0.6864734449 0.6840639363 0.6838584601 0.6329685127 0.6276758804 0.6193261551 0.6168482074 0.62479429 0.7337534067 0.5936180423 0.6469828897 0.6459666097 0.6466025993 0.6495344473 0 0 0 0 0.5483427247 0.783594498 0.6579485355 0.7095210269
0 0 0 0.8726451772 0.7327470283 0.7282750977 0.7275271976 0.7214671732 0.7268795115 0 0 0 0.5579584031 0 0.9120024301 0.9020059395 0.7112711927 0.8986384791 0.7541935261 0.7526267316 0.753518649 0.5678867803 0.5646963679 0.5716711456 0.5739164912 0.8912005885 0.858180211 0.879986042 0.8523600113 0.8788033112 0 0.7538970121 0.571055276 0 0.6894665945 0.6790848828 0.6775229364 0.6846419762 0.6776928729 0.7526294411 0.7489292407 0.6248152535 0.616977388 0.6236338206 0.8530909875 0.6281097058 0.8548367089 0.6537506473 0 0 0 0 0.5334945658 0.5325358891 0.5391456456 0.5424505423 0.7107098608 0.7830786721 0.7145811791
0 0 0 0.690371443 0.7795323917 0 0.7186808441 0 0 0.6924956932 0 0 0 0.7524947137 0 0 0.8980604693 0.9010827042 0.7527923289 0.7467891131 0.7488547083 0.7453650007 0.5455247803 0.5511944672 0.5455770178 0.5415131317 0.861199739 0.8517819361 0.8508411589 0.8515052467 0.8835422111 0 0.7492270329 0.7393763752 0.6964318447 0.6873164965 0.6762833363 0.6753633324 0.684965889 0 0.7451628972 0.7393570694 0.7433860754 0.7375716818 0.5239177468 0.8592452516 0.8594449268 0.8618694324 0 0.845211862 0.8261297717 0.8921889396 0.5393896439 0.5350020348 0.5336448147 0 0.607065741 0.6513044021 0.7256728976
0 0 0 0.6884015202 0.8191337168 0 0.7279199925 0.7277639765 0.6832012451 0 0 0 0 0 0 0.888173023 0.6323374698 0.5104935475 0.7464779278 0.7428412398 0.7410070881 0.7457949952 0 0.5435250918 0.5462818057 0.5480835792 0.8441460346 0.8442959047 0.8480373434 0.8500375327 0.7940732338 0.8293590712 0.8600840981 0.7053911405 0.6969879823 0.5088296738 0.6799524348 0.6796963544 0.677404568 0.7547657265 0.7387198744 0.7384198728 0.7343572495 0.7412001449 0.7431123639 0.8692510902 0.8626144828 0.8638898711 0 0 0 0.8941856648 0.7682681854 0.7047628731 0.7048345559 0.8103677931 0.659443512 0.6519840246 0.6045364539
0 0.7572785064 0 0.6039284822 0.5869979026 0 0 0.7402093876 0.7381067516 0.7327962526 0.7233994171 0.8348770858 0 0.6170949851 0 0.6330052227 0.8102898995 0.760085212 0.7527490745 0.7432211545 0.7382227036 0 0 0.5534025485 0.5480509663 0.8523453257 0.8409974217 0.8392111032 0.8462403811 0.8520022614 0.859271105 0.7724320829 0.7686609149 0.7747559738 0.7320866057 0.7729942875 0.7128633382 0.6790156913 0.7992109235 0.7482522977 0.7457084709 0.7384184693 0.7435327708 0.7353321885 0.736316153 0 0.7185722995 0.8903352899 0.8538601228 0.8191500409 0.883339866 0.8825880651 0.6786352888 0.6991201893 0.7020905022 0.6875217556 0.6928538655 0.6810002951 0.507174037
0 0.5413605249 0.8811194015 0.8283691124 0.8330995356 0.8600216656 0.7900140788 0.7394478468 0.7367114935 0.728767662 0.7219265127 0.7193944547 0.7293388451 0.6196992924 0.5476666925 0.5467562598 0.5852948908 0 0 0.7430114427 0.741163147 0 0 0.5607162455 0.5544250252 0.8470869017 0.8461956762 0.8415738655 0.8488132205 0.8561071477 0.86030039 0.8593952418 0.6248015654 0.7680862039 0.7553858417 0.5332296282 0.647579582 0.6391719731 0 0.7961995825 0.7513640723 0.7449389238 0.7357482348 0.7408129241 0 0.7166653487 0.6519769398 0.7260934733 0.7879708164 0.7741544157 0.7754851017 0.7820299919 0.7608588356 0.7109122542 0.7039302907 0.5754607661 0.6906688536 0.6999810493 0.5148432512
0 0 0.8206584349 0.8250166687 0.8551251903 0.8524609723 0.8522083516 0.7485781998 0.7387675244 0.6810926438 0.7284562819 0 0.7286499113 0.73930793 0.6047668557 0 0.5415989791 0 0.745315453 0.6528978659 0.7445268019 0.7239555497 0.7009489505 0.5640143801 0.8490539643 0.8523067068 0.8471184471 0.8400271461 0.8482379467 0.8487187346 0.8508414706 0.8661958652 0.6024102995 0.6064840894 0.6023964041 0.7719270217 0.6387516704 0.6314774574 0.6297119426 0.7966022306 0 0 0 0.7066272484 0.7094647219 0 0.71931988 0.7199389261 0.7867550101 0.7664078947 0.7735540967 0.8477094498 0.726335133 0.7172831345 0.7205325035 0.7112270556 0.723501015 0.7637655786 0.7352447909
0 0 0 0.8300253633 0.8499809521 0.8476521037 0 0.7414958026 0.7419650375 0.7711421575 0.7288108076 0.7308117977 0.7697549324 0.6058179835 0.7037150862 0 0 0 0 0.8624502446 0.613388466 0.6967137553 0.6616035097 0.6943371889 0.8602395195 0.5630816682 0 0.5669826336 0.5841155075 0.8475805121 0.8422686898 0.6045136533 0.5979806278 0.5985990593 0.634503204 0.6483392383 0.6365546974 0.6317744669 0.541025863 0.5391237361 0.5399555693 0.6213730886 0.7118020874 0 0 0.7096235106 0.7330016523 0.7291190014 0 0.7610650919 0.7638421231 0.7649836183 0.7202911618 0.716472672 0.7110915956 0.7141838761 0.7182072674 0.7258863207 0.7340807811
0 0 0 0 0 0 0.857549761 0.7444962906 0.7018828486 0 0.7806168539 0 0.6946955794 0.5384035842 0 0.6957952508 0 0 0 0.8486270833 0 0 0 0 0.6876450566 0.5607889454 0.5587175773 0.5657055404 0.8497465984 0.8468796759 0.6005989895 0.6004582355 0.597732991 0.599213824 0.550142044 0.7429976839 0.5707258962 0.6405593329 0.5417892877 0.7512398264 0 0 0 0 0 0.7136622827 0.7187027613 0.7544010605 0 0 0.7585408378 0.7604656969 0.7638063039 0.7164736114 0.7077813692 0.7144565824 0.7168781362 0.7178780096 0.7311916096
0 0 0 0 0 0 0 0 0 0.5848596909 0.7341446783 0 0.8917228288 0 0 0 0 0 0 0 0 0 0 0 0 0.56686196 0.7336547233 0.6243014722 0.56685861 0.6018405401 0.8098536598 0.6063791891 0.6010987407 0.6073464634 0.8634080576 0.8646099115 0.8643781572 0.5767787342 0.5830264807 0.5251795881 0 0 0 0 0 0.7189937374 0.7605192498 0 0.7637779396 0.7632536141 0.7637619578 0.7547420137 0.7476859145 0.7537104446 0.7169384396 0.7163460777 0.7229125768 0.733198522 0.535546238
0 0 0 0 0 0 0 0 0 0 0.5887381291 0 0 0 0.8345042217 0 0 0 0 0 0 0 0 0 0.5619140086 0.7363716848 0.7424325431 0.7342115404 0.7094026556 0.888937746 0.8837513693 0.874183492 0.8693965811 0.8639754001 0.8628682904 0.8628009477 0.8722406804 0.5740016945 0.6208168326 0.712192102 0 0.8776888249 0 0 0 0 0.7201520223 0.7818384063 0.7724503961 0 0.7577241907 0.746513931 0.7462134868 0.752032235 0.7232150341 0.7211843025 0.725610793 0.7267787117 0.5258309714
0 0.5522796817 0 0 0 0 0.8904059645 0.8243149395 0 0 0 0 0 0.629024785 0.8824471501 0 0 0 0 0 0 0 0 0.6839956929 0.6004227002 0 0 0.6610703943 0 0 0.8792460946 0.8668360524 0.8696791895 0.8669006627 0.8573539979 0.8662645158 0.8688010748 0.7202191787 0.711913757 0.8520195231 0 0 0.8685295665 0.6062586551 0 0 0.8076174561 0.6183856443 0 0.7811759797 0.7675811367 0.7542489808 0.7543238553 0.7517133025 0.7269165974 0.7327634061 0.7294844086 0.5290774238 0.5258073901
0 0.897636616 0.8918369639 0 0.8851483607 0.8895097692 0.8871422307 0.8994602159 0 0 0 0 0 0 0.7120794326 0 0 0 0 0 0 0 0 0 0.818135941 0.6994253646 0 0 0.5865748657 0.8890821744 0.8837640211 0.8815762438 0.8701909874 0.8639161669 0.8074046213 0.8587189392 0.559998064 0.8729846413 0.8551356072 0.5520159952 0.8509304146 0.8545549646 0.8622908632 0.8650553338 0 0.5913733349 0.5359730966 0.898952769 0 0.7475482233 0.7793531371 0.8394977381 0.7355441442 0.7346507899 0.7349971028 0.7268337518 0.7281651195 0.5197941279 0.5205790317
0 0.8930834457 0.8918391129 0.8886522659 0.8815884369 0.8860199523 0.8934115403 0 0 0.8039802917 0.7995862262 0.7991039547 0 0.6692289286 0 0.8073416057 0.8463810495 0.8420220521 0 0 0 0 0 0 0 0 0.808434043 0.74938879 0.6057727751 0.5876762338 0.8263346064 0.8306656224 0.8676566647 0.7165690031 0.8698620286 0.6534815789 0.6576028232 0.8733648603 0.872127857 0.8531952611 0.8604758987 0.8602265546 0.8629967397 0.8639553919 0.7422804504 0.5349251526 0.5280062628 0.8463057869 0.6599089851 0.6546532259 0.7761895056 0.5560702307 0.5543364446 0.7380741314 0.7312314848 0.7307522018 0.7296012591 0.5297610901 0.5282219118
0 0.8985431514 0.896546315 0.8878113188 0.8904528076 0.8816660475 0 0 0 0 0.797097916 0.7951955506 0.8048522722 0.7332309328 0.5353802744 0.8921769562 0.7177998218 0.653121126 0.7368467813 0.6202496856 0 0 0 0 0 0 0.8480141887 0.6108466188 0.5924094241 0.5953195291 0.826917606 0.8251199354 0.8268973717 0.8349509575 0.7906331671 0.5807545668 0.6556189302 0.8721938865 0.8603740892 0.7435905172 0.7292830945 0.5990357355 0.8637777182 0.8637619154 0.5263795959 0.8661460168 0.8398682493 0.8442316622 0.6495224907 0.6506660049 0.5607025055 0.550892296 0.5598551011 0.7318095483 0.7406610368 0.7396134503 0.5386577394 0.5314009358 0.5846004586
0 0.8944536585 0.8915090926 0.8966480744 0.8966373018 0 0 0 0 0 0.7968302661 0 0.7962327732 0.6397907736 0.5282228351 0.820895174 0.7739734081 0.7706277347 0.6471153534 0.5855877684 0 0 0 0 0 0.6748523267 0 0 0 0.5639989027 0.5671110788 0.8276660861 0.8325976719 0.8343398112 0.7062099429 0.6948859139 0.8878424132 0.6618931677 0.8355735773 0.695781133 0.6888133647 0.6936877675 0.8678321667 0 0.8659200596 0.5362862231 0.6328304684 0.619016666 0.786354457 0.6451897589 0.5566536718 0.5549802833 0.5570010043 0.7444160238 0.810860599 0.5147333328 0.6951894051 0.5369067525 0.5835527238
0 0.8964680783 0.8952124221 0.8948941216 0.9013217502 0.7976447701 0 0 0 0 0 0 0 0.7622458545 0.7928421666 0 0.7774068187 0.775547474 0 0 0 0 0 0 0 0.6803134244 0 0 0 0.5627849911 0.5686017811 0.8420872622 0.8386496712 0.5285005683 0.7106599751 0.5412631945 0.7509263456 0.7006028001 0.6945688637 0.6886176787 0.7454086128 0.696675449 0.5762918999 0.5758452044 0 0.8268586069 0.7784664572 0.7764210986 0.7823755217 0.6415785031 0.5915333285 0.5969347492 0.6465621698 0.546102703 0.6332457994 0.6015347316 0.545465895 0 0.5858238817
0 0.8964391935 0.9014086478 0.9020339415 0.9021666612 0 0.8319191203 0 0 0 0 0 0.7766309015 0.8513723255 0.7612497585 0 0.7616516075 0 0 0 0 0.5941850276 0.5853639503 0.5908931953 0 0.6741262096 0 0.6805818132 0.568884615 0.566250897 0 0.5740020582 0 0.7550741695 0.7579348256 0.7343656159 0.7340381625 0.7424398057 0.6912545635 0.6910702383 0.6869437973 0.6919639124 0.8560575971 0.5742627954 0.5782373153 0.8431670577 0.7825038341 0.7823617569 0.7820764855 0.6416588332 0.6775626783 0.6613615568 0.7132672601 0.7196826981 0.7138349827 0.840896268 0.8383233886 0.8405137175 0.5932594336
0 0.6960298135 0.9051677478 0.6085731088 0.9062754829 0.8162989617 0.8045270834 0 0 0.6399720218 0.87589586 0.8859872981 0.7606259285 0.7584883532 0.7567720168 0.7574929948 0.7525013768 0.7731073335 0.7709973385 0 0 0.5934481593 0.5851432845 0 0.6819602413 0 0.6715157808 0 0.7739648968 0 0.5673045292 0.5716465267 0 0.782386061 0.7519348946 0.7400532857 0.7325281711 0.7701489169 0.7728348781 0.7745287961 0.6907756716 0.6911754245 0.8230443284 0.7256070209 0.5837882701 0.8459132592 0.837052818 0.8677122687 0.514030346 0.8780870593 0.6640811089 0.6628733601 0.6691983462 0.7222770385 0.7236238345 0.8424226794 0.8327064573 0.8401163845 0.6391881542
0 0.6895585696 0.6950984377 0.9109033403 0.8149026969 0.5839558164 0.7683589023 0.7563981118 0.7826277295 0.8834516408 0.8793609757 0.5683510447 0.8765903184 0.7537497308 0.7532404803 0.7518002846 0 0.764630571 0.768430931 0 0 0.8315269305 0 0 0 0 0 0.6809522064 0 0.7808553435 0.5755851063 0.5760075422 0.5814859747 0.7804362875 0.7771734725 0.7782557861 0.7761371841 0.7698849751 0.7694712728 0.7669148804 0.7783411884 0.6528128425 0.7205417401 0.7718814921 0.8966119785 0.8380910146 0.5717938129 0.8448033246 0.8452786999 0.8766852725 0.8712419638 0.8723314138 0.5016633453 0.6072341054 0.7976314118 0.8380697242 0.5852826267 0.8403878386 0.6365037324
0 0.6872283226 0.6720197599 0.8585862172 0.5122232281 0.5730763097 0.7865886059 0 0.6005620135 0 0.6669476934 0.6571917285 0.6250482424 0.7541883397 0.7556058979 0.7561646548 0.7567012108 0.7640924471 0.7714196867 0 0.8413381365 0 0.724296681 0 0 0 0.8262840753 0.7639878133 0 0.7664414982 0 0.6447934385 0.6501037199 0.7764762464 0.7759871312 0.7715562291 0.7712144277 0.7624893116 0.7641040621 0.7700505153 0.8055026804 0.5465768351 0.7214357096 0.6873746574 0.8680197511 0.6406682831 0.8523535432 0.8460833408 0.8513341765 0.8714581952 0.8695639084 0.8690078546 0.5471655543 0.8640689978 0.6313733961 0.5197844393 0.5346297753 0.519274052 0.6358758417
0 0.6719036966 0.6058482151 0.6700554466 0.6753932591 0.7803105535 0.5136679773 0.7045245714 0 0 0 0 0.7883952436 0.6301320486 0.8964964702 0 0 0.7637341193 0 0.7729712668 0 0 0 0 0 0 0.6954307354 0.6166424857 0.761589355 0.7676989622 0.6290828329 0 0.6476923539 0 0.7767790244 0.7730458976 0.7653387475 0.7613016617 0.7637331013 0.6150188659 0.5174604571 0.5212722616 0.6190866215 0.6420116262 0.6390234121 0.8596321689 0.5945100741 0.5856486813 0.5861416352 0.7057290759 0.8257943626 0.877492925 0.8762868504 0.6956120345 0.7517440163 0.5237355191 0.5258039966 0.5243012196 0.5182249386
0 0.6756085043 0.6667325203 0.667478836 0.6602201398 0.8045190124 0.7900513186 0 0 0 0 0.7643271833 0 0 0 0 0.7705666049 0.7715510799 0.5593702163 0.8780434741 0.8506973689 0.7971661142 0 0 0 0.7332105756 0 0.7612004329 0.6859020193 0 0 0 0 0 0 0.774143618 0.7662237695 0.7709227135 0.771116846 0.7766141656 0.5117926711 0.5125443746 0.5201118816 0.5096938891 0.6359197564 0.6361463334 0.5897213998 0.6734794944 0.8515594007 0.7066563516 0.7015035818 0.708040312 0.7049170042 0.70915979 0.5278420272 0.5131395597 0.515744544 0.5173737245 0.5198377283
0 0.6676614921 0.6606643922 0.6593908413 0.6655188048 0 0.5976030236 0 0 0 0 0 0 0.537663192 0.5305952139 0.5378400331 0 0.6109872893 0.8712023608 0.8771567402 0.7947208899 0 0 0 0 0 0 0.6823323902 0.8746550735 0 0 0 0 0 0 0.7756613942 0.7732180946 0.7684258478 0.8311892585 0.7797445634 0.5152707525 0.51024229 0.5704294274 0.6277675396 0.8406826924 0.70173067 0.5292658643 0.7264664173 0.720656032 0.6996074023 0.6983488575 0.7047273074 0.7053905355 0.7064958676 0.5210313837 0.5204514093 0.5112258821 0.5140440653 0.6425317437
0 0.6696169417 0.6606602623 0.6638117377 0.6624574863 0.5892091116 0.5881578229 0.7345506618 0 0 0 0 0.8247440202 0.5293369257 0.5332805113 0.5382200916 0.8694504264 0.8669412204 0.683006617 0 0.8186549302 0 0.7469332763 0.7650026404 0.7639562975 0.6876924512 0.6835356556 0.676741849 0.6815057627 0 0 0 0 0 0 0.7782225947 0.7759876547 0.7750949945 0.5411523828 0.5392637128 0.8867257523 0.5139622756 0.8899614082 0.6356175118 0.6291522392 0.6292945928 0.8663823833 0.8561696934 0.6940159977 0.7048454571 0.6922381753 0.6974673598 0.6936420985 0.7146807865 0.7967379356 0.5162556558 0.5204522523 0.5155774372 0.648667483
