landscape/hab_quality/256/simulation_000070_p066_h065_HABMAT_patch_more_500pix_modified.asc_ac_0.5_quality.asc
NCOLS 513
NROWS 513
XLLCORNER 0
YLLCORNER 0
CELLSIZE 9.980507
NODATA_VALUE NaN
[rows 155 to 185 of 513, columns 345 to 413 of 513]
0 0 0 0 0 0 0 0 0 0 0 0 0 0 0 0 0 0 0 0.6511531743 0.6560081001 0.5734782953 0.5023277582 0.8549378212 0.5201791449 0 0.6463934811 0.6623442096 0.6642187439 0.6613766114 0.6698799248 0.7740339084 0.7728822571 0.7810554206 0.5453729313 0.7589418401 0.8792421806 0.6585832541 0.6566239621 0.6656583342 0.6716290094 0.6672593559 0.6722122713 0.6649509796 0.6720316678 0.6863104969 0.6874749261 0.8552546281 0.8638747496 0.5264409619 0.5800234238 0.7608759725 0.5421068802 0.798127962 0.7911505976 0.791119019 0.7908382773 0.6782321854 0.707490792 0.5665792495 0.6181504982 0.6135600685 0.6129628424 0.5531426814 0.7074340789 0.7119314739 0 0 0
0 0 0 0 0 0 0 0 0 0 0 0 0 0 0 0 0 0 0.5149230038 0.5200736421 0 0 0 0.5915993667 0.5923888849 0.5921861232 0.6615862699 0.6603939153 0.6584678084 0.6687269144 0.669582213 0.7731339043 0.767255767 0.765902485 0.7722119204 0.7688755467 0.7585517067 0.6570562727 0.6557735838 0.6625730201 0.6661549197 0.662758083 0.6651408108 0.6648868788 0 0.511028419 0.7184338181 0.8619234037 0.8585783278 0.5817654351 0.5870706626 0.5364179352 0.8129572613 0.8006859647 0.8029994139 0.7184376733 0.6831126629 0.6755271959 0.6723153875 0.5492632041 0.6150944269 0.6087023444 0.7298348657 0.7371067426 0 0.7043772567 0.7551965545 0 0
0 0 0 0 0 0 0 0 0 0 0 0 0 0 0 0 0 0 0 0 0 0.6278372466 0 0.5898039917 0.5869479589 0.84589571 0.6648190295 0.5818932376 0.6610565369 0.6621469568 0.7701103034 0.7705998598 0.7676135334 0.5601617168 0.6069991187 0.7601904514 0.7601328174 0.7741986305 0.6590657859 0.8982131487 0.912777308 0.9053228626 0.6570417955 0.6503054681 0.6744620898 0.7464717078 0.8778837474 0.879016059 0.8859023879 0.5915795258 0.5913539673 0.5358775577 0.6331199318 0.5932104058 0.7333640406 0.6665365931 0.6838881472 0.6656515982 0.6665860424 0.6236584719 0.616989298 0.6143203022 0.6181423687 0.7331813605 0.7135095883 0.6269865291 0.7115761819 0 0
0 0 0 0 0 0 0 0 0 0 0 0 0 0 0 0 0 0 0 0 0.8328423335 0.6004105772 0.5874488435 0.5826170684 0.584802236 0.844420727 0.8265307681 0.8362521952 0.7267581515 0.6680330159 0.6634679609 0.540287184 0.7716423882 0.5547677656 0.7743007593 0.7697681747 0.7684235798 0.7678617859 0.9138968419 0.9046929197 0.9060884322 0.6472501367 0.6493009639 0.6546618961 0.7437140461 0.8644126957 0.8750403795 0.8783120848 0.8832802373 0.7842649356 0.6547481283 0.5827881023 0.584444508 0.585177489 0.5877823652 0.6689287031 0.6638531374 0.6626698211 0.6660917281 0.6740903444 0.8182369344 0.8098209842 0.7973406008 0.7757238439 0.6366064406 0.6344472562 0 0 0.755006122
0 0 0 0 0 0 0 0 0 0 0 0 0 0 0 0 0 0 0 0 0.8263209181 0.5974390837 0.5924277224 0.584219431 0.587877495 0.842775515 0.8345083057 0.6762213158 0.7250837615 0.7343808247 0.5976002752 0.7997851872 0.7129721563 0.7186432878 0.7748933901 0.7753786769 0.7687914801 0.8434552629 0.9061788502 0.6676446516 0.532740251 0.6420611098 0.6422634184 0.6499087353 0.8627783415 0.8679129572 0.8731473087 0.8481035219 0.7432530422 0.8154200683 0.5149048402 0.590063948 0.5811586448 0.5861523161 0.5888865303 0.6721112681 0.6543861212 0.6619746398 0.6656335222 0.6701028229 0.8136568765 0.8084703525 0.8100716226 0.7700690297 0.7692719126 0.8027556274 0 0.8060315539 0
0 0 0 0 0 0 0 0 0 0 0 0 0 0 0 0 0 0 0 0 0.8825415951 0.5983387527 0 0.6007765666 0.5895815178 0.834894208 0.8393124158 0.7348119447 0.7344588836 0.8103538291 0.8161546714 0.7117186663 0.7096853381 0.7111343212 0.7079170549 0.7744043645 0.5300308695 0.8522031717 0.6389829219 0.6352516903 0.6322703103 0.6358267047 0.6494232243 0.7761293528 0.8717266652 0.8643190183 0.8715123942 0.7335176971 0.7397057085 0.586819417 0.5745636665 0.5802270234 0.5766301272 0.5900422735 0.597046942 0.5969787099 0.6623939706 0.6570052681 0.787438874 0.6676864494 0.5109566548 0.8108797228 0.8372624457 0.7655070544 0 0 0.7923592463 0.7962800431 0.7940688116
0 0 0 0 0 0 0 0 0 0 0 0 0 0 0 0 0 0 0 0 0.8464010945 0.8665406431 0.8655029013 0.8667360045 0.8193420501 0.826960068 0.8216663414 0.8136311575 0.8101414473 0.7723556797 0.5379830275 0.5435213192 0.7110506519 0.7034881698 0.7013052466 0.5254950691 0.6360663839 0.6336870735 0.633656973 0.6270304695 0.6277594087 0.6313315932 0.6372463335 0.7131505746 0.719921598 0.877170461 0.8730943241 0.7826837866 0.8407662543 0.5829583314 0.5812459654 0.5720005455 0.5700806923 0.5757011227 0.5715144151 0.5822752422 0.7606920283 0.6614246478 0.6627028789 0.6704048544 0.6028817684 0.6361569394 0.8373614876 0.8286448921 0 0 0.7908541483 0.7894652486 0
0.6684824646 0 0.7742957329 0 0 0.5298245592 0.8170061034 0 0 0 0 0 0 0 0 0 0.7233637044 0 0.6098506109 0 0.8389727661 0.8584875527 0.858991795 0.8583188276 0.6483487318 0.8102634966 0.8178478354 0.8133629112 0 0.8161839491 0.7870429507 0.8248216386 0.7067164695 0.7031524236 0.700867177 0.7047603118 0.6378451671 0.8025951446 0.6392078812 0.6250084213 0.6250658222 0.6326664751 0.6354826825 0.7105522648 0.7157765622 0.717393397 0.7262675276 0.769026235 0.7630759788 0.5859982307 0.5791931256 0.5731838113 0.5679429299 0.5687092578 0.5790649157 0.580720379 0.5881286653 0.6661723651 0.6677953045 0.6629783886 0.75166007 0.7552109584 0.8361623922 0.8369542652 0.5187310932 0.870076503 0 0.7897862215 0.7959089096
0.6754497107 0 0.7804994698 0.7707736287 0.7745897511 0.7813576112 0 0 0 0 0 0 0 0 0 0 0 0.6783807531 0 0 0.832155918 0.8375210973 0.8501212968 0 0.6455205813 0.8260228111 0 0.8190421191 0.8180155208 0.8178808778 0.8194943114 0.8247247347 0.5766477157 0.698263089 0.7055480779 0.7059000047 0.5998365923 0 0.6193627602 0.615385653 0.6234159842 0.6263673635 0.6343100935 0.7261757414 0.7221561039 0.7235007014 0.5472404442 0.5099164143 0.5457008 0.6277390401 0.633255844 0.6376642004 0.8774328979 0.5753204482 0.7201288132 0.723999282 0.5838201013 0.9035768434 0.9054425182 0.7520308856 0.7506697664 0.7585862623 0.5838850003 0.5885165586 0.8483558196 0 0 0 0
0.6701914346 0.7829772285 0.7732804977 0 0.7720589784 0 0 0 0 0 0 0 0 0 0 0 0 0 0.765050795 0.8297544186 0.8301556507 0.8409657621 0.8476166584 0.7667971386 0.6462123993 0 0 0 0.8243417599 0.8204941467 0.8211088557 0.7878921787 0.7029440037 0.7037387262 0 0 0.6052913506 0 0.621234287 0 0 0.6584067767 0.8519188714 0.7263297608 0.7270055284 0.5184333169 0.5098030087 0.5888846918 0.881313394 0.8692724278 0.8683049986 0.8727610652 0.8755546648 0.8693809788 0.7226804853 0.7718675442 0.8991637731 0.9094176448 0.9009957014 0.7564019494 0.7506140652 0.5799136173 0.5802361085 0.6660814586 0.6588528226 0.8091383115 0 0 0
0.8445740757 0.8427260137 0.8475919186 0.7953419879 0.8050715579 0 0 0 0 0 0 0 0 0 0 0 0 0 0 0.8277794474 0.8226298383 0.8266577677 0.7632624557 0.5376910123 0.5484178692 0 0 0 0.8678668871 0.8644397601 0.7828929757 0 0 0.7169044463 0.7751757797 0 0.6352262993 0 0 0.8589384984 0.5530113804 0.6961592282 0.8401877169 0.7478936022 0.5245841599 0.5138509036 0.7274773971 0.604911896 0.7962128035 0.8732272397 0.8691309186 0.8649606556 0.867183605 0.7449277014 0.715548926 0.7144155453 0.8972410246 0.8894627014 0.733591709 0.8977041948 0.5796244174 0.5738711184 0.6562257521 0 0 0.5951189915 0 0 0
0 0.8410766307 0 0.6475184299 0 0.7934959336 0 0 0 0 0 0 0 0 0 0 0 0 0.8572597464 0 0.8323741263 0.8206019714 0.8223620296 0.7112143812 0.5389230667 0 0 0.8242108845 0 0.7773421697 0 0 0 0 0 0 0 0 0.8574152088 0.5511423745 0.5664589968 0.6966956248 0.6932611454 0.6999907487 0.7728080747 0.5931006173 0.595526572 0.5447181664 0.8736013517 0.8746966002 0.8736251211 0.8687295619 0.871253921 0.8673793507 0.6047882021 0.6123499908 0.7232631521 0.5535086551 0.889338678 0.907414837 0.905405933 0.575421159 0.5772524539 0.6650493012 0.6651308815 0.7492117437 0 0 0
0.716158071 0.8427680953 0 0 0 0 0 0 0 0 0 0 0 0 0 0 0 0 0 0.8618155836 0.7956309369 0.8304127856 0.6190360225 0.6665823654 0.5305268037 0.6654478112 0 0.5752834772 0 0.7860605275 0 0 0 0 0 0 0.8794014491 0.8802435675 0.6646591705 0.560204633 0.5475363735 0.5736729815 0.6961955393 0.6987204827 0.772427233 0.5897345706 0.5960032636 0.8737754476 0.82596133 0.8214613988 0.8820801894 0.5682394971 0.6852380764 0.6219972773 0.5068849345 0.6087001043 0.8859953781 0.8906702 0.8901700705 0.8914796891 0.5812218009 0.58112784 0.5788615881 0.7465845629 0.7465478382 0.7656721357 0.514268991 0 0
0 0 0 0.8147578099 0.813479912 0 0 0 0 0 0 0 0 0 0 0 0 0 0 0 0.775775618 0.5931314925 0.7347284203 0.6670898898 0.6592426589 0.6620008752 0 0 0.509343669 0 0.512498014 0 0 0 0 0 0.8782744064 0.6661222715 0.6616081112 0.7870096404 0.7884374411 0.5647676411 0.7012453645 0.5793135382 0.5812079787 0.5902083772 0.5933077948 0.667440306 0.8232292073 0.8176043839 0.699883456 0.6992954893 0.8600987993 0.5891104367 0.6165695082 0.6359755289 0.5273289457 0.5263222385 0.8955880627 0.8905341441 0 0.5860332791 0.7540261997 0.7563094653 0.746721121 0.6345104694 0.6355410595 0 0
0 0 0 0.7220652091 0 0 0 0 0 0 0 0 0 0 0 0 0 0 0 0 0 0 0 0.6692313942 0.6662721155 0 0.5361002393 0 0.7647589105 0 0 0 0 0 0 0 0 0 0.5535489737 0.7857594317 0.5053460936 0.5074780612 0.5834275828 0.7109788376 0.5747354092 0.5805110767 0.8565877553 0.8660898866 0.8568590316 0.703443481 0.6949289278 0.6978514322 0.7529801796 0.6164610007 0.6353632932 0.6366081272 0.6303821915 0.633389367 0.6413728154 0.8281839068 0.8331064399 0.833547593 0.8895770287 0.7195727699 0.7540300093 0.6094160949 0.629296113 0.511120589 0.5099409771
0 0.6675456397 0.546762986 0.8790134298 0 0 0 0 0 0 0 0 0 0 0 0 0 0 0 0 0 0 0 0.6981714431 0.5245597879 0.5261814997 0.5300787879 0 0 0 0 0 0 0 0 0 0 0 0 0 0 0.8593605958 0.8603311813 0.7896454148 0.5953824814 0.5864805442 0.5961237939 0.6118182633 0.8565704888 0.8531374374 0.6953395128 0.7437319982 0.6331810911 0.6331768633 0.6332170083 0.6300949728 0.6268896521 0.6324972022 0.635399624 0.8268616573 0.8249869811 0.8127131843 0.8373329839 0.8869995009 0.7796362116 0.8557661543 0.7791963575 0.6354843502 0.6400991414
0.5705593432 0 0.7670838092 0 0 0 0 0 0 0 0 0 0 0 0 0 0 0 0 0 0 0 0 0.5776690327 0.5229169204 0.8524455129 0.5309831168 0 0 0 0 0 0 0 0 0 0 0 0 0 0 0 0.7882928339 0.7831124221 0.7878556309 0.5748755833 0.5913922946 0.6065319456 0.6032372929 0.8530167642 0.8515678247 0.5369094632 0.6285692383 0.6310978249 0.6248793266 0.6261917597 0.6316764126 0.6424593671 0.6420790533 0.8244000071 0.8259943064 0.8355191032 0 0.5752396041 0.7779365721 0.7782468076 0.777168494 0.656336699 0.6551547273
0.8482288026 0.7664205906 0 0 0 0 0 0 0 0 0 0 0 0 0 0 0 0 0 0 0 0 0 0.8099284562 0.6105915687 0 0 0 0 0 0 0 0 0 0 0 0 0 0 0 0 0.8586995754 0 0 0.7818110239 0.7850656502 0.6089688295 0.6057270531 0.8424284798 0.853185278 0.8428356258 0.8257260662 0.6308138026 0.6216517075 0.6248158682 0.5132882355 0 0.5847436249 0.8316489438 0.8302033434 0.8327370402 0.69101835 0.6987444699 0 0 0.7734113373 0.7760771118 0.6496767285 0.6504818163
0.534367411 0.843058201 0.7426152464 0.6824658477 0 0 0 0 0 0 0 0 0 0 0 0 0 0 0 0 0 0 0 0 0 0 0 0 0 0 0 0 0 0 0 0 0 0 0 0 0 0.8654163998 0 0 0 0 0.6085328448 0.8480595248 0.8505013738 0.8407732515 0.8484536615 0.8033702747 0.6276062773 0.6236938306 0.6191737351 0 0.6292939197 0.6318768266 0.615458888 0.8332135875 0.8339529521 0.6954423109 0.6913403604 0 0.6370551187 0 0.7238512197 0.6477605588 0.6516747363
0 0.5617897091 0.8029502276 0.8819422389 0 0 0 0 0 0 0 0 0 0 0 0 0 0 0 0 0 0 0 0 0 0 0 0 0 0 0 0 0 0 0 0 0 0 0 0 0 0 0 0 0 0.7486427304 0.8596801962 0.8478832476 0.8472744251 0.8429462908 0.7195671457 0.6338151384 0.8069218454 0.6275927884 0.627842969 0.6250675588 0.8194151287 0.690291129 0.7018697787 0.7278015453 0.5706225235 0.7030670816 0 0.5324569469 0.5281214619 0.6312222028 0.6306814681 0.623951555 0.6177282004
0 0.8746565306 0 0 0 0 0 0 0 0 0 0 0 0 0 0 0 0 0 0 0 0 0 0 0 0 0 0 0 0 0 0 0 0 0 0 0 0 0 0 0 0 0 0 0 0 0.7515048644 0.8513880797 0.5122534777 0.8133516596 0.6893767687 0.8099069231 0.5415350607 0.6290243317 0.7836009273 0.7941494891 0.8103446781 0 0.712234406 0.7305109968 0 0.5607362376 0.5557370901 0.5356913058 0.7190503336 0.7150149013 0.6519300989 0.6209760059 0.6164763271
0 0 0 0 0 0 0 0 0 0 0 0 0 0 0 0 0 0 0 0 0 0 0 0 0 0 0 0 0 0 0 0 0 0 0 0 0 0 0 0 0 0 0 0 0 0 0 0.5102714715 0.5047923188 0.5097338943 0.8945130524 0.9012838368 0.5562225549 0.629426564 0.7869019386 0.809115354 0 0.5084647333 0.7307069401 0.5238074478 0 0 0.6337533288 0.5568461302 0.7197424749 0.6370102535 0.6541465664 0.6243623205 0.5090936902
0 0 0 0 0 0 0 0 0 0 0 0 0 0 0 0.6138036714 0.6152186267 0 0 0 0 0 0 0 0 0 0 0 0 0 0 0 0 0 0 0 0 0 0 0 0 0 0 0 0 0 0.5193042696 0.5133327125 0.6086848859 0.6274316023 0.7391321765 0.6273354581 0.8544585329 0.7922844736 0.8155985046 0.809425186 0.8119505974 0.7302491051 0.5048669827 0.5323613709 0 0.8021672306 0.8078278877 0 0.7010497179 0.7043103328 0.6376189345 0.8395319169 0.61845587
0.8082202628 0 0.6482541998 0 0 0 0 0 0 0 0 0 0 0 0 0 0.6204389346 0.616783659 0.5408974869 0 0 0 0 0 0 0 0 0 0 0 0 0 0 0 0 0 0 0 0 0 0 0 0 0 0 0.5196348679 0 0 0 0 0 0.7045979719 0 0.869825129 0.8882907672 0.5824838587 0.815207117 0.7315989438 0 0.8068291774 0.8039458288 0.8020495538 0.6922092039 0.6953734782 0.6954982688 0.6676660687 0.6644921832 0.6670247662 0.8131738331
0.8387482243 0.7568285226 0.753599562 0 0 0 0 0 0 0.8387688515 0 0 0 0 0.7637988052 0.6577310156 0.7998895749 0.5442643857 0.542180964 0 0 0 0 0.6502644423 0 0.6398472047 0.6678664651 0.6712788522 0.6741175886 0.6374606117 0 0 0 0 0 0 0 0 0 0 0 0 0 0.8068960447 0.6264083867 0 0.5124775352 0.6189927547 0 0 0.6155150909 0.6235937587 0.6950549792 0.7157926689 0.7164218578 0.8728628233 0.876946274 0.8191202868 0.8135227172 0.8116546313 0.8043818329 0.8035230548 0.6962927029 0.6918549036 0.6991943591 0.5768616638 0.6606798752 0.670132069 0.7329071522
0 0.7569298752 0.7556205019 0 0 0 0 0 0.5343042044 0.5355411728 0 0 0 0 0.7567987997 0.6541981977 0.8591688242 0.840256565 0.5443825606 0 0 0 0.6219748378 0.6298488891 0 0.6613719671 0.8258414671 0.82628797 0.8184092407 0.6463186136 0 0 0 0 0 0 0 0 0 0 0 0 0 0 0 0 0.6188513286 0 0 0 0 0.618628311 0.6955132157 0.7584607738 0 0.6810614188 0.686574142 0.8271585429 0.8249115964 0.8101574982 0 0.8080050015 0 0.6937394466 0.6996357765 0.6998192863 0.6750373503 0.8241646762 0.8191442148
0 0 0 0 0 0.8805480824 0.8822595823 0 0.5334816335 0.5400233288 0 0 0 0.7592106095 0.7958404415 0.8155037181 0.813818866 0.5531468243 0.6275447511 0.6914432945 0 0 0.6197070517 0.6196256763 0.6191700349 0.699981553 0.8182145652 0.8165288515 0.8176217411 0.6442511237 0 0 0 0 0 0 0 0 0 0 0 0 0 0 0 0 0.6217145549 0 0 0 0 0.6356845155 0.8675811105 0.6826873921 0 0.6776978896 0.6038348526 0 0 0 0.8132236356 0.8099348929 0.8178605054 0.708024873 0.7062516845 0.7066649107 0.5275891231 0.824874295 0.8191193834
0 0 0.5584952406 0 0.5631380479 0 0.8796927267 0.8819767941 0 0 0 0 0 0.7919504387 0.5563395812 0.814293721 0.8170883787 0.6311535714 0.6897648725 0.6973586238 0 0.6702985463 0.6147225243 0.6136830501 0.6172857608 0 0 0.8142291173 0.8171328677 0 0 0 0 0 0 0 0 0 0 0 0 0 0 0 0 0 0 0.5916538729 0.6261154959 0.6403417319 0.6343074882 0.6414421923 0.5964700136 0.6780270357 0.5963113942 0.5977735641 0.6074807286 0.562032874 0.5524803484 0.5383471149 0.5473250836 0.5457815313 0.9022071706 0.8936545655 0.8890145452 0.8906892374 0.8306037189 0.8273448697 0.8645111556
0 0.7528968671 0 0.79256728 0.7872588469 0.5473646796 0 0.6372009851 0 0 0 0 0 0.8375449232 0.8406734697 0.8867734584 0.8866083129 0.8954905685 0.6231697464 0.5104828941 0.668592873 0.6645633591 0.5628536061 0.6612527279 0.6166122886 0 0 0 0.8120690547 0 0 0 0 0 0 0 0 0 0 0 0 0 0 0 0 0 0 0 0.5977053512 0 0.6416175717 0.6386457029 0.7262249705 0.6039190684 0.6015482459 0.5936495971 0.5968917049 0 0.5510936139 0.5429233315 0.5379486218 0.5468954162 0.9015342861 0.8864681141 0.8839103889 0.8857474249 0.8927157301 0.6149841276 0.72003134
0.6368869968 0 0 0 0.7872602227 0 0.6320945843 0 0 0 0.7485633724 0 0 0.5378304665 0.5098459899 0.888190944 0.8869878683 0.8858623734 0.6271895983 0.5877603256 0.670027211 0.6611350166 0.6577497405 0.6099235863 0 0.5638988042 0.5169947454 0.8187622016 0.8127217475 0.8192297488 0 0 0.5238601093 0 0 0 0 0 0 0 0 0 0 0 0 0 0 0 0 0 0 0 0.7327241152 0.6086924558 0.5977971298 0.6029177567 0 0.604487752 0.5606201966 0.7084756893 0 0.7243021047 0.5457859975 0.8774458529 0 0.8835593064 0.692602281 0.7241375459 0.7221381167
0 0 0 0 0 0.7425286827 0.7404210116 0 0 0 0.7784598393 0.591546568 0.90127733 0.7207245515 0.8764835008 0.768912063 0.8889281472 0.7052130494 0.8848662995 0.6122551852 0.6091824175 0.6054131899 0.608688169 0.609480236 0.6184382772 0.5963894391 0 0.8175977626 0.8213453237 0.8269308583 0.7837114737 0 0.5226508183 0 0 0 0 0 0 0 0 0 0 0 0 0 0.913982068 0.8818993558 0.7649363699 0.9073844433 0.9057076139 0.9073968854 0.6143865973 0.6111173696 0.6069078286 0.6009953014 0.6288932245 0.6300858555 0.5518354311 0.731735928 0.7164109046 0.7198696544 0.5471403749 0.8778766017 0.8762777411 0.6860989628 0.6957826998 0.5360082552 0.531715461
