landscape/hab_quality/256/simulation_000020_p054_h031_HABMAT_patch_more_500pix_modified.asc_ac_0.5_quality.asc
NCOLS 513
NROWS 513
XLLCORNER 0
YLLCORNER 0
CELLSIZE 9.980507
NODATA_VALUE NaN
[rows 210 to 239 of 513, columns 272 to 339 of 513]
0 0.6692478814 0.56021186 0.8746319257 0.6906306311 0.6142840961 0 0 0 0 0.5878688423 0.5014168317 0.5841378358 0 0.677994389 0.6788872037 0.7730750015 0.7755410505 0.775883733 0.6461676323 0.8085889594 0.8245890213 0 0 0 0.7194618228 0.7146649863 0.5397498682 0.530261186 0.5325445348 0.7972508816 0.7824863378 0.6187522545 0 0 0.8265118272 0.8247893004 0.8297711701 0.8325156606 0.5184795855 0.5096771039 0.5111463373 0.5254034618 0.5798122379 0.6112666387 0.5782241884 0.5880090702 0 0 0 0.8029111935 0.8023017128 0.8012566852 0 0.5679982869 0.8560681087 0 0.865207718 0.5616725001 0.5916004799 0.5877027259 0 0.5287495151 0.5945305865 0.7258204033 0.7211546041 0.7259528712 0.7274585277
0 0 0 0.554550815 0 0.581858162 0 0 0.5241580348 0.707484126 0 0 0.5030136371 0.5053153268 0 0.675820683 0.6803336613 0.676656736 0.769175836 0.8151822258 0.7507392681 0.8175472569 0.8273187693 0 0 0.6076144092 0.6129591514 0.6117329975 0.6508509393 0.5373901958 0.7994254316 0.5976888021 0.6929510081 0 0 0.8230803514 0.8228499073 0.823181214 0.8236137658 0.5143821663 0.5129543891 0.5159345097 0.5235236538 0.8730233163 0.5701171182 0.5762384359 0.5782980776 0.5880700625 0.5099146177 0.7483371362 0.7896866737 0.8116014016 0 0 0.5658139534 0.5751337662 0 0 0.8569551999 0.8115451929 0.5894382478 0.5812670722 0.5845396467 0.5941139995 0.7192148893 0.7163517848 0.7096437088 0.7129521999
0.7001247261 0.7972190949 0.5410211899 0.7305679721 0.5557562019 0 0 0 0 0.5213289169 0.51650525 0 0 0 0.680785334 0.6771147066 0.6718946662 0 0.6865660451 0.7628285214 0.8331112253 0.8280483222 0.8263841841 0.8246428893 0.8312768518 0.6090320718 0.6072100193 0.6125539417 0.6563808273 0.8845215052 0.6381890632 0.6976009802 0.5306214998 0 0.8170398742 0.8328073904 0.8235823628 0 0.826122797 0.8524634519 0.5252978278 0.521156939 0.5240441186 0.5730060168 0.5723635872 0.5703112342 0.5099114934 0.5068529306 0.5728581871 0.5005713803 0.5159633968 0.6270700961 0.8201596127 0.5754700246 0.8003034438 0 0 0 0 0.8145971508 0.5858548267 0.5853454532 0.5862102399 0.589813486 0.7239085667 0.7136022649 0.7095447169 0
0.7979498736 0.500579092 0.797372163 0.8821718778 0.6788739201 0 0 0.5123769719 0 0.6358526356 0 0 0 0 0 0.6814743931 0.675759042 0.6798501414 0.6838145325 0.7079157727 0.704443777 0.7096879395 0 0 0.8262833292 0.6097550364 0.6136850381 0.6117708848 0.8845315075 0.8963379694 0.8834563569 0.8843083371 0.83871728 0.8243066635 0.8215771597 0.8247777139 0 0.8569359988 0.8561845764 0.8493193839 0 0.5442863737 0 0.5753983239 0.8635077801 0.8633852381 0.5071134017 0.5049986711 0.5001908384 0.5062206617 0.5123464984 0.7649645803 0.8162916054 0.8123904558 0.6590845534 0 0.6106829217 0.6136815498 0.6150516167 0.808547008 0.5997929785 0.5903010386 0.5866683313 0.5930552427 0.5916835021 0.7190583156 0.7140904625 0.7072122284
0.8047374809 0.5040897202 0.6508918406 0 0.6433313723 0.5205913819 0.5152276057 0.5164276149 0 0 0 0 0 0 0.5806511599 0.68055813 0.6895761354 0 0 0 0.7010658967 0.7106100572 0.7417986045 0.8341174429 0.701621218 0.8207396674 0.6003337351 0.8436099814 0.8230529043 0.5820321435 0.5894011243 0.8366579229 0.8304237205 0.833781982 0.8285245268 0.8334378293 0.8282430177 0.8493214131 0.8469589499 0.8471006942 0.8515444298 0.6318013874 0.8078203227 0.7953214165 0.8652831031 0.8679720113 0.5145223524 0.5078710553 0.5101432827 0.5017148937 0.8455214598 0.5184951646 0.8196708285 0.8138446397 0.8143279983 0 0 0.6085747633 0.6150605898 0.6130159608 0.8749002381 0.8672514723 0.6353993793 0.8684142047 0.5286911746 0.8369078423 0.7150021395 0
0.840909461 0.8407713809 0.8443657032 0 0.6132063057 0.5236126017 0 0 0 0 0 0 0 0 0.5833211433 0.5755094398 0.5826026833 0.8514632195 0 0 0.7007219076 0.7062063855 0.58314061 0.7296425437 0.8420289711 0 0.8891013069 0.8786338748 0.8825623213 0.5796225353 0 0.8376414053 0.8289428462 0.8343041391 0.558442443 0.567632567 0.6880123054 0.8479319875 0.8534239727 0.6009427367 0.8489498007 0.5103535771 0.5529206864 0 0.5236595295 0.5199795633 0.797449023 0.5082669371 0.5305294219 0.6758634696 0.7942460934 0.5888573472 0.8197547412 0.8211776517 0 0 0 0 0.6060005124 0.6118680942 0.8655298117 0.8617124383 0.8620673724 0.8703403068 0.5247159392 0.5233151205 0.8347118064 0.8383831634
0 0.837688531 0.8090071203 0.7996696649 0.7979402189 0.8015519548 0 0 0 0 0 0 0 0.6128934682 0.5166389997 0 0.5818962272 0.5918353513 0.837110343 0.7026841846 0.707639457 0.6377523863 0.6780733692 0 0 0 0 0.8807473233 0.8744569701 0.8761430887 0.6120542233 0 0 0.8386060355 0.503091943 0.5595788622 0.8419222047 0.5028559011 0.5020579919 0.5113224887 0.7325242958 0.5129485509 0.5065860789 0.5501303485 0.5238521184 0 0.6155019586 0.5129791449 0.5641358773 0.8438243069 0.8378385216 0.8338556908 0.8391537549 0.7381684397 0.8354680827 0.6130806351 0.6056772844 0.6042535836 0.611895868 0.6098462895 0.8680528267 0.8584328907 0.8605247968 0.8708475254 0.6294405901 0.8431541034 0.8359352233 0.8398767746
0 0 0.5847745834 0.7658036149 0.7961420081 0.8007114746 0 0 0 0 0 0 0.6503125445 0.8967314317 0.5455029614 0.6236698333 0.5839495119 0.5877673201 0.7163871611 0.8284229712 0.8233500907 0.8798591733 0.6711068705 0.6781481242 0 0 0 0.8782665206 0.8784198848 0 0.6785820431 0 0 0.6390314456 0.6474475062 0.8081935969 0.807216768 0.5216321778 0.7461412784 0.5779212484 0.5082539904 0.5052545279 0.5152519126 0.5538756009 0.7640600143 0.5405906856 0.8594848353 0.606210435 0 0 0.8348023495 0.8337853995 0.8340251611 0.8297458865 0.832689139 0.6134879558 0.6117876189 0.6113133016 0.6066587447 0.8431444066 0.861157209 0.8670431168 0.7958137716 0.7931617808 0.7950849618 0.8020183932 0.8402567807 0.8406715864
0.580407295 0.578996663 0.5780304016 0.5865544176 0.7782272504 0.7985258438 0 0 0 0 0 0 0 0 0.6071683811 0.7107586473 0.7101527614 0.7168811811 0.5359752915 0.7141689403 0.8272554836 0 0.6786813313 0 0.7535427846 0.5782316501 0.8859837094 0.6729846786 0.6733236996 0.6726908113 0.7252688244 0.8310967067 0.6464414232 0.638492197 0.8002757915 0.7974245613 0.8025011718 0.8107628325 0.8133843237 0.7514743622 0.5146292106 0.5134411003 0.5152443795 0.5513732841 0.7688790971 0.6770652591 0.6151954389 0 0 0 0.8348274994 0.8296204541 0.8264929101 0.8194318299 0.8252124511 0.8313768891 0.6117488048 0.6136284534 0.6181048429 0.8679998892 0.8649639922 0.6485719388 0.7946009775 0.7899482029 0.7901648712 0.6844860388 0.8225731273 0.6857874399
0 0.5712630853 0.6071154727 0.7291851476 0.7287031925 0 0 0 0 0 0.8211067622 0 0 0.6685564661 0.5559033129 0.6265071885 0.5907793401 0.6617117056 0 0.5315090332 0.5364965534 0.5328188756 0.7500024902 0.750940675 0.5727156573 0.5983883635 0 0.7596784783 0.6655614831 0.6696839357 0.8157178819 0.8233354426 0.8235853666 0.828693341 0.8017377116 0.7929836984 0.7808827478 0.7794349021 0.7825530736 0.8901110269 0.8322868506 0.5785076071 0.5843674511 0.6132937837 0.6536661519 0.6132786286 0.8269872948 0.6079684188 0.8271035574 0.8155602014 0.8193632899 0.8158999991 0.8210352302 0.8168245826 0.8239386601 0.8349011068 0.837325473 0.8453606011 0.7386959579 0.8072926661 0.6562727355 0.6558304828 0.799516027 0.7983672483 0.7902874427 0.5049659398 0.6809776555 0.6802183076
0.7560629097 0.6012454316 0.5720885071 0.7850179283 0.7273546292 0.7196259429 0 0 0 0 0 0.826791524 0.562776727 0.5616423977 0.5519414781 0.7218342479 0.7298089648 0.8071783613 0.5375417785 0.5286813158 0.5268981193 0.530871193 0.7499775288 0.7496588004 0 0.7518093786 0.7668573388 0 0.672383906 0 0.7778157364 0.8148821207 0.8197465704 0.8224462997 0.7914370097 0.7918396174 0.7829963653 0.7742202991 0.7823930363 0.7918140372 0.5793444548 0.5841829521 0.6102841346 0.5967674036 0.6092601514 0 0.6064963619 0.6074057724 0.8206511617 0.8175702966 0.8112433323 0.8107238169 0.8114149452 0.8196768845 0.8194716198 0.7335009619 0.7279802311 0.7304994706 0.7391763964 0.603638075 0.6039314462 0.8244567337 0.799924686 0.5366873403 0.5436421726 0.5438862504 0.6811988895 0.6729029917
0 0 0 0 0 0.7179508613 0 0 0 0.763103673 0.8313846272 0.8831648346 0.562901588 0.5611155972 0.5602933441 0.7214271699 0.6295510381 0.7373488691 0.5490011782 0.5272879233 0.533234721 0.7622112106 0.7521190798 0.7468818681 0.7505666093 0.7518119489 0.7883414235 0.6764103944 0.6731399658 0.8178630181 0.8172404246 0.8174078672 0.5343930633 0.8236666117 0.7900417681 0.783968105 0.7820584821 0.7765396328 0.7826842277 0.7920808598 0.5817449006 0.6183842045 0.554157807 0.5995651914 0.5988746913 0.6016189882 0.6060323979 0.6071819936 0.821261451 0.8127052786 0.8100800693 0.8028209161 0.7830743224 0.8145496256 0.8208853034 0.732771475 0.7279781346 0.7324917727 0.7404917277 0.7407723787 0.6188442596 0.5003428422 0.831790462 0.755464871 0.5356683095 0.5374764544 0.6740433416 0.6824144081
0.85191711 0.6475856747 0 0.6458306588 0 0.7256120942 0.7182107728 0.7522089306 0.7582689547 0.722799151 0.562514762 0 0 0.570767563 0.5722461046 0.5718028005 0.573879852 0.7978437266 0.5779341615 0.5893332234 0.6141909696 0.7530784796 0.7527237515 0 0.7509942367 0.547790329 0.8145244128 0 0.8226598338 0.6410093926 0.8235583826 0.8229757088 0.7075192584 0.7039779471 0.792934684 0.7853158202 0.7885432809 0.7834557764 0.783170317 0.789883348 0.7927475364 0.6271372471 0.6203404206 0.6072469909 0.5981073874 0.5971242332 0.6275320566 0.6313576746 0.6345673697 0.8164462356 0.8056336725 0.8055758667 0.8039739719 0.673908943 0.6726465242 0.7314216415 0.7379352219 0.7306010408 0.7378023543 0.7190171931 0.618387898 0.6141440606 0.6818372492 0.6804581617 0.6829195265 0.5438366377 0.6770453012 0.6804103633
0.848229916 0.6479034777 0.6423308522 0 0.7578897618 0.7517110225 0.7460096661 0 0 0.6414950968 0.5902880918 0 0.669142948 0 0.581178433 0.8612008584 0.5760389824 0.5719783677 0.5804184226 0.5885192334 0.8900244532 0.7583357777 0.7576063056 0.5724838401 0.8196440192 0.8144155033 0.8130780723 0.8161344556 0.8190562462 0.8276959876 0 0.6222271523 0.7101094805 0.7043027664 0.792567285 0.7927326408 0.7925311339 0.5410565948 0.5522238269 0.798161685 0.7983190955 0.7935435775 0.8073596907 0.5982556112 0.6266787798 0.6182610006 0.625111889 0.6246328348 0.6290740239 0.5620706704 0.643161042 0.7979974691 0.7918922183 0.536868666 0.6821527408 0.6793786615 0.7386008067 0.7336128284 0.7361732944 0.7445736106 0.6197949984 0.6727012373 0.6747306103 0.6788868882 0.6837029609 0.6629519917 0.6603347349 0.6568430352
0.8641255916 0.8491185463 0.6470762492 0.644863902 0.7612855659 0.7429459905 0.7428671307 0 0 0.6315575013 0.6393525178 0 0.6548659059 0.6599591218 0.88873024 0.8824692026 0.8759829905 0.8794929133 0.6214042904 0.8886245422 0.8918821459 0.7448340295 0.8783368132 0.7101140045 0.8202387208 0.8155351315 0.8183546306 0.8206842993 0.8246356237 0.5289284934 0.5279528549 0.7909197874 0.8700504424 0.7783658524 0.7620135067 0.7975939928 0.7957928643 0.793660335 0.5564663888 0.8542724024 0.7897038962 0.7989661383 0.8152105147 0.6371448313 0.6303108584 0.6248347471 0.6179978889 0.6185784808 0.6293354485 0.6344296308 0.8796142407 0.7883670552 0.7792729995 0.8443176541 0.7347346931 0.7346431517 0.7369072083 0.8140338841 0.6272474762 0.6265482071 0.6763960436 0.6783915123 0.672329369 0.6797480015 0.688635705 0.8989064275 0.7906298096 0.6538480682
0.8583800286 0.873738838 0.6468182052 0.7650968206 0.7696544858 0.8219851805 0.7443508536 0.7437117441 0.6109808075 0 0 0.6459516247 0.6506561789 0.6545894409 0.8845290969 0.8812154022 0.8805348133 0.8742341566 0.8836496474 0.8841481209 0.8960882118 0.9044816341 0.5271790912 0.8278150208 0.8278015714 0.7026734872 0.5322235925 0.5243408684 0.5255940901 0.5276419922 0.7071564523 0.706492922 0.7081116739 0.7020829551 0.7760929975 0.7769854148 0.798062902 0.7961133229 0.9099921737 0.9044775433 0.9000285851 0.9028234765 0.8381754057 0.6362488072 0.6347426817 0.6193562023 0.6190312715 0.619815949 0.6284465081 0.6306737654 0.7017265618 0.5533201514 0.5172739205 0.8435173385 0.73594936 0.7297752923 0.7338856026 0.6335535972 0.6266916468 0.6258841142 0.6847648785 0.6760565249 0.8211857622 0.6760338107 0.6857126774 0.8302095475 0.6610418217 0.6637514222
0.8562642319 0.6109006126 0.6146736676 0.608807225 0.828190865 0.832920387 0.7514666626 0.7456754922 0.7468987307 0 0 0.6529107734 0 0.6571105127 0.5123374556 0.5674070397 0.8808825508 0.8809298423 0.8753171584 0.8877177896 0.7952940009 0.8792203717 0.7966745637 0.7336829363 0.726021345 0.6218425791 0.537141741 0.5239068675 0.5187431135 0.7666289564 0.7069306499 0.6995222858 0.6985196462 0.700264767 0.7797059042 0.7792701404 0.799685753 0.801222352 0.5289944326 0.9045982808 0.8969695113 0.898208442 0.8932870865 0.8973550271 0.6226695337 0.62757403 0.6274273789 0.6316684703 0.5436923475 0.5505133853 0.5464964562 0.5453352317 0.5445831813 0.5379147991 0.5362932843 0.7361692972 0.5388461957 0.6319832852 0.6310202986 0.6262116694 0.5286428695 0.8977380161 0.682994311 0.6897552389 0.7631566505 0.7602598736 0.7689892163 0.7706555019
0.7219636307 0.8567695229 0.6084801358 0.5614717291 0.8370105484 0.8325536611 0.8369163477 0.5103843178 0.7539757375 0.7476966826 0.747872447 0 0.790181943 0 0.5736563115 0.8900923476 0.8872110349 0.6981550446 0.8921006109 0.8882345944 0.7981843788 0.7887781494 0.7228291957 0.7242739077 0.7227719295 0.6204008707 0.5303135548 0.5275556684 0.5201987121 0.5203972606 0 0.7054821026 0.6999949853 0.703065084 0.784064578 0.6662422211 0.6761715626 0.5952470067 0.5995195521 0.9023123745 0.8943215324 0.891817576 0.8889125296 0.8917199693 0.9041834156 0.820466235 0.8119318704 0.8136560705 0.5055058492 0.5514694295 0.5492302814 0.5440397856 0.5469532289 0.5437166671 0.8001880372 0.8204922341 0.8189948744 0.8212867329 0.6340620996 0.5337780575 0.5291635146 0.5743854917 0.6923050019 0.6908325756 0.7650264671 0.7593637841 0.763906395 0.767864468
0.5142884187 0.8373228989 0.6102175379 0.7088764551 0.7144948723 0.8414414469 0.8392081418 0.6497281274 0.7539063387 0.7575058971 0.7572950369 0 0 0 0.8953704709 0.8947277175 0.8210445004 0.8919926523 0.6848240604 0.5228994833 0.79279721 0.7269840095 0.7255624437 0.7218447656 0.7260527847 0.6146172186 0.5332143873 0.531513428 0.535242073 0 0.7107548547 0.7140481157 0.7141940477 0.7232026635 0.5564144167 0.7877595316 0.6085921759 0 0.5908042438 0.7057924327 0.8926649527 0 0.8904823137 0.8955508439 0.9028238086 0.8124416795 0.811747058 0.814140059 0.5270549509 0.5441306288 0.5446666382 0.5459217013 0.5518495554 0.5094020507 0.5133443418 0.510540451 0.8166115634 0.8210811681 0.7527615394 0.6948179742 0.6943717357 0.859583961 0.7967262907 0.7708779953 0.767090617 0.7627959301 0.7641836468 0.7731601288
0 0.5856297089 0 0.5896081177 0.7882687486 0.7980553399 0.6497452408 0.7862853439 0.7903663771 0.7963011342 0.8025705233 0 0.8044114816 0.8050086555 0.9017224892 0 0.903517598 0.5874297309 0.6777738673 0.868906052 0.5958576622 0.734016841 0.7223061475 0.7304328032 0.726655038 0.6058801461 0.6123488882 0.5451863878 0.5435653243 0.5436917649 0.7164905719 0.7285482056 0.5343699744 0.7177332634 0 0.8693117678 0.8017443868 0.5896574114 0.5974235039 0.7028810412 0.7047405328 0.594848024 0.8992448765 0.9021319239 0.8957210354 0.8087911542 0.8161818507 0.819754418 0.7819634479 0.5511948914 0.5423624864 0.5363515139 0.5430758995 0.5132265369 0.5068323205 0.5115183517 0.8202672983 0.8250408522 0.6964857894 0.8055638571 0.6918626679 0.6992478384 0.7059950568 0.8404142087 0.7756354497 0.8447566416 0.6541111717 0.5863803827
0.5878061765 0.5825931069 0.5865669677 0.8992830561 0.90349179 0.7977708117 0 0 0.7853431798 0.7563092874 0.7950330297 0 0.7953548512 0.800163518 0.6702712044 0 0.8240832595 0.7467227245 0.7382562892 0.7319356999 0.6142375763 0.6050873794 0.7310293984 0.7247709909 0.7902976223 0.6096334077 0.6080468012 0.6107157344 0.5523918171 0 0.5456782689 0.5489648263 0.5443099918 0.5422188019 0.8995291537 0.8674267499 0.5912050401 0.5955476135 0.5896934194 0.7032923976 0.7020761887 0.697104445 0.7038048333 0.8530581907 0.8139295934 0.8185319195 0.8127855724 0.8173467725 0.5484755208 0.5466506097 0.5363256683 0.534331017 0.5324935359 0.5154096256 0.5768489149 0.5137701552 0.8257078583 0.8267292829 0.5551823022 0.7005931118 0.7002295256 0.6980006035 0.6818185383 0.8459849484 0.8370428188 0.8429561955 0.8448348502 0.8700782832
0.5863179626 0.7292509299 0.7247594415 0.7083341863 0.7217938746 0.908429269 0.8423539211 0 0 0 0 0.7858599549 0 0.7859089229 0.6642709809 0.7830595277 0 0 0 0.7300225152 0.6933137255 0.7380926142 0.6050961901 0.7935073365 0.7938922117 0.6088469925 0.617140557 0.6175728732 0.5716671791 0.5592350231 0.7441282154 0.5426298153 0.5509762341 0.8806660522 0.862715117 0.8714646974 0.5987845585 0.8884531487 0.8819428291 0.514195983 0.695317094 0.6957276162 0.702787314 0.7037556159 0.70762314 0.8199274565 0.8217600822 0.8189964636 0.5355265781 0.6780946683 0.5327190621 0.5286953566 0.5324382317 0.5329817279 0.5410487173 0.5482623166 0.8664027219 0.6037701436 0.7071035387 0.7015018681 0.6324867873 0.7054591509 0.7264425741 0.8412325273 0.841715765 0.8416235419 0.5565782 0.7625070331
0.5917670009 0.7309726687 0.7283981435 0.7197389952 0.7295291547 0.7137293388 0 0.5181549631 0 0 0 0.7826666023 0.7837632428 0.7888799965 0.6471503359 0 0.8821497545 0.6338245217 0.7522000528 0.7373347438 0.7380391765 0 0.7951018148 0.8027108921 0.5428430821 0 0.6070846476 0 0.7882408386 0.5602378983 0.5503492938 0.5490385735 0.5492613288 0.8649733324 0.6339050141 0.6273084504 0.7116084382 0.7864212801 0.6969335679 0.6964911968 0.689243999 0.6876248792 0.702739886 0.7061596904 0.7066993438 0.6036931266 0.5640655472 0.6836502244 0.5503846007 0.6722664471 0.5297667749 0.5365832869 0.5327202528 0.5345687719 0.5412138996 0.8361334803 0.8632404678 0.7076662336 0.7108916269 0.8440299254 0.6400103638 0 0.647935257 0.6511224077 0.6508628612 0.6553844974 0.7686767512 0.7589467767
0.6820048482 0.6780148173 0 0.7190888492 0.7124353111 0.8248014835 0 0 0.7901129122 0 0.7779247262 0.7818444323 0.7867104787 0.787494735 0.6712174112 0.5956945596 0.6047982452 0.7987024401 0.7900469513 0.8696217185 0.7394622654 0 0 0.6385656588 0 0 0 0 0 0.5547729633 0 0 0 0.7353349013 0.6887630471 0.6239561696 0.6235575418 0.6096940311 0.6904474575 0.6857191095 0.6870480049 0.6939533268 0.7073933536 0.7030666972 0.7088064413 0.7313237779 0.5599196453 0.554684153 0.5461369935 0.8581705864 0.8566634287 0.8642690281 0.5389492025 0.5425820164 0.5352271768 0.5487387587 0.6189590573 0.6176577834 0.6203776837 0.6296694103 0.8439213076 0.6384231235 0.6422012526 0.6502515117 0.6032951603 0.6274494589 0.6555216009 0.7691405801
0.7511579503 0 0.717739544 0.8185391943 0.6162270575 0.8325132713 0 0.5565345491 0 0.7862365831 0 0 0.7855298703 0 0.6045956918 0.7544778048 0.5985646414 0.789530436 0.7974846748 0.7418930238 0.7414703708 0.7376409008 0.6404229174 0.8722184031 0.5603547078 0.7224190233 0.5435332408 0.5519704714 0.5556874463 0.5512612561 0 0 0.7339881569 0.742632236 0.7867181264 0.6252850004 0.632156529 0.614186985 0.606653829 0.6814948044 0.6815601324 0.696084472 0.6476615495 0.6931410092 0.6541111972 0.5877989688 0.5592057317 0.5507546873 0.8663792697 0.8571069525 0.8546183445 0.8572069483 0.5975930276 0.5937722489 0.5586735129 0.532299654 0.5276457557 0.6145846377 0.6218102849 0.6154806521 0.6458007712 0.5436638272 0.6421755821 0.5100113873 0.6534131882 0.7919813465 0.5244329946 0.7595229077
0.6974947628 0.7984276472 0.8818712404 0.8826735098 0.5516791714 0.835953869 0 0 0.5528183058 0.7933406514 0.7936382023 0 0.804122653 0 0.6130917458 0.5293830323 0.7952882081 0.7992805444 0.7985150636 0.5054112475 0.7335840879 0.7311327687 0.8226049047 0.5544941879 0.7378979439 0.5656002002 0.8801478305 0.5157534479 0.5512037259 0.5580105366 0 0.7836322297 0.7791931713 0.7828268508 0.7834322254 0.5575293849 0.6497088411 0.6140995778 0.6835372784 0.685006714 0.6911307432 0.7497221675 0.6533230267 0.662812166 0.8046824028 0.6497817847 0.5825083146 0.8756796322 0.8662083616 0.8632554472 0.8599874961 0.8599468511 0.5989849737 0.5915836893 0.5939367212 0.5225668378 0.5311187365 0.6202773102 0.6142169023 0.6159240839 0.5476829384 0.5465332834 0.5452634744 0.6934441264 0.6719048468 0.7555913808 0.7621506311 0.7566237627
0.6677644438 0 0.5834388532 0.880244081 0.8854252649 0.8033816234 0 0.5577042887 0 0 0 0.7946340515 0.7976610603 0 0.5333822811 0 0.7987931284 0.6361120987 0.5345214478 0.7341293057 0.730650033 0.7393984149 0.767529161 0.7722154672 0.7988895636 0.5960259542 0.667724458 0 0 0 0 0.7787954363 0.778398493 0.7831140624 0.8482300274 0.5475058595 0.5464722668 0.5536042899 0.6897511849 0.6908359115 0.6860305623 0.8719524753 0 0 0.7227165274 0.6630111127 0.5777358872 0.8594789549 0.8708849078 0.8606697456 0.8632325314 0.8607337457 0.5951847137 0.5976573969 0.7111515714 0.7188553841 0.7173164989 0 0.6793958159 0.7034372473 0.9055575922 0.9088326238 0.5402908162 0.57693286 0.5728266782 0.7631533406 0.7551002503 0.7575527533
0 0 0.5803867819 0.5843291483 0.7679414649 0.7704668563 0.5656025274 0 0 0 0 0.7985590546 0 0 0.6045274463 0 0 0.7746538323 0.8453477071 0.7344483367 0.7346339756 0.7385060115 0.7704564864 0.7727419965 0 0 0 0 0 0 0 0 0.7870499376 0.7846569085 0.7632316848 0.5418497033 0.5443876473 0.5528634636 0.8898526926 0.7001446716 0.691724647 0.7139122475 0.7234096062 0.7156896818 0.8958650118 0.5812433237 0.5838351376 0.5722977363 0.8624419834 0.8671041223 0.8645335577 0.8643724067 0.6125042242 0.6197232783 0.7135497699 0.7092666936 0.717143282 0.7098180901 0.6889235706 0.8493223709 0.9005128504 0.9011086214 0.9009011795 0.5773338529 0.5719213163 0.7588900907 0.7611894193 0.759193116
0 0.5818559115 0.5873373243 0.5871526123 0.509963662 0.5060394062 0.5135695492 0 0 0.8236840847 0.8239647193 0.8286274239 0.8362077747 0.7837184592 0 0 0.7666497544 0.7725374987 0.6546878922 0 0 0 0.8358929557 0.7794874298 0.7835946977 0 0 0 0 0 0 0 0 0 0.5493351812 0 0 0.5520980668 0.6797571004 0.7345142488 0.8707130389 0.7182485944 0.713689702 0.7136114895 0.7105202347 0.7141550729 0.8184652544 0.8632685347 0.8684819848 0.8635932461 0.6005639014 0.6169200401 0.6175622735 0.6124477821 0.605877537 0.6063377828 0.7097604999 0.7141838836 0.5686633952 0 0.8957578176 0.8956946218 0.900943228 0.5753905231 0.5753260204 0.5665507411 0.5692376489 0.5816418323
0.5858817886 0.5904315495 0.8086211517 0 0.5016319134 0.5097823137 0.8128866172 0.5104106038 0 0.8267981281 0 0.8242286841 0 0.7438119258 0.7775647165 0.7746705641 0 0.7718473939 0 0.8349231272 0.5191720988 0.8383679486 0.7874845807 0.7894155471 0.7846868592 0 0 0 0 0 0 0 0 0 0 0 0 0.6854103781 0.7424214986 0.8448309515 0.8682307111 0.8644360269 0.6480173418 0.7099746946 0.5851787819 0.7192072871 0.7349819941 0.8302959742 0.5196255711 0.8779596342 0.8791603427 0.6090816799 0.6202333495 0.6123965842 0.6054255492 0 0.6980263249 0.7059306042 0.7109983928 0 0.697439717 0.6974059657 0.6962111856 0.5869117617 0.6847454747 0.5750061015 0.5756171076 0.6212239646
