landscape/hab_quality/256/simulation_000030_p036_h039_HABMAT_patch_more_500pix_modified.asc_ac_0.5_quality.asc
NCOLS 513
NROWS 513
XLLCORNER 0
YLLCORNER 0
CELLSIZE 9.980507
NODATA_VALUE NaN
[rows 407 to 443 of 513, columns 166 to 248 of 513]
0.7746984257 0.6188223019 0.7142982057 0.7065071148 0.7137524626 0 0.6908952037 0 0.5143179211 0.517724093 0 0.6726684224 0 0.5679491171 0.5741468103 0.6767684661 0 0.836734622 0.8322469083 0.8638535138 0.7709716187 0.772313147 0.5884848944 0.7563893236 0.7210073061 0.6792885491 0.6993823874 0.5356990324 0.5924191948 0.5843149261 0.5922423305 0 0 0 0 0.8984512714 0 0 0 0 0 0.7782311501 0.7745773517 0 0 0.8969127293 0 0.6833963647 0 0 0.8900181624 0 0.5986420977 0 0.8000373993 0.6690584249 0 0.5343518431 0.7548664777 0.7642434457 0.6623354551 0 0 0.5836119691 0 0.5701753826 0 0 0.6227579205 0 0.6831136024 0 0 0 0 0.5931979791 0.835636187 0 0 0.6272066214 0.625233707 0.6260402331 0
0 0 0.7140840218 0.7166512873 0 0 0 0 0.6304564482 0 0 0 0 0.6048404724 0.5675644185 0.6680058245 0.8390549027 0.8299886441 0.7585298036 0.8920613813 0.7753268713 0.7809052926 0.5976452309 0.8236420891 0.7165733917 0.8224520876 0.700420392 0.7191500221 0.5844800503 0.5861172346 0.5881793442 0 0.8903279388 0 0 0 0 0.5749143195 0.8473577463 0.6602273389 0.8509974266 0 0 0 0.9005491658 0 0.6767935083 0.7356964886 0 0 0 0 0 0 0 0 0 0.7628683125 0.7557251288 0 0 0.5969955714 0.8894739853 0 0.5726314658 0.5631617767 0 0 0 0.7147151898 0 0 0 0 0 0.5339405527 0.5372584731 0 0 0.6276671166 0.6191589819 0.6166451889 0.6194873652
0 0 0 0.6279644121 0.5436331911 0 0 0 0 0.6017528188 0.7791971869 0.7763071343 0 0.6188434855 0.672922731 0.8361235058 0.8337410771 0.8295392118 0.8298924814 0.8399540994 0.7800591233 0.7798773068 0.6011889356 0.8201297771 0.8199692393 0.8218991992 0.8336558853 0.5880021801 0.8729140133 0 0 0 0.8928780674 0.889355351 0.8986456595 0 0 0 0.828526904 0.8496336065 0.6869077018 0 0 0 0 0 0.8854074907 0.8888598424 0 0 0 0 0 0 0 0 0 0 0.7683183421 0.7654817976 0.6023333342 0.608549138 0.8848978179 0.8412639851 0.8396130235 0.6955422894 0.6924106127 0 0 0 0.6301262736 0 0 0.903601833 0.6991999019 0.5288176694 0.5331096843 0.5344438594 0.5282949664 0.6263916193 0.6170020573 0.7888123914 0.6183111959
0.6777330926 0.5979507301 0.5850027182 0 0.6160024312 0 0 0.6328577079 0 0 0.7852478369 0 0.7840165869 0.6110949712 0.8084896813 0.8402887703 0.8347979117 0.8293449165 0.8332112638 0.8365607278 0.7884998523 0 0.9019291395 0.8218220004 0.8286651844 0.8269182083 0.6265398893 0.8516907694 0.5955797559 0.8956745491 0.8923574684 0.8911101916 0.8880822297 0.8901663664 0.8950869545 0 0 0 0.5606286021 0 0 0.6201950592 0.5103700127 0.5089867869 0.874573075 0 0.882134388 0 0 0 0 0 0 0 0 0 0 0 0 0.7919515997 0.6836521134 0.8828857309 0.8411426545 0.8356032059 0.8451044613 0 0.6936876878 0.6871861103 0 0 0 0 0.8995658455 0.8719294539 0.5033313342 0.5330146443 0.527050521 0.5249712223 0.5223382244 0 0 0.7985726162 0.7929895362
0.7550374705 0.7887952554 0.6164835815 0.6820052678 0 0.7841461709 0 0 0.8623637679 0 0.7907835985 0 0.7521947044 0 0 0.8432717831 0.8306565577 0.8338545609 0.8333667941 0.833566863 0.8408276888 0.8225792426 0 0.8994606575 0 0.9119393518 0.9186020704 0.7960592681 0.9000072181 0.8983663833 0.5866481152 0.8916650189 0 0.8957704084 0.8906176548 0 0 0.6253612559 0.5676625796 0 0 0 0.5164173717 0.5122272033 0.5915839109 0.8723850741 0.8746579975 0 0 0 0 0 0 0 0 0 0 0 0 0.7968054751 0.8904670676 0.7329488883 0 0 0 0.7021370491 0.6458276926 0 0 0 0 0 0.9081705089 0.681546436 0.8213063135 0.5312159031 0.5264181745 0.5213284024 0 0 0 0 0.7945866729
0.7473444461 0.7476094432 0.5617660107 0.9073820878 0 0 0 0 0 0 0.8978326669 0 0.7547143149 0.750650326 0.7484674813 0.8344135503 0.8402229254 0.7499161072 0.7551598634 0.7505077999 0.8379175398 0.9076643611 0.9077905684 0.8983616421 0.9020916816 0.9093813141 0.9140885924 0.5246736448 0.551636 0.5482399339 0.8920862293 0.8937613092 0 0.9056936332 0 0.8783062605 0 0.643391229 0 0 0.696166601 0 0.5134923052 0.5141383179 0 0.8784988046 0.8694877149 0 0 0 0 0 0 0 0 0 0 0 0 0 0.8424401491 0.6149165624 0 0 0.8336976383 0 0 0 0 0 0 0 0.5832740722 0 0 0 0.5264303539 0.5312736873 0.5508635417 0 0 0 0
0 0 0 0.8989163154 0.8053449293 0 0 0 0 0 0.5265276217 0.7971903298 0.7548815693 0 0.7545033113 0.7461023361 0 0.7434759887 0.745230823 0.7527050842 0.9145414679 0.9103413671 0.9027224697 0.8983799815 0.9066697031 0.5167972491 0.5214324815 0.5314505328 0.5335570736 0.6610752106 0.7702798932 0.606982717 0.5977956247 0.7392109537 0.9094383633 0.7916483318 0.7851935277 0.7947025439 0 0 0.5224945972 0.5180995793 0.696837937 0.6952749638 0.8729349348 0.8704469269 0.8770842881 0.8742485064 0 0 0 0 0 0 0 0 0 0.6651314318 0.6584974509 0.6540690935 0.6571786169 0.6053796845 0 0.8385284954 0.8366711703 0 0 0.6819988989 0 0 0.7896316038 0.5751898875 0.5756110473 0 0 0 0.5124753295 0 0.5550820479 0.5218334658 0 0 0.6052908992
0.5625342861 0.8006078679 0 0.8469209605 0.902205406 0 0 0 0 0 0 0.658112137 0.8832707916 0.8735150444 0.7513823251 0.7469233075 0.7448166035 0.7407083734 0.7391073338 0.742677738 0.7266323303 0.9111207543 0.9078154133 0.9065107182 0.5156427418 0.5129556083 0.5191867552 0.5283642403 0.5737015916 0.6539463667 0.6517075902 0.6514635749 0.6437843506 0.7591431224 0.6125718541 0 0.5144150752 0.6672711192 0 0 0 0 0.6995327137 0 0 0.5310796765 0.8523706879 0 0 0 0 0 0 0 0 0 0 0.6732194055 0.661418426 0.652718746 0.6532111331 0 0 0 0 0.84134617 0.877389484 0.6248357059 0 0 0 0 0 0 0 0 0.5074912589 0 0.5544783085 0.7846321256 0.6026864493 0.6088463362 0.7136161321
0.5312865601 0 0.7920877935 0.792197986 0.5576745864 0 0 0 0 0.8566556442 0.8401684645 0.8434347106 0.8794558206 0.8790538101 0 0.7482849508 0.7364339874 0.7440099458 0.7367111193 0.7382112578 0.7335532646 0.7257587548 0.7345148406 0.7380002635 0.5126681362 0.5139275791 0.5199803211 0.5733514874 0.6433519639 0.6465307036 0.6486409755 0.6418475277 0.668341313 0.7570882032 0.752140298 0.7560185022 0.7625643774 0 0.5808941921 0.5806009928 0 0.516138096 0.835321047 0.6689962222 0 0.6733927773 0 0 0 0 0 0 0 0 0 0 0 0 0 0.5836987531 0.8843354775 0.876165558 0 0 0 0.5904613833 0.5006433595 0 0 0 0 0 0 0 0 0 0.5086578245 0.5125732303 0.7946773455 0 0.6178339986 0 0
0.5235461229 0 0.8012230163 0.799894603 0.8006190978 0 0.5503451917 0.5643269666 0 0 0.6937039438 0 0.797875171 0.7426262587 0.7811748427 0.8052877063 0.7392908748 0.7344280345 0.7385004577 0.7416197966 0.7306607835 0.7266689921 0.7310331223 0.7414106481 0.7473447947 0.6028258901 0.6092716138 0.6528931671 0.6460482906 0.6401836466 0.6398748609 0.6434140292 0.6469287344 0.7588816833 0.7494514552 0.7665443158 0 0.5885845442 0.5829092132 0.5866747616 0.5877605025 0.6275475589 0.6224163434 0 0.6670360194 0.6629513819 0.8506411976 0 0 0 0 0 0 0 0 0 0 0.5981110862 0 0.5894585044 0.5914505855 0 0 0 0 0 0 0 0 0 0 0 0 0 0 0.6216578105 0 0.5025021282 0.788467525 0.567166379 0 0 0.8130551958
0 0 0.7964316428 0.5657814982 0.8048584999 0 0 0 0.5022456105 0.6886532121 0.6826701427 0.7688400091 0.78895924 0.5935392584 0.8791976855 0.6982037995 0.7401901986 0.7437229507 0.7431560398 0.5519223518 0.6947324915 0.7011176371 0.7453309327 0 0.7487051814 0.6042514713 0.6084643422 0.8107392418 0.6452292859 0.6406168011 0.6406152613 0.6490695812 0.6513501806 0.757749456 0.77116941 0.7623226173 0.7674667788 0.7650691357 0.7752030956 0.5893644267 0.591538138 0.6272936887 0.7418757104 0 0.6627056531 0.6653981314 0 0 0 0 0 0.5655254894 0.5738544246 0 0 0 0 0.8153578041 0.5561307076 0.8161215077 0 0.8926664436 0.7614958982 0 0 0 0 0 0 0 0 0 0 0 0 0.6709054709 0 0.7790087895 0.7798867035 0.7893708571 0 0 0.633121391
0 0.7910456912 0.8008475515 0.5615306241 0 0.6679627716 0 0.6915525145 0.6838977555 0.6836599656 0 0.9016378071 0.8954755435 0.66249503 0.8811589256 0.8825070725 0.8051330517 0.7453707931 0.7518697619 0.7517074692 0.6288492717 0.7545195376 0.7535602013 0.7508822243 0.7838195352 0.5924473749 0.7453796862 0.8169749945 0.6430275775 0.6502426506 0.6406249412 0.5827604164 0.7639279967 0.7588944397 0 0.770680597 0.7615746473 0.7656969244 0.7702273019 0.7767542348 0.5219919498 0 0.5233738355 0.8188327288 0.6648729758 0.6688288871 0 0 0 0.7059373227 0.5740395282 0.6116020005 0 0 0 0 0 0 0.812414495 0.820728594 0.8178124199 0 0 0.6243859758 0 0 0 0 0 0 0 0 0 0 0.6692541714 0 0.7818251972 0.7878305151 0.6826402556 0.7828761314 0.6329243331 0.6317131686 0
0 0 0.7956113244 0.8031159645 0 0 0 0 0.7376215189 0.6782725077 0 0.7401271607 0.7406684724 0.8907799432 0.8975625081 0.8960470408 0.8080467675 0.6144206195 0.8206099007 0.6883515396 0.780852894 0.532862501 0.6754997945 0.6086066378 0.6065333197 0.6047457437 0.7940366301 0.7900181503 0.7872093137 0.7924697183 0.6459028158 0.6437976123 0.5854258719 0.5363353866 0.7805819613 0.7621165625 0 0.5477459397 0.7708028669 0.7720192125 0.5220064823 0.5151540369 0.5225195305 0.5254854645 0.8233466342 0.5438441815 0 0.633514481 0.6368600003 0.5526849283 0 0 0 0 0.6971082052 0 0 0 0 0 0 0 0 0.5603397215 0.6659073287 0 0 0 0 0 0 0 0 0.6723334251 0.6465390618 0.6444561405 0 0.8885431951 0.8368079688 0.688002741 0.6393278627 0.6333359799 0
0.886546229 0.8351907868 0.8016613878 0.8019637086 0 0 0.8730162304 0.7681538925 0.6851678172 0 0.6870509556 0.7326281427 0.6871795601 0.6910418945 0.8883443872 0.8949413916 0 0.8184973699 0.6145192567 0 0 0.7773220916 0.8585812319 0.7758386253 0.6120301395 0.6529976873 0.7896611035 0.7926965333 0.7849472829 0.7823925131 0.7864858344 0.6137471064 0.6121266545 0.5356791759 0.5290398745 0.7805551701 0.5547108686 0 0.5546378395 0 0.5170305321 0.5136436591 0.5210913457 0.5215655003 0.7503062239 0.7470993287 0.8062640468 0 0.6338337651 0.7103370076 0 0 0 0.6928744382 0.6944402954 0 0 0 0 0 0 0 0.8738778297 0.8647665046 0 0 0 0 0 0 0 0 0 0 0 0.6389568767 0.641947904 0 0.8874472348 0.5766872584 0.7798002029 0.609902905 0.5991509932
0 0.6859572293 0.8042044452 0 0.5825999099 0.5752487285 0 0.6973143984 0 0.6888315241 0 0 0.684694348 0.6864671294 0.6881367905 0.6890021285 0.6949661376 0.8789752191 0.665804849 0 0 0 0.5981871212 0.720725635 0.7228472101 0.574740458 0.7925639858 0.7888210541 0.7884551526 0.7797237396 0.7848540552 0.6900998934 0.6125925624 0.5324503334 0.5283404942 0.5307925482 0.5082948085 0.5568066592 0.5594836282 0 0 0.5221664447 0.5225308166 0.5256410506 0.5185040972 0.6535446359 0 0 0.7258297902 0.5223447826 0 0 0.6907466098 0.6869807272 0 0.7943622127 0 0 0 0 0 0 0 0 0 0 0 0 0 0 0 0 0 0 0 0 0.6488503922 0.6562195658 0.8818360514 0.8846043532 0 0.6164022459 0.6094358168
0 0 0 0 0.5747743423 0.5256677431 0.7589599696 0.7041022156 0.5121513974 0 0 0 0 0.6871793435 0.6840774618 0.6886923209 0 0.8494435672 0.770540632 0.5336025944 0.6714104212 0 0 0.7184975244 0.8030665682 0.8967449815 0.7946875892 0.7914283864 0.781705317 0.7836427669 0.7865710855 0 0.5647183947 0.5318782317 0.5284184274 0.5321421629 0.5627049102 0.5664454008 0.5604588432 0 0 0.8537819601 0.7782300114 0.548111115 0.6985135988 0.6534359721 0 0 0 0 0 0 0 0 0 0.731148282 0.7930911973 0.5049388141 0.5518779007 0 0 0 0 0 0 0 0 0 0 0 0 0 0 0 0 0 0.6506759574 0.508039034 0.8864594023 0.8834681413 0 0.6404998265 0.6077200725
0 0.8913619354 0.7374921823 0.7354834973 0.7398140949 0.5801518348 0.6475440489 0.6486567376 0 0.8001423965 0 0 0 0 0.683733315 0.6807173179 0.6888967785 0.8464538577 0 0 0.5526820586 0.5578188904 0 0 0 0.797293702 0.7946640082 0.7920253918 0 0.79306634 0.7861383657 0.7883362773 0.5674619742 0.5596803284 0.5647930509 0.5361621228 0.8124040712 0.8417599196 0.8416234091 0.6769715657 0 0 0.7707221123 0.5459301724 0.5984899324 0.5350428827 0 0.8519272423 0 0.8384517256 0.7307273692 0 0 0 0.6287478016 0 0 0.6380593803 0 0 0 0 0 0 0 0 0 0 0 0 0.8914423707 0 0.5869807011 0 0.6016642097 0.8567292373 0.5133648637 0 0.7877225736 0.8880227221 0 0.6171327031 0.6073814747
0.6000349217 0.7764037261 0.8749625521 0.6969544015 0.8755123351 0.618046206 0.645185203 0.6408238474 0 0 0 0 0 0.6908723455 0 0.6841100764 0.6905914371 0.7089412319 0 0.7402142018 0 0.5589402177 0 0 0 0 0 0.7983603668 0.7921776864 0 0.8054836211 0.7885286439 0.5646101595 0.5636287545 0.5689122131 0 0.809536205 0 0 0 0.5718719767 0.8809715775 0.8715745085 0 0.5390094589 0.8688836884 0 0.8278161937 0.8216235627 0.8332655115 0 0.8430853218 0.7283607183 0.7197332257 0.7140021874 0.8171624951 0.63532823 0 0 0 0 0 0 0 0 0 0 0 0 0 0 0.5848833866 0.7073220885 0 0.6064389941 0 0 0 0.8268576251 0 0 0 0.6002913748
0 0.8614998528 0.8610620492 0.8663843347 0.8629827074 0.8931139523 0.6468733329 0.564626655 0.6486808169 0 0 0 0.7891987529 0.5582861304 0 0.7097625444 0.7013776632 0.7060574923 0.7020207149 0 0.8826291537 0 0 0 0 0 0.7984055883 0 0.8066871142 0.7999956225 0 0.808462125 0.8132655424 0.5819119041 0.5783024931 0.7686554332 0.6127702944 0 0.667163031 0.6690476071 0.6674577629 0.8983474744 0.8711020593 0.7182929225 0 0.6767669812 0.5208302185 0.6528686277 0.8334370309 0.8373528125 0 0 0.8368049468 0.5037496246 0.7858396293 0.6353364015 0 0.6097382833 0 0 0 0 0 0 0 0 0 0 0 0 0 0 0 0.5336549752 0.8599162202 0.5223982391 0.8586289825 0 0 0 0.8047397993 0.5061905912 0.6119521266
0.610425617 0.8662380266 0.8596798121 0.8605600759 0.8522501858 0.8300300066 0.8871743241 0.833206803 0.6597763265 0.6575121068 0 0 0.8952989249 0.5112478883 0.5500721664 0.5448056328 0 0.6988951719 0.6987247727 0 0 0 0 0 0 0 0 0 0.8004099201 0 0.8083883577 0 0.8106634194 0.5729340659 0.7648917585 0.575721913 0.6599291306 0.5556826606 0.6691188759 0.6601105694 0.6687169813 0 0.8726248445 0.8721419434 0.6703139201 0.6700443884 0.6814261059 0.6055528594 0 0 0 0 0.5814410177 0.643996139 0.5505259235 0.6401181772 0.6402191336 0 0 0 0 0 0 0 0 0 0 0 0 0 0 0 0.8928606652 0 0.5689763892 0.8558188892 0.8530944783 0 0 0.5467833746 0.6285714015 0 0.8408470877
0.6073538678 0.8554288398 0.8535101069 0.8522150596 0.8552496602 0.8288072031 0.8272123568 0.8347158948 0.6534731539 0.6534435377 0.6579207471 0.8959217096 0.8861775937 0.8872237427 0.5527044571 0.5488655094 0 0 0.6960888177 0.6992782533 0 0 0 0 0 0 0 0 0.8083445636 0.8052693186 0.7526680032 0.7543104532 0.5826661346 0.5717714989 0.5685060885 0.5623710396 0.7455704639 0.8809862873 0.6683458316 0.767932866 0 0 0.8755975297 0 0 0 0 0 0 0 0.564606762 0.8127860139 0 0.6405681558 0.6370292259 0 0 0 0 0 0 0 0 0 0 0 0 0 0 0 0 0 0 0 0 0 0 0 0 0 0.5643440534 0.5686195588 0
0.8412339863 0 0.8483205452 0.8564284665 0.860748714 0.8333389737 0.836779352 0.8152846136 0.8225289049 0.6579981742 0 0.6319080392 0.7892192523 0.8784082165 0.8873969495 0.5589938988 0.6943077689 0.6940345248 0.6923585206 0 0.6098554862 0.6131026962 0 0 0 0 0 0.7504594755 0 0.7536442293 0.7501845631 0.7524308167 0.5741480118 0.5766833766 0.5685811723 0.5608238113 0.5690965362 0.6978127839 0.7513609131 0 0.8470717556 0.8732939096 0.874566611 0 0 0 0 0 0 0.5617355745 0.8076096943 0.8066303941 0 0 0.6448262443 0 0 0.8596533969 0 0 0 0 0 0 0 0 0 0 0 0 0 0 0 0 0 0 0 0 0 0 0 0.5673007662 0.8429965688
0.8406050905 0.839899408 0.8430883554 0.8574696342 0.8084437557 0.5640646483 0.5674662882 0.5672793495 0.8185796305 0 0 0.7862751871 0.7903004079 0.8833920301 0.8854231616 0.571898061 0 0.69241706 0.697387713 0.7002611827 0.6031619215 0.6043108556 0.6065269008 0 0 0 0 0 0.748256843 0.7447966912 0 0.7510673957 0.7540865818 0.8184603375 0.5042626467 0.570243024 0.5678360516 0 0 0.8017629875 0.8183931502 0 0.8761075078 0 0 0 0 0 0 0.8451489731 0.8125732409 0.8037385811 0.5720584022 0.5745538339 0.6267042179 0.6459055157 0.7751637501 0.5837363792 0.7675124067 0 0 0 0 0 0 0 0 0 0 0 0 0 0 0 0 0 0 0 0 0 0 0 0.8437685421
0.8444897115 0.8482391806 0.8469531067 0.5037933721 0.7981011636 0.8927950234 0.5589839733 0.567772612 0.5586754391 0.6339514462 0.7867646769 0.789443958 0.7901914392 0.7809051737 0.7820702039 0.5728561723 0.5717696779 0.579658731 0.5839851027 0.5886835978 0.5977880421 0.5988697317 0.5934573528 0.598836145 0.6971827064 0.7005266137 0.570124049 0 0.7454162373 0.743971614 0.7418542703 0.751233507 0.6834218836 0.8244602313 0.8165255236 0.8182876893 0.8105872336 0 0 0 0 0 0 0 0 0 0 0 0.7631924322 0.755669516 0.8068367064 0.8112448659 0.8095517942 0.8537406213 0.5808289603 0.5713968742 0.6318228741 0.76625894 0.6263271671 0 0 0 0 0 0 0 0 0 0 0 0 0 0 0 0 0 0 0 0 0 0 0 0.5325547623
0 0.8562117611 0.852852394 0.5006107582 0.8669986523 0.5654376134 0.5586837809 0.5579416363 0.5537840274 0.5521880311 0.5493115792 0.864386551 0.7865927937 0.7767479009 0.7793716127 0.5726990481 0.5727351032 0.5784986807 0.580314923 0.5987615733 0.5968232898 0.591187965 0.5934459301 0.6349195014 0.6059201655 0.8952873474 0.8936153048 0.751250862 0.7406508411 0.7386587832 0.7455966026 0.7536066536 0.7527958504 0.8180779837 0 0.8120825553 0.8021388584 0.8017477114 0.8079414325 0 0 0 0 0 0 0 0.5364394044 0.7125684421 0.8518456003 0.760874939 0.527738483 0.8228171085 0.8147522819 0.8127311659 0.8220318302 0.5514253251 0.7679760291 0 0 0 0 0 0 0 0 0 0 0 0 0 0 0 0 0 0 0 0 0 0 0 0 0 0
0.7694514285 0.5927279241 0.8205982623 0.5213528191 0.8643182907 0.565791789 0.5600928965 0.5527487746 0.5499548331 0.5451793263 0.5525430782 0.8629676435 0.7798361653 0.7724085442 0.7703156812 0 0.7279303968 0.5810415836 0.5810132284 0.6042612807 0.5957327799 0.6666300362 0.591567659 0.5999684843 0.7333171208 0.8965692204 0.8900488954 0.895301696 0.7470769632 0 0.7439356754 0.7465149099 0.5628958555 0.5584306826 0.7078270818 0.8206819293 0.8109541774 0.8106676556 0 0 0 0 0 0 0 0.8607868859 0.7518676279 0.7944158153 0 0.858800452 0.8627761454 0.8536992158 0.8327869436 0.7941932374 0.545813247 0.5552166711 0 0 0 0 0 0 0 0 0 0 0 0 0 0 0 0 0 0 0 0 0 0 0 0 0 0 0
0.6886993509 0.581595159 0.8672252754 0.8557918415 0.8545753817 0.5628581654 0.5498696568 0.5527042243 0.5439258585 0.547865915 0.5509927195 0.5639752018 0.6664002275 0.7784598328 0.7784010808 0 0.6664030208 0.6758985067 0.6065180404 0.6005248185 0.6010008345 0.6054814163 0.6059349484 0.7148891418 0.7244837762 0.502993837 0 0.6494823914 0.8246294131 0.747687545 0.7480779567 0.5553758185 0.5553073355 0.5612836872 0.815970493 0.8151543535 0.8125347837 0.8132518389 0 0 0 0 0 0 0.762576684 0.6591815561 0.7935412878 0.7903848915 0.8613494408 0.857250023 0.8527880559 0.8540702025 0.7052251738 0 0.5485695555 0.5453508618 0.5526744004 0 0 0 0 0 0 0 0 0 0 0 0 0 0 0 0 0 0 0 0 0 0 0 0 0 0
0.7731202864 0.7748450293 0.5560930138 0.8625699122 0.5621734899 0.5656258975 0.5533327464 0.5494751079 0.5530031082 0.5442230123 0.5556308684 0.557794132 0.6724407678 0 0.7805309949 0 0.6753723995 0 0.6033944241 0.6018394635 0.6060665 0 0.6093189084 0.8835166141 0.7162216617 0 0.7299039139 0.8295564612 0.8195976505 0.8261134204 0.7573079571 0.5606945602 0.5572362984 0.5630074214 0.7405799145 0 0.8190555229 0 0 0 0 0 0 0 0.8690144076 0 0.6532743174 0.7842222974 0.8686092715 0.8597741064 0.858719803 0.5638102481 0.5599873201 0.8006606092 0.5503076602 0.5512180291 0 0 0 0 0 0 0 0 0 0 0 0 0 0 0 0 0 0 0 0 0 0 0 0 0 0 0
0.7659849469 0.7713280394 0.6298825582 0.5640663492 0.8155804164 0.5581133744 0.5567693569 0.5522153001 0.5519101708 0.5572780982 0.5533859415 0.5581991921 0.6931693393 0.7854365032 0.80917998 0 0.711987897 0 0.898036032 0.6071643403 0 0 0 0 0.7221957067 0.5372259397 0.693368908 0.6069207853 0.8268266875 0 0 0.5575207571 0.5668784705 0.77858022 0.6247346323 0 0 0 0 0 0 0 0 0 0 0.65638626 0.7924098405 0.7929518301 0.795603561 0.865496649 0 0.8600894481 0.5664100575 0.5612190354 0.5541555529 0 0 0 0 0 0 0 0 0 0 0 0 0 0 0 0 0 0 0 0 0 0 0 0 0 0 0 0
0.7618366041 0.767135772 0.8629166856 0.5678670436 0.5613639087 0.562965488 0.5585833613 0.5571117671 0.5591168389 0.5539696078 0.85611708 0.8530400038 0.861101635 0 0 0.8136904924 0.6313166586 0 0.5311452208 0 0 0 0 0 0 0.6980093757 0 0.8328907469 0.5512038624 0.8297076701 0.7367451988 0 0 0 0 0 0 0 0 0 0 0 0 0 0.7665930262 0.7932293987 0.8967701983 0 0.5230986065 0.5997429897 0 0.5976270981 0.8863709894 0 0 0 0 0 0 0 0 0 0 0 0 0 0 0 0 0 0 0 0 0 0 0 0 0 0 0 0 0 0
0.7677908843 0.8555354942 0.8546650818 0.8595576706 0 0.5698482332 0 0.6563025452 0 0.8535672366 0 0.8515372928 0 0 0 0.7925979995 0.6267694975 0 0.5325625339 0.6255601792 0.8692143735 0 0 0 0 0.7480039057 0 0.8399555734 0.8389768725 0.6399307641 0.7336077808 0 0 0.8267224663 0.888608668 0.616966617 0 0 0 0 0 0 0 0 0 0 0.89429445 0.887774782 0 0 0 0 0 0 0 0 0 0 0 0 0 0 0 0 0 0 0 0 0 0 0 0 0 0 0 0 0 0 0 0 0 0 0
0.7769350383 0.8607306059 0.8527290963 0 0.8613072507 0 0 0.8669971788 0 0 0.8480997672 0.8494518982 0.8664184402 0 0 0.732672918 0.883789887 0 0 0 0.8082048082 0 0 0 0 0 0 0 0 0 0.7859285094 0.7421815794 0.8230588162 0.5814877837 0.5869283536 0 0 0.5852138947 0 0 0.8357252784 0 0 0 0 0.8871719089 0.8846229521 0 0.8977231734 0 0 0 0 0 0 0 0 0 0 0 0 0 0 0 0 0 0 0 0 0 0 0 0 0 0 0 0 0 0 0 0 0 0
0.8630311135 0.8533227767 0.8553076019 0.8613040082 0 0.8764807819 0 0 0.860401629 0.8525097556 0.8542796531 0.8567961334 0.7325682855 0.733642323 0.7283186876 0.7337159669 0.5736975415 0 0 0 0.8069856658 0 0 0 0 0 0 0 0 0 0.753258266 0 0 0 0.5814265621 0 0.5751317599 0 0.5801967888 0.5815354604 0 0.8259165303 0.8311601647 0 0 0 0.8932773628 0.8839846735 0.8910543962 0 0 0 0 0 0 0 0 0 0 0 0 0 0 0 0 0 0 0 0 0 0 0 0 0 0 0 0 0 0 0 0 0 0
0.8541989847 0.8545858865 0.8665399675 0.866919798 0.8691677698 0.879133724 0 0.8680910069 0.8619591558 0.8334125566 0 0 0 0.7280370591 0 0 0 0 0 0.8052523356 0 0 0 0 0 0 0 0 0 0 0.7451662257 0 0 0 0 0.572850356 0.5777442592 0.5770658963 0 0 0.8263122508 0.8324123568 0.7525797646 0.7439377791 0.819361835 0.8883894766 0.8816583907 0.886143013 0.8822126315 0.8888886031 0.6895169248 0 0 0 0 0 0 0 0 0 0 0 0 0 0 0 0 0 0 0 0 0 0 0 0 0 0 0 0 0 0 0 0
0 0.8558229166 0.8594771981 0.8780883532 0.8752748872 0 0 0.6592929024 0.8796707058 0.8347700039 0.8311403017 0 0 0 0 0 0 0 0.8110791958 0.8145372501 0.8068307416 0.8070512289 0.8168227193 0 0 0 0 0 0 0 0 0 0 0.5853856694 0.580432704 0 0.5716419216 0.5767981612 0.57746585 0.5925278124 0.58550777 0.6456704181 0.6413704872 0.7417802015 0 0.8882732178 0.8881714204 0.878772514 0.6875506614 0.6851587119 0.6951858761 0.6798441185 0 0 0 0 0 0 0 0 0 0 0 0 0 0 0 0 0 0 0 0 0 0 0 0 0 0 0 0 0 0 0
0.8610144013 0.6733527929 0.6700355762 0 0.5661912116 0.5567393105 0 0 0.626416556 0.8332971121 0 0 0 0 0 0 0 0.8143649216 0 0 0.8091017572 0.8161884422 0 0 0 0 0 0 0 0 0 0 0 0 0 0.8197510597 0.5731971485 0.5718368602 0.5795943937 0.5841584677 0.5915499121 0.6374773981 0.6318384166 0.6330474142 0.6182347758 0 0.8136766124 0.811979692 0.6845236564 0.6915868641 0 0 0.6090231748 0 0 0 0 0 0 0 0 0 0 0 0 0 0 0 0 0 0 0 0 0 0 0 0 0 0 0 0 0 0
0.8193117639 0.6776420434 0.6710419892 0 0 0.5661621653 0.5641529823 0.860044265 0.7269263505 0 0.7748248742 0.7673913148 0 0 0 0 0 0 0 0 0 0 0 0 0 0 0 0 0 0 0.8902649699 0.7337783588 0.8928561004 0.5950110919 0.5963334677 0.5764231967 0.5820166353 0.5744373356 0.5797818034 0.5857490781 0.6694746137 0.6748769733 0.635752 0.6260275045 0 0.8059474767 0.8060564523 0.6800565468 0.6860793874 0.6880446522 0.6915948078 0.6053956168 0 0 0 0 0 0.7382077029 0 0 0 0 0 0 0 0 0 0 0 0 0 0 0 0 0 0 0 0 0 0 0 0 0
