landscape/hab_quality/256/simulation_000003_p057_h041_HABMAT_patch_more_500pix_modified.asc_ac_0.5_quality.asc
NCOLS 513
NROWS 513
XLLCORNER 0
YLLCORNER 0
CELLSIZE 9.980507
NODATA_VALUE NaN
[rows 31 to 61 of 513, columns 350 to 419 of 513]
0 0.5307789545 0.6104034287 0 0.5373592787 0.8115729865 0.53314313 0.6453449478 0.6434905433 0.7936765689 0.7446761454 0.5795867741 0.5743984207 0.7714603813 0.7719770764 0.771160919 0.8442844687 0.8424906754 0.8504549699 0.5843725489 0 0.7118153665 0.8100887035 0 0 0.5156712916 0.5218800651 0.5607973598 0.8988828294 0.8965846674 0.5521729743 0.5520940949 0.5561387657 0.8373691356 0.6795792727 0 0.8425684879 0 0 0 0.6919109949 0.6837080567 0.6854938868 0.6825099434 0.5435972703 0.5411310425 0.5420908645 0.543546622 0.8190357449 0.8060658855 0.80375993 0.8014321843 0.81114596 0.8140886409 0.7342383991 0.7440459095 0.7343460096 0.7226886648 0.6380756768 0.8908225636 0.8124687789 0.8030999465 0.8067659397 0.8164789771 0.654500125 0.7708166938 0.7550966062 0.7545440506 0.7589511844 0.7643731515
0.7807405547 0.6522051979 0.6487353935 0.64989919 0 0.8824714125 0.8802674772 0.6416478055 0.6506263821 0.8287480106 0.744059159 0.5712617186 0.5840395837 0.7676870469 0.762156264 0.7656030705 0.8484897158 0.846025323 0.8428616434 0.6652003895 0.5594013296 0.7171620746 0.718026692 0 0.8362045465 0.8400179555 0.7085581343 0.8262289542 0.6905413154 0.9023369046 0.8425261984 0.8461534954 0.8395709522 0 0 0.847286198 0 0.8475963076 0.850482312 0 0 0.7341363343 0.7316268393 0.7322332414 0.7331879179 0.5506624025 0 0 0.5350537732 0.812249897 0.8019638996 0.8091807261 0.8046271288 0.820990659 0.742358365 0.7429607463 0.5681535399 0.7156727472 0.7153825099 0.7203879299 0.7204007629 0.7163440035 0.6145564545 0.8094686993 0.6148050592 0.6572403164 0.7577163596 0.7459540458 0.7643628227 0.6623868142
0.6473957121 0.7434693672 0.6447070895 0.6511901595 0.8734462674 0.8782661391 0.8758589145 0.5062220536 0.6041358527 0.5962834063 0.5942182289 0.5943822032 0.5780327776 0.7713769373 0.7657257697 0.7691715924 0.8546481871 0.8519976057 0.8542886416 0.5550114418 0.5585154943 0.5142787966 0.5159570275 0.8699549765 0.8025069445 0.8288645459 0.7176484045 0.5874695357 0.5717738983 0.9090082502 0.8512300741 0.8425056878 0 0 0.8036998933 0 0.8517630615 0 0.7942976176 0 0 0 0 0.7312028311 0.7255080245 0.7326665355 0 0 0.5293208897 0.5314442795 0.6661588142 0.6714264242 0.6781431046 0.8140487295 0.8150612721 0.7485752875 0.7200777348 0.7115932777 0.7156049554 0.5842942643 0.7181790013 0.7145754878 0.7168249168 0.5533741561 0.8909453582 0.7353989573 0.5252411159 0.7702277388 0.807087939 0.5547131733
0.6381011881 0.6334977373 0.8781601267 0.8689770563 0.8706296364 0.8690434619 0.8715579388 0.7962587595 0.6003500039 0.5979574871 0.5939036644 0.601204136 0.7209598506 0 0.8402283439 0.5680090331 0.5609137099 0.7093518635 0.8638695536 0.6200815953 0.8301752416 0.5094556447 0.8498979427 0.8476450476 0 0.5099876244 0.7117008609 0.5460757303 0.5810698514 0.5546097668 0.8506885932 0 0 0 0 0.8939179839 0 0 0 0.7875265321 0.779001769 0.7876082214 0.7369109107 0.7288259653 0.7246133894 0 0.6394514186 0.5391114541 0.5306434805 0.5303074902 0.6728567376 0.668304233 0.6690651644 0.8185730934 0.814558112 0.6096483437 0.7197123962 0.7475305852 0.5805769251 0.5809911663 0.8497142492 0.7197957725 0.7200430382 0.553015456 0.882367521 0.6409253166 0.6939034968 0.749729117 0.7616095503 0.645307716
0.6322643384 0.6323824669 0.8701445203 0.8689138191 0.8659966576 0.8623825403 0.8606527293 0.7104021113 0.6041410236 0.6725985836 0.6336623563 0.6366535309 0.6306736707 0.6412806022 0.6916936514 0.558759343 0.8269461493 0 0.8198226396 0.5875706873 0.7563912965 0.725030916 0.723169972 0.6506093037 0.6354084123 0.717137815 0.5612335603 0.7117040625 0.5642565418 0.5605935026 0 0 0 0 0 0 0 0 0 0 0.7477264158 0.7330653577 0 0.616073209 0.6416575002 0.728605262 0.6368473752 0.63857679 0 0.6010448104 0.7103783722 0.6078912264 0.6770553151 0.7389399954 0.8189485811 0.7256346406 0.7255192411 0.5816315886 0.5855891013 0.5182161285 0.847125074 0.8414847154 0.8595456964 0.8217828802 0.6766241951 0.6940820685 0.8801354842 0.6674340894 0.5760880498 0.5934662523
0.6406869826 0.6469906686 0.666166545 0.8662942953 0.8611901467 0.8567897771 0.863023891 0.6397283349 0.7236260554 0.6019629671 0.863684532 0.6284666183 0.633256332 0.6413633543 0.7078140129 0.7823075431 0.5641829363 0 0 0.8344258274 0.6604831306 0.8400157569 0.7560192959 0.8008393436 0.5420836716 0.6424571362 0.5841098029 0.7666101243 0.5669479806 0.6980258763 0 0 0 0 0 0.7459561606 0.7735919866 0.5531625629 0 0 0.6612097138 0.7396489445 0.7345887113 0.6496266938 0.6468154967 0.6384089503 0.6302278519 0.7822512415 0.5233597288 0.6015679496 0.6074977521 0.6170810289 0.7342518404 0.6530694844 0.7470507154 0.5041251347 0.8114199332 0.8010324744 0.5936839311 0.5945972444 0.603502277 0.6035653463 0.6841401513 0.850883574 0.8558366493 0.6154143712 0.6771297506 0.673053791 0.680016406 0.8254948993
0.6408131565 0.6446297313 0.8711365449 0.8645889468 0.8582788922 0.8612778424 0.8605147152 0.6631783338 0.7190019158 0.7196104546 0.719706077 0.6376775722 0.6316215113 0.7253004661 0 0.5541410691 0 0.7721306695 0.5075882491 0.5394308693 0.7286733777 0.7193725027 0.6973004828 0.7028828104 0.7931039418 0.8397565764 0.8918742607 0.8853007516 0.8800638382 0 0.6275007672 0.8159100365 0.8167216812 0 0 0 0 0.567879333 0.830295602 0 0.7476182116 0.7470319151 0.6177567104 0.7504072232 0.6474490461 0.6416355589 0.7290401063 0.6391345322 0 0.6117807085 0 0.6171000267 0.6206295362 0.760280735 0.9179143843 0.631493111 0.6451755673 0.7445157622 0.607952449 0.582842571 0 0.6192396346 0.7278028043 0.8731134507 0.8587295694 0.8195994957 0.6794424222 0.6713635537 0.6391396082 0.8234357148
0.6441098346 0.6474467323 0.8709346881 0.8704013405 0.8664189071 0.8653851257 0.7101885828 0.7108779806 0.7101899135 0.7154238856 0.7241582955 0.7026443733 0.7341208302 0.5965306524 0.5812545273 0.8786244764 0.5679198647 0.5420851151 0.6484469007 0.7610428543 0.7274864073 0.6455539672 0.6985657804 0.6931524017 0.8798967604 0.8785116927 0.8842292292 0.8774116597 0.8790202384 0.8811564185 0.856603857 0 0.5988717006 0.8391594059 0.8326810875 0 0.5053999786 0.7683785553 0.7925446771 0 0.7561009608 0 0.7484050167 0 0.6254206416 0.6204782232 0.6471581962 0.6433857167 0.6456927173 0 0 0 0.8565248845 0.8747873902 0.9091729952 0.7433315891 0.745235232 0.7409624299 0 0.5095031452 0.8736406243 0.6282229851 0.545757339 0.6757303084 0.6742887995 0.6778173283 0.6736232377 0.6754122897 0.6760783927 0.6833573024
0.6513748204 0.6471196578 0.6237561074 0.8729839163 0.8710561221 0.5678796433 0.705742699 0.7007455255 0.7054897099 0.7021765685 0.7206143863 0.7483939297 0.6023842155 0.5756815269 0 0 0.5461392912 0.5655199268 0.8504153147 0.5616493042 0.6198575757 0.5904506089 0.6934774644 0.7003657344 0.8805034866 0.8761404986 0.8752903995 0.8746001318 0.8752846933 0.8852273306 0.6173192266 0.7696876342 0.764515312 0.6478385443 0.8310384382 0.8972285737 0.6213202061 0.7877459751 0.7898799971 0.8987271846 0 0.7492318054 0.7186021176 0.7536201638 0 0.6221279133 0.5259832016 0.5561383769 0 0.68388721 0.7854721809 0 0.8652053357 0.8995119365 0.9067778531 0.7388360479 0.7356710445 0.7361042569 0.5380546666 0.6320193589 0.6806593078 0.6772309692 0.7521180457 0.6699207656 0.6732847264 0.6755435957 0.6846767275 0.7260705226 0.6853369671 0.6837601892
0.657792286 0.6580646313 0.8739846183 0.6174069528 0.82077036 0.7535695147 0.7103210177 0.7001422688 0.6963503622 0.7032071274 0.899207331 0 0 0.6159957104 0.5809529279 0 0.5668030734 0.8988787759 0.5579718885 0.5640348396 0.7678076212 0.7650678449 0.7677356225 0.7742875566 0.8834226394 0.8840084336 0 0 0 0 0.8935161736 0.7635305424 0.7630681038 0.7675858116 0.6790409333 0.8348280653 0.7850810466 0 0.7917405266 0.5658625396 0 0.5705847945 0.5452037537 0.5442980058 0.5618307972 0 0.5497248845 0.5518495388 0.6199822034 0.6868521923 0 0.8550465502 0.8084785847 0.9027414644 0.9015169504 0.7377275629 0.737021984 0.741752125 0.6705437914 0.6405600103 0.583376475 0.6809780799 0.6718142165 0.6751080263 0.6686773281 0.6704349401 0.8698567153 0.8706683935 0.8456437843 0.8766718838
0.6615145088 0.610361389 0.6146284927 0.6187324502 0.6111154254 0.6203546032 0.7085656907 0.7040929234 0.6976026057 0.7038742369 0.7090291062 0.8197722714 0.8126909686 0.8125939128 0.8884729463 0.6944726551 0 0 0.5559611094 0.6831562912 0.7022113857 0.7637239427 0.7661332874 0.7714459145 0.8860156697 0.8933279515 0 0.6056640742 0 0 0.5243084337 0 0.8994607488 0.6734450054 0.5564034642 0.7528503142 0.5878663918 0.5562453345 0.827477322 0.565483565 0.781802677 0.8384485276 0 0 0 0.5582577432 0.5520794119 0 0 0.8441906023 0.8578782478 0.8605903296 0.8622412971 0.5003879817 0.680652517 0.6775283419 0.6803212128 0.6890659856 0.797700238 0.5635809241 0.5287638869 0.6726866304 0.6722566972 0.6673424365 0.673685823 0.8655241594 0.8666044436 0.8698955204 0 0.5164459645
0.7233413256 0.614858808 0.6116587033 0.6103652463 0.6126458518 0.6117670846 0.7132258032 0.7133675316 0.6622756891 0.7757242543 0.8124505894 0.7858321136 0.8099086663 0.5212808445 0.8905079339 0 0.868313314 0 0.5603639742 0 0.7679718955 0 0 0.7693970157 0.5244811647 0 0.5339436796 0 0.531173697 0.7301818506 0 0.6721580859 0.6650632745 0.6717686504 0.676134462 0.7653917928 0.5673185586 0 0.6637334753 0.8539126584 0 0.7200183238 0.7186171462 0.5406547834 0 0.5599447976 0 0.5608878397 0 0 0 0.8666079732 0.8540001205 0.684578736 0.6860161576 0.6865133624 0.6781518331 0.6865667089 0.5551322378 0.544952894 0.6305626947 0.5229663422 0.7528797552 0.8077995894 0.6760894419 0.6790194418 0.8618601833 0.7258846536 0.720270237 0.7175777128
0.6810571039 0.6173826527 0.6410484141 0.6169491858 0.6184075903 0.8500148108 0.7143369752 0.6015791626 0.7173797989 0 0.808210317 0.8088825352 0.8099196029 0.5227729596 0.5154358418 0 0 0 0.8276556296 0 0 0.6180055232 0 0 0 0.662240855 0.5746481996 0.7689671189 0.5701903122 0.7930750936 0.7297759219 0 0.6723473344 0 0.8767576894 0.7359069571 0 0 0.6573294828 0.5195086415 0.5283166649 0 0 0.7835153419 0 0 0.811741048 0.6736116906 0.8586738889 0.5613205569 0.7237447736 0 0.791465815 0.5903812048 0.6946711685 0.6944785223 0.5616144604 0.554957708 0.5599218883 0.576671536 0.5440332114 0.5440709703 0.8142585493 0.6780917008 0.6821742254 0.6761711998 0.5417980381 0.536527947 0.7165546586 0.521671614
0.676977168 0.6747609325 0.6217646094 0.5646626292 0.6190353848 0.7594973967 0.7560877109 0.5808400161 0.5878346872 0.8102544224 0.8027022928 0.8028524266 0.8047918994 0.8780435788 0 0 0 0.8206579418 0 0.8996607854 0 0.6589908668 0 0 0 0 0.6511629503 0 0 0 0 0 0 0 0 0.6339693442 0 0 0.7174093483 0.5154829647 0.5184627534 0.6436027424 0.6804182089 0.668825579 0.7017934459 0 0.6688612856 0.6479453688 0.7130728137 0.7164366834 0.7158466046 0.8948104257 0.884874249 0 0 0 0.5533671665 0.5522564086 0.5605161643 0.5335100132 0.5388435081 0 0.5344126959 0.8228078384 0.7454555801 0.7497782522 0.5359917271 0.5339937302 0.806341619 0.7210884308
0.6726193915 0.6709241709 0.6711443192 0.7519985332 0.875190927 0.7541203599 0.763429664 0.5599890672 0 0.8143062848 0.8089467246 0.7995065304 0.7995998075 0.7946174798 0.8036765235 0 0.8138710737 0 0 0 0 0 0 0 0 0.6557967212 0.6477839163 0.6534175264 0 0 0 0 0 0.9010913091 0.8962254624 0.6404161197 0.5179302115 0.5091737493 0.5062968723 0.5152613196 0 0.8012560063 0 0.8076530656 0.6655114605 0.6641482249 0.6734670148 0.6078977693 0.8284951247 0.7110181655 0.5675396644 0.7201263614 0.5124903443 0.6919988545 0.6251248158 0.683686763 0.5572022814 0.5589249562 0.5615233112 0.5274878814 0.5270608076 0.5292546462 0.527345288 0.512418686 0.813996811 0.7453768907 0.5466701341 0.5435592546 0.5345574511 0.7584913763
0.6769566626 0 0.6728784636 0.7687440284 0.7587193132 0.7537696588 0.7620537893 0.7660701876 0.811110927 0 0.8047196455 0.7948759013 0.7908754769 0.7974994405 0.8020202168 0.8068096046 0 0 0 0 0 0 0 0 0 0.586330735 0 0 0 0 0 0 0 0 0 0.8930762751 0.5184726195 0.5153466131 0.5064336226 0.5099774065 0 0.7359590903 0.748519219 0.887563985 0.5784792031 0 0.6448447976 0.6051647815 0.7139765319 0.7181700183 0.7174925776 0.7246091723 0.5209763036 0.6191632109 0.6827103809 0.6884888796 0.5427038101 0.6654829288 0.5348100253 0.5912569003 0.5290652691 0.5241789753 0.5339662815 0.5092874612 0.5581148693 0 0 0 0.5627315497 0.7645985197
0.899771426 0.8677951192 0.7802252727 0.7708955825 0.7612899382 0.755371602 0.7614057992 0.6602547632 0.8181379169 0.8082789048 0.599746484 0.7941888567 0.7976225647 0.7941046552 0.8050522789 0 0.8145174958 0 0 0 0 0 0 0 0 0.7654197369 0 0 0 0 0 0 0 0 0 0.8258932331 0.5598515113 0 0 0 0.511063671 0 0.8742182242 0.8798899584 0.6812701134 0.6801955922 0.6201422452 0.6759732856 0.6771410722 0.7231003694 0.7232096284 0.545490538 0.5207893464 0.6325719415 0.8461109164 0.8360931056 0.6801963867 0.5349781914 0.534889519 0.5287120323 0.5259609077 0.5263794931 0.5277525549 0.5540178007 0.5576363989 0.5533866537 0 0.6641932278 0.8402248015 0.6622663824
0.8615924505 0.8645318267 0.8938268818 0.7728364684 0.5068202937 0.7664767566 0.8837294841 0.8691044895 0.8706940472 0.8751629485 0.8171921125 0 0.8178565442 0.8128137521 0 0.8076471471 0 0.8181366096 0 0 0 0 0 0 0 0 0 0 0 0 0 0 0 0 0.6983124081 0.7803612596 0.5887276512 0.5587000715 0.5615659788 0 0.7911604443 0.7950496804 0.8748402318 0 0.6739775813 0.6778632794 0.6771538904 0.674196423 0.6818086018 0.5730092576 0.8960991121 0.8711064122 0.8907814168 0.6306412996 0.7459817003 0.6000237566 0.5108176325 0.6725090456 0.6746020996 0.5357154412 0.623080129 0.535278101 0.5338790526 0.8294381521 0.7779506714 0 0.617986493 0.7738237459 0.7758778562 0.7677888659
0.6744734883 0.6730138793 0.6225084319 0.7427718465 0.7403192424 0.7428772902 0.7510554516 0.8749129206 0.8659206412 0.8712903942 0.6283278552 0.6252011723 0.7372920807 0 0.8176001348 0.7628276232 0.8242873445 0 0 0 0 0 0 0 0 0 0 0 0 0 0 0 0 0 0.7272482588 0.5683619495 0.5533322782 0.5591779598 0 0 0.7963236093 0 0 0.8540168904 0.6011670151 0.6838680001 0.6787877659 0.6734550944 0.6697495012 0.6680798552 0.8942221931 0.890381082 0.8928856997 0.7497147566 0.5922649285 0.5118146735 0.5055391928 0.7098888207 0.6442687849 0.5386598044 0.5409325087 0.8296829801 0.8245673863 0.8305867996 0.7089524844 0.6243913913 0.5901721337 0.7740178636 0.7665142566 0.8082168972
0.6708899544 0 0.6120026546 0.7482556948 0.7406486885 0.7499602655 0 0.8673936858 0.8664709298 0.8757869756 0.6334026469 0.6282781984 0.6324543927 0.7836876876 0.7592264036 0 0 0 0 0 0 0 0 0 0 0 0 0 0 0 0 0 0 0.5582894178 0 0 0.7611831921 0 0.5667664631 0.8241985449 0 0.6013196074 0.5171625454 0.7614887326 0.8160615858 0.8109125319 0.6460551555 0.6728760193 0.6644130222 0.673991838 0.5860641257 0 0.8352656834 0.5945153018 0.7845508465 0.5110031511 0.5039029551 0.5049269661 0.8358263182 0.8099704858 0.7356787938 0.8287463649 0.8231124407 0.822828846 0.8259971733 0 0 0 0.6721028517 0.8063018547
0.676600486 0.6795427921 0.6837679238 0.6938280048 0 0.7592364509 0.8880933165 0.8717438539 0.8673786184 0.8763406747 0.6354778709 0.7542807894 0.7191835849 0.7164121605 0.7224949296 0.7181125264 0.6867897089 0.7247871724 0.5925568437 0 0.8160795855 0 0 0 0 0.8871379651 0 0 0 0.6994607985 0 0.851099728 0.8994986912 0 0 0 0.7012393384 0.6034375806 0.5096344574 0.7141213131 0.7178466418 0 0.7303113495 0.6549572166 0.8201502059 0.8854227771 0.8133220876 0.6657234159 0.665695472 0.6731352365 0.8529350188 0.8442562541 0.8308858509 0.8386688162 0.7105425335 0.5079705588 0.6642788296 0.8010177172 0.6996383821 0.7041095526 0.6462574191 0.6418589867 0.7606927461 0.7239696005 0.8188308456 0.8229576687 0.6704172491 0.6682547804 0.7358358532 0.8107007781
0.6818085352 0.6877208909 0.6863353749 0 0.8943347555 0.5185539945 0.5181570057 0.5677118715 0.8739746619 0.5961625868 0.7523846291 0.6081178171 0.6104313975 0.7212591222 0.7147834244 0.7212221302 0.8572901904 0.8607290585 0.8542018486 0 0.5400029955 0.5950789042 0.7376608261 0.7651447973 0.8949595416 0.890438611 0 0 0.5510160275 0.705587625 0.8494795712 0.8521350964 0.8470209574 0 0 0 0 0.5101669401 0.7176350433 0.7102364202 0.7076104004 0.7124671241 0.7225858448 0.7265846743 0.7724614507 0.7772538432 0.8927498022 0.6736954219 0.8496570809 0.8477905488 0.8504218507 0.83995991 0 0.6926774824 0.824730141 0.6466122855 0.5762603431 0.6970373831 0.7018158923 0.8789855379 0.7175386444 0.7145153884 0.7707638493 0.8200197377 0.6614345805 0.662249851 0.6680771075 0.6768268355 0.8706327712 0.7926560415
0.5851002682 0.5759359752 0.5694156247 0.5693497431 0.6177055732 0.9015655128 0.9059785741 0.9110507976 0.5964601599 0.596982559 0.6014545294 0.6009740493 0.6714765123 0.7180668322 0.7156907718 0.7179847635 0.8916089321 0.8529017637 0.8499094411 0.6903221589 0.8437437446 0.5251738257 0.8676716567 0.8735473565 0 0 0 0 0.5497501729 0.8511153609 0.8462683841 0.8433761576 0 0 0 0.5892737698 0.8193201485 0.6703214066 0.7147455036 0.7123709391 0.7075429739 0.7168511094 0.7190601893 0.5256429268 0.5816677307 0.5038283271 0.6729726205 0 0.5305013126 0.8123836698 0.8445821131 0 0 0.5616845451 0.5699798954 0.6469614713 0.6177459895 0.6997575035 0.7003687574 0.7085634346 0.7073221077 0.7098034694 0.7107638339 0.7188914334 0.6625503596 0.6590477363 0.6690063837 0.6731655769 0.6636067875 0.7213345622
0.6053054471 0.5759934004 0.5670953563 0.8960890415 0.8976627461 0.907312597 0.9020707567 0.7879845239 0.7102950335 0.5785256978 0.6075947517 0.6029550538 0.7449826891 0 0.59606751 0 0.8521567221 0.8576262643 0.8628908937 0.8040271111 0.68694134 0 0.6844920652 0 0.6910916323 0 0.5425333916 0.5559588556 0.847311644 0.8436408513 0.8470964817 0.8379576457 0.8459974581 0.5515676923 0.52574252 0.6953595437 0.5847869295 0.6764008761 0.6683610648 0.7167718628 0.709830277 0 0.726845727 0.5862974327 0.7958896775 0.5398852933 0.6653807705 0 0 0.5223545668 0.7892868818 0 0.8824629772 0.5638585904 0.5633434033 0.8844983548 0.8832527802 0.7318070018 0.7352936163 0.7087020219 0.7077666291 0.7071612594 0.7120185172 0.7125570364 0.6646623551 0.6634335246 0.6635205936 0 0.6963900152 0.6990272922
0.9048399016 0.9042127434 0.8983770784 0.8927967553 0.893171158 0.9003001121 0.9022910705 0.8651445787 0.6655716832 0.6250133197 0.6338081214 0.8987155337 0.8023193243 0.5257186925 0.7610650819 0 0.5758300601 0 0 0 0 0.677601864 0.6862057308 0 0.8204545835 0.7692906376 0.6245280823 0.8751509022 0.8441355802 0.8449366454 0.8421811877 0.8397617076 0.844042268 0.7473087401 0.7173663214 0.6453893753 0.8559372459 0.6755913177 0.5049169399 0.5042308002 0.5048765132 0.6249574546 0.8458754808 0.7661812742 0.6083309134 0.6189141015 0 0 0 0 0.7889487201 0.7847981333 0.5315736459 0.8871625425 0.888879684 0.8883569929 0.8817506096 0.8871546886 0.8449552053 0.7166711418 0.7075079592 0.7122829042 0.7090376001 0.7511032087 0.7433902876 0.7448707466 0.7430568602 0.7033231708 0.6935522883 0.5810935264
0.7556192927 0.9020581095 0.8960246069 0.8949911674 0.8983862781 0.5803125683 0.8147142363 0.7478230186 0.8823553279 0.622164748 0.6529653477 0.8461297494 0.5308446155 0 0.6085729267 0.751841506 0 0 0 0 0 0 0 0 0 0 0.6793418839 0.5239389402 0.5202884174 0.8365407626 0.8492976398 0.8439860627 0.7285713859 0.5766125562 0.5102351163 0.7157579439 0.708620727 0.7074342795 0.612160525 0.5047885018 0.5140772007 0.890309701 0.7113883575 0.8370213908 0.6063614291 0.7317857155 0.5366851385 0.501686904 0 0 0.7898125966 0.7649127636 0 0 0.8828725366 0.8806846282 0.886147569 0.627019039 0.7990871484 0.786622739 0.7824030047 0.7580177627 0.6791724004 0.7186552608 0.7506403812 0.7416756313 0.7421107158 0.6997394943 0.6926004854 0.6861187175
0.5006954927 0.9001327903 0.9001475929 0.9039760814 0.9098325667 0.6836025048 0.6368429941 0.8093999605 0.6953137263 0.6860250333 0.8551649715 0.8842906727 0.7074579886 0.8841943642 0 0 0.646221905 0.6531907543 0 0 0.8081157064 0.5225441052 0.8782051713 0.8006755045 0 0.7676070101 0.8013575697 0.7975874116 0.5157404476 0.8560063881 0.8499304082 0.8559451656 0.7324637895 0.7248325097 0.6966965483 0.5358476637 0.5401059536 0.7086028015 0.7110997392 0.5048375431 0.7408781079 0.894174298 0.8413556684 0.8402320593 0.8238771609 0.5931133294 0 0.5340583048 0.7086727194 0 0 0.5991944317 0.7743469868 0.5496701927 0.8810775705 0 0.8816502692 0.6220496778 0.6191714553 0.6191819489 0.6358609016 0.6778850039 0.681847365 0.6757088757 0.7508291995 0.7450780359 0.7502055642 0.7517565647 0 0.5735445959
0.6241395645 0.5600542392 0.9083500294 0.6992714732 0.7964443191 0 0.8684217348 0.6422413863 0.614559474 0.7339875364 0.6467395624 0.6864142634 0.8795801347 0.7439536077 0.7233229116 0.6559186519 0.6526024093 0.6441087286 0.6505072956 0.6247542924 0.5617489189 0 0.569146775 0 0.5637715541 0 0.79650933 0.651859316 0.8158433287 0.7521427984 0.8004795568 0.7982691905 0.7295877739 0.7860887727 0.536030943 0.5354604715 0.8555716453 0.5275187891 0.6534056477 0.5368188024 0.8479113336 0.8463403933 0.8511539985 0.8531999179 0.7148368178 0.8167257534 0.6492862813 0.6491999106 0.7344142435 0.7084327336 0.6172917797 0.5839250333 0.752958503 0 0 0 0.7176298662 0 0.6155872345 0.6209000768 0.6826424054 0.6748763998 0.6735572111 0.6779604696 0.6798591186 0.7602035091 0.7588227728 0.7505989882 0.5809031626 0.5824788431
0.5070711157 0.5409972975 0.6437864965 0.6970121159 0.696169508 0.8591781896 0.8661682766 0.7735626076 0.7973715567 0.770459106 0.5804913549 0.5778554081 0.7349348488 0.7358339561 0.7278144067 0 0 0.5071833003 0.6495120543 0.6284196544 0.6236853662 0.6293702256 0.5571941934 0.5600555834 0.5616604795 0.7995561303 0.7966306859 0.796517878 0.5502332271 0.5448162217 0.790842199 0.7955108368 0.7946128619 0.7864155612 0.5392404614 0.5366837626 0.5190492417 0.5227331483 0.6558745164 0.6530881372 0.8441899301 0.8441441552 0.8465639405 0.8503348035 0.7427776741 0.7389894455 0.6535971904 0.6444656419 0.7097397285 0.7117359348 0.7170447181 0.5430758711 0 0.8379391091 0 0.7311193927 0.7099063623 0.7089964227 0.6232531752 0.6179056122 0.6749981239 0.6696314318 0.6687025928 0.6699928857 0 0.7363995091 0.6105494257 0.6091058189 0.6138176404 0.6663235887
0.8452888638 0.8512626815 0.694695137 0.6925726457 0.6905030313 0.6949687297 0.862534961 0.7749883325 0.7698619155 0.7795159278 0.5864914978 0.5674641573 0.8873020024 0.7274666884 0.5293254316 0.8543816344 0.6809931113 0.5896561256 0.8631630908 0.6298093171 0.8114791407 0.6328411727 0.552486084 0.5592205947 0.5015276283 0.800227827 0.5465492471 0.7994193196 0.5538066093 0.7290513091 0.6763926962 0.7950381662 0.7429957989 0.737924418 0.5049090842 0.8604305502 0.7367533207 0.5248775829 0.7339878461 0.8586693994 0.8531388641 0.8490357156 0.8412892399 0.8426128585 0.7915043323 0.7363923648 0.7316997776 0.7335443457 0.6385523673 0.683947258 0.6103703512 0.5368596414 0.842733621 0 0 0.586020594 0.7101048865 0.6409513814 0.8198664538 0.8266567965 0.7481662532 0.6660643596 0.6650940528 0 0.6723191154 0.8795651823 0.8763266968 0.6071474516 0.6121456253 0.7122632024
0.8508061397 0.8502685747 0.6047635097 0.8918905039 0.6944650126 0.6909031876 0.6101670568 0.8743315866 0 0.7543780034 0.622636995 0.5248154178 0.5639326277 0.559919901 0.5793990448 0.8994196497 0.7003110241 0.6502997433 0.7719571985 0.8128395693 0.8164032298 0.7903779899 0.5589119411 0.5621525966 0.5675254311 0.7481990102 0.7991113415 0.8009938729 0.5316351862 0.5307116996 0.6192518568 0.738405012 0.7370851824 0.7397685869 0.7886951923 0.8775151629 0.8716756239 0.8761471755 0.5080967363 0.6546625079 0.850134522 0.8479571019 0.8457523549 0.6453705084 0.7416643708 0.7343913624 0.7309851036 0.6375617145 0.6471168475 0.6475785916 0.5335276778 0.5321959351 0.5323336369 0.634363598 0.822732678 0.8400274692 0.5817958933 0.8202882425 0.8169921513 0.8244695347 0.6140522991 0.6698154094 0 0 0.7102968762 0 0.615374873 0.6097647904 0.6168087132 0.7162789745
