landscape/hab_quality/256/simulation_000031_p066_h045_HABMAT_patch_more_500pix_modified.asc_ac_0.5_quality.asc
NCOLS 513
NROWS 513
XLLCORNER 0
YLLCORNER 0
CELLSIZE 9.980507
NODATA_VALUE NaN
[rows 189 to 215 of 513, columns 60 to 119 of 513]
0 0 0 0.7356483959 0 0 0 0 0.6558556831 0.7454575185 0.7439861214 0 0.8655196122 0.8732318775 0.5510696687 0.7291878334 0.5331716632 0.6206384618 0.7266970224 0.5605595128 0.5592941943 0.5622053661 0.7885728599 0.8681199897 0.8663942304 0.8681926393 0.7743789715 0.8057072018 0.8301320624 0.5512598717 0.7814950697 0.7819160911 0.8536042059 0.8093355571 0.8036707141 0.8167557233 0.8079259623 0.8301193331 0.6116088556 0 0 0.5247205423 0.8294081764 0.8309190837 0.7208425704 0.7822440781 0.5866349084 0.5916111967 0.8886075636 0.887713473 0.6882373547 0.6884293822 0.5696712773 0.5783900789 0.5779098184 0.5297793722 0.5288431791 0.5234396312 0.5201919438 0.5180082359
0 0.6487070667 0.66081517 0 0 0 0 0.7822448354 0 0.7273181665 0.7357090779 0.7342509922 0.8646566371 0.548258632 0.7156012346 0.6714729674 0.6684261758 0.6660425912 0.5736053106 0.5091955737 0.5582584135 0.6215767472 0.6252757874 0.6227321479 0.6197862087 0.6189727647 0.6260101621 0.6180285956 0.7905758837 0.7897234887 0.786116731 0.8444273972 0.852116332 0 0.7998837007 0.8069999958 0.8121060236 0.7017195003 0 0.6207237476 0.6254158797 0.5889547828 0.8242324042 0.7116200666 0.5012190532 0.6997493411 0.5899535205 0.6244223993 0.8859169425 0.8849204515 0.6891445228 0.6856407278 0.6857604688 0.8079221143 0.8027564172 0.8033814122 0.5265996342 0.522566071 0.5139519954 0.5219585448
0.6540075421 0.6440661918 0.5952920136 0.6560823683 0 0.7891191689 0.880200471 0.883069062 0.8881326813 0.7338530809 0.7260596269 0 0.8635181459 0.8612795221 0.6732369466 0.6659526249 0.6629914924 0.6773071267 0.5709664326 0.5651028128 0.6306970232 0.622862841 0.6202268646 0.6277441612 0.623543836 0.6183360547 0.6198197541 0.6117886517 0.7988462054 0.849438239 0.846139953 0.8453273219 0.8536410672 0.8078213257 0.7994964419 0.8032824731 0.815089708 0.6270713679 0.7105207069 0.8918293623 0.8098259627 0.8111276187 0.8055466387 0.8158976078 0.8908774986 0.5351181512 0.6987667396 0.7203483526 0.7124848249 0.7171688731 0.6873411836 0.5324892606 0.6940452881 0.8037779494 0.801418017 0.806181284 0.5245240654 0.5168818036 0.5225915968 0.5169419191
0 0.6451318657 0.6380065265 0.642825866 0.6601839603 0.8805988325 0.5034252433 0.8800764527 0 0.7281078255 0.7303290871 0.7295545333 0.6212409324 0.8566852817 0.8567024835 0.862331569 0.6650174595 0.8868043877 0.8884074243 0.7209850973 0.6274026521 0.6245068375 0.6279146027 0.622632675 0.6265046039 0.6140609569 0.6117031388 0.6124654284 0.615365801 0.854275548 0.8800309023 0.8537909866 0.8611016732 0.7940358955 0.799293623 0.8003270157 0.8761947372 0.8684401033 0.7652125696 0.5590488051 0.8117057453 0.8024832151 0.8221328546 0.8084545294 0.8119928447 0.8177075577 0.5478635784 0.6507209507 0.7175578038 0.5425921194 0.5409393504 0.6970092276 0.6943674634 0.8076324484 0.8112863568 0.8045048287 0.80933883 0.5341923573 0.7423108123 0.5461398235
0.5322344385 0.6385455609 0.6390038949 0.6410030368 0.7325559417 0.7281142325 0.8757839149 0 0.8825554312 0 0.8495273197 0.8432558839 0.5049147545 0.8604960494 0.8540111468 0.8576274936 0.8620173484 0.8661506635 0.8829206808 0.8803832899 0.8845663919 0.6004527144 0.6377623824 0.626156888 0.6166393801 0.727621072 0.6160204548 0.6137214425 0.6211147765 0.7909960698 0.8621229284 0.8578423921 0.8019097667 0.793000588 0.7912812185 0.6292346808 0.7014631375 0.6988138897 0.7471485214 0.6652797926 0.5457848388 0.5497800704 0.8003891327 0.8035352318 0.8116893601 0.5428630253 0.5503810328 0.5744997472 0.5802235152 0.5779855259 0.58379517 0.5425092817 0.8194797092 0.8101305417 0.8091061387 0.8081540623 0.8050208408 0.8056759796 0.6571361424 0.7803323557
0.8316952504 0 0.5968195505 0.5916804455 0.7252828623 0.7291368311 0 0.683602322 0 0.8469621559 0.8430716701 0.7145809645 0 0 0 0.8610666941 0.7442741825 0.864143853 0.8879616385 0.8948421978 0.8857425013 0.7142293251 0.5520804639 0.6210749437 0.6261095949 0.6204378207 0.6200105831 0.7882640377 0.783376904 0 0 0.6189231651 0.7996047744 0.7964642806 0.7928643836 0.7981102548 0.6992918001 0.6924068526 0.6647321703 0.6772724343 0.5425367462 0.5420714353 0.5341527176 0.5364332444 0.5388201626 0.5346578127 0.5398103512 0.5777343467 0.5728963996 0.5822925652 0.5826366033 0.5837319472 0.5664103541 0.8119796867 0.812413054 0.8695072908 0.7338768831 0.8413221674 0.8156458999 0.7781293433
0 0.8269909069 0.7252075658 0.728259688 0 0.7338069087 0.7323335525 0.505377535 0.8973168907 0.8482570764 0.8471479919 0.8439796188 0.6517247356 0 0.6693100098 0.6681757286 0.6697345474 0.8263933591 0.635327494 0.8298275357 0.7141054149 0.7678662574 0.7700729602 0.6300856941 0.5263499021 0.5899316458 0.641911307 0.6277132211 0.7817371259 0.7834993864 0.777831254 0.7913640595 0.8022537386 0.8041343295 0.8020633628 0.8117955948 0.6998932698 0.699299427 0.6800848777 0.6704303032 0.5448615159 0.5296454545 0.5316516389 0.5331422245 0.5375600996 0.5341078249 0.5385212348 0 0 0 0.5900793343 0.5816282664 0.5905587151 0.7455726307 0.7398125628 0.733761963 0.6497767413 0.8666729678 0.6444869955 0.6421100756
0 0.8275751303 0 0.5554807747 0.77214392 0.7762442839 0.7771098217 0.8897056583 0.8918212725 0.6341720264 0.8586550607 0 0.8581568327 0.6767919816 0.6724354913 0.6627575991 0 0.6650025289 0.8642057456 0.73222365 0.8184932609 0.7652709136 0.7719044876 0.7977790514 0.60582321 0.5968976677 0.6270763429 0.7832660907 0.7790485335 0.7738345991 0.7819425071 0.7872844153 0.7603553949 0.8091245204 0.8047212282 0.8472123868 0.6886082539 0.704817766 0.6410430226 0.6742390569 0.667067018 0.530759084 0.5232809448 0.5267813475 0.5337427444 0.5344530568 0.5430127279 0.5364607147 0 0 0 0.6852780394 0.5898708274 0.748165096 0.7387267459 0.5889262127 0.5868507983 0.5846116749 0.6414845843 0.6409567602
0.8590012913 0 0 0.7738621659 0.7756069742 0.7711231571 0.7722777521 0.8849022167 0.8883218939 0.6320600447 0.8534998719 0.8559331226 0 0 0 0 0 0 0 0 0.6756441477 0.8372992516 0.7711108227 0.6902156449 0.7365090923 0.8536372479 0.6492817458 0.5280589034 0.7829696097 0.7794584252 0.6130510936 0.7848740531 0.8575844083 0.8591284647 0.8127487346 0.5421247849 0.8790214549 0.7167125868 0.5466020366 0.5514535115 0.5507264687 0.5298288403 0.5267827396 0.527238651 0.5330702327 0.5385785944 0.539084686 0.7953502839 0.7980145581 0.7967884454 0 0.6113306879 0.5691946494 0.804833442 0.5856416408 0.5837195009 0.5798150087 0.5817943309 0.6501505635 0.6450418734
0.8538474909 0 0 0.7674179791 0.7701813793 0.8982013386 0.7769277525 0.80676155 0 0 0.8522845358 0 0.8611466332 0.8708386437 0.6889131725 0 0.8567769481 0.8813914338 0 0.5699695329 0.8344781272 0.8356125318 0.6851741451 0.6807314211 0.6896663253 0.7386145752 0 0.6415903474 0.5586589702 0.6691432527 0.8681430326 0.8428208536 0.6207166688 0.6228345203 0.7131108323 0.8783806324 0.8714823549 0.5425306053 0.8975075469 0.5425920528 0.5475482847 0.5325033799 0.5275621476 0.5289001889 0.5310668066 0.5362548099 0.7911363737 0.7951356534 0.793965438 0.7939953134 0 0.8001679837 0.5258840569 0.5900412517 0.5840705325 0.5790774685 0.5805015928 0.5849887107 0.5916606436 0.6498280844
0.8548966207 0 0.7701761954 0.7730047875 0.7769151036 0.7398951068 0.6989960286 0.711695959 0.7365653355 0.8524012527 0.8434979686 0.8446778353 0 0 0 0 0.6514485889 0.878606671 0.8341178508 0.6553156561 0.5582448322 0.5536707664 0.7086930425 0.8543662818 0.8599991135 0.8050199817 0.7283626654 0.8013188547 0.6531424742 0.672876054 0.6652634014 0.6205244125 0.6151217644 0.6178883006 0.7462616518 0.8460220046 0 0.5416493133 0.5355059574 0.5382627179 0.5498223213 0.5297669763 0.5345766213 0.5288419353 0.5910932804 0.6081030268 0.7973271634 0.7879595438 0.7917090095 0.7880996548 0.7925527861 0.7966561993 0.804170111 0.5796464408 0.5819078957 0.5811937764 0.576988021 0.5838127254 0.5879056695 0.5989995254
0.8232703567 0.7724974505 0 0.7735390055 0.7064804912 0.6982801501 0.7073366919 0.7067227308 0.8373496422 0 0.8444933361 0 0 0 0 0.652931953 0 0.8933689584 0.6548026881 0.5613585018 0.5521487437 0.5565653277 0.8450088009 0.84770968 0.8929354853 0.8019450445 0.7967939564 0.8061244581 0.842907308 0.6503905465 0.6496592288 0.6557513265 0.5740262477 0.6213753474 0 0.8223234788 0.5400264775 0.8709143693 0.8769709508 0.8744388922 0.8853948421 0.5363807139 0.72729817 0.813726157 0.7207875332 0.8069411357 0.7802708334 0.7833826713 0.7828743912 0.7880181682 0.7902922703 0.7935683173 0.6127017369 0.5842622171 0.5825332387 0.5799389783 0.5806679984 0.5860286779 0.5919578194 0.5934378697
0 0.8189109446 0.8241607158 0.8281976839 0.7042365781 0.7022218571 0.702516913 0.7847770351 0.7124222779 0.8520572181 0 0 0 0 0 0 0.591341138 0.8914706012 0.6563889509 0.6539587424 0.5618812682 0.5526480292 0.6999675684 0.8546045086 0.7139344744 0.7036529068 0.8408761862 0.7025197704 0.830116067 0.8206986055 0.6463241539 0.6477695923 0.6574872248 0.630968711 0.6272831499 0.8178619312 0 0.8722461695 0.8697514526 0.8775237659 0.5064616014 0.5141248141 0.7289376085 0.7190197805 0.7228639207 0.7807696606 0.7839911977 0.7828814197 0.7927027025 0.7892634182 0.7943235236 0.7934100632 0.6109888181 0.6086184227 0.6086628789 0.582077171 0.6895172162 0.5814936537 0.6027140584 0.7075319618
0.81921953 0.8176612145 0.8251789646 0.5576108914 0.831551755 0.7061995488 0.781490609 0.7111847791 0.5634331428 0 0 0.8240026882 0 0.7675049249 0 0.6905607611 0.8976077903 0.6800544321 0.7513171177 0.5699971809 0.7262372234 0.6907228558 0.8041716736 0.7465581095 0.7127023582 0.7093249997 0.7021269841 0.8778791224 0.8210622333 0.6530151869 0.6511897949 0.6558487666 0.6535349939 0.6867468556 0.6342037481 0.8196033664 0.8190997349 0 0.8781287013 0.8792639818 0 0.8053563555 0 0.7253117323 0.7225770649 0.7444610653 0.5853430855 0.8899243118 0.6734320929 0.7977716569 0.797418953 0.7268508442 0.6126301425 0.6167078835 0.6138032005 0.6222809165 0.7791799823 0.7065148378 0.7033016004 0.7501561647
0.8227271493 0.8262892733 0.823031453 0.8265893306 0.7077154655 0.7087155719 0 0.7544580797 0.5239812443 0 0.700974495 0.533800891 0.8840809572 0.7728690005 0.7697232953 0.673233802 0.6934193913 0.8134864874 0.6421803664 0.5756205467 0.7995771678 0.698560565 0.7385168504 0.9047249904 0.906945413 0.9001508902 0.8982515914 0.5410483486 0.5448044304 0.8212046395 0 0.7166259635 0.7138793876 0 0.7696061756 0.763054707 0.6847669465 0 0.6849498215 0 0.8701972685 0.8637289994 0.7289490916 0 0.7259716089 0.7320198115 0.7358153608 0.5963239787 0.7409221978 0.7124898979 0.6716205744 0 0.6197229589 0.5661558128 0.5605397646 0.7094450818 0.5145297082 0.7129713068 0.710802014 0.7124231487
0 0.8352109338 0.8347747893 0.7955449322 0 0.6835948768 0.6819558642 0 0.6905275521 0.6884728978 0.605017738 0.8781597215 0.7738492632 0.7747679544 0 0.8099261823 0.8922974074 0.8276848092 0.8988757913 0.8966398866 0.6919874133 0.6888725829 0.6979533401 0.9091611478 0.9042472282 0.8979406525 0.9030741482 0.5368149379 0.5352954396 0.7109145553 0 0.7050163644 0 0.5553114759 0.5498354247 0.7650370183 0.680445143 0.6758290367 0 0.8622035569 0.8603810433 0.7194925482 0.8652674598 0.7767126391 0.7385822082 0.7398162113 0.7316074696 0.7361360308 0.7577153525 0.7340778865 0.5175495548 0.5365489089 0 0.5594801932 0.5605306118 0.8970863417 0.707261923 0.7050819724 0.7092200479 0.7221069856
0.8370338299 0.8421018208 0.7351368828 0.7312625781 0 0 0 0 0.6914517171 0.6861949679 0.6823645015 0.685884759 0.8926165148 0 0.6687891187 0.6733533126 0.6637776076 0.886452699 0.8884083237 0.889779381 0.6897556408 0.6971266858 0.759240202 0.9130461572 0.8992891743 0.9032940015 0.8999012272 0.5296030185 0.5380562432 0.7163944604 0.5429812554 0.8408747822 0.5543855487 0.5479967839 0 0.5544568605 0.682219073 0.6748191707 0.6841107599 0.7029914958 0 0.8620095784 0.8677284646 0.7391361224 0.7382947257 0.6712950981 0.6823710306 0.8936664409 0.732844465 0.7248362797 0.7264553346 0 0 0.5566809487 0.5560994364 0.5554592045 0.7036097256 0.7048652587 0.7129648727 0.8846487968
0.8598783035 0.8444526013 0 0.729059789 0 0 0 0 0 0.6895047805 0.6802730792 0.6888841098 0.6548106326 0.6719809534 0.8098085935 0.6636517633 0.6668834265 0.8873932946 0.8821659974 0.7040221831 0.8816445035 0.8171800235 0.7040270547 0.847739831 0.5083730997 0.9086152983 0 0.5325095776 0.5473926486 0.5909223443 0.8668945742 0.8127896159 0.5536934184 0 0.551481892 0.5609489582 0.682328467 0.6847035984 0.6759490802 0 0.5083846465 0.5250131804 0.5231653529 0.7421590002 0.7420153958 0.5447690435 0.5538320362 0.7423820829 0.7374235931 0.7319555381 0.7221863592 0.7229231794 0 0.6602383614 0 0.5494973973 0.5544991141 0.550284649 0.6987857793 0.7077736905
0.6568810151 0 0.7141117585 0.7182597688 0.7126884745 0.5766083703 0.7100938018 0.6546401945 0.6955955762 0.693251391 0.6874224478 0.6807110097 0.8760193604 0.6305373343 0.8726650529 0.6700498524 0.5484540141 0.8865407432 0.8792745737 0.875631339 0.8799194201 0.8871493566 0.7064368929 0.6638716392 0.5167530349 0 0.5890819933 0 0 0.7466791105 0 0.8110390354 0.5635826107 0 0.5525525579 0.5590789901 0.7067325077 0.7011423566 0.7024441407 0.7092815818 0.7117332933 0.7351220205 0.8338798684 0.8784905243 0.7476569214 0.5148858219 0.5185500583 0.5134699627 0.7418341087 0.72288018 0.7320746863 0 0.86876055 0.8616332742 0.5527035779 0.5484412281 0.5448654629 0.5510210425 0.5954206406 0.7982501699
0 0.7168102317 0 0.7109347283 0 0.517627546 0.5645127164 0.7447016085 0.6980257351 0.6994608834 0.699057224 0.5175130684 0.5179437876 0.8707829569 0.8773198394 0.5948830192 0 0.7553010416 0.8855230768 0.8837030331 0.8771953552 0.8796277203 0.5454359299 0.7473314508 0.6702432984 0.6606719038 0.6473936023 0.622762125 0 0.8459350211 0.7803753412 0 0 0 0.613305396 0.5677281877 0.7058749163 0.6991726305 0.7080184047 0.715574881 0.6841494183 0.7584995626 0.7554990138 0.5852684218 0 0.5170633135 0.5101132234 0.5123129825 0.5203678862 0.7110180457 0.8616378084 0.861536884 0.860203858 0.8617127637 0.5175744596 0.5461391107 0.5446392268 0.5518436975 0.5581348274 0.7692851668
0.71666872 0.7185089918 0.7140989102 0.7152878484 0.7189200922 0.7193151306 0.5622716811 0.8674879509 0.8666526237 0.8685578127 0.5185376103 0.5171672451 0.5173286525 0.5224142772 0 0.5958625285 0.7408251624 0.8738744058 0.7405764848 0.8028373628 0.847321386 0.8798208449 0.8806229453 0.8816399549 0.6679615174 0.6676673014 0.6061560076 0.7754670831 0 0 0 0 0 0 0 0 0 0.7044025073 0.7083239167 0.7172500444 0.6089485118 0.604518192 0.6016098222 0 0.5168294858 0.509288726 0.5101412193 0.5132327249 0.520999079 0.8647207104 0.8590003764 0.8530243256 0.8619657715 0.8608093282 0.7643996215 0.5454273331 0.5470133876 0 0 0
0.7198830383 0.7191416559 0.7199847292 0.7233208646 0.7266303479 0.7203364082 0.5565351797 0.5535334228 0.8645651739 0.8713761011 0 0.5094302143 0.51405949 0.5198005461 0.7152662973 0.5979294881 0.7411743907 0.7394425953 0.7320143467 0.734182934 0.8876997353 0.8849506489 0.8815291732 0.651774067 0.7124490479 0.7854403707 0.6289660072 0.7789887268 0 0.8772327581 0 0.9054221114 0 0 0 0.7800205739 0.7823890229 0 0.7728004809 0.7171239695 0.5971433952 0.6010233329 0.5962435641 0.5982610244 0 0.5182789493 0.5096734365 0.522368493 0.655807268 0.7306199992 0.8591695849 0.8627497187 0.8563622477 0.8638534538 0.6960883016 0.8624143668 0.8317589468 0 0.8307993639 0.588122862
0.7290233934 0.7215927524 0.745211306 0 0.7460899478 0 0.5530559949 0.55091425 0.608925611 0.6044629971 0.6079815129 0.610139579 0.5127137273 0.5225996566 0.7496827725 0 0.741075549 0.7319080907 0.7351402348 0.6311362124 0.7806918485 0.7011363249 0.5859922113 0.634855381 0.6873677426 0.772674692 0 0 0.769902417 0.8944266771 0 0 0.8979494507 0.8980596169 0 0.7847371669 0.7885279771 0.8713262104 0.8671407624 0.8405304241 0.8326658541 0.5970182852 0.5945071964 0.5906558488 0.8335644723 0.5236239667 0.5248321242 0.8927878336 0.8619097136 0.8683450436 0.6361421359 0.8617244403 0.8644133345 0.8626796222 0 0.5303237084 0.8626387754 0 0 0.7101819507
0.7308935292 0.7291250411 0.7424077091 0.7412238145 0.7448824257 0.746229557 0.5510480986 0.6180521268 0.6045699575 0.6023269426 0.601178811 0 0 0 0.8623912759 0.7623930075 0.73753109 0.7374673981 0.7343808117 0.7556461826 0.6989512984 0.5354822122 0.686521117 0.7256220483 0 0.7675303337 0.766417986 0.7664515044 0.7747837028 0.8270783811 0.8132578168 0.8128413347 0.8075773909 0.9031761468 0.8187746953 0.6291526244 0.6276649973 0.5223637854 0.7839297347 0.5971645548 0.60557854 0.8377412702 0.5992883451 0.5967738192 0.5946425416 0.8036115114 0 0.7868900031 0.7457183496 0.7086768607 0.6359817381 0.6352210721 0.6442208815 0.8705856089 0 0.7599829682 0.6117042484 0 0.7077388536 0.7127537305
0.7634417751 0.5517176139 0.7418072394 0.7416994158 0.7422624898 0.7458395392 0.7508958206 0.6165380908 0.6100329413 0.6035734313 0.5859814306 0 0 0 0 0 0.797046364 0.7831379537 0.7535488866 0 0.5601661439 0 0.5101860924 0.5081815236 0.7671085735 0.7630625239 0.7681509136 0.7768656645 0.5954902455 0.544776348 0.7158993464 0.8041962581 0.8070101349 0.7870336426 0.5602507999 0.6232817256 0 0 0.7811386878 0.790273458 0.5950492217 0.6004385724 0.6050858011 0.6004665685 0.8075130553 0.8082789556 0.7461783203 0 0.5588985684 0.7103740218 0.6363584085 0.693028029 0.6357660173 0.7948009582 0 0.738475639 0.648560956 0.7100082307 0 0.717080362
0.7601471327 0.5318830808 0.5250950279 0.7460377874 0.7429954333 0.7482208638 0.6249444406 0.6177468906 0.8734783632 0.6173327516 0 0 0 0 0 0.8348629191 0.811704962 0.7755878019 0.7728823081 0.7774003694 0.5705182504 0.5066439162 0.5023911895 0.7066420869 0.7649993528 0.7706394072 0.7679201615 0.7708275413 0.7750921081 0.7810996501 0.7011063803 0.8335564554 0.8055688233 0.8210531737 0.7782947754 0.7760277278 0 0.7852500804 0.7810661594 0.7813797311 0 0.7420043571 0 0.6056448369 0.6027964574 0 0 0 0 0 0.580474485 0 0.7939652159 0 0 0.5729306437 0.7142417604 0 0.560899876 0.5616616171
0.5273103619 0.5222274953 0.5289692531 0.5318060172 0.750796568 0.7748865888 0.7589136532 0.5210861149 0.6266889046 0.6260942039 0 0 0 0 0 0 0.8890724284 0.7732307885 0.563910953 0.869438111 0.5660141228 0.787118874 0.5091184394 0.8955631681 0.7790174989 0.7778986506 0 0.7736324175 0.7781973308 0.7881821158 0.7552543445 0.6457762797 0.75775193 0.6801625877 0.7802636771 0.7737013105 0.7724014388 0.776076878 0.7777172817 0.7831775586 0.7884482143 0 0 0 0 0 0 0 0 0 0 0.8011314684 0 0 0 0.725143315 0.793222056 0.782827764 0.6174716869 0.5582937811
