landscape/hab_quality/256/simulation_000094_p039_h065_HABMAT_patch_more_500pix_modified.asc_ac_0.5_quality.asc
NCOLS 513
NROWS 513
XLLCORNER 0
YLLCORNER 0
CELLSIZE 9.980507
NODATA_VALUE NaN
[rows 384 to 415 of 513, columns 72 to 143 of 513]
0 0 0 0 0 0.8456253636 0.8759550941 0 0 0 0 0 0.643880726 0.7936460238 0 0 0.8972545689 0.889251632 0.8970095391 0.8995308382 0.9039050936 0.9108673546 0 0.8294069275 0.5624981127 0.5600630783 0.5594893831 0.653353515 0.6238524035 0.5307116549 0.7982279354 0.7933007907 0.7920834097 0.6444241537 0.6273173443 0.6263805415 0.605330716 0.6356954475 0.6107345257 0.6163236645 0.6621819789 0.6499868053 0.6451903784 0.8255813431 0.8215858561 0.8171385429 0.8156210289 0.8174022626 0.8098365463 0.8135363314 0.8155612406 0.6956867384 0.6333660211 0.6300615356 0.5747778926 0.6669514729 0.6629112306 0.6680125825 0.9019695132 0.8947775555 0.8949296459 0.8985316999 0.6500834364 0.7078145405 0.743993015 0.7413503381 0.7454784347 0.7460888785 0.7495254326 0.7757950979 0.6404217036 0.8190008368
0 0 0 0 0 0.6101110573 0.7042921813 0 0 0 0.7214583695 0.5522661636 0.5499110796 0.7214990577 0.6448553065 0.9002515871 0 0.9014210659 0.9037230143 0 0.9022744913 0.911805164 0.7284991008 0.5528687915 0.5540002289 0.5538689972 0.5636070709 0.5243428203 0.7643762187 0.7876631078 0.7936437147 0.7919671195 0.7876684991 0.5837962534 0.6297740284 0.6280073315 0.6304745713 0.6068176319 0.6113645773 0.5805565101 0.599844824 0.6539654041 0.6511048797 0.8262628147 0.8174749826 0.838685415 0.829929857 0.8138912656 0.8137753067 0.8100527841 0.8121886566 0.6228155559 0.6287035537 0.626567661 0.7171945661 0.6924766163 0.810650643 0.5137632502 0.8214954554 0.6929696509 0.747979825 0.9031027003 0.7018249086 0.6421982059 0.8936148438 0.8881069184 0.8937767022 0.549240713 0.9123760394 0.7279550579 0.8258848907 0.8192799066
0 0 0 0 0 0.5140971846 0 0 0 0 0 0 0.5494613868 0.5510305623 0.6046785622 0 0 0.9084094529 0 0.9085016754 0 0 0.8477547552 0 0.5512803106 0.5546486045 0.5585069769 0.6296443778 0.6717551928 0.7918228319 0.7875776916 0.7843460424 0.7477626569 0.7854150434 0.7823762423 0.5698660455 0.5723247177 0.5766299443 0.6149261591 0.613291241 0.581257366 0.6514356756 0.6532354421 0.6532247642 0.8342215312 0.8395611894 0.8295412898 0.8207028855 0.8142700103 0.8181802023 0.8119563387 0.6208569138 0.6212688691 0.6232912839 0.7814871345 0.7818175801 0.5164191949 0.5194952672 0.6727301166 0.6700848155 0 0.8652762042 0.7021974716 0.6991752198 0.8832808511 0.885828207 0.889393386 0.9073821415 0.6780087909 0.9088105416 0.5861529724 0.5735218598
0 0 0 0 0 0.7783082475 0.5194350297 0.8891930847 0.6558735661 0.6541149457 0 0 0.5547858508 0.5541897993 0.60229472 0.610297852 0 0 0.9158107996 0.507758793 0 0.7502535709 0.7477130513 0 0 0 0 0.5372347169 0.8931258683 0.7921505592 0.7846609074 0.786346511 0.777828872 0.7771287912 0.7774605809 0.5625013741 0.5715988943 0.8636497079 0.5793075209 0.7330606654 0.6804716265 0.5995597645 0.6599653102 0.656253157 0.8491748866 0.6220770199 0.8261560481 0.8226135284 0.8299566417 0.8302044417 0.6259478005 0.6301106604 0.6280833215 0.6291941445 0.7730006207 0.7791178823 0.7936141896 0.872009883 0 0.7958575321 0 0.7044377652 0.7003811534 0.709070968 0.8843537563 0.8829759056 0.865836326 0.9063650495 0.8988237641 0.8941992945 0.5813425658 0.5783811509
0 0 0 0 0 0 0.8587887319 0 0.6536082315 0.6471163566 0.7902042426 0 0 0 0 0.6054413965 0 0 0 0 0 0.7430865869 0.7442879914 0 0 0 0 0 0 0.7886279984 0 0.7835961313 0.7804785777 0.7862411781 0.6921734047 0.5650289205 0 0 0.584376213 0.621063182 0.8022255779 0.7195836448 0.5063668916 0.5083745875 0.6298979788 0.6281797578 0.8418468131 0.8353622899 0.8351412988 0.8333911652 0.8348270684 0.6727776933 0.772541944 0.7658451541 0.6769319526 0.6740509403 0.7869002292 0.7848624664 0.5271870879 0.7693632214 0.7128602259 0.5916269036 0.7012497113 0.6581976743 0.8872514116 0.8888136227 0.8913200726 0.7025048125 0.9049169343 0.8956393466 0.893851039 0.5778852344
0 0 0 0 0 0 0 0.6568997188 0.6506393247 0.7793513287 0 0.7835360814 0.7757930903 0.7738658042 0 0 0 0 0 0 0 0.7475404791 0.7401194491 0.7409158097 0 0 0 0 0 0.7973175708 0 0.6865068259 0.679516663 0.6764779945 0.6762684006 0.6811918102 0 0.5923818821 0.6804372599 0.5938577279 0.6170060339 0.7995542946 0 0.5016975776 0.5110876986 0.8395673759 0.8362501346 0.8386056791 0.8400981609 0.8410506417 0.8404833409 0.8422546296 0.5747903667 0.6739955666 0.6717195513 0.7859541845 0.7781113334 0.7787219635 0 0 0.7704797143 0.7014942991 0.5949963025 0.5700164733 0.748530679 0.6606415624 0.7050821322 0.7113519391 0.7017874795 0.8982041747 0.580094703 0.5760749887
0 0 0 0 0 0 0 0.7918781534 0.7883917029 0.7823794852 0.7778698369 0.7753485009 0.7736223292 0 0.5659058953 0 0 0 0 0 0 0 0.745088289 0.7483689541 0 0 0 0 0 0.8015727881 0.7550581475 0.6843611664 0.6766275067 0.6715641531 0.6776391962 0.6785767809 0 0 0.8549941452 0.8225886925 0.8020758502 0.8095323896 0 0.5090745233 0.5028221548 0.8459500673 0.8431923383 0.8382241992 0.5862689674 0.5851310259 0.749579597 0.5486979353 0.5818622702 0.6730592264 0 0 0.7768859556 0.7829815761 0 0 0.6291524848 0.7706103306 0.6249832128 0.5782419469 0.5898746158 0.7682213289 0.5943540757 0.7525370485 0.9057924298 0.9076692343 0.5783583007 0.5780692116
0 0 0 0 0 0 0 0 0.7848512212 0 0.7798683322 0.7706603198 0.7734172193 0 0 0 0 0 0 0 0 0 0.5567643197 0 0.8182114001 0.8743760682 0 0 0 0 0 0.6813970317 0.6687740844 0.6684567398 0.6744787897 0 0.6161034446 0 0.701613871 0.8616843687 0 0.7782671778 0 0.5712859346 0.9070419421 0.8008314249 0.8458076213 0.5888229266 0.5824509499 0.5872948001 0.7044834478 0.837340067 0.5762646244 0.5258409639 0 0 0.7864887846 0 0 0 0.5591116652 0.5882088325 0.6139086229 0.5821971937 0 0.5955449857 0.8370819627 0.9105913403 0.9094402244 0.5844632993 0.5878573625 0.5815367533
0 0.5881989087 0 0 0 0 0 0 0 0 0.7798454626 0.7782224076 0.7727612179 0.7749974191 0 0.5192265586 0.6740151851 0 0 0 0 0.7812052819 0.5536165537 0.5502485729 0.5764086588 0 0 0 0.5173045782 0.5810272077 0 0.5133978766 0.6704966828 0.673845435 0.6728887792 0 0 0 0 0.8327824415 0 0.5693880864 0.564080931 0.8996854106 0.6883040233 0.6950409168 0.7988783063 0.58750048 0.8838499116 0.5198475372 0.8305770773 0.8736447515 0.5749940252 0.8068673824 0 0 0 0.9042914289 0.5285139842 0 0 0 0.8087582016 0.6897510679 0 0 0 0.8342430419 0.7813995835 0.6428346867 0.6955651555 0.68751784
0.8522089399 0.6063598097 0 0 0 0 0 0 0 0 0.8125801857 0.7795481582 0.7766599947 0.7750111607 0.7891054301 0.5283725006 0.5168405905 0.5980432614 0 0 0 0.8868426531 0.8133658876 0 0.554043583 0 0.7946264517 0.7965092367 0.5155754725 0.512891693 0.8986124609 0 0.6760238585 0.683100056 0.6740456161 0 0 0 0 0 0 0 0 0.660453522 0.6534489423 0.6844141502 0.7366500064 0.7322153423 0.889518163 0.8872948678 0 0.8406284703 0 0 0.841612082 0 0 0.8977340052 0 0 0.8025605734 0.8002945799 0.8011667765 0.8143552095 0 0.7889536794 0.7802664398 0.7786937278 0.6445198774 0 0.6883421425 0.8566370527
0 0 0 0 0 0 0 0 0 0 0 0.7800932471 0.7855928396 0.7799866698 0.7871913408 0.7841880826 0 0 0.7646754168 0 0.749317773 0 0.8192146482 0 0 0 0.8442067563 0.8020101127 0.5112026786 0.5895808868 0 0 0.6789499954 0.6787711492 0 0 0 0 0 0 0 0 0 0 0.6515909116 0.7647778787 0.7270926063 0.7298736594 0.8588681028 0.8594346463 0.8463585435 0.8469489178 0.8380271299 0.8415805355 0.7920108752 0.7633343484 0 0.9064002247 0.9029998645 0.8063290643 0.8002286445 0.8053051663 0.803708834 0.5189380557 0.7861981485 0.5130457292 0.7800543848 0.6547342291 0.5661144085 0.891618605 0.6862763083 0.8209899523
0.6561745599 0 0.7635960028 0 0 0 0 0 0 0 0 0.7865073436 0.7888985245 0.7928078365 0.7828917261 0.7912488444 0.7355244929 0.7446532052 0.7438419266 0.5480390395 0 0 0 0 0 0 0.8366448376 0.6760395555 0.5206107419 0.5175125092 0 0 0 0 0.6818956124 0 0 0 0 0 0 0 0 0 0 0.5268507941 0.7311856677 0.7317774714 0.8625361996 0.8551874129 0.8553228005 0.8460838855 0 0.8449962331 0.8986256326 0.8946907441 0 0.560364382 0 0.8085209681 0.8026980145 0 0 0.8212255722 0.875833375 0.5045018465 0 0.5016589968 0.6270900048 0 0.8952550762 0.8861908645
0.6467561235 0.8014979564 0 0 0 0 0 0 0.7629734007 0 0.57396851 0.8753330132 0.7887286949 0.7831273608 0.6217923785 0.7337947437 0.7326178633 0.7349665933 0.621619132 0 0.642709344 0 0.8687682466 0 0 0 0.8325822215 0.5142972183 0 0 0 0 0 0 0.5800943608 0 0 0 0 0 0 0 0 0 0.5211721268 0.5244354834 0.7324681495 0 0.8620795041 0.8547008811 0.8535027628 0.8546538586 0.8463213156 0 0 0.8915158366 0.8910980578 0.8838432333 0.850523102 0.807392491 0.8052660289 0.8114840515 0.8153964846 0.8185426129 0.5120527855 0.526983259 0.5197668404 0.5191778128 0.5034361219 0.8754665723 0.8702318593 0
0.6552497358 0.6499343698 0.6696830346 0 0 0 0.7678075222 0.7648760436 0 0.7611117494 0.578230115 0.5792619342 0.7915611988 0.7910902436 0.7371675882 0.7276549709 0.7284167393 0.6161239635 0.7987700045 0.7482486732 0.666460866 0.7227756515 0.7936513798 0.8299658868 0.5604520912 0 0.8337876282 0.5674976551 0 0 0 0 0 0 0.575264075 0 0 0 0.5731379873 0 0 0 0 0.5284594882 0.5250828931 0.529679166 0.8933270939 0.7998429997 0 0.860024801 0.6145645229 0.8475192817 0 0 0 0.8848156185 0.8827309974 0.8795234022 0.5883368189 0 0.8139867806 0.8575213612 0.820708939 0.6991360316 0.6609228333 0.5235541446 0.5138966841 0.5226577339 0.8997382448 0.8459604892 0.8677161225 0
0.6641843834 0.6597136178 0 0 0 0 0.5595552987 0.5356147355 0.8151673155 0.7676111506 0.7618352842 0.86151175 0.6657444004 0.734232079 0.7334323731 0.7364970362 0.7337808209 0.7371931627 0.7419022904 0 0.6719275362 0 0 0.7212964067 0.7268371343 0.5500751927 0 0.5608371964 0.558402212 0 0 0 0 0 0.6260500825 0 0 0.8882341192 0.5766271221 0 0 0 0 0 0 0 0.532349232 0 0.8665251774 0.8689173794 0.6242545438 0.8191681262 0 0 0 0.8785449961 0.87913693 0 0.896060754 0 0.7243158276 0 0.710947776 0.843229585 0.6520632805 0.5481683916 0.6525457302 0.5207688207 0.8541656058 0.8773231404 0.5679245949 0.6041942777
0.6617868123 0.6604286303 0.6640802647 0.5095408409 0.5144341314 0 0.5309716028 0 0.5150126186 0.5333582966 0.6747588458 0.5930966278 0 0.7415296271 0.5277792708 0.7338749622 0.7943565188 0.7423273441 0.7447261869 0.7477069468 0.8815114717 0 0 0.5204202026 0 0.7231262839 0 0.5597935801 0.5602022261 0.6190352698 0 0 0 0 0 0 0.5709803904 0.5778592004 0.8583766526 0.6236353234 0 0 0 0 0 0 0 0 0.8935121775 0 0.6003749049 0 0 0 0.8753798579 0 0.8786499779 0 0.8941539829 0 0.7188093516 0.7148945919 0 0.5578761224 0.6525961602 0.648226087 0.8816743012 0.5293976027 0.8599001864 0.8631002887 0.8923756053 0.8969584923
0.8630910112 0.5061388602 0.5002455037 0.8774095963 0.5116224631 0.5235890476 0 0.7372885331 0.5090586 0.6905138622 0.6682952742 0 0.6410982858 0.5320499816 0.7001532883 0.5369617772 0.7448615854 0.7488928599 0.7475844781 0.7529407466 0 0.5389439794 0 0 0.7244582175 0.51882825 0.7187299903 0.6281994101 0.6208523696 0.6169485406 0.6176515177 0.6256155175 0.6315264617 0.7608359483 0 0.5803726615 0.5789192883 0.5749743833 0.849835724 0.8727024184 0 0 0 0 0 0 0 0 0 0 0.7885349763 0 0 0 0.8753707616 0.8746779512 0.8822884592 0 0.6439043396 0 0.530215566 0 0.7128358943 0.5222733098 0.65172498 0.6546303938 0.6522817286 0.8939684633 0.8637389165 0.7391124732 0.8927975044 0.8923430187
0.5106417163 0.5056058263 0 0.5048335944 0.8797098392 0.5680621567 0.6510502331 0.5670446244 0.711751604 0.8091006531 0.6708139523 0 0 0 0 0 0 0 0.7238309299 0.7504851485 0.6703038883 0 0.7415338694 0.6988879955 0.6366201864 0.6330486411 0.6405004111 0.7634648114 0.6134964626 0.6158314191 0.6172153509 0 0 0 0 0.5351851427 0.8047158642 0.8510068139 0.8534252462 0.8476563943 0.8550286376 0 0 0 0 0 0 0 0 0 0.7946518783 0.7879684744 0.7963372848 0.8773039979 0.8748728963 0 0 0 0 0.776525283 0.8978686507 0.7851681756 0.6811184666 0.7151957165 0.8581372326 0.660243666 0.7648593373 0.85812818 0.8930093792 0.8659736309 0.9011433394 0.8889429406
0.6449834787 0.6429661043 0.536190016 0.7128086614 0.5714882154 0.576077778 0.5669327835 0.5691955515 0.7072878251 0.5598627356 0 0.6185138281 0.6182538014 0.5089695559 0 0 0 0.7108848954 0 0 0.6569873075 0.6658874939 0.8087776645 0.5328277756 0.6346294885 0.6327738949 0.6315888158 0.6362760256 0.7589497647 0.6115566402 0.6165218172 0 0.6030145901 0 0 0.5793271426 0 0.6232243956 0.8550076436 0.8527759593 0.5162652171 0 0 0 0 0 0 0 0.5379915633 0.8019325106 0.7936938549 0 0 0 0 0 0 0 0 0.7365732427 0.7353527164 0.5039712941 0.6457041177 0.7968899713 0.7926108579 0.5234272487 0.8030090375 0 0.7044443033 0.607514971 0.7587852556 0.7508878772
0.6410078149 0.6447509546 0 0.71862319 0.780348605 0.5761587491 0.5755584595 0.5744737871 0.8655044194 0.8600700521 0 0.6151592956 0 0 0 0 0 0 0.7686521979 0 0.7027695526 0.7058894788 0.7100010954 0.8545815216 0.5543993158 0.632668081 0.6327874815 0.6280849643 0.6161726818 0.6171573405 0 0.6171398755 0.5723770118 0.8295270261 0.7562245205 0 0.740420923 0.6208934601 0.6149090009 0.6171104043 0.6185376128 0 0 0 0 0 0 0 0.5650233684 0.6441796612 0.795932074 0.7990230168 0 0 0 0 0 0 0 0.7337488484 0 0 0.5137145422 0.5133277007 0.8788933665 0.741555595 0.6286201841 0.5567906363 0.6265099491 0 0 0.7470546583
0.6451601207 0.6415350089 0.7180258102 0.7201924322 0.7201330482 0.5796755719 0.5842484638 0.7920603912 0.6648142414 0.6693105803 0 0 0 0 0 0 0 0 0 0 0.5510043595 0.7052160438 0.7074557656 0.7008115334 0.5548931875 0.5600350909 0.6171313679 0.6326889398 0.6265094963 0 0.6235486501 0 0 0 0.7707655166 0.7493882004 0 0 0.6225185842 0.6140819441 0 0 0 0 0 0 0 0 0 0 0.6479801348 0 0 0 0 0 0 0 0 0.742113096 0 0 0.5164416467 0.5115007936 0 0.5135634955 0.8909484818 0.7031528946 0.7940893483 0.8337647113 0.5315766969 0
0.5229000698 0.5224959482 0.7133855983 0.7105129089 0.7135221628 0.51569058 0.8439346521 0.6575347212 0.6602994656 0.80589234 0 0 0 0 0 0 0 0 0 0 0 0.7087097488 0.7002946414 0.7079862778 0 0.6222114202 0.6761146462 0.6280887485 0.6272193552 0.6308976149 0.6244758395 0.6243561565 0 0 0 0 0 0 0 0 0.6219250853 0 0.6960160663 0.8325517607 0.5126196959 0.8299677142 0.8234302857 0 0.5032447137 0 0.7688346586 0 0 0 0 0 0 0 0 0 0.6938683835 0.6306072584 0 0.5156030368 0.5062989597 0 0.8973111249 0.6170868591 0.8461333326 0.838154499 0.8292149319 0.8277462625
0.5210746472 0.517253798 0.5227698209 0.7162380208 0.668622095 0.8581884606 0.8648226571 0.8694968416 0.598309381 0.804905208 0.8338330187 0 0 0 0 0 0 0 0 0 0 0 0.7092696527 0 0 0 0 0.5136680534 0.6353409154 0 0.6266336554 0.7412763778 0 0 0 0 0 0 0 0 0 0 0.8277846715 0.8402971984 0.6033250391 0.8303049697 0 0.82618226 0 0 0 0.7002487525 0.7277714835 0 0 0 0 0 0 0 0.6315031923 0 0 0 0 0 0 0.7142340153 0.8351368249 0.6127381899 0.7535415046 0.7298588563
0.811634219 0.5165745409 0.5211197949 0.6932161092 0.858895981 0.854890962 0.8638732537 0.8690818392 0 0.6236636196 0 0 0 0 0 0 0 0 0 0 0 0 0 0 0 0 0 0 0 0 0.8293504813 0 0 0 0 0 0 0 0 0 0 0 0.7743783818 0.6853113957 0 0 0 0 0 0 0 0 0 0 0 0 0 0 0 0 0 0 0 0 0 0 0 0 0 0.7342645115 0.7260401685 0.7215119775
0.5233140454 0.5232735728 0.5511585554 0.5517954782 0.8612420517 0.7017969194 0.5331174647 0.8653751867 0.8678542524 0.7298081652 0 0 0 0 0 0 0 0 0 0 0 0 0 0 0 0 0 0.5219458318 0 0 0 0.6531918182 0 0 0 0 0 0 0 0 0 0 0.5003114337 0.534359267 0 0 0 0 0 0 0 0 0 0 0 0 0 0 0 0 0 0 0 0 0 0 0 0 0 0.8051310428 0.7302345494 0.7292790058
0.5235634882 0.5268298028 0.5300743089 0.7220660537 0.7760905523 0.7762930314 0 0 0.8689346269 0 0 0 0 0 0 0 0 0 0 0 0 0 0 0 0 0 0 0.525391986 0.5187154447 0.523903873 0.7032847231 0.547947886 0 0 0 0 0 0 0 0 0 0 0.529319 0 0 0 0 0 0 0 0 0 0 0 0 0 0 0 0 0 0 0 0 0 0 0 0 0 0 0.8039510206 0.7317502322 0.7213270973
0.5187351072 0.8239875504 0.7277292807 0.7099927981 0.8054234718 0.7774675069 0.6546800798 0.6522367187 0 0 0 0 0 0 0 0 0 0 0.5015252672 0 0 0 0 0 0.5866499277 0.5239927002 0 0 0 0.5217296589 0 0 0 0 0 0 0 0 0.6373548525 0 0 0 0 0.7882050317 0 0 0 0 0 0 0 0 0 0 0 0 0 0 0 0 0 0 0 0 0 0 0 0 0 0 0.8054785122 0.5972330009
0.6323513839 0.7365146925 0.7696511642 0.7145344489 0.8489527763 0.8214402047 0.8134433912 0.7680125196 0.6619018178 0.6658556652 0.5127355571 0.5135925841 0 0.8415092622 0.8429991882 0.7635512253 0.7622587038 0.809632437 0.5095410901 0.5013350612 0.5108473076 0.6828761364 0.7620623049 0 0.700818578 0 0 0 0 0.6068392943 0.5910788095 0.7657039075 0.8899108476 0 0 0 0 0 0.5454897262 0.7900068766 0.6397724648 0.5709769739 0.5708117584 0 0.7592292049 0.8000397514 0 0 0 0 0 0 0 0 0 0 0 0 0 0 0 0 0 0 0 0 0 0 0 0 0.807242062 0.5987124307
0.7146542498 0.7228700113 0.8987444623 0.6752723093 0.7862091264 0.8183515885 0.8128470256 0.8151006329 0.6673240568 0.6583556044 0.6600729084 0.5167854903 0.849928326 0.8462744051 0 0.7640252725 0.7611610335 0 0.5038951082 0.5108727972 0.6778424868 0.6861475823 0.6927410061 0.6507800906 0.642804362 0.6462262355 0 0 0 0 0 0.8979765166 0.8373361353 0 0 0 0 0 0.5380969586 0 0 0.5649181201 0 0.7648270732 0.7559209158 0 0 0 0 0 0 0 0 0 0 0 0 0 0 0 0 0 0 0 0 0 0 0 0 0 0.612120251 0
0.7187351432 0.5925488812 0.5322869435 0.5390311341 0.5348151091 0.783145734 0.7865246828 0.7827449935 0.6595181826 0.6616253642 0.6591936759 0.7591044295 0.7608233892 0 0 0.5432182648 0.5457181898 0.5477276061 0.5443954913 0.6815518642 0.8002489352 0.6835121922 0.7217425545 0.7205638538 0.6217095799 0.638463145 0.6498697608 0 0 0 0.725512662 0.6064157535 0.769340845 0 0 0 0.8411030659 0.6987847317 0 0.7202504601 0 0.8685598715 0.5528227488 0.8439747034 0.8385528687 0.8995984731 0.9089240597 0 0 0 0 0 0 0 0 0 0 0 0 0 0 0 0 0 0 0 0 0 0 0 0 0
0.6099792698 0.7116373294 0.5327712396 0.5294345057 0.5361498034 0.7839087179 0.7807369806 0.7847960908 0.6712272735 0.6713942446 0.6676639561 0.7514770435 0.7508537323 0 0.8072113994 0.5390890536 0.5380995115 0.5420776219 0.5517239457 0.6439470457 0.6390948641 0.6419811193 0.7161254262 0.740110163 0.6204130005 0.8748505635 0 0 0 0 0.5509010903 0 0 0 0 0 0 0 0 0.7170539559 0.5776410592 0.5622989414 0.6976161487 0.8612828889 0.8373534836 0.8391532779 0.837658347 0 0 0 0 0 0 0 0 0 0 0 0 0 0 0 0 0 0 0 0 0 0 0 0 0
0.8072668152 0.8333743222 0.5366013646 0.5371826068 0.5295889062 0.7863691451 0.7886995774 0.7813219282 0.6718896645 0.6762426781 0.6738872265 0.749740271 0.7490519897 0.756141196 0.5502829721 0.5430398629 0 0.5411358905 0.5464047495 0.6472311261 0.6428436754 0.6391084289 0.7250820692 0.5920671636 0.6122421792 0.852563569 0 0 0 0 0.5114114719 0 0 0 0 0 0 0 0 0.5688064641 0.7202848977 0.5143993332 0 0.84928209 0 0.8326842151 0.8402421097 0.8430800014 0.569958856 0 0 0 0 0 0 0 0 0 0 0 0 0 0 0 0 0 0 0 0 0 0 0
