landscape/hab_quality/256/simulation_000036_p048_h081_HABMAT_patch_more_500pix_modified.asc_ac_0.5_quality.asc
NCOLS 513
NROWS 513
XLLCORNER 0
YLLCORNER 0
CELLSIZE 9.980507
NODATA_VALUE NaN
[rows 385 to 419 of 513, columns 395 to 473 of 513]
0 0.701302904 0.7808865331 0.6664916493 0.8713755825 0.6793803643 0.5641415431 0.5578436674 0.5587591387 0.7527915635 0 0.7412599764 0.7353294431 0.8662091421 0.5434633665 0.6572596114 0.6553003784 0.8395378634 0.8343005738 0.8329057517 0.8330769631 0.8357563446 0.8897326586 0.6082492737 0.8575894438 0.8557725734 0.8812872169 0.7866638006 0.7901045134 0 0 0 0 0 0 0 0 0 0 0 0 0 0 0 0 0 0 0 0 0 0 0 0 0 0 0 0 0 0 0 0 0 0 0 0 0 0 0 0 0 0 0 0 0 0 0 0 0 0
0 0.5904644218 0.6256577012 0.8299178463 0.8023947383 0.5930502501 0.7851635153 0.7902888522 0.7890987211 0.784681041 0.7667111914 0.6415588789 0.8588300185 0.8596293984 0.6162555597 0.6305611168 0.8393172589 0.8392399319 0.8394338544 0.8408024083 0.556821891 0.8807931227 0.6555880525 0.6578399017 0.656451493 0.8622292875 0.8594974921 0.7926168826 0.8871377367 0 0 0 0 0.8108312246 0 0.8187004567 0.8265907063 0.5816592795 0 0 0 0 0 0 0 0 0 0 0 0 0 0 0 0 0 0 0 0 0 0 0 0 0 0 0 0 0 0 0 0 0 0 0 0 0 0 0 0 0
0 0 0.6149768564 0.8845553675 0.7491602803 0.7140456458 0.5438158542 0.7831394513 0.7837804606 0.7805587796 0.5788981469 0.8593597823 0.8617399155 0.8635286462 0.6173254937 0.6088087887 0.8403670503 0.844760849 0.8106020862 0.8675430499 0.8896571043 0.8851010733 0.6522077519 0.6483166128 0.6535091493 0.8658544164 0.8648238402 0.6425584543 0 0.7682208539 0.8634747411 0.8658615444 0 0.813667611 0.8087791494 0.8128802733 0.7338902597 0 0 0 0 0 0 0 0 0 0 0 0 0 0 0 0 0 0 0 0 0 0 0 0 0 0 0 0 0 0 0 0 0 0 0 0 0 0 0 0 0 0
0 0 0 0 0.784942438 0.7069893004 0.5165892254 0.7848170694 0.7790188654 0.7882859744 0.7811718782 0.5863683046 0.8378700377 0.7626152778 0.6168491889 0.6147097906 0.6077748505 0.6177632324 0.8458478447 0.7147753665 0.5077290142 0.5000021603 0.6507346245 0.6555680099 0.6526262385 0.5414075667 0.548326242 0.5434212715 0.5486221919 0.7598514603 0.8621025779 0.8591877993 0 0.8089298384 0.8048003541 0.8108434201 0.7200207988 0 0 0 0 0 0 0 0.8553057515 0 0 0 0 0 0 0 0 0 0 0 0 0 0 0 0 0 0 0 0 0 0 0 0 0 0 0 0 0 0 0 0 0 0
0 0 0 0 0.7130667283 0.7075626439 0.7095324738 0.7812976962 0.7820230962 0.7802026493 0.7548335473 0.5764352798 0.7550461633 0.7208343897 0.8696922036 0.7744692719 0.6097435326 0.6091388202 0.7308027822 0.6030759977 0.8044528643 0.5092233955 0.6557498242 0.5998653515 0.5359049757 0.5112037122 0.5452431887 0.5399370971 0.5487583822 0.8719661517 0.8676302435 0.8629729497 0.8083784503 0.8058526592 0.8049910162 0.8104560173 0.5914287645 0.8745109215 0.865767015 0.857652492 0 0.8525320853 0.8433538223 0.8456756068 0.8573672587 0 0 0 0 0 0 0 0 0 0 0 0 0 0 0 0 0 0 0 0 0 0 0 0 0 0 0 0 0 0 0 0 0 0
0 0 0 0.7143434922 0.5360143882 0.5376325096 0.5320167436 0.5385917878 0.7812757341 0.7896852741 0.7567244474 0.7534610775 0.7580341542 0.617605801 0.5919568195 0.674015364 0.8538692319 0.6807917916 0.6881939945 0.6844928753 0.679021163 0.692640861 0.7484769027 0.5334554817 0.5325229924 0.5305667801 0.5354145098 0.5108721489 0.5146484845 0.5132075921 0.5141089656 0.5246547766 0.8118506224 0.8074005627 0.8077829318 0.5499941508 0.8072421948 0.8743043097 0.8667054226 0.8612552606 0.8598079138 0.8505436509 0.8475992692 0.8528868406 0.5803584296 0 0 0 0 0 0 0 0 0 0 0 0 0 0 0 0 0 0 0 0 0 0 0 0 0 0 0 0 0 0 0 0 0 0
0 0 0 0.521784536 0.5314656817 0.5293035717 0.5313380057 0.5647134499 0.7670590038 0.7606294501 0.7529706347 0.7494483786 0.7588160844 0.7673754596 0.6702532106 0.7808376788 0.69093218 0.6803541664 0.6801988223 0.6786985989 0.6837345689 0.5444310874 0.6778300944 0.5284423006 0.5320917417 0.5255329671 0.5321777188 0.5159328924 0.5070042889 0.5126899935 0.51741341 0.5208990222 0.5268082301 0.5253210488 0.7359752784 0.8617340064 0.7816750962 0.7834722814 0.7792349882 0.8670741998 0.5969219072 0.6781639231 0.8591944137 0.8572139448 0.8621470501 0.6426854956 0.6419020862 0.6472911698 0 0 0 0 0 0 0 0 0 0 0 0 0 0 0 0 0 0 0 0 0 0 0 0 0 0 0 0 0 0 0
0 0 0 0.6321570537 0.5215430263 0.5257288487 0.5379474868 0.6009735818 0.7663905066 0.7137443144 0.7528569835 0.7513292693 0.753497837 0.7749220466 0.773526257 0.7756522075 0.6859429974 0.6814921751 0.678428364 0.6825720706 0.6837009992 0.6860729278 0.6632362945 0.5241562801 0.5224547333 0.5254636305 0.5337568045 0.5298125992 0.5149752466 0.5101314505 0.5189810509 0.5267458298 0.5964624597 0.729487677 0.5522629878 0.7839591282 0.5101240144 0.7787763132 0.7750165198 0.8735858767 0.5641176514 0.6946127414 0.8416026405 0 0.6471905091 0.6436919195 0.6385142187 0.6420047259 0 0 0 0 0 0 0 0 0 0 0 0 0 0 0 0 0 0 0 0 0 0 0 0 0 0 0 0 0 0 0
0 0 0 0.5291422727 0.5273985603 0.5228234086 0.5213151164 0.5852041422 0.5806225147 0.7596355638 0.7577074583 0.7548734991 0.7533475156 0.7749162303 0.7820969932 0.6963936621 0.6835848356 0.6812346211 0.6795880731 0.6794353359 0.6890304407 0.7785617883 0.6627067774 0.5226580682 0.5209469424 0.5242770223 0.528841865 0.5382447133 0.5227247456 0.5244939903 0.786049221 0.6392960389 0.6529430789 0.807085692 0.6396558882 0.786696671 0.7760133029 0.7722226756 0.7733808021 0.6206012003 0.6309752799 0 0.7853086119 0.7843427819 0.6515951521 0.7215348495 0.6367706389 0.6398254882 0 0 0 0 0 0 0 0 0 0 0 0 0 0 0 0 0 0 0 0 0 0 0 0 0 0 0 0 0 0 0
0 0.9050115011 0 0.5313216564 0.5319565002 0.530749322 0.508032443 0.6506619661 0.5940197315 0.7660894162 0.6781360808 0.7601477755 0.7808588818 0.5488704141 0.7764762061 0.883390558 0.6803296359 0.6779125801 0.6876794873 0.6802628011 0.6837259297 0.6890711197 0.6221330331 0.5291984578 0.52881285 0.5303611527 0.5268673121 0.5380224007 0.5460571329 0.5405017244 0.6391931013 0.6477463105 0.6526954372 0.5775865026 0.8684531109 0.7847237013 0.7810472214 0.7769486925 0.7810839722 0.7878500026 0 0 0 0.7899243637 0 0 0.6366470553 0.634600162 0 0 0 0 0 0 0 0 0 0 0 0 0 0 0 0 0 0 0 0 0 0 0 0 0 0 0 0 0 0 0
0.6416942608 0.8979545368 0.8967673503 0.9043093164 0.5358047688 0.5332700313 0.5121905777 0.5126587382 0 0.6707195487 0.5521320538 0.5471792234 0.6173415456 0.5565699751 0.5582180552 0.7371809868 0.6811591731 0.6799649976 0.6823358323 0.6833253667 0.6839905217 0.5031386113 0.5372433715 0.5330471672 0.5320389737 0.8953065614 0.5329103891 0.5031899183 0.5389501288 0.5409480124 0.647913114 0.6468801302 0.5679228795 0.5059325624 0.8028952297 0.7907515418 0.7813824395 0.7858298074 0.7857768196 0.7914913134 0 0 0 0 0 0.6399281494 0.6455230532 0.6357886158 0.6304871294 0 0 0 0 0 0 0 0 0 0 0 0 0 0 0 0 0 0 0 0 0 0 0 0 0 0 0 0 0 0
0.812786477 0.9003857541 0 0.9029609939 0.9107684907 0.5381765633 0.8134620009 0.581554501 0 0 0.6026120566 0.5461952595 0.5468392641 0.5482551887 0.550006792 0.5267379373 0 0.8684506809 0.698921065 0.5866454358 0.5872163605 0.6408785432 0.5366706506 0.5081441901 0.5381452567 0.6129880311 0.7819841419 0.5449614797 0.8792635238 0.838693844 0.8853344207 0.644433968 0.662872902 0.5715545314 0.7969092638 0.6532128131 0.8666936523 0.7928383543 0 0 0 0 0 0 0 0.6533295316 0.6379170392 0.6333691311 0 0 0 0 0 0 0 0 0 0 0 0 0 0 0 0 0 0 0 0 0 0 0 0 0 0 0 0 0 0 0
0 0.7190958672 0 0 0.9090533075 0.8575315228 0.6385291032 0.81298429 0 0 0 0.5487260802 0.5416302984 0.5466691254 0.547568446 0.523372563 0.5825606352 0 0 0 0.5471473911 0.6938635567 0.8809738462 0.5166329772 0.5096798688 0.6059349333 0.6069399617 0.6085713976 0.8846580437 0.8773291919 0.6390103208 0.6424250961 0.679521705 0.8678424489 0.803193813 0.7942519018 0.5637600623 0 0 0 0 0 0 0 0 0 0.659808246 0.8447590013 0 0 0 0 0 0 0 0 0 0 0 0 0 0 0 0 0 0 0 0 0 0 0 0 0 0 0 0 0 0 0
0 0 0 0 0 0 0 0.783774748 0 0 0 0 0.5509617776 0.5431245433 0.5459951426 0.833810319 0 0.5422204666 0.5356740943 0 0.545551747 0.682232192 0.7958160876 0.6389950226 0.518984848 0.6006847567 0.5990088025 0.6021397799 0.8840408295 0.8800277162 0.8775623232 0.6470104554 0.5142361929 0 0 0 0.7890650086 0.7932855462 0 0 0 0 0 0 0 0 0.7771479016 0 0 0 0 0 0 0 0 0 0 0 0 0 0 0 0 0 0 0 0 0 0 0 0 0 0 0 0 0 0 0 0
0 0 0 0 0 0 0 0.7055056592 0.8774901091 0.5875628083 0.7458779568 0.7401930437 0.7316839282 0.6359082286 0.5479270487 0.5549408568 0 0.5353560488 0.5394878104 0.545380366 0.557955751 0.5637878025 0.5230889785 0.7406981148 0.5227037555 0.6031613158 0.6078263535 0.5995570593 0.8918270696 0.884283232 0 0 0 0 0 0 0.793858485 0 0 0 0 0 0 0 0 0 0.7950970603 0 0 0 0 0 0 0 0 0 0 0 0 0 0 0 0 0 0 0 0 0 0 0 0 0 0 0 0 0 0 0 0
0 0 0 0 0 0 0 0 0.7888059843 0.8967887453 0.7421636792 0.73585966 0.7369598917 0.7374296989 0.6815439827 0.8039372687 0.5435955829 0.5362924718 0.5446213729 0.5510674059 0.5601577884 0.5640945793 0.524171972 0.7814940338 0.7463068121 0.6159181378 0.802268904 0.8669270025 0.9012553169 0 0 0 0 0 0 0 0 0 0 0 0 0 0 0 0 0 0.858122421 0 0 0 0 0 0 0 0 0 0 0 0 0 0 0 0 0 0 0 0 0 0 0 0 0 0 0 0 0 0 0 0
0 0.8195696181 0.8201706316 0 0 0 0 0.6862158919 0.6766309155 0.7089979218 0.8271865619 0.8276765299 0.8312957355 0.7376306228 0.6806964959 0.6833258 0.5427745711 0.5472476888 0.5486353817 0.5473536696 0.5511062095 0.7828090024 0.6753387793 0.5485243409 0.679926467 0 0.7207837215 0.7141893494 0.7178500808 0 0 0 0 0 0 0 0 0 0 0 0 0 0 0 0.8070543021 0 0.7755036111 0.7675383111 0.8970478696 0.7101293502 0 0 0 0 0.6566712286 0 0 0 0 0 0 0 0 0 0 0 0 0 0 0 0 0 0 0 0 0 0 0 0.692913689
0.8168590435 0.8146538998 0 0 0 0 0 0.5196345738 0.5214163482 0.673936971 0.8294210733 0.8233144977 0.8811550981 0.6791630463 0.5383720311 0.6883163847 0.6486678555 0.5510449583 0.5542731754 0.7781481482 0.7827207028 0.7898705755 0.8511468638 0.6743732091 0.8534900681 0.6872585568 0 0 0.892751444 0 0 0 0 0.7776037652 0 0 0 0 0 0.5579791939 0 0 0 0 0.8777635715 0.76638505 0.8003410333 0.5180966265 0.8168407828 0.8211460961 0.8163775836 0 0.8168607253 0.8203279845 0 0 0 0 0 0 0 0 0 0 0 0 0 0 0 0 0 0 0 0 0 0 0 0.6923169655 0.6832102223
0.8433154295 0.8231364273 0 0 0 0.7694564685 0.8193452636 0.5200729245 0.5175538882 0.6796519608 0.8328763301 0.8290274434 0.6368604186 0.6413116443 0.6431415419 0.6436836442 0.6377539936 0.6322580963 0.7875833909 0.7829086333 0.7866214707 0 0 0.8462912601 0 0.8628070397 0 0 0 0 0 0 0 0.7747811799 0.6360516606 0 0 0.5375362414 0.5562779806 0 0 0 0 0 0 0 0.7413404883 0.5093518395 0.8215819563 0.8143809056 0.8135580801 0.8180932958 0.8246106543 0.8261892553 0.5420351815 0 0 0 0 0 0 0 0 0 0 0 0 0 0 0 0 0 0 0 0 0 0 0 0.5339379471
0.6422128716 0 0.5875580024 0 0 0.7656064805 0.7505348922 0.5955252244 0.5255692769 0.5178921711 0.6343852967 0.631034766 0.6354806832 0.6358255844 0.6411527038 0.6371010901 0.6351087704 0.6320356327 0.6286647413 0.6347003582 0.7867226502 0.6228348419 0 0 0.8549138418 0.6492346938 0 0.6187233122 0.618246054 0.6233082507 0.760546138 0 0 0.7698377508 0.7780309672 0.8145079076 0.5130183584 0.6451162252 0.7862596305 0.7170682686 0.8197705895 0 0 0 0 0.5038133819 0.5049953737 0.8560305502 0.8230291812 0.8193269535 0.8205039314 0.8156344354 0.7244871811 0.7279111332 0.7323466446 0 0 0 0 0 0 0 0 0 0 0 0 0 0 0 0 0 0 0.6276173803 0.799832792 0.576568944 0.507204923 0.5510428219 0.5405361624
0 0 0.7904697065 0 0.639733623 0.7415503786 0.6103061815 0.5373325612 0.5330816547 0.8446019547 0.6324618332 0.6289241103 0.6284593906 0.6335700017 0.6312590728 0.6417489169 0.6487230142 0.6342626145 0.6960777679 0.666485749 0.6202492776 0.6169895355 0.6220097544 0.6300133517 0 0.6558865931 0.6436370612 0.623563745 0.6658293256 0.8642320589 0.7610152774 0.7582680577 0.7622952399 0.7540985954 0.7614689263 0.7657806899 0 0.7759294631 0.7463668509 0 0 0 0 0.51822591 0.5118916999 0 0 0.8490253143 0 0.7264213271 0.730381602 0.5562072218 0.7191465292 0.7244531262 0.7343469613 0.6295599197 0.7513166928 0 0 0 0 0 0 0 0 0 0 0 0 0 0 0 0 0.6210258886 0.5315578158 0.5621313079 0.5462712918 0.5428181923 0.5355319348
0 0 0.7396057278 0.5756329367 0 0 0.7399746832 0.5323223322 0.5417987608 0.6412377274 0.638060553 0.6309701877 0.8144557846 0.6311571042 0.6378033622 0.6409980308 0.6358281423 0.6493068557 0.6301649526 0.6219363691 0.6121305728 0.6210684594 0.623018163 0 0.746987848 0.6461364395 0.6920417432 0 0.7619848719 0.7524215265 0.7516303576 0.7547783858 0.7489899041 0.7568742395 0.761918778 0.7873173582 0.7539843071 0.7661339057 0.5625148897 0.8675999434 0.8664691085 0.8707657821 0.8664808225 0 0.5212035573 0.5140823659 0.8396584955 0.8557925354 0.8549444778 0.589387518 0.7277763757 0.7232567758 0.715833241 0.7228635587 0.734190541 0.879028937 0 0 0 0 0 0 0 0 0 0 0 0 0 0 0 0 0.6688325346 0 0.7971678165 0 0 0 0.7692960731
0 0 0.7205787783 0 0.8220670871 0 0 0.7381148054 0.5047845396 0.6447552616 0.6341988393 0.632160613 0.6386159277 0.634724873 0.6334154016 0.8611391993 0.6352037541 0.6285943433 0.6299420855 0.6220010729 0.6202223191 0.6210385629 0.6260414963 0.6022880392 0.8371247516 0.8670768326 0.6993296538 0.7709642498 0.7685497826 0.7590582978 0.7509797215 0.7467694814 0.7551531584 0.7528774943 0.7632102156 0.7922414702 0.6994005517 0.6935126888 0.6943498241 0.6907205749 0.6965095666 0.8615916306 0.8648938971 0.6486970515 0.5226588655 0.5149449183 0.515138371 0.5224592572 0.7242796592 0.8831601264 0.7239218975 0.7217370516 0.7161737486 0.7255552199 0.8849900345 0.883796107 0.8773641989 0.8792396024 0 0 0 0 0 0 0 0 0 0 0 0 0 0 0 0 0 0 0 0 0
0 0 0 0 0.7236060662 0.8834533985 0 0 0.512699487 0.5034837798 0.6372651791 0.6400810695 0.6381620012 0.6449218426 0.5149859741 0.6185635498 0.5545719663 0.6319903456 0.6245967376 0.6302987562 0.6272390045 0.6341056866 0.5691759262 0.5412191816 0.5372840851 0.5123783882 0 0.7612320143 0.7659979875 0.7583196686 0.7484135281 0.7559842966 0.7492754345 0.7635457581 0.765578734 0 0.6967207924 0.6931998396 0.6887401864 0.6894580603 0.6944896014 0.8648221438 0.8145227764 0.6055897511 0.6268829024 0.5142103374 0.5126527546 0.5193430352 0.876434223 0.8731794237 0.7318097836 0.7281624249 0.7359326915 0.7369961339 0.8885496822 0.8843392084 0.7349347724 0.8843506233 0.8862147181 0.5985486786 0 0.7482771681 0 0 0 0 0 0 0 0 0 0 0 0 0 0 0 0 0
0 0 0 0 0 0 0 0 0.5049973541 0.6390863457 0.6094835335 0.6138075319 0.646952209 0.5188677575 0.5234144615 0.5227872412 0.6364885388 0.625367145 0.6308563646 0.633167014 0.6294803231 0.5710714451 0.5635193772 0.5644708241 0 0.5110526984 0 0.5156278574 0.7704528483 0.767701908 0.7571398827 0.7159830878 0.7701948203 0 0 0.6960468698 0.6950226723 0.6929161804 0.6969268556 0.6966050304 0.6987690909 0.6001353046 0.6083518418 0.8993054949 0.8976191357 0.5156852008 0.8812463593 0.51487069 0.8813783314 0.8803965373 0.7365421541 0.726893678 0.7285672985 0.7354755959 0.8931313791 0.8656916939 0.6177170535 0.6370493301 0.6320964847 0.6385400473 0.7407536505 0.7383702487 0.7396589988 0.8153202604 0 0 0 0 0 0 0 0 0 0 0 0 0 0 0
0.8634061529 0.8598526075 0.8655188265 0.8719969103 0.8366865467 0.5370096278 0.5439505022 0 0.8317628597 0.616968727 0.6378371865 0.6120528322 0.5203241978 0.536337804 0.5972944182 0.6001651829 0.6759797006 0.5227488313 0.7433507527 0.8144021699 0.8130906269 0.5580995997 0.5560842163 0.5564719621 0.512449706 0.5117001787 0.5108718937 0.5203926835 0.5246212599 0.5287058978 0.5916211668 0.5856579227 0.8574211933 0.6203898539 0.5165164075 0.8157674095 0.6088746913 0.8134611988 0.7018098349 0.7937587266 0.7024644398 0.7037082786 0.506226448 0.5328064209 0.9006229168 0.6966276022 0.5246842599 0.52387717 0.6140372939 0.8082280085 0.7269507684 0.7308118707 0.787886318 0.7368825356 0.5148166153 0.5880993679 0.6126866264 0.6407894462 0.6309324124 0.6386640853 0.7384972995 0.7382240591 0.7479427576 0 0 0 0 0 0 0 0 0 0 0 0 0 0.567541473 0.8348009951 0.5509599769
0.8664333229 0.8668116947 0.8690679379 0.8296856242 0.8353992859 0.8417660716 0.5429105516 0.8322301566 0.8390472072 0.5675265864 0.6602277466 0.6670403312 0.6307258897 0.738667151 0.5929912865 0.5917369774 0.5939366853 0.7870868137 0.5488561362 0.8223698549 0.8107306155 0.8100481128 0 0.5490627215 0.5516335069 0.5178146737 0.5200952728 0.5197565928 0.6810425735 0.6836385 0.678384226 0.58526546 0 0.554017041 0.8912465021 0.5553572566 0.6077050135 0.6060455989 0.5993635879 0.5973833411 0.712184187 0.8022002283 0.5338721618 0.5294464294 0.854808597 0.5011205991 0.5333030437 0.8064720147 0.797666154 0.7980604092 0.8032784822 0.6587137169 0.8678236999 0.8912803766 0.5432043813 0.5160567592 0.6725936394 0.6323180814 0.637978898 0.6383537831 0.5548653558 0 0.7458652613 0 0 0 0 0 0 0 0.682228932 0.6735043751 0.7173719385 0 0 0 0 0 0.8840348933
0.8678415994 0.6477654868 0.8261869894 0.8275125159 0.8353548963 0.8397699605 0.836105458 0 0.8878191834 0 0 0.8730787604 0.5327460052 0.7933718569 0.5190048766 0.6010850964 0.7843728449 0.7799979576 0.6802195725 0.8164281488 0.8075777437 0.8068054906 0.8758955526 0.542723406 0.5525836946 0.5214251328 0.5267721257 0.6855205474 0.6815533652 0.6764314224 0.679948115 0.683204107 0.6785873816 0.8865883985 0.5479794201 0.5789344868 0.7149939445 0.6003843854 0.5971775769 0.6067875643 0.5297290707 0.5333756562 0.5247659344 0.5305640583 0.5035803208 0.8095490885 0.5243504275 0.808461918 0.7997332821 0.794619216 0.8035709302 0.7286941705 0.7335986896 0.7303794518 0.5033805909 0.662555507 0.6672691677 0.9022254414 0.6481768944 0.8946059576 0.8330703556 0.567342638 0.8095262706 0.8656205624 0.7930343538 0 0.5981818947 0.7847434353 0 0.5529888577 0.8760537609 0.6718233679 0.6693425167 0 0.5512987006 0.7045459749 0.8742735757 0.7006765321 0.8801903658
0 0.8353027006 0.8321858585 0.8264349608 0 0.8428291033 0.7675017039 0.8148707091 0.7787503368 0.7165395224 0.7791679328 0.7540704287 0.8029223464 0.8319647023 0.52045001 0.5207874907 0.7820417652 0.7781453114 0.7794232091 0.6839165136 0.8097202059 0.5472274303 0.5389899029 0.5468649679 0.5473137781 0.5277263269 0.6904656399 0.6899581579 0.6813688648 0.6772284308 0.6830342428 0.6863813348 0.563956274 0.8863164727 0 0.6729755237 0 0.6031811731 0.6306994232 0.6050667857 0.5251232753 0.5237289705 0.524501319 0.5297796084 0.5551603138 0.646405218 0.688950168 0.8128527412 0.7998516574 0.8017729188 0.7988944842 0.7246834659 0.7265505554 0.7296569869 0.7196396066 0.8998632335 0.8120482754 0.6745721188 0.8945820878 0.8974273078 0 0.8020785047 0.6940908936 0.8869169624 0.5984421799 0.6001572641 0.5973650751 0.8794274414 0 0.5197698385 0.8640375024 0.5474754248 0 0 0 0 0.8831638843 0.8741597403 0.8739079859
0.5710982961 0.5616587558 0.8801750214 0.7964576698 0.7987279143 0.759762338 0.7656587411 0.7225172791 0.8337178464 0.8330059519 0.7151237092 0.7786464124 0.709576159 0.5167373259 0.5188168998 0.5208128913 0.5987078163 0.7837939744 0.6817676736 0.681726974 0.6794140526 0.5135349146 0.5481962463 0.8168079379 0.8729066689 0.8494574234 0.9164887195 0.9078513821 0.7387668287 0.9074446675 0.6802007586 0.6885626644 0 0 0 0 0.6673480833 0.8473441808 0.6697414036 0.768288204 0.5300227545 0.5306171109 0.5253501624 0.5286967452 0.6067752417 0.8101366799 0.6895293963 0.6889113386 0.8068192111 0.8107095437 0.7261200761 0.7230990878 0.7205886632 0.715772263 0.7193060887 0.9002702783 0.8968064983 0.8891174 0.894761706 0.8901823538 0.7941074068 0.5551521425 0.8435678616 0.7040229605 0.7036133278 0.5941912812 0.5943147448 0.5003862751 0.5454281367 0 0.5421355129 0.7345903779 0.5224088577 0.5096773171 0.7318515248 0.7705697177 0.8141635021 0.6011126078 0.6073296513
0 0.8774585803 0.8682804031 0.78110347 0.7192868988 0.7192052488 0.7334133376 0.8345214914 0.8292634763 0.8330220208 0.7103019869 0.7088031811 0.7119344422 0.5139326036 0.5162911549 0.6840207426 0.6719626021 0.6701764738 0.6114389329 0.6723039392 0.6800003858 0.5908691532 0.8977222762 0.8635154131 0.6722583317 0.5345240536 0.5278744003 0.9091372653 0.899862318 0.9003517564 0.9066121403 0 0.7531171513 0 0 0 0.6683546167 0.6674999733 0.8396543838 0.8318020344 0.8339417412 0.5717463857 0.6626476111 0.5272596041 0.5311816119 0.5322958262 0.7318630807 0.6913518055 0.5978699481 0.5969187235 0.5915677542 0.7300337519 0.7158165323 0.7126088797 0.7188306006 0.7225667807 0.767855818 0.8877768566 0.8876025899 0.8916787232 0.790599348 0.7893343131 0.791402737 0.7102004707 0.5970138274 0.6021457915 0.6017403358 0.5595474238 0.6153234356 0.6057710455 0.6065449427 0.6870177128 0.6529807455 0.802471184 0.8052434161 0.8020727735 0.8050869919 0.6056953397 0.599242283
0.7514113352 0.8749848213 0.7198122604 0.7158197995 0.7157021191 0.7251368102 0.6807931449 0.7111789429 0.7104152791 0.8064087594 0.7091805701 0.5758923187 0.6201514324 0.517059706 0.5201128261 0.7932619579 0.6747688739 0.6685972696 0.6704005643 0.6711137426 0.6784771905 0.702062636 0.8931787414 0.768922596 0.713626653 0.5332093766 0.7059715962 0.9084822601 0.9044872992 0.9024673922 0.8066832921 0 0 0 0.5590619177 0.5839929936 0.6707165001 0.674198537 0.8372679766 0.8309633078 0.8335444817 0.568761251 0.5759380103 0.7632569508 0.5303417677 0.5369504785 0.5992270141 0.5988464843 0.5920611189 0.5908478738 0.5980601858 0.6055472956 0.7153899021 0.7180226528 0.712725254 0.5342440088 0.8899768332 0.8892305817 0.8904240045 0.8928595769 0.7821510653 0.7902544347 0.7994866098 0.7454782588 0.6041968925 0.5596245439 0.5540305948 0.5632775529 0.5605998264 0 0 0.6619687164 0.8310345813 0.7687020083 0.7987364402 0.7975609176 0.8046888851 0.6025873125 0.6037514536
0.5606595336 0.7242900934 0.7174295662 0.7098520129 0.7023204269 0.7029164761 0.7036979626 0.7070909451 0.7094209255 0.710653238 0.7411410266 0.7440492392 0.7031481702 0.7241031505 0.6781527433 0.6826437936 0.6689090938 0.6655574174 0.6616378951 0.665354545 0.6726197959 0.9030848084 0.6917658583 0.5703810645 0.7880270109 0.8203261253 0.7054267874 0.8981707823 0.8233577105 0 0 0.7991525937 0 0 0 0 0.5275111511 0.8403550304 0.8329777718 0.8340910676 0.8382047747 0.5760614152 0.578518596 0.5363378644 0.6655999271 0.7124805172 0.5930327835 0.6490312315 0.5945421203 0.6052932911 0.5979017095 0.8819416284 0.532896359 0.5256843806 0.5265669683 0.5228252741 0.5373723093 0.5401863642 0.5491637915 0.7844649395 0.7837684436 0.7847568337 0.7941625069 0.7458600931 0.5568476223 0.5526684798 0.5534374051 0.5540264731 0.5952719416 0 0 0.7207255846 0.7852953682 0.8050810472 0.8042979627 0.7992557831 0.8018808344 0.6108071233 0.6129840957
0.538267258 0.7184632013 0.7140447477 0.7021447754 0.7001546341 0.6966961498 0.7014345322 0.7091291113 0.7087836817 0.7376460618 0.7085073448 0.5421470934 0.531090763 0.5044154612 0.7070528228 0.7025237796 0.6697214266 0.6689020381 0.6669394733 0.6670392396 0.7245213737 0.7275648799 0.5028602803 0.7783370238 0.5858635792 0.591164145 0.5729748079 0.7269661547 0.7169706719 0 0.5266150869 0.5271152529 0.8014236366 0.5275291551 0.5255067949 0.5253888915 0.841456097 0.5466362025 0.8682298665 0.6826391138 0.5797616647 0.5863531395 0.5860582792 0.582432993 0.7202930527 0.5945461769 0.5911084216 0.6008046069 0.6098250346 0.892878236 0.8866067584 0.878272697 0.8759039504 0.5236012893 0.5209409064 0.5285719807 0.5394381186 0.5382687877 0.536563289 0.5421798429 0.5330436399 0.7830222695 0.7987152667 0.7964484013 0.546279563 0.5473463945 0.5467216288 0.5539508389 0.6704777021 0 0 0.5547751451 0.7165448208 0.7565850348 0.75497507 0.7557948231 0.7574400728 0.866637918 0.8753921674
0.6438149317 0 0.7064474277 0.7048153399 0.6933744165 0.7005567899 0.7021762255 0.7092131242 0.7124818213 0.7304887872 0.732690201 0.6950613322 0.707031203 0.7048498307 0.6972200857 0.6980021129 0.6361262691 0.6691451251 0.7159838059 0.7181513669 0.7193206205 0.7277386329 0.8763090017 0.7952713165 0.6217331984 0.8775532505 0 0.7225515354 0.7237747174 0.5305250975 0.52451152 0.5257879803 0.5233412602 0.5229346063 0.5333948146 0.5334239739 0.5315218422 0.553895941 0.7375650084 0.8519068163 0.5388303352 0.8887625192 0.5175805731 0.5841623636 0.6288385551 0.8692592214 0.6717975982 0.5309811232 0.5745255943 0.8868529796 0.8854727163 0.8827885807 0.6730030386 0.6683619879 0.6674400054 0.5256113003 0.5370901228 0.5296408487 0.5335819066 0.5300903311 0.5359366778 0.5420646156 0.7900670616 0.5526516102 0.548969345 0.5437921854 0.5504438794 0.5451934871 0 0.6648507869 0.5477226199 0.5454411071 0 0.7618410562 0.7539396405 0.7512157353 0.7543920074 0.7519316929 0.7494324031
