landscape/hab_quality/256/simulation_000047_p029_h077_HABMAT_patch_more_500pix_modified.asc_ac_0.5_quality.asc
NCOLS 513
NROWS 513
XLLCORNER 0
YLLCORNER 0
CELLSIZE 9.980507
NODATA_VALUE NaN
[rows 108 to 143 of 513, columns 400 to 479 of 513]
0.7907110339 0.7869008484 0.7792792555 0 0.788624081 0.7289758203 0.7281916514 0.7232799381 0.7279720402 0.6914257033 0.6825561954 0.6892291017 0.6926864611 0.5017881483 0.5052985207 0.5016663202 0.5427939112 0.532937435 0.5423524909 0.9161852598 0.8999519238 0.8984826058 0.9075242994 0.5140192991 0.6640847604 0 0.7085018495 0.7119812089 0.712623904 0.7053027803 0.6653799791 0.6561520657 0.6595969321 0.5719473284 0.5638871945 0 0 0 0 0 0 0 0 0 0 0 0 0 0 0 0 0 0 0 0 0 0 0 0 0 0 0 0 0 0 0 0 0 0 0 0 0 0 0 0 0 0 0 0 0
0.7729047894 0.6943459068 0.7873338284 0.5899037828 0.7309587494 0.7312752651 0.6121990228 0.5371370115 0.6799826024 0.6865867834 0.6948026796 0.6905709808 0.6971589476 0.5061785869 0.5004492988 0.5057925972 0.5343085088 0.5360955989 0.5749163796 0.5756481719 0.9070539066 0.8984397161 0.8990879363 0.893000413 0.9032210035 0.904948297 0.5331155936 0.7074149116 0.7046554489 0.7026964469 0.705704895 0.5273261851 0.6505585456 0.6475322165 0 0 0 0 0 0 0 0 0 0 0 0 0 0 0 0 0 0 0 0 0 0 0 0 0 0 0 0 0 0 0 0 0 0 0 0 0 0 0 0 0 0 0 0 0 0
0.7975144057 0 0.7902829712 0.7833086941 0.5017464367 0.7364056084 0.6851916828 0.6839573861 0.6728960514 0.6774256582 0.674304674 0.6974631596 0.6983602855 0.8406384284 0.836231376 0.5040228687 0.6579983823 0.7053299859 0.5829847687 0.574316306 0.9066972461 0.8988221341 0.891904881 0.9004149011 0.9061020315 0.6412865825 0.7096657647 0.711220685 0.702462249 0.700287293 0.7087622398 0.6483433335 0.6440714549 0 0.6825966446 0 0 0 0 0 0 0 0 0 0 0 0 0 0 0 0 0 0 0 0 0 0 0 0 0 0 0 0 0 0 0 0 0 0 0 0 0 0 0 0 0 0 0 0 0
0.7705609194 0.7728511949 0.7815711164 0.7847798683 0.7790907631 0.6956782659 0.6827398318 0.6795089243 0.674854718 0.6723026178 0.6727608139 0.543551385 0.834658427 0.8326041422 0.8295156255 0.8253764178 0.8251614233 0.8257065366 0.5809856731 0.5735827666 0.5720182243 0.8947220914 0.9008039968 0.8994441523 0.9016788324 0.9057199908 0.71175637 0.7086955083 0 0.6993330781 0.7028740433 0.6425490903 0 0 0 0 0.8097205611 0.6945483541 0 0 0 0 0 0 0 0 0 0 0 0 0 0 0 0 0 0 0 0 0 0 0 0 0 0 0 0 0 0 0 0 0 0 0 0 0 0 0 0 0 0
0.7783709345 0.7720347211 0.7805947144 0.7875744165 0.7570086123 0.5879196594 0.6886792771 0.6815899582 0.6779809211 0.6754012738 0.6726923609 0.548915639 0.8369961225 0.82523181 0.8252140412 0.833037088 0.5450671111 0.8396635314 0.5784658053 0.5770154356 0.5784669668 0.5790735552 0.9047737594 0.9094267197 0.9035947843 0.6388092827 0.7144086781 0 0 0.7083183705 0.7034322638 0.6458094005 0.6464760624 0.6485014213 0.5168782832 0 0.5973203052 0.7984636159 0.674603829 0 0 0 0 0 0 0 0 0 0 0 0 0 0 0 0 0 0 0 0 0 0 0 0 0 0 0 0 0 0 0 0 0 0 0 0 0 0 0 0 0
0.5597869571 0.5639870331 0.7777219083 0.8969190522 0.758680706 0.7584295481 0.6824299827 0.6794830159 0.6735332947 0.6794682999 0.8710399503 0.8431704029 0.8403674124 0.8291607216 0.8326420554 0.8332828751 0.8394588071 0.8395202871 0.8588669401 0.8974010562 0.7578001658 0.9020167841 0.5564493022 0.759361559 0.5268081363 0.647357273 0.6452321802 0 0.7118019147 0 0 0.704501537 0 0.6498812712 0 0.7371040265 0.5745782066 0.5724702519 0.7479319143 0 0 0 0 0 0 0 0 0 0 0 0 0 0 0 0 0 0 0 0 0 0 0 0 0 0 0 0 0 0 0 0 0 0 0 0 0 0 0 0 0
0.5618308405 0.565815459 0.5690879853 0.8964500697 0.5758360828 0.877326232 0.6888831036 0.6837304676 0.6841887916 0.8708538444 0.8621369884 0.8717154188 0.8377450175 0.8376554811 0.8382942547 0.8341332084 0.8141404683 0.8490173177 0.8874930135 0.891077101 0.895801424 0.7767161913 0.7854271734 0.7835895364 0.8123621445 0.534916227 0.7853456599 0 0 0.5596407516 0 0.8482601881 0.8491376178 0.5560856481 0.7408118832 0 0.6517459231 0.6643495256 0 0 0 0 0 0 0 0 0 0 0 0 0 0 0 0 0 0 0 0 0 0 0 0 0 0 0 0 0 0 0 0 0 0 0 0 0 0 0 0 0 0
0.5249920153 0.6059494958 0.5695533784 0.5698796968 0.6764346103 0.7099953111 0.702020643 0.6911563714 0.6921728765 0.870879277 0.8678025627 0.867218594 0.7693006417 0.8474015838 0 0.724581427 0.5323004331 0.8526142758 0.8885881687 0.8866904637 0.8943750381 0.7800167932 0.7758685754 0.7640583652 0 0.8303293443 0.5565168401 0 0 0 0 0.8498123808 0.8527615974 0.7704270382 0.6609634647 0.6550382785 0.6589889663 0 0 0 0 0 0 0 0 0 0 0 0 0 0 0 0 0 0 0 0 0 0 0 0 0 0 0 0 0 0 0 0 0 0 0 0 0 0 0 0 0 0 0
0.675609617 0.7480868262 0.5273071234 0.5975401754 0.7140013324 0.7160550795 0.7061047134 0.7003023957 0.7013230797 0.6962698161 0.8693029104 0.8707941753 0.8730899895 0 0 0.6928448777 0 0 0.8932908963 0.8927300253 0.891207842 0.776797967 0.7782842051 0 0.5185971519 0.8051548077 0 0 0 0 0.7373918938 0 0.6032765961 0.8750404039 0.7627792937 0.6509682747 0.6609110888 0.5801297761 0.748841382 0 0 0 0 0 0 0 0 0 0 0 0 0 0 0 0 0 0 0 0 0 0 0 0 0 0 0 0 0 0 0 0 0 0 0 0 0 0 0 0 0
0.8438685683 0.6292667727 0.7377175789 0.5934851559 0.6462339625 0.7128685653 0.7058628159 0.6025943582 0.7056947727 0.7096016411 0.6359069025 0.5011025031 0.7023993582 0.6939129181 0.6943513233 0.7080555761 0.6892953483 0.8962823429 0.8972101559 0.897903018 0.8946501526 0.7939713257 0.9003332368 0 0 0 0 0 0 0 0 0.8819935057 0.8738134522 0.8763715767 0.8845354647 0.6509716751 0.5861594443 0.5799286335 0 0 0 0 0 0 0 0 0 0 0 0 0 0 0 0 0 0 0 0 0 0 0 0 0 0 0 0 0 0 0 0 0 0 0 0 0 0 0 0 0 0
0.7449488754 0.8585770262 0.5148458558 0.6473700182 0.6435622315 0.6684954688 0.5913000726 0.5885590634 0.7077919666 0.7112547309 0.5825896142 0.5765247458 0.7014854912 0.6971316547 0.7038790414 0.5418747218 0.6358061785 0.8003558831 0.7969046766 0.8068843242 0.5701240634 0.9003538602 0.8956119681 0 0 0 0 0 0 0 0 0 0.6361835577 0.6365403261 0.7141923904 0.8491148033 0.5834772228 0.5798481972 0.5810228629 0.6822886812 0 0 0 0 0 0 0 0 0 0 0 0 0 0 0 0 0 0 0 0 0 0 0 0 0 0 0 0 0 0 0 0 0 0 0 0 0 0 0 0
0.6326710764 0.7114197271 0.6359539597 0.5061857508 0.6836590756 0.8171239652 0.5927166648 0.5887664921 0.5980918527 0.7152754247 0.5844065947 0.5656188855 0.6170855971 0.9143024585 0.9112608235 0.9123201456 0.9070743132 0.5163525062 0.7994014005 0.5131946814 0.8946337685 0.897716172 0.8941258512 0 0.9122481966 0 0 0 0 0 0.7995508456 0.8668950323 0.6294478465 0.7837451013 0.8207613676 0.5852306246 0.5816836336 0.5844945804 0.5895380975 0.8733861735 0 0 0 0 0 0 0 0 0 0 0 0 0 0 0 0 0 0 0 0 0 0 0 0 0 0 0 0 0 0 0 0 0 0 0 0 0 0 0 0
0.6262867219 0.6267658567 0.6319302698 0.8301971129 0.8251435572 0.8166019192 0.5976734382 0.6293916557 0.9018591958 0.9014864667 0.587450438 0.5930155726 0.778633805 0.5442275628 0.9074388626 0.9077509642 0.9001650956 0.6426869172 0.8211332475 0.8032159069 0.8981729074 0.894419734 0.62363527 0.9036553406 0 0 0 0 0 0.7993964429 0.7904788114 0 0.7823392559 0.7867251474 0.7969603191 0.5844467772 0.7200218389 0.6955081021 0.5194928933 0 0 0 0 0 0.6564065968 0.8514958888 0 0 0 0 0 0 0 0 0 0 0 0 0 0 0 0 0 0 0 0 0 0 0 0 0 0 0 0 0 0 0 0 0 0
0.6184187317 0.6136573161 0.7995399351 0.8003134096 0.80036673 0.6313176167 0.9006252677 0.8985427017 0.9013554975 0.909497952 0.5692458917 0.5761191573 0.5724689937 0.580798657 0.8973031365 0.8998602773 0.7572434135 0.8950613908 0.6521123159 0.7969058447 0.7980468987 0.9023417647 0.5931172043 0.9126394814 0 0 0 0 0.7877158218 0.5333612468 0.7833043303 0.782332525 0 0.7905441976 0.7999000663 0.5253362232 0.5163403701 0.5111789759 0.5076359953 0 0 0 0 0 0.8804697324 0.6965185443 0 0 0 0 0 0 0 0 0 0 0 0 0 0 0 0 0 0 0 0 0 0 0 0 0 0 0 0 0 0 0 0 0 0
0.6247438255 0.6171827858 0.6084080094 0.7994297772 0.8044735711 0.9033384803 0.8946196986 0.8919974363 0.8976237805 0.5605610257 0.5537816033 0.5685053434 0.5760576847 0.5847134708 0.6929134458 0.8116001019 0.8136201341 0.7833709088 0.7830236123 0.7908389398 0.7958139418 0.7598220952 0.5039203642 0.5081882894 0.8272198848 0 0.7708527152 0.5194671708 0.6944608016 0.7359170014 0.7842037005 0.788177357 0.7885733698 0.7985932582 0.7938008479 0.8135371371 0.5134306507 0.5109800551 0.5027067953 0.5074276527 0.7647923053 0 0.5189641642 0.5247744818 0.7897614882 0 0 0.7791890741 0 0 0 0 0 0 0 0 0 0 0 0 0 0 0 0 0 0 0 0 0 0 0 0 0 0 0 0 0 0 0 0
0.625366546 0.6181653753 0.8337968319 0.8010932232 0.8048968374 0.8011584049 0.8987598308 0.8997737735 0.8996599306 0.5522732923 0.5605669355 0.5672275359 0.5731656643 0.5762768887 0.8064562523 0.8054025853 0.7867165288 0.788318769 0.7808552426 0.7869632345 0.7877030489 0.672197601 0.6704538509 0.6711299025 0 0 0.6753089166 0.7762013901 0.6727431603 0 0 0.7907045363 0.7923252886 0.790112646 0.671811981 0.6678968179 0 0.5113378363 0.509883704 0.505395736 0.6625383785 0.7747654829 0.565236567 0.6339187652 0.8295759987 0.6423777867 0.6377938907 0.6032993766 0 0 0 0 0 0 0.8182157384 0 0 0.7303183453 0 0.5928532432 0 0 0 0 0 0 0 0 0 0 0 0 0 0 0 0 0 0 0 0
0.66058043 0.621737927 0.6278504281 0.8080232937 0.8011097659 0.8463497864 0.9084493068 0.9016077109 0.9023903072 0.5577294516 0.5591374671 0.898701283 0.8945955097 0.7922725323 0.8109292138 0.791244268 0.7854002851 0.7791365052 0.7890515777 0.7936666235 0.7976551906 0.6563329476 0.6703151595 0.785402415 0.6385630084 0.6222041863 0 0.5427676991 0 0 0 0 0.8002607044 0.7226361255 0.6637273393 0.5898664723 0.8904600177 0.8861070523 0.8920714489 0 0.886072726 0.8831751549 0.6269824279 0.5693699461 0.5652035858 0.6164642019 0.632946461 0.559638989 0.7448619258 0 0 0.8617561356 0 0 0.8700569954 0 0.5658744756 0.5729510142 0.7794604824 0.7766315316 0.5854730348 0.5259338777 0 0 0 0 0 0 0 0 0 0 0 0 0 0 0 0 0 0
0.6622010765 0.6696943602 0.70878671 0.8052244461 0.8039397665 0.8066018649 0.7513106112 0.8848565294 0.8839509814 0.8846946387 0.8850225791 0.8906047426 0.8985309672 0.6413043107 0.791675114 0.7931082078 0.7860903159 0.7871947842 0.7851820211 0.7915658267 0.7995066257 0.578821033 0.536047089 0.843264271 0.8482749585 0.631491743 0.6377597345 0 0 0 0 0 0 0.6340845592 0.5227293322 0.6689573382 0 0.6505948396 0.8948704419 0.8817840307 0.8773421739 0.8855598095 0.6913936501 0.5645787608 0.560543784 0.5529046491 0.8988554267 0.5494472981 0.5506158055 0 0.8650153687 0.8558255186 0.8620456896 0.8634680683 0.833358535 0.8338039954 0 0.5686289786 0 0 0 0 0 0 0 0 0 0 0 0 0 0 0 0 0 0 0 0 0 0
0.8799263401 0.5266399521 0.7074337304 0.704483144 0.7113451051 0.5818107357 0.6219262489 0.8861080502 0.8810266526 0.8364036935 0.8824072295 0.8918140584 0.8990483236 0.8008458818 0.6479465013 0.7913036646 0.7926877934 0.7887436476 0.7887101505 0.7853396511 0.7916751936 0.6716538668 0.835629857 0.8319101943 0.8420015568 0.7156152385 0.6328048025 0 0 0 0 0 0 0 0 0 0 0 0.6601397961 0.8858749427 0.8860773594 0.8829891726 0.5467816543 0.5271730874 0.5309514958 0.5518165371 0.5970413564 0.5485074422 0.5829106619 0.5825023471 0 0.8569293445 0.8542480536 0.8640297372 0.8241609221 0.8260637527 0.6151795059 0 0 0 0 0 0 0 0 0 0 0 0 0 0 0 0 0 0 0 0 0 0 0
0.7773129991 0.5823965622 0.6552207028 0.6559751498 0.6641397688 0.6638133053 0.5689211018 0.8772239319 0.8862615454 0.8789405231 0.8872403557 0.8896044158 0.7337391962 0.7310565922 0.7917601011 0.7984166208 0.7995977075 0.7941077528 0.8375564467 0.7880453411 0.789376764 0.8328565147 0.8269030971 0.8367192051 0.8379784494 0.8470734285 0.7218585255 0.5030924789 0.5237228121 0 0 0 0 0 0 0 0 0 0.8656085504 0.8393531567 0.8852797268 0.6208529977 0.5189006558 0.5250532439 0.534687389 0.5439790408 0.54508238 0.547169798 0.5846153889 0.5819032044 0.5730589225 0.7850907255 0.8613824503 0.659884478 0.6085801027 0.8275186112 0.630136702 0 0 0 0 0 0 0 0 0 0 0 0 0 0 0 0 0 0 0 0 0 0 0
0.5493762853 0.5926482076 0.651937597 0.6613824292 0.6685994924 0.8494490293 0.6544193748 0.8792388765 0.8767165829 0.8773981 0.8714757741 0.7342694529 0.725411232 0.7251760125 0.720612189 0.763607026 0.8060182188 0.7027417248 0.5438471879 0 0.8323543416 0.8319985491 0.53080867 0.8330825222 0.8422045361 0.5945940084 0.6470928451 0.7886199242 0.646437748 0 0 0 0 0 0 0 0 0.5786002855 0.824530875 0.7423712483 0.732607142 0.524316627 0.5172798179 0.5246313342 0.5258539784 0.5522557032 0.5432198997 0.5481211119 0.6969094927 0.5814578955 0.573707854 0.5807769752 0.5834763617 0 0 0 0 0.5819086305 0 0 0 0 0 0 0 0 0 0 0 0 0 0 0 0 0 0 0 0 0 0
0.6276468598 0.5900567658 0.6610376422 0.646136393 0.6637415247 0.7903706951 0.8837775905 0.8833156995 0.8728457371 0.8682740712 0.8694888035 0.7212553747 0.7160851754 0.7155889724 0.7547165672 0.7598095845 0.6707425767 0.6346521277 0.6287346593 0.8256586765 0.8205029376 0.8260821342 0.8472454625 0.8324897111 0.6815537712 0.5960083566 0.6514553979 0.6425352181 0.6401741558 0 0 0 0 0 0 0 0 0 0.8464935855 0.8744498103 0.5452807062 0.5239710061 0.5256784909 0.5209861494 0.5278355478 0.5492133966 0.5484893378 0.5500379279 0.899637064 0.5912762048 0.5853922259 0.5862750595 0.5813492169 0.5821581991 0 0 0 0 0 0 0 0 0 0 0 0 0 0 0 0 0 0 0 0 0 0 0 0 0 0
0.6350821732 0.6363276875 0.5910719567 0.5900829615 0.5915828584 0.6675205955 0.8872336102 0.8863760791 0.8777337978 0.8764463139 0.8707489729 0.7248707023 0.7175177014 0.7082063793 0.7127546889 0.8810339767 0.887926762 0.8797076073 0.6287796206 0.6274411151 0.8224605164 0.8170575023 0.8187658111 0.8121128389 0.824826029 0.8587020241 0.6464400734 0.6423597129 0.6328364066 0.7422212099 0.7856934588 0 0 0 0 0 0 0 0 0.5194042041 0.5411723761 0.5363202158 0.5286291107 0.5251596387 0.5309609133 0.5320346293 0.5406679354 0.549539195 0.5949944871 0.5963766917 0.6940760446 0 0 0.5823418272 0 0 0 0 0 0 0 0 0 0 0 0 0 0 0 0 0 0 0 0 0 0 0 0 0 0
0.6341539202 0.6433752991 0.5932981349 0.5875194274 0.589848661 0.5843843223 0.647789184 0.88536122 0.8847159557 0.8793680559 0.8788416915 0.7207045722 0.7112019586 0.7160526001 0.7105063131 0.8877908801 0.8788673034 0.8858480553 0.6284768248 0.8765442927 0.8235070853 0.8177227377 0.8090290425 0.8113927963 0.5946633529 0.5928037566 0.8900608028 0.6336316123 0.6368704357 0.6337975922 0.7940978397 0 0 0 0 0 0 0 0 0.5522663202 0.6128910386 0.5293729561 0.5384556891 0.5295639569 0.5403976737 0.5419037568 0.5416388206 0.54209024 0.8907741118 0.8961877959 0.5606093533 0.5640131395 0.524419943 0 0 0 0 0 0 0 0 0 0 0 0 0 0 0 0 0 0 0 0 0 0 0 0 0 0 0
0.7275158365 0.7898164357 0.6349303907 0.8717293496 0.5891480481 0.7189027415 0.5911902029 0.78781332 0.5913789683 0.6295584411 0.7571500744 0.7562331897 0.8581853694 0.7361530111 0.7417780903 0.740909421 0.6349195061 0.7654790803 0.8021455989 0.7588767679 0.8685143508 0.8129635356 0.8109435679 0.8116344257 0.8192748629 0.6013890542 0.629185821 0.8965455896 0.8700635072 0.792915592 0.6567112253 0.829472187 0 0.5817941533 0 0 0 0 0 0.5077235443 0.5091126522 0.5100601705 0.516866308 0.7705620325 0.5481887775 0.5448557248 0.6202596586 0.8816889984 0.8822901936 0.8870052758 0.8888949404 0.5610996892 0.7158605349 0 0 0 0 0 0 0 0 0 0 0 0 0 0 0 0 0 0 0 0 0 0 0 0 0 0 0
0.5106554873 0.8987211241 0.8758561677 0.8687885633 0.6951845148 0.5180314524 0.5835909219 0.5848847254 0.592955643 0.7658634862 0.7588766721 0.7578457293 0.7519766966 0.7369190862 0.7323595233 0.7398862997 0.7497598851 0.5633486774 0.7564602911 0.7581441084 0.8731782157 0.8677601363 0.8662177768 0.8655804616 0.8729906474 0.7941319029 0.8172736833 0.8711036568 0.6078969643 0.6590826011 0 0.7572629345 0 0.6506053909 0.6033777197 0.6503776643 0.6569215992 0.5175820318 0.5944612773 0.5142992901 0.506210002 0.5053100464 0.5086200547 0.8092482457 0.57685962 0.8613845301 0.6999827166 0.8831520791 0.8796574889 0.8873135866 0.8898144513 0.7635481184 0.7679612818 0 0 0 0 0 0 0 0 0 0 0 0 0 0 0 0 0 0 0 0 0 0 0 0 0 0 0
0.5112047829 0.515253741 0.6895787966 0.6109287652 0.6120548844 0.5482911273 0.5506356417 0.8493747752 0.5783282841 0.57557781 0.6880177381 0.7579222484 0.7461280115 0.7421526167 0.7334994977 0.7412782245 0.5566720484 0.5488723328 0.7607167109 0.7565484568 0.5804918843 0.8697157023 0.8646947363 0.8637666324 0.8647696131 0.7833335715 0.8814488102 0.8301318024 0.5020153904 0.6325526961 0 0 0.7354277434 0.6493211953 0.6442726454 0.6519540696 0.652164648 0 0.5079556914 0.5132615282 0.5047496521 0.5058076449 0.5069808843 0.805404085 0.8040751335 0.6971739848 0.6327667818 0.8813594438 0.8857541745 0.8833736469 0.8967105029 0.899088421 0 0 0 0 0 0 0 0 0 0 0 0 0 0 0 0 0 0 0 0 0 0 0 0 0 0 0 0
0.5135941433 0.5137901425 0.8623556197 0.613118369 0.6046550731 0.5396568915 0.546009886 0.5416461833 0.5731214181 0.5758178712 0.5888443649 0.682986582 0.7454475922 0.7501775614 0.7461815405 0.5519219927 0.5471366939 0.5542764769 0.5575105336 0.7661830225 0.8702665505 0.868494509 0.8672175948 0.8635399968 0.8734547392 0.7886092359 0.7209265433 0.568471482 0.6990084122 0.5199017106 0 0.7276921225 0.7350052266 0.7308959139 0.6447667534 0.6489934894 0.5119752375 0.8839149665 0.5098517955 0.5074931713 0.5094431071 0.5091076229 0.5108879679 0.5571480673 0.5621002286 0.5665527487 0.6359226308 0.6315637566 0.619704524 0.8991649396 0.8915602711 0.8998428873 0 0 0 0 0 0 0 0 0 0 0 0 0 0 0 0 0 0 0 0 0 0 0 0 0 0 0 0
0.5574247445 0.6777032672 0.5047527747 0.6048976477 0.8549718757 0.5987175157 0.5385579736 0.5392439439 0.5815162024 0.58100415 0.5890017858 0.5661180406 0.6151355085 0.5667979271 0.7506044018 0.5488828724 0.5540321561 0.5476369512 0.5587490449 0.789124611 0.7227029651 0.8725910727 0.8652089368 0.8670764354 0.8720318046 0.8740433418 0.8777546442 0.6961610816 0.7558875928 0.8353173241 0.8160039573 0.5139742742 0.8414017254 0.6109492867 0.5896317494 0.5419044762 0.8799636715 0.8882099108 0.5157470345 0.5136938524 0.8091866804 0.617463501 0.5660717357 0.5660700177 0.5571295677 0.5606389651 0.5665277367 0.584265504 0.579172177 0.5841742461 0.8923481651 0.8550014403 0 0 0 0 0 0 0 0 0 0 0 0 0 0 0 0 0 0 0 0 0 0 0 0 0 0 0 0
0.7863894921 0.8604816654 0.59918287 0.8995488321 0.7000968617 0.5405000686 0.5439005567 0.5461126359 0.657240318 0.5754391664 0.5774488166 0.5676616221 0.5581891985 0.8594373419 0.6964477414 0.8640467859 0.8569163642 0.5577303674 0.5724083962 0.5734515827 0.6183482656 0.5489364428 0.8765648488 0.6414026799 0.8695191806 0.8988984418 0.7881683599 0.7883174139 0.6954566322 0.8149164174 0.6154935256 0.8187296049 0.5812479853 0.696708975 0.5133631986 0.7694816329 0.8889440664 0.884805567 0.8916835638 0.6172802442 0.6169634881 0.6220991742 0.5241544818 0.5488867497 0.5636460898 0.5576484167 0.5593542225 0.584927251 0.5749915398 0.5797626473 0.6362064307 0.6270546348 0 0.6593963826 0 0 0 0 0 0 0 0 0 0 0 0 0 0 0 0 0 0 0 0 0 0 0 0 0 0
0.8657850479 0 0.5020941152 0.5675753794 0.6155561001 0.8632499656 0.6748307196 0.7080703587 0.7012651307 0.5772929435 0.5676517806 0.5543030307 0.5557263583 0.8552866612 0.8574445236 0.8484076633 0.8637252535 0.8700035109 0.8911725023 0.891731582 0.8842312333 0.5462422197 0.5446846454 0.8793065597 0.8768832813 0.7794579291 0.7940240295 0.7874494294 0.7879098176 0.6970935376 0.7449318754 0.52984845 0.5272760068 0.5371233621 0.689610442 0.8918877239 0.6800811224 0.7961153278 0.52562583 0.5245148682 0.6211863108 0.625276147 0.8857149188 0.8783116874 0.8749806718 0.8912243901 0.8746388382 0.8758426774 0.6269055907 0.6279147696 0.6190309916 0.7080678796 0.7924200313 0.5361443108 0 0 0 0 0 0 0 0 0 0 0 0 0 0 0 0 0 0 0 0 0 0 0 0 0 0
0 0 0 0.5632136298 0.8674383933 0.6144749922 0.6170176113 0.5183670502 0.7006806692 0.5714558128 0.5755053995 0.5714065754 0.5641036159 0.8488136266 0.8482515892 0.8512524757 0.8539932554 0.691347606 0.6991550192 0.8817644768 0.8870827285 0.547578376 0.5498705335 0.5471790724 0.6903393244 0.8020381138 0.7883422832 0.7951577634 0.7956491646 0.5874131496 0.5318982512 0.5247103144 0.5277079556 0.6968857942 0.6956034817 0.7603191841 0.5971439666 0.5341298016 0.5158576327 0.5155249392 0.5141835059 0.8909525837 0.810085175 0.8325562304 0.8743044509 0.8717683091 0.8674089744 0.8709294421 0.6271769586 0.6189818833 0.61827601 0.6226382809 0.5669063659 0.5319688419 0 0 0 0 0 0 0 0 0 0 0 0 0 0 0 0 0 0 0 0 0 0 0 0 0 0
0 0 0 0 0.7683663067 0.5549616813 0.7790294234 0.6551258521 0.6526134359 0.672074775 0.7607583111 0.761421683 0.8571433314 0.8532272655 0.8492342257 0.8547608164 0.6951400153 0.6910009445 0.8108893109 0.8803539072 0.8876207952 0.8896102612 0.7621662279 0.6320470594 0.6320131964 0.6175142556 0.6208772369 0.6150955103 0.6168525873 0.6254034325 0.5333637098 0.532415249 0.5286972746 0.7094698114 0.7025358763 0.6959390504 0.5537469276 0.5613816387 0.5197251239 0.5116028422 0.5116522126 0.8787269178 0.8731062838 0.8717475556 0.8665824138 0.864791137 0.8709959639 0.8732822351 0.8805311155 0.8697146434 0.6128645108 0.8701594103 0.8783348702 0.6543193731 0 0 0 0 0 0 0 0 0 0 0 0 0 0 0 0 0 0 0 0 0 0 0 0 0 0
0 0 0 0 0.5578501924 0.5545365782 0.5773589998 0.6610222731 0.6577565898 0.7594462609 0.7546061948 0.7612918448 0.8452469236 0.8581667091 0.8588383974 0.8511886387 0.5695053039 0.8928718926 0.8809849964 0.8840942502 0.8820503103 0.7642688492 0.7725171782 0.6348281072 0.6296349028 0.6212529824 0.6125924014 0.6134240769 0.6244012128 0.6860018441 0.5329186757 0.5327944988 0.5374601301 0.7469544045 0.6928428682 0.6768926519 0.6811900412 0.6836255435 0.5150964 0.514285928 0.5192522569 0.8856534867 0.8776375984 0.8701284405 0.8665841442 0.8641536017 0.8686787735 0.872144966 0.8741760491 0.8707116208 0.8632052455 0.8722488672 0.8720474938 0.8194021555 0 0 0 0 0 0 0 0 0 0 0 0 0 0 0 0 0 0 0 0 0 0 0 0 0 0
0 0 0 0 0 0.5599847964 0 0.6665947336 0.5369129086 0 0.7541023612 0.7441650265 0.7507693412 0.7433982228 0.7540323813 0.7927274783 0.6847298185 0.8417024952 0.8866708326 0.648887905 0.7721417898 0.763575179 0.7609785435 0.7652475313 0.6227782515 0.620162232 0.6216844207 0.6157958361 0.8508810374 0.8759350644 0.881530394 0.5334035734 0.5831701289 0.5887198567 0.6939964175 0.6850265784 0.6755534324 0.6769714258 0.6772000952 0.5265282269 0.5367055583 0.8823964597 0.8769723435 0.8763586518 0.8723736277 0.8687126897 0.8699037956 0 0 0 0 0 0 0 0 0 0 0 0 0 0 0 0 0 0 0 0 0 0 0 0 0 0 0 0 0 0 0 0 0
0 0 0 0 0 0 0.6440662128 0 0 0 0.7588666986 0.7491621086 0.742587481 0.7479446235 0.7557222666 0.6792153044 0.8927206633 0.8877745674 0.8936652464 0.7697560383 0.7632254119 0.761609276 0.7581241501 0.7764696935 0.621674738 0.6215263449 0.6241264221 0.616381863 0.6171923122 0.8810406137 0.639868376 0.5872548458 0.6134094693 0.5918899819 0.6862320025 0.6852125172 0.6824898002 0.7943440906 0.6785176688 0.5841598607 0.888128428 0 0 0.8845779831 0.8728833442 0.8782738692 0.5648205126 0 0.7784049013 0.6598125951 0.6579216444 0 0 0 0 0 0 0 0 0 0 0 0 0 0 0 0 0 0 0 0 0 0 0 0 0 0 0 0 0
