landscape/hab_quality/256/simulation_000054_p048_h070_HABMAT_patch_more_500pix_modified.asc_ac_0.5_quality.asc
NCOLS 513
NROWS 513
XLLCORNER 0
YLLCORNER 0
CELLSIZE 9.980507
NODATA_VALUE NaN
[rows 420 to 449 of 513, columns 68 to 135 of 513]
0.6450003676 0.6383528982 0.717316148 0.6148928451 0.6164747621 0.6188532475 0.6138355432 0.6193501039 0.6303968147 0.6374132203 0.643550665 0.7899918862 0.7948275446 0.79630257 0.7966142359 0.7868105778 0.7917057791 0.8008070309 0.8083515847 0.688677421 0.8603593867 0.8696956509 0.8682410662 0.881222885 0.883566376 0.5954525846 0.6033816642 0.6653593712 0.6554961777 0.6563119638 0.6505981164 0.6524561582 0.5344727436 0.8501154422 0.6262126751 0 0.8268995647 0.8340191209 0.7551678408 0 0.7495052083 0.7469011499 0.779906374 0.851221813 0.8660458238 0.863065142 0.6849422062 0.6805921146 0.6863030774 0.6958829727 0.8722221926 0.6131660881 0.5883349228 0.6740420534 0.7149755026 0.7963512098 0.8023299439 0.7391605125 0.7417455539 0.7332558715 0.7253975671 0.7353506684 0.9227923707 0.9219267124 0.9122588405 0.9046763969 0.9050794805 0.9063114278
0.6360888284 0.6410276505 0.6451404288 0.6181831222 0.6241846493 0.6264631564 0.6241827497 0.6271794153 0.6359901082 0.6380157584 0.6419456961 0.5995348129 0.5998746162 0.8117007256 0.79262232 0.7870987242 0.78848827 0.7971460103 0.8111159366 0.865515811 0.8613989401 0.8645553749 0.8706464453 0.6928315189 0.7261528826 0.7830904414 0.6647942167 0.6479071541 0.6479099378 0.6478326849 0 0.653925216 0.528594257 0.5306112352 0.5307770618 0.6075875893 0.8290247185 0.828200347 0.5167534979 0.9082018748 0.8995466498 0.7931696555 0.8852264184 0.7137160518 0.8969867908 0.8598818255 0.8620170427 0.680316797 0.6890805734 0 0.6797309225 0.8100978765 0.8115005462 0.8101751815 0.8004039555 0.785296739 0.8013195278 0.751170071 0.7418211742 0.7263536192 0.7288141441 0.7298980285 0.9250872613 0.9218819277 0.9120160948 0.9007797462 0.8999755457 0.9012222177
0.6310637459 0.6402157791 0.6405107779 0.6432653086 0.8460071744 0.6265679321 0.6301746217 0.6302146056 0.5627617004 0.5616064606 0.5956822448 0.6034799971 0.601084962 0.9129172032 0.7935114338 0.7931377256 0.7891250726 0.796158703 0.8318441028 0.83647357 0.8696148823 0.8677882394 0.8731929019 0.7407228373 0.7425598882 0.7447050594 0.6612789566 0.6564244231 0.646960005 0.6559594541 0.6493560044 0.6573224977 0.5333379695 0.6919109099 0.8456083084 0 0.8292898538 0.808277856 0.5146450976 0 0.9021530249 0.8266508239 0.7964954484 0.751299837 0.8971398485 0.8645687091 0.859875546 0.8695493677 0.6831875936 0.7874914997 0.7509424047 0.8050508577 0.8049903038 0.8104026554 0.6243066786 0.6315050784 0.5025023556 0.7506008068 0.7504186021 0.7434891776 0.7398508876 0.731487608 0.8131346968 0.9142114895 0.9159468603 0.9065675525 0.9072376776 0.9035214047
0.634355312 0.6373063681 0.650636387 0.7289603101 0.7328821763 0.8550899027 0.6384592459 0.56876445 0.5599178817 0.5633886886 0.5517159182 0.6055680389 0.5318339362 0.9046585318 0.9026014824 0.8956496501 0.8974700799 0.8953994431 0.9025495563 0.9069705698 0.8776548707 0.5136827194 0.869373649 0.7412469149 0.7380732618 0.7398443542 0.6599462197 0.6528697039 0.652224586 0.6525659235 0.6547001581 0.6573986199 0.6109812292 0.7670152975 0.5509238648 0.6775117426 0.5904614927 0.5907056452 0.693608362 0.7067582135 0 0.8720641907 0.8719794951 0.8716628995 0.8565049389 0.8680830614 0.868764518 0.6473502149 0.7221337769 0.732028646 0 0.808022677 0.8073825381 0.8066698478 0.623327712 0.5008904271 0.7975329351 0.75733515 0.8615304191 0.7479754276 0.743550706 0.7480593723 0.9229479878 0.9208206913 0.9088006982 0.9087667191 0.9144417492 0.9149774869
0.6294109075 0.6420656767 0.644277394 0.7492225124 0.7529236528 0.8500500851 0.8144639015 0.5321355329 0.7651253443 0.7665038837 0.8707242645 0.6963836626 0.6602378229 0.8927539748 0.8978601004 0.894675788 0.8890493258 0.8934972039 0.8989558028 0.8959887651 0.9030616514 0.673332212 0.6068135924 0.7406531654 0.7414231485 0.8897455225 0.6602733613 0.652837034 0.6551662414 0.6542934121 0.6659992942 0.6080506243 0.6030547411 0.6048703937 0.5673084966 0.5874778619 0.5850658835 0.5858490251 0.6421452538 0.8494575564 0.8333717268 0.8690014842 0.8681077866 0.8684007256 0.654559299 0.6524175321 0.9022349309 0.8956821918 0.899008031 0.548073804 0.7018590175 0.6949361601 0.7020102708 0.7984041384 0.7980128053 0.612905676 0.7883113417 0.7900316522 0.7504314776 0.7486352349 0.7572025557 0.7537851875 0.7542896801 0.9269782532 0.6929605632 0.7703796492 0.9212320768 0.6826449792
0.6367316671 0.6381253633 0.7439690847 0.7442703378 0.7459279329 0.6209783573 0.6133262937 0.607326711 0.7706529975 0.7632976777 0.7719189509 0.6205397348 0.6196335663 0.8987966534 0.8924604538 0.888236335 0.8957816597 0.8903295534 0.8951214372 0.8959523205 0.8975273309 0.9124171158 0.8530202394 0.8938720579 0.5739907394 0.6588492544 0.6602511644 0.6540157779 0.6602048272 0.6623759923 0.6662629207 0.678039846 0.6828086697 0.5405447873 0.5331184289 0.5883244335 0.5814566884 0.5857862964 0.5908214927 0.5070298771 0.6411738274 0.8495543439 0.8770965748 0.8758866251 0.6495124165 0.656284767 0.901713987 0.8977322486 0.8441089744 0.8448338992 0.7021823671 0.6938270402 0 0.7926206106 0.5826156517 0.7857165482 0.7867801171 0.7934360504 0.793891463 0.5984252167 0.7928037244 0.5548272522 0.8238490595 0.5487456787 0.6929047405 0.6113385688 0.6877112042 0.6887158798
0.595608274 0.7432403217 0.7346696175 0.7432879635 0.7731404072 0.7738853566 0.7736467337 0.6060429642 0.6117334475 0.7247257177 0.6105934065 0.5377523692 0.6183213127 0.6129184484 0.8962033272 0.8976577691 0.8929559582 0.900148021 0.9033537622 0.9022089314 0.9058364923 0.8492346823 0.8531508864 0.6388314905 0.8236627343 0.6611571913 0.6610694793 0.6610357648 0.6631100403 0.6637896892 0.6716312804 0.6736820292 0.8495614784 0.8124490433 0.5451639569 0.5603707761 0.5993984969 0.5865129536 0.5866406832 0.6335687944 0.6326445771 0.632404427 0.6399799665 0.8084412756 0.6403263891 0.6423888667 0.6453173432 0.8303915638 0.6239812817 0.6104456412 0.6975069546 0.6974450175 0.7034882951 0.7880170962 0.7837546705 0.7782685243 0.7802325967 0.7843327824 0.7851425518 0.7880616487 0.7916020824 0.5540191699 0.5477221672 0.5482619147 0.637790895 0.5869165012 0.5889925984 0.6854450359
0.7256697294 0.7390000647 0.740324133 0.7370614804 0.7803186765 0.7713225252 0.7805672746 0.6102928253 0.6069055466 0.6058612555 0.6969775645 0.5289570174 0.9113538279 0.9061608277 0.8990771655 0.9013168638 0.9011113173 0.9115570625 0.9122424997 0.912233278 0.6076463285 0.63383119 0.8104693812 0.5192370251 0.6924256224 0.6540297362 0.6635360302 0.6649208199 0.6691759197 0.6682809836 0.6657959479 0.6670867387 0.8113838177 0.8075992463 0.8096512865 0.8050309439 0.8003859706 0.5946122871 0.6361690168 0.6310400284 0.6236799617 0.6264083651 0.6219294988 0.6326376418 0.6347576911 0.6228991435 0.5187096451 0.8670575382 0.8655391128 0.8644731576 0.8731429449 0.7054140721 0.6975621916 0.792980416 0.7790746404 0.7785414594 0.7760679798 0.77964795 0.782128243 0.7867689707 0.7903682103 0.5532818748 0.5574674136 0.6139040121 0.5847897088 0.5827469544 0.5813999036 0.5808040063
0.7190529165 0.7245194043 0.805006287 0.6620563862 0.7778021529 0.8107392415 0.7729054783 0.6732693907 0.5971774846 0.6142786213 0.6145219221 0.5258167586 0.5245951692 0.9030683463 0.9080036453 0.904891416 0.9052749655 0.9150519576 0.7578678588 0.7445376569 0.7427626201 0.7453259018 0.7409357711 0.7632083771 0.7614584034 0.7763129202 0.7732447176 0.7786125644 0.6741576181 0.6688897339 0.6682407919 0.6711966483 0.8093928972 0.8039624125 0.8001138441 0.8002007072 0.8071179334 0.6875682201 0.6272447032 0.6314909024 0.6185821501 0.6179357803 0.6254079862 0.6352755018 0.5713357565 0.6436317485 0.8631726038 0.8623144752 0.8576811351 0.8608867184 0.8471877391 0.711107287 0.6447496569 0.7393286933 0.7776794334 0.7709420783 0.7739928776 0.7841773746 0.550862479 0.7880046148 0.8674485987 0.8047942315 0.8036980745 0.8043317764 0.574209663 0.5748495733 0.5738562444 0.576664257
0.7187340871 0.7267457066 0.8813308372 0.5185375722 0.5712486635 0.5207765606 0.6681622956 0.7027650119 0.6111712468 0.611253296 0.6229225019 0.5306087696 0.5190521972 0.5182563336 0.9161816388 0.9112634281 0.9123236756 0.9183958327 0.7489006687 0.7497783087 0.7427941745 0.7361780639 0.7410069689 0.7584788868 0.7661873696 0.774671683 0.7717003944 0.7727734191 0.7361311543 0.5128318962 0.6721978557 0.6717836131 0.8090883156 0.8826532966 0.7959857411 0.7978622711 0 0.8886422549 0.7478190125 0.6220520824 0.6198111627 0.6203896151 0.6237322855 0.6436633701 0.6413723657 0.8615049241 0.8655837706 0.8560442468 0.8597050424 0.8601051269 0.8567284261 0.8631292471 0.5445194775 0.5467598685 0.7873979807 0.7809032662 0.7771850369 0.7835568361 0.6261968894 0.8595009585 0.8666159859 0.803442893 0.7997256289 0.8009274767 0.5739308469 0.5663583933 0.5762021111 0.5762020315
0.6012345551 0.6004744789 0.5198098795 0.8074498481 0.5148153709 0.5240083063 0.6562609706 0.6258778515 0.6050209511 0.5361516796 0.5383470829 0.5254401872 0.524365166 0.916242249 0.9230177118 0.9252437474 0.9136613575 0.916637822 0.7481821385 0.744807843 0.745012298 0.7431781677 0.7427229079 0.7634817279 0.7656645469 0.7710148643 0.506404527 0.7828345565 0.729896973 0.7340934838 0.5626165196 0.8135042711 0.8107323321 0.8033138951 0.8008644239 0.7981997723 0.74674559 0.7412023408 0.7496878665 0.622903494 0.6237816217 0.6440026481 0.6356371324 0.6396989459 0.6391458487 0.644370618 0.8592413412 0.8572161519 0.8656482519 0.8488075603 0.8538107294 0.8625699164 0.8667994978 0.839103399 0.8307275729 0.7863031899 0.8517492301 0.6191623463 0.6179698559 0.6271173632 0.8662439263 0.8016856375 0.8088175778 0.8030027252 0.5699735113 0.5738647645 0.566341577 0.5744218907
0.6117560287 0.8977780206 0.5712680688 0.5190503727 0.5217738039 0.5222637243 0.5261802416 0.6130010258 0.6032058365 0.6025873143 0.5329237537 0.5283545523 0.525997948 0.5318223819 0.7719355821 0.513594866 0.774102028 0.6869917479 0.7492023793 0.753317639 0.7530362011 0.525548874 0.7721307669 0.7671038227 0.7670914186 0.7739517707 0.775328911 0.7832382311 0.7861745509 0.7953395657 0.7996503857 0.8006761865 0.7779652965 0.7814274558 0.8046800736 0.7475930885 0.7432825002 0.745504239 0.7492049678 0.631575635 0.6255606932 0.6406210752 0.6374916565 0.6315928511 0.6399356194 0.6490924007 0.840438473 0.8457929646 0.8485121401 0.8447886772 0.8524903287 0.879055828 0.7324937386 0.8845268863 0.8069787113 0.8403519766 0.7783050002 0.6226825332 0.6217308795 0.6239048675 0.5586173388 0.890548965 0.6202289675 0.6259994433 0.634951875 0.5689095627 0.5720799841 0.5684000673
0.6111925857 0.8777106503 0.7743848678 0.6637096556 0.5254650485 0.5274270229 0.5182615599 0.7769969757 0.780540604 0.540090857 0.5427672037 0.7665701451 0.7621461775 0.7680076116 0.7608016963 0.7649327637 0.770820183 0.6885743477 0.6969700242 0.5937077631 0.7544840078 0.762597526 0.767578611 0.7691761764 0.7686443951 0.7733571532 0.7753234432 0.7814835456 0.5185031197 0.6296086637 0.7924505095 0.5286484289 0.7833321315 0.7777785226 0.7549542901 0.7466663708 0.7452642864 0.7460820405 0.7315402098 0.7317979361 0.6140566661 0.627483798 0.6404755314 0.636683286 0.6410470051 0.5492821845 0.8459287032 0.8394911807 0.8403556966 0.8472496923 0.843469339 0.841642674 0.7170989258 0.705847568 0.7151047035 0.8978186077 0.626501076 0.6738976999 0.67484742 0.6777832917 0.6407921013 0.8818548928 0.8917852439 0.569864722 0.6980820495 0.5456511547 0.5774931199 0.5770047132
0.6331170106 0.6348442789 0.5137155231 0.7806765047 0.6156336983 0.8508893006 0.8714464917 0.7797528707 0.7735119304 0.7729826305 0.7648125459 0.7622031117 0.7595633355 0.761138559 0.7602720177 0.7583988784 0.7622078425 0.7905296155 0.7017233495 0.8181019364 0.8198859435 0.7264057238 0.8210268542 0.8099448015 0.7999860008 0.7935711333 0 0.5143197699 0.5149145796 0.528472401 0.5199024668 0.6566458163 0.5099121094 0.7833518846 0.7527943972 0.7484796464 0.7135041659 0.7246722554 0.7264811799 0.7323039826 0.5630430015 0.5632432858 0.6173116215 0.6094007842 0.5537628625 0.6384436118 0.8410126513 0.8396272226 0.8390464881 0.8358760999 0.8348332643 0.8420636101 0.8446102154 0.7148550774 0.607918927 0.6099894724 0.6085755197 0.6534740904 0.6734938 0.6757147998 0.6743639311 0.8075772268 0.8410970024 0.8011933448 0.6689962518 0.7756409114 0.508112837 0.8935530527
0.6380254802 0.7949752708 0.7938051476 0.7894253657 0.7794126935 0.6139931888 0.773060518 0.7823071033 0.7736591461 0.7706185427 0.7609705411 0.7604779284 0.7642565851 0.7547070499 0.7554918304 0.7567797221 0.7665963625 0.6573201117 0.7363800689 0.6575461588 0.8245276486 0.8289155902 0.6601899975 0.8033197656 0.7948636998 0.5270977217 0.7955397489 0.6692547911 0.6233515397 0.7331449515 0.8284212876 0.829966627 0.5589186088 0.7868342526 0.7553632555 0.7252339291 0.7241389736 0.7210003421 0.7282175755 0.8520856145 0.8268566128 0.5711538043 0.6357693219 0.6691521868 0.6037871197 0.6303536495 0.6299422187 0.841755896 0.8342798381 0.834517116 0.8393401682 0.84184078 0.8450690567 0.7416316474 0.6060068089 0.602085667 0.606667391 0.7785934174 0.6648781195 0.6719672751 0.6696920666 0.6731009679 0.6895148994 0.5746869166 0.6262097939 0.6221874243 0.5766089059 0
0.8029006487 0.5428586125 0.7889285705 0.7924682625 0.7900032384 0.7960462476 0.788256178 0.7883656417 0.7900505568 0.7685924574 0.7674982911 0.7675163921 0.7600681574 0.7556489488 0.760085125 0.7635151833 0.7639036407 0.6584141619 0.651582561 0.6425844724 0.5038095505 0.6841129833 0.8178258478 0.8180764537 0.7454455858 0.7370992293 0.7329496824 0.6136314717 0.6225196452 0.6178533591 0.6831231408 0.6523318332 0.6115332353 0.7388999102 0.7291951858 0.7235295614 0.7178951145 0.721393069 0.7297008894 0.7347743428 0.8590152997 0.8625775938 0.8624431089 0.8546673393 0.854363886 0.637857631 0.6350673802 0.8406185568 0.8344050866 0.8442273814 0.8399612405 0.8424624816 0.8483345906 0.7613443948 0.6052993587 0.6105942092 0.773164191 0.7812605899 0.6654746373 0.6646976627 0.6705427008 0.6805180949 0.6870894024 0.5738177104 0.5752475778 0.6173160209 0.680073396 0.6725932984
0.8028760432 0.7936622079 0.7846316651 0.7836795454 0.7896356075 0.7880256185 0.7953191577 0.7992240621 0.8830631402 0.8894688339 0.8844739633 0.7605429268 0.7632743903 0.7646569387 0.5940422459 0.709684885 0.7110246926 0.6605645219 0.6598119732 0.6598415743 0.5638400411 0.6797138028 0.5602679827 0.6078650888 0.7729741748 0.738977707 0.7292994866 0.7308619482 0.7347701039 0.795685102 0.7790026604 0.8308505885 0.8297438926 0.8328319927 0.7313274854 0.7247824018 0.7248671302 0.7255544256 0.7307156502 0.7150897019 0.6144918758 0.7680853988 0.8637320422 0.8584628292 0.853620003 0.8471758296 0.8518143973 0.6354085695 0.8210926991 0.8497359306 0.8487845423 0.8497103786 0.7532862254 0.7542158659 0.7672881935 0.7792929444 0.5839758632 0.8097911705 0.6701759758 0.6728246464 0.6709918297 0.6750819945 0.6886023905 0.8180383443 0.8481462945 0.8449625636 0.84555313 0.8433229022
0.7015172205 0.786852872 0.7869666437 0.7799926833 0.7797218156 0.7798745022 0.7910633787 0.8001251816 0.8894958623 0.8825519672 0.8830161574 0.8888876533 0.8974087536 0.5958618545 0.7101059086 0.7039557235 0.7080327708 0.7016391299 0.7564592536 0.5963158484 0.5938422757 0.5565321017 0.5576679404 0.7295264728 0.7307038533 0.732275505 0.7377174636 0.732453176 0 0.8527368479 0.8527520007 0.8285459218 0.8280367789 0.8342540508 0.8545406453 0.7295023426 0.7333499769 0.7295078423 0 0.7102617462 0.7603348808 0.7372850532 0.5925921717 0.8564154259 0.8532413344 0.8538481156 0.8538920082 0.8615446432 0.6145170192 0.8511627084 0 0.7562781059 0.7567342976 0.7547009816 0.6104976379 0.5922110013 0.5911116694 0.6232530382 0.6775491783 0.6782003971 0.5165768005 0.5152103076 0.5245296414 0.7195933538 0.8456444395 0.8408614686 0.8375084528 0
0.5864301699 0.7951532319 0.6530121079 0.7799169341 0.7798180435 0.7822595824 0.7826564458 0.7995856975 0.886814637 0.8890711232 0.8878341088 0.8900148445 0.7703789856 0.5313675845 0.7068739208 0.7036641672 0.7010066494 0.7050915687 0.7051118394 0.7106873625 0.5567288484 0.8312611648 0.5581326101 0.7218126034 0.723514042 0.717835809 0.7240340868 0 0.7407422565 0.8493787929 0.8435781901 0.7463363062 0.8355696697 0.8364713777 0.57219005 0.5712360805 0.5721376869 0.5690184027 0.5827852644 0 0.7127376199 0.7124070264 0.7144544737 0.712830182 0.7063516626 0.8620206098 0.7660142419 0.8161912842 0.8155536438 0.8733283292 0.7631067509 0.7608296623 0.5339831802 0.7654898725 0.8933394433 0.5952797988 0 0.6587240542 0.8849752171 0.6864231024 0.5152258078 0.5160643658 0.5185562755 0.8521857664 0.7379003417 0.8452982394 0.8379555212 0.8405717049
0.5503621067 0.7124309959 0.6593401642 0.6506113142 0.645708916 0.6511192295 0.7071921413 0.8959597896 0.8899548301 0.8967551091 0.8889575324 0.8945073905 0.7551992541 0.6851983034 0.7044865675 0.6972930257 0.7019852313 0.7045742704 0.7057284507 0.6846962722 0.5512524554 0.8002593941 0.7432786998 0.7206394234 0.7157099637 0.7204358675 0.7253679924 0.7320657936 0.5909625236 0.8531496908 0.8444482991 0.8369428681 0.8392271759 0.6167432159 0.6246063071 0.5731253847 0.5677233004 0.5736133779 0.5752258712 0.7123960368 0.7061298667 0.7137387073 0.7080756814 0.7096100369 0.782664949 0.8643085175 0.6333947507 0.636996388 0.6319254224 0.7771557378 0.7702174389 0.7624612974 0.8040786036 0.6983915976 0.6923974711 0 0.5477059004 0 0 0.6609498761 0.524435928 0.5416262428 0.619796832 0.6373655942 0.5880905982 0.5819390745 0 0
0.7043438671 0.7096362071 0.6507318201 0.6501233639 0.652337697 0.6548195382 0.6585162773 0.5910733316 0.8640815506 0.8335286294 0.5538936096 0.547915684 0.5539690811 0.5553869519 0.7030176 0.7060335376 0.7060953989 0.8272480558 0.7826948097 0.7098537535 0.8011535388 0.7417162027 0.734693858 0.7208794068 0.7246252063 0.7201334296 0.8476117462 0.7337233958 0 0 0 0.8384276342 0.629022597 0.6196620205 0.6159696467 0 0.5745432737 0.5776143721 0.5899746257 0.7086233612 0.7070618518 0.707924468 0.7086484964 0.7082453643 0.7115319632 0.6187115974 0.580627429 0.6280695581 0.5709463586 0.7703347395 0.7722763405 0.775054652 0.7617365365 0.55411871 0 0 0 0 0 0 0.6594853962 0.6525434786 0.64512674 0.6413122273 0.636303257 0.5792064739 0 0
0.7026582957 0.7157809965 0.6309808184 0.6335417747 0.639133801 0.6644422541 0.6582908716 0.5955825782 0.885789532 0.6525765137 0.5531053951 0.5509047239 0.5470842678 0.5500648805 0.5486356301 0.7063482822 0.710300192 0.7141590066 0.5233994702 0.5100208969 0.6650912623 0.7416724416 0.6489873096 0.7341896248 0.7301627988 0.7313717317 0.7357385201 0.7501576092 0 0 0 0.62918294 0.6290301049 0.6240470324 0.6242362689 0 0 0.5817855267 0.5845523858 0.7107104696 0.7157975512 0.7141025353 0.7083647233 0.7182113423 0.8233873467 0.6273714488 0.6184712257 0.6280027016 0.6295630822 0.7915073855 0.7805803239 0.7812450348 0 0.8538364872 0.6470464503 0 0 0 0 0 0.5597316909 0.6604826398 0.8379279383 0.6388129743 0.5812016175 0.5718692859 0.7864637442 0.8812702429
0.706819076 0.7167829196 0.6384543362 0.6302937496 0.6340108543 0.6424774954 0.5706562375 0.8501852977 0.8346579831 0.8355453573 0.5555487179 0.5457455366 0.543819255 0.545925796 0.5503671464 0.7098429316 0.7103030451 0.7335120462 0.5927091615 0.732467996 0.6653025466 0.6581581195 0.7355725997 0.6319179086 0.8304052411 0.7342590528 0.7406738442 0 0 0 0 0 0 0 0 0 0 0 0 0.5088580043 0.7149366851 0.7175006573 0.5194412093 0.5206216188 0.7960530528 0.6236023718 0.6206927196 0.6258335245 0.55949521 0.8258249857 0.8200560861 0 0.8583987424 0.8995987282 0.9003244596 0 0 0 0 0.6609937478 0.6592029518 0.6608208587 0.7562933677 0.5944707381 0.6330272158 0.6341273231 0.6271377127 0.6295095665
0.7102404948 0.7081140163 0.6374158869 0.729053435 0.6338867481 0.6480961043 0.5457811838 0.5400247126 0.5349789725 0.8305417869 0.5458010536 0.5487666853 0.5427610177 0.5450988966 0.5540664834 0.719390689 0.7226440397 0.7191114659 0.7289846577 0.5818934397 0.6639762682 0.663689162 0.6383358869 0.6342854075 0.6417108729 0.6805765608 0 0 0 0 0 0 0 0 0 0 0 0 0.5165966426 0.5114406017 0.5101319515 0.7174625805 0.5131312283 0.6294570668 0.6512533074 0.6473991102 0.6411319731 0.6417148118 0.6459859712 0.7030804256 0.7558526139 0.6273113029 0 0 0.8952981211 0 0 0 0 0.6560627211 0.6567811455 0.6609451243 0.5483225386 0.6395064864 0.6275009924 0.6247529413 0.6275797341 0.5486069785
0.7116503222 0.7158229961 0.7873431274 0.6528647573 0.6573192272 0.8097675496 0.54357081 0.5364039046 0.5335942605 0.5315922728 0.526137124 0.5266630112 0.5476210225 0.5526484277 0.7116487933 0.7144105927 0.7189680692 0.7191174887 0.7229799918 0.5000333098 0.8950365612 0.5747348633 0.5007963596 0.5741537934 0.5665901018 0.5791147433 0 0 0 0 0 0 0 0 0 0 0 0 0 0.644339667 0.88757762 0.5119736467 0.7225851185 0.5469698861 0.7199198246 0.6464783983 0.6389019296 0.6383413436 0.7019854796 0 0 0.5427057354 0 0.900904805 0.9033683676 0 0 0 0 0.6654505125 0.6639278724 0 0.8966787762 0 0.6231718997 0.6199230241 0.6210471366 0.8393695751
0.6520294458 0.5973381552 0.6619620647 0.8506567677 0.6618801474 0.6960517857 0.6895591141 0.5434093658 0.5327150539 0.5241518926 0.5241606426 0.5181768392 0.5529797234 0.5499456976 0.7128033893 0.7096461723 0.7178854663 0.7181947871 0.7208165864 0.8876598999 0.6141983007 0.5797922724 0.5710117396 0.5660008588 0.8817914942 0.6436934679 0.6418403129 0.6318651355 0 0 0 0 0 0 0 0 0 0 0.7240975636 0 0.7107144343 0.7088042784 0 0.7165046353 0.6024393095 0.6391116565 0.7641103606 0.7574884849 0 0 0.7598389694 0 0 0.8160729294 0.80770107 0.5386460136 0.8128461176 0 0 0 0.5191600023 0 0.895879749 0 0.6248008352 0.6288431707 0 0.6750233479
0.84641557 0.8410307035 0.7729035437 0.8577721365 0.8899562901 0.509406213 0.8844055527 0.6840221153 0.8737318711 0.5253031396 0.5160749053 0 0.5208743457 0.6115483 0.6096847366 0.6111164596 0.716576015 0.6071482921 0 0.8968879083 0 0 0.5645109116 0.5638719924 0.6452125002 0.6410172989 0 0 0 0 0 0 0 0 0 0 0 0 0 0 0.6147270766 0 0.7199723535 0.7169209915 0.722356809 0.7966504609 0 0.7588328654 0.7565678299 0.7566154292 0.7532773423 0.7552262523 0.761790477 0.8122291261 0.8071441294 0.81223572 0.8252526272 0.814082586 0 0 0.788764399 0 0 0.8987584562 0.635820417 0.6297622606 0 0
0 0.7929227809 0.7543158516 0.8868594419 0 0.8830135995 0.8901911945 0.874757067 0.8663904609 0.8655867921 0 0.5190990125 0.621784721 0.6097750207 0.6063180524 0.609458078 0.6021139926 0.6047295688 0.6162952113 0 0 0.5678718514 0.565939356 0.5640260643 0.6425269909 0 0.648561009 0 0 0 0 0 0 0 0 0 0 0 0.820449869 0 0.6061048396 0.6103168647 0.679521482 0.5241224519 0 0 0.7647198511 0.7584876459 0 0.7481926508 0.7483964594 0.7522198974 0.7546338696 0.81315075 0 0.8169873222 0.8216646039 0.8304699124 0 0.790013751 0 0.7987181567 0 0 0 0 0 0.6368969023
0 0 0 0.892728939 0.8864375807 0.8822655773 0.887655578 0.8819764465 0.8750117325 0.8677211158 0.8737236683 0.7421974122 0.6215570397 0.6125519437 0.6039884467 0.6041361447 0.6079431962 0.6031783259 0.6717153611 0.6699801142 0 0.5188560879 0.8135041323 0 0 0 0 0 0 0 0 0 0 0 0 0 0 0 0 0.6093547124 0.6109882419 0.6137328341 0.6168918788 0.588344776 0.5868013274 0.883002101 0 0.7602004805 0.7514793943 0.7542821772 0.7462392755 0.7499714577 0.7598001355 0.7607274157 0.8215466346 0.8203817896 0.8222103516 0.8275354459 0.7979349462 0.7941072534 0 0 0 0 0 0 0 0
0 0 0 0.8924380146 0.8827396164 0.8858278003 0.8885467031 0.8842023138 0.8758828815 0.8734124772 0.8690408552 0.558666386 0.6171537918 0.6122658823 0.6080039002 0.6048366546 0.6055105062 0.6153565108 0.8198198159 0.7377831569 0.8442098821 0.5634934554 0 0 0 0 0 0 0 0 0 0 0 0 0 0 0 0 0 0.6138293508 0 0.6165752937 0.6162489621 0.580967653 0.7173460937 0 0 0 0.7468517902 0.7461397889 0.7508885909 0.7546103186 0.7515105832 0.7645157549 0.8227672723 0.8272171398 0.8302111187 0.8313388075 0.5332980914 0.5407359609 0 0 0 0 0 0 0.5690756134 0
