landscape/hab_quality/256/simulation_000066_p058_h060_HABMAT_patch_more_500pix_modified.asc_ac_0.5_quality.asc
NCOLS 513
NROWS 513
XLLCORNER 0
YLLCORNER 0
CELLSIZE 9.980507
NODATA_VALUE NaN
[rows 370 to 406 of 513, columns 170 to 254 of 513]
0 0 0 0 0 0 0 0 0 0 0 0 0 0 0 0 0 0 0 0 0 0 0 0 0 0.7021061281 0.5726369447 0.665753795 0 0 0 0.6859154718 0.8224195406 0.8687492221 0.8954669805 0.8928453923 0.5166118404 0.6331604251 0.6248959569 0.8348297375 0.7448172544 0.7410247108 0.7388626592 0.7360329788 0.5401742268 0.5425289576 0.749948778 0.7920013196 0.7852202406 0.7908976147 0.8984862042 0.8956451755 0.896230517 0.8905497265 0.8967015829 0 0 0 0 0 0 0 0 0 0 0 0 0 0 0 0 0 0 0 0 0 0 0 0 0 0 0 0 0 0
0 0 0 0 0 0 0 0 0 0 0 0 0 0 0 0 0 0 0 0 0 0 0 0.8013352309 0.8001565559 0.7999415817 0.702455603 0.6785462521 0.5215089019 0 0.8282515238 0.8234545553 0.8869262349 0.8847119495 0.8856081979 0.8868789082 0.8772683106 0.8779161839 0.835798449 0.6261722087 0.8772696889 0.7427169582 0.7385242525 0.7322210051 0.562597089 0.5329274208 0 0.8407872623 0.7946887441 0.7877866684 0.7848887218 0.7814901674 0.7859859751 0 0 0 0 0 0 0 0 0 0 0 0 0 0 0 0 0 0 0 0 0 0 0 0 0 0 0 0 0 0 0 0
0 0 0 0 0 0 0 0 0 0 0 0 0 0 0 0 0 0 0 0 0 0 0.6394033787 0 0.7918973131 0 0.7802698441 0 0.5274064842 0.5302854169 0.8236639707 0.7380621977 0.8834864265 0.8820714098 0.888248905 0.8826808201 0.8769829149 0.8368957379 0.8368065545 0.9031072557 0.9041458609 0.8564255762 0.7410691401 0.5554419327 0.5571005987 0.5675906738 0.5320502817 0.5376731088 0.695038444 0.7892141476 0.7795259113 0.7779555709 0.7787200183 0 0 0 0 0 0 0 0 0 0 0 0 0 0 0 0 0 0 0 0 0 0 0 0 0 0 0 0 0 0 0 0
0.6028052775 0 0 0 0 0 0 0 0 0 0 0 0 0 0 0 0 0 0 0 0 0 0 0 0.6974315025 0 0 0 0 0.5314968335 0.7668911311 0.8949496379 0.8905511678 0.8786450961 0.8855311402 0.8760358097 0.8768214785 0.8932892632 0.8947122086 0.9045336172 0.9050960622 0.7438449473 0.7509335865 0.7454861909 0.5756600858 0.8223431922 0.8006459797 0.7303318041 0.7822625869 0.6949456355 0.7846032009 0.7874931453 0.7824836671 0 0 0 0 0 0 0 0 0 0 0 0 0 0 0 0 0 0 0 0 0 0 0 0 0 0 0 0 0 0 0 0
0.5785550195 0 0 0 0 0 0 0 0 0 0 0 0 0 0 0 0 0 0 0 0 0 0 0 0 0 0 0.724692261 0 0.8349265256 0.8319503376 0.8956456832 0.8997737215 0.8817980202 0.8763712371 0.8792393169 0.8949795547 0.8909822972 0.899298003 0.9026646252 0.7393972072 0.905059774 0.754657194 0.7485046205 0.7477271548 0.8090598195 0.7505530229 0.7407538624 0.7041999424 0.7911752136 0.7936451491 0.5438156667 0.5048219511 0 0 0 0 0 0 0 0 0 0 0 0 0 0 0 0 0 0 0 0 0 0 0 0 0 0 0 0 0 0 0 0
0 0 0 0 0 0 0 0 0 0 0 0 0 0 0 0 0 0 0 0 0 0 0 0 0 0 0.8166790387 0.6247949955 0.8597205639 0.8507584646 0.8299259652 0.8250446103 0.6649008562 0.8843818627 0.6784982084 0.6798340916 0.7459555855 0.5618330462 0.8994995316 0.7375597004 0.7379607458 0.9004628913 0.7509807219 0.749906706 0.7551867558 0.7517575392 0.7581782605 0.7535738964 0.7493876569 0.7117093237 0.5511311031 0.549891709 0.5537024285 0.783756491 0.5675888148 0 0 0 0 0 0 0 0 0 0 0 0 0 0 0 0 0 0 0 0 0 0 0 0 0 0 0 0 0 0
0 0 0 0 0 0 0 0 0 0 0 0 0 0 0 0 0 0 0 0 0 0.8530626048 0.8480886848 0 0.6561200322 0.6613786358 0 0.605028151 0.8499238489 0.8291724028 0.8239148633 0.6004347295 0.6624325244 0.6578821089 0.6710166682 0.670718388 0.6792557333 0.6151328629 0.5655050905 0.7360490312 0.7449393048 0.8840025654 0.8929924878 0 0.893880171 0.7565008422 0 0.6328521493 0.6844046049 0.7553365116 0.5843947244 0.7937869526 0.613122493 0.6173076422 0.5611250115 0 0 0 0 0 0 0 0 0 0 0 0 0 0 0 0 0 0 0 0 0 0 0 0 0 0 0 0 0 0
0.603198108 0 0 0.7911700888 0.8197439519 0.6638540943 0 0 0 0 0 0 0 0 0 0 0 0 0 0 0 0.8489841505 0.6920227043 0 0.6539997959 0.6527435535 0.6327094336 0.8200583375 0.6228860448 0.5304477029 0.5289142393 0.8273959229 0.6570444857 0.6564659579 0.6771711807 0.6696204327 0.8276111646 0.731692111 0.7292767927 0.7367727375 0.6984447164 0.883023224 0.8802424616 0.8849441934 0 0 0 0.7710804909 0.5428823871 0.5475910458 0.5747565639 0.5769927391 0.8742726086 0.7351150268 0.7920624154 0.5549175818 0.5624747115 0.5554468648 0.8418867905 0 0.8371694883 0 0 0 0 0 0 0 0 0 0 0 0 0 0 0 0 0 0 0 0 0 0 0 0
0 0.6049738491 0 0 0.8199722405 0.8174519835 0.6672762295 0.6659644947 0 0 0 0 0 0 0 0 0 0.5859673803 0 0.839839165 0 0 0.5134843377 0 0.6609388778 0.5213745418 0.6555038384 0.5212135061 0.5242662974 0.5211084474 0.5304379224 0.6526470552 0.6473357124 0.6430889423 0.6755657955 0.6707974258 0.6690787244 0.7293646365 0.7279472177 0.7376749759 0.7385781425 0.9021286233 0 0.8812637826 0 0 0 0.571614048 0.5681280798 0.5676089626 0.5735261763 0.8317837521 0.530236372 0.7313262837 0 0.7913160443 0.5640195563 0.8010936417 0.5627739955 0.8376221891 0 0 0 0 0 0 0 0 0 0 0 0 0 0 0 0 0 0 0 0 0 0 0 0 0
0.6066989817 0.6112076973 0.6197443144 0.7926443276 0.824882039 0.7968662536 0 0.8478329737 0.6711663874 0 0 0 0 0 0 0 0.5820275255 0 0.652471111 0.6572607401 0.5574997839 0.8131037036 0.775278814 0 0.8656222935 0.6472053579 0.5209765901 0.5131364167 0.5186586856 0.5200971922 0.5303233427 0.6502971323 0.6428795497 0.6411352681 0.7677905383 0.6498821862 0.6714271551 0.6805168505 0.7343042725 0.7378425806 0.8989040162 0.9085929669 0.7555168567 0.8283429428 0 0 0 0.5833851832 0.567165742 0.5710843556 0.5730289047 0.8293264654 0.5021058682 0.6474903131 0.6171623481 0.5560331425 0.8013247438 0.792050006 0 0 0.5942065414 0.5303284888 0.8329007288 0 0 0 0 0 0 0 0 0 0 0 0 0 0 0 0 0 0 0 0 0 0
0.6123811799 0.6100613437 0 0.6153786513 0.8772516842 0 0 0.8801423183 0.8874448974 0.7308097312 0.7368182717 0 0 0 0 0 0 0.5317216296 0 0.5296900085 0.7153066228 0 0.8618641555 0.7845207751 0.7860450162 0 0.5180001573 0.5115189796 0.5186828085 0.5280924694 0.5321153429 0 0.6497453313 0.6485671055 0.6401435038 0.7617140946 0.7486371158 0.7396820238 0.7414338212 0.7343802008 0.7242825523 0 0.8299583051 0.8233061504 0.8381397342 0 0 0 0 0.5736748774 0.5774278769 0.5258020524 0.6025559983 0.6145648478 0.6138584696 0 0.7989756155 0.7929203849 0.7934513105 0.7246062018 0 0.5228368954 0.5219837632 0 0 0 0 0 0 0 0 0 0 0 0 0 0 0 0 0 0 0 0 0 0
0 0.8493439107 0 0.599494608 0.6092429189 0.8755639228 0.8760496827 0.7776010034 0.5504012922 0.8950850724 0.7282737365 0 0 0 0 0 0.6693714718 0.7600502494 0.5241042099 0.7618083421 0 0 0 0 0.5479415544 0 0 0.5206790994 0 0 0 0.658670068 0.6532427303 0.6494951101 0.6495052131 0.6462233662 0.7549545576 0.7454000875 0.7415070512 0.751240983 0.6260818183 0 0.8263298581 0.8254616802 0.8278184603 0.8253254038 0 0.859326599 0.7769400161 0.8022961294 0.5050185227 0.7769341578 0.5742458406 0.6183747597 0.7493418084 0.8027392551 0.7938988284 0.5180394696 0.5910561231 0.7227930094 0 0 0.5250037027 0 0 0 0 0 0 0 0 0 0 0 0 0 0 0 0 0 0 0 0 0 0
0 0.607679883 0 0 0.5544918178 0.5884012881 0.8242232391 0.5065448301 0 0 0 0 0 0 0 0 0 0 0.7543206088 0.7638451125 0.766838398 0.7671054959 0 0 0 0.5640646333 0 0.5261518004 0 0 0 0.635069031 0.6354175312 0.6468260214 0.6221433217 0.5377011098 0.7544838509 0.7539206653 0.7540719262 0.8754674581 0.8829161591 0.8829866908 0.8829442133 0.8206067186 0.8259608615 0.8273846113 0.8270392545 0.8564304654 0.8505817332 0.7722990933 0.7701507945 0.7776231329 0.6250953571 0.6204765118 0.8972748635 0.765965096 0.6558183198 0.6651937729 0.7321555222 0.9015636299 0 0.8034876731 0.642247461 0.6374144107 0 0 0 0 0 0 0 0 0 0 0 0 0 0 0 0 0 0 0 0 0
0.5421015022 0 0 0 0 0 0.829308084 0.8195346288 0 0 0 0 0 0 0 0 0 0 0 0.8675679162 0.7618755907 0.7647400578 0 0 0 0.5624536925 0 0.5392099217 0.539028041 0 0.5367524795 0.5392072259 0.7571389635 0.7848593861 0.8981625183 0.5412333551 0.8685953002 0.8722277691 0.8724814033 0.8810623794 0.8858531245 0.8778609755 0.8757437399 0.8432121942 0.8348267712 0.8294397108 0.8457231159 0.8336135021 0.8457660885 0.7735921692 0.5319924649 0.776821116 0.7457436174 0.5802717172 0.8851114697 0.8763618985 0 0.6527040883 0.8944878157 0.9040073111 0.9079318958 0.6322504837 0.5285837399 0 0 0 0 0 0 0 0 0 0 0 0 0 0 0 0 0 0 0 0 0 0
0 0 0 0 0.630389719 0 0 0.826474957 0.8246850333 0 0 0 0 0 0 0 0 0 0 0 0.7664066714 0 0.7720808198 0 0 0 0.560456155 0 0.5294849322 0 0 0.6113766972 0.8014251647 0.7300232062 0.8190325368 0.8160879455 0.8652918749 0.8637070622 0.8735733747 0.8817957812 0.6578970154 0.803170914 0.8009694077 0.8440926538 0.836451489 0.8370054895 0.8595665527 0.8534482164 0.8399543133 0.536895857 0.8392529289 0.5372513999 0.6317881859 0.6275374434 0.6348095743 0.6338003752 0.6601791714 0.6594241437 0.6583243215 0.9002278565 0.9113389402 0.6255332869 0 0 0 0 0 0 0 0 0 0 0 0 0 0 0 0 0 0 0 0 0 0 0
0 0 0.8534217735 0.8528419622 0.8928486737 0.6321460997 0.529210778 0.8182254557 0 0 0 0 0 0 0 0 0 0 0 0 0 0.7389196364 0 0.6073390778 0.6884865069 0 0.5646435427 0 0.5352711021 0 0.617748787 0.6196098316 0.7521021613 0.8814917672 0.8172469787 0.8143795145 0.8714864778 0.8707900711 0.8661312234 0.8802906771 0.8048816437 0.8058971698 0.80540865 0.8321549682 0.8375224518 0.8459121786 0.8413006949 0.8463632071 0 0.640931394 0.7879574306 0.8833462087 0.8801345341 0.8851695835 0.6262091725 0.6253759091 0.6950894068 0.8444493233 0 0.8339907312 0.8391517595 0.5142737348 0 0 0 0 0 0 0 0 0 0 0 0 0 0 0 0 0 0 0 0 0 0 0
0 0 0 0.8435356942 0.6014416189 0.8085690386 0.6362053098 0.8123084613 0.8107911438 0 0 0 0 0 0 0 0 0 0 0 0.6489661583 0.8504136517 0 0.8732932902 0 0 0.8636532205 0.5458065429 0 0.625616589 0 0.5952460286 0.5999401167 0.5947577412 0.6878251172 0.5556677852 0.8364631723 0.8444487886 0.8374820382 0.8073890101 0.8133071216 0.8103069823 0 0.5424807025 0.8415260092 0.8490212698 0.7012952456 0.714850764 0.8471861898 0.8868938322 0.8887712509 0.8798892975 0.8760553034 0.8789586692 0.5202056029 0.6182347558 0.6189504463 0.7493000141 0.7462709814 0.8339359176 0 0.6959297121 0 0 0 0 0 0 0 0 0 0 0 0 0 0 0 0 0 0 0 0 0 0 0
0 0 0 0.8433063269 0.819745577 0.7532551949 0.8168518773 0.5085496679 0.5047889677 0.5091694984 0 0 0 0 0 0 0 0 0 0 0.5200946014 0.5645554933 0.8689718184 0 0 0 0 0 0 0 0 0 0.5930176386 0.5936061639 0.5462466377 0.8424859719 0.8363930714 0.835873737 0.8362227865 0.8401145757 0.8341251781 0.7908919289 0.8404541471 0 0 0.5692314942 0.5730669265 0.5705117797 0.7161132788 0.8341584432 0.8340454981 0.8840257606 0 0.879070326 0 0 0 0 0.8138057976 0.7243564808 0 0 0.6870993915 0 0 0 0 0 0 0 0 0 0 0 0 0 0 0 0 0 0 0 0 0 0
0 0 0 0.8426417385 0 0.8045237072 0.5090819514 0.5041547833 0.5040141527 0 0 0 0 0 0 0 0 0 0 0 0.6482338209 0.561897281 0.5639730798 0 0 0 0 0 0 0 0 0 0 0.7793030085 0.8931569688 0.7065973106 0.8378357482 0.8366726697 0.8302738216 0.8330606112 0.841027876 0.7445688009 0.6736410898 0.6750553483 0 0 0.751627621 0.7712489028 0.8242081942 0.8246619279 0.8285004304 0 0.8393783806 0.5548429515 0.8891733753 0.6372989145 0.7763781666 0 0 0 0.5825778428 0.6735836675 0.6672065175 0.5783727536 0 0 0 0 0 0 0 0 0 0 0 0 0 0.7726995864 0 0 0 0 0 0 0
0 0 0 0.8429318737 0.6847128028 0.8792361958 0.8808485762 0.5007356243 0.5058992112 0.5041000117 0 0 0 0 0 0 0 0 0 0 0.570048483 0.7795266726 0.5638294894 0 0 0 0 0 0 0 0 0 0 0.7167878172 0 0.7076273539 0.7157787112 0.8319385752 0.6595856497 0.6000484967 0.5081575012 0.8412274997 0.6710225567 0.6661620069 0.6758468645 0.563945928 0 0.849072578 0.8251691745 0.8188263035 0.7975919361 0.8305659168 0.8253122488 0.7960485306 0.614987936 0.7812684215 0 0 0.7829999417 0 0 0.7963710324 0.7964341894 0.6270269006 0 0 0 0 0 0 0.8085273669 0 0.8107965759 0.5701831274 0.5737574023 0.7053265439 0.6957109937 0.5363455886 0.725250979 0.7917904696 0 0 0 0 0
0 0 0.838900464 0.8414481105 0.8705204926 0.8752001258 0.880473323 0 0.622252441 0.806280804 0 0 0 0 0 0 0 0 0.7519686913 0.7607674897 0.8279860229 0.8266674949 0.6703276366 0.8007971811 0.5392016658 0 0 0 0 0 0 0 0 0 0.8559962697 0.7194680219 0.6207201853 0.6304371981 0.6347213584 0.8100998133 0.8356500081 0.8391021675 0 0.6709493326 0.6855142087 0.8628596683 0.5866673849 0.7432117329 0.7092933766 0.5668017879 0.8229296077 0.82159693 0.8307270926 0.6079202603 0.6133216466 0.7577279292 0.753679905 0 0.6242442246 0 0 0 0.6399333698 0.806212707 0 0 0 0 0 0 0 0.6233462093 0 0.6003014516 0.575651966 0.6977844757 0.7008548312 0.6964564794 0.5995357905 0.6010107409 0.6066360435 0 0 0 0
0 0 0.8031226311 0.8537084374 0.8718827102 0.8707062951 0.8783440969 0 0 0 0.8002232815 0 0.8349157254 0 0 0 0 0 0 0.714900135 0.6417571257 0.8785305099 0.6081163283 0.6594924208 0.6283394267 0 0 0 0 0 0 0 0 0 0.8279246319 0.7625487021 0.6211726386 0.8083101193 0.8029160644 0.8430291427 0.8434011515 0.8388114191 0.6672597848 0.7816109029 0.7833912896 0.7817951059 0.7964219076 0.5333824033 0.7162093977 0.8230764995 0.8298672807 0.8279173035 0.8290998815 0.6046359411 0.6070748196 0.7503290243 0.7584748206 0.6215007309 0 0 0 0 0 0 0 0.7117495874 0 0 0.7198154272 0.5563920616 0.5639189755 0.5860631214 0.7068941566 0.66460345 0.6108767749 0.6078349305 0.6097081598 0.6026000787 0.5990321694 0.5973206128 0.601444734 0.7209227785 0 0 0
0 0.8453322877 0.8443655126 0.820429828 0.8733855281 0.8760587263 0.8746166034 0.8368589285 0.8050994776 0.7994804386 0.8030821578 0 0.8297479302 0.8698937592 0 0 0 0 0 0 0 0.7201842369 0.8286601677 0.8295690149 0 0 0 0 0 0 0 0 0 0 0.643328225 0.7665177131 0.7581399762 0.774479012 0.7699924787 0.8482956708 0.8513869869 0.8533875911 0.7018276101 0.7847908628 0.7805795542 0.778859748 0.5162114901 0.6650420891 0.7725355044 0.5843149371 0.701880977 0.6150057762 0.613790411 0.6103918417 0.6075687661 0.7529485701 0 0 0 0 0 0.5782446101 0.5800425919 0 0 0.8031861045 0 0.7242551207 0.7187961411 0 0.5619340207 0.7110178275 0.7139649694 0.6102109228 0.6075184583 0.605463515 0.6022383265 0.6055232406 0.6051387756 0.607289144 0.5993708943 0.7265785536 0.5684636783 0 0
0.8208804879 0 0 0 0.8664187328 0.8622220034 0.8710695362 0.8058515723 0.8404595857 0.6566718943 0.6505784543 0.8329063832 0.7196195226 0 0 0 0 0 0 0 0.7171695998 0 0 0 0 0 0 0 0 0 0 0 0 0.8108380267 0.8277789959 0.634857317 0.6431936425 0.7624215054 0.7649289566 0.7745582414 0.500992068 0.7047243181 0.7118237749 0.7789787989 0.7764732404 0.782051366 0.668724026 0.6693298877 0.8918993385 0.8057133656 0 0.6934018761 0.6213481973 0.6178942185 0.6110484532 0.8497825588 0 0 0 0 0.7839856847 0.5787304142 0.5815391386 0.58730641 0.59594878 0.826007493 0 0.7108936996 0.5349767818 0.6956412986 0.5647178126 0.9046138688 0.7134321989 0.6171464532 0.6415797118 0.6047536931 0.6087450199 0.6074123199 0.618323758 0.5493113151 0.5435079233 0.5524865941 0.7036241959 0.5497886928 0
0 0 0 0.8517365089 0.867187164 0.8684051916 0.8733283822 0.8098388762 0.8047574223 0.6102346064 0.6529349994 0.6490162401 0.8286861005 0 0.8356742981 0 0 0 0 0 0 0 0 0 0 0 0 0 0 0 0.6568450023 0 0 0 0.8101344831 0.5870212056 0.8328735639 0.7712764144 0.5921058094 0 0.5873829371 0.5917156797 0.585909177 0.5843521525 0.6962835863 0.7780530912 0.6678956076 0.6697749671 0.8688464731 0 0.6957159543 0 0.6150977826 0.9058609417 0.9050125344 0.8942482161 0.8550995506 0 0 0.6139049974 0.6114131451 0.8426337849 0.8477904182 0.5856596103 0.6765276004 0.8209657333 0.8193468264 0.5426257243 0.543048163 0.6119900082 0.8949956235 0 0.9041583432 0.7225919693 0.6431284508 0.7860830636 0.6105073477 0.6167352387 0.6222249549 0.5452331979 0.6062573924 0.5447568129 0.9014635031 0.7086273455 0
0.8109679023 0.8149643994 0.7424673916 0.5412414807 0.8997717529 0 0 0.7661624178 0 0.6022243516 0 0 0 0.5345948236 0.5370207465 0.759476936 0 0 0 0 0 0 0 0 0 0 0 0 0 0 0.6915394266 0.6604156842 0.8887565843 0.8024890163 0 0.5922236751 0.6011455397 0.8393295341 0.580848035 0 0 0.5831226453 0.7580079896 0.5819442678 0.5804511854 0.7048763562 0.8391440001 0.667277939 0.6702994995 0.6085155263 0 0 0 0.8991963383 0 0.8913891696 0.8555746584 0.8521343448 0.8525940682 0.6089100451 0.5982855958 0.6058647734 0.5971009685 0.839465706 0.812220265 0.8102835395 0 0.6547064299 0.6209219758 0.8997798592 0.8408428645 0 0.9004303694 0.7885067647 0.6980653334 0.7239268058 0.8819233475 0.6210808447 0.6204539725 0.8996569715 0.9084785324 0.9005873266 0.7732875779 0.745208264 0.7398823636
0 0.8120973885 0.8135084515 0 0 0.6750800247 0.5374609647 0 0.7567819786 0.6098295747 0 0.5158834637 0.5382514191 0.5381343348 0 0.5316245493 0 0 0 0 0 0 0 0 0 0 0 0 0 0.6819601856 0.6834095371 0 0 0 0.5949664163 0.811389327 0.8203944879 0.6008796357 0.8775257036 0.5769413341 0 0.5789080661 0.708896264 0.8477226436 0.5777608387 0 0 0.6740461965 0.6678179378 0.6703990798 0.8108911854 0.5088487109 0.8862670652 0.6544940267 0.8902384536 0.8925476453 0.8617451602 0.6037085207 0.8548435218 0.744803318 0.603427448 0.5969501891 0.6002184185 0.5987774464 0.8147324833 0.8114086181 0.8184694554 0.6634144386 0.6137175351 0.6147478399 0.8974689486 0.9006789926 0.907299486 0.789576005 0.8855162252 0.8820364826 0.8838337171 0.536896059 0.861178556 0.7416199523 0.8987523644 0.8992574954 0 0 0.8336549138
0.8085301245 0 0 0 0.5244365877 0 0 0.6113611005 0.6033560324 0.6573645869 0.6594698297 0.5480919043 0.536426169 0.532169697 0.525354031 0 0 0 0 0 0 0 0 0 0 0 0 0 0.687795013 0.6834712718 0.6019269027 0.6861365083 0 0.5717995505 0.7851664506 0.7937856768 0.7844392461 0.532400317 0.5795129889 0.5811236607 0.5712770792 0.7604487366 0.5874581371 0.5716479954 0 0 0 0.7573031493 0.7835676475 0.7519268865 0.6777036181 0.6193945534 0.8871929249 0.8803487436 0.8839811487 0.8929793759 0.8163833439 0.8619739035 0.855225801 0.6094548021 0.60164167 0.6067613224 0.5971792292 0.5998447806 0.8388926353 0.6607613949 0 0.7819435523 0.6185009733 0.6132998911 0.5715143547 0.571297022 0 0.5711050312 0.6229114195 0.6332286171 0.6315651829 0.7327642593 0.7394108218 0.7325616931 0.9050354322 0 0 0 0
0 0 0 0 0 0 0.5122715435 0.602349002 0.5125310747 0.6571776222 0.7710322658 0.7758403562 0.7669984856 0.5395194673 0 0.5303002907 0 0 0 0.6323063903 0.7814050956 0 0 0 0 0 0 0 0.5260424513 0.8723953515 0.6872467818 0.5180119442 0 0.5625029902 0.7773772029 0.7929303754 0.7909747532 0.8842377415 0.5812814511 0.5755378128 0.5795714313 0 0.9119913036 0 0 0 0 0 0.7498676133 0 0.7551471114 0.7578693488 0.8892843718 0.8879276858 0.8817563316 0.8949246656 0.894376098 0.7707809482 0.5284990726 0.6935777508 0.6102047077 0 0.6020033472 0.6009112296 0.7881209987 0 0 0.7797732482 0.6222087884 0.8880928768 0.5683748312 0.563728462 0.5653921241 0.7414710928 0.615745284 0.6243986984 0.5901694439 0.6676023476 0.7311412616 0.7364645489 0.7333967101 0 0 0 0
0 0 0 0 0 0 0.5123399808 0 0.5103533426 0.5182405355 0.7709291349 0.770769625 0.5926973264 0 0 0 0.6694241222 0.7645254532 0 0 0.5327566397 0.7251597901 0.6198108011 0 0 0 0.6190247754 0.6194715859 0.7497119973 0.8814197017 0 0.7241523889 0.572461421 0.5717756707 0.7875288908 0.7901355653 0.7534806511 0.7535923127 0.7611653636 0 0.8463362133 0.6277335042 0.903113342 0.8647862184 0.8654852795 0 0 0.7567581222 0.7561578125 0.746952425 0.7569082318 0.6138318436 0.5667243692 0.5410711743 0.5722931785 0 0 0.5709519541 0.7036397497 0.5702006572 0 0 0.6156220962 0.7880632522 0.7901494794 0.6593500102 0.5667752969 0.5704713271 0.6048550722 0.612134323 0.6576056544 0.8548717067 0.850069904 0.6243512532 0.5090344895 0.6290913313 0.6635088431 0.6621427424 0.7913400249 0.7333938786 0 0 0 0 0
0 0 0 0 0 0 0 0 0.5087714692 0.5223548839 0.5210057057 0.5233331452 0.5865943525 0.6580898993 0 0 0.7681547278 0.6656112952 0.769472772 0.8082813603 0.8079866203 0.5231639481 0.5411135483 0 0.6146235171 0 0.6168839167 0.6253800523 0.8612458745 0.8529438898 0.7170446727 0.5711780107 0.5642996945 0.5649785641 0.7814092569 0.7790657468 0.752579574 0.7533921821 0.7492747902 0.7469523925 0.9050827084 0.8979366337 0.8617763785 0 0 0.6284830843 0.6265202873 0.7569484705 0.7566930875 0.7510740143 0.7543890974 0.5796421327 0.6054309705 0.5655833393 0.5905553444 0.5891673221 0 0.8190562495 0.5646233178 0.8144390891 0.6227352755 0.8090991481 0 0.7883265706 0 0.5641441792 0.5631811327 0.5637878142 0.869935571 0.8536724 0.8497742172 0.8477374991 0.8494420192 0.5011784805 0.5014939043 0.5060519679 0.6623772621 0 0 0 0 0 0 0 0
0 0 0 0 0 0 0 0 0 0.5135207686 0.5138981958 0.5201192901 0 0 0 0 0.7511367023 0.6723989838 0.6752757661 0 0 0.6100949444 0.5299492463 0.5405758437 0.6197210294 0.6231505378 0 0 0 0.8766484396 0.8153841575 0.5669777218 0.5692283458 0.7886908016 0.7467690798 0.7867843612 0.7530766603 0.7435540982 0.7451037302 0.7510840033 0.6163725883 0.8653380856 0.860807977 0 0 0.610258999 0.8114224779 0.5133088319 0.7566591422 0.6623003825 0.8961810738 0 0.5667985864 0 0 0.7810352184 0 0 0.810586356 0.7846900696 0.7779517734 0.8685111276 0 0 0 0.5604701607 0.5619355915 0.5620355606 0.8646531139 0.8630222792 0.856724355 0.8478635357 0.8401525815 0.8655304996 0 0 0 0 0 0 0 0 0 0 0
0 0 0 0 0 0 0.5245722566 0.5231424426 0 0 0.50951953 0.514865778 0 0 0 0 0.7559272352 0.7596252352 0.8852042354 0 0 0 0.8708145175 0.532037988 0.5369375389 0 0.622124246 0.5133890787 0.8782951199 0.8104122695 0.8082788057 0.7966831204 0.7934509705 0.6182414717 0.7886929583 0.7881693299 0.744477323 0.5620892674 0.7460986588 0.7452003276 0.7462106087 0.8462237306 0.8663071926 0 0 0.6151939772 0.6060601144 0.7614912573 0.761264658 0.5067639867 0.7815844035 0.873382519 0 0 0.8216836971 0 0.8586758525 0.6133297147 0.8150139079 0 0.6422142924 0.5841296022 0 0.577862322 0 0.561033603 0.5556265426 0.5616738715 0.7502126295 0.5666025914 0.8564134856 0.8494190024 0.8564376526 0.8657067431 0.8748012866 0 0 0 0 0 0 0 0 0 0
0 0 0 0 0 0 0.6280787701 0 0 0 0 0 0.5165477544 0 0 0 0.6068034802 0.8847007135 0 0 0 0 0 0 0.5332093707 0.8816433467 0.847423803 0.5111770735 0.5656177307 0.8179792633 0.8048808617 0.8004923298 0.7947350333 0.7989414768 0.8765670194 0.6071972919 0.6099635039 0.6916710951 0.7961287312 0.7236444252 0.6701123274 0 0 0 0 0 0.6574827574 0.6149523595 0.6559923949 0.7626197693 0.8651467744 0.5310171219 0 0 0.815575397 0.8665137901 0.6479156943 0.8635989481 0 0.695180986 0.570185231 0 0 0 0.6275400896 0.5128083452 0.5586430958 0.7460924611 0.7553531476 0.8953894454 0.6046822209 0.8662341066 0.8648406494 0.8618164163 0.8690313439 0 0 0 0 0.8330540445 0 0 0.7128154879 0.7837525782 0
0 0 0 0 0 0 0 0.52271982 0 0.51360252 0 0 0 0 0 0 0 0 0.6975583429 0.5266313259 0 0.5207848453 0 0 0.5740096421 0.5696478436 0.8739652825 0.5156289553 0.5176840764 0 0.8018334291 0 0.6098254556 0.8666927414 0.8731159277 0.6024807057 0 0.6057572194 0 0.723503305 0 0 0 0 0 0 0 0 0.6209619968 0.5291805229 0 0.5649367892 0 0.8030343358 0 0.563093218 0.5626165549 0.6814390521 0.6719546594 0.8885454423 0.8856381801 0 0 0 0.619587008 0.6260797602 0.6553863267 0.7497462804 0.7551516265 0.7645573037 0.8666441101 0.8762016475 0.8729084025 0.8621834723 0.8647251607 0.8328533588 0 0 0 0.8404213436 0.8438554518 0 0 0.8229755856 0
0 0 0 0 0 0 0 0 0.5214534663 0 0 0 0 0 0 0 0 0 0 0.5418957854 0.5287134162 0.523137803 0 0 0.568778334 0.5681874906 0.560353746 0.5684145379 0 0.7189077864 0.646293117 0.8829833172 0.869489158 0.8683393654 0.8695701232 0.6070936995 0 0.8002048595 0.666547246 0.762638962 0 0 0 0 0 0 0 0.7590540644 0 0.528782502 0 0 0 0 0 0 0.5954287691 0.5629426627 0.5583279222 0 0.8858383006 0.8796001534 0.8834193636 0.6264501425 0.6214123779 0.6260608511 0.7342994559 0.8421057049 0.7206188239 0 0.7614704754 0.8577040549 0.7822984374 0.7304258841 0.6749572967 0.8789718705 0.8235529806 0.8309321231 0.8304292951 0.8327102479 0.8481306248 0 0 0 0.5127020625
0 0 0 0 0 0 0 0.5385305894 0.5176952575 0 0 0 0 0 0 0 0 0 0 0.5345514649 0 0.5614023448 0 0 0.5586483381 0.5652848537 0.5653331522 0.5732903915 0.688506053 0.5352442139 0.5335785985 0.8065025376 0.8966434171 0.8739047061 0.596005678 0.6337949363 0 0 0 0 0 0 0 0 0 0 0 0 0.5298196987 0 0.7627918103 0.664619748 0 0 0 0 0.5907830025 0.5906349086 0.5546776214 0 0 0.8807402306 0.8816030463 0.6036979303 0.5985769979 0.6646959374 0.5943859741 0.5130100417 0.5777608018 0.7614449811 0.8907991221 0.5079161815 0.8477615795 0.870216535 0.8714492559 0.8724632437 0.7946262654 0.8215745128 0.8374875555 0.839227081 0.8427430231 0 0 0 0.7781522489
