landscape/hab_quality/256/simulation_000032_p043_h081_HABMAT_patch_more_500pix_modified.asc_ac_0.5_quality.asc
NCOLS 513
NROWS 513
XLLCORNER 0
YLLCORNER 0
CELLSIZE 9.980507
NODATA_VALUE NaN
[rows 464 to 492 of 513, columns 390 to 454 of 513]
0.7572338968 0.7428199536 0.7421967889 0.7492719581 0.7548579135 0.7607946177 0.5941607962 0.5903443639 0.5910710572 0.6958652783 0.8582987393 0.8623260826 0.8583257724 0.5635546824 0.5548906847 0.5556446841 0.5906918147 0.619878334 0.7089057949 0.6996842877 0.5667844074 0.5227714357 0.712467449 0.7099602504 0.7194323411 0.7234179269 0.5477406647 0.8300965834 0.8335217916 0.8318411508 0.8311911712 0.5586788689 0.9088011007 0.5270667788 0.5443127723 0.5075929795 0.5007134171 0.7030440439 0.7037597237 0.709639134 0.7125129715 0.900279164 0.9069594304 0.5386189653 0.641973212 0.5667468644 0.567224121 0.8157072977 0.5534120635 0.7755354031 0.7363851244 0.8201139752 0.8151830694 0.8113772839 0.8088679717 0.8143927604 0.8730053011 0.7345422942 0.8474887233 0.8410049774 0.8774784828 0.6183447819 0.6144193262 0.6327092838 0.6370539563
0.7391237533 0.7452834069 0.7462039162 0.7470852676 0.7505217226 0.7510893365 0.5219168759 0.6635099477 0.6693779291 0.6300566503 0.5131993486 0.5092368805 0.5266850041 0.5594051199 0.5559334684 0.5993428166 0.6798957805 0.6162217798 0.7005748326 0.6948263643 0.5412591005 0.7543240493 0.7067397279 0.7032999581 0.7119227589 0.7241780454 0.7920381588 0.8456170683 0.8377191034 0.8325666848 0.8357162613 0.8322594693 0.9065422513 0.9059000696 0.7336963885 0.7339910809 0.5129195376 0.5478093481 0.7155906452 0.7122361901 0.7154699196 0.8976701462 0.9065991488 0.8624689977 0.8600657793 0.5609291242 0.6073615964 0.861899139 0.5529616872 0.5454203601 0.6118026809 0.7291784722 0.7251252875 0.8181899494 0.79080791 0.5264944173 0.8372438887 0.8862103362 0.7058605611 0.8380312656 0.6243985623 0.6184121349 0.6198578063 0.6324232643 0.6363434035
0.8821080962 0.7544881414 0.6210034127 0.8395893715 0.7478634324 0.5150864575 0.8866425652 0.6626119456 0.8462026499 0.6651613607 0.6378926055 0.5034490919 0.501894823 0.5993543319 0.6549749127 0.6518011938 0.8779577292 0.7444500237 0.5591009362 0.7024146745 0.7054721664 0.6879771085 0.6685550923 0.7057361649 0.6109929196 0.7633546539 0.7714634002 0.5835538972 0.5881941167 0.5903055416 0.8380889996 0.8615680529 0.8117372773 0.8999115695 0.8127328994 0.7639519405 0.7686814958 0.8982632262 0.7262546024 0.6588781458 0.8061109773 0.8990517977 0.9062766898 0.8671240109 0.5457223591 0.8524387904 0.8584350625 0.8661160812 0.5431610798 0.5489314229 0.6867836442 0.7472060876 0.6891535922 0.857631393 0.8524117096 0.8519500547 0.8466089476 0.8328075223 0.8363632298 0.6802720495 0.8442688715 0.8016707537 0.6391259551 0.5668748818 0.6392597829
0.8812008682 0.6146377532 0.8448757334 0.5223489231 0.5133337568 0.5218321641 0.9045408803 0.8816642206 0.6559206724 0.6516947245 0.5436453101 0.5030020807 0.5042014619 0.5978215064 0.8553297982 0.7592732815 0.5877083808 0.7418072221 0.5645321641 0.603931702 0.6948878192 0.8775155191 0.8742016277 0.6861001997 0.6824671221 0.6900348517 0.5499316472 0.5863300597 0.5824739556 0.5883232076 0.7928258225 0.6876324368 0.8134649676 0.8098656126 0.8172602322 0.8091516171 0.7676859439 0.6167650374 0.6560177989 0.6202857316 0.6284872541 0.5627304679 0.5386060381 0.5635658248 0.8614517724 0.5521842222 0.8585608525 0.8674040092 0.5443605369 0.7338927997 0.8351459231 0.6427590682 0.8976501573 0.6963807713 0.7693057403 0.6241381308 0.7133319096 0.8021106059 0.8369188796 0.8381824784 0.8446558906 0.5800477386 0.8399491398 0.7313780793 0.771297806
0.6062188252 0.8529572743 0.8530272251 0.5937705163 0.8660270126 0.896448218 0.675304371 0.8939299989 0.6522386845 0.8346961926 0.6522929589 0.637237561 0.6218035282 0 0.6062811057 0.7688603274 0.7600757622 0.7527023132 0.8704585289 0.7586901867 0.8708663756 0.8739820849 0.6686656267 0.6765476104 0.6800414998 0.5455655892 0.5433629726 0.5777308544 0.5875603285 0.5908934139 0.6838289563 0.685589248 0.7626706561 0.8124333947 0.8076103634 0.8131875259 0.7995820694 0.8364393787 0.6157217082 0.6521994012 0.5718623659 0.8352734705 0.5557095195 0.5581817103 0.8930137189 0.6150724717 0.870234623 0.7268782378 0.871543073 0.5274531859 0.6508714945 0.7139857659 0.7922683283 0.5576036184 0.8913221294 0.8228191542 0.8101680347 0.5204824184 0.5124233693 0.5221822207 0.8406930378 0.8411456387 0.83509354 0.6594013768 0.6572522381
0.6076552087 0.5115268079 0.6820279612 0.684112593 0.9022087021 0.5625356794 0.5605841243 0 0.5668767956 0.6380823483 0.5067901369 0.7124978837 0.6317696678 0 0.6156244062 0.6194020675 0.7691849829 0.7651936849 0.8652688725 0.8651675088 0.5013957964 0.8764044994 0.6712676484 0.6709339837 0.6524615091 0.6820189503 0.5366034385 0.6618228749 0.6602869851 0.690803014 0.6859159131 0.6931110678 0.6147872936 0.6054861551 0.8160619001 0.8105579729 0.7345806791 0.6207431023 0.6212539583 0.598039469 0.7141611804 0.5614981804 0.5611101862 0.5588131033 0.582539042 0.5811674863 0.6128620913 0.8500523509 0.7556007082 0.7460252462 0.6369540091 0.8039648703 0.5532774235 0.65917629 0.7949684778 0.7918446869 0.5315829289 0.5133052765 0.5148604584 0.5138599503 0.8429624734 0.8904492591 0.52176986 0.5124166966 0.533593019
0.8091235016 0.8068491435 0.8418032991 0.6858709311 0.568593339 0.5667997515 0.5576933513 0.5653414382 0.6482762607 0.5997845449 0 0 0.5114113234 0.8154703555 0.6111192724 0.6148400779 0.6078393325 0.6170615051 0.7156065885 0.5052600728 0.5086554647 0.5018034449 0.6860372003 0.5502734169 0.8676994808 0.8741094009 0.5438799592 0.5350513812 0.6577389249 0.6706455109 0.66732879 0.725187523 0.6134034018 0.7521007342 0.7427941254 0.7450323781 0.7539047919 0.7623822255 0.7549954797 0.787222693 0.7084798816 0.6697009478 0.6494809109 0.645847356 0.5846975567 0.5786406911 0.8328031354 0.5454103778 0.7294250633 0.6337554177 0.6415032041 0.6339479682 0.795551752 0.791034993 0.7913545242 0.7980611794 0.6234029558 0.6233344969 0.7337936081 0.6192650223 0.6660360953 0.8944214913 0.8782386299 0.6647157554 0.5280122494
0.5089163993 0.8027903519 0.81829382 0.8367326858 0.5133493267 0.5716693572 0.6460917143 0.8777760194 0.7116228199 0.7480128066 0.6531748858 0 0.5672042721 0.5659867174 0.5707696551 0.6016386644 0.6031899202 0.5957358741 0.5938823482 0.5970251428 0.5981940131 0.5440820596 0.821191059 0.7057403368 0.5456037855 0.7073333532 0.8837276065 0.6605686104 0.5421980353 0.6682731614 0.6607723295 0.7930856036 0.6784652804 0.7459251461 0.7509673575 0.7496153515 0.6661715401 0.7593610098 0.6842015531 0.7607316631 0.6001576576 0.6072183873 0.6050340613 0.6443486406 0.5816885145 0.5840491522 0.5845064705 0.6659332096 0.5389717199 0.7202741563 0.6335630497 0.5521821436 0.7637458327 0.7901894789 0.7926865147 0.8004084504 0.7662541823 0.5749133839 0.7224106638 0.7392509876 0.8714752798 0.6078351341 0.7280529041 0.5472453743 0.8656909151
0.5169059941 0.8322317287 0.7504579568 0.6311182171 0.6272551702 0.6276912159 0.6245411477 0.7698432326 0.8428096986 0 0.6460526859 0.7575899409 0.7204292207 0.5643481111 0.603118912 0.6060305909 0.6082119246 0.5961615895 0.5934458639 0.5974490882 0.6055443765 0.5362214471 0.5358866512 0.5410034739 0.7025943904 0.80397736 0.8917999562 0.8914637627 0.7301825713 0.6695238497 0.6655048397 0.6698997401 0.6775233171 0.5004166575 0.7508053029 0.7499196574 0.7529207278 0.7982590195 0.5238008349 0.596835756 0.5982123734 0.6005447757 0.5673213553 0.626004585 0.5115094941 0.5692703622 0.6656086871 0.6714997433 0.5724037358 0.6386916967 0.6399674484 0.6412807444 0.7966554352 0.7942702991 0.830885434 0.7990569763 0.7262098449 0.7086638726 0.7205071278 0.7298122715 0.8088826104 0.5418593897 0.5395437552 0.8833948947 0.7846547186
0.6256456978 0.7541573183 0.7783752889 0.5825131512 0.625872689 0.6192926251 0.6199213327 0 0.677410886 0.6751904173 0.7567470843 0.6528259253 0.8759182246 0 0.8371273117 0.5193921849 0.7749674167 0.6003120474 0.59515141 0.6008771125 0.6068590615 0.5431915249 0.5384483502 0.6268464054 0.7083950217 0.70497444 0.7094618306 0.8982051932 0.6471623551 0.64376654 0.6704938041 0.675125294 0.7688193454 0.8005056918 0.6554422045 0.5999146294 0.7537765068 0.758554359 0.8027970538 0.5994035431 0.5943784713 0.6036186581 0.6067812415 0.8093079353 0.6242845037 0.6248259029 0.5857729301 0.6397006911 0.7431770081 0.8127957475 0.5764330499 0.8892563569 0.7223015152 0.7854408193 0.5550575622 0.8359217902 0.7196132187 0.7179268011 0.7976114525 0.7990358973 0.7976537031 0.5371681675 0.684627845 0.683140517 0.6810092185
0.8832112279 0.6952794234 0.5311604104 0.5259586538 0.6237994435 0.6169407238 0.6214942041 0.6715645794 0.6680121655 0.7652036319 0 0 0 0.866879861 0.788590941 0.8369153212 0.6170316806 0.6021424802 0.6046813879 0.6023792793 0.6049011707 0.6197855523 0.622288125 0.6255537037 0.7749590037 0.701546897 0.7431982442 0.6962186742 0.646175229 0.5955571667 0.6349036684 0.6617334932 0.8001337165 0.8749191448 0.8022161048 0.5733179112 0.5943150757 0.6731158514 0.6044357304 0.5268762084 0.6000957314 0.5992788823 0.9007700774 0.6288375662 0.7603212738 0.5935353353 0.5783685335 0.5860393879 0.7340160587 0.7388421788 0.7376862867 0.7710808448 0.5577454992 0.5503095732 0.8316716808 0.5497315499 0.7242270503 0.6899545626 0.5645889489 0.7915773657 0.7957619525 0.5341511262 0.684925925 0.6802215393 0.5370110343
0.7209484819 0 0.5267026222 0.5225616912 0.6121295351 0.713807967 0.6767465214 0.6752683129 0.6734443892 0.6706930598 0.695045154 0 0 0 0.8490217529 0.6120544012 0.5293692236 0.6202139439 0.8111187984 0.6188249708 0.6150397818 0.8667671105 0.6169684684 0.7691967195 0.7711148833 0.7696012612 0.7029004922 0.7504492565 0.59854569 0.594455972 0.6032968587 0.6808204119 0.7984526109 0.7939870866 0.7953189003 0.6469358925 0.6395847296 0.8947259099 0.6293983355 0.6012403752 0.6870144946 0.8997234482 0.8982740616 0.7139608797 0.8984468938 0.5900126191 0.5877328851 0.5779722767 0.5803551228 0.7244839564 0.8697313958 0.8264352619 0.8144263041 0.5443706622 0.5426116634 0.5427815086 0.8199630533 0.6303849151 0.6271095101 0.5953285526 0.7933666543 0.7967820058 0.684048404 0.6114833331 0.7004682295
0.6692444891 0.6644362791 0 0.7430405937 0.8174796481 0 0.6845931403 0.6808142523 0.7381429272 0.8319419109 0 0 0 0.6584584396 0.7860677562 0.7852922452 0.7827257712 0.5653748998 0.732374527 0.7747673968 0.6209037151 0.6139716122 0.746003358 0.7715935799 0 0.7678970316 0.7729744221 0.6072787348 0 0.6011085536 0.6032957133 0.8183004539 0.8016168352 0.5345522875 0.7997646399 0.6325821552 0.6394503438 0.635887212 0.6420119151 0.8924027915 0.6068728111 0.8984702878 0.9031646365 0.8950848549 0.9002240227 0.5880896009 0.5868238282 0.5847040426 0.5826325366 0.5895178407 0.859936104 0.8584268142 0.5471854162 0.5437017392 0.5524568752 0.549932204 0.5262174615 0.6849599295 0.6899913352 0.5730844538 0.8828414015 0.8027156563 0.8705536634 0.6178350855 0.6110698263
0.6018219071 0.7490930026 0 0 0.7359157867 0.7559827539 0.6904366368 0.6845449638 0 0.7412882489 0 0.6525143554 0.6567092905 0.6588585938 0.7620937686 0.7771053813 0.780927458 0.5101866641 0.8019179198 0.6241774688 0.6144632742 0.6159405131 0.6176427727 0 0.7651180849 0.7661631861 0.5842719384 0.6145615228 0.6052781054 0.7255964964 0.605622883 0.822591264 0.5063375337 0.5021683885 0.6307021304 0.6307389415 0.6294934429 0.6387173524 0.6456643967 0.6530413315 0.5990477742 0.6098502954 0.9036834799 0.8048220201 0.8978156856 0.5316865812 0.7596971814 0.628515962 0.6390479194 0.5856288622 0.6483772691 0.6509936934 0.8000010232 0.5507993191 0.8160103809 0.7439858441 0.6792967997 0.6838510985 0.6877945749 0.695971797 0.7007122964 0.8153746536 0.6778700353 0.5808284411 0.6157260112
0 0.7497797424 0.7410772964 0 0.7473227029 0 0.644686875 0.6448034278 0 0.6367432981 0 0.6506820493 0 0 0.5423764295 0.7852338981 0.7900822773 0.6299298233 0.6284137652 0.8014635808 0.7949019217 0.6963048779 0.8004731839 0 0.7706283834 0.5786683856 0.5837945561 0.6491723124 0.5503431369 0.5728618055 0.8231422986 0.5074628283 0.6493100157 0.6346580632 0.6304989853 0.6291573875 0.6381682477 0.6322919452 0.6047100494 0.6512527359 0.6815255358 0.8476020309 0.8243138059 0.8254057977 0.8506346997 0.6143849071 0.6371196737 0.6338468622 0.6385302397 0.6517546412 0.642263662 0.6445354692 0.9045135761 0.8998222312 0.6736201683 0.6764380971 0.6768725454 0.6782442142 0.5690204214 0.5602989611 0.7731890445 0.6809319214 0.6751544397 0.8529134725 0.7660414655
0.8115920699 0.8174312863 0.7503924234 0.7323704352 0.7379148295 0.7382364253 0.6357170363 0.6350464069 0 0.6401822204 0 0 0 0 0.6486015285 0 0 0.5407253721 0 0.8103253305 0.8014601725 0.7943264017 0.7009629158 0 0.5746815777 0.6227999347 0.5799650477 0.7398122277 0.5055043152 0.5818900101 0.7735303622 0.5165799935 0.7083804585 0.6372893446 0.629832735 0.6386930375 0.6385730821 0.8311163479 0.7856594636 0.506882133 0.746475045 0.8478338736 0.5170078049 0.514779674 0.800451272 0.844733767 0.643612478 0.6378154274 0.6386702263 0.6478750829 0.7581586709 0.6097042095 0.8164684161 0.6760014794 0.6711196951 0.6693034055 0.6675880361 0.6770613566 0.5590407802 0.8039330489 0.7042749838 0.765165911 0.6148471562 0.5581643146 0.7837473439
0.807743009 0.8094641961 0.820364002 0 0.7396563041 0 0 0.6345138263 0.6381354123 0 0.6420145369 0 0 0 0 0 0 0.8194883744 0 0.815298621 0.8141081876 0.7850877503 0.8056300787 0.7048331084 0.704175099 0.7031992347 0.8170001768 0.5067426266 0.8657662063 0.7607885282 0.8066735746 0.7871665826 0.8260172052 0.539850472 0.5588922562 0.6548814996 0.7005151283 0.7047071969 0.6731206141 0.7905145344 0.8513520151 0.8477772218 0.8453374384 0.5291261786 0.5342620685 0.5246477192 0.659528261 0.5291708378 0.587137107 0.806903173 0.8111064078 0.8184143757 0.5730390268 0.6771628033 0.6712636022 0.6669683867 0.6729905609 0.6789927639 0.5642827517 0.5624241369 0.6547273205 0.6058991883 0.6088044471 0.6063708371 0.8316441901
0 0.8079574307 0.7274661446 0.810979901 0 0 0 0 0 0 0 0 0 0 0 0 0 0.8212295286 0.5485041176 0.8300337216 0.8258013513 0.7673137958 0.5932944579 0.7064519419 0.6905697045 0.6360080589 0 0.8480648495 0.6863207568 0.895007661 0.8980218146 0.5749170412 0.7656371429 0.5889180223 0.5330070277 0.5296734394 0.5369506902 0.7000626313 0.7077060144 0.7393763353 0.8451457142 0.8421222874 0.8425886591 0.5264317627 0.5246157431 0.523639217 0.5271196584 0.6036315255 0.7554074249 0.7050299892 0.5739048176 0.877958758 0.5372465772 0.533428378 0.6755306115 0.6751018101 0.6685803812 0.6765569489 0.6078677491 0.6382633382 0.6131482666 0.600670989 0.6005813908 0.6046473366 0.6627411332
0 0 0.7261841155 0.7287828029 0.8107573376 0 0 0 0 0 0 0 0 0 0 0 0 0.5269241407 0.8309691725 0.8255135765 0.8255825715 0.8330358878 0.7459270731 0.5509778952 0.5277979992 0 0 0.5243423337 0 0.8726885516 0.7685599252 0.7887886194 0.7449403409 0.7454760973 0.5297305894 0.5272649761 0.5368326103 0.7072871003 0.8299234555 0.8254812755 0.8497107346 0.8425246002 0.8423689145 0.5324027831 0.5279291478 0.5179341322 0.5254788395 0.5278481951 0.5305220954 0.5341341495 0.6112695089 0.5149613318 0.5351419672 0.5315438965 0.5343530096 0.6413977334 0.8549905375 0.6043130567 0.5995688488 0.6471795906 0.5949420492 0.6049603056 0.6226985908 0.7145269454 0.51712881
0.5146501715 0.7576002554 0.6394675771 0.7383807869 0 0 0 0 0 0 0 0 0 0 0 0 0 0 0.7624590122 0 0.8246027093 0.7254390583 0.5644426567 0.654928462 0.56410015 0 0 0.7873464322 0 0 0.6682668453 0 0.6341395045 0 0.5294158767 0.5319105616 0.5273042492 0.5707418917 0.6249711716 0.8239258712 0.828042643 0.8461825257 0.5171412135 0.5240443389 0.5229623464 0.5270724876 0.5219372111 0.5243388136 0.5582817246 0.5593759667 0.7427632128 0.6467159826 0.5348106735 0.6016547608 0.5360776729 0.8858455225 0.5899523071 0.7459111713 0.5948384897 0.5861376667 0.7307282843 0.5729999238 0.5047799022 0.5084295875 0.5081748139
0 0.7219464686 0.8405855954 0.557592611 0.8479381801 0 0 0 0 0 0 0 0 0 0 0 0 0 0.8375952373 0.8247245715 0 0.6809102593 0.5593045153 0.5569927504 0.5668850707 0 0 0 0 0 0.5199351279 0.6716718243 0.5272671619 0.7522006986 0.750207785 0.5730373849 0.5685172243 0.5549654852 0.8333463748 0.8255622915 0.8263301179 0.5994189885 0.8442353758 0.5315840861 0.8048088872 0.5263007933 0.7775927471 0.6320837904 0.8627464808 0.5634338736 0.5542026046 0.5505368165 0.5965529924 0.5999943445 0.5730459348 0.6490288062 0.683032265 0.5875362446 0.5973479043 0.5668562007 0.5664889589 0.5655413303 0.5210303221 0.5118124756 0.5149729372
0.5544711232 0.5487973487 0.549320206 0.5450450552 0.6814371694 0.6779198891 0.7515016747 0 0 0 0 0 0 0 0 0 0 0 0 0 0 0.6847514549 0.5638557464 0.609389573 0 0.607169804 0 0.5041113286 0 0 0 0.7906942112 0.8125763038 0.8264079827 0.8957307054 0.5740031771 0.5740586651 0.8155778866 0.8327488756 0.7583174694 0.5352510107 0.5386289788 0.776250237 0.767896564 0.8125943169 0.8001069928 0.6300598419 0.63043821 0.5433362128 0.5869549588 0.5814208378 0.580550868 0.7189652361 0.6064581281 0.6091007355 0.5550635494 0.6757560557 0.6802729845 0.5844757043 0.567324143 0.5632435336 0.5663403133 0.7603740446 0.8265154323 0.7608216206
0.7297634058 0.5503742773 0.5435699962 0.5502102119 0.6832318259 0 0.7554272191 0 0 0 0 0 0 0 0 0 0 0 0 0 0 0 0 0.6559172043 0 0 0 0.5066672575 0.5088784125 0 0 0.7835080004 0 0.6206655849 0.7079592514 0.8630684298 0.7818892111 0.7828360272 0.7579885011 0.7484870112 0.7502323221 0.6478852161 0.6555507495 0.6494674018 0.7254102131 0.6372505684 0.735676458 0.564167722 0.8851402501 0.5862730019 0.5794211096 0.589080647 0.6078719035 0.7119445411 0.7215990513 0.8486641599 0.5445752777 0.566557202 0.6992015112 0.5654398615 0.572567596 0.5534983065 0.5325206077 0.7585630031 0.7650709551
0.7299569229 0 0.5860095774 0.5502281632 0 0 0 0 0 0 0 0 0 0 0 0 0 0 0 0 0 0 0 0.5996004497 0 0 0 0.5125447141 0.5095293405 0.5145725439 0.5171324841 0.5464878722 0.5427747655 0.748101751 0.8799348511 0.6980294881 0.8600871049 0.7771278146 0.7539375045 0.7471797665 0.642319211 0.7076264522 0.6465065775 0.6516132718 0.7807455026 0.7720567658 0.7819365121 0.7740092304 0.5850414049 0.5848021996 0.5855825047 0.581541138 0.7186380733 0.76639485 0.8112861502 0.8086738642 0.803738947 0.8076595467 0.7039096991 0.707266091 0.8391837175 0.8361085789 0.8455690626 0.8057956868 0.8288974256
0 0 0.5839996029 0.5174896957 0.6901133068 0.6900852793 0 0 0 0 0 0 0 0 0 0 0 0 0 0 0 0 0 0 0.5984934234 0 0.6017279365 0.7460438748 0.7944927449 0.5164873828 0 0 0 0 0 0.826379578 0.5978514527 0.7734193646 0.7677446545 0.7401162644 0.5113268584 0.819751264 0.6479874726 0.651558651 0.7811579654 0.8792082192 0.8783650201 0.697858141 0.6329415741 0.6798296028 0.6262266909 0.7375314469 0.738348784 0.8102677172 0.5734096668 0.8036013984 0.7028651163 0.8065424411 0.8070910687 0.8044270715 0.8453219951 0.8259358887 0.825860033 0.8286390034 0.8379394222
0 0 0.6801807072 0.6657717972 0.6886716052 0.6831553006 0 0 0 0 0 0 0 0 0 0 0 0 0 0 0 0 0 0.7029628686 0.6980377635 0 0 0.812263733 0.6616996052 0.8770290301 0.8754921277 0 0 0 0.5941756013 0.5882101917 0.8187778703 0.8118182373 0.8180936223 0.7450203651 0.7461350961 0.5137560711 0.8432194487 0.6481176009 0.8958141354 0.6013386385 0.7723484153 0.8761621938 0.6249199663 0.6292715884 0.7359734199 0.743521124 0.7360587618 0.7403604592 0.8041901487 0.7645550966 0.810895864 0.7696504938 0.5215015773 0.8103526323 0.8125007707 0.8214991571 0.8193574862 0.8288521878 0.8348623627
0 0 0.6879917121 0 0 0.6815281559 0 0 0 0 0 0 0 0 0 0 0 0 0 0 0 0 0 0 0.7001947444 0.6927045814 0.8114467028 0.5704936008 0.7691174578 0.8768638347 0.8750510045 0.5306966629 0.5224956664 0 0.523236632 0 0.8202824156 0.8105265403 0.8143890544 0.8246182202 0.8329366756 0.8556538745 0.8865973328 0.5576271408 0.8884334715 0.8431397043 0.8386718114 0.521879263 0.73989223 0.652556397 0.8006084128 0.7357489611 0.7343601884 0.5470973222 0.8278925029 0.76808629 0.7633488249 0.7662419354 0.5094370265 0.5183726776 0.8019065336 0.8248959942 0.8190405657 0.8117493289 0.8346468585
0 0 0.6963823513 0.8462220711 0 0.6789865194 0 0 0 0 0 0 0 0 0 0 0 0 0 0 0 0 0 0 0.7947967721 0.7394929794 0.5487568529 0.5661547407 0.6450678803 0.8683571151 0.8748925862 0.5301719035 0.5204739333 0.5147317102 0.5156362307 0.527836917 0.8137238287 0.8128007967 0.8303687615 0.8256031802 0.600971618 0.6624408464 0.7751449 0.6770781745 0.8598012539 0.5926285961 0.8375884659 0.8343040083 0.8415525511 0.7397014291 0.7380948825 0.7336212536 0.7372162956 0.7419099487 0.8472681377 0.7700357781 0.7619645044 0.7691883878 0.772934518 0.508536557 0.7739873109 0.7717584048 0.8148695706 0.8131116239 0.7224308298
0 0 0 0.7257471715 0.5945053901 0 0 0 0 0 0 0 0 0 0 0 0 0 0 0 0 0 0 0 0 0.5180437631 0.6489465747 0.5047236693 0.8250718483 0.8682386223 0.8735135925 0.6448285974 0.5211903559 0.5148271695 0.5149528667 0.5340178145 0.533835056 0.8884850324 0.5451378383 0.5491671671 0.5578665042 0.5618434841 0.7617549555 0.5926563952 0.8554795252 0.8510853462 0.8427831659 0.8372527351 0.7401617707 0.7351259169 0.7306543091 0.732267505 0.7383567148 0.7422955763 0.6733818566 0.7630734916 0.7667701953 0.764304522 0.7675843831 0.6423855943 0.7724331955 0.5218325024 0.765036431 0.5264604356 0.7152315353
