landscape/hab_quality/256/simulation_000076_p052_h045_HABMAT_patch_more_500pix_modified.asc_ac_0.5_quality.asc
NCOLS 513
NROWS 513
XLLCORNER 0
YLLCORNER 0
CELLSIZE 9.980507
NODATA_VALUE NaN
[rows 450 to 479 of 513, columns 69 to 137 of 513]
0.9021834626 0.8893629843 0.8937674714 0.8918444281 0.8989149085 0 0 0 0 0 0 0 0 0 0 0.6131974932 0.7450789201 0 0.7582213416 0.7739909328 0.7807933381 0.7745521472 0.7815090048 0.7087928694 0.5177471041 0.5114815035 0.5118478028 0.55834262 0.5533313116 0.6581316056 0.5621784433 0.5704949376 0.5712582704 0.5846027889 0.6658591045 0 0 0 0 0.7789936405 0.7745144073 0.7763411743 0.777245567 0 0.8261172363 0.644593337 0.8986381417 0.7576986587 0 0 0 0 0 0 0 0 0 0 0 0 0 0 0 0 0 0 0 0 0
0.9081757936 0.5795123901 0.8970661296 0 0.8015820545 0.553867922 0 0 0 0 0 0 0 0.5098079732 0.8773124477 0 0.7503678266 0 0.7148758388 0.5066611352 0.8159064368 0.7075949236 0.7056148037 0.7128251319 0.9006948021 0.8957046797 0.5540864314 0.5537534177 0.5507626943 0.5524727325 0.5522179103 0.6280980868 0.5760903082 0.5780562134 0.658552437 0.5629960629 0.5623935488 0.5698922569 0 0.7787723577 0 0.7741247771 0.7823455362 0.7852883847 0.8611394832 0 0 0.8433496732 0 0 0 0 0 0 0 0 0 0 0 0 0 0 0 0 0 0 0 0 0
0.7397991422 0.5724165359 0.572150857 0.5659882188 0.7993578905 0 0 0 0 0 0 0 0.7043874381 0 0.7598758683 0.7324764294 0.7069033137 0.7021499326 0.6981641104 0.6956743584 0 0 0.7056648424 0.7146412225 0.8993524747 0.8955549715 0.5533960045 0.5533735661 0.5458742782 0.5455037796 0.5518431757 0.5578096359 0.7230684358 0.788725408 0 0 0 0.5626190439 0 0.5286661144 0 0 0 0.7935861541 0.5476678013 0.554301397 0.751051693 0.5809617107 0 0 0 0 0 0 0 0 0 0 0 0 0 0 0 0 0 0.7108302273 0.8823402729 0.6011830392 0
0 0 0 0 0 0 0 0 0 0 0 0 0 0 0.6666007675 0 0 0 0.6944008165 0.6947682419 0.5408947103 0 0.7125654693 0 0.5527906109 0.8969524588 0.5617821375 0.547478416 0.5494941388 0.5354944013 0.5522270543 0.719099136 0.717326299 0.8431664191 0.8431782932 0.5540149561 0.6228315714 0.528082482 0.5204894873 0 0 0 0 0.5526038299 0.6916835231 0.5455058043 0 0.5771246007 0 0 0 0 0 0 0 0 0 0 0 0 0 0 0 0 0 0 0 0.8039748652 0.8454232281
0.5515555393 0 0 0 0 0 0 0 0 0 0 0 0 0.6193399091 0.6016688812 0 0 0 0.7003132313 0.5315955294 0.5393907716 0.545679208 0.5880464668 0 0 0.5415518346 0.5690822325 0.5696317393 0.5359561923 0.5442100826 0 0.719535961 0.718511992 0.7185495551 0.8440454748 0.8454935656 0.537495923 0 0.7668717401 0.5260371407 0.8362781049 0.8695120847 0.8731947238 0.5202853628 0.5474018374 0 0 0 0 0 0 0 0 0 0 0 0 0 0 0 0 0 0 0 0 0 0 0 0.8186161266
0.5509307532 0 0 0 0 0 0 0 0 0 0 0 0.7941607284 0 0.8125893347 0.5201529131 0.5659820363 0 0.535573744 0.538326463 0.5327564909 0 0.811341744 0 0.5624909569 0.8468355151 0.8464534282 0.8489217619 0.8718648681 0.791343354 0.7863057836 0.7826681331 0.7847714346 0 0.8896133777 0.8443068331 0.6021156909 0 0 0 0.8648832948 0.8668800001 0.8662388988 0 0 0 0 0 0 0 0 0 0 0 0 0 0 0 0 0 0 0 0 0 0 0 0 0 0.7649734226
0.5559426192 0.6077899487 0 0 0 0 0 0 0 0 0 0.7839630674 0.7894632234 0.5687111735 0.7776241327 0.7268762619 0.735000699 0.702034083 0.7159213641 0.671905483 0.8891830213 0.5169049323 0.5956337015 0 0 0.8551655269 0.8532804954 0.8538748719 0 0.8592663391 0.6393402028 0.7815247632 0.7844754014 0.8725446303 0.8804430588 0.7633936457 0.7647492337 0.7642754997 0.7570986872 0 0.7614012864 0.8640464354 0 0 0 0 0 0 0 0 0 0 0 0 0 0 0 0 0 0 0 0 0 0 0 0 0.6189132345 0.6114813967 0.6157830389
0 0 0 0 0 0 0 0 0 0.7738898895 0.777335921 0.675878011 0.720888268 0 0.8808345298 0.7263623776 0.7290438168 0.581084801 0.8872702546 0.5839228218 0.5977702324 0.5946885484 0.5949673014 0 0.5116747141 0.5473079064 0.54033936 0.5437513147 0.5372901793 0.5466581947 0.7821463263 0.7847908565 0.7636857369 0.7542098077 0.7668279952 0.7660663382 0.7596932052 0.7659470876 0.7568310363 0.7544027468 0.679126542 0 0 0 0 0 0 0 0 0 0 0 0 0 0 0 0 0 0 0 0 0 0 0.8749274367 0.8932329626 0.6156830375 0.6144373944 0.6096176339 0.6192589876
0.5568656977 0 0 0 0 0 0 0 0.7815112547 0.7793573917 0.7789650475 0.7816919296 0.8171827653 0 0.8164161743 0.7207089742 0.720764642 0.7113808281 0.7140403245 0.7064902187 0.5932823916 0.5895132995 0.8518320846 0.8048984424 0 0.7991347585 0 0.5400389587 0.6401509132 0 0 0 0.8973567971 0.7240402896 0 0.7578186137 0.7604172582 0.7634128388 0.7589084622 0.7585025063 0.7625891649 0.7651717434 0 0 0 0 0 0 0 0 0 0 0 0 0 0 0 0 0 0 0 0 0.8887020111 0.6910758227 0.8540829794 0.6581987902 0 0.5149281886 0.5168380868
0 0 0 0 0 0 0 0 0 0.8180810447 0.8199707863 0.8130748303 0.8118608753 0.8102687375 0.8195155904 0.7284437293 0 0 0.7051729659 0 0.6012773612 0.5569005728 0.5601548793 0 0.8019199434 0.7941094964 0 0 0 0 0 0 0 0.7651901853 0.7580247417 0.7589422612 0 0 0.7600944407 0 0.7642456506 0.6167557264 0.7044568054 0 0 0 0 0 0 0 0 0 0 0 0 0 0 0 0 0 0 0 0.6844233402 0.6932613299 0 0 0 0.7797912945 0.6146906745
0.8114013178 0 0.7858714489 0 0.7327687801 0 0.7621563319 0.7580361786 0.8176607188 0.8122415686 0.796888668 0.7996505386 0.8046015215 0.8074135652 0.8130203028 0.8244502891 0.6592906077 0.7128056059 0 0.6007844962 0.603244929 0.5513107482 0.552643202 0.779064226 0.7158129139 0.8020490328 0.7959486887 0 0 0 0 0 0 0 0.7940365538 0 0.6833065501 0 0.6734514605 0.6484389436 0.6751899975 0.6702873935 0.7652563768 0 0 0 0 0 0 0 0 0 0 0 0 0 0 0 0 0 0 0 0 0 0 0 0 0 0.5537410161
0.8794229915 0 0.7856364419 0.7779100646 0.7793016453 0 0.7622302197 0.7557402348 0.8189000241 0.8072043757 0.8042570383 0.7968241059 0.7985814849 0.811883276 0.8160129228 0 0 0 0.7186048962 0.6041287949 0.6068594911 0.7235854855 0.5485823474 0.7319810056 0.8084147959 0.8003619824 0.8054333323 0 0 0 0 0 0 0 0.7872758456 0.7948194407 0.6792358447 0 0.6777251081 0.6724772488 0.6653783724 0 0 0 0 0 0 0.7034525514 0.7073323527 0 0 0 0 0 0 0 0 0 0 0 0 0 0 0 0 0 0 0.5230781716 0
0.8930412598 0 0.8190000602 0.7865746799 0.7788514899 0.5593006146 0.7613265983 0 0 0.8141793202 0.8013417772 0.8047229006 0.7993224545 0.7986035814 0 0 0 0 0.6545140446 0.6123975816 0.5438387186 0.728269309 0.7232478414 0 0.7581822511 0.7671455913 0.80704605 0 0 0 0 0 0.7919439733 0.7871238596 0.7921465177 0.7866377939 0.5385627526 0.6778133531 0.6726355795 0 0 0 0 0 0 0.7038827173 0 0.6975582946 0 0.7087780879 0.9178229777 0.9227873643 0.9157814839 0 0 0 0 0 0 0 0 0 0 0 0 0 0 0.561450557 0
0.8940078427 0 0 0.7867073722 0 0.7964809178 0 0 0 0.8189414599 0.8097089578 0.8132483343 0 0.8027643661 0 0.6490388987 0 0 0.8156560497 0.6518915153 0.6452332077 0.7324517415 0.7276145699 0.7311051014 0.7408592515 0 0 0 0.5610301752 0.5524757063 0.5579560874 0 0.7944116129 0.7925247042 0.7845237859 0.7907668822 0.7949431029 0.680610862 0.6831505359 0.6018710228 0 0.5847676001 0 0 0 0.7070533123 0.699848418 0.7026412968 0.6984728491 0 0.9195081558 0.9153479534 0.9116704483 0 0 0 0 0 0 0 0 0 0 0.8936764552 0.6191314737 0.7021087233 0.5771290297 0.5635225436 0
0.7304699811 0.6694164428 0 0 0.5869778177 0 0.8628243361 0.5789972112 0 0.5488774867 0.5540765019 0 0 0 0 0.6495731689 0.6484035182 0.5469434421 0.6431996934 0.6383417851 0.6362801051 0.6420224776 0 0 0.7366288317 0.6171000198 0 0.6853048283 0.5558413784 0.8974198868 0.5543846305 0.9074704588 0 0.7855604647 0.7879469325 0.790137465 0.8307882708 0.8340369909 0.5313522864 0.5258326746 0.9023959815 0.5618345492 0 0.6624215863 0 0.7054389967 0.7024500798 0.7035033764 0 0.7006179948 0.9075392579 0.9097279889 0.90343024 0.8054546217 0 0 0 0 0 0 0 0 0 0 0 0.5863406735 0 0.6280405763 0
0.8852698559 0.8588948409 0.7804028236 0 0.554859332 0 0.7227325288 0.7175292517 0 0 0.5517670594 0.5607321431 0 0 0 0.6474821134 0.6447580331 0.6466548219 0.639258997 0.6332447565 0.6410415498 0.6384249456 0.6325427838 0 0 0 0 0.8581255631 0.9030599202 0.9000069863 0.9004357535 0 0.6623624684 0.7140328352 0.7986563282 0 0.7904603026 0.8580548683 0.5330840969 0.5275709758 0.5258151319 0.8974276258 0.6566670972 0.558950418 0 0.7936285805 0 0 0 0.9115753434 0.8112750406 0.9029818201 0.8926438462 0.8980456316 0.8970611528 0 0 0.7068168568 0 0 0 0 0 0 0 0 0 0 0
0 0.8488671276 0.5637058813 0 0 0.8812424483 0.7268016318 0.7575294475 0 0.5178109386 0.5620136591 0.5631701756 0 0 0.6754849116 0.8713649536 0.6406864723 0.6406080166 0 0.6325146202 0.6314834377 0.6322249882 0.6332058949 0 0.7970128444 0 0.6370930163 0.8786185608 0.7184410757 0.7237727436 0.9092633846 0.7816106901 0.7048649665 0.7088039671 0.7102656273 0.7145427434 0.7138897839 0.5340804456 0.5283779163 0.5351496923 0.906431883 0.6570857641 0.6586421645 0.6895126557 0 0 0 0 0.8005551342 0.6195778288 0.8956107271 0.8930940344 0.8916312701 0.8925273904 0.9021821481 0.6110200372 0.757955367 0 0 0 0 0 0.5389198578 0 0 0.5922820729 0.6846083879 0.7007930446 0
0.8458920235 0.8508177131 0.7889553359 0.819997295 0.878965407 0.884497769 0.5509100625 0.7779643863 0 0.5647061307 0.5058053848 0.5059620588 0.7619284718 0.6755153833 0.860646284 0.6724514916 0.642786128 0.644973651 0.6360889759 0.6308687188 0.627782395 0.6240365353 0.6304586857 0 0.7947117616 0.7978499048 0.6406572848 0.7227585133 0.7144458939 0.7226180397 0.5853770573 0.5486819539 0.5494613131 0.7016832436 0.7025390395 0.7070106351 0.6709341184 0.7924394085 0 0 0.5519247268 0.5510321276 0.5844500907 0 0.5774529199 0.5815639234 0 0.7642127511 0.7977846305 0.8076689835 0.9003340833 0.9002115438 0.8906770392 0.8924353841 0.8992604447 0.686791148 0.7332768229 0 0 0 0 0.5137302684 0.5879928455 0.6126180327 0.7765314074 0.5136996181 0.6365037766 0.5795771399 0.8012712935
0.8414616114 0.7887954776 0.7273295453 0.5315175282 0 0 0.7768988731 0 0.8191298025 0.8168232572 0.5065757259 0.6840155501 0.8677446128 0.6186352988 0.6701276099 0.6483812921 0.649144416 0.63808164 0.6324472644 0.6301503453 0.6340337016 0.6253138526 0 0.7975484178 0.7922684453 0 0 0.7192898098 0.7201956705 0.7206381578 0.5661528148 0.5501214954 0.5468692626 0.5551858285 0.7054782387 0 0.6276703387 0.7843463073 0.7915093441 0.8441178086 0 0.5444162731 0 0.579260164 0 0.7328108404 0 0.800438228 0.803642146 0.8053955977 0.9049591966 0.89857526 0.8993410654 0.8932395875 0.8471419708 0.5185639219 0.8415900815 0 0 0 0 0 0.5105745369 0.5128986963 0.8967336084 0.5142759557 0.6573946932 0.757131812 0
0.7519020446 0.7186192854 0.7203397436 0.8226056718 0.8197980715 0 0.7675808453 0.7737086878 0.7771317097 0.6381958788 0.5904908806 0.599952393 0.5471423054 0.6731528735 0.674495299 0.6654112421 0.6442083913 0.639818906 0.636452038 0.6366351411 0.6354408609 0.8164352182 0.7992558481 0.7930380464 0 0 0.7225904996 0.7234950605 0.7055721842 0.5678277817 0.5605912494 0.5565062896 0.548220533 0.5516337392 0.5713125335 0.7060956796 0 0.7879174896 0 0 0 0.5350538375 0.5406370324 0.5835515351 0.5857446486 0.6590619349 0.7726336406 0.7784681893 0.8091223934 0.811911433 0.8144167971 0.6198426069 0.6176667411 0.7229834325 0.8466822812 0.5079505881 0.5256332355 0 0 0 0 0 0.6591795957 0.5144968703 0.7725929729 0 0 0.6413169828 0
0 0.8773908389 0 0.8867535193 0.8287244126 0.7677252184 0 0.774675713 0.8277004212 0.7749606152 0.783075674 0.8753432217 0.6810302348 0.7921133464 0.7907052638 0.8688443144 0.84350389 0.6477720316 0.643574792 0.6388209521 0.6393755836 0.8264904173 0.8005028556 0.5426002309 0 0.5055164999 0.8531391013 0.8520848056 0.8487358263 0.572309138 0.5650207485 0.5630388279 0.5603922743 0.56698572 0.5746224947 0 0.6012759162 0.7652438439 0.6155260533 0.6141082187 0 0 0.5376687053 0.5929057547 0 0.7765465044 0.7724134521 0.7773845557 0.7924860497 0.7066218529 0.7002053093 0.6217915261 0.6878872299 0.5019592134 0.6576420246 0.7916616607 0.5615116899 0.7926950076 0.7870344984 0 0.7229690263 0 0.6932280003 0.8079700922 0.8068363819 0.8239464253 0.5447270876 0.6034450004 0
0 0.6496270279 0 0 0.8988006517 0.8129142077 0.776843139 0.5353598164 0 0 0 0 0 0.7904049003 0.7892040799 0.7925357618 0.6872725531 0.679963099 0.6836755007 0.7810910581 0.8210743558 0.8180751786 0.5522025538 0.5430985079 0.5441710896 0.6932576041 0.8489373312 0.8446343413 0.8702278729 0.5672829868 0.5741144578 0.5661536496 0.5638564619 0.7568643712 0.5741143043 0 0.5960505777 0.7940879115 0.6144953014 0.6221727062 0.6220024722 0 0 0.5463526819 0.7765185021 0.7709705009 0 0.7779397919 0.6852721574 0 0.8197857285 0.7813345129 0.8113809406 0.6526087562 0.6542253968 0.5279964339 0.6599714733 0.7866151153 0.7857820819 0.7864765502 0.6871131471 0 0.6928035437 0.8067624218 0.8031907274 0.8101905123 0 0.8567816171 0.8231318517
0.7964430267 0.8809776152 0.6284448903 0.8303375994 0.9047764049 0.8700480447 0.5713836575 0.7810988059 0.8500451471 0 0 0.8063681048 0 0.790508964 0.7851821373 0.7873575827 0.7896413227 0.6789122738 0.8016840728 0.7720760332 0.6249038985 0.7052483717 0.887798494 0.756796553 0.674603312 0.8478320218 0.8421403877 0.8451130158 0.5015833905 0.7044991196 0 0 0.5698289087 0 0 0 0.5953220841 0.8772830107 0.6281682777 0.6253416485 0.781926088 0.6303065252 0 0.6545332635 0.77390409 0.7710003322 0 0.8445044165 0.8114800261 0 0.8161056121 0 0.6575544744 0.6539580939 0.6479425059 0.6524755493 0.6566293239 0.7898574253 0.7858359683 0.7910798208 0.5266452003 0.6801308166 0.6829383145 0.8109789961 0.8033872848 0 0 0.8552734423 0.8529205023
0 0 0.6227335439 0.8538065228 0.9073378805 0 0.6636949446 0.6286958615 0 0 0 0.8710161131 0 0 0.7791787011 0.7806980245 0.7775682981 0.7878485641 0.793385281 0.7984279929 0.5334217757 0.6249476315 0.67165781 0.7873780984 0.5943367229 0 0.850422732 0.8481271723 0.848299376 0.7120730069 0.7001124853 0 0 0.7036085658 0.560328072 0.8733956135 0.6950147596 0.8740917909 0.6890320745 0.6320007007 0.6341507 0.7669645485 0.7641611963 0 0.8452684724 0 0 0 0.8160620937 0.8086342149 0.8094081082 0 0.6542214649 0.6492587021 0.657506995 0.6544579822 0 0.6581357752 0.794899037 0.6843874059 0.6867192643 0.6789587912 0.6866482428 0.6915956559 0 0.6492270832 0 0 0.8519459476
0.5253149816 0 0 0 0.8825637794 0 0.5551646722 0.5340333673 0.5255712561 0 0 0.8790577543 0 0.6988907933 0.7786153889 0.7710988767 0.7783158305 0.7845693748 0.7908976096 0.8391441189 0 0.5239024045 0.8863398958 0.7857144479 0.7815765127 0.7834513525 0.8295979926 0 0 0.7145030941 0.7059358974 0.6961381631 0.7034208395 0 0.7177837703 0.8635815873 0.7939669858 0.7858562085 0.5694050967 0.7533995197 0.705487245 0.764879269 0.7622411039 0.7689503045 0.7629708551 0.5180547312 0 0.6433761453 0.816189338 0.8128728478 0.8162306461 0.8231840592 0 0.6506851078 0 0.8108563934 0.7073182983 0.8175746236 0.8114586944 0.6926880962 0.68416813 0.6853799697 0.6388169241 0.6960332539 0.7024904476 0 0 0.7483249365 0
0.6754374642 0.6504405978 0 0.8732136535 0 0 0.7160145385 0.6541315965 0 0 0 0.7697866735 0.7039164913 0.6950420949 0.8498126259 0.776853152 0.7771221344 0.7829364344 0.7869169897 0 0.5620574149 0.6891768192 0.6955445847 0.7818359954 0.7901463677 0.7833559894 0.6092968698 0.7098358391 0 0.7090705674 0 0.6974418313 0.6986449737 0.71041107 0.7142156075 0.9098297346 0 0 0.7878166029 0.7813027218 0.6802605582 0.8920266118 0.7594867886 0.5175017338 0.5152791003 0.5136327886 0 0 0 0 0.8369987891 0.7607324991 0.7566919668 0 0.5703059836 0.698767991 0.7903645237 0.8176410248 0.7155562593 0.5168441451 0.691001918 0 0.5065057387 0.5149077931 0.5138137677 0.5129683488 0.5142272501 0.7149347235 0.5273079132
0.5621777553 0 0 0 0 0 0.7869589821 0 0 0 0 0.5956647186 0.5987555103 0.5999079872 0.7831273312 0.7860366083 0.7771204274 0.7859445322 0 0.7436642192 0.6924997885 0.6891766601 0.7522308548 0.6878597844 0 0.7926648492 0.7873596986 0.7070200303 0.7013600336 0 0 0 0.5341378983 0 0 0.9137507326 0.9056097238 0.8986344691 0.7664326755 0.8881033905 0.8877268381 0.8836549266 0.8919828849 0.5111525068 0.5128686056 0.5142234926 0.5600933779 0.5583746883 0.5610899485 0 0.7161002763 0.7518652755 0.5507379216 0 0 0 0 0.7868368485 0 0.613234984 0 0.8425740791 0.6548714759 0.5053103656 0.7870163736 0.512953669 0.514873192 0.713927322 0.716708806
0.5663391217 0.5899848377 0.5246531479 0.5271414302 0.5619444898 0.5359772972 0.7908342639 0.7839868467 0.5868088423 0.5814050819 0 0 0.5913332163 0 0.5913009394 0.5888651069 0.5949357344 0 0 0 0 0.6948691313 0.6853035374 0.6037195715 0.6036232543 0 0.6772371459 0.7097548662 0 0 0 0.6143454766 0.5276330926 0.8561629099 0.5270177399 0 0 0.8972946898 0.8960229483 0.8845914089 0.8826173902 0.890102719 0.8904900918 0.5161345341 0.5092176955 0.5163702479 0.6109769205 0.5672184162 0.5641084694 0 0.7597892591 0.7556899312 0.7536676986 0.759333798 0 0 0 0.7773859373 0.7794821566 0.8904299517 0.7466543422 0 0.5060247038 0.5054436656 0.5050712681 0.5102014636 0.6292092757 0.8481432448 0.5480235281
0.5814885022 0 0 0.5239635082 0.6487946098 0.7817009872 0.7116905424 0.7982196112 0.7516033445 0.759975556 0.5884323962 0.5960136789 0.5909755057 0 0.5830931652 0.5889849867 0.5912578586 0.5973086032 0.6074482549 0.6509768324 0.6431302851 0.6459369241 0.6067569183 0.5967652131 0.5978901848 0 0.6727061974 0.5000800771 0.5513216369 0.6699621282 0.6684230933 0.6202755389 0.5084279208 0.5255286919 0.5259180077 0.6379430564 0.6335431077 0.9059081034 0.8967489358 0.8894716804 0.8875962673 0.8919827812 0.8937897281 0.5427327832 0.7261351782 0.5135602154 0.6164302093 0.7115237695 0 0 0 0.8032681269 0.6392021257 0 0.6837455743 0.7788025376 0.7690536483 0.7743884521 0.7818104518 0.5540666941 0.6194889264 0.770381407 0.5079205322 0.5072432771 0.5052294871 0.6686562073 0.53183211 0.8478407159 0.8469540571
0.5848524063 0.7322777814 0.7263812145 0.727503753 0.6531817044 0.6539324294 0 0 0.8558286528 0.5952292921 0.6074900129 0.5975235554 0.5949999278 0.5864332599 0.5874758901 0.5844993054 0.5908693691 0.6004627555 0.6398553845 0.6352721568 0.6416102535 0.6462165533 0.8858139385 0.5986080107 0.5573707786 0.5558813776 0.5463799846 0 0.5468787798 0.7715243844 0.5998729966 0.5269435916 0.519303567 0.523958288 0.527399983 0.6318570866 0.6103882374 0.8975658437 0.8994185753 0 0.8980322299 0.6797233244 0.5286059923 0.6715395612 0.543099677 0 0.7420137075 0 0 0 0 0 0.879290182 0.6251742133 0 0.7779244122 0.7728181048 0.7777843408 0.7796746596 0 0.775671435 0.8501133279 0.5289355845 0.5320615551 0.5348289666 0 0.5316683124 0.5274504034 0.5376685289
