landscape/hab_quality/256/simulation_000076_p052_h045_HABMAT_patch_more_500pix_modified.asc_ac_0.5_quality.asc
NCOLS 513
NROWS 513
XLLCORNER 0
YLLCORNER 0
CELLSIZE 9.980507
NODATA_VALUE NaN
[rows 180 to 209 of 513, columns 69 to 137 of 513]
0 0 0.5761334925 0.5846679852 0.5851328726 0.8042077458 0.8076772992 0.8092947747 0.81162305 0.8042397819 0.8158875766 0.7962850932 0.812171358 0.7971384674 0.8036854588 0.6276572049 0.6217811912 0.6131282974 0.6203653585 0.6868017962 0.5386499407 0.8248563869 0.5808135268 0.5765112675 0.5752535431 0.5684867767 0.5266804272 0.5238043002 0.8443131108 0.843474598 0.8530538214 0.5421873208 0.5405725292 0.8626974632 0.859379149 0.8647349258 0.7060231738 0.8189028594 0.8192454834 0.8882867901 0.700792652 0.8536256348 0.7690681499 0.8586417573 0.8520958937 0.8448393392 0.850064671 0.8435571501 0.8540755538 0.8559982812 0.6491265608 0.8854344904 0.6545567336 0.7099027099 0.7764074032 0.7760183182 0.7723936702 0.7680141207 0.6535207229 0 0 0.6462951951 0.655306153 0.6630732554 0.6333382277 0.6752601747 0.8689948388 0.8631900551 0.861687168
0.5655855023 0.5736572715 0.5832751475 0.583558502 0.5852170138 0.6012480694 0.8666983014 0.8650119224 0.5996210378 0.7408117755 0.7118263032 0.7953218227 0.792847484 0.8244473349 0.8005942372 0.6285731431 0.6823661532 0.6777773434 0.6805888118 0.6855668202 0.8468840086 0.5885333416 0.585063823 0.5800472723 0.6350245081 0.6402533815 0.6347372746 0.6527886648 0.6523395402 0.6549657145 0.8311727908 0.5844728728 0.8655533916 0.7658829451 0.7800170126 0.7737939936 0.7723641599 0.8220457031 0.8127795699 0.7453523615 0.5933939877 0.8460055536 0.8526490506 0.6831171116 0.8547594835 0.8468964097 0.8427181785 0.8462999631 0.8481132403 0.8488468526 0.6559617332 0.6483448658 0.8649808385 0.5370100975 0.7799467492 0.7752984387 0.7671433215 0.7633066584 0 0.6589072021 0.6516537833 0.6502253382 0 0.7549166246 0.6710110599 0.8734289215 0.862410182 0.8619909925 0.5353958817
0.5733448154 0.5728159846 0.5817204463 0 0.584072574 0.8185941143 0.8584221824 0.5985555964 0 0.5966003994 0.6001061883 0.7933262018 0.7941563777 0.8003774655 0.8016958082 0.6703324096 0.675207727 0.6727431498 0.668091461 0.6672713157 0.5754046766 0.5764638864 0.583117209 0.664958197 0.6432769051 0.6333391485 0.8353087654 0.6435831926 0.648332936 0.6580516439 0.6442120586 0.6472276551 0.6494913455 0.6475306096 0.7782975158 0.7718290624 0.7734078231 0.819813821 0.8156533638 0 0.8472862725 0.8433038232 0.8505421067 0.5980922987 0.8552374389 0.8431336585 0.8412537071 0.8399295413 0.8444293435 0.7307898097 0.6760389894 0 0.7119400566 0.8973089906 0.7761796322 0.7748923723 0.7669865781 0.7630908918 0.769253731 0.7644637349 0.6527716753 0.6566876772 0.8426142888 0 0.7991544904 0.8031447952 0.8718927534 0.7856993171 0.5409059856
0.7100871633 0.5761256767 0.5806804635 0.6037975587 0.6500160184 0.7543941504 0.818105395 0 0.5925801215 0.5933302682 0.5896160153 0.8675364682 0.8048538388 0.7351535091 0.8064962475 0.6733415551 0.6662675612 0.6746267719 0.6665327354 0.6713479837 0.5741057065 0.5763907274 0.7775602499 0.8418393514 0.6394769795 0.6378606228 0.6355045286 0.6459766237 0.6531897505 0.6511945049 0.6274815351 0.6432617529 0.6466447663 0.6493386368 0.6532712678 0.7784126373 0.773912726 0.7131191129 0.850097281 0.8408896984 0.8399331515 0.8456550453 0.7812315122 0.7762387591 0.8359065285 0.8513901731 0.8424946366 0.8421311129 0.8414901497 0.8805784829 0.6954176727 0.8950931686 0.8938385078 0.8992098761 0.721958259 0.7489774088 0.7708384085 0.7670634911 0.7601604524 0.765319235 0.7617491146 0.661641929 0.8454148334 0 0 0.8403943757 0.7956826372 0.7918158683 0
0 0 0 0 0 0.8036164926 0.6853018505 0 0.5960267918 0.5862371986 0.5862765114 0.5897579482 0.7508312045 0 0.8098059339 0.6733766667 0.6706386849 0.6648413703 0.6663092725 0.6757822652 0.7212867737 0.5807685004 0.8505754231 0.8405863347 0.6411104455 0.6477169012 0.6463977254 0.8105507075 0.5651757709 0.5007809073 0.644948235 0.6421025948 0.6431209348 0.6527802555 0.6544226152 0.6565552325 0.6690358335 0.5368872816 0.8423607269 0 0.5615377707 0.8917803699 0.7745188189 0.8266359412 0.8272574188 0.8246803904 0.8500668014 0.8444047847 0.8491149406 0.8741927194 0.8539901316 0.8855403296 0.8951759698 0.655843512 0.7263990472 0.5475582711 0.7850940851 0.7693763473 0.7665462687 0.7607362261 0.7664247897 0 0 0 0 0.6721462798 0.7377700898 0.7284949002 0.8232017871
0 0 0 0 0.5420799707 0.6841822968 0.6758625653 0 0.5957918063 0.5945251785 0.750559478 0.6096414069 0.7522872144 0.7485124706 0.6776882494 0.680869779 0.6745766757 0.6698140508 0.6699955323 0.6730865582 0.6058590567 0.595960456 0.5992076192 0.5160805391 0.8493297276 0.5910098876 0.805263552 0.8056360592 0.6930619676 0.6911316132 0.6494783245 0.6418384172 0.6485586676 0.647095924 0.6565075252 0.6605723366 0.6687094297 0.9126556607 0.7613734469 0.5654677327 0.5585918367 0.7699949948 0.8377229269 0.8298153564 0.8236638175 0.8257897926 0.832202829 0.8520785855 0.8444219566 0.8493398724 0.7314684623 0.6342588528 0 0 0.7737004524 0.7747583207 0.7844268338 0.7734767446 0.7702242257 0.7737701725 0 0.5241431848 0 0.6790995135 0 0.6846032993 0.7343641698 0 0
0 0.6715469614 0.6593088655 0 0.6868733846 0.6856113389 0 0.6711262956 0.6026676401 0.597009352 0.6030346483 0.6128740209 0.5163708716 0.747136454 0.6485725541 0.8723790145 0.7535318448 0.6776505754 0.674408068 0.6700679149 0.7594718703 0.5970802347 0.5929927917 0.591530926 0.5897486148 0.8131419393 0.8060372631 0.8122096729 0.5320043388 0.6565660549 0.6482550497 0.6438180011 0.6421038454 0.6437705165 0.6527181439 0.66396934 0.6651882229 0.9048072157 0.9116185325 0.5721973969 0.8448276321 0.8357619327 0.7684165099 0.8279772974 0.824300371 0 0.8339338104 0.853892715 0.845379051 0.8451215137 0.7223461527 0.7229320714 0.7696916528 0.7682642979 0.7718018921 0.5542506793 0.776701652 0 0.8116939561 0.7801060454 0.5222034763 0.5270712066 0.6837240096 0.7206559719 0.6838555997 0.6964857972 0.6920447947 0 0.783056166
0 0 0 0.8973112846 0 0.5391439018 0.5880100779 0.5440844324 0.6613207473 0.6704045149 0.6692250269 0.6694720696 0.5146376484 0.522508684 0.7490752324 0.8670549294 0.7640611446 0.7502057538 0.7572352656 0.7510324286 0.7638844826 0.5948748296 0.5348476004 0.5885203304 0.5911935149 0.5938882295 0.899923246 0.526476057 0.5820293906 0.5304966039 0.6766620265 0.6465218471 0.6498035249 0.6498498847 0.6554630596 0.6564454334 0.9096283427 0.9087703644 0.9025176664 0.8494626227 0.8375880668 0.8358168781 0.8336682854 0.8333411439 0 0.830488103 0 0.8498613767 0.5380610492 0.5405551207 0 0.7712082417 0.772331565 0.7673134012 0.7742364624 0.7684882547 0.7723908161 0 0 0.816609371 0.527019966 0.5301645701 0.6939978879 0.6928130833 0.7046706593 0.5729187622 0.6877056666 0.6950325991 0.7501999839
0.7271395012 0 0 0 0 0.5377757005 0.5344854078 0.5420041589 0.6775598374 0.8660275506 0.6635354898 0.6713190827 0.5172691953 0.5188513338 0.5314587839 0.7808551907 0.5219931768 0.7544179584 0.7479456507 0.7524821066 0.677893 0.6682643425 0.5964094005 0 0.5906905822 0.5983407118 0.6018359852 0.5253981719 0.5207750678 0.5279440475 0.6702102883 0.6631985504 0.6598333233 0.6522800773 0.6575754481 0 0.6835899244 0.8998691102 0.5469993129 0.5442298978 0.8406361629 0.8387439492 0.8367253305 0.8345033635 0.8348835928 0.8382825865 0.8316582186 0.8468703351 0.5775654969 0.5315270409 0.5346745254 0 0.7695536034 0.7714180302 0.7658837197 0.7722860519 0.7735729578 0 0.6428800288 0.6371370292 0.6464037723 0.8190882405 0.694786894 0.8645486935 0.6989091161 0.6954527271 0.6883802543 0.6956845714 0.7005154722
0.7181648965 0 0 0 0 0 0.5373318016 0.5347979049 0.6199727639 0.6662927389 0.6643944758 0.6701499347 0.6715785623 0.5254996841 0.8665493529 0.7975925769 0.524614332 0.7534912191 0.7303277394 0.72744037 0.7329943842 0.6686723624 0 0.5423779838 0 0.5977961941 0.8009849187 0.5254409804 0.5207950174 0.5268476429 0.6689439648 0.6683083886 0.663959534 0.6602441288 0.6827467637 0.6787622471 0.6817723875 0.8950781387 0.5469768977 0.5394914175 0.5462657073 0 0.5569424978 0.5693080659 0.5692783294 0.5783199078 0.8546452437 0.8529109788 0.5995742215 0.5410062174 0.540206863 0.7708724564 0.7754838546 0.7684935738 0.7731517825 0.7719061873 0.7726992766 0.7750934661 0.5677332032 0.5275199037 0.6390024226 0.5753203085 0.8776457329 0.8749623027 0.8620998061 0.6959188656 0.69813214 0.6905707188 0.6954600497
0.7228826449 0 0 0 0 0 0.6288158659 0.6524324396 0.8734401752 0.8640674591 0.6701563473 0.6719779471 0.6783173265 0 0.582590393 0.6772884577 0.8982727242 0.7387054898 0.7276796434 0.7235692334 0.7262561777 0.7235530392 0 0.5374525513 0.5433153284 0.605357297 0.515595327 0.7891169792 0.6824015103 0.6740677412 0.6781488595 0.6746009237 0.6636038201 0 0.6829865068 0 0.6848779611 0.8355065551 0.713393382 0.5399547767 0.542238546 0.804394197 0.6583000553 0.5753592627 0 0 0.6335720136 0.6079986038 0.602925646 0.725562285 0.7922241284 0.6938489041 0.7759254723 0.7705764838 0.7704375617 0.7763412912 0.778672631 0.7729564787 0.8626361934 0.7508859573 0.6206006915 0.7578238065 0.5402840424 0.8691778625 0.8682043439 0.5014083486 0.8045473964 0.7270439156 0.6990606596
0.5077812838 0 0.5419349341 0.5667640899 0.5478730605 0 0.6372112415 0.6373553478 0.5100989589 0.753966671 0.8568661891 0.860888121 0.6105345549 0.6079731912 0.6099065547 0.6397943093 0.7351620912 0.7339418531 0.7175710515 0.7208308819 0.7153419764 0.7174912038 0.7212337201 0.5410391548 0.5400867673 0 0.7629722014 0.7073245894 0.7891692616 0 0.6783028617 0.6728840815 0.6680172642 0 0.5023243569 0.5008220123 0.5049557999 0.7364634334 0.7396677486 0.7355868922 0.6196920654 0.6225245128 0 0.6541616885 0 0 0.6084282765 0.5417630057 0.5413498219 0.5396495524 0.5442386309 0.693777005 0.6878613485 0.7743591449 0.7790435115 0.7735366328 0.7777819427 0.7779609323 0.7681618738 0.7546943434 0.7501455452 0 0 0 0.875019004 0.8824378828 0.8455840361 0.6122968439 0.7413581439
0.7914144466 0 0.5650485847 0.5388055696 0.6870550491 0.6387954994 0.6448233205 0 0.6650623758 0.8639900937 0.8643879245 0.7628405552 0.604199087 0.6066672929 0.6027020611 0.6077524422 0.6327921911 0.7292299849 0.5224241433 0.714136949 0.7130548106 0.7184602694 0 0.7347173965 0.723186849 0 0 0 0 0 0.8614786881 0.5155262122 0.5088194479 0 0 0 0 0 0.7322142857 0.7340704924 0.5115044195 0.6180367287 0.6174940446 0 0 0 0 0.5328965715 0.5323874354 0.5328610845 0.8218501121 0 0.6896664089 0.6975790558 0.7070771408 0.7797091927 0.7776336483 0.7790934703 0.7660758118 0.7586514678 0 0 0 0 0 0.7697663528 0 0.6875282512 0.747332419
0 0 0 0.547816366 0.6005121267 0.645809171 0 0.5897035503 0.6373440662 0.6670413764 0.6575518484 0.6654897911 0.5005169964 0.5995782425 0.6023186044 0.6045020981 0.6092531385 0.7219022636 0.7217925271 0.7141740947 0.7149012536 0.7140389853 0.7260174729 0 0 0 0 0 0 0 0.5072379276 0.5068466109 0.5789129202 0.6313124738 0.546234785 0.513538097 0.5135317554 0 0.6095602088 0.6089339982 0.8771211812 0.6044512908 0.6096538652 0 0.5898920313 0 0 0.5385271255 0.5413996993 0.8191027562 0.8151462616 0.8133776664 0.7020413462 0.70668796 0.7073405219 0.5739622326 0.7803493841 0.7690863073 0.7643212106 0.7684340457 0 0 0 0 0.7371503743 0.6822379983 0.5013704946 0.9046804845 0.62067408
0.614341202 0 0 0 0.7434786762 0.7339972821 0.595285609 0 0.6310864744 0.7157737091 0.6626364174 0.6558034536 0.6047489733 0.6061256615 0.6047023146 0 0.8959595914 0.8201129648 0.72006532 0.7179785083 0.7179686776 0.7167199024 0.7351934108 0 0.528893574 0.5358031284 0 0 0 0 0.5060987928 0.5144098263 0.5113169826 0.873514651 0.8776184308 0.522488167 0.6691376183 0.5082049923 0.6187417041 0.6089192919 0.60178073 0.6081797613 0.5906786119 0.5880068195 0 0 0.5053327782 0.5480819743 0 0 0.8116223751 0 0.7158675917 0.7116826098 0.7107411737 0 0 0.7697097858 0.7075864459 0 0.6115178807 0.5277614434 0.6029219532 0.5965611853 0.5973845187 0.8027716488 0.8978760962 0.8064951277 0.693723447
0.7146905249 0.6152374413 0 0 0.7152921257 0.7374114853 0.804158721 0.6287602135 0 0.6556988103 0 0.7779598201 0.6562635767 0.6576037526 0.6258602835 0.8947753748 0.893112736 0.7220754281 0.7244312827 0.7250229665 0 0.6664248765 0.6642297328 0.5386500505 0 0.5320596639 0 0.6119883863 0 0.5033496771 0 0.5080196327 0.6378448031 0.882730615 0 0.620208677 0.808552498 0.8426491156 0.6122023597 0.6019706757 0.6079303663 0.6101941507 0.5829383524 0.5868367591 0.578130963 0.5835693283 0.589671499 0.5881065722 0 0 0 0 0.6126572592 0.5235539035 0.5164543588 0 0 0 0.8234796267 0.8305379828 0.7716181908 0 0 0 0.7165256292 0.7184522418 0.8886681085 0 0
0.5231740075 0.5259872811 0 0 0 0.8099019884 0.6327683815 0 0.6478783986 0.6522772457 0.7708777583 0 0 0.6585131872 0.6540630416 0.9007512228 0.8933532529 0.8076662953 0.8061366835 0.8064195597 0.6667698746 0.6619730456 0 0 0 0.5409033304 0.5336324694 0.5028890143 0.511930567 0.7949183732 0.6490276621 0.5113031281 0.6778568872 0.589182208 0 0.5931297284 0.7230576205 0 0 0 0.6103045291 0 0.5869774333 0.5823638341 0.5874323238 0.5853204454 0.5847475665 0 0 0 0 0 0 0 0.8543342394 0 0.6897414767 0.856297631 0.8221564 0.8268394403 0.7796021367 0 0 0.7213939177 0.7157771581 0.7179997572 0.5771759545 0 0
0.5186337164 0.5181654984 0.6190878201 0.7526378956 0.8783649586 0.8697477514 0.8596732219 0.8152757825 0.6509857135 0.5581922479 0.7861355235 0 0.6540390971 0.647811777 0.7239793949 0.715236862 0.6293288246 0.708751173 0.7074025739 0.7128123028 0 0.6705572814 0.6706813944 0 0 0.6612762986 0 0.9059658466 0 0.8944340874 0.6545806596 0 0 0.5901428517 0.5868959636 0.5924882057 0.5748456564 0.5750261352 0.6927443072 0.7045022088 0.8211164527 0.5870028043 0.5901881859 0.5858649119 0.8356942369 0 0.5890814987 0 0 0 0 0 0 0 0 0 0 0 0.8238821838 0.8230433805 0 0 0 0 0.7201200402 0.7257329952 0 0 0
0.5162355249 0.5138243152 0.5136724386 0.5453814718 0.8734024314 0 0 0 0.7343112877 0.7853584355 0.7824220354 0.664634373 0.6407996847 0.6389891035 0.6427262329 0.7052572837 0.7055454188 0.5129535959 0.7070155598 0 0.7008239435 0.7087338911 0.5324142623 0.8950049003 0 0 0.8967563977 0 0.6265010667 0.6329888581 0.5230854607 0 0 0 0.5826105877 0.5849278586 0.7626976186 0.5685786243 0.5720703678 0.7078383224 0.7168998697 0.6151158969 0.6169757599 0.6185584523 0.6307160766 0.6322802829 0 0 0.8864865082 0.5876736822 0 0 0 0 0 0 0 0 0 0 0 0 0 0 0 0 0 0 0
0.5161703139 0.5101733579 0.8259417412 0 0.8732254316 0 0 0 0 0.8448195375 0 0.7768073385 0.6051271241 0.6461940089 0.6431137461 0.5409480756 0.724709014 0.7169937171 0.7040748844 0.6997803649 0.7029341137 0 0.9184365363 0.8892121085 0.8890395827 0.8881169806 0 0 0.8953128032 0.7190189256 0 0 0.5929827052 0.5840630789 0.5803310168 0.5900175754 0.5963468241 0.6462117001 0.7140296236 0.7265030958 0.8152486255 0.6219172104 0.6130150602 0.6148915695 0.7610705385 0.6245879093 0 0.7542065261 0.7625272903 0 0 0 0 0 0 0 0 0 0 0 0 0 0 0 0.6292282942 0.6309535051 0 0 0.7449341938
0.5133550583 0.5078704377 0.5145966062 0 0 0 0 0 0 0.8548986381 0.5204601636 0 0.7858467766 0.5009690774 0.8232456678 0.5445440804 0.5533586996 0.711036484 0.7006814745 0.7097802111 0.7071645903 0.7119297719 0.9161025509 0.8973971606 0 0.892810719 0.8921063175 0.8940716638 0 0.7207662679 0.8531192623 0 0.5895576121 0.5863880679 0.5882847688 0.5876292925 0.5925107265 0.6515728245 0.8634803768 0.6657945933 0.5382742315 0 0.8553718703 0.6145876305 0.7626647066 0.7579874218 0.7585726267 0.7538099305 0.7593709711 0 0 0 0 0 0 0 0 0 0 0 0 0.8968816317 0 0 0 0.6230057788 0 0 0.6261164548
0.5108787297 0.5090693624 0.5115195267 0 0.6340470371 0.6360450129 0 0 0 0.6489630198 0.822879109 0.6567120292 0.8740755317 0.7446041106 0.6545361751 0.8847369412 0.7997142575 0.8048739279 0.7156251302 0.7104212583 0.71256319 0.9102657436 0.9062075951 0 0 0.9167911784 0.8981946309 0.8971447158 0.9036012961 0.8596801639 0.5344694735 0.5380659167 0.5941009218 0.7836869764 0.5961845187 0.5967914174 0.5947359504 0.5420170174 0.6449111547 0.8670057849 0.8652630333 0.862737716 0.8628970591 0.5073193321 0.7638219038 0.7633291558 0.7557334371 0.7529530979 0.750905155 0 0 0 0 0 0 0 0 0 0 0 0 0.887876154 0 0 0 0 0.63063758 0.5954932893 0
0.5401975147 0.5169219094 0.5182412558 0.5170098024 0.7317853871 0 0 0 0 0.8551237702 0.7256314056 0.6532685645 0.6529607757 0.6534134454 0.6552957293 0.8069241393 0.802239649 0.7981523089 0.8023805374 0.8065737745 0.8953036724 0.8980882522 0.9003263062 0.9076574645 0.9116767906 0.5936234172 0.596526217 0.8828293425 0.5343524124 0 0.7654957605 0.5337621008 0.5403100595 0.6013881752 0.5998121806 0.6049614343 0.5439518009 0 0.6708840831 0.6195223978 0.5705526049 0.8408431533 0.8497202236 0.8661834251 0.7609249089 0.7602010282 0.7608075457 0.7589823505 0.7536095568 0 0 0 0 0 0 0 0 0 0 0 0 0.8856517417 0.8805748957 0.8825719121 0.8740959229 0.8815115632 0.8898823197 0.5910317796 0.5857261378
0.5398519293 0.5439686305 0.7525628406 0.6451227558 0.6394598067 0.6391228703 0 0.5867634092 0.5774109729 0 0 0 0.8329353558 0.6492411636 0.5353348282 0.8130522016 0.8057596618 0.8009262169 0.8030517215 0.8061702463 0 0.8920288082 0.8967978035 0.9078858244 0.912118991 0.9194428392 0.5991415258 0.5338128551 0.8127327224 0.5345470722 0.5313811906 0.5379489885 0.5400799333 0.6041379027 0 0 0 0 0 0.6696559511 0.6627294015 0.6653369035 0.6609599837 0.5144263138 0.7609396917 0.7622907088 0.7656318162 0.7367931042 0.7429336277 0 0 0 0 0 0 0 0 0 0 0 0 0.88818358 0 0.8750186501 0.8806435681 0.8754940235 0.6464512069 0 0
0.7405107043 0.7487135063 0.7451131324 0.8579368428 0.6405330122 0.6348361859 0 0.580176298 0 0 0.8356357983 0.8278061402 0.8285989324 0.8325999487 0.6546689138 0 0.8081939512 0.8124995437 0 0.68495812 0.8978924625 0.8977879266 0.8989152798 0 0.9138103991 0.9195497829 0.6456584246 0 0.7413092641 0.5945017082 0.5363148751 0.5386093952 0.5450659879 0 0.7097142159 0 0 0 0 0.6672806795 0.6678583077 0.6596618588 0.6664955566 0.6884032182 0.6928499638 0.7099463753 0.7370430754 0.7420066448 0 0 0 0 0 0 0 0 0 0 0 0.8451749849 0 0 0 0 0.8821155108 0.6055005689 0.7343173734 0.7356474073 0.5930602661
0.7421980024 0.7426492255 0.7427109065 0.8549477029 0.8528071458 0.6440923034 0 0 0 0 0.7929598594 0.7992006673 0.8274422028 0 0.6609582848 0.6554001921 0.7157940863 0 0.8174405889 0.6859414577 0.9064974941 0.5745032588 0.8985292333 0 0.9145779979 0.914109964 0 0.6355981016 0 0.5494394162 0.9023032337 0.6904668775 0.5526995493 0.7742969538 0.782783984 0 0 0 0 0.6058531273 0.6670446645 0.6689653849 0.6821953502 0.6910721695 0.6983917267 0.7009192383 0 0.7586229849 0.8424264789 0.6306434366 0.8561978567 0 0 0 0 0 0 0.8334626357 0.8401219375 0.838913101 0 0.5981008339 0.650128115 0.7282012607 0.7571695475 0.7654737556 0.7637568145 0.6957748582 0
0 0.7495821465 0.7467018512 0.8600849035 0.6536253333 0.6483698715 0 0 0 0 0 0.7895873309 0 0 0 0 0.7683684678 0 0.697683284 0.5973442754 0 0.5774344346 0.8536869935 0.5458020344 0.5333580463 0.8433167778 0.8654366935 0.9007131306 0.8982183703 0.8957188527 0.8966652075 0.5052080747 0.5458234866 0.674670072 0.7730480353 0.6926234482 0 0 0 0 0.6231282099 0.6142576928 0.6215189432 0.6499119689 0.6014380155 0.7364733968 0.685902159 0.7539117545 0.5820713122 0.5918492911 0.7479236488 0.5664485217 0 0 0 0 0 0.8353632255 0.8411892202 0.8361246582 0.6803988388 0 0 0.8600180165 0.7664441804 0.7525019027 0.7113516337 0.6937085929 0.6881837038
0 0 0 0.6794932348 0 0 0 0 0 0 0 0 0 0 0 0 0 0 0.6599171956 0.594074215 0.6316525538 0.6287006791 0.6268612346 0.5269858136 0.5281439765 0 0.7876051847 0.9061692509 0.896602124 0.899141717 0.9052438012 0.8928821527 0.8162482435 0.6968658398 0.6899996308 0.6414679096 0.8969877475 0.6173893556 0.8490810084 0 0.6170690171 0.6160582079 0.7425816921 0.6207588542 0.5564129939 0.7133407093 0.7597027577 0.7605212864 0.7540825608 0 0.5272043764 0.7908416106 0 0 0 0 0 0.8363651106 0.834573373 0.7468382207 0.7486002688 0.8635590997 0.8571396952 0 0 0.5333002006 0.6887563989 0.6860150037 0.6897597974
0 0 0 0 0 0 0 0 0 0 0 0 0 0 0 0 0 0 0 0.5754862502 0.6259109772 0.6245266187 0.6237416681 0 0.5279201512 0.7863422945 0.7953227375 0.7254579763 0.903602066 0.9078573306 0.5180530958 0 0.694249782 0.6913319085 0.6911932548 0.695290992 0.6463692896 0 0 0 0 0.6218727571 0.6199172398 0.8762133476 0.8822882426 0.880392667 0.8733786484 0 0 0 0 0.7857581895 0 0 0 0 0 0.842775686 0.8395501928 0.8457690076 0.7557209104 0.8603592402 0.8631689667 0 0.8813872736 0.5267111132 0.6868478815 0 0.6957638717
0.7294051799 0.5656536154 0 0 0 0 0 0 0 0 0 0 0 0 0 0 0 0 0 0.6139927279 0.619125697 0.619170092 0.6253615934 0.5317781722 0.5305699153 0.5359750383 0.5649089992 0.8081204402 0.8058082669 0.8101268665 0.818862326 0.8120682971 0.7279962036 0.7025027866 0 0 0.6971383653 0 0 0 0 0.713484478 0.625118174 0 0 0.652682912 0.6048899246 0.6581854242 0 0.7790580108 0 0 0.7901358156 0 0 0.7491935241 0.7525543542 0.8493140703 0.8405826892 0.8491443377 0 0 0.5999067901 0.6012064343 0 0.5276645903 0.5257625453 0.5343260164 0.8285340376
