landscape/hab_quality/256/simulation_000060_p027_h070_HABMAT_patch_more_500pix_modified.asc_ac_0.5_quality.asc
NCOLS 513
NROWS 513
XLLCORNER 0
YLLCORNER 0
CELLSIZE 9.980507
NODATA_VALUE NaN
[rows 180 to 215 of 513, columns 324 to 404 of 513]
0 0 0 0 0 0 0 0 0 0 0 0 0 0 0 0 0 0 0 0 0 0 0 0 0 0 0 0 0 0 0 0 0 0 0 0 0 0 0 0 0 0 0 0 0 0 0 0 0 0 0 0 0 0 0 0 0 0 0 0 0 0 0 0 0 0 0 0 0 0.7206706522 0.6484858188 0.6539360586 0.5345266289 0.8271814725 0.5557079158 0.5592285363 0.5610563171 0.5551338093 0.8325853538 0.8274879948 0.8326787912
0 0 0 0 0 0 0 0 0 0 0 0 0 0 0 0 0 0 0 0 0 0 0 0 0 0 0 0 0 0 0 0 0 0 0 0 0 0 0 0 0 0 0 0 0 0 0 0 0 0 0 0 0 0 0 0 0 0 0 0 0 0 0 0 0 0 0 0 0 0 0 0 0 0 0 0.5525426019 0.5532272651 0.5559964374 0.8257036405 0.8263538384 0.8300880652
0 0 0 0 0 0 0 0 0 0 0 0 0 0 0 0 0 0 0 0 0 0 0 0 0 0 0 0 0 0 0 0 0 0 0 0 0 0 0 0 0 0 0 0 0 0 0 0 0 0 0 0 0 0 0 0 0 0 0 0 0 0 0 0 0 0 0 0 0 0 0 0 0 0 0 0.5542397242 0.5493896187 0.5477475582 0.8238610373 0.8274440588 0.834435056
0 0 0 0 0 0 0 0 0 0 0 0 0 0 0 0 0 0 0 0 0 0 0 0 0 0 0 0 0 0 0 0 0 0 0 0 0 0 0 0 0 0 0 0 0 0 0 0 0 0 0 0 0 0 0 0 0 0 0 0 0 0 0 0 0 0 0 0 0 0 0 0 0 0.6887088742 0.5573862479 0.5550506276 0.5460644822 0.5529299112 0.8234890794 0.8330348979 0.8293897336
0 0 0 0 0 0 0 0 0 0 0 0 0 0 0 0 0 0 0 0 0 0 0 0 0 0 0 0 0 0 0 0 0 0 0 0 0 0 0 0 0 0 0 0 0 0 0 0 0 0 0 0 0 0 0 0 0 0 0 0 0 0 0 0 0 0 0 0 0 0 0 0 0.6873586887 0.5714076883 0.5612712551 0.5478981225 0.5557268754 0.5526648365 0.8275154367 0.8235328704 0.6776496724
0 0 0 0 0 0 0 0 0 0 0 0 0 0 0 0 0 0 0 0 0 0 0 0 0 0 0 0 0 0 0 0 0 0 0 0 0 0 0 0 0 0 0 0 0 0 0 0 0 0 0 0 0 0 0 0 0 0 0 0 0 0 0 0 0 0 0 0 0 0 0.6944455376 0.686086675 0.6944523213 0.8172994905 0.8116047158 0.8105744274 0.7376644409 0.7883188252 0.8264371697 0.8253846316 0.8318358598
0 0 0 0 0 0 0 0 0 0 0 0 0 0 0 0 0 0 0 0 0 0 0 0 0 0 0 0 0 0 0 0 0 0 0 0 0 0 0 0 0 0 0 0 0 0 0 0 0 0 0 0 0 0 0 0 0 0 0 0 0 0 0 0 0 0 0 0.8779168975 0 0 0.6890304217 0.6959040838 0.6936679586 0.8185497383 0.8104350257 0.8113597144 0.51020319 0.6644383559 0.6236027409 0.897173067 0.8985630445
0 0 0 0 0 0 0 0 0 0 0 0 0 0 0 0 0 0 0 0 0 0 0 0 0 0 0 0 0 0 0 0 0 0 0 0 0 0 0 0 0 0 0 0 0 0 0 0 0 0 0 0 0 0 0 0 0 0 0 0 0 0 0 0 0 0.5718071185 0.8695489417 0 0 0.871054494 0.8019487651 0.7732276188 0.5139591873 0.8125656728 0.8106230738 0.8199488253 0.8908757546 0.6595701306 0.8748436378 0.8973846302 0.8890874172
0 0 0 0 0 0 0 0 0 0 0 0 0 0 0 0 0 0 0 0 0 0 0 0 0 0 0 0 0 0 0 0 0 0 0 0 0 0 0 0 0 0 0 0 0 0 0 0 0 0 0 0 0 0 0 0 0 0 0 0 0 0 0 0 0 0.7937335852 0.5673062636 0.6364264448 0.5835671677 0.6354229019 0.580083987 0.8559909937 0.7646958791 0.7699738713 0.8906849659 0.8901601044 0.8883843818 0.8979324905 0.8714156073 0.8678863883 0.8724574477
0 0 0 0 0 0 0 0 0 0 0 0 0 0 0 0 0 0 0 0 0 0 0 0 0 0 0 0 0 0 0 0 0 0 0 0 0 0 0 0 0 0 0 0 0 0 0 0 0 0 0 0 0 0 0 0 0 0 0 0 0 0 0 0 0.6213371407 0.5679070301 0.5409105486 0.5664681827 0.5680943765 0.576187041 0.5782747228 0.7702049778 0.7667900406 0.7741349784 0.7461153127 0.8848358179 0.8891552848 0.6263038722 0.8779735749 0.8697315523 0.8648214795
0 0 0 0 0 0 0 0 0 0 0 0 0 0 0 0 0 0 0 0 0 0 0 0 0 0 0 0 0 0 0 0 0 0 0 0 0 0 0 0 0 0 0 0 0 0 0 0 0 0 0 0 0 0 0 0 0 0 0 0 0 0.7558069642 0 0 0.6204714289 0.5854611381 0.5800978394 0 0.5663103207 0.5381416932 0.5781166841 0.7740636229 0.7671615862 0.6047658286 0.8858562776 0.8920562104 0.8876216572 0.8726562018 0.8686528662 0.8587392444 0.8587815921
0 0 0 0 0 0 0 0 0 0 0 0 0 0 0 0 0 0 0 0 0 0 0 0 0 0 0 0 0 0 0 0 0 0 0 0 0 0 0 0 0 0 0 0 0 0 0 0 0 0 0 0 0 0 0 0 0 0 0 0 0 0.6288030293 0.6276413459 0.6229440685 0.5396061568 0.8682064995 0.5834540045 0.5747199938 0.5330644818 0.5388692525 0.5421113369 0.8834519602 0.7779112232 0.5163736328 0.8983980859 0.5728720136 0.581684945 0.7913848875 0 0.8577564626 0.8554906251
0 0 0 0 0 0 0 0 0 0 0 0 0 0 0 0 0 0 0 0 0 0 0 0 0 0 0 0 0 0 0 0 0 0 0 0 0 0 0 0 0 0 0 0 0 0 0 0 0 0 0 0 0 0 0 0 0 0 0 0 0.8340426829 0.8378684082 0.8309742237 0.8452883464 0.8502039476 0.706432383 0.5775320787 0.6364854268 0.536911815 0.5416540695 0.5434906893 0.5531439562 0.8707351455 0.8193226399 0.5240337928 0.8285073202 0.5674719611 0.5716884453 0.8663812912 0.8605633364 0.8582991314
0 0 0 0 0 0 0 0 0 0 0 0 0 0 0 0 0 0 0 0 0 0 0 0 0 0 0 0 0 0 0 0 0 0 0 0 0 0 0 0 0 0 0 0 0 0 0 0 0 0 0 0 0 0 0 0 0 0 0 0.7195128996 0.8366944513 0.8281251384 0.8353273636 0.8420648564 0.5688423008 0.5052681063 0.5094402285 0.5085285428 0.5449999457 0.5424478188 0.5446063013 0.785476841 0.6101749512 0.8248089875 0.5732595502 0.5702549407 0.5651636821 0.56428829 0.8666281191 0.8635255268 0.8652096893
0 0 0 0.8369724207 0 0.7493378479 0 0 0 0 0 0 0 0 0 0 0 0 0 0 0 0 0 0 0 0 0 0 0 0 0 0 0 0 0 0 0 0 0 0 0 0 0 0 0 0 0 0 0 0 0 0 0 0 0 0 0 0 0 0 0.8310904865 0.8302091577 0.8332723339 0.8452302337 0.8466021312 0.5094897722 0.5042699683 0.5114698928 0.789736603 0.7921922924 0.7826244497 0.7822918299 0.7817133075 0 0.5742926497 0.5698709592 0.5676031569 0.5741506516 0.5677322325 0.5766838892 0.8676732709
0.7979799308 0.5393708935 0 0.6303433555 0.7562033516 0.7498041904 0.7428077393 0 0 0 0 0 0 0 0 0 0 0 0 0 0 0 0 0 0 0 0 0 0 0 0 0 0 0 0 0 0 0 0 0 0.6377756153 0 0 0 0 0 0 0 0 0 0 0 0 0 0 0 0 0 0 0 0 0.8430332686 0.8363861315 0.839094823 0.7695036315 0.5089389362 0.512791985 0.5142015152 0.78565678 0.7706956269 0.7705296229 0.7727583065 0.7822665283 0.8346203587 0.5792439823 0.5751330624 0.5776112861 0.5772959964 0.576325973 0.5677703846 0.805648064
0.723084058 0.640895379 0.6953180052 0.7579601926 0 0.7469732054 0.74870244 0 0 0 0 0 0 0 0 0 0 0 0 0 0 0 0 0 0 0 0 0 0 0 0 0 0 0 0 0 0 0 0 0 0 0.6013151414 0.601170467 0.7126194006 0.7139271308 0.7108329104 0.6648746038 0.820557216 0 0 0 0 0 0.6774071141 0 0.6928831447 0 0 0 0 0 0 0.8446000121 0.6094826578 0.603085601 0.6001053077 0.6042137608 0.7954329427 0.7848964472 0.7782388429 0.7704320752 0.7760598627 0.5707022986 0.5727718815 0.5832313631 0.579764625 0.5861564845 0.7573387078 0.7522342086 0.7472727821 0.7499960906
0.8463814753 0.8539024786 0.7645204758 0.7564324778 0.7544115894 0.7519248243 0.7705719256 0 0 0 0 0 0 0 0 0 0 0 0 0 0 0 0 0 0 0 0 0 0 0 0 0 0 0 0 0 0 0 0 0 0 0.5941550364 0.611663388 0 0.7045663642 0.706189048 0.6553826357 0.8135108406 0.8161861476 0 0 0 0 0.6751478072 0.6947272528 0.6917166505 0 0 0 0.7287093246 0 0.7042201314 0.5186154378 0.8137724844 0.6031112366 0.5958824502 0.5978981927 0.7900586917 0.785601512 0.7766680054 0.7775042744 0.7722255913 0.7813935449 0.576117543 0.8772003428 0.8306136067 0.8356916962 0.7432024592 0.742953157 0.7429557243 0.7432699326
0 0.7078285899 0.7627053625 0.5588537649 0.7637258187 0.7582503948 0.6206917882 0.849872439 0 0 0 0 0 0 0 0 0 0 0 0 0 0 0 0 0 0 0 0 0 0 0 0 0 0 0 0 0 0 0 0 0 0.8794613453 0 0.7080389704 0.7130309272 0.7046747029 0.8071887227 0 0 0 0 0 0.6829908453 0.6816926212 0.6783305375 0.6875068319 0.5759141551 0 0 0 0.8529329559 0.8986919736 0.6156420709 0.6124854202 0.597313944 0.6035344614 0.5985733945 0.7291271561 0.7362533664 0.7297671677 0.773005285 0.7801034021 0.7756551008 0.8887897166 0.8966249701 0.8245604096 0.8265003916 0.8190693015 0.7355037575 0.7402020607 0.7466657388
0 0 0 0.6802147944 0.6775301866 0.7452980038 0.5981042694 0.8143906453 0 0 0 0 0 0.5100974245 0.5169086942 0 0 0 0 0 0 0 0 0 0 0 0 0 0 0 0 0 0 0.6871643662 0 0 0 0 0 0 0.7665126035 0.7725650537 0.8229707103 0.6057164332 0.7088738917 0.7100612546 0.821212887 0.814850719 0.8273856362 0.8295807348 0 0 0.7757706093 0.6855923143 0.6859899303 0.7743109994 0 0 0 0 0 0.7748878163 0.6197900626 0.6172792781 0.6918995588 0.5286346262 0.6065873705 0.7310942244 0.7289511891 0.7333003136 0.7672178004 0.8808217174 0.8895563804 0.8842244908 0.8202466398 0.8274882089 0.8177835652 0.8203862695 0.740757489 0.7385771854 0.676502822
0 0.7620502567 0.6775612489 0.6714597259 0.673686629 0.6723936858 0.6738887078 0.6782417346 0.8123154106 0 0 0 0 0.5188223711 0 0.874307668 0 0 0 0 0 0 0 0 0 0 0 0 0 0 0 0.6966634119 0.6954866603 0.6965603135 0.6936218911 0 0 0 0 0.7045344258 0.7664840058 0.8995357869 0.5869127563 0 0.5932610948 0.830401366 0.8200456945 0 0.8176241668 0.8275333683 0 0 0.8418659427 0.5798628506 0.5990177883 0 0 0 0 0 0.8557772596 0 0.765089131 0.7691793924 0.8107127205 0.8173184875 0.8128327359 0.7345480618 0.5770626372 0.5840717768 0.8863042583 0.8819477472 0.8801936026 0.8782634246 0.8222147353 0.8200143775 0.8275483196 0.8243808273 0.7470807981 0.7481644843 0.6669027319
0.7584520345 0.818473872 0.6686245036 0.6714089835 0 0.6710206571 0.6683770798 0.6770843464 0.6800176603 0 0.7678125907 0 0 0.5188812342 0 0.7584821271 0 0 0 0 0 0 0.7559111164 0 0 0 0 0 0.629437012 0 0.7116067182 0.7048427759 0.7046823586 0.816595187 0.8134154225 0 0.8261542713 0 0 0.7848939519 0.7719217225 0.7733333862 0.7776655604 0.5919037968 0.5959936752 0 0.8301343221 0.8207551891 0 0.8199603681 0 0 0 0.6202297943 0.610453118 0 0.5911469189 0 0 0 0.7050572478 0.7653391009 0.5949175915 0.7636180993 0.8127557839 0.8078358532 0.8122084338 0.6853241472 0.6762906333 0.8081519321 0.8840319895 0.8777843708 0.8732886136 0.8832234779 0.8211284867 0.7851078402 0.8346098177 0.829968145 0.8390654789 0.6669306282 0.6713111238
0.7638088493 0 0.6682895589 0.6624459944 0.6598781439 0.6624404482 0.6722871945 0.6740049034 0.684175574 0 0.6395044203 0 0.8360301696 0 0 0.5820611314 0.8521900882 0.6159574612 0.5679858496 0.7630953273 0.7554950041 0.755166452 0 0 0 0.7006479019 0 0.824462525 0.819055747 0.7228229258 0.7142945411 0.8626133025 0.5051149382 0.8544646436 0.8610713935 0.8869154801 0.6118080916 0 0.6217798868 0.5128494787 0.7731440242 0.7744099284 0.7767493949 0.7861513561 0.5919310531 0.8282205528 0.8233909849 0.8218471649 0.8272231022 0 0 0 0 0.8456285556 0.6186600795 0.6220323255 0.5841178864 0.5926184121 0.5921923911 0.7873763215 0.888409332 0.5262635326 0.7689359713 0.771945639 0.8086128747 0.8082300615 0.8622371865 0.6812698437 0.8422948189 0.8779282695 0.8759500367 0.875039088 0.8794817262 0.8742343337 0.8921849484 0.7884211013 0.8394742141 0.8333990182 0.8354374116 0.8412204207 0.5267372478
0.7709745491 0.5160802666 0.6587702688 0.6630095216 0.659134375 0.664955673 0.6706424455 0.6789483565 0.8233636065 0.6389951684 0.6747337756 0.5665377353 0.5631166397 0.8638297607 0.5873891476 0.8561082261 0.8533469553 0.5554583566 0.5590244511 0.7624525139 0.7631923235 0.7641767778 0.8010001716 0.9180475942 0.914455894 0 0 0 0 0.842075374 0.7215411668 0.8622960615 0.8561541482 0.8525735617 0.8631266877 0.8421607134 0.8769710002 0 0 0.5025706482 0 0.781981001 0.7833173295 0.7935209603 0.7910089077 0.6578753198 0.6645807859 0.6615204746 0.8268054154 0 0 0 0.7748974098 0.6203451549 0.6166382182 0.621009085 0.6754593909 0 0.6786505811 0.8430715398 0.870226597 0.8685718624 0 0.8058313098 0.5842777965 0.679309918 0.673839203 0.6774242045 0.6910405541 0.8497725252 0.8776547401 0.8839998297 0.8791704365 0.8763178056 0.8809436799 0.7174448777 0.5580725015 0.5580915014 0.5512148261 0.710941967 0.5533096494
0 0 0.6641304914 0.6579391721 0.666347651 0.8220902532 0 0.8164683962 0.6593276082 0.7124503084 0.6398633003 0.6275237127 0.6032824599 0.8644658379 0.8630892652 0 0.5595213385 0.5520391356 0.5577210106 0.5689595108 0.7630250232 0.8069206146 0.8120277203 0 0 0 0 0 0 0 0 0 0 0 0 0.8546028107 0.8410942071 0 0.8461152942 0 0.8671709236 0.7302615423 0.7315379412 0.734364683 0.6519674221 0.6589851073 0.6563374972 0.6645763262 0.7884992254 0 0.8361769162 0.8319174574 0.6384486332 0.6452490416 0.6464201503 0.6402305147 0 0 0 0.828015386 0.8658293213 0.5955801573 0.525468061 0.5267350603 0.8208923576 0.6737247174 0.6725714469 0.6780847125 0.6827253666 0.5767720347 0.8848468829 0.891621222 0.8926686776 0.8870189033 0.7346333994 0.5945771968 0.8105549545 0.5487632299 0.5453116023 0.5437557172 0.5508723885
0 0 0 0.6644892982 0 0.8255679386 0.8134486337 0.8175145711 0.6520631792 0.6545222656 0.6805627798 0.5354568258 0.8317276161 0.8721449586 0 0.8667490705 0.6771362256 0.5578471291 0.6558992717 0.7686071411 0.7658360205 0.8212114374 0.815376045 0 0 0.9103189368 0 0 0 0.7240152823 0.7618425445 0.6654364515 0.6755863371 0.6670510361 0.5937921883 0.8431070819 0.8411028801 0.8406497801 0.8503516519 0.8599132377 0.8605041115 0.7226203035 0.7265541451 0.7278608334 0.6579733196 0.6513242961 0.6553785306 0.6557534753 0.6700246065 0 0.8378999723 0.8461344672 0.6365311468 0.6329932521 0.638974529 0.6654327581 0.6633322708 0 0.8275745432 0.8370634314 0 0.8805884111 0.5205474143 0.5267149049 0.7687872191 0.6786779407 0.6777745845 0.6814665082 0.833749179 0.5676361634 0.5606289631 0.5678611368 0.5611065062 0.5134431004 0.8914976083 0.5901792088 0.7643760453 0.5346665331 0.5390492168 0.5383311255 0.551338494
0 0.541086218 0.6867202055 0.5963385494 0 0 0.8285379961 0.8045598719 0.7280703889 0.7325264571 0.7593874144 0.897935852 0.8331939471 0.8283310398 0.8346803701 0 0.6686951575 0.6608407833 0.7728352231 0.7713910586 0.829501624 0.8311006616 0.8158055166 0.9165767514 0 0.8987703349 0.9032142028 0 0 0.9120378051 0.50043486 0.5629569599 0.6768304696 0.6759043681 0.6759059149 0.602447643 0.8497150495 0.8540860425 0.8544813878 0.8585098641 0.863347464 0.72043062 0.7182427929 0.6453000936 0.5378198071 0.6486018853 0.6501193195 0.6567642331 0.6625261193 0.6815556806 0.651568752 0.6426268483 0.6381938585 0.6299196801 0.6574751359 0.6521720578 0.6595436806 0.6550607325 0.6648808772 0.8279825541 0.5354030369 0 0.5281578421 0.8322858871 0.5034159435 0.5047518407 0.7785705326 0.7047530919 0.613683632 0.7075049746 0.5676121418 0.5602224347 0.5056250877 0.5850807182 0.6733769171 0.5984044416 0.6066001498 0.5323204994 0.5309552967 0.5399123614 0.5415551407
0 0 0 0 0 0 0.6303531571 0.7180547647 0.7222288386 0.7229407746 0.7257639626 0.7280069666 0.8330429933 0.8284706585 0.8262165274 0.8318966708 0.8311896335 0.760029081 0.6651463565 0.7113409088 0 0.8350236655 0.925486805 0.9145567756 0 0.8974776459 0.898207004 0.9007935649 0.9031970643 0.8823611462 0.8446332905 0.8820661822 0.8360010103 0.6780429475 0.6106271262 0.8570039678 0.8505592921 0.8576047411 0.8547742497 0.8587937047 0.864625246 0.7210338378 0.7174389783 0.7207374818 0.6367641561 0.6424930363 0.6445902752 0.6569208659 0.6634451415 0.6719371909 0.6362565187 0.6412659966 0.6438539799 0.6539935318 0.6516795294 0.6520560847 0.6522228152 0.6578998527 0.6583161383 0.5379131229 0.5329177699 0.6332389697 0.6264284772 0.6275063547 0.7022794562 0.5102908211 0.6465815721 0.8094150933 0.8173656788 0.5032769583 0.8669403698 0.5105081913 0.5044723242 0.5056947766 0.8158195208 0.5549065503 0.5431992822 0.5332315011 0.5402624624 0.8409970854 0.8400072621
0.7150600592 0 0 0 0 0.6319717802 0.5041379832 0.7260746664 0.7175129576 0.5656424069 0.7228334437 0.600175426 0.5949749952 0.8335108805 0.8325892023 0.8303874224 0.8316371777 0.710167619 0.70768977 0 0.5900304751 0.7087921567 0.9171981486 0.9147198224 0.6067942461 0.8947011286 0.8928073045 0.8949799369 0.9021521846 0.8788329096 0.8742189568 0.8733995583 0.8789269869 0.8330817313 0.8318553954 0.829811585 0.6000397877 0.8498383616 0.8383673653 0.8420022731 0.8449984567 0.7272882781 0.6480775422 0.6312840693 0.6326811426 0.6254329733 0.647784136 0.6540818908 0.6636966764 0.6645608802 0.6388961957 0.6346640564 0.649216067 0.648334431 0.6505666022 0.6570410137 0.6551747291 0.6574654734 0.6280026718 0.6218110922 0.6304085955 0.629708505 0.6256491763 0.6305643633 0.6342782918 0.8901736982 0.8163287589 0.8164597478 0.622124386 0.6174301335 0.6098979699 0.783183284 0.5056320288 0.507830082 0.55241734 0.5569571052 0.8317996495 0.5386045631 0.8901898614 0.8386803804 0.8320166947
0 0.8165023619 0.8904817634 0 0 0.6287250271 0.5102249864 0.729392182 0.7223894946 0.7147009604 0.718250115 0.5912299128 0.8789080629 0.8748486937 0.8364136078 0.8381697191 0.8684385617 0.714990769 0.7104123418 0 0 0.5487653228 0.8103514914 0.8555742112 0.5915500575 0.5442453761 0.897454366 0.8943990627 0.9038118191 0.8763507893 0.8721568509 0.870963127 0.8748538438 0.8720222571 0.8292106852 0.5916565415 0.5952314833 0.8433304428 0.8461371415 0.8383256813 0.8384868903 0.6392965231 0.6293465946 0.625828906 0.6247898503 0.6273183799 0.6286444724 0.8096017674 0.8147902712 0.8068753087 0.6259299829 0.6219616325 0.632511776 0.6427851078 0.652661419 0.6574008826 0.663261978 0.6741018086 0.6265718039 0.6220966113 0.6215574589 0.6215310012 0.6245111879 0.6257430608 0.6266359451 0.7127783927 0.7113717533 0.7094047561 0.7094230572 0.618465249 0.6121702282 0.8659797999 0.6527301856 0.5527111151 0.5533729025 0.8099685822 0.8395840986 0.8503271706 0.8410483197 0.8400893458 0.8380091375
0.5460656706 0.562563696 0.8073838637 0.8467970135 0.8774387546 0.529202957 0.7387329195 0.7321637057 0.7150533318 0.7162844062 0.723960862 0.8809048505 0.871327951 0.8752154028 0.8798078129 0.8819839874 0.72600703 0.695085125 0 0 0 0.5401057089 0.7071685135 0.5427431561 0.5350256708 0.5406880664 0.5347113718 0.5466656164 0.8111062841 0 0.8760246468 0.8782394849 0.8703118421 0.8668707001 0.876566354 0.5866813147 0.8341960748 0.8403464992 0.8362855541 0.8419569502 0.7196493891 0.6699745112 0.6273521917 0.6287208326 0.6332364354 0.6393011654 0.6347170433 0.6083635721 0.6078750015 0.611106051 0.6198930283 0.6226146442 0.6332925252 0.9092095435 0.6896031234 0.6641283869 0.6715064216 0.6795622888 0.6307849952 0.627366894 0.629657934 0.6227725009 0.6272329216 0.6350412992 0.6323137425 0.711810393 0.7096144041 0.7079015904 0.7142123647 0.5682036981 0.565950735 0.5613181068 0.5546148473 0.5567319484 0.5557776819 0.5551587391 0.5610813482 0.8470367695 0.8474591903 0.846419359 0.8396500352
0.7621967025 0.5550397513 0.8168643821 0.8112259109 0.7678407872 0.7226669571 0.7291485001 0.7233186125 0.7211314745 0.6301898709 0.7249121486 0.8784407507 0.8727658935 0.8794003069 0.8849341229 0.7216179046 0.835701096 0.6544986422 0.8305677862 0.6558597255 0.6581268723 0.5395882808 0.5356297545 0.7025485309 0 0.5320399982 0.5418764739 0.5443785514 0.5886803651 0.8481374755 0.8468220597 0.845191037 0.8757392123 0.5558515954 0.5816595834 0.8362736149 0.8383419054 0.8334367523 0.8343902686 0.7176556047 0.6577724434 0.6724142665 0.6715235049 0.7220181946 0.7413233843 0.7347051306 0.6382720335 0.6111897368 0.6140725189 0.605103028 0.6120449537 0.6284957854 0.9018411175 0.6879445438 0.6968725303 0.5657017333 0.5670798809 0.671886239 0.6698745088 0.6329280295 0.6316139141 0.6321159447 0.5124290787 0.9258251626 0.7146145747 0.7141283045 0.5913219002 0.7166935939 0.709666676 0.5614518372 0.5585086834 0.5536579238 0.547603817 0.5443096176 0.5500620566 0.5479458766 0.6677541807 0.5524985282 0.7754565238 0.5928645638 0.8371334327
0.5485893819 0 0.5960286931 0.8065510591 0.5141595802 0.5631911216 0.7211940441 0.7206181703 0.7209695429 0.7244333974 0.5378175731 0.6253111757 0.8847484791 0.5259658082 0.7213385019 0.7230106485 0.7240490764 0.5172416564 0.6530613342 0.6521368045 0.5489823351 0.5424493938 0.7070610721 0 0.6627968812 0 0 0 0.7782352841 0.8452580697 0.8441903245 0.8422570879 0.8448426535 0.8391662027 0.8390039802 0.8470424018 0.8319869045 0.8347728968 0.8354507959 0.7211091273 0.7298437816 0.7304640953 0.7258615765 0.6782968087 0.7430619454 0.7359310647 0.7420421581 0.6398380391 0.6142536351 0.6215763318 0.6840178818 0.6871961429 0.6863229392 0.6903778705 0.6923270109 0.5585861564 0.5605551684 0.5451910105 0.6374914266 0.8729398539 0.8725039953 0.8651615897 0.5042746516 0.926245322 0.9252958505 0.6654403941 0.6665888354 0.6718612339 0.711017015 0.565160514 0.5583595766 0.5549862561 0.5526318448 0.5426614847 0.54360409 0.5453373548 0.5467668836 0.5497582657 0.7505184829 0.813872041 0.6225039991
0.5441379589 0.5574320059 0.7272261599 0.5936247437 0.8000899196 0.7913151105 0.7283495949 0.7299987343 0.8582072062 0.711527671 0.5656243361 0.5630831307 0.5640896391 0.6107414017 0.6120719786 0.6188978947 0.6211033195 0.6355841822 0.6782991986 0.647961525 0.6454094636 0.6476931552 0.6384064734 0.6369454842 0 0.6598518204 0 0 0 0.7773059367 0.7724501603 0.8420373405 0.835401447 0.835111745 0.8305869155 0.5648863455 0.8279181957 0.8374356737 0.8350290071 0.734882059 0.7265245986 0.7301553385 0.7385517414 0.5056507959 0.7160926824 0.5987673121 0.7490053968 0.7430930982 0.6261574861 0.6802635839 0.6802470344 0.6844921989 0.6943978422 0.68662848 0.6954655056 0.5676124981 0.5615974515 0.547260516 0.5367396806 0.8687781684 0.8647776083 0.906586049 0.9101889215 0.9185539649 0.9192802816 0.671914534 0.6645245435 0.6699809001 0.6699157283 0.6197433494 0.564489336 0.5588468523 0.5460460148 0.5494782432 0.541559295 0.5441092391 0.5459893729 0.8442967316 0.8145955937 0.8417941627 0.8393326899
0.721525212 0.7770486877 0 0.7214895088 0.6550228445 0.7167114143 0.7358249904 0.8636781546 0.7161082796 0.6106453227 0.5672074824 0.5595696786 0.5620754773 0.6086304224 0.609983424 0.6196907549 0.6293202687 0.6766737205 0.7337032415 0.6543692882 0.6514328346 0.6415696412 0.6332389622 0.637386531 0.6462250392 0 0.6648655767 0.7712872263 0.7703830097 0 0.77977065 0.8487234 0.8390289667 0.8360065243 0.8251808884 0.8247341678 0.818289953 0.8245445096 0.8258348564 0.7319264474 0.7354489567 0.7315682745 0.7028795542 0.5968600563 0.5925545008 0.5378159688 0.7421290244 0.7431761373 0.622925371 0.7561086151 0.7163614783 0.6862423083 0.6875020151 0.6886670018 0.8116733668 0.5400668567 0.5388688071 0.5452612592 0.901734703 0.8979776705 0.8964020343 0.9039363547 0.9110376757 0.7975802214 0.7180389246 0.668494098 0.673581489 0.6698531706 0.6792114051 0.6894823726 0.5890069136 0.5882355635 0.8105796665 0.548872679 0.5506678257 0.5498587185 0.5522806068 0.6624612489 0.8385744618 0.8375552539 0.8376446838
0.52258291 0.7176046136 0.7121271399 0.711627915 0.7123842548 0.5358038735 0.6926188502 0.689581075 0.688117596 0.6938321251 0.5626488647 0.6170444524 0.5684253633 0.6006167541 0.6061024954 0.6184179493 0.6220079327 0.5298987583 0.6398993273 0.6389348058 0.6334491335 0.6316074753 0.8493853035 0.6340925572 0.7876272024 0.7909103742 0.7847219338 0.7914756418 0.7762312516 0.7718796767 0 0.8169072679 0.8390083181 0.8454834132 0.833227316 0.8275337983 0.8213512379 0.8246731969 0.8267586943 0.7374221136 0.7392229781 0.7387684869 0.5626211277 0.6397160105 0.5992645086 0.7067380826 0.8952348064 0.6287129713 0.6177728394 0.7570581226 0.8311856313 0.6294244231 0.8665171392 0.8668586076 0.5429539102 0.5335218643 0.5429708142 0.5562631813 0.8955598098 0.8927425762 0.8946657031 0.9045436794 0.7897322692 0.7986715256 0.7180583902 0.7091829933 0.6765107435 0.6827873107 0.6890508421 0.6865855022 0.6860287503 0.6903133452 0.5903847909 0.5067874202 0.5513383602 0.556366094 0.5574050911 0.5966667652 0.838239232 0.8325596619 0.8325311702
