landscape/hab_quality/256/simulation_000086_p036_h090_HABMAT_patch_more_500pix_modified.asc_ac_0.5_quality.asc
NCOLS 513
NROWS 513
XLLCORNER 0
YLLCORNER 0
CELLSIZE 9.980507
NODATA_VALUE NaN
[rows 160 to 191 of 513, columns 292 to 364 of 513]
0 0 0 0 0 0 0 0 0 0 0 0 0 0.6150712461 0.6087040721 0.7094919358 0.7445994623 0.7524434051 0.7346307205 0.730902407 0.7252984053 0.7244663162 0.7269663235 0.732075395 0.6215265551 0.6198148235 0.6232918426 0.6164295486 0.6229018207 0.8227305748 0.8118253101 0.5475651806 0.7969228249 0 0.6706606716 0.6610786175 0.6587968544 0.6679367196 0.7805773957 0.8088909373 0.8007324783 0.8020083834 0 0 0 0 0 0 0 0.7733248961 0.7454030699 0 0 0 0 0 0 0 0 0 0 0 0 0 0 0 0 0 0 0 0 0 0
0 0 0 0 0 0 0 0 0 0 0 0 0 0.6066934097 0 0.7189586725 0.7442208444 0.7436448414 0.7360626823 0.7256313339 0.7210480799 0.7268329755 0.7221986311 0.7336680109 0.6260601324 0.6250523024 0.6160902198 0.6235413183 0.6279462616 0.6514234778 0.8132873199 0.867464082 0.7440585615 0.6770644744 0.6680369976 0.661290151 0.6650147502 0.7220666779 0.5867798354 0.810271767 0.8008845589 0.7957755018 0.6416764326 0.7964977776 0.796972017 0.798441706 0.6902216538 0.7071269882 0.7957210773 0.821891827 0.7780906083 0 0 0 0 0 0 0 0 0 0 0 0 0 0 0 0 0 0 0 0 0 0
0 0 0 0 0 0 0 0 0 0 0 0 0 0.8646756951 0 0 0.7449543917 0.741841833 0.7372881595 0.7310251688 0.7233117201 0.7192898314 0.7278465802 0.7253852093 0.517518424 0.6186008723 0.6256960143 0.6214907364 0.6222275221 0.6225049091 0.6063384703 0.750317402 0.7787483774 0.8795476173 0.6621229139 0.8442937043 0.5867438011 0.5767953938 0.5814337806 0.5816540568 0.8017217386 0.8866340792 0.5729610769 0.7956841923 0.7923575502 0.8000532223 0.8233215464 0 0.8210315871 0.5457913268 0.5534569554 0.5314329153 0.7451068385 0 0 0 0 0 0 0 0 0 0 0 0 0 0 0 0 0 0 0 0
0 0 0 0 0 0 0 0 0 0 0 0 0 0.7889816625 0 0.7915132258 0.7516798462 0.7445894858 0.7392043407 0.7378834841 0.7291358262 0.7238145315 0.7248551773 0.7285931269 0.6341112426 0.6283724084 0.629090785 0.6220214997 0.6218424747 0.5645282173 0.5603991293 0.5601147361 0.6716428736 0.6295279224 0.672659047 0.589709215 0.8375842712 0.5772408991 0.572631133 0.5769949899 0.8984810763 0.8885565948 0.8768980938 0.8002595659 0.7973563973 0.6511475163 0.6496662003 0.8163355019 0.8232517833 0.7795016785 0.7855030138 0.5194314366 0.5214835918 0 0 0 0 0.5253018833 0 0 0 0 0 0 0 0 0 0 0 0 0 0 0
0 0 0 0 0 0 0 0 0 0 0 0 0 0.7057596852 0.7839540787 0.7851206091 0.7885091452 0.7482592484 0.7507858577 0.639478918 0.5393050778 0.7309358058 0.7287122298 0.7278613682 0.5439856957 0.8592357817 0.6374023283 0.6047114524 0.6139564235 0.5653140588 0.5592385266 0.5517816127 0.5513297937 0.6667239409 0.6742483631 0.5961492082 0.588278675 0.5905475581 0.5755354048 0.5713932677 0.8863594398 0.5642197317 0.5655447779 0.8672453804 0.6346133499 0.559020319 0.6433714118 0.6479640954 0.8256710023 0.7854769725 0.7790139328 0.5281147211 0.5191218211 0.5168400977 0.515126857 0 0 0.5244121521 0 0 0 0 0 0 0 0 0 0 0 0 0 0 0
0 0 0 0 0 0 0 0 0 0 0 0 0 0.7837059474 0.7801448095 0.7804558717 0.7834749938 0.7795992766 0.6445516765 0.8376295755 0.645110969 0.7384680134 0.7916034697 0.8555323749 0.8503505575 0.8542955375 0.8635724809 0.6076212959 0.6052024672 0.870605553 0.549696852 0.5494958049 0.5575465266 0.6665265183 0.7367968532 0.5900807636 0.5878014992 0.5873702293 0.5812117972 0.5672588527 0.5648777301 0.5630874772 0.5561721098 0.5654555159 0.6342488922 0.6336786402 0.6380980856 0.6499824286 0.6294969596 0.6334817644 0.6380687899 0.5291488227 0.5267239321 0.5194425225 0.5112685326 0.5084535226 0.5151936447 0.532450574 0.5271694635 0 0 0 0 0 0 0 0 0 0 0 0 0 0
0 0 0 0 0 0 0 0 0 0 0 0 0 0.779032558 0.7819889673 0.7741401134 0.7748691098 0.7808279046 0.8472853777 0.8397031408 0.8447639575 0.5617390193 0.8579812569 0.8492576531 0.5649651935 0.5646852061 0.8614239201 0.5718610206 0.8719405841 0.8770974368 0.5556979412 0.5565960058 0.5506747384 0.6592907597 0.6253170417 0.6220711576 0.5939020234 0.5822663022 0.5861765048 0 0.7927001326 0.6762744087 0.55839269 0.5327291645 0.6349270312 0.6400623585 0.6398599409 0.6224386348 0.6260905362 0.6302695942 0.6328884219 0.5319992126 0.5327598525 0.5302307439 0.517364604 0.5160684025 0.5259388726 0.5368917994 0.5283779149 0.5304394962 0.5334385528 0.8098070278 0 0 0 0 0 0 0 0 0 0 0
0 0 0 0 0 0 0 0 0 0 0 0 0 0.7801014054 0.7746625105 0.7756616702 0.7839448077 0.760439952 0.576006929 0.5681157797 0.5668313359 0.5627508172 0.5649617562 0.55960187 0.5623540377 0.5751471033 0.5820907026 0.7915662861 0.6108582333 0.6133721644 0.6112190311 0.8320523736 0.5136787439 0.6217955994 0.6197214498 0.6162341567 0.6606469981 0.6661643778 0.6695566667 0.6618024299 0 0.7898349501 0.7961624345 0.6394713556 0.641598468 0.6460734357 0.6300696505 0.6230466877 0.6218519451 0.6316563029 0.8417081352 0.8482958851 0.5354276125 0.5369349273 0.5349531472 0.5173606012 0.5197486937 0.5264474884 0 0.5311018663 0.5372857398 0.7485514601 0 0 0 0 0 0 0 0 0 0 0
0 0 0 0 0 0 0 0 0 0.7390067251 0.7458192715 0.7953618845 0.7880866638 0.7828241799 0.7772155806 0.7832897997 0.7914481706 0.5741801482 0.5763456289 0.5625650105 0.558782862 0.562347998 0.5575810623 0.5617993527 0.5709364922 0.5734837785 0.5821860949 0.6146262935 0.6060427912 0.6028358543 0.6041774286 0.6098514603 0.7837745352 0.6186989143 0.6147575674 0.6126449773 0.6581760264 0.6549097813 0.6612661367 0.6652775583 0.7917114076 0 0.7910400618 0.6419802884 0.7930160817 0 0.72219427 0.7315773114 0.6747332794 0.7204798536 0.7087965559 0.704772337 0.658595923 0.7653744232 0.5184483684 0.5238145568 0.5233440479 0 0.6485346306 0 0.5406472852 0.7559759576 0.7468798569 0 0 0 0 0 0 0 0 0 0
0 0 0 0 0 0 0 0 0 0 0.5421094144 0.7888932949 0.7860652871 0.7850471283 0.7829100014 0.7872131874 0.7845745713 0.5666123548 0.5729925602 0.5639990424 0.5576903044 0.5544025153 0.5553747883 0.5675046669 0.5626043486 0.5733092924 0.5809064422 0.6152840206 0.6110161648 0.6018453722 0.6057491509 0.6236892417 0.5952593425 0.6072946971 0.6093847655 0.6027708501 0.6488111265 0.6540644562 0.6454935058 0.6628645243 0.6707403242 0.784383499 0.5607966236 0.8351014628 0.8252303615 0.7320889243 0.7244990176 0.6675772291 0.66558416 0.6713410506 0.7132025998 0.7125130599 0.714377828 0.7692152511 0.7609199139 0.5313170833 0.746053936 0.7471508023 0.7514935328 0.6896769662 0.7002068755 0.7495576051 0.7519582785 0.7461761301 0 0 0 0 0 0 0 0 0
0 0 0 0 0 0 0 0 0 0.6887507852 0.8807025576 0.8832438774 0.8035443314 0.7924986218 0.7913570288 0.7951420041 0.7970353312 0.5724219493 0.570690204 0.5654097227 0.5555024778 0.5597925602 0.5549634463 0.5148768596 0.5067425304 0.5062851211 0.5769874484 0.5894804923 0.605244898 0.6070148964 0.5984029313 0.5916509659 0.5948489644 0.5932334464 0.6012274942 0.5992091508 0.6453124792 0.6446726367 0.7511947272 0.6429407498 0.6208003796 0.8270744304 0.8264823483 0.8199196571 0.5544925551 0.7319253143 0.7263854987 0.729284045 0.6616706605 0.6635771179 0.7188786983 0.7181074647 0.7210667319 0.7631497297 0.7667673602 0.7579856827 0.749292028 0.7445783527 0.6838436743 0.6875530266 0.6902814104 0.836661477 0.7416934502 0 0 0 0 0 0 0 0 0 0
0 0 0 0 0 0 0 0 0.8353422898 0.8900980074 0.5619507306 0.7088995433 0.7025158466 0.7975156599 0.8012134871 0.8045567093 0.5809423093 0.5783520636 0.5813203471 0.5602762655 0.5581825491 0.5559088815 0.5629244958 0.8313575787 0.5051872843 0.8347658919 0.6836974299 0.6844041155 0.6074164791 0.6042997358 0.6003789289 0.5945727361 0.588908326 0.5951522481 0.5962722877 0.605995179 0.630022561 0.6311881325 0.6349068532 0.6378352213 0.6206944076 0.6249901922 0.8813305814 0.8623061425 0.5747347332 0.5123225985 0.649032558 0.6570095738 0.6706478706 0.6628076465 0.7225066738 0.7196922037 0.7538865763 0.7536705825 0.5963878012 0.7558209013 0.7492049322 0.74026663 0.6855137713 0.6805654191 0.6809807894 0.736535711 0 0 0 0 0 0 0 0 0 0 0
0 0 0 0 0 0.5694854646 0 0.6562393959 0 0.8442760469 0.5936880769 0.7135782145 0.7004939963 0.698008493 0.6995564012 0.5657147721 0.7170058468 0.6071540759 0.5833656924 0.5770531386 0.5767013049 0.8317567372 0.8395763711 0.840538231 0.8309101437 0.8313775343 0.5739098134 0.6865400463 0.6093745415 0.606267809 0.6031102847 0.5944904689 0.5922554034 0.5947089889 0.6646504757 0.5714232414 0.6282643903 0.6281330249 0.6320017762 0.6408685975 0.5779264476 0.8066506148 0.5852238642 0.7350138765 0.5387274911 0.5349014025 0.6597438659 0.6510727336 0.6573218285 0.8708236725 0.8638180256 0.608824842 0.7656308089 0.7551852307 0.7531363971 0.8883907232 0.7494338535 0.7322913624 0.7312864692 0.6887881881 0.6879173121 0 0 0 0 0 0 0 0 0 0 0 0
0 0 0 0 0 0 0.6584993327 0.6551452648 0.6597847673 0.5723754609 0.6774058416 0.7028701588 0.6986487935 0.6989777938 0.7018310794 0.5575576073 0.6287662052 0.6139882966 0.5712238371 0.569991619 0.5772741909 0.5819980998 0.848280266 0.6206188303 0.8990246116 0.8315327263 0.6118504455 0.5831059178 0.7137041461 0.608223717 0.5954965557 0.5973529159 0.659509856 0.6577908707 0.5675100407 0.5752688754 0.6337354373 0.6343009774 0.6375789848 0.6434850171 0.6453208113 0.6163230422 0.6079888886 0.533652482 0.5297588163 0.5411658872 0.5248874852 0.6685879636 0.8550230954 0.8628989624 0.8578529261 0.7683866592 0.761541036 0.7571342413 0.7589143564 0.7521915214 0.8867599692 0.7320843617 0.7367937298 0.740913957 0 0 0 0 0 0 0 0 0 0 0 0 0
0 0 0 0 0 0 0.6531797458 0.6551290336 0.6550184756 0.6665867191 0.6452413973 0.6405274888 0.6412962839 0.7070639092 0.7115166852 0.7064532611 0.7093131848 0.7986334831 0.5732746253 0.5796170476 0.5766032207 0.5791048872 0.5943712331 0.9017111604 0.9038711244 0.6988151876 0.5188946497 0.5876380797 0.6845456707 0.70385724 0.5152135868 0.5161471905 0.6589630399 0.6549912626 0.6625331506 0.5598827657 0.8735867402 0.8624421637 0.604330799 0.6078902669 0.6226535022 0.616253629 0.6082546002 0.6140605907 0.6218965408 0.5224884182 0.708022919 0.5321144765 0.5636093411 0.8545434094 0.8572670496 0.7626831709 0.7617516525 0.8978309895 0.9000112626 0.8932052039 0.8898722672 0 0 0 0 0 0 0 0 0 0 0 0 0 0 0 0
0 0 0 0 0 0 0.6567945749 0.6548489423 0.6579202538 0.6621604072 0.6682086864 0.6358247554 0.6414879487 0.7142682952 0.5179820301 0.7142290971 0.7111743878 0.6186581178 0.58528988 0.5813165892 0.5863493579 0.584443913 0.528394543 0.5232919616 0.8725276009 0.6648187539 0.8621900011 0.731924781 0.6842916676 0.6440108145 0.6699603087 0.5084561513 0.6553767618 0.6576698864 0.6569826816 0.8752230202 0.8677863598 0.5079165801 0.6061493727 0.608680077 0.6188726862 0.6169103244 0.6142945856 0.6142073684 0.6178580702 0.6046454779 0.524827095 0.5642212101 0.6333580656 0.6466065531 0.8640693299 0.7617695476 0.7712787048 0.8987945359 0.8969741234 0.5044851875 0.8318999955 0.8177393005 0 0 0 0 0 0 0 0 0 0 0 0 0 0 0
0 0 0 0 0 0 0 0.7359797934 0.6600204691 0.6612279506 0.6698017771 0.6433948472 0.6427162023 0.5811534012 0.7191519346 0.7157868498 0.7609043891 0.8827158075 0.6303620258 0.5876247129 0.5896425048 0.5900884242 0.5255086188 0.5225674537 0.5210493131 0.517608072 0.5147034853 0.6894017265 0.6807735755 0.6752807514 0.6711889762 0.6658429305 0.6654069196 0.6640996595 0.6632815533 0.8750409014 0.872091671 0.8693541823 0.5815223195 0.5790042996 0.6225707596 0.6183806464 0.6219741847 0.6219678362 0.6131612927 0.6093386983 0.6101982582 0.5298192914 0.6413442018 0.6496727327 0.7676919533 0.769227258 0.7713370178 0.8976123428 0.9057207679 0.8995750958 0.872838662 0.8291424687 0.8229392381 0.8281749046 0 0 0 0 0 0 0 0 0 0 0 0 0
0 0 0 0 0 0 0.7297920102 0.739326806 0.7469488187 0.6696124321 0.6718737371 0.6765117992 0.889960665 0.6707629211 0.7256037084 0.8727106881 0.7166203919 0.6678298684 0.6868560058 0.6288659041 0.6587057619 0.6572023563 0.5304189442 0.5269179773 0.5185144555 0.5135901604 0.519151538 0.525049932 0.7970495997 0.5588853398 0.6725342675 0.6739859501 0.6681705981 0.6711530672 0.8791812675 0.878067939 0.8842327572 0.6979780003 0.5843852513 0.6317943116 0.6304691858 0.6293493509 0.6307421737 0.5949844012 0.615877049 0.89520482 0.7145243123 0.6161706444 0.6486663105 0.6490420406 0.7698494765 0.7759787162 0.7767012744 0.7800721099 0.7844145287 0.791100365 0.8679062747 0.8667553423 0.8592472581 0.825984759 0.6769242763 0 0 0.8248609632 0.5848389774 0 0 0 0 0 0 0 0
0 0 0 0 0 0 0.7370210902 0.731026072 0.7438717642 0.6746261004 0.6733346931 0.6402583599 0.8847315826 0.6025450039 0.8876664088 0.8179481824 0.8869240164 0.6660278607 0.6630420179 0.6625777591 0.6548829521 0.6574878605 0.5309869987 0.5241377929 0.5187057864 0.5214166903 0.518116192 0.5253524169 0.5287378748 0.6792039319 0.701964916 0.6800005044 0.7633955017 0.5111871199 0.8828284861 0.8870014799 0.8789784125 0.6257859407 0.7896165683 0.7996160434 0.510361121 0.839623846 0.5050448522 0.9082780339 0.9044546504 0.7194138725 0.7230082784 0.6499092282 0.6498262549 0.6491355764 0.7773233313 0.7736579734 0.7801828572 0.7900078955 0.7817514837 0.7891754904 0.868737204 0.8710856298 0.8672873556 0.6798650717 0.6838339519 0 0.6098968216 0.5902052153 0 0 0 0 0 0 0 0 0
0 0 0 0 0 0.6006300789 0.5510079619 0.8019243572 0.7533409616 0.5202956065 0.5679212781 0.6373954569 0.6462572239 0.8899977214 0.6347743366 0.8791811362 0.5978802636 0.6672263636 0.6659412735 0.6594855133 0.6639827185 0.6428311723 0.5216527266 0.5210538287 0.5190982912 0.5262706206 0.523720563 0.5220062699 0.5284723446 0.5315009817 0.6820753154 0.7092571809 0.7601763755 0.754711672 0.7609856702 0.8931542553 0.8967356541 0.9038319339 0.7969280444 0.8047892484 0.5083557398 0.5006201671 0.50565173 0.907346265 0.9139267495 0.9085139055 0.5849863918 0.6532354532 0.6545946219 0.6560423381 0.6527878107 0.8066714268 0.7922997439 0.7980617151 0.7956936678 0.7835279049 0.8754943499 0.8688610672 0.8778276587 0.6888033086 0.6893865112 0 0.5807594617 0 0 0 0 0 0 0 0 0 0
0 0 0 0 0 0 0 0 0.7517919232 0.8414726793 0.9038309383 0.8989379865 0.8981735986 0.8999517436 0.8808031483 0.8022029983 0.8820340772 0.6731694359 0.6673787657 0.6680471956 0.6433952694 0.5280704359 0.5265224922 0.5267494346 0.5305723474 0.5312423394 0.5266908967 0.5275936365 0.5266888102 0.5326967414 0.7486215551 0.753804401 0.7525797497 0.7523195886 0.7595690572 0.7649751184 0.7758525516 0.7748433698 0.7795950983 0.906677619 0.9004445868 0.9075802393 0.5074373388 0.6070790897 0.6194674914 0.5065303299 0.5026184084 0.5968319347 0.5999131821 0.6045295032 0.5341345917 0.8044290822 0.7982699027 0.799776804 0.8005978527 0.8009906589 0.883182104 0.8810814472 0.6510608554 0.8335552759 0.6871172216 0.5809178804 0 0 0 0 0 0 0 0 0 0 0
0 0 0 0 0 0 0 0 0.7580562411 0.5171053513 0.8966215422 0.8958526408 0.8975917358 0.5138553416 0.8181058626 0.5835084087 0.7996967102 0.8721179458 0.668451425 0.6070086207 0.6777869237 0.5355900546 0.5329691636 0.7506016991 0.7786974163 0.5343246939 0.5336310289 0.5280435622 0.5296883147 0.5294970336 0.7543877719 0.747086491 0.7451416968 0.7479362456 0.7541916363 0.7779634892 0.772918143 0.7723895703 0.778192906 0.8226722509 0.898500912 0.9077928012 0.5578208187 0.6196456876 0.6125510497 0.7311233831 0.605408154 0.5917022072 0.5960538025 0.5922541028 0.6289052363 0.6302544197 0.8066821265 0.8035974106 0.813494805 0.810348198 0.5518253134 0.6600658346 0.8419761142 0.8475559827 0.8405179584 0 0 0 0 0 0 0 0 0 0 0 0
0 0 0 0 0 0 0 0 0 0.5994349477 0.5140258117 0.9051671137 0.9029981239 0.8214933222 0.820328771 0.8183530066 0.8265511146 0.8278460839 0.6924933608 0.6834524062 0.6849119443 0.6849338279 0.6180786367 0.7597465331 0.535548398 0.5432479103 0.5380568335 0.5430881411 0.5342257247 0.5346527115 0.6799889437 0.7483836754 0.7537426071 0.7474446127 0.7481907206 0.7815238646 0.7732840093 0.7748019305 0.7784528969 0.7834246144 0.7902265703 0.9015805609 0.8356159347 0.6136540466 0.613691145 0.6074364824 0.5991214468 0.5931782632 0.5861892581 0.5887284628 0.6252405627 0.6322613902 0.6649999108 0.8059396088 0.5442831819 0.6652202213 0.5050948856 0.6496870043 0.5673235283 0.838360307 0.8377790493 0.847515764 0.7148654626 0 0 0 0 0 0 0 0 0 0
0 0 0 0 0 0 0 0 0 0.5230698765 0.520954097 0.6165721459 0.8228157341 0.8211082089 0.826450531 0.8166157827 0.821709256 0.8250973333 0.6853086756 0.6850264726 0.6767490068 0.8672445359 0.7622596837 0.7524968405 0.7821824617 0.5448053341 0.5435718693 0.5353908421 0.5386192504 0.5358430871 0.8853891704 0.7545436866 0.7605489676 0.7632025942 0.777690195 0.7775374555 0.7741705295 0.7761419356 0.8569627468 0.8374561833 0.8389754611 0.8319228966 0.8335817703 0.8309173896 0.8400448808 0.6060893478 0.594752764 0.5912137716 0.6259849481 0.6242428721 0.6180993596 0.6275923964 0.8063147061 0.8117947393 0.8139608382 0.7805290502 0.8321317273 0.8367517906 0.8466892041 0.8335623411 0 0.7114865409 0.5543626067 0 0 0 0 0 0 0 0 0 0.8271717837
0 0 0 0 0 0 0 0 0 0.5193159173 0.5280952849 0.7754014987 0.8260013236 0.8269391732 0.8207696494 0.5233148381 0.824636994 0.6740337688 0.8824954834 0.678479955 0.7489513032 0.7577278895 0.7559234235 0.7590374429 0.7603892617 0.5111852415 0.5454734233 0.5535223618 0.8234810952 0.8223789682 0.8905072229 0.8806101591 0.5580701159 0.5617763663 0.7826912624 0.7816902309 0.781452364 0.8398811127 0.8362824493 0.8349144809 0.8216140359 0.8264508847 0.8255016244 0.8346463387 0.8322026739 0.7681186716 0.5992568521 0.6144110584 0.6204685903 0.6176077928 0.6253968032 0.7776419075 0.7839745036 0.771485502 0.7736176718 0.8156682593 0.8197681383 0.8184637693 0.8453641139 0.8369708658 0.5561277041 0.553920786 0 0 0 0 0 0 0 0 0 0.7446888021 0.7461990868
0 0 0 0 0 0 0 0 0.5134021688 0.5174976871 0.5179041167 0.7972745928 0.7896678416 0.827202434 0.6630916973 0.669679347 0.6679466594 0.6701914138 0.6632495354 0.7574934045 0.7499225274 0.7585576412 0.7607854417 0.7638644088 0.8495183971 0.5490866374 0.7967619496 0.7939082506 0.7958179319 0.8145152192 0.8900299604 0.8878630274 0.8903246822 0.5585941337 0.6844772643 0.8215913291 0.8454051334 0.8363342479 0.8313847776 0.8284255444 0.8254177363 0.8205163528 0.8180380636 0.8288199146 0.8341827141 0.8397203465 0.6203613514 0.6185625941 0.6143168806 0.6123366419 0.6212249521 0.8105835383 0.7749926168 0.76626413 0.7693263279 0.7696352896 0.8108854376 0.8100794189 0.84184649 0.8405677509 0.5564198297 0.8762196024 0.561108953 0.5665489444 0 0 0 0 0 0 0 0 0
0 0 0 0 0 0 0 0 0.8856152119 0.5117964251 0.5042594199 0.8782123231 0.8874122077 0.534559812 0.6681508648 0.6615698487 0.6586439845 0.6582405451 0.6612090093 0.6633664915 0.5866471015 0.7968066454 0.7788867753 0.7194695689 0.8561794518 0.8706618992 0.799290733 0.7896444033 0.7879303179 0.8144594181 0.8070237675 0.8884207596 0.8920223052 0.5626337191 0.6119400983 0.8466835885 0.8468972819 0.8390675167 0.8314356515 0.8233255101 0.8207767256 0.8173966028 0.8221361378 0.8242841761 0.8288298999 0.7830491725 0.6199447409 0.6233036116 0.6141370797 0.619020412 0.8051687648 0.542631242 0.7665865689 0.7658344329 0.7654889728 0.7665847417 0.7988878813 0.8075173895 0.5263474569 0.5237259126 0.56290013 0 0.5764652034 0.5710676898 0.5724133417 0.5769481247 0 0 0 0 0 0.7402915942 0.7437949021
0 0 0 0 0 0 0 0 0.8876159755 0.8808132558 0.8777356299 0.8845654612 0.8794914324 0.6744942574 0.6688165834 0.6514665257 0.6523661347 0.6590272277 0.659363723 0.6678735326 0.5190917391 0.5952008332 0.868910719 0.8663897153 0.8665240054 0.8641855673 0.8703631809 0.7919682641 0.7768481236 0.8090494135 0.8091608907 0.8085298704 0.5689161554 0.5173535679 0.5150697802 0.7989692784 0.8393470468 0.8318942856 0.8304027722 0.8284643374 0.8176143 0.8179153665 0.8170949258 0.8118219632 0.7357078041 0.7194047901 0.7774932905 0.6177951449 0.5362700893 0.5327846443 0.5260827721 0.7557033156 0.7741547503 0.8886693414 0.8067524892 0.8042547882 0.7989475829 0.8017160965 0.8096971253 0.8087279616 0.6612044202 0.7189534918 0.5183317119 0.5137876714 0.5236830201 0 0.7087426585 0 0 0 0 0.846564489 0.5660847636
0 0 0 0 0 0 0 0 0.8889768725 0.8732103153 0.8774209544 0.8706487053 0.8695933658 0.8752700553 0.6627924739 0.6572750436 0.6501492096 0.6569368356 0.6597396105 0.6727065135 0.6694631517 0.8754549856 0.8705245376 0.8676882106 0.8601622479 0.8614290186 0.8735079922 0.7002426154 0.7013788907 0.8777405965 0.814657614 0.809808585 0.8075356533 0.5088207176 0.5131563965 0.6171697827 0.6481007315 0.8397626683 0.8338247896 0.8188943774 0.8222038528 0.8205968348 0.819250958 0.8100550615 0.8145668951 0.7098775233 0.711548124 0.7705952617 0.7667712311 0.5331849649 0.5283325791 0.5918300424 0.7579060968 0.8571395803 0.8882036352 0.7903110739 0.7420517084 0.8071395711 0.8060385338 0.8076679305 0.6665250483 0.5210879923 0.7533820587 0.754168512 0.5147198251 0.7547915744 0.556119309 0.6757354701 0.7863711848 0.7863743593 0.6025628008 0.7841274601 0.7272540398
0 0 0 0 0 0 0 0 0.8699353198 0.8685752379 0.8694221915 0.8634802972 0.8682665256 0.8741423221 0.8776163485 0.651313848 0.6579299451 0.654172407 0.6611424562 0.6643604832 0.7237292466 0.8666183406 0.8656206318 0.8698110702 0.8634086116 0.8660963346 0.7054909618 0.6976533717 0.6971327942 0.7007343401 0.8100097873 0.8059369424 0.8064677593 0.8897121363 0.5179213771 0.6050035087 0.6083767347 0.622043583 0.6165226176 0.7506126458 0.8207023957 0.8236080236 0.8102739938 0.8167772916 0.7134420051 0.7714626486 0.7703027785 0.7680129058 0.766280983 0.7754459932 0.5346465043 0.5382967787 0.8482385105 0.8517635997 0.8525380857 0.7380835938 0.8154381009 0.8085092459 0.7005127761 0.8067549637 0.8952714282 0.7584783203 0.7632350444 0.7480949772 0 0.7480623703 0 0 0.7823421202 0.7806124243 0.7822326094 0.7853940307 0.6585151439
0 0 0 0 0 0 0 0 0 0.8686086765 0.866896368 0.8622415995 0.8684532214 0.8704545581 0.8751827085 0.8762155676 0.6634429599 0.6596042951 0.6566815383 0.5931775891 0.5860560865 0.5935716844 0.8625801892 0.8677942009 0.8690159655 0.8683981816 0.6993953434 0.6981621985 0.6948880346 0.6258845626 0.8132643768 0.5383933227 0.621149652 0.7250694376 0.6187516974 0.6121394112 0.6157224964 0.6105000311 0.8239103469 0.8238493715 0.8325607724 0.8288772989 0.5304427781 0.5391850393 0.5311294141 0.7668672546 0.7649532021 0.7659905707 0.7658679527 0.7693417324 0.5722732925 0.5974800441 0.8499900986 0.8472844065 0.8524000383 0.6758283197 0.7313364284 0.6913386952 0.8132656266 0.5823063663 0.871947836 0.7570070692 0.7539511336 0.7451178748 0.7396528351 0 0 0.7879627323 0.7758893465 0.7757902055 0.7892415742 0.7828974962 0.7156153845
0 0 0 0 0 0 0 0 0 0 0.8679777867 0.8650150655 0.8625531322 0.8723306642 0.8802615588 0.8778477736 0.6656634596 0.6646590659 0.6630811157 0.8471015494 0.5837107131 0.8557503189 0.8632095842 0.8630987834 0.8690844724 0.8703220195 0.7066291975 0.7041430416 0.7032883105 0.6993528418 0.5480917581 0.550375503 0.5429441215 0.6127180233 0.6111983287 0.6138998208 0.6098271898 0.6064524434 0.6131724491 0.8281506828 0.7736990117 0.7815145019 0.5315115053 0.5295979969 0.5305691108 0.5911445437 0.7623499062 0.757953463 0.7580973727 0.7620112676 0.6782766777 0.6681954706 0.6623554691 0.6695335525 0.6820537491 0.6731662081 0.6828021382 0.6863592048 0.5481520022 0.8789766584 0 0 0 0 0 0.7377128139 0.7467649457 0 0.7732885028 0.7808861087 0.7851016049 0.7511481723 0
