landscape/hab_quality/256/simulation_000056_p051_h034_HABMAT_patch_more_500pix_modified.asc_ac_0.5_quality.asc
NCOLS 513
NROWS 513
XLLCORNER 0
YLLCORNER 0
CELLSIZE 9.980507
NODATA_VALUE NaN
[rows 336 to 363 of 513, columns 62 to 123 of 513]
0 0.5598725864 0 0.5652051806 0.7022119547 0.7221121239 0.6923038401 0 0.5997585339 0 0 0.7268670173 0 0.7013387221 0.5333545271 0.5297481971 0.6952582034 0.6812388309 0.6826331281 0.6873633019 0.7444553098 0.6156636528 0.5858085337 0 0.8381319517 0.7707129086 0.776798639 0.7677887033 0.8781137075 0.8813064027 0.8842493356 0.5045509837 0 0.5371889985 0 0.5307309464 0.5211358216 0.5223545294 0.7681855588 0.7693411617 0.7777642031 0.7856294278 0.7934532984 0.7957438935 0.7171802607 0.7175533048 0.7236501222 0.7220565147 0.7688749853 0.7746037105 0.7710326156 0.8620394525 0.8702406858 0.621503149 0.7297361905 0.7251276643 0.7252551935 0.7326991182 0.7380266165 0.7413414839 0.5184533321 0.651790364
0.5152374442 0.5210471781 0.5205669295 0.6689427443 0.7038489314 0.7013654638 0.6970695723 0.6877348765 0.7106905754 0.8090748277 0.8033795038 0 0 0.8201582538 0.812260262 0 0.80851019 0.700479313 0.610852558 0.5875037676 0.7713192805 0.8540903522 0.5140771451 0.8472870533 0.6052442414 0.7783775684 0.7769149104 0.8222378741 0.8632497544 0.8608414312 0.7016708065 0.5638446252 0 0 0.5361502841 0.528680732 0.5305838638 0.524029521 0.768573754 0.7689724901 0.7762456945 0.7820026676 0.7901455003 0.7192384272 0.7190940799 0.7162156178 0.7157018227 0.7188204961 0.7765580483 0.7678976875 0.7732911382 0.7777750259 0.606921922 0.6152213105 0.720972842 0.7203180925 0.7250487212 0.7307198078 0.8005759169 0.74722826 0.8179591149 0.8036616366
0.5160394576 0.5146882696 0.515589358 0.6422009993 0.6343922168 0.7029456475 0.7026214186 0.7008953279 0 0 0.8020422817 0.5329096255 0 0 0.8111146221 0.8046845031 0.8043363607 0 0.5896597702 0 0.5870896407 0.6352288919 0.902759018 0.8959709045 0.6013800339 0.60154874 0.85805447 0.8572505198 0.8545205229 0.849476945 0.8523933145 0.5621707914 0.5566469854 0.5598066038 0.5341920975 0.5380324223 0.5359795944 0.5380873574 0.7742861666 0.7729501134 0.6035756348 0.6030457385 0.6021613561 0.7243602212 0.7147881332 0.7119315021 0.7166734835 0.7192938497 0.7774570474 0.7726657692 0.7748764088 0.7774408016 0.6053214619 0.6112011636 0.7292449279 0.7218093246 0.7264150289 0.7270853801 0.7380970659 0.8112277564 0.7998782231 0.8014765591
0.7188090169 0.5066983614 0.5211335954 0.7044664618 0 0.7067618403 0 0 0.7063987917 0.8014675116 0.5256140196 0.7945453464 0 0.7953085286 0 0.80332909 0.8038279746 0 0.6174550078 0 0.8213828796 0.5908391415 0.9015023608 0 0.5994940083 0.5981374292 0.6060607102 0.8515855774 0.8445548216 0.845946224 0.8527183194 0.8581081609 0.5548600027 0.5644288144 0.813976336 0.8179588779 0.5600728329 0.8111218488 0.8029782033 0.807889599 0.6079485905 0.5983955062 0.5965104074 0.6009037789 0.7161159506 0.7203142196 0 0.6561038251 0.6660876893 0.7786070222 0.7753835736 0.7786182728 0.7465936693 0.6100933489 0.613881872 0.7302593246 0.7318203873 0.7344466885 0.808984383 0.8259133513 0.7989726947 0.7981481735
0.7241315159 0.7094417829 0.7050116644 0.5452764287 0 0 0.8910756269 0.8837143445 0.674086233 0.7928049663 0.7928451323 0.7862755983 0.7891600696 0.7905311851 0.7995707674 0.5899797295 0.8084507539 0.8703994019 0 0.6762993031 0.6775250343 0.8844308852 0.75215659 0.8863240129 0.6033114133 0.5968489182 0.5997561383 0.8397647836 0.8444711244 0.8455057883 0.8510155482 0.859251973 0.8614935422 0.559327646 0.73670878 0.8081918096 0.5803983839 0.8040576545 0.8086486631 0.8000027895 0.5283578265 0.5922912366 0.5922723595 0 0.5913611416 0.5928192604 0.8000420989 0.9041631813 0.7913440407 0.7458177057 0.7438652431 0.7373556793 0.7377824619 0.6259166663 0.6357354193 0.8250216861 0.8195766756 0.8138324701 0.8126531037 0.8171722529 0.8045390865 0.8045319857
0 0.545047397 0.5390315748 0.5428861398 0 0.8940034343 0.5895133996 0.6692477383 0.6641464456 0.6694549507 0.7837913482 0.7890448484 0 0.8081179094 0.791030919 0.7937971763 0 0.8153590236 0 0 0.6711614006 0.8482183553 0.6097504275 0.606683208 0.6017566992 0.6041083034 0.6006937607 0.8479074959 0.8384421794 0.8465493729 0.8576180345 0.8564584341 0.8681910771 0.6800498664 0.6790371288 0.8525747818 0.5873012521 0.8791080667 0.806697466 0.7846388208 0.7918780343 0.5940398317 0.5916144087 0.5890292284 0.5898702978 0.5993111401 0.908175765 0.8990417055 0.8983731191 0.7497950358 0.7587051145 0.7375927025 0.7281095308 0.6511348745 0.5934064946 0.7285425232 0.8163842379 0.8486054204 0.8197760605 0.8243458738 0.8137333535 0.7637091607
0 0.5485516796 0 0.5717999482 0.608076327 0.8886533945 0.889138661 0.6773383443 0.6608922074 0.7914023322 0 0 0.7983848005 0.7998075234 0.683258413 0.7939324251 0.7980853758 0.5003253543 0.6058785937 0 0.5578309846 0.5486857665 0 0.6026838238 0.6047849179 0.5308069158 0.5594944595 0.84167004 0.8411598692 0.8471173455 0.8570242526 0.6243462873 0.680677891 0.6769670179 0.8285171714 0.6811515307 0.846416837 0.7049421127 0.8027705953 0.8064268448 0.7821184598 0.7876637714 0.5873966959 0.5823247963 0.5922391226 0.8133760226 0.904357813 0.9003092328 0.8960253563 0.9035472114 0.8763352443 0.8734303757 0.879442089 0.5919641314 0.5980871893 0.6075220261 0.8348487665 0 0.8248423986 0.8577199368 0.628840734 0.8998736924
0.5488258824 0.7134969335 0.712248016 0.7027245866 0.6966754752 0.8858164487 0.7062641388 0.710570348 0.7970695603 0.8023671729 0.8007945934 0.7983991271 0.7999018585 0.8001675888 0.8221327743 0.7950142351 0.7905781944 0.8375758302 0.5485182538 0.5401738759 0.5462638738 0.5516665271 0.6235254646 0.6136872706 0.6086553049 0.5408805589 0.5505034676 0.5502637236 0 0.853807855 0.8542299407 0.625803551 0.8473718756 0.8458413301 0.6721709346 0.837332555 0 0.7989886292 0.7945569674 0.7981032098 0.7888938907 0.780013892 0.5850000069 0.5846240055 0 0.8088413649 0.8087453744 0.7163797961 0.8990323949 0.8962684116 0.877952567 0.8769592568 0.8805056947 0.7883688004 0.6017314668 0.6030684084 0 0.6372515116 0.6805945058 0.8208111217 0.7809755356 0.8966252465
0.7124362841 0.7126606379 0.7082244745 0.818936232 0.811160413 0.7051258743 0.6078294555 0.6972402851 0.5724344953 0.829237977 0.8181973655 0.815706793 0.8151936169 0.8185627194 0.8131076284 0.7287277257 0.5427257708 0 0 0.5428776537 0.5383771002 0.5427897367 0.864959982 0 0.5410118012 0.607386872 0.6414965488 0.5586746113 0 0.9042567663 0.8989189193 0.8531215836 0.8454833794 0.8380257485 0.8371838189 0.8376030704 0.8430683409 0.8010089958 0.7928879573 0.7907330228 0.7898554081 0.7827198759 0.7858807569 0.7885819059 0.5940244702 0.81637879 0.71723429 0.7167111985 0.6177567693 0.6513158297 0.5284837425 0.8854525429 0.7915393149 0.8254345089 0.8193853586 0.8281495188 0.8125912063 0.5421326931 0.685108124 0.8368636399 0.830630982 0.7058740139
0.8144301819 0.8033585582 0.8096827922 0.8111217507 0.7146514523 0.7063931501 0.6971857175 0.5668255463 0.6071227017 0.8296666912 0.8222336106 0.8148278293 0 0.8114184379 0 0.7723498786 0.5192488416 0.6713565608 0 0 0.5309271228 0.5344109215 0.5279378375 0.5284006602 0 0.857845378 0.5483414455 0.5444120421 0.9074656107 0.8977250874 0.9024143255 0.6128224724 0.8457660092 0.8381180158 0.8025735086 0.8376460735 0.8442972032 0 0 0.6931799865 0.7909639659 0.7916637184 0.795236089 0.7958797816 0.8047034413 0.8163995077 0.8183971499 0.7389960233 0.7291245778 0.7372277373 0.7424024673 0.550604566 0.544895662 0.546349238 0.5192501032 0.8382462999 0.7996862192 0.7996122322 0.8354725927 0.678668455 0.6550777716 0.6843078162
0.8074141222 0.6765996712 0.8013632224 0.8064993998 0.8171708361 0 0.5715130573 0.5767586491 0.5954120971 0.5983372876 0.8187858661 0.812236372 0.8049724566 0.8065918732 0 0.6512125089 0.667560704 0.8988901746 0.6152194556 0 0.5338150634 0.5265066332 0.5314416725 0.5281361881 0.8748227342 0.550942038 0.5427055786 0.5428069645 0.8989778011 0.9034582932 0.5315121766 0.8418350528 0.5243854162 0.5225525827 0.5289702544 0.8115877218 0.5436154719 0 0 0.887445379 0.7973479684 0.5908544476 0.8038361676 0.8048175939 0.8041060213 0.6801875525 0.6780037785 0.6778005163 0.7350187689 0.7339953481 0.743242482 0.5464554763 0.5412177851 0.5462500396 0.5085115176 0.5598470374 0.7964558375 0.7912329734 0 0.666089254 0.6733311284 0.6664710777
0.6809206332 0.7980906985 0.7984582075 0.8106523233 0.8518220321 0.8542452505 0.7698346013 0.5781312309 0.5994364623 0.5901473929 0.5974896562 0.8087800774 0.8068354442 0.8093146361 0.8137631829 0.6622995531 0.6666014212 0.7743084963 0.7789549387 0.5088628644 0.5280935776 0.5275529288 0.5340977419 0.7661588604 0.5391892344 0.5472664959 0.6944164039 0.5476851382 0.5517131164 0.7754401169 0.7287690222 0.528906351 0.5203425242 0.6456446848 0.529950715 0 0 0.8462614105 0.849938558 0.8808504649 0.7922045868 0.5434269336 0.540122017 0.5459489634 0.6836963924 0.6798960697 0.6776522053 0.6803586448 0.6810605312 0.6837253467 0.5586056515 0.5488076661 0.5491038014 0.5505910908 0.6120504594 0.757738338 0 0.7918970067 0.7945956087 0.6694733728 0.6657903599 0.6737344047
0.682707426 0.6818233076 0.8006074748 0.807576149 0.8542247557 0.850963863 0.6975464407 0.881966612 0.5981100367 0.5446286642 0.8045782817 0.822698767 0.8175184132 0.8129872868 0.8132048796 0 0.6656318785 0.6665584581 0.6576975871 0.6098560207 0.532570196 0.5372293235 0.5302766177 0.5345553495 0.8154402354 0 0.893509657 0.5520186957 0.5462589634 0.5452190209 0.5508234616 0.5154813415 0 0.5225478434 0.5977872101 0.6026679877 0.7942138818 0.6720071437 0.8484383068 0.6281410032 0.8906779917 0.5433875398 0.5400493032 0.6702363736 0.6706585802 0.6747724285 0.6830396363 0.6768044559 0.684361467 0.6874925619 0.8433655275 0.5572111518 0.8824803477 0.602750315 0.6326000225 0.8659884855 0.7639738048 0.679536446 0.6700778742 0.6683982373 0.6720807206 0
0.6890961134 0.7208744002 0.7123350224 0.8618321345 0.7884906789 0.6908054201 0.5389775874 0.879543413 0.8825181147 0.6338712202 0.6332530196 0.8273646625 0.8177559086 0.8182147785 0.8166064779 0.8255735681 0.606020138 0.6552554758 0.5590263849 0.5405953669 0.535310424 0.5310589165 0.5382435702 0.5319426361 0.8702112767 0.8701710865 0 0 0.5455947642 0.5547657208 0.5484868949 0.5217268179 0.5186017106 0.5197825279 0.8515830123 0.6024304 0.8515562572 0.6254035967 0.7668851711 0.6707726227 0.6076744883 0.5440451094 0 0.6672189365 0.6666480125 0.6738640349 0.6686378323 0.6720213584 0.6700051582 0.7002701048 0 0.5941170364 0.8678998398 0.5329392592 0 0.8879639584 0.8877432025 0.672879711 0 0 0 0.7868878817
0.7669136741 0.722090784 0.5264091552 0.7157544906 0.5379248832 0.7471080545 0.9144023472 0.6930100266 0.8781398733 0.6394241709 0.8972020574 0.6459452948 0.8946510547 0.8259461648 0.5713967247 0.8250877874 0.8253507036 0.680452352 0.692608226 0.6920489474 0.6883991892 0.5873528547 0.8732337572 0.8726714754 0.8711432846 0.8658857252 0.8720933177 0.6560421745 0.6429120298 0.6383398585 0.6465153682 0.6501687548 0.8936215099 0.5174264407 0.8538251272 0.8460466298 0.8504858848 0 0.6695756642 0.7627237027 0.7855522765 0.8699758801 0.7724904063 0.6671333574 0.6703097418 0.6653065243 0.6751193789 0.6715460952 0.7548512492 0.7469696401 0.5610324814 0.8649211564 0.8668910828 0.8646621936 0.8825261294 0.7163122587 0.8869106138 0 0.8768116794 0.6508491301 0.7901006259 0.7882696874
0.7582033485 0.8061251948 0.7176415558 0.7194842912 0.5647335519 0.8824018728 0.9057270428 0.5706228369 0.9059356588 0.7184293716 0.8969421629 0.8898776998 0.8945201399 0.5428199071 0.5329727118 0.5380409248 0.5468621172 0.6819911919 0.6876902174 0.6879572555 0.7062880183 0.6973863852 0.7017603909 0.6982623136 0.8747769189 0.8254692986 0.5507540474 0.5386760531 0.5439635472 0.5388307234 0.8087166996 0.6510744623 0.7461350528 0.6322138706 0.8550445932 0.8498855629 0.8513637592 0 0.8819226431 0.8742152038 0 0.7818539564 0.7786755029 0.6738776145 0.6689108178 0.6712241497 0 0.7582437212 0.7491947364 0.7561027461 0 0.8635466352 0.8574902903 0 0.8772926093 0.8817809571 0.8768940337 0.8740065293 0.8761637501 0.8722882543 0.560161091 0.7845643337
0.7667868068 0.7667161897 0.782175917 0.7238414243 0.5129623619 0.8802453679 0.7772300182 0.8980600984 0.894266944 0.9006536638 0.7749499368 0.899742749 0.5792964391 0.5375439254 0.5403036996 0.5419729567 0.7960444338 0.6805797532 0.680031669 0.686206532 0.7042571341 0.6963010386 0.6893031282 0.6899510764 0.6902220706 0.5259286656 0.5257671664 0.5278553129 0.5340151889 0 0.8212237543 0.8629151152 0.8171873739 0.809968943 0.8042936275 0.8796685556 0 0.8789971242 0.880344011 0.8859623277 0.7846131139 0 0.7839622879 0.6716598093 0.6702198002 0 0 0.7549121089 0.7537789737 0 0.8647489128 0.858022061 0.7260856047 0.7245910195 0.7266967686 0.8721330056 0.8673832142 0.8691179715 0 0.6258085882 0.6002524233 0.8664515295
0.7680018111 0.766845225 0.7857395375 0.8988200711 0.9037206281 0.8979596801 0.8978697462 0.8997393665 0.8934193853 0.8942905428 0.9092486401 0.9011133902 0.8021383642 0.7631703758 0.7726185935 0.6687165667 0.6643369302 0.6716252125 0.6659406055 0.6846586545 0 0.7038825132 0.6885341499 0.6820488207 0.6890201571 0.5314316228 0.5240438261 0.5251975099 0.5331526119 0.8114082685 0 0.8096556906 0.7171313238 0.5484435308 0 0.7605859225 0 0.8797881219 0.8883837078 0.5820562241 0.6038156705 0.5430483562 0.8000370359 0.8012850621 0.7980550078 0 0.7558716182 0 0 0 0.8676554661 0.8600472219 0.7141972176 0.720115931 0.7135985008 0.8735915536 0.8713184132 0.8639650767 0.8730191159 0.6192298428 0.6013030315 0.5986416868
0.7517087662 0.9034398286 0.89773122 0.9019982691 0.8958424883 0.8957428057 0.8933878304 0.8922869741 0.8959119663 0.9073465092 0.9143905592 0.7422164933 0.7710638988 0.7706023478 0.6514773575 0.673422738 0.6636987116 0.6627229329 0.6702978257 0.6749890307 0.6857591495 0.6906717255 0.6901658181 0.6890121769 0.6916558895 0.532577748 0.5284495704 0.5302230791 0.5314932972 0.5515897761 0.8056792529 0.5527676345 0.6732799665 0 0 0 0 0.8100637578 0.8732752592 0.7537173493 0.556747629 0.8825485264 0 0.7926628421 0.5338659963 0.7780733946 0.8063741551 0.556712241 0.771227798 0.8193808315 0.861421547 0.8608780999 0.7123795968 0.7115720239 0.7126085707 0.8716726382 0.8722656441 0.8685377958 0.8692828027 0.627445492 0.5993174691 0.6025633188
0.594351659 0.8948592474 0.8940104543 0.8919654823 0.8955607176 0.8904094525 0.90018272 0.9019677376 0.8987348658 0.6056915076 0.9113454818 0.7902089156 0.7782022116 0.6510336777 0.7764019517 0.6733830563 0.6709407738 0.6648168781 0.6667846942 0.6974182164 0.7433202075 0.6998368788 0.8471970303 0.8480402191 0.8435669346 0.9016463347 0.6450037196 0.5293806654 0.5531522748 0.5467143649 0.5438759894 0.5531016288 0.8934239579 0.6679778444 0.6700801545 0.8252587074 0.8208273742 0.863429542 0 0.5400063729 0.5670189363 0 0.7334185844 0.7963048644 0.8071637739 0.7998668463 0.6906355481 0.5569636411 0.5508991069 0.560071245 0.8895028577 0.7099302001 0 0.7193531272 0.7214281624 0.7207839158 0.8706211395 0.8761109003 0 0.8888926744 0.6042908968 0.6112801369
0.8985548856 0.8943284497 0.5119652815 0.8944067146 0.8861844166 0.8907461827 0.8930373859 0.5893284321 0.5958957238 0.5883976403 0.5122910199 0.5595257492 0.5658902102 0.5643187973 0.6738810449 0.6760764156 0.6801712137 0.6765415763 0.6708189867 0.5500004557 0.8458708529 0.8522138785 0.8441620756 0.8414708114 0.847119652 0.8399603329 0.8938201473 0.529662262 0.5346690566 0.7002035782 0.6984553338 0.5461064228 0.6640107469 0.6617099528 0.6576208945 0 0.5123667405 0.8143887041 0.816986157 0.7266584298 0.5752056443 0.8895474683 0.7238502959 0.6342083251 0.7908835434 0.8709556408 0.879122756 0.5574457042 0.6839238111 0.556187647 0.5621916622 0 0.8185486808 0.725656741 0.7204820792 0.7210592868 0.8728086368 0.877729253 0.8799429402 0 0.6533079432 0.8866187084
0.8903107544 0.8956169196 0.5052201546 0.8894253724 0.8881664258 0.8876549593 0.6014161198 0.5889481146 0.5868339017 0.5869434942 0.5541256221 0.549332345 0.5569560608 0.5645608364 0.6701990777 0.6656456772 0.6661949275 0.6656186418 0.6859704002 0.5546987941 0.5491376448 0.8430633925 0.8414775988 0.8387239482 0.8379841644 0.8365160954 0.5375828997 0.5354204647 0.6338250625 0.5077187725 0.6374214194 0.6349033141 0.6407025351 0.6543655649 0.7227456868 0.72696283 0.7236276923 0.6163677499 0.8241066727 0.525049219 0.531948408 0.7180224268 0.8016719209 0.7160139655 0.8025565666 0.8784350769 0.8700284429 0.8710158213 0.8548895802 0.7924182604 0.791709284 0.5478574018 0.733753927 0.723987937 0.7255668766 0.7240144459 0.7321966092 0 0.8874104463 0.8817336567 0.6342163643 0
0.8959976816 0.8998361817 0.662349005 0.5034091148 0.5054718007 0.5084494676 0.8422679033 0.593388831 0.5955144368 0.5932488406 0.5571314268 0.5485036781 0.6532266097 0.6525568546 0.6549341417 0.6545428937 0.6609341264 0.6654661195 0.6734481294 0.8957206737 0.8435235643 0.7658037372 0.8390166539 0.8324204115 0.8337487523 0.8301997673 0.8469169782 0.5434688952 0.6382570727 0.6313381215 0.6312431239 0.6401475718 0.6454309833 0.6497721416 0.7273523094 0.7225308272 0.723434086 0.5690936043 0.5156247134 0.6112260152 0.6104480394 0.7146948184 0.7143102365 0.7200115281 0.8804433155 0.8770581727 0.8755376266 0.8757750275 0.6208323254 0.5195354258 0.8897035189 0 0.7774470676 0.7293632935 0.7335570677 0.7311505932 0.7290839923 0.7721228508 0 0.5866487335 0 0
0.6572667551 0.652149823 0.6542200434 0.6580576977 0.505965412 0.5150214514 0.6752672267 0.6612258003 0.6600317765 0.6650938265 0.6428460878 0.6458569995 0.6450352076 0.6456883647 0.643376449 0.6534136314 0.6547759087 0.6699818508 0.6744709314 0.7888357053 0.9034008892 0.8878958854 0.8284112445 0.8308670601 0.830024411 0.838635835 0.8340383795 0.5951328089 0.6385261152 0.6343866999 0.6361846217 0.6406918953 0.6488004758 0.5399764093 0.7247932813 0.7237426126 0.7302812581 0.739113347 0.7391232563 0.6158837394 0.607905625 0.7238756125 0.7148961274 0.7149480092 0.8825184304 0.8831942054 0.691820707 0.8528789989 0.5827236699 0 0 0.5539623367 0 0.7206336535 0.7255698669 0.8332605959 0 0.5819485724 0.5795565105 0 0 0
0.6492302789 0.650560773 0.6512130737 0.664197042 0.591346314 0.6749848261 0.6679037745 0.6660151734 0.5737295604 0.6551975401 0.6498299454 0.6427460823 0.6415324511 0.6412661781 0.6441860975 0.649038468 0.6524096738 0.6723420511 0.677678388 0.7953848249 0.7971981 0.8342161237 0.8324318761 0.8246875166 0.8305455773 0.832408139 0.8347021931 0.5928655009 0.5917514567 0.5340223491 0.649120672 0.649696892 0.6433386734 0.6408368318 0.633649007 0.6419218766 0.739639666 0.7390140796 0.7422684335 0.6092038494 0.6141450785 0.7189809445 0.7175706443 0.71528907 0.7707260439 0.7012706815 0.5534139899 0.8885399186 0.8912416771 0.889699851 0.8665803389 0.5552436763 0.7185838913 0.54181383 0.7191715887 0.7276436913 0.5662234687 0 0 0 0 0.7412449544
0.6463934495 0.6463875139 0.639418382 0.644858973 0.6450369604 0.6458576835 0.6739603524 0.6693797706 0.6633642315 0.6583680321 0.6502557089 0.6422081713 0.6470065349 0.6425476617 0.6499926885 0.6479353404 0.6619582913 0.6538646373 0.7913232427 0.7939813608 0.7907938592 0.8856680302 0.535113356 0.8230545367 0.8129977247 0.8186857922 0.8145447914 0.5903528092 0.5778059008 0.6522056982 0.5851817415 0.7369171181 0.6585990499 0.6371011386 0.6427472711 0.6418131125 0.7443089834 0.7446947746 0 0.7529794979 0.8889984524 0.8323334055 0.7944809495 0.618288911 0.8080501756 0.6244649452 0.6206005722 0.8892966366 0.8844555055 0.8901247632 0 0 0.727286861 0.6291053329 0.7185746634 0.6321562104 0 0 0 0 0.543430389 0.7510155426
0.6342397267 0.6307553089 0.6368091846 0.6375148192 0.6445267943 0.6189548281 0.6230487886 0.6236752702 0.668257385 0.6696328997 0.6698614161 0.6669555053 0.65789275 0.6551638911 0.6542180853 0.6619501168 0.6645946354 0.7890009002 0.7838063285 0.7903734342 0.5137313858 0.5949884449 0.880963099 0.8184667211 0.8179584797 0.8124346758 0.821756255 0.5933545411 0.5995771269 0.5432620814 0.5496400325 0.546197095 0.8035428357 0.6468930322 0.6449634428 0.6443403455 0.5396770938 0.5566412689 0.6265979112 0.6288563394 0.7298223293 0.8930792958 0.6118918863 0.868543947 0.8679461365 0.6214807363 0.6185007714 0.8906278574 0.8913760163 0.8859887563 0 0 0.6858171899 0.8258723454 0.6280274594 0 0.7018054029 0.7018032335 0 0 0 0.8297442979
0.6355608703 0.6283978389 0.6341573401 0.6438536516 0.6422112112 0.6187692359 0.6145411188 0.6154068672 0.6720564679 0.6649943261 0.6603187181 0.6603428533 0.650540263 0.6510372713 0.6566885783 0.6587931387 0.670413562 0.7844035622 0.7810833704 0.7819711321 0.6326026657 0.7469400098 0.7439491289 0.8208950237 0.8198466589 0.8208098473 0.8164895416 0.6185365674 0.5561882778 0.6552501981 0.5414346726 0.6495164949 0.7446191688 0.6546684063 0.6511862145 0.6470160667 0 0.6802249006 0.6845181442 0.6312282243 0.7236098748 0.5379031032 0.8604023295 0.8601078166 0.8687055377 0.6284726659 0.6233013832 0.517346649 0.8927630112 0.8980152113 0.648239354 0 0 0 0 0.676919789 0.7081222436 0.7092922142 0.7106381136 0.7838987569 0.7887894877 0.6562394896
