landscape/hab_quality/256/simulation_000012_p058_h094_HABMAT_patch_more_500pix_modified.asc_ac_0.5_quality.asc
NCOLS 513
NROWS 513
XLLCORNER 0
YLLCORNER 0
CELLSIZE 9.980507
NODATA_VALUE NaN
[rows 348 to 376 of 513, columns 264 to 329 of 513]
0.5483855153 0.5479331316 0.7672788095 0.5305726252 0.8312397672 0.6771218731 0.8047069687 0.6450597719 0.8840648934 0.6855454271 0.6868896866 0.684816889 0.6864517231 0.6838331628 0.8614736344 0.7652909392 0.7623305379 0.7653637627 0.5633798567 0.8846822641 0.8833708446 0.6533107469 0.6915623856 0.5875831438 0.7769405171 0.7770924987 0.5691321911 0.8985431471 0.7033305507 0.6997780069 0.5440245355 0.7608320217 0.7675316163 0.7141038207 0.7063700899 0.7065758112 0.712797105 0.7269225945 0.7307433915 0.7315557015 0.7299202751 0.5537398842 0.5710431771 0.6313945029 0.5172969615 0.5115106055 0.7780649394 0.5227825888 0.5135745541 0.5130816472 0.5198157162 0.7406687871 0.732648512 0.7303787319 0.7292816968 0.7240426959 0.7299808096 0.6915685333 0.7267080646 0.7225859435 0.723627958 0.7162582035 0.7133927998 0.7152411619 0.7135773515 0.8873208058
0.5597351803 0.558668417 0.7054780611 0.5663692171 0.685872502 0.679843009 0.6857674496 0.8265323331 0.8710886113 0.6908963371 0.6835695099 0.5289286091 0.6805869324 0.6843889587 0.6906265575 0.7635085276 0.7592413593 0.7648901419 0.763734638 0.7657325361 0.8779400669 0.6494579544 0.6516281656 0.6534060385 0.629290979 0.626607942 0.6017450016 0.6223432428 0.8861632817 0.7962364823 0.509477432 0.8364033043 0.7124720336 0.7096899696 0.7085356954 0.7089049941 0.7174879922 0.7212897631 0.7934545522 0.7361676263 0.7386904537 0.8657389783 0.7294979447 0.6383857097 0.6340778074 0.7508463133 0.7568533266 0.7561756492 0.5133065874 0.5911663361 0.8358984747 0.7406305159 0.7372973625 0.7283664668 0.7217106096 0.7226804633 0.7279459863 0.7351984438 0.7271642899 0.7185544614 0.7181054945 0.7104975841 0.7099187381 0.7108521256 0.8823119938 0.7194386551
0.5534048383 0.5532640911 0.5602396886 0.7403853751 0.6174140353 0.6817545796 0.6897397164 0.8669893371 0.6751172625 0.6687870819 0.6733596946 0.6752151914 0.6833562304 0.6709303197 0.6885808409 0.7641539227 0.7622161055 0.761366565 0.7580845398 0.7621232572 0.8812822434 0.644535024 0.6442643478 0.6470381 0.6314358006 0.5150220851 0.6176573286 0.8833321041 0.8913037139 0.8499556902 0.7894003086 0.5080137798 0.7193704039 0.7093903453 0.7176256082 0.7094802951 0.7126399652 0.7207040266 0.7235872605 0.8194972495 0.568409849 0.5267924203 0.7251897424 0.6452639234 0.6509711722 0.7446517581 0.7472328506 0.7448875135 0.8150851032 0.6495111592 0.5122611847 0.7449448446 0.7272425123 0.7262773081 0.7188701468 0.726942999 0.7246518441 0.7353169216 0.7219209356 0.7195133088 0.7157945493 0.7089571947 0.7104610556 0.7156895803 0.7187717664 0.7256427694
0.5501163355 0.55039626 0.8906125797 0.5658916562 0.8359485684 0.7464185766 0.7441689746 0.7469028037 0.6598044399 0.6694526174 0.6682517154 0.6652845287 0.6632427055 0.6624270376 0.6727103469 0.7638410272 0.7582019684 0.7624117867 0.7651835645 0.7779643729 0.683673038 0.6660302774 0.64960992 0.6513254183 0.6693932959 0.6649511851 0.62399415 0.6238877674 0.87134439 0.5139633994 0.5494056305 0.5761212299 0.7095882948 0.7107981271 0.7122283432 0.7160831871 0.7184683384 0.7346259145 0.7374529587 0.7952292868 0.6762038235 0.8019551563 0.6800027444 0.7957118308 0.7210886035 0.6050527176 0.7421822492 0.8051438146 0.8459308413 0.7067966185 0.7127217296 0.7111626391 0.7331088128 0.7204259728 0.7241380721 0.7194117141 0.7947068162 0.7268471877 0.722566025 0.7224858123 0.7101755765 0.7130314996 0.7166292776 0.7194128069 0.7231617772 0.719611165
0.5589708863 0.5571277859 0.7799950098 0.6196619485 0.8046804437 0.7380961624 0.7438657012 0.7747797473 0.6568740983 0.6559592023 0.6501854195 0.6610192311 0.6622616915 0.6643351111 0.6774720286 0.6172984311 0.5690418023 0.5131786039 0.5182414218 0.6745689592 0.6808651218 0.6849599252 0.8395179674 0.6656249592 0.662963193 0.6605576465 0.6604005759 0.5699701416 0.5221940805 0.6477796488 0.8319089101 0.65058854 0.7143273762 0.7150218547 0.7160677416 0.7164614947 0.5237533762 0.7279324983 0.6502346339 0.6254843811 0.6525501032 0.7981223273 0.7953166726 0.5771032335 0.7806601756 0.7908910409 0.7440513167 0.7483170857 0.5075520479 0.711212305 0.7038209134 0.7109679569 0.5182252547 0.7883576031 0.7222213088 0.7210627426 0.5035053037 0.5559112973 0.7315404306 0.7256218706 0.7243977293 0.7321408321 0.5732092232 0.8208939909 0.8113042418 0.8144244521
0.565209908 0.5707384723 0.5497626507 0.8074165894 0.7437887003 0.7411588913 0.50436696 0.6591021811 0.6580213478 0.6499515562 0.6558789967 0.6591004177 0.6613386532 0.6720859081 0.6724805382 0.5200967272 0.5151590069 0.5102846167 0.5104916911 0.5125689579 0.5240798353 0.5552648856 0.7347914215 0.6562835832 0.6509105246 0.6521505529 0.6616192609 0.6697323032 0.787844883 0.6465317892 0.6453652634 0.6470497138 0.6924207738 0.693327672 0.8170731527 0.7596157884 0.7605765037 0.6539563116 0.6528598523 0.6454882572 0.6510684814 0.7980931951 0.7945244294 0.7893620249 0.792335955 0.8326754172 0.6354914418 0.7685459213 0.8582960212 0.8557082184 0.8552922759 0.8513427564 0.8033273512 0.7961728224 0.7913820754 0.7916575161 0.7967227518 0.7587378117 0.5490481265 0.5700220645 0.5696492067 0.5701749765 0.825019359 0.8201206352 0.8200675757 0.6728291097
0.5641719209 0.5673387484 0.7783433669 0.637119741 0.9081086623 0.9004415883 0.664577799 0.6617786512 0.6523671756 0.6578412984 0.6531093157 0.665206802 0.6695707665 0.6638568516 0.6761730136 0.5179749223 0.5142697375 0.5086538958 0.5090978153 0.5142382796 0.5235509717 0.5224987555 0.6630529556 0.6518145746 0.6474896558 0.6563778071 0.6634705199 0.5279616344 0.6307815761 0.6434621316 0.6384254126 0.6413565116 0.643081494 0.6405694708 0.7581267533 0.7635601757 0.6234454938 0.6592508899 0.6498514948 0.7532504803 0.6483532404 0.7663744826 0.5560882096 0.8759194335 0.7988674397 0.8561011439 0.6270620032 0.628471407 0.621068503 0.6189232035 0.84879738 0.8564860158 0.8010279437 0.8004088342 0.7290539027 0.7977437914 0.8002463897 0.7651986937 0.7649714948 0.5646491885 0.5633892244 0.5671914532 0.8282245502 0.8186643344 0.8245573083 0.8232694398
0.5577550156 0.5677333275 0.6743908972 0.7129193071 0.8995289032 0.9011661314 0.6620982148 0.6564354467 0.6566833619 0.6538310334 0.6540513611 0.657170517 0.6842687353 0.6934402472 0.5154503866 0.5180620357 0.5112820754 0.5080776851 0.5127153127 0.5096620767 0.5182471823 0.5255917193 0.5195550637 0.8083916363 0.6480404712 0.6497764615 0.6592077688 0.6551899961 0.8330082811 0.6306106125 0.6331117944 0.6365011621 0.6382967961 0.6431407149 0.7564435596 0.7613799029 0.6385416113 0.7696269441 0.7041484935 0.7610214363 0.7579058816 0.7633510263 0.7949573503 0.8934836545 0.8538805603 0.8473097772 0.8525215902 0.6189781554 0.6184957381 0.6186739859 0.848657888 0.8438137615 0.8497760723 0.8519649035 0.8019609609 0.5697800691 0.5598098762 0.7225020498 0.5975688163 0.5667893867 0.5676125687 0.5669494398 0.8128749322 0.8125962445 0.8181989552 0.8221304117
0.5680004979 0.5768742548 0.6741284478 0.5008191625 0.8463972779 0.9015071224 0.6626949167 0.6585656856 0.6569274675 0.6581934577 0.6541525693 0.6568058949 0.5187720728 0.5154260903 0.5223826396 0.521934158 0.5149799814 0.5143454823 0.5179297478 0.5246775163 0.5258654258 0.5194305457 0.5238062486 0.6544961821 0.6509713067 0.6519604928 0.6546715442 0.6645510192 0.5655608563 0.636189542 0.6284007538 0.635639325 0.6338668951 0.665268042 0.6457143081 0.7616585836 0.7672608321 0.7323728084 0.6020559206 0.5192761915 0.5176483952 0.7319184267 0.5151389425 0.8447797438 0.8500470265 0.846927184 0.850783352 0.6187266796 0.6169776467 0.6232070964 0.8439074559 0.8412924243 0.8511770909 0.8560162819 0.8635847895 0.559844884 0.5612557369 0.564242005 0.5966003323 0.5882712849 0.588974807 0.5813785714 0.811316689 0.8103894187 0.8137391549 0.8591781429
0.5750349405 0.5765772384 0.5033382977 0.8025498787 0.5417444082 0.7763835563 0.7767592094 0.6641853337 0.8639463118 0.6572477391 0.7846240232 0.7691604341 0.5225682078 0.5650990792 0.5178904898 0.5203484751 0.8683870334 0.5221746801 0.5317458855 0.5334936017 0.5280597448 0.5282346497 0.5201333057 0.6553415811 0.5139969919 0.7202669677 0.7112839253 0.5587849494 0.6369099747 0.6321533312 0.636445683 0.6281774587 0.6306326953 0.6393330186 0.7217098334 0.7214042947 0.7706146423 0.5457336735 0.5273321653 0.5126714523 0.5109901489 0.5136091702 0.8531863174 0.8430411887 0.8430016955 0.8408408105 0.8385611886 0.8381615395 0.6210461517 0.6259386724 0.8433674062 0.8451637894 0.8500163572 0.8589410314 0.8600217687 0.5694500329 0.889729455 0.603831036 0.5921296683 0.5853949134 0.5802489323 0.5818922108 0.8123591653 0.8110159231 0.8576941863 0.8647352071
0.569250188 0.6455706133 0.7468168821 0.6667607765 0.5441438614 0.5457007808 0.8213825615 0.6476054795 0.8748684519 0.7277485586 0.7273924529 0.5292506586 0.5247705336 0.5220477439 0.5852514749 0.8757797743 0.526500831 0.5230922306 0.5295713669 0.5412933824 0.5395844879 0.6168342379 0.7624471539 0.5232186155 0.5148869539 0.5365765876 0.5565271074 0.5522897905 0.5493356208 0.7255679596 0.6381355733 0.632062663 0.6374045093 0.7105807307 0.7124259403 0.7184292564 0.7685612364 0.550547848 0.7630228022 0.5176922205 0.5078311226 0.5170489528 0.8570554107 0.8479378525 0.8374951563 0.8331668719 0.8367239114 0.8453515902 0.8482262682 0.72652345 0.7222140542 0.8524067906 0.6238332041 0.8583692929 0.8681750288 0.5781277718 0.8757336418 0.8739885331 0.5804411528 0.5831888939 0.5780858264 0.5805145458 0.5822379982 0.8636444984 0.8601783058 0.859603747
0.8118930196 0.6154779356 0.5367038589 0.5728420658 0.654148795 0.8693550008 0.8289554428 0.8190025005 0.6612510885 0.7817257577 0.5562317522 0.5294766072 0.521424885 0.5270675852 0.5069175804 0.6770716462 0.8145483001 0.6488023294 0.642912311 0.6988619221 0.5820497614 0.6153053443 0.6220631514 0.7868111046 0.5664115 0.5603725218 0.561500319 0.5545446496 0.723310938 0.7273777734 0.7187609255 0.7046852681 0.7078951492 0.7082433154 0.7162234089 0.7717879033 0.6784270554 0.797569839 0.5176838512 0.5097152315 0.5163621874 0.5151553514 0.8516108109 0.8521041289 0.8401479998 0.8311802765 0.8317324219 0.8459468671 0.8559102453 0.7180882854 0.7191963715 0.7128563753 0.7182277705 0.6707334134 0.8676780697 0.763393962 0.5967752543 0.59425081 0.5779268379 0.5746686353 0.5784035293 0.5799458606 0.6342723996 0.8665005532 0.8668992739 0.5243847435
0.5250756419 0.5267106391 0.5210547416 0.651106982 0.6507030342 0.6532152752 0.6542769033 0.8287100333 0.8249504672 0.5753448335 0.5282660146 0.5221140273 0.5294253493 0.5258651519 0.666756525 0.5087837359 0.8164656633 0.8069051874 0.8129276357 0.7349521377 0.8668362509 0.6553431172 0.5232260567 0.8637294448 0.8721037484 0.5691186816 0.7313454655 0.7260261977 0.7228495108 0.718514849 0.7117770061 0.7059389802 0.7037513721 0.7126955381 0.7665387088 0.7644524902 0.7462968579 0.7470709284 0.7456027694 0.5174975587 0.5186849255 0.8569196888 0.8565115706 0.8549088143 0.8401735926 0.833137929 0.8406186805 0.8480165981 0.8498651296 0.7211608053 0.7121415057 0.7167739043 0.6204738488 0.6756027612 0.6747406815 0.6270600616 0.5979773902 0.5915644178 0.5786184835 0.5834333651 0.5806280309 0.598582725 0.5213750996 0.5275651131 0.5288606512 0.5214222476
0.5269744106 0.5197546207 0.5253536638 0.6499883311 0.6480126483 0.6503381735 0.6506525185 0.7505163227 0.7043984673 0.8258133924 0.5235419746 0.8439343711 0.5289718668 0.5327449548 0.8807173003 0.5168934412 0.8566865663 0.8087044315 0.8087590591 0.5302031217 0.5185366929 0.6845520826 0.500669982 0.5315820909 0.7478953921 0.7207541507 0.7327388342 0.6649035034 0.7200219738 0.7152546776 0.7088120104 0.7025820719 0.7095115419 0.765552687 0.7626404317 0.7672289718 0.7462518281 0.7414783543 0.7502562093 0.9002601581 0.893865742 0.8970334111 0.9035905104 0.6619926017 0.630881408 0.8621246372 0.8567247501 0.8562632839 0.8484513811 0.7186371372 0.7200178616 0.7120010622 0.7180450326 0.7205672569 0.6321929676 0.579974856 0.5358676469 0.5894230532 0.5848196961 0.5853574076 0.589752423 0.5965080454 0.5978474397 0.6719538534 0.5358601873 0.5261862386
0.5262770851 0.5284167827 0.5222237868 0.6484201306 0.859415267 0.8425598648 0.6588067019 0.7622350078 0.7672937062 0.6856266031 0.8217453444 0.6749048711 0.6823538668 0.8060764683 0.8678867638 0.7619329652 0.621478337 0.6160750324 0.5202848363 0.723872312 0.5202712999 0.8342446849 0.539978482 0.5612033667 0.7421232847 0.734472162 0.8785261363 0.7910162434 0.8599517981 0.7103325396 0.7049883239 0.7122281748 0.7108285402 0.755740741 0.7616859366 0.7648748381 0.7452167051 0.743582561 0.7509543562 0.8950052268 0.9006788893 0.8945265615 0.8983703101 0.6404989184 0.6313898788 0.8657321261 0.8596832152 0.8655152207 0.7536302798 0.7509629302 0.7153728314 0.7173814654 0.712326972 0.6244957315 0.6942002012 0.6297740307 0.6239875729 0.5916203429 0.5941825957 0.5952830253 0.5922825417 0.5897823928 0.5971851178 0.8791349255 0.5287149975 0.5298169074
0.5279250709 0.5275496319 0.5278850742 0.5256342391 0.8477754139 0.707223073 0.8457465494 0.5912831032 0.7076793525 0.6843993666 0.6821058275 0.6830156563 0.676074297 0.8627339328 0.8707536037 0.775575264 0.8365155939 0.5272345072 0.7953209641 0.5141329291 0.8916194179 0.7611842352 0.7240284809 0.5820836027 0.833957302 0.8610094786 0.8648688584 0.8694647088 0.5060278753 0.8532851507 0.7176351763 0.7645631703 0.7577653085 0.7604904387 0.7640500378 0.7618574632 0.7810802724 0.7764169258 0.9036155808 0.8959934996 0.9012441427 0.8283037371 0.842853143 0.8056868795 0.7398349098 0.7415073102 0.7379478816 0.6685733815 0.7449619859 0.7438768501 0.7449283917 0.7369851939 0.8467092238 0.6503470597 0.6208284366 0.6168795666 0.6198202149 0.6030871268 0.6003035792 0.5951777358 0.5971536545 0.5927923387 0.5997297487 0.5872631579 0.8900683316 0.685324124
0.5283350553 0.5286964568 0.530038423 0.5298236451 0.6464639112 0.8334802237 0.7404870814 0.8900660263 0.6930290806 0.6913899456 0.8937455865 0.6913323583 0.80932368 0.8687192068 0.7526760251 0.6444388488 0.5097873754 0.8034947178 0.5239551098 0.5216738832 0.5146744263 0.8141092149 0.8895740303 0.6944922215 0.7043239323 0.8560236202 0.6422677036 0.6202038225 0.6372298995 0.5982248582 0.5947117539 0.5888734396 0.7657205843 0.7577878161 0.7674553928 0.7189512724 0.7861704191 0.6530883772 0.7793903349 0.8260560246 0.6957534976 0.6674471949 0.8782182975 0.7902054723 0.8614031677 0.7344913047 0.7440060758 0.8899905107 0.7447449503 0.7445554396 0.7354128851 0.7388760024 0.7440999428 0.8443341455 0.6223535256 0.6198371452 0.6161023404 0.6171193585 0.6063262122 0.6052790687 0.5998624637 0.810307762 0.8085802033 0.6703381136 0.5969610281 0.6848529886
0.5288567879 0.5175214581 0.5306845607 0.7370698285 0.7332161831 0.7345363517 0.7433682319 0.7447149389 0.6474626275 0.5369192784 0.5325298333 0.5334933328 0.7302028686 0.7372546068 0.7384514208 0.745949746 0.6804745471 0.8464088613 0.6460016808 0.844698259 0.8020032239 0.568746074 0.7433247527 0.5427045915 0.8575735499 0.633540748 0.7852343102 0.634475828 0.6394570615 0.5233191974 0.7053655236 0.5719070004 0.8085984135 0.7193680954 0.7120148201 0.7157459179 0.7187984055 0.7163767828 0.8347988273 0.8396775677 0.7084510588 0.5174577744 0.5700326063 0.5352040437 0.6776843353 0.7349579552 0.7383987205 0.7746484087 0.7818529686 0.7365503372 0.7439085512 0.7433293649 0.7515436109 0.8449255491 0.6227026711 0.6174543696 0.6230056741 0.6172068106 0.6209523496 0.6011049366 0.6016419869 0.8045016419 0.8031798735 0.8033467227 0.6733450123 0.6785924352
0.593308951 0.6369546984 0.5144368122 0.7293925873 0.7279627164 0.7331832275 0.7438914558 0.7475605375 0.8573414685 0.5343846181 0.5300588925 0.5334832315 0.7299707786 0.7285006267 0.7364909632 0.6797002347 0.6812107049 0.568361219 0.5470089949 0.5505349483 0.5449533796 0.5488742177 0.8224371612 0.6466728025 0.6881295897 0.8076988798 0.6269273132 0.6203367286 0.6230197926 0.8743148068 0.8029800086 0.8590876983 0.8648961368 0.7192991733 0.7110331806 0.7134867759 0.7170409891 0.7138683277 0.6135514253 0.8235797882 0.9045733109 0.9029950021 0.6401201809 0.5700384655 0.7887742444 0.5848622844 0.7916411632 0.7311641016 0.7535558807 0.7508328549 0.7455901652 0.7462628748 0.7462438897 0.6976688245 0.6216999737 0.6208535856 0.6256386733 0.8674892906 0.8660942343 0.8708953016 0.6712461629 0.8075204932 0.8072015462 0.8037678927 0.6785954027 0.6725745791
0.6818989497 0 0.8153491963 0.5937988829 0.7291683275 0.6028551188 0.5959751422 0.5878846733 0.5931543465 0.5929833602 0.5367483633 0.5386357644 0.7285266816 0.7357351023 0.735373647 0.6828504425 0.6201454083 0.5478457581 0.5378405267 0.5422065519 0.5410282068 0.5414052953 0.5578305998 0.5570253809 0.6837170263 0.6851081313 0.6216701021 0.6182000962 0.6219243484 0.8792624393 0.8699916103 0.8597948294 0.8583033861 0.7153643627 0.7140809298 0.7124397456 0.7968871606 0.6201619287 0.8054574136 0.9003481664 0.8991497352 0.5656599357 0.9043363805 0.5028952237 0.7311900634 0.7880610171 0.6359555718 0.7018298148 0.8644112453 0.9047523102 0.903968266 0.9017517083 0.8713715591 0.6959621237 0.7044593024 0.6723735175 0.6641345439 0.6217618451 0.864105109 0.8670224444 0.6699250787 0.8023192511 0.6659280082 0.6833110258 0.6755990233 0.679971409
0.6791877988 0 0.5874326502 0.5914312903 0.7390001903 0.5993986041 0.5951976471 0.5873713085 0.5868416448 0.5965787391 0.5477706928 0.7128709721 0.6975189089 0.7290459328 0.7384744375 0.7366395956 0.7337192999 0.5513777982 0.5432845168 0.5351774912 0.5378446521 0.5435085137 0.5504171654 0.5590830527 0.6796187054 0.7147051691 0.6319201057 0.5017459584 0.6197199887 0.8744916391 0.8657687141 0.861352221 0.8630477772 0.8655380014 0.7466647503 0.5486009568 0.7234874797 0.8580698239 0.862728751 0.5428668952 0.909013415 0.9073177769 0.8982565527 0.8950268857 0.7911690737 0.7900478096 0.8341230002 0.8337742318 0.833866634 0.8322944736 0.901086046 0.8960404432 0.899340403 0.6988276288 0.6981938639 0.6695662015 0.6630111117 0.6612523816 0.8664876943 0.872416674 0.6309582614 0.6616174214 0.6641482461 0.6880228793 0.6820160451 0.681904767
0 0 0 0 0.8997887345 0.5976237601 0.5941822796 0.5883086058 0.596237192 0.595820284 0.71771669 0.6750142017 0.720790017 0.8282448158 0.6532604908 0.7360980201 0.7325143217 0 0.5430570713 0.5425335221 0.5393484717 0.5489558206 0.5579733185 0.5639992628 0.6785860638 0.6786631177 0.5514157288 0.5091123285 0.5019851198 0.6206298782 0.8701238475 0.865012579 0.8703964087 0.8656098783 0.5627264984 0.5637266911 0.7724979916 0.7755598707 0.8546516804 0.8586814833 0.8542847619 0.800889491 0.8926047925 0.887243869 0.8155084539 0.8138998748 0.8164696489 0.8321277516 0.8265242648 0.8315225457 0.8402023751 0.9025440029 0.9031253762 0.5573544359 0.6885368905 0.575295568 0.6599596134 0.6694413254 0.6684393108 0.6726306415 0.6662663166 0.6604718809 0.6674668791 0.6861704762 0.6849623409 0.6885404364
0 0 0 0 0.8567459965 0 0.7730004197 0.7804329794 0.7817955236 0.6057571481 0.5632858923 0.6167770231 0.7572718526 0.7314465284 0.8462318125 0.727505059 0.727156938 0.5530291474 0.5491846599 0.5509531193 0.5393609832 0.53949771 0.556942794 0.5661386133 0.6755085298 0.6743105837 0.67886202 0.5140623512 0.6556214266 0.6580664639 0.6282500423 0.5604858769 0.5655451699 0.5662317745 0.5379905446 0.7746356445 0.7681105672 0.7777254162 0.8561489192 0.8521597891 0.8498457367 0.8474838818 0.8554593173 0.8427883045 0.8446638181 0.8109092009 0.8102921856 0.8230646077 0.8246056693 0.8309840125 0.7243018148 0.7308150691 0.501330765 0.7808688118 0.7753645239 0.6667374692 0.666684418 0.6668704884 0.7854429422 0.6708380352 0.5985153935 0.6802435129 0.6697410307 0.6900986853 0.6882733175 0.6870988375
0 0 0 0 0 0 0.6649213489 0.774594261 0.7848575951 0 0.6081643879 0.7866990808 0.6252850821 0 0.7335089316 0 0.7341350411 0.7306715334 0.740029036 0.784343017 0.5652772484 0.5615981792 0.5574934644 0.5646042348 0.6761395537 0.6801047161 0.6835865015 0.8429423245 0.6497570663 0.6563791703 0.5550462181 0.5573670116 0.5602362517 0.5615056679 0.8912670153 0.768699476 0.7763656072 0.7696605231 0.8580029529 0.8481675912 0.8477244735 0.8460959062 0.8367868366 0.8404311827 0.8485729923 0.8087787778 0.8161463385 0.8152436168 0.8225966654 0.656135535 0.8338772359 0.7337431629 0.8686043427 0.65035266 0.8709558086 0.7696659909 0.7613082071 0.7662396691 0.7682667901 0.6806604845 0.7905524038 0.6365511114 0.5001091194 0.5819950264 0.6910842233 0.6955661326
0 0 0 0 0 0 0 0 0 0 0 0 0.5633193323 0 0 0.8527546057 0.6306310396 0.7373828933 0.734894227 0.5741757641 0.5674071963 0.5624335617 0.5669916317 0.514291907 0.5206212028 0.5037767224 0.6225976315 0.6596503755 0.6523464215 0.7422825265 0.5524201954 0.5505886186 0.5559426172 0.5590885928 0.8897081503 0.886038042 0.6443663298 0.6518407549 0.6456943413 0.8502845533 0.8554431127 0.845678609 0.8364895371 0.8389176293 0.8249916698 0.8155795404 0.8080855319 0.8171308282 0.8210667919 0.652293487 0.8489674931 0.8746426766 0.8685324266 0.8655183718 0.8725926491 0.5337098595 0.7677288619 0.7603431368 0.7672069359 0.8226446159 0.6566228016 0.5041502919 0.6500305521 0.5225237923 0.5201781489 0.8631072821
0 0 0 0 0 0 0 0 0 0 0 0 0.6507588485 0.6222028295 0 0.8104404492 0 0.7776745027 0.5843069703 0.734514535 0.5184904177 0.5265629618 0.5229996454 0.5032279082 0.911898975 0.9109694478 0.8701097543 0.670168241 0.811244059 0.7476544993 0.552148018 0.546704527 0.5549803755 0.5657434591 0.5612427517 0.6645935833 0.6505468888 0.6421986611 0.6481110713 0.8560165997 0.8511408245 0.8422724042 0.8433255751 0.8442047407 0.8174520256 0.815307415 0.8121919438 0.8125405846 0.8136882036 0.8273640189 0.8306575419 0.8772594139 0.8707286447 0.8708278018 0.8660250618 0.5355536643 0.8735054977 0.7623358496 0.8142956407 0.8222988489 0.6123718722 0.6143284575 0.8792981236 0.7502667233 0.8414999488 0.8412052999
0 0 0 0 0 0 0 0 0 0 0 0 0 0 0.8736710443 0 0.8054309072 0.6988915232 0.8002174799 0.5214966072 0.9109761121 0.9060974925 0.9010537551 0.8980351438 0.606871925 0.9025519055 0.5308972193 0.915102559 0.6646255937 0.659918903 0.549016447 0.5542496408 0.5531444862 0.5533144295 0.7464337615 0.8853348446 0.6519709414 0.6451460653 0.6461790711 0.8515950838 0.8424284008 0.8517139687 0.8443205484 0.8529558273 0.8252306661 0.8167826983 0.8182365223 0.8198044422 0.8181089336 0.8225643789 0.603337165 0.607581457 0.6142599913 0.5225056154 0.5297101259 0.5342490553 0.873223807 0.8746541823 0.8795139919 0.8735835121 0.6045015457 0.6107029742 0.7470177622 0.7477905985 0.8481944133 0.8394615845
0 0 0 0 0 0 0 0 0 0 0 0 0 0 0 0 0 0.800159026 0.8301466341 0.828491858 0.8640204478 0.9027558903 0.8965033757 0.89600322 0.8949062496 0.9011286211 0.9087429148 0.9114812624 0.6591647407 0.6578125059 0.6528074522 0.6562068965 0.6492653408 0.5618444247 0.7514857514 0.7462847903 0.7463776347 0.718475715 0.8460752979 0.8442001188 0.8467201379 0.8530381172 0.8531235274 0.8539061303 0.7123578923 0.7535137633 0.7592673654 0.8256963305 0.8277533869 0.5977979704 0.598392525 0.6063117953 0.610228723 0.5218709078 0.6350205895 0.5308325127 0.8719139185 0.8714308026 0.8721990733 0.8759467129 0.6070362543 0.6091264447 0.7394638453 0.7383052676 0.8433636849 0.8458047917
0 0 0 0 0 0 0 0 0 0 0 0 0 0 0 0 0 0 0 0 0.9038959616 0.8976520899 0.892163619 0.887856947 0.8599486332 0.900120943 0.9149369617 0.9141522257 0.7994979228 0.7024439535 0.6613695399 0.6576928014 0.6279745939 0.627241778 0.7554406574 0.8641381429 0.7540319165 0.8846747553 0.8535909419 0.596873459 0.8468006037 0.6543152958 0.6547872866 0.6521060546 0.7561433115 0.7545033364 0.758635683 0.8558115467 0.847944994 0.6054686107 0.5976833858 0.8424175482 0.8350312167 0.5311092102 0.5226391335 0.6380163129 0.8762206195 0.8743631208 0.8699095696 0.8759240442 0.7175110482 0.7811365307 0.7858222363 0.5216313894 0.7030531192 0.8559353296
