landscape/hab_quality/256/simulation_000012_p058_h094_HABMAT_patch_more_500pix_modified.asc_ac_0.5_quality.asc
NCOLS 513
NROWS 513
XLLCORNER 0
YLLCORNER 0
CELLSIZE 9.980507
NODATA_VALUE NaN
[rows 116 to 144 of 513, columns 0 to 65 of 513]
0 0 0 0 0 0 0 0 0 0 0 0 0 0 0.8593871496 0.8584246778 0.8575419741 0.8588444611 0.8580750503 0.8614357311 0.8619691494 0.6459601879 0.8965024351 0.8408108247 0.5960226642 0.6978041298 0.7518450056 0.6392839717 0.8555263809 0.752784064 0.6339555139 0.632837075 0.6027617257 0.6022758724 0.6025067758 0.5973678023 0.5978818848 0.5987989403 0.6137102402 0.5897999216 0.597008475 0.5978421401 0.8823893734 0.8610402979 0.6268716423 0.6183960168 0.6151542859 0.6218808152 0.6348544239 0.6363177726 0.5391171602 0.66117939 0.6883930995 0.6869633905 0.6897183472 0.7895028525 0.6411327154 0.7884005966 0.7983704128 0.5224045514 0.5225253577 0.8272191793 0.5589837743 0.5126389044 0.5126961559 0.5181515038
0 0 0 0 0 0 0 0 0 0 0 0 0 0 0.8635638235 0.866291236 0.8666111531 0.8567063125 0.8569820107 0.5487031169 0.8617587429 0.8776329963 0.845661668 0.676487119 0.5149884084 0.5969848405 0.8934637655 0.8866379361 0.8965999253 0.6414751472 0.6403087759 0.6017535559 0.6356536388 0.6977211434 0.6418964143 0.6477839625 0.6758634074 0.6801846312 0.6236910089 0.6968308369 0.8470276796 0.6353512579 0.8791490547 0.8768530189 0.8749775157 0.6191071947 0.6184662405 0.6207684838 0.6463372528 0.5465895808 0.6988454655 0.6969173896 0.6931211543 0.6958870149 0.5207510931 0.5045525566 0.5158635968 0.8293726404 0.5202341865 0.6417333872 0.515412043 0.5180506309 0.5111889446 0.5113987577 0.5159132727 0.517198149
0 0 0 0 0 0 0 0 0 0 0 0 0.6317105635 0.8680022446 0.6488215887 0.8649669354 0.8632869351 0.8636152766 0.8621481854 0.8588234664 0.8677610145 0.8659225756 0.8741275324 0.8898349874 0.5445456599 0.7713303913 0.7694013458 0.888068225 0.8894061357 0.5379561857 0.8595317127 0.815856317 0.593354723 0.6460589731 0.6488146157 0.7769752702 0.6825887332 0.6854935654 0.7275012996 0.8644061903 0.8676754281 0.8602107378 0 0.5606394916 0.8814017882 0.8797996426 0.885564008 0.8890789692 0 0.7537649166 0.7002466807 0.5173805086 0.7016177743 0.6948012211 0.5129174517 0.6595657802 0.8262978219 0.5114334616 0.5176859399 0.737366816 0.5199259836 0.5150836898 0.5097236832 0.5186685522 0.5114683116 0.5237271588
0 0 0 0 0 0 0 0 0 0 0 0 0 0.66149841 0.6472661422 0.6441705752 0.6470492709 0.8653290562 0.8646582313 0.8705695128 0.6995787496 0.8756848854 0.8683505931 0.876562652 0.675546373 0.7665580472 0.7707578806 0.800940912 0.5603214 0.5030715663 0.5474542442 0.815094368 0.8196488685 0.7076709501 0.7689868476 0.7603378321 0.7648929997 0.8430845276 0.8721216236 0.5075267105 0.8585623993 0.8632334541 0.5834918955 0.5681468685 0.881596324 0.8819678602 0.8873418434 0.8945217661 0.7441111921 0.7929642896 0.7914509399 0.8247396834 0.865453683 0.5891273474 0.6565158828 0.659106617 0.5208857899 0.7772142766 0.5136226049 0.5062633601 0.5041276099 0.5094775794 0.5091875582 0.5176558853 0.5178885865 0.5756689542
0 0 0 0 0 0 0 0 0 0 0 0 0.7084992041 0.8919757309 0.8428515206 0.6418958707 0.6425414625 0.7010653393 0.6985963036 0.6960478338 0.6921867075 0.5410966193 0.555641052 0.8870806381 0 0.7679925623 0.6236853169 0.6305593702 0.5844505093 0.7118802508 0.5894317962 0 0 0 0 0.7866556807 0.7922095119 0.7846917581 0.7860359424 0.8671020141 0.8655641953 0.8663823611 0.8169544805 0.7879729213 0.8895543415 0.5771346627 0 0.894059531 0.8144199932 0.8004755945 0.7910525231 0.8000826914 0.6743285705 0.6639825949 0.8477035476 0.6997963067 0.8379637777 0.89972678 0.6860792153 0.5667088927 0.504265815 0.5013896843 0.5026405888 0.5153743043 0.68864163 0.6788138384
0 0 0 0 0 0 0 0 0 0 0 0.6282726097 0 0.8371998741 0.6584136393 0.6424306676 0.6416099642 0.6929329518 0.6922300059 0.6919338612 0.6964399318 0.7086636793 0.7564797993 0.5234613443 0.8252381304 0.6696928021 0.8332321385 0.6292600579 0.5829960226 0.5801632531 0.8692280657 0 0 0.6661091868 0.7899462683 0.7794964228 0.7781244728 0.7838564489 0.7867811128 0.7093479803 0.706584331 0.7119012228 0.7153394352 0.8733233777 0.6825166807 0.5428957782 0 0.6361451088 0.8062253575 0.7992120842 0.7965811987 0.7989504075 0.5242693261 0.521020484 0.8525159064 0.8462571942 0.8549591842 0.6783172136 0.5747651001 0.5070538075 0.5076012836 0.5026557344 0.5061653466 0.5065738583 0.6884321314 0.6847751231
0 0 0 0 0 0 0 0 0 0 0 0.7000175397 0 0.661104226 0.8357948403 0.6491841999 0.6454658248 0.6906498563 0.6838207167 0.6919073253 0.7007620019 0.7014281572 0.6217896436 0.8293742548 0.8290073011 0.8272378532 0.8307814985 0.6447831225 0.5825679037 0.575788927 0.85356788 0 0.852256143 0.8923635868 0 0.7858205076 0.7766606034 0.7813102557 0.7925504772 0.7113101338 0.7059017374 0.7150708792 0.891915725 0.839599031 0.8328937215 0.5991160752 0 0.8847536432 0.6522162166 0.5959303712 0.5900375728 0.7762169742 0.5209446846 0.5280947119 0.8529245195 0.8555526758 0.8507841457 0.8858683803 0.7130989246 0.7701408608 0.7702629605 0.5125109918 0.5067640681 0.5089654782 0.6852025139 0.6861845439
0 0 0 0 0 0 0 0 0 0 0 0.8103363182 0.575698695 0.6632062446 0.6538633637 0.6527392696 0.6520776995 0.685621283 0.6840462129 0.6910133479 0.7087193045 0.7081686798 0.6542110405 0.8292415718 0.8423863312 0.8270225502 0.6681471384 0.6738491041 0.5775439158 0.5016110858 0.8547587304 0.8522413822 0.6966785354 0.8685915848 0.5358226692 0.785746536 0.7870775236 0.7837562509 0.7959109084 0.7069252126 0.7112350192 0.7146518829 0.7179718539 0.7241184651 0.5959899877 0.5959001844 0.5980218901 0.5486860801 0.5606146437 0.6813159909 0.6818576978 0.6836024755 0.5301291845 0.5289428577 0.8616357011 0.6907804204 0.6280260891 0.6744761957 0.6857952812 0.7704139618 0.7693522381 0.7689425069 0.7770562536 0.5178496001 0.8733558759 0.8697805476
0 0 0 0 0 0 0 0 0 0 0.7010801011 0.7460519194 0.6081054811 0.656487676 0.823454488 0.7045137327 0.6923608927 0.6893036479 0.6883544673 0.6873203499 0.7110667348 0.5410049929 0.8227087427 0.8232132784 0.5798388824 0.5981101045 0.6397213778 0.6725568668 0.6708046368 0.6797146567 0.7329051314 0.8554322731 0.8605454301 0.8251491025 0.8490878024 0.8412778222 0.6545321134 0.5099801735 0.5038278261 0.6942242658 0.6968140742 0.6960246463 0.6842884121 0.8489195133 0.6011645488 0.6045187955 0.6025489045 0.6758602784 0 0.6748891121 0.6797853382 0.6868363668 0.7680325454 0.6774113336 0.5026981087 0.6444801821 0.5559545825 0.7377890914 0.5282202101 0.7754235616 0.7764275865 0.7760889844 0.7715902277 0.7746206291 0.7999077285 0.865802591
0 0 0 0 0 0 0 0 0 0 0.5201356357 0.8462420779 0.6747405993 0.8649081926 0.6825678025 0.5692018324 0.6102232489 0.7675188537 0.7689857571 0.8575176625 0.5906619525 0.8232750278 0.8226948196 0.8264754192 0.829973037 0.8748612158 0.6817171149 0.6750489012 0.670420826 0.6656833587 0.6752299021 0.784273095 0.8210009056 0.8165610863 0.8362139211 0.8410015579 0.5043532478 0.5030324007 0.5065339035 0.6875000388 0.6933673156 0.701387493 0.7054933413 0.7759278526 0.5169381163 0.5834772245 0.6042512647 0.6827394788 0.6731317039 0.6715258619 0.6708295859 0.6808587887 0.6180432221 0.6038526216 0.7252693617 0.6559266707 0 0.5228629528 0.5221162007 0.7710128294 0.648133549 0.6440128568 0.6460511483 0.6436945274 0.8704157991 0.8690762765
0 0 0 0 0 0 0 0 0.5138435696 0 0.5135220123 0.5088856447 0.6656111692 0.6707292561 0.8293306997 0.8205192816 0.8288391316 0.779260632 0.7602128567 0.6627041944 0.6357893656 0.8646001825 0.6085095137 0.8695120037 0.8289445972 0.583947543 0.5022743915 0.6790929211 0.6707471658 0.6653236358 0.808774951 0.8881297622 0.808727811 0.7196858344 0.8123157068 0.8353081018 0.8427792185 0.8424975912 0.5069801831 0.6953313144 0.6935851121 0.7842792989 0.7752637589 0.7827991135 0.7787542178 0.5853139006 0.6770707493 0.6743729091 0.6772503124 0.6673852697 0.6744334161 0.6744622779 0.8485130003 0.8479091553 0.8773963341 0.6720891291 0 0 0.7404196006 0.5140631106 0.6515517455 0.7600248915 0.6420361712 0.6508909609 0.7799736927 0
0 0 0 0 0 0 0 0.8013828953 0.5099490989 0.5111633032 0.5058557413 0.8444712083 0.6634382338 0.661050356 0.6568194105 0.8202485239 0.8250701705 0.8305272896 0.6570927619 0.6612083454 0.6636649696 0.6919196598 0.8623037498 0.7866703835 0.5676133516 0.6999456871 0.6997530063 0.6760200163 0.6704872363 0.6684245271 0.6710419689 0.7846855434 0.811447143 0.8071867551 0.6920679176 0.6933181604 0.8330528758 0.840586587 0.5090342135 0.7903873252 0.7809126595 0.7799681145 0.7747163338 0.7783523644 0.7792011803 0.6421346588 0.5572611665 0.6724945052 0.6735973969 0.6706957132 0.6742030082 0.6749163746 0.8432880539 0.8469429864 0.6571929482 0 0 0 0 0 0 0 0.6492122857 0.6438073436 0.7855914911 0
0 0 0 0 0 0 0 0.5786101788 0.5112344485 0.5079622937 0.5014701889 0.6535334876 0.6440128748 0.6482294771 0.653105084 0.6612309399 0 0 0.8875084282 0.6599403451 0.591179634 0.524501747 0.5266230504 0.5234636184 0.5477202682 0.6954379709 0.6956641488 0.6906184136 0.6714993236 0.6761642305 0.778357597 0 0 0.690972832 0.6881753351 0.6903705116 0.6943188743 0.8339187697 0.759678663 0.7875611106 0.7867675516 0.7839973479 0.7749099615 0.7789523754 0.7857136743 0.6450836891 0.6774555431 0.6766515618 0.6756183698 0.6755071619 0.6816413005 0.6788870342 0 0 0.8093263254 0 0 0 0 0 0 0 0.589555054 0.6580641669 0 0
0 0 0 0 0 0 0 0 0.5117416728 0.5091284061 0.6543252697 0.650261469 0.6436271811 0.652742584 0.6468760716 0 0 0 0 0.5849047191 0.7014433068 0.6986248257 0.5185509354 0.5242442891 0.5462456726 0.6963545326 0.6880853521 0.6805615734 0.6857287101 0.8814258636 0.7476657536 0.8675658688 0.7024413814 0.6927269394 0.6903445245 0.6919256889 0.6961690709 0.8076056114 0.7993885624 0.7945788978 0.7925704884 0.7887822055 0.7886849057 0.5380935197 0.7808082061 0.5739925692 0.8261862752 0.7924585533 0.6848201132 0.681131724 0.6781957891 0.6662855265 0 0.5825910035 0 0 0 0 0 0 0 0.8244813976 0.8439521525 0 0.5473539682 0
0 0 0 0 0 0 0 0 0 0 0.6581664457 0.6505274243 0.649875802 0.6438219016 0 0 0 0 0 0 0 0.6931662387 0.7027541709 0.5253435599 0.6772512352 0.6840840303 0.6743882136 0.6787803126 0.6860918063 0.7457617215 0.8773653052 0 0.6967286815 0.6950132247 0.8204435522 0.6884115752 0.694437793 0.8077995127 0.8044568008 0.758625455 0.7552988826 0.5387128744 0.5336585697 0.5406487372 0.8616020099 0.5663856702 0.795167625 0.7959821287 0.78913047 0.6814155641 0.8642788079 0.8703051028 0.5178398133 0.8078111142 0.5698767334 0.7818015973 0.6393004421 0.6348616389 0.6325480643 0 0 0.8339194791 0.8243148757 0.8218164124 0.8179790156 0
0 0 0 0 0 0 0 0 0 0 0 0.8003152293 0 0 0 0 0 0 0 0 0 0 0 0.6812671258 0.6778303273 0.6749950824 0.674266956 0.5804296869 0.6838939407 0.8847093859 0.6864394733 0 0.5178828123 0 0.5096298458 0.6941971106 0.6881237033 0.8131448705 0.8461786725 0.8090731775 0.5442553432 0.5370637432 0.5338811556 0.5410136124 0.8531753389 0.6653863503 0.618368626 0.6219592184 0.6183156822 0.6221230218 0.6236710462 0.8619664949 0.8026203328 0 0.8053827362 0.8158798286 0.6352763597 0.6417498571 0.6405124331 0.6330174185 0 0.8590957459 0.8204092005 0.8168253106 0.8262732378 0
0 0 0 0 0 0 0 0 0 0 0 0 0 0 0 0 0 0 0 0 0 0 0.7661902049 0 0.6776935181 0.6795854435 0.6820437117 0.6794968064 0.6844191846 0.6891148793 0 0.5172372013 0.6777855234 0.7651617413 0.6688773175 0.5003030218 0.6926011007 0.8679203715 0.872658726 0.8699995788 0.5390056166 0.5417487624 0.5429774928 0.5485376776 0.5517906779 0.8615965555 0.6164770183 0.6174427571 0.6164219474 0.6099773029 0.614006503 0.6153134789 0.8097230276 0.8025753291 0.8062513663 0.6286239414 0.6077122621 0.5461796246 0.5155831569 0 0 0.7464373416 0.8219996853 0.8183537393 0.8267641118 0
0 0 0 0 0 0 0 0 0 0 0 0 0 0 0 0 0 0 0 0 0 0 0 0 0 0.5178987498 0 0.6812354138 0.6835898052 0.6864569519 0 0.8598857907 0.8689960085 0.7841734523 0.7806789179 0.7868700005 0.8723167734 0.5304140537 0.8658775488 0.8620323681 0.6813168383 0.7365217546 0.7338593769 0.6248036152 0.6443116625 0.6152900519 0.6128019174 0.6108091798 0.6120493071 0.6081343198 0.6136232056 0.6202474454 0.8109793996 0.8047517447 0.8040560842 0.7883138154 0.6115109797 0.8243468242 0 0 0.7530901085 0 0 0 0 0
0 0 0 0 0 0 0 0 0 0 0 0 0 0 0 0 0 0 0 0 0 0 0 0 0 0 0 0 0 0.6877443931 0 0.8631337439 0.6771507155 0.6724021388 0.7798089251 0.8977856662 0.6329495505 0.8578286385 0.8562652929 0.8616655683 0.5514693515 0.7327548843 0.7279922466 0.615652724 0.6151095885 0.6178413894 0.6203935825 0.6060972896 0.6055456147 0.6038517764 0.6074234768 0.6043610499 0.8099633351 0.8137508755 0 0 0 0 0 0 0 0 0 0 0 0
0 0 0 0 0 0 0 0 0 0 0 0 0 0 0 0 0 0 0 0 0 0 0 0 0 0 0 0 0 0.698686111 0.7496986622 0.6657360465 0.6673709292 0.6696267283 0.6773931882 0.6270162132 0.8364013223 0.8643038999 0.8608906394 0.8597674566 0.5528681211 0.733832999 0.730643963 0.6247857995 0.6247394625 0.8967014359 0.6134499051 0.6068459478 0.5991209158 0.5977065483 0.5977910336 0.5917902979 0.5922274706 0.6297635503 0.8172333355 0 0 0 0 0 0 0 0 0 0 0
0 0 0 0 0 0 0 0 0 0 0 0 0 0 0 0 0 0 0 0 0 0 0 0 0 0 0 0 0.6904608187 0.6939276577 0.6682507339 0.6593757253 0.6677439716 0.6742330538 0.8011699283 0.702714301 0.7037065775 0.7037340328 0.8649261018 0.8699186592 0.5752372064 0.8492558882 0.6639015549 0.6342801883 0.6045967693 0.6211740483 0.6230605685 0.5919128549 0.5985992861 0.5933149126 0.5904144151 0.5917239305 0.6231211853 0.6313215168 0.6103437764 0 0 0 0 0 0 0 0 0 0 0
0 0 0 0 0 0 0 0 0 0 0 0 0 0 0 0 0 0 0 0 0 0 0 0 0 0 0 0.7000751538 0.6996368333 0.699533865 0.6674965506 0.660049417 0.6609947148 0.6737593616 0.7060528181 0.6987582296 0.6966291487 0.6985453071 0.7075041627 0.7055540989 0.6793053496 0.67740112 0.6009313734 0.6055592579 0.6030595469 0.6009883044 0.5936969168 0.5877520159 0.5883572723 0.5894114322 0.5969597244 0.5994662485 0.5964867766 0.7106516433 0.5223965731 0 0 0 0 0 0 0 0 0 0 0
0 0 0 0 0 0 0 0 0 0 0 0 0 0 0 0 0 0 0 0 0 0 0 0 0 0 0 0 0.8026604598 0.7079208315 0.900266749 0.5766020139 0.5817760476 0.5800221861 0.7036333639 0.7021745426 0.7004192885 0.6996888954 0.7051704242 0.7070572387 0.6829183958 0.6093638249 0.600776708 0.598472371 0.602243285 0.5992995198 0.5911390646 0.5896256214 0.5808121431 0.5811089821 0.5768781671 0.5882311458 0.595511556 0.843783244 0.7322895317 0 0.702235505 0.8609530878 0.8542402306 0 0 0 0 0 0 0
0 0 0 0 0 0 0 0 0 0 0 0 0 0 0 0 0 0 0 0.6838720705 0 0.6930224042 0 0 0 0 0.8104531339 0.8019684617 0.8040446993 0.8956700759 0.8965645064 0.8926963193 0.5752139626 0.5836837485 0.6849938351 0.601830293 0.7048976065 0.7062554627 0.7019584868 0.6835730727 0.7110385441 0.6001285654 0.6020113732 0.5987587358 0.59730524 0.5930397832 0.5914939176 0.5821412802 0.5755829713 0.5740233939 0.5790259557 0.5865445479 0.6493367559 0.8617879809 0.5648851474 0.8411722769 0 0.8562557231 0.6233026702 0 0 0 0 0 0 0
0 0 0 0 0 0 0 0 0 0 0 0 0 0 0 0 0 0 0 0 0.6837397127 0 0 0.8767493856 0 0.8118396878 0.5089266303 0.8061186808 0.8058737029 0.8832434922 0.8894431085 0.8948029073 0.5805704413 0.5757436145 0.643043826 0.6830375071 0.7568178862 0.6263196773 0.549509208 0.7093210148 0.7124293961 0.6050808482 0.6061865596 0.8677996745 0.5912171648 0.58770759 0.5867699945 0.5797889641 0.5771314767 0.5743518401 0.5802056343 0.5851289488 0.5908651268 0.5937498278 0 0.7551876202 0 0 0.8568671364 0 0 0 0 0 0 0
0 0 0 0 0 0 0 0 0 0 0 0 0 0 0 0 0 0 0 0.6798339695 0.6836428646 0.6899957427 0.8752443386 0.8328193118 0 0.6715025518 0.6068679022 0.8414714515 0.7283636075 0.881786233 0.5942584081 0.8981718719 0.6459123946 0.642048425 0.8921364163 0.635367094 0.5986169262 0.7252924295 0.7145442496 0.7107140019 0.7154346907 0.6163917112 0.6045444352 0.5985413474 0.5929246592 0.5920823411 0.5889641433 0.5781151359 0.5817591368 0.5814500805 0.5846707932 0.5817986913 0.5893484053 0.5970697646 0.6063671822 0.7415245478 0 0 0 0 0 0 0 0 0 0
0 0 0 0 0 0 0 0 0 0 0 0 0 0 0 0 0 0 0.6871158378 0.6879890266 0.6802256611 0.8696620495 0 0 0 0 0 0.6074104177 0.8857196043 0.8907529877 0.8915204308 0.6163856899 0.6447794799 0.6384579961 0.632247914 0.6417005322 0.6427981258 0.8962206773 0.8066651703 0.8044993546 0.691881629 0.5033890966 0.6073587451 0.6010288847 0.6029501699 0.6642705362 0.7295630243 0.6650509134 0.6216512145 0.589617076 0.5852010412 0.5833544429 0.5901019123 0.5918025497 0.7425967533 0.8312874351 0.8474684337 0.584368589 0 0 0 0 0 0 0 0
0 0 0 0 0 0 0 0 0 0 0 0 0 0 0 0 0 0.6965627804 0.6922709498 0 0 0.6378391688 0.7913984142 0 0 0 0.8734287298 0 0 0 0.5044545197 0 0.6473217336 0.639557944 0.6366036938 0.6366239373 0.6462084099 0.5477346107 0.5452740938 0.5481086077 0.8128637147 0.6131914465 0.6117701929 0.6159076506 0.6050117917 0.8318939253 0.6705463482 0.8425595266 0.6192362249 0.5876616273 0.594731156 0.5904541498 0.585542751 0.5859145909 0.7865594618 0.5785977069 0.5917268354 0.8029145349 0 0 0 0 0 0 0.5313647244 0.7309627234
0 0 0 0 0 0 0 0 0 0 0 0 0 0 0.80446575 0 0 0.6973413426 0.6974500104 0 0 0.7951202022 0.7914408219 0 0 0.5808953754 0.6889587132 0 0 0 0 0 0 0 0.643175546 0 0 0 0.5393281067 0 0 0 0.5963408324 0.5893728673 0 0.727745696 0 0.8464464668 0.8373397328 0.876986871 0.6698314428 0.591447255 0.5921560713 0.586625628 0.5223026421 0.8804107232 0.6866921484 0.6820393551 0 0 0 0 0 0 0.643777271 0.7265645244
