landscape/hab_quality/256/simulation_000090_p062_h046_HABMAT_patch_more_500pix_modified.asc_ac_0.5_quality.asc
NCOLS 513
NROWS 513
XLLCORNER 0
YLLCORNER 0
CELLSIZE 9.980507
NODATA_VALUE NaN
[rows 434 to 464 of 513, columns 70 to 139 of 513]
0.902308355 0.6987938419 0.8277038438 0.8926020314 0.8945822083 0.8957033226 0.9053675869 0.5302836313 0.7112882271 0.7038922043 0.7126465404 0.7046737612 0.7110005968 0.75439585 0.7578790619 0.7648024746 0.7691999546 0.9004368115 0.8934374661 0.676754285 0.6729361745 0.6741709853 0.6955901037 0.6976406138 0.7763541793 0.8991124187 0.9032920044 0.545932654 0.5420187787 0.5355780043 0.5376679078 0.5327879336 0.5745731059 0.7139083152 0.6768252394 0.6718971532 0.6734941401 0.528394512 0.7917994488 0.5194922771 0 0 0 0.7518965476 0.7451872503 0.7450344956 0.7454532938 0.7483993953 0.7626822764 0.6810560097 0.5989841999 0.6703959367 0.6698441291 0 0 0.5442859278 0.5561776915 0 0 0 0 0 0 0 0.8915466409 0 0 0 0 0
0.8993905582 0.8996133229 0.8986263485 0.893945143 0.8886376967 0.8898656791 0.5282261207 0.5349056541 0.7052161324 0.7091311897 0.7060316457 0.7092633868 0.7129286471 0.7633219401 0.7588674727 0.7607538859 0.7682199385 0.8963924177 0.5236197364 0.5200423858 0.5282889441 0.856957016 0.853399346 0.8550725898 0.7514568887 0.7782897182 0.6103356749 0.5479482988 0.541401556 0.5344530491 0.5326450518 0.5655359955 0 0.5567970722 0.6839345483 0.5696085545 0 0.5206833488 0.7892871683 0 0 0 0 0.7529141319 0.7521903602 0.7527083737 0.7519002576 0.7542868003 0 0.6788974586 0.6737568533 0.5466033843 0.664705105 0 0 0.5445486942 0.5366497772 0.5390052404 0 0 0 0 0 0 0 0.8989249256 0 0 0 0
0.8940801078 0.8909289159 0.8916213814 0.8968536478 0.8334165007 0.897425239 0.5329213951 0.5648967225 0.5281180153 0.7126139988 0.7149471531 0.505386868 0.7221652278 0.881574638 0.9031662687 0.5189458628 0.521808727 0.8005952752 0.5272838074 0.5202792483 0.5275464221 0.8477713121 0.8483493282 0.8552349346 0 0 0.8366244496 0.5504639608 0 0.5339851842 0.5415200708 0.5628963033 0.5589097653 0.550973961 0.5646965269 0.5713374625 0.7353239808 0.5513649263 0.7366222387 0.7360276182 0 0.870740967 0.8610805795 0.5574860353 0.552392938 0.544250014 0.5733465924 0 0.6706949199 0.6663205054 0.6745979318 0.6696376911 0.6655096844 0 0 0.5438884335 0.5371518511 0.5355378999 0 0.5351777449 0 0 0 0 0 0.8998906819 0.906264461 0 0 0
0.8816980887 0.8900156326 0.8922427165 0.8985338988 0.9093783487 0.9155954316 0.7425693847 0.5318442221 0.5296550809 0.5217910962 0.5253415819 0.5304525369 0.6945314806 0.8980345697 0.8943008987 0.5181423377 0.5165978741 0.5528452621 0.5292445162 0.5279367929 0.5181344496 0.8550730518 0 0.8493678079 0.807255234 0 0.6983235613 0.7068193504 0.7039008598 0.5501412089 0.5491830397 0.5643633147 0.5608889622 0.5561303336 0.5559060861 0.5725016325 0.6283506125 0.7326816755 0.7269960021 0.7317583568 0.5481119673 0.8617096816 0.8691899922 0.5438663007 0.5493273679 0 0.5431184999 0.6709781664 0 0.6727236523 0.6797870908 0.7530851344 0.8297878299 0 0.7637355046 0.5373087153 0.5328911105 0.5305040273 0.5313425425 0.5342183081 0.9089497842 0 0 0 0.6762286911 0.6842208813 0.5209093927 0 0.6864782553 0
0.8849569135 0.8873131977 0.8950774897 0.9002863571 0.9066361409 0.9090804594 0.7709525504 0.7369788185 0.5297583284 0.5252821304 0.5276235978 0.7808926181 0.8936953026 0.8888620392 0.7102042658 0.5169212857 0.7223784221 0.8930673663 0.8925497889 0.8886431654 0.8975939846 0 0.783715781 0.5343559296 0.5321300799 0 0.536001892 0 0 0 0.8642778006 0.8546977797 0 0 0.8664107468 0.7756266376 0.5407858866 0.6031946618 0 0.7354598946 0.553599135 0.5524737767 0.5469294198 0.5453970069 0 0.5449382353 0.5401728514 0 0 0.671182375 0.6715387627 0.7718300585 0.8928190165 0.8886633011 0 0 0.5255003945 0.5295148834 0.5279994775 0.5393748407 0.909209773 0 0 0.6796621728 0.6801263043 0.6759770083 0.6769099035 0 0 0.8702064788
0 0.8935666257 0.8914141105 0.9051772617 0.9080100074 0.7416179071 0.7466165091 0.5968346328 0.7026013486 0.8503091999 0.5346890388 0.5938516528 0.8889218086 0.8978083519 0.5156935384 0.5242807239 0.901866381 0.8966080225 0.8901936345 0.8879974739 0.887624088 0.8843298046 0.5501708304 0 0 0.5307602264 0 0.6976543948 0.7013669182 0.8498868001 0.8049757841 0 0 0.8634200702 0.8700855508 0.8694679316 0.8757617781 0 0.8790153849 0.6649360397 0.6599553337 0.6651394128 0 0 0.5430855329 0 0 0 0.682841727 0.6760413589 0.5390880708 0.5446706205 0.5295166869 0 0.8821515292 0.8823756934 0 0.521862029 0 0 0 0 0 0 0.6751468188 0.6769040793 0 0.6812002569 0 0
0.8838583924 0.8891964802 0.8922286286 0.9147917413 0.9162833564 0.9149877253 0.8750715529 0.5838130186 0.7973968076 0.7900605458 0.7909303139 0.6950940347 0.6902130793 0.7825114592 0.6968001608 0.6979761097 0.5779211946 0.8932181278 0.8885616214 0.8852936196 0.8824197223 0.8881744602 0.5426818861 0.5468558514 0.5365433835 0.5315361016 0.5224077656 0.6929172085 0.8482374986 0.845120012 0.8406839143 0.8064229281 0 0.8640582187 0.8694675644 0 0.8106496344 0.5338195672 0.5410692026 0.6067490648 0.6586524608 0 0.658680196 0 0.5355379311 0.5377116606 0 0 0.5373458469 0.5313464819 0.5357750056 0.5288966723 0.5331139233 0.7788403227 0.5849559454 0.8377155531 0.5312627521 0 0 0 0.8816298369 0 0.6824770876 0 0.6801403267 0.6786262521 0.6842153786 0 0 0
0.8924899075 0.8891528304 0.8893591982 0.7001393048 0.8402228757 0.8690989948 0.8683764021 0.5635523691 0.8321648308 0.8369492072 0.8354474401 0.6382985563 0.6957834341 0.6890013368 0.6930892944 0.5768243256 0.5557780764 0.8922962397 0.8958129693 0.8868791623 0.8844130768 0.8880098092 0.5451808788 0.7792859633 0.6613800992 0.5292852052 0.6994525634 0.6991427901 0.6894162271 0.8403942412 0.8406788492 0.8542886349 0 0.8742148634 0 0 0.8043916734 0.6763594843 0.5376079312 0.5136006947 0 0.6702525033 0.6637288742 0 0 0.5401093508 0.5385958575 0.5280920876 0.5265720457 0.5350890635 0.5257791772 0.5327497114 0.5340256611 0.8360050039 0.8922490258 0.7390441935 0.8930947997 0 0 0 0.6720063938 0.636669893 0.6877398954 0 0.6820131755 0.6559974097 0.6828648639 0.8078102676 0 0
0.8906620152 0.8900955275 0.8991021378 0.9012352497 0.8083143981 0.8637922984 0.517549209 0.8211919246 0.8328787907 0.8321232941 0.8357944422 0.6306034546 0.6936265058 0.6931063739 0.688667803 0.6905280376 0.6909804336 0.8938054606 0.6568436884 0.8762318004 0.8882224139 0.8928685602 0.5735880513 0.5200440077 0.7725107205 0.7032439477 0.5731759078 0.6951109218 0.8493873566 0 0 0 0.7899931081 0.705423689 0 0 0.7851412661 0.7859823441 0.6376390428 0.6473055932 0.652447853 0.6642208225 0.6603932194 0.6589966486 0.6631989056 0 0.52965091 0.5293636349 0 0.5275215849 0.5326750391 0.532096844 0.5385719782 0.7150882772 0.8867712128 0.8833980169 0.8858292062 0.8893603308 0.6058064787 0.6792857152 0 0 0 0.7994707928 0 0 0.902911998 0.8997752581 0 0
0.9063703613 0.9020534449 0.9015862735 0.9034502389 0.775308928 0.8691629529 0.7212903854 0.500989186 0.8357791105 0.8347673626 0.8359877272 0.6387438708 0.6907862022 0.6892014532 0.685701194 0.6840423928 0.6933043927 0.8024441416 0 0.8059118791 0.6630345347 0.6428359372 0.5279293452 0.535021408 0.611393627 0.5323530232 0 0.5701513013 0 0 0 0.5996442804 0.6961757141 0.6989361794 0.6977083671 0.7840455035 0.7759865391 0.7798555415 0.8010060178 0.7718292027 0.6713661183 0.7966914335 0.5891846419 0.8764525173 0.5101758305 0 0 0 0.5384536304 0 0 0.5418575151 0.9013899573 0.8207742501 0.5906717282 0.8815772447 0.8840149051 0.5654723062 0.8895421491 0 0 0 0.6338780139 0.7989020519 0 0 0 0 0 0
0.6056064354 0.641140765 0.9102450809 0.7535803223 0.8182458441 0.6553941444 0.8212750199 0.8268286565 0.7486674691 0.6307134466 0.8352394742 0.741621871 0.6908918658 0.6926094736 0.6890826853 0.68915496 0.6920031794 0.8933351194 0 0.7977725227 0.7414020092 0.776590041 0.7807145679 0 0.5847951469 0.5737746232 0.5713347235 0 0 0.8579284727 0.6076505939 0.6966927285 0.7003079305 0.6918205949 0.7003574946 0 0.7857199865 0.7845240443 0.7824697152 0.7915693151 0.5983617291 0.5890847397 0.5990588883 0.813387735 0.6536461654 0 0.5705523609 0 0 0 0 0 0 0.8946066807 0.896310737 0.8822494046 0.8900483564 0.8841785894 0.7103422403 0 0 0 0.6301195751 0 0 0 0 0 0 0
0.6367484989 0.7238344235 0.7507465921 0.7131940229 0.8045373376 0.6644081724 0.7655986486 0.8525991444 0.7396472959 0.7770870618 0.6396346932 0.7239567407 0.7360441702 0.6948503252 0.692074754 0.6973367166 0 0.8373744173 0.6640054688 0.7345716238 0.8033189264 0.6462017538 0.6453699178 0.6473406571 0.6512609754 0.5789249028 0.5786335895 0.5726288917 0.6463807284 0.5970434688 0.510818738 0.634544867 0.7009156564 0.6982766307 0.8567120524 0.8569311499 0.7924805519 0.787328602 0.7891514305 0.7919184574 0.5917138628 0.5933785471 0.8299187057 0.6594013188 0 0 0 0.5135604016 0 0 0 0 0 0 0.9043376306 0 0 0.7126802802 0.7045718589 0.7083519098 0.7159521803 0 0.6301935561 0.8954064309 0 0 0 0 0 0
0.6443473886 0.5622620421 0.7518656067 0.7509020952 0.787839728 0.6636150636 0.6148038704 0.6693803639 0.8088738303 0 0.5745248542 0.5679369093 0.7197138675 0.745718562 0.6855411676 0 0.8441763655 0.8385458278 0.6270034362 0.8243516054 0.6595475935 0.6533325974 0 0.6415198742 0.6436931179 0.5862500182 0.5869377003 0 0.6659200308 0.5392767919 0.8915926748 0.5400289036 0.5452768565 0.5421222177 0 0.6806885227 0.8842748068 0.8796294296 0.8832048473 0.7072617745 0.5942889192 0 0.5967302106 0 0 0 0 0.5197998771 0.5108027877 0 0 0 0 0 0.8624230867 0.8607436588 0 0.8602748433 0.7132201827 0 0.71740313 0 0 0 0 0 0 0 0 0
0.8470675753 0.5686187505 0.8405505649 0.6165146718 0.6166283313 0.6190806767 0.6730454712 0.8760293885 0.8749915324 0.5927435148 0.5708547006 0.5725024527 0.7643928174 0.8426208586 0.7517257103 0.6959391919 0.8641764397 0.6889317012 0.685870835 0.596841239 0.7387170844 0.649702276 0.65141018 0.6440111315 0.6497109169 0.5949149353 0.6727851397 0.6649833921 0.6699410884 0.5399698601 0.5307357755 0.5356731993 0.5393847546 0.5460294976 0.545939059 0.7625752188 0.8859945519 0.8811319754 0.8787892807 0.8835544717 0.8875053335 0.888623766 0 0 0.5099945174 0 0.529194908 0 0 0 0 0 0.5159213319 0.5390796309 0.8594092004 0.8515738232 0 0 0.8534980459 0.8544358143 0.7926630481 0 0 0 0 0 0 0 0 0
0.6238200877 0.818534699 0.7729914427 0.6138667273 0.6122913245 0.6506492612 0.6557478223 0.6820026114 0.58931864 0.5974994008 0.8357556532 0.8155523188 0.847491788 0.8392933703 0.8375900482 0.8353718761 0.692435967 0.6835499273 0.6860440042 0.5763231964 0 0.6590654429 0 0.5069177487 0.6446005558 0.894657166 0.5176021589 0.6732876248 0.6743511665 0.5500033954 0 0 0 0.7448085859 0 0.5475099386 0.5577142303 0.5653343321 0.6353141067 0.8851666987 0.8249529694 0 0 0.7206865723 0.5963486543 0 0 0.8260780249 0.5117087377 0 0 0 0.5243899241 0.6448851406 0.8557545312 0.8583678064 0 0 0.8466472593 0.6645042906 0 0.8565404994 0 0.7777881043 0 0 0 0 0 0
0.7789843493 0.7691877475 0.8414528309 0.7424215534 0.6558176161 0.648186478 0.6522930613 0.6800047652 0.5009114821 0.5935637 0.8020648449 0.8451796339 0.8453668673 0.8378713417 0.8327661323 0.8408826536 0 0.8395688722 0.6909531567 0.7289860731 0 0.651973499 0.6689647664 0.5594830555 0.6649499565 0.6663171411 0.8189018413 0.8280046552 0.7073985197 0.8142954106 0 0 0.5385365819 0 0 0.5706675949 0.566551187 0.5576276826 0.5376756596 0.5370488379 0.5436854666 0.8971937112 0 0 0 0.5904289042 0 0.8874166103 0.5201074079 0.5158085551 0.7665935554 0.5201587109 0 0.7881250818 0.8636969583 0.8551673767 0.8517122276 0.8462343547 0.8553607092 0.5780060058 0 0.7983031607 0.788726234 0.7815095481 0.7730390482 0 0 0 0 0.5339607398
0.8821565975 0.7767508732 0.710650431 0.8398238764 0.6485885546 0.6486563775 0.6571628331 0.5375659838 0.617549582 0.573656258 0.6773213077 0.6727830634 0.8438699394 0.8353392157 0.830832288 0.8299311797 0.8344788365 0.8364233364 0 0.8538075139 0.6181358411 0.6471583274 0.650483298 0.6529834872 0.6564660884 0.6826352853 0.8187059393 0.8140928273 0.7370035462 0.5522382523 0.5473669303 0.5386133205 0.5401574532 0 0.7978565283 0.6905394799 0 0 0.5442136479 0.537025749 0.5450629737 0 0.6391776726 0 0 0.580577815 0 0 0.6029531971 0.765708883 0 0 0 0 0.7782459465 0.7765319857 0.7852956619 0 0 0 0.5052102755 0.6292198071 0.7858690358 0 0 0 0 0 0 0.5272693265
0.5163441703 0.8022786237 0.8069002995 0.7083518754 0.5129675532 0.6151343199 0.6184676696 0.6097099002 0.6192230772 0.5659710997 0.5571116336 0.6710699293 0.7585488082 0.8355104076 0.8335346227 0.8277454328 0.8369207383 0.8350271035 0.8376850505 0 0 0.6474997161 0.6465292168 0.6516288513 0 0.5803511947 0.5753003603 0.5778567012 0 0.8143179425 0.5436429543 0.5486039822 0.5462634987 0.7879281379 0.5830762428 0.6969337686 0 0 0.5406153644 0.5394320949 0.5465448733 0 0.6496671145 0.7278696127 0.560768093 0.7479082896 0 0.749695308 0.7504870253 0.7634985822 0 0 0 0.5929650136 0.776815906 0.7145026054 0.5995278967 0.7122600587 0.7147847044 0 0.6266300939 0.7141625822 0 0 0 0 0 0.7364649886 0.7354063547 0.746451177
0.8076290851 0.7998920193 0.8006386439 0.8078451174 0 0 0.6170791277 0.8195769201 0.7971684168 0.5619469988 0.556091991 0.5660364907 0.8487035784 0.8443142688 0.8345587121 0.8342789607 0.8348832578 0.8351941827 0 0.8389861669 0 0.6500442765 0.649828702 0.6503632869 0.8222599549 0.5252707934 0 0.8413615304 0 0.5438586304 0.5483535268 0.552780921 0.7912290613 0.6844984509 0.7976967091 0 0.6918624764 0 0.7027682679 0 0 0 0.8648123505 0.6977043141 0.7483094891 0.7492798147 0.7452557078 0.7481409227 0 0 0 0 0.7424883871 0.7547713402 0.7424859146 0.7170100965 0.7121163535 0.7173876948 0.7190903073 0 0 0 0 0 0 0 0 0.731086612 0.7369697918 0
0.8090627132 0.8605795517 0.8290383694 0.8920877373 0 0 0.7458330805 0.6364687636 0.577763843 0.6817002646 0.5625854625 0.5590066721 0.5599645383 0.8400679413 0.8416056019 0.7565017786 0.6313899486 0.6277414535 0 0 0 0.6554273366 0.5553631426 0 0.5228464052 0.5172234199 0.5204475105 0 0.7686089252 0 0 0.5564994575 0.5511378506 0.5516706857 0 0 0 0 0 0 0 0 0.7531574595 0.7485915914 0.7472867988 0.7429364919 0.745843767 0 0.7513635229 0.7461753851 0 0 0.7446114046 0.7418188962 0.7506670625 0.7129412641 0.7151303647 0 0.5221819526 0 0 0 0 0 0 0 0.7347714239 0.7321182128 0 0
0.6967989142 0.7760358965 0.837434412 0.8352493094 0.7724702637 0 0.5827662251 0.581648106 0.6720998633 0.6690851225 0.6690183385 0.669046159 0.6648647636 0.839784159 0.8810008887 0.8826979091 0.8846319735 0 0.8847886637 0.7632547042 0.5239319657 0 0.843659491 0.514227 0.5131545201 0.5197351747 0.5217001931 0.891093083 0 0 0 0 0 0 0.557828476 0 0 0 0 0 0 0 0 0.7486657982 0.7461935466 0.7448488979 0 0 0.7426705819 0.7499964919 0.7549441766 0.7561329534 0.7489045705 0.7490468494 0.7476944855 0 0.7213454077 0 0.5203362113 0.5191615122 0 0 0 0 0 0 0.7489631401 0.7404214057 0.7404809996 0
0.5187146739 0.5236677416 0.5285873407 0.7743108347 0.7690121502 0.5748011185 0.5744793338 0.6805702611 0.6722706205 0.6669146913 0.6636822069 0.664116541 0.6664041072 0.8819358498 0.8743991359 0.8777640049 0.8811880023 0.8826891268 0 0 0 0 0.8390791742 0.5168287352 0.5169720571 0.5225888585 0.667682663 0.8849568978 0.887755715 0 0.5813811403 0.549259745 0.548748703 0.5568234548 0 0 0.7696793234 0 0 0 0 0 0 0 0.8719431317 0.7404664521 0 0 0 0 0.7522710927 0.7966851379 0.8357239452 0.7564023282 0.6166099878 0.5179901205 0.7793067534 0.8151054416 0.5219654853 0.5275648239 0 0 0 0 0 0 0 0 0.7489044065 0.7609863973
0.5268003914 0.5249421509 0.8999684305 0.8304752772 0.8422938404 0.5961180712 0.5815938271 0.6741935296 0.6736495907 0.6644272002 0.6673892816 0.6674945301 0.735056554 0.8812610311 0.8730145108 0.8828507022 0.8803510727 0 0.573584051 0 0 0 0.8307145425 0.5192850152 0.6056799139 0.5215671145 0.8882858126 0.6347694824 0.8857546085 0.5574781005 0.5406427529 0.5398973727 0.5470574728 0.5451938892 0.8543042783 0.5569588012 0.7685571018 0 0 0.6687155632 0.5484393724 0 0.8713698056 0.863627562 0 0 0 0 0.7435530192 0.7576666931 0.7570813657 0.7873260875 0.8422187161 0.7912359219 0.7860602033 0.5182608778 0.6612759833 0.8417554791 0.5338162807 0.5312711008 0.53892623 0 0 0 0 0 0 0 0 0.7586532938
0.622675717 0.5652179347 0.6775454086 0.5479289561 0.8007805596 0.7058439467 0.6810623725 0.7910684695 0.6783121259 0.6687947401 0.5600604446 0.5580572904 0.5630378254 0.8735312895 0.875357257 0.8734776294 0.8864033541 0.7735992635 0.8905293529 0.6181906691 0.8337763528 0.8329183183 0.8344398024 0.5613504369 0.5578986944 0.8453100088 0.7100263481 0.8360315771 0.6655368508 0.5512038819 0.5446832009 0.5378543617 0.5437845925 0.5495144485 0.5548848881 0 0 0 0 0.60349411 0.6056990939 0.6608548011 0.8733805999 0.8614829861 0 0 0 0 0 0.7523060676 0.5228302168 0.6677779487 0.7826389233 0.7823071647 0.7907320281 0.7672885913 0.5093105149 0.7814358742 0.8019320378 0.7827642528 0.7907789752 0 0 0 0 0 0.7603539818 0 0 0.7643962923
0.7011465594 0.5032025954 0.8047266542 0.7975101157 0.5776795663 0.58266833 0.5637058313 0.5380018241 0.6728156171 0.67158172 0.5609089928 0.5573233523 0.5584615344 0.5738028997 0.575625882 0.5759082671 0.8749273114 0.6234599957 0.722027743 0.6536759983 0.838403118 0.8420450942 0.7387993708 0.7383585859 0.5548474129 0.8920238453 0.836268328 0.8306712871 0.8377519874 0.5497146298 0.5471921615 0.5379014912 0.5448924968 0 0.6156360003 0 0 0.8547264008 0.636590325 0 0 0.8631431053 0.8587375517 0 0 0 0 0 0 0.6924963677 0.7263836886 0 0 0.791757963 0.743337053 0.8422470294 0.8817529369 0 0 0.7843010877 0.904159114 0 0 0 0 0 0.7699669645 0.7614170063 0.7978475583 0.6532080103
0.8429028832 0.8356788945 0.7978511771 0.7996769617 0.7735427622 0.7121264911 0.7548349228 0.7097636253 0.6056726663 0.601018821 0.5606871728 0.5626751045 0.5715098997 0.5677978144 0 0.5776825728 0.5789973538 0.8556892989 0.6404224955 0.6385841445 0.5625226035 0.7007789685 0.8735165788 0.7364476066 0.7348689677 0.8438546502 0.5837803601 0.5852719216 0.5815298896 0.5498704115 0.5552789968 0.5542017464 0.5407055948 0.558615964 0.6996142992 0 0.8534372398 0.8545623899 0.6048671326 0 0 0.8699045555 0 0.8558833681 0.8572076054 0.8560542342 0 0 0 0 0.534136017 0.7890321571 0 0.8509009421 0.737466239 0.8268353642 0.6162074276 0.6863356626 0.8962128523 0.9001963908 0.8965552139 0 0 0.6513021329 0 0 0.7634687442 0.7405314295 0 0.6502361552
0.5720934058 0.7722614605 0.6354148645 0.5902881615 0.5043274015 0.6169024238 0.7041509415 0.70534374 0.60873169 0.6021508722 0.5945939537 0.5923941439 0.5717077946 0.563714265 0.5707399982 0.7779313589 0.6636101738 0.8561665196 0.6347883381 0.6436347376 0.5590883947 0.754126942 0.7583168661 0.7274721224 0.5795825614 0.572648976 0.5788674029 0.5804239705 0.589802162 0.6277886093 0.5793841889 0.5840888247 0.5511504389 0 0.8566230378 0 0.8553456282 0 0 0.8847032736 0 0.8663946903 0.8657637247 0 0.7160610387 0.862435837 0 0 0 0 0 0.6168418676 0 0 0 0 0.5616290831 0.5780607527 0.8999053605 0.8947079723 0 0 0.8611625476 0.6967119583 0.8139084593 0.8904742023 0 0 0 0
0.5627859806 0.6128233418 0.609584582 0.6103228521 0.6078523898 0.6087526453 0.7110598889 0.7125628242 0.5944839886 0.5912268203 0.5916131828 0.5919608164 0.5669657352 0.5654838418 0.5648993191 0.7568730805 0.7522051349 0.7472830755 0.8657713112 0.8351264679 0.7768958484 0.7563626786 0.7543294502 0.7528614552 0.575446567 0.5742879157 0 0.7807680754 0.7819698497 0.7761582869 0.5766595317 0.5838962267 0.5527852494 0.548553071 0 0 0 0 0 0.8875147274 0 0.8698365079 0.8682627647 0.8720929082 0 0 0 0 0 0 0 0 0 0 0 0 0.565113155 0.5757151774 0.9040034997 0.8983172373 0 0 0.7055449642 0.6683760298 0 0.8861296921 0 0 0 0
0.6310794793 0.6085623737 0.6054540726 0.615193977 0.6156915715 0.6108251191 0.7098141751 0.8559139532 0.8543662761 0.5882457347 0.5840709146 0.5854641408 0.595125999 0.5953425135 0.8186919699 0 0.7492770132 0.746007821 0.5270445295 0.5349339028 0.6070356316 0.7487292398 0.7470338972 0.7445258387 0.5826095557 0.7903589947 0.7886248075 0 0.7732116911 0.7983864467 0.5835035959 0.5862620487 0.5581274593 0 0 0 0 0.6638856448 0 0 0.8731031639 0.8771666903 0.8736456996 0.8742484074 0 0 0 0 0 0 0 0 0 0 0 0.7399472238 0.5690197066 0.5760250276 0.7791606487 0.9106658989 0.9109111872 0.7680836002 0.5788170067 0.7698625721 0 0 0 0 0 0
0.5421293437 0.7264737087 0.6115101885 0.76721694 0 0.8468176843 0.5425086275 0.8579864966 0.6041341821 0.5862724877 0.5845441328 0.5872986732 0.6015738843 0.8232856591 0.8158300658 0.8198347039 0.7456565902 0.7503010354 0.526035933 0.5293483164 0.7488124575 0.7372715236 0.7441307049 0.8736511441 0.7481298919 0 0.7869841797 0 0.7938131367 0.8023438025 0.7303057015 0.7944993179 0.7935731812 0.6180322885 0.5568458395 0 0 0.6668233456 0.6682203664 0.6660177429 0.6786893424 0.8799457777 0.741070444 0.7393667187 0 0 0 0 0 0 0.6049225144 0.6107192567 0.6117144219 0.5904410219 0 0 0 0.5630933145 0.7468801455 0.9160138448 0 0.8144766244 0.5521887024 0 0 0 0 0 0 0
0.5291524676 0.5311016548 0.5318379482 0.8293219036 0.8242333532 0.8193562398 0.5390683937 0.5972546207 0.835053419 0.5942256755 0.5878633583 0.5883994295 0.5943869611 0.8229085949 0.8135120529 0.8214157044 0.7475587921 0 0.7653760423 0.738336483 0.7371143846 0.7391456408 0.7366032982 0.7427600251 0.7473417024 0.7894882994 0.7925914324 0.7868532614 0.7903724305 0.8030523128 0.645512999 0.6515740794 0 0 0.5622314497 0.5624817511 0.5604951424 0.6659275234 0.6682582358 0 0.6630739324 0.7497784736 0.7441982458 0 0 0 0.6712209114 0 0.5058042069 0.6052008052 0.601088497 0.7480740053 0.7497314838 0 0.7524831721 0.7462353554 0.7379199744 0.7886784126 0.852219511 0.9202245216 0.7152138831 0.5095578387 0.7944649442 0 0 0 0 0 0 0
