landscape/hab_quality/256/simulation_000017_p067_h049_HABMAT_patch_more_500pix_modified.asc_ac_0.5_quality.asc
NCOLS 513
NROWS 513
XLLCORNER 0
YLLCORNER 0
CELLSIZE 9.980507
NODATA_VALUE NaN
[rows 336 to 363 of 513, columns 252 to 314 of 513]
0.5856344231 0.5876072501 0.5886916894 0.5215191279 0.7632190681 0.5721331155 0.5912378253 0.5710251086 0.5743903087 0.8047399911 0.8027882881 0.5920726472 0.57894305 0.5815930687 0.5844112892 0.5695480407 0.5585251548 0.5554169338 0.8215029956 0.8291070175 0.833818187 0.7650597438 0 0.7353287945 0.7363963385 0.7358037952 0.7403938272 0.7429472762 0.5129856594 0.6822161538 0.6871577781 0.6824996403 0.6879270714 0.6863632223 0.6847088666 0.6994447055 0.890744752 0.8954159217 0.8978080199 0.8019871248 0.800235866 0.7933871523 0.7994355499 0.8028540242 0.572280666 0.8275010447 0.8214302625 0.8649316118 0.7534872613 0.7918886697 0.8014441086 0.7999256145 0.5553502332 0.6900560231 0.6847831993 0.5520441404 0.5458505702 0.5451348344 0.5451916671 0.6983126955 0.7009513575 0.6944060198 0.7007788637
0.5864591981 0.8603596185 0.519907548 0.876484642 0.8435210949 0.856790039 0.562439558 0.5646543567 0.5712206917 0.5688430198 0.5785521774 0.5795451881 0.5880089467 0.5864339101 0.5909654944 0.5939758436 0.7670408014 0.559788594 0.5568875944 0.8258238008 0.828150432 0.8948179495 0.741273278 0.899765362 0.7417198499 0.5819280779 0.585421074 0.583305532 0.5748894279 0.6805952688 0.6772446337 0.6865275153 0.6910396341 0.6667974022 0.6940268257 0.6531842772 0.5566426964 0.8898437617 0.8921222649 0.8018799708 0.7937045414 0.7965419908 0.7953730718 0.8051097384 0.5502956363 0.8079038955 0.830346258 0.8234068849 0.7888554033 0.7843233879 0.7916783292 0.6160286045 0.7991186946 0.6421514547 0.6884702598 0.6870981051 0.693573158 0.5182375218 0.5117408385 0.5095221849 0.7972126087 0.5835556 0.59733488
0.5350167837 0.7011926856 0.7775039526 0.783928576 0.9158522264 0.5743695596 0.5737869904 0.7490643669 0.5620329864 0.5696652798 0.7729645673 0.7136734229 0.6739989588 0.8607162838 0.5696448556 0.7718314034 0.5680529474 0.6309159736 0.734021297 0.7375713348 0.6778529773 0.7630028552 0.8493902302 0.7514931212 0.7484587457 0.580107428 0.579232656 0.5872695077 0.5935490665 0.6934050279 0.6943623688 0.6867802892 0.6806637224 0.6803480547 0.6723218906 0.7383146976 0.8905360183 0.8869501001 0.8862366685 0.8826192086 0.797327452 0.7988505274 0.7970283205 0.7960380216 0.5550514331 0.5472820783 0.5511960828 0.5476000572 0.7875362244 0.7837030371 0.7897080491 0.7950615815 0.8030823042 0.8569919284 0.8557651953 0.5676481085 0.6946439055 0.7996639041 0.5097251625 0.506070248 0.512412639 0.8224951439 0.8266611616
0.6940463329 0.8077438182 0.8417073403 0.7809859946 0.9083323171 0.9064778671 0.7417203727 0.5647819874 0.566891489 0.5621542195 0.5843852878 0.5867776187 0.6072515337 0.6166125693 0.7506168137 0.6408851452 0.8716725971 0.7331816616 0.7290508902 0.5938707532 0.5483854446 0.6329910609 0.7686086372 0.7677876004 0.760857937 0.5849813042 0.5789653712 0.5821754207 0.5902721781 0.692740246 0.6867973354 0.6809576141 0.6795893272 0.6856209603 0.6850961679 0.8499803873 0.8866733268 0.8902439426 0.8839610589 0.8864840779 0.6538550323 0.6581062978 0.6578253738 0.5477822981 0.553131323 0.545526442 0.5383794587 0.5453727159 0.5401374051 0.5399816683 0.7848949529 0.7955516918 0.803577414 0.8532355262 0.788027868 0.8470209555 0.6010976485 0.8016364438 0.795542496 0.7981174774 0.5110649691 0.8244048821 0.8748757322
0.5092721546 0 0 0 0.7380870241 0.7380467654 0.9028856508 0.9007940712 0.9087183899 0.6817203636 0.5790084384 0.5827431626 0.6127964992 0.6619890295 0.8260508591 0.8857358384 0.7213542203 0.7319278416 0.7376555083 0.733222588 0.5425106139 0.5476989049 0.5497531815 0 0.7604402708 0.5803399425 0.5830608359 0.5799274146 0.5945326237 0.5899858431 0.6885188553 0.6786745478 0.6781818836 0.6761017558 0.6821553905 0.7622512669 0.7631312142 0.7682069732 0.7685794414 0.8314295281 0.6592527735 0.6492918829 0.650725532 0.6486302365 0.5458766819 0.5336785377 0.5388663122 0.5355058945 0.5393572673 0.5460505506 0.766619704 0.7930693254 0.8433762682 0.8475626942 0.8465945494 0.8560547309 0 0.7986907115 0.7943934586 0.793609622 0.8744139842 0.6290638673 0.7215420185
0 0 0.6650599553 0.7327917593 0.7296589189 0.728637464 0.8982064233 0.904175824 0.9138141239 0.6720384479 0.6774782471 0.6771376445 0.584640691 0.6526801896 0.6522345492 0.6572605198 0.8259558778 0.8248398489 0.8275191888 0.8241190014 0.7073789161 0.7023650433 0.700348188 0.5147742364 0.7689689719 0.7669030678 0.7752066436 0.5979784046 0.597089725 0.5925357323 0.6882571145 0.6696527679 0.6696791052 0.7548854395 0.7559814376 0.7523324562 0.7551044923 0.7589077135 0.75912212 0.8304711465 0.8218321145 0.6515191154 0.6467471483 0.6528215289 0.574867945 0.532253855 0.5291071069 0.5368137267 0.5389950466 0.5482116109 0.5558867624 0.7031042665 0.8372640681 0.8380268155 0.8436828321 0.7446291235 0 0 0.7930897312 0.7902874953 0.7913662033 0.7105436167 0.8388239088
0.6643298869 0.6607281124 0.6648726332 0.7270261166 0.7283559425 0.72982486 0.9068875858 0.9063110555 0.9046789216 0.5987956906 0.6709275625 0.6728212419 0.7973615631 0.6594514506 0.6607293679 0.661542308 0.5172888797 0.8243686728 0.8232057518 0.8264035365 0.7046139518 0.699095531 0.7086930023 0.6577330305 0.5056300514 0.7768222981 0.7690987215 0.6067884405 0.6505413511 0.5995725491 0.607131949 0.6706647194 0.6655070582 0.753186203 0.7467392494 0.747134842 0.753356535 0.7605376258 0.7626779169 0.826029858 0.8307759554 0.7688403134 0.6499798176 0.5555646049 0.7008820242 0.5318947565 0.5333142654 0.5371208691 0.5476360247 0.6776087399 0.6721175433 0.6781277932 0.8349572646 0.8473205311 0.8438508862 0.8516512472 0.6054746538 0 0.7965512059 0.795602143 0 0.7172466096 0.712675463
0.6697216384 0.6623784707 0.6558443943 0.7320766774 0.726046804 0.7280644763 0.9147370221 0.9045639515 0.8983342007 0.8994768132 0.6718104342 0.6748789594 0.7805557405 0.6604323427 0.8432336662 0.6635478717 0.6945769385 0.8278155999 0.8255994886 0.8324264316 0.7075237645 0.7060090391 0.7030477942 0.5676833352 0.5096628237 0.6833613617 0.5627629221 0.8502504703 0.8518891463 0.6066626558 0.638170296 0.6735083202 0.6653012946 0.7559903057 0.7496967531 0.7511481638 0.7511784991 0.7602190894 0.7698247738 0.7175272312 0.7939353564 0.7897110609 0.7912652023 0.5534211935 0.5528979804 0.5413495742 0.5350172913 0.5398187866 0.5405680041 0.7061638819 0.6701219112 0.6732839359 0.8431734443 0.8399753205 0.5045840651 0.5388853366 0.539452479 0.6090963544 0.8000013676 0.8001798757 0.7998328295 0.6041514682 0.6113750975
0.6668145609 0.6629165842 0.6573295075 0.7274209784 0.7323462265 0.727323575 0.7345307572 0.7427323174 0.9072391681 0.9062665716 0.9150383361 0.6804735913 0.6546715063 0.5757828856 0.526511245 0.770362985 0.8279661177 0.8326412558 0.5476705639 0.6912649953 0.8397178124 0.7110841475 0.7955069221 0.7046030258 0.8385969838 0.8368250669 0.831422225 0.842629621 0.8459540934 0.8738556022 0.8693867034 0.6658866145 0.6713126475 0.6746742816 0.6840922079 0.7586749146 0.7567435987 0.7620010871 0.769437749 0.7072504717 0.7954148206 0.7867167684 0.7956998683 0.5570964753 0.5435542508 0.5386051546 0.5358410148 0.5358116916 0.5457797442 0.6769837724 0.8843726467 0.6796461068 0.775344035 0.7241340471 0.6364310852 0.5319920286 0.532629984 0.7013065873 0.6024587184 0.6070403095 0.6015859851 0.6016983926 0.7868956408
0.675193191 0.6681548041 0.7784531159 0.7416111142 0.738139243 0.733205889 0.7371392881 0.7396208077 0.9108631869 0.9095121096 0.815545603 0.741726959 0.7497735279 0.5687769711 0.6942909222 0.7499790876 0.7569129272 0.6892705976 0.7486933005 0.6978715896 0.6947346414 0.8437859515 0.7583172375 0.6570235583 0.8315362482 0.8307360182 0.8270659044 0.6361234203 0.8459262497 0.8693103671 0.8653011288 0.8730089332 0.6776130795 0.6765955585 0.6811500077 0.7899386625 0.7349741316 0.7615754664 0.7118862955 0.8104287739 0.7569052347 0.7872642422 0.7857272002 0.7870379168 0.7851714312 0.5352303019 0.8158380882 0.8147445792 0.536789987 0.8884583974 0.8932318881 0.891956743 0.894451374 0.8634335859 0.6596960588 0.5116336734 0.5414028358 0.6919110112 0.6096212848 0.6012565631 0.5987717235 0.6015527298 0.6022662837
0.6799044187 0.8047659989 0.7815430036 0.7409200984 0.7356264066 0.7422542498 0.7062126802 0.7541053437 0.8523433503 0.8025086866 0.8004110869 0.6687562376 0.741589198 0.7494419447 0.7428163856 0.6269256383 0.7275612257 0.7315689471 0.5517516901 0.8502102733 0.8470973819 0.8505766429 0.7616204949 0.7566538738 0.8355979737 0.8267409745 0.8244443682 0.8283611654 0.8345678608 0.8662283782 0.8749373187 0.5431026017 0.5512732192 0.8037724609 0.7980626386 0.5803603128 0.7904973935 0.7291124844 0.8164188409 0.8105810527 0.8023494242 0.7993699891 0.7916833891 0.7850609387 0.7851050668 0.8029168417 0.8061026147 0.8116896519 0.8500526065 0.8833631782 0.8849208772 0.8888184342 0.8886406241 0.8363943955 0.836416867 0.8352536426 0.7421198979 0.5512613163 0.7606118731 0.6003587898 0.7188241408 0.5963904321 0.6045263257
0.5014638525 0.5001189659 0.572631604 0.7358470299 0.750874247 0.7470919346 0.7514515767 0.5455815288 0.8026423975 0.810474131 0.8583099667 0.5550333977 0.8295660269 0.5560529059 0.7528049041 0.7680419292 0.7401869068 0.5242328542 0.9101620483 0.7383303635 0.8825806021 0.5723342972 0.7574834203 0.663865842 0.8298376339 0.820964476 0.8184079896 0.8264605417 0.8329283743 0.6239411298 0.54436707 0.5521327144 0.5546176664 0.5583778959 0.56071188 0.5631975083 0.7374257233 0.7356536218 0.7259971353 0.8069380881 0.8032125368 0.7948070788 0.7944468105 0.7846868924 0.7901791874 0.8021546705 0.8570439131 0.792889785 0.8028681158 0.8900116137 0.8825743531 0.8800624262 0.8879684795 0.829033188 0.8290128763 0 0.8442190573 0.7650888344 0.6018178789 0.7774974144 0.6000463667 0.6060350041 0.6063767606
0.5243511829 0.5000965376 0.8015647441 0.7541853868 0.7566133636 0.7574423943 0.6778778861 0.5000411786 0.6242906452 0.7560944393 0.6769183896 0.5595513522 0.5544642709 0.8821980766 0.8668309294 0.8668173813 0.722424631 0.9145941788 0.9097274598 0.898437107 0.9062623237 0.9024798597 0.692477057 0.6498061584 0.5216787559 0.819805671 0.828058053 0.8262267904 0.8325051879 0.7606312069 0.5568913316 0.5549804367 0.5164738304 0.5541651908 0.5588661523 0.5670680232 0.8104678886 0.7291190204 0.8080430514 0.8094339175 0.7276155765 0.7963868075 0.7930290981 0.7936133495 0.7935417198 0.8012528555 0.8105247027 0.8611282552 0.7933577859 0.8842079305 0.8875886891 0.8895022207 0.621380484 0.8181860521 0.8257992119 0.833092638 0.8366194481 0.7692071719 0.5312637012 0.6355730038 0.6093768035 0.609292658 0.7386560015
0.541619154 0.7518378028 0.775028237 0.7273817883 0.7792041831 0.649004506 0.676414637 0.642693178 0.8784698591 0.7029330521 0.7243291452 0.5579286389 0.6291528171 0.563674126 0.8634659297 0.8569956023 0.544001181 0.82729265 0.9103577394 0.9029762151 0.8969982148 0.9028660586 0.8980456175 0.9006714449 0.7236238319 0 0.834714124 0.8298277133 0.8277894906 0.7639545049 0.7585238496 0.5176520662 0.5554483075 0.5578592163 0.5589965128 0.5628676599 0.73831982 0.865990199 0.6492030306 0.6071335218 0.8705293299 0.7959222143 0.8005337756 0.7983301986 0.8024624576 0.7996055267 0.8181882026 0.8112275624 0.8172935342 0.8420474974 0.8386902895 0.8296969616 0.8231432418 0.8172317962 0.8221179022 0.8292216119 0.8366987476 0 0.60836618 0.8573407781 0.8706232443 0.7836376415 0.7814206957
0.5416291134 0.5990515975 0.7429414895 0.7709582533 0.7748230731 0.6479213005 0.6390729369 0.7391288823 0.6925627705 0.573155395 0.5783022159 0.796499291 0.7038717251 0.8742240185 0.8663639412 0.8581449681 0.8576440984 0.8665695614 0.9081539947 0.9039318198 0.9023059564 0.8966503384 0.8990560204 0.9109590198 0 0.8011767041 0.8165297597 0.634235988 0.8537044944 0.8769695291 0.7634375493 0.5719286274 0.9012304383 0.5800349055 0.5000424192 0.850580408 0.6738684676 0.8653163019 0.8585027651 0.8644483393 0.805815765 0.8059061951 0.8049205099 0.8004723151 0.8024702395 0.6008741504 0.8162687907 0.8095112648 0 0.8374485646 0.836562436 0.8305948826 0.8248578092 0.823980108 0.8243768681 0.8458040115 0.6570333161 0.6780739981 0.8652507448 0.8596479832 0.5568287802 0.7753381625 0.5513483984
0.7751753598 0.747405179 0.772781111 0.7799935039 0.7596976451 0.7762325624 0.6422525535 0.6437436148 0.6650377743 0.5722672865 0.7278513383 0.7302117785 0.7285358498 0.7374019431 0.8667006422 0.6887738635 0.8672072988 0.8613255416 0.861333295 0.7524271503 0.9030912372 0.8976422489 0.904981368 0.9084600649 0.916088034 0.6994655557 0.8235674673 0.8141559521 0.8679294428 0.5861994447 0.872609145 0.9060917838 0.8973032411 0.8396653639 0.847351787 0.8445604806 0.841860513 0.8663783176 0.8259745171 0.7589270091 0.5523128782 0.6367682988 0.802913627 0.8075753962 0.8926264507 0.8888494425 0.887352597 0.890902252 0.895636588 0 0.6470712467 0.6482374451 0.6477865549 0.7882877379 0.5465309813 0.8326543014 0.5325965484 0.53118474 0.548536598 0.5638344277 0.6612092037 0.5492232029 0.8954495432
0.6148953686 0.8158307007 0.6498344457 0.5632829412 0.7235180157 0.6484096351 0.8259854906 0.8202924077 0.8656831845 0.821706399 0.7036603542 0.7217821283 0.7288422837 0.8197200989 0.7403470289 0.8404879163 0.850468887 0.8455104329 0.8479313181 0.8303880301 0.8864149199 0.905805168 0.9111523362 0.9123017768 0.641682415 0.7060395616 0.8328811872 0.8871217973 0.7345015907 0.5548577653 0.865933647 0.8632572704 0.8527778606 0.8439270894 0.8360934289 0.8378320409 0.8457578126 0.7153294925 0.6831118223 0.5516404196 0.5548362711 0.8910657191 0.805047272 0.8115194385 0.8961737471 0.8892045899 0.8869202464 0.8925593919 0 0.6526104274 0.6455632545 0.6395229316 0.6422481196 0.7846278232 0.7816531981 0.7807062663 0.6376281827 0.5459030565 0.7854092619 0.5701312797 0.5578577988 0.5590643651 0.5506857802
0.6168382295 0.6113733624 0.6092548963 0.6140271244 0.8202564822 0.841502363 0.8162756691 0.8193422885 0.8194902503 0.8210464413 0.7273203033 0.7232536394 0.7246654757 0.7361390502 0.8375732718 0.8384205906 0.8438884887 0.8409448667 0.848595432 0.8569890563 0.9092823566 0.8677211475 0.9156973639 0.917134376 0.9161120851 0.7300191781 0.8745486083 0.835439599 0.7664295771 0.8553032089 0.6808140358 0.6156457625 0.8441407364 0.837854689 0.8356238567 0.8833225446 0.8400538814 0.6460162096 0.8357521938 0.554987333 0.560074933 0.5701284369 0.8011717256 0.9051783834 0.9040589822 0.8929252806 0.8967153205 0 0 0.6134235733 0.6385956211 0.6371592203 0.6386295274 0.777853737 0.7772642407 0 0.5955799293 0.865385528 0.5950308258 0 0.5646579769 0.6042661967 0.5675583307
0.6239395357 0.6150596864 0.608926633 0.6183312258 0.6273129986 0.7083833133 0.8944283176 0.8157546935 0.8952512745 0.8229908221 0.8553414376 0.5520624842 0.7424110152 0.741328826 0.8374979187 0.834227514 0.8363517282 0.8396466579 0.8330324022 0.8832343689 0.6937509365 0.6882503032 0.6902750342 0.6904196942 0.7250921388 0.7238316826 0.8268930928 0.8317518242 0.8303272445 0.5367765215 0.6879095814 0.6913236728 0.6988745667 0.8420848303 0.836068628 0.8434211627 0.7435398724 0.5298165005 0.5955151753 0.5701520969 0.5743370061 0.5840922448 0.5762431967 0.6958364364 0.9043333319 0.9007230227 0.9059308843 0 0 0 0 0.643313505 0.6389839715 0.7808901775 0 0 0 0 0.587097205 0.5661893825 0.7078406293 0.5697235915 0.5765699235
0.620359939 0.8805187944 0.6156691981 0.6120265062 0.6237995543 0.8990998713 0.8926275583 0.8859248993 0.5629330927 0.8991629156 0.6740586015 0.5605577192 0.7127215629 0.8856677887 0.837892022 0.840704745 0.8365033795 0.8387942747 0.8468250547 0.6018363296 0.8513216069 0.6914765575 0.6826989725 0.6902345214 0.7206555917 0.8631219849 0.8348651825 0.8264308115 0.835654271 0.8431871662 0.635934085 0.5180401783 0.691017526 0.8950014963 0.74927111 0.7397919721 0.742421105 0.636841661 0.5788301487 0.7711180966 0.5717994689 0.8640306012 0.57571584 0.5702278505 0.8220903742 0.9055800576 0.9055069673 0 0 0 0.6932792844 0.7100709622 0.7029390737 0.6666608087 0.5087413148 0.7305832919 0 0 0.8326712679 0.623616236 0.5794214585 0.5774240723 0.576810999
0.8619235504 0.8599172663 0.6632294752 0.677895475 0.6667487845 0.896847812 0.888221664 0.8882807469 0.8926197935 0.9010079081 0.8921285325 0.903678307 0.8359611928 0.8236605491 0.8218806012 0.8269320021 0.519143291 0.8652872877 0.8055918548 0.8111639434 0.6446245914 0.613744162 0.6899665221 0.7639849919 0.7031780325 0.7092632606 0.8324001364 0.8310388117 0.8265791219 0.5651283706 0.7648360526 0.7633980503 0.7726046715 0.8091957483 0.7489327985 0.74578028 0.7421795563 0.8082937437 0.8509243833 0.8456950274 0.8532608948 0.5148440668 0.5702782348 0.5782187483 0.5771056237 0.9143592034 0.794781511 0.9096833606 0.6444873459 0.7349026738 0.5434685122 0.7036815087 0.8529961033 0.7019915566 0.7064427023 0 0.8633127915 0.8383272356 0 0.5843121552 0.5877234877 0.5872534711 0.5802873907
0.8568882955 0.6688753462 0.6756826077 0.6734022833 0.8097387522 0.6623380775 0.8960067098 0 0.8921467345 0.8946307866 0.8956719643 0.9043241116 0.837897821 0.832234298 0.7466582526 0.8248231446 0.6856140633 0.7384628532 0.5766860581 0.5024359482 0.7925654865 0.6967728215 0.6996791675 0.6994475267 0.7061776308 0.8260303292 0.8314264796 0.8202677656 0.7520558332 0.6516005131 0.7663977726 0.7594242567 0.7597854017 0.5200432153 0.5191725384 0.5206001154 0.528341207 0.6949956162 0.847795782 0.8450182177 0.8455301236 0.834850334 0 0.5824467859 0.5382608016 0.5359080732 0.5336834267 0.5398594909 0 0.5484054875 0.7324310343 0.702450567 0.7014941666 0.6965675568 0.6968741907 0 0 0.5299983388 0 0.5876191658 0.5857927971 0.6617611349 0.7855318716
0.862336064 0.6755988683 0.665926887 0.6321360226 0.6445923989 0.6661764641 0.6581210812 0.6658326329 0.8825402314 0.893853801 0.9036341999 0.8969329823 0.7043160167 0.8381791714 0.7548697378 0.8922311645 0.517701318 0.5207204964 0.6901128379 0.6756741922 0.6715847347 0.6708997788 0.7058053879 0.7059411587 0.7047228202 0.828357404 0.833061568 0.8175870666 0.815466013 0.80926941 0.7637600981 0.7577107263 0.7658879202 0.5212082194 0.5144175921 0.5183469036 0.5136208036 0.6940678147 0.8424294665 0.8416930277 0.8321485796 0.8307928548 0.8274528661 0.6546644657 0.5349580513 0.5331749651 0.5345326065 0.5385916264 0.5435273823 0.5486464469 0.738409079 0.7108770658 0.6917743546 0.6976981856 0.7012834874 0.7179132038 0 0.7531058745 0.7991018161 0.7991904225 0.7994443072 0.5798398064 0.6649044208
0.5632618567 0.6741037884 0.6708368633 0.6729771019 0.6779656573 0.6628360564 0.6585387036 0.6599022104 0.6721963302 0.5764401149 0.7458762092 0.7508562626 0.7571523039 0.7443291184 0.7454696234 0.7456269824 0.5209287861 0.5127514019 0.5160647252 0.5153932205 0.6700999991 0.671118195 0.6074587963 0.6086282196 0.5964843252 0.5972113624 0.6049046569 0.6115323602 0.6102871665 0.8073174903 0.7637597176 0.6166620521 0.8050169807 0.5196912258 0.5342118963 0.5096536301 0.5160733935 0.5176855748 0.8473569242 0.8392741936 0.8315893244 0.8250861191 0.8296501172 0.8372891883 0.5378098837 0.5389643314 0.538081628 0.5396500871 0.6623842638 0.8509072497 0.8521671673 0.8481603845 0.8434431843 0.8447501899 0.6380428374 0.7147400839 0.6887926552 0.8305912654 0.8052496678 0.7958780548 0.8001927436 0.8104410913 0.5974348737
0.5620662772 0.6753620147 0.6811528149 0.6737686596 0.6802089392 0.5462476247 0.6311494441 0.6502129196 0.8874068233 0.7563385712 0.7534528522 0.749164416 0.8739032304 0.7346429523 0.7378690088 0.738399355 0.5146510577 0.5169393144 0.5077264964 0.8891413163 0.6777495638 0.6704535464 0.5987009154 0.5981841606 0.6051027862 0.5958714781 0.6024333619 0.6092453565 0.8617479269 0.5616227148 0.5566662565 0.7316758855 0.7324324216 0.7396829661 0.5108068103 0.5188328563 0.5108008855 0.518938475 0.841070439 0.8382385985 0.8313414625 0.8332514561 0.8293200187 0.5874401276 0.5531367403 0.5406170119 0.5480560179 0.8776195129 0.5667464642 0.8442431133 0.8430901811 0.8406218794 0.8342080061 0.8369628185 0.5453816549 0.5481742095 0.5727900896 0.6862239843 0.8053146276 0.8019519371 0.8022187565 0.8783016165 0.8803508694
0.5642842126 0.8609461552 0.8681453754 0.8403845869 0.8975404431 0.7809462621 0.7248807932 0.5748834628 0.5708749508 0.7585370422 0.759135135 0.7437369189 0.7410191586 0.7340882129 0.7339278831 0.7434078022 0.5225990794 0.5127284171 0.5171344558 0.5139673017 0.7546729645 0.8767397769 0.6025964833 0.5984493712 0.5961693877 0.5956256268 0.5995004761 0.6063958498 0.6190855946 0.5545872389 0.8943385307 0.5651276581 0.7334983639 0.5116186722 0.5923443692 0.5184987146 0.5125751419 0.5029266313 0.5121928142 0.837395747 0.8334870386 0.8282474599 0.5801821331 0.5815748575 0.591497848 0.5506136401 0.5573969769 0.65159706 0.6192912378 0.84989959 0.8406584684 0.833147159 0.8349598882 0.8352213284 0.5384716766 0.8299943047 0.75457465 0.5309665831 0.8830436318 0.8828526158 0.8739243058 0.704220038 0.8094091766
0.8689902326 0.8601138151 0.8581831088 0.8597753745 0.6200629186 0.5286796612 0.7742703427 0.8442739715 0.8515248951 0.8480168991 0.5762456001 0.7410367043 0.7367152144 0.7354205992 0.7418362841 0.7343734965 0.5219328763 0.605273805 0.5176818251 0.8824031264 0.8754376103 0.8819411795 0.7748138418 0.5978957559 0.5971066058 0.6039211767 0.6053359369 0.6066383161 0.5555958459 0.5611785064 0.562544256 0.5641500947 0.5787228135 0.5267896731 0.5212693758 0.5149946253 0.8662136985 0.5170447745 0.505066292 0.8985990081 0.8928611437 0.5884423885 0.5854874002 0.5821085154 0.5873696912 0.5512888637 0.5595485147 0.5588377461 0.7621941306 0.7045817461 0.6756390311 0.8236883477 0.8290024644 0.8222756804 0.8120220289 0.8191231202 0.8177725802 0.8262959113 0.8876949719 0.878202701 0.8759414223 0.8823796337 0.6588065091
0.6407843675 0.858694978 0.8068076794 0.8663016049 0.5826156478 0.816828784 0.8137802889 0.8128583486 0.7121687867 0.5095135616 0.8239786652 0.6976287484 0.7432270103 0.7451377682 0.7477635499 0.7424992187 0.5049665203 0.6076618481 0.7238604468 0.656259451 0.8780077886 0.6866764856 0.5948615827 0.5062629397 0.6075099832 0.7630727024 0.6097757451 0.5627777688 0.5705070883 0.5640815134 0.5647395177 0.5688969059 0.5708231543 0.5227249836 0.5219574233 0.8744780422 0.8683033215 0.877445951 0.8753304448 0.8896986465 0.8888168255 0.5787393305 0.5915339822 0.586180503 0.5882950457 0.8968631625 0.5685753488 0.7915228239 0.7737729929 0.7586028689 0.7511507981 0.6541874264 0.8207923959 0.8196312852 0.8119203164 0.8118869979 0.8197249976 0.8932425685 0.8865535113 0.8799109086 0.8815311988 0.8891239543 0.5238979702
