landscape/hab_quality/256/simulation_000072_p058_h088_HABMAT_patch_more_500pix_modified.asc_ac_0.5_quality.asc
NCOLS 513
NROWS 513
XLLCORNER 0
YLLCORNER 0
CELLSIZE 9.980507
NODATA_VALUE NaN
[rows 252 to 287 of 513, columns 400 to 479 of 513]
0 0 0 0 0 0 0 0 0 0 0 0 0 0 0 0 0 0 0 0 0 0 0 0 0 0 0 0 0 0 0 0 0 0 0 0 0 0 0.6606144068 0.6557728308 0.6491479532 0.643115842 0.6417722298 0.8600097734 0.8550758296 0.626418569 0.8297956113 0.6066140586 0.5771416256 0.5448442496 0.547923802 0.684853699 0.5607331568 0.6370916127 0.5208113201 0.5361503792 0.575777902 0.7751574789 0.8693806338 0 0 0 0 0.6503878806 0 0.6562326303 0.6551726033 0 0.6636710921 0 0.6499109516 0.7297878102 0.727203433 0.724041804 0.7199906779 0.7259286734 0.7202418879 0.7174926234 0.7147855903 0.7183471924
0 0 0 0 0 0 0 0 0 0 0 0 0 0 0 0 0 0 0 0 0 0 0 0 0 0 0 0 0 0 0 0 0 0 0 0 0 0 0 0 0 0.6392984003 0.6415763981 0.8508554799 0.8513678607 0.8568475273 0.7298549232 0.8343906689 0.5493835025 0.6052204236 0.6722766074 0.6746805898 0.6761506725 0.8945175485 0.815786027 0.7442278009 0.8485877661 0.6417886229 0 0 0 0.6631368788 0 0 0 0 0.6526959731 0.6590998145 0.7762590042 0.7525570738 0.7517157765 0.7433595001 0.731960909 0.7295405914 0.7209398349 0.7162103926 0.7230512287 0.7144357124 0.7239807174 0.7151247849
0 0 0 0 0 0 0 0 0 0 0 0 0 0 0 0 0 0 0 0 0 0 0 0 0 0 0 0 0 0 0 0 0 0 0 0 0 0 0 0 0.6477448424 0.6435412015 0.6399147319 0.8570657722 0.8560282366 0.8633455746 0.8706454056 0.8157304444 0.5361061863 0.5327253032 0.6683523684 0.6664000019 0.6740887397 0.8850987377 0.7697559694 0.7525252298 0.6291081914 0.8586225484 0.6641259455 0 0.6601468158 0.6694531278 0.6732360128 0 0 0 0 0.6538681696 0 0.7487644889 0.7466541727 0.7434534366 0.7348029975 0.7303737046 0.7195144694 0.7189014434 0.7133296772 0.7135075253 0.7101746237 0.7182440595
0 0 0 0 0 0 0 0 0 0 0 0 0 0 0 0 0 0 0 0 0 0 0 0 0 0 0 0 0 0 0 0 0 0 0 0 0 0 0 0.6503885944 0.6483230049 0.6528228203 0.6521768852 0.8605786383 0.8581247954 0.8627060673 0.8663087546 0.8659155771 0.8827046863 0.5286566676 0.5891847476 0.6675263453 0.6680053128 0.8594622019 0.5193709757 0.7234278325 0.9049438608 0.8520677332 0.8488158792 0.6618871875 0.6658206565 0.663619601 0.6772831945 0 0 0 0 0.7261281514 0.7257340673 0.7512443434 0.7464409596 0.742536969 0.7441336885 0.7360742153 0.7270221808 0.7210711661 0.7169437727 0.7079303392 0.7115007464 0.7138285185
0 0 0 0 0 0 0 0 0 0 0 0 0 0 0 0 0 0 0 0 0 0 0 0 0 0 0 0 0 0 0 0 0 0 0 0 0 0 0 0.5832810442 0.6894570806 0.6732399008 0.8699324113 0.7703882904 0.870430304 0.8706937534 0.8795090384 0.8749327389 0.8795215194 0.7769706268 0.519705126 0.8647383291 0.858667513 0.6949065282 0.8121712224 0.8186959789 0.7396923906 0.8983628982 0.8471174219 0.6427167865 0.6705388412 0.6642256918 0.6697943573 0 0.7915582167 0 0 0.5145173909 0.5982581632 0.5371149042 0.7821585314 0.7890963035 0.7937567323 0.7328392936 0.5056300117 0.7231788527 0.7174048807 0.7114673686 0.7094840966 0.7227461555
0 0 0 0 0 0 0 0 0 0 0 0 0 0 0 0 0 0 0 0 0 0 0 0 0 0 0 0 0 0 0 0 0 0 0 0 0 0 0 0.6934292791 0.6959438042 0.6854920598 0.8868300077 0.8640763822 0.7614770156 0.8702497448 0.8672723298 0.8680212336 0.8679543918 0.8725975507 0.8861343824 0.8686458499 0.6783408836 0.8589014906 0.6066397255 0.7402196661 0.9055330484 0.8507064691 0.5158830846 0.8508163985 0.7497437733 0.8438541991 0.8478182535 0 0.7921762457 0 0 0.5257263281 0.5954266769 0.7840502359 0.7811167558 0.7895633479 0.5210936998 0.8283421883 0.7860613813 0.7184765209 0.7141933745 0.7147005409 0.7143775534 0.6317528742
0 0 0 0 0 0 0 0 0 0 0 0 0 0 0 0 0 0 0 0 0 0 0 0 0 0 0 0 0 0 0 0 0 0 0 0 0 0.7118318899 0.7091607863 0.6872368042 0.8443595291 0.8850693641 0.8805064422 0.8731214867 0.8626212338 0.8683693556 0.8633235157 0.8639422017 0.8723017164 0.8808348574 0.8860573286 0.5922292733 0.6942488256 0.6999918143 0.67036724 0.8733764238 0.6557260443 0.5223179321 0.5844143519 0.8707525261 0.8523516238 0.7679534501 0.826694823 0 0.6548165241 0 0.7041891924 0.5075403818 0.7210325156 0.7850677654 0.781621527 0.7901047067 0.8693661257 0.8766633012 0.7274790101 0.7214680371 0.7154935986 0.7156744789 0.7238887355 0.728273876
0 0 0 0 0 0 0 0 0 0 0 0 0 0 0 0 0 0 0 0 0 0 0 0 0 0 0 0 0 0 0 0 0 0 0 0 0 0.744321019 0.6962129498 0.6923743252 0.8844441713 0.6933846737 0.8811092016 0.8781065008 0.8707940287 0.8620039762 0.8657036175 0.863843719 0.8648556206 0.8787659255 0.8846909904 0.8940910144 0.6895849549 0.6902136554 0.6914079623 0.6319856071 0.8010451861 0.806176349 0.711540812 0.6585067415 0.7746307438 0.7023994599 0.7760495684 0.5015575464 0.7733369069 0.5130590412 0.7654445516 0.7644962617 0.7620637711 0.5133486657 0.7943235926 0.7949741495 0.8317359824 0.8715420331 0.507160415 0.7187289221 0.718214576 0.7239557022 0.7332509386 0.7323301331
0 0 0 0 0 0 0 0 0 0 0 0 0 0 0 0 0 0 0 0 0 0 0 0 0 0 0 0 0 0 0 0 0 0 0 0 0 0 0 0.7103569652 0.8826162436 0.878928174 0.8833555524 0.8716221585 0.8639604306 0.8621048903 0.8667006699 0.8766882081 0.8743333968 0.8808347464 0.8904150371 0.8192521161 0.6942990989 0.692618055 0.7498280167 0.6346006011 0.8697491972 0.7966073711 0.7254753753 0.6485831452 0.8695993418 0.7819942413 0.7498000771 0.8881667988 0.60603084 0.7684358203 0.7619114252 0.7563884045 0.7634227952 0.7765104258 0.7114025162 0.8344751523 0.7774492172 0.8388408393 0.6641867498 0.8420173093 0.5240366822 0.5228771565 0.7325140838 0.7348717637
0 0 0 0 0 0 0 0 0 0 0 0 0 0 0 0 0 0 0 0 0 0 0 0 0 0 0 0 0 0 0 0 0 0 0 0 0 0 0 0.6232836031 0.7146849901 0 0.8768569357 0.8651678958 0.8720748301 0.8759011919 0.8750010519 0.8699658638 0.8750661607 0.883306559 0.8908701029 0.6821364883 0.8980546732 0.8930324819 0.8110341612 0.8010814849 0.7493648578 0.8064622393 0.6865142477 0.8903386623 0.6421292821 0.5376444182 0.84321672 0.8415531496 0.82022572 0.7982847659 0.7611357627 0.7638891827 0.7629615378 0.7060246646 0.7078156927 0.7120453459 0.5208338851 0.660000453 0.6469509306 0.6543737249 0.5280302838 0.5207249133 0.8711410752 0.7422558809
0 0 0 0 0 0 0 0 0 0 0 0 0 0 0 0 0 0 0 0 0 0 0 0 0 0 0 0 0 0 0 0 0 0 0 0 0 0 0 0.6145625042 0.6107286632 0.879663762 0.6726680703 0.8865182269 0.7942560084 0.8815595481 0.8730411244 0.8731904519 0.8727452124 0.8812415111 0.886219887 0.8853095586 0.8921284786 0.89230578 0.5957021307 0.8872010096 0.6641729624 0.7082319264 0.5994753006 0.6668111388 0.6413526552 0.8361415294 0.8362478103 0.8372560189 0.8379709056 0.8317227157 0.7692236471 0.7700058237 0.7666124403 0.7077399285 0.70508904 0.7062869701 0.7103896485 0.6291397084 0.6528806469 0.6445412021 0.5737330745 0.5722176474 0.5666161352 0.5729528097
0 0 0 0 0 0 0 0 0 0 0 0 0 0 0 0 0 0 0 0 0 0 0 0 0 0 0 0 0 0 0 0 0 0 0 0 0.7673294268 0.6016350279 0.5999080293 0.6007482728 0.6074647449 0.8294688724 0.8925065357 0.8948325759 0.894963387 0.5409001947 0.8817219846 0.8787491657 0.8791254243 0.8738353245 0.8825046145 0.7248687784 0.8690200631 0.643819165 0.5900346329 0.5827108 0.8801068448 0.8984828896 0.8924790794 0.7120893929 0.8065792299 0.8331645948 0.8328117947 0.823865861 0.8228337033 0.8285338177 0.8327737514 0.6044888837 0.6050573977 0.6099551118 0.5998768656 0.7085413296 0.8250481088 0.6301243768 0.6280157196 0.6212322802 0.7149318486 0.5642703639 0.5663420421 0.5734407742
0 0 0 0 0 0 0 0 0 0 0 0 0 0 0 0 0 0 0 0 0 0 0 0 0 0 0 0 0 0 0 0 0 0 0 0 0 0 0.5970298428 0.5963296629 0.5892188138 0.5864929872 0.5859300617 0.588890574 0.6247264591 0.8856318138 0.6889414066 0.6948384345 0.6948707375 0.6847890454 0.6943413618 0.8840250474 0.6060479519 0.5096391633 0.5817165472 0 0 0 0.5767255427 0.7483665675 0.8310120696 0.8382734675 0.8249330766 0.8233440656 0.8209426851 0.8227363814 0.5847129403 0.6024635421 0.6004622939 0.5945901144 0.5952310575 0.6000215811 0.6066883636 0.6241666686 0.6164619883 0.615501755 0.5722675677 0.5678199876 0.5686356992 0.5689225535
0 0 0 0 0 0 0 0 0 0 0 0 0 0 0 0 0 0 0 0 0 0 0 0 0 0 0 0 0 0 0 0 0 0 0 0 0.5934718948 0.6025542582 0.5904863111 0.5878115485 0.5867445386 0.5787263486 0.588061551 0.5279031516 0.6874888823 0.6941502599 0.6876886145 0.687255678 0.6839713309 0.6903304837 0.7752588565 0.7700312116 0.769107022 0.5806798314 0.7721157037 0 0 0 0 0 0.8214555792 0.8287285796 0.8311979666 0.8244131864 0.8218526916 0.8299968134 0.5897965182 0.5840865662 0.5901035064 0.5932861542 0.5968854541 0.5970384371 0.6046383833 0.6179629458 0.6152573324 0.6175830877 0.6229160185 0.6344072438 0.6336206558 0.6262965919
0 0 0 0 0 0 0 0 0 0 0 0 0 0 0 0 0 0 0 0 0 0 0 0 0 0 0 0 0 0 0 0 0 0 0 0.5969001392 0 0.5923259545 0.5932414444 0.5794265526 0.5779830258 0.5835867631 0.5886436868 0.5640332017 0.6919367847 0.6857870758 0.6878739095 0.6802851529 0.6850140063 0.8527642144 0.8501094646 0.7663907416 0.7619209512 0.7686094193 0.7644811987 0 0 0 0 0.8199487008 0.8206479689 0.8337149381 0.821942411 0.8311099167 0.6036338791 0.5978627075 0.5914873645 0.5822792946 0.5837903503 0.5874240152 0.5871901957 0.5895652477 0.6055072469 0.6010371081 0.6131294309 0.61877681 0.6263919435 0.627389322 0.6336894341 0.6397558828
0 0 0 0 0 0 0 0 0 0 0 0 0 0 0 0 0 0 0 0 0 0 0 0 0 0 0 0 0 0 0 0 0 0.6002234658 0.5976116163 0.5896917795 0 0 0.5833442408 0.5830815925 0.580119232 0.5873501362 0.6774295271 0.5785864387 0.6901179529 0.6873538597 0.6857603606 0.688973881 0.6864481497 0.8480080144 0.8531776208 0.568366213 0.7588510785 0.7603933571 0 0 0 0 0 0.8246592979 0.815271241 0.799222579 0.8001723173 0.8010470761 0.60774719 0.6004415848 0.5789617345 0.582043712 0.5807694226 0.5826240834 0.5873199507 0.5890223522 0.5992852029 0.6077953934 0.6167429144 0.6177486408 0.6209314834 0.6265974935 0.6286579643 0.6389377432
0 0 0 0 0 0 0 0 0 0 0 0 0 0 0 0 0 0 0 0 0 0 0 0 0 0 0 0 0 0 0 0 0 0.8024369605 0.6024102783 0.6054772603 0.8856350078 0 0.5924189537 0.5911620584 0.8476598458 0.837860624 0.8427551784 0.8511489999 0.7324466509 0.6933867733 0.6893534544 0.6929641496 0.8653496834 0.7413476402 0.8591738997 0.7647617663 0.7653191889 0.766220794 0 0 0.6103829215 0 0 0.7875745491 0.8078424536 0.805901005 0.7967015367 0.797210771 0.7977924015 0.5835494023 0.5749686115 0.5741497044 0.5833449573 0.5870254144 0.5826459386 0.5966994682 0.6025513121 0.6050954139 0.6166534402 0.6239864557 0.6250350952 0.6258204703 0.8612897223 0.8581308484
0 0 0 0 0 0 0 0 0 0 0 0 0 0 0 0 0 0 0 0 0 0 0 0 0 0 0 0 0 0 0 0 0.8305606407 0.6037045698 0.8355468247 0.8303249999 0.8264044374 0 0.6075548374 0.8562251765 0.8399465526 0.8380618938 0.846364688 0.8537448218 0.7396743012 0.7389503393 0.7354042456 0 0.8624909101 0.8588439171 0.8597844708 0.7724505631 0.7698863963 0.766759697 0.7738910828 0.7785395808 0.6535671022 0.5673179399 0.8988908187 0.781804676 0.8024689237 0.7990391108 0.7962218243 0.7894835824 0.5988142194 0.5942787955 0.5758042794 0.5819619181 0.5795719002 0.5801678997 0.6054617129 0.6066629264 0.5981047309 0.6046812619 0.6076332258 0.8138035792 0.6263139147 0.6702168165 0.8634566265 0.8611149921
0 0 0 0 0 0 0 0 0 0 0 0 0 0 0 0 0 0 0 0 0 0 0 0 0 0 0 0 0 0 0.8833310167 0 0.8334934165 0.8272693455 0.827249357 0.8263043917 0.825302725 0 0.79371628 0 0.7564531861 0.8473570776 0.8547972465 0.7319243 0.7321222405 0.7301479536 0.732157937 0.7353657871 0.8621073719 0.8615327608 0.8649526438 0.8729391732 0.6158179045 0.7829224934 0.7789412072 0.7771192835 0.9029331968 0.8974505371 0.5858255101 0.7150625429 0.5652573882 0.6100364139 0.795010859 0.5983226972 0.5953770466 0.5869795791 0.5851149689 0.5843761097 0.5895356635 0.5849312958 0.5928291155 0.6091395189 0.6117191186 0.6059543708 0.6118361279 0.5873420356 0.5909686024 0.8863376101 0.867886696 0.8593691423
0 0 0 0 0 0 0 0 0 0 0 0 0 0 0 0 0 0 0 0 0 0 0 0 0 0 0 0 0 0 0 0.74257091 0.5033419014 0.8293300751 0.8262215724 0.8212693213 0.8222200658 0 0 0 0.7069540473 0.7177214359 0.5061078023 0 0.7255781039 0.7271315961 0.7339666671 0.7388789444 0.8689278238 0.624343335 0.8801096055 0.8695772789 0.7665392159 0.7876899468 0.7858896481 0.8954532635 0.5483036161 0.5527208486 0.8797237728 0.5147678798 0.89207905 0.7801973018 0.7824531895 0.6814243847 0.5875566827 0.5864008044 0.5930275009 0.5918659367 0.5938532458 0.5867571345 0.5937842027 0.6626729172 0.6148268967 0.609319208 0.6084528222 0.5480537551 0.5927979357 0.5577269201 0.5934548751 0.8511955547
0 0 0 0 0 0 0 0 0 0 0 0 0 0 0 0 0 0 0 0 0 0 0 0 0 0 0 0 0 0 0.581270141 0.5055198765 0.7999007098 0.8294458478 0.8292320287 0.8273881067 0.8214716915 0.5411025346 0.7272866002 0 0 0.867614681 0 0.7214343014 0.718271287 0.7280686249 0.7317737379 0.7344052747 0.7437966392 0.8140191969 0.8176273704 0.8144249516 0.7622432918 0.6643988479 0.7093656597 0.5472593179 0.5444544071 0.5448910771 0.8238546024 0.5841125637 0.8188457565 0.7764621884 0.6059161423 0.6154379986 0.5944585822 0.5895293302 0.5886257508 0.5913223606 0.5902448253 0.590348294 0.6666428506 0.6609977999 0.6585614936 0.6572997589 0.6666910115 0.8184150099 0.5725333023 0.861458409 0.5565231903 0.8591862878
0 0 0 0 0 0 0 0 0 0 0 0 0 0 0 0 0 0 0 0 0 0 0 0 0 0 0 0 0 0 0.7415933438 0.5840760531 0.6658775086 0.6925814244 0.6914771013 0.7159621292 0.8359582663 0.50999244 0.7194458696 0.6949518674 0.8611853967 0.8635982424 0.7218551055 0.7206481933 0.7237452533 0.724499235 0.7318902105 0.6202097414 0.6291069956 0.6203486087 0.8131995429 0.8158473467 0.812521457 0.7652477415 0.6148794266 0.5888086996 0.8968378967 0.8967803093 0.5711575809 0.5307306355 0.7863249367 0.7831313066 0.7802681646 0.6207111919 0.6143667286 0.6103947074 0.5893447275 0.595667879 0.5974435645 0.6605779793 0.6516176471 0.6574609435 0.6554652305 0.6644012228 0.8922855852 0.8197477933 0.8625684453 0.7866798419 0.6287605914 0.5446717182
0 0 0 0 0 0 0 0 0 0 0 0 0 0 0 0 0 0 0 0 0 0 0 0 0 0 0 0 0 0 0.800400089 0.5622991079 0.8978486436 0.6932126132 0.5761057278 0.6929936714 0.8723920062 0.8763972441 0.55600933 0.861371242 0.5712513516 0.5556471185 0.7253883456 0.7905467545 0.7253334674 0.7302367934 0.6379699489 0.6249905329 0.6200757551 0.6169793198 0.6217771849 0.8062946527 0.8046025822 0.8894067325 0.8839591392 0.5034991243 0.889649529 0.8911678894 0.5465475744 0.5448991671 0.5292550009 0.528810267 0.5268275093 0.5323455878 0.6175197304 0.6380580653 0.8417744366 0.5922147304 0.6674794218 0.6632797831 0.6559298924 0.6475221455 0.6487561141 0.6571789446 0.6904108617 0.6755695508 0.6986475231 0.6126214568 0.5448477227 0.5189615912
0 0 0 0 0 0 0 0 0 0 0 0 0 0 0 0 0 0 0 0 0 0 0 0 0 0 0 0 0 0 0.5274267203 0.8896348256 0.8960252452 0.8941241845 0.5505737817 0.621971858 0.8680010231 0.6210401885 0.5514836513 0.689707389 0.82910124 0.6002241537 0.6832536922 0.680487752 0.7320473104 0.7352706793 0.7334373352 0.6286974578 0.6182067738 0.6161005442 0.6165095463 0.8000235219 0.8093656292 0.8813356443 0.8744713296 0.8812825339 0.8857714921 0.8939531212 0.572683446 0.529462101 0.5218245241 0.5220298504 0.5262842598 0.5221340407 0.7056805029 0.5891846124 0.5908269803 0.5915180969 0.6591699158 0.6582275878 0.6552921727 0.6571734153 0.6564121057 0.5418512867 0.5347757307 0.6637844467 0.6928370664 0.6969477077 0.5338627784 0.5270752761
0 0 0 0 0 0 0 0 0 0 0 0 0 0 0 0 0 0 0 0 0 0 0 0 0 0 0 0 0 0 0.5994942933 0.894827426 0.8879012839 0.8284391806 0.8296674512 0.6244852225 0.6146570926 0.7154502416 0.7190244216 0.6472671725 0.7215679723 0.7599873208 0.6739520387 0 0 0 0 0 0 0.6195137874 0.6229930827 0.6292642877 0.8747427594 0.8717888067 0.8788542279 0.885465746 0.80604303 0.8889681405 0.5012830565 0.5157128947 0.5134710832 0.5136685043 0.5208009637 0.6246150197 0.6123908683 0.6129737989 0.5836012794 0.5920617939 0.8217765287 0.6679077238 0.6681632103 0.8670445338 0.8673998272 0.6390494096 0.8824135424 0.6181477062 0.6192696484 0.6136198398 0.5357075296 0.5188800063
0 0 0 0 0 0 0 0 0 0 0 0 0 0 0 0 0 0 0 0 0 0 0 0 0 0 0 0 0 0.7032594949 0 0.5906753347 0.8303864002 0.8204801277 0.8212364468 0.7163304768 0.7071483189 0.7110688729 0.6960085762 0.7137126401 0.8928803092 0.6833880078 0.8120475234 0 0 0 0 0 0 0 0.625322889 0.6295632133 0.8725881261 0.8716943948 0.8738095817 0.8872311246 0.8895711863 0.6597401253 0.7523386879 0.5121950588 0.5121405353 0.5141620975 0.5165422599 0.6267613897 0.6179495641 0.6094744081 0.6120824747 0.5903543824 0.7197173169 0.7192802653 0.6720226288 0.6745562096 0.8675646552 0.8139245881 0.6123458954 0.6097254842 0.6078732163 0.6067698968 0.5397380696 0.5299928945
0 0 0 0 0 0 0 0 0 0 0 0 0 0 0 0 0 0 0 0 0 0 0 0 0 0 0 0 0.6092621429 0.5457267077 0.7674365347 0.8997461153 0.8246127542 0.8236480285 0.8231347421 0.7986097832 0.7162080994 0.7152120732 0.7320172504 0 0.7189914076 0.7568849422 0.8221204863 0 0 0 0 0 0 0.628022251 0 0.6261590123 0.8773408365 0.8766368057 0.872834978 0.8548045384 0.7575956655 0.7514182912 0.7570035128 0.5210737679 0.5196921786 0.5161121167 0.5229460599 0.6209197258 0.7837050043 0.6087936767 0.7850743119 0.788240055 0.719908622 0.7210968576 0.7234056616 0.7366806333 0.5199143525 0.8130851099 0.6150512908 0.598718686 0.6019511861 0.6049083534 0.6047719283 0.52643112
0 0 0 0 0 0 0 0 0 0 0 0 0 0 0 0 0 0 0 0 0 0 0 0 0 0 0 0 0 0.6232661263 0 0 0.629716021 0.6379430275 0.7353986606 0.6924348158 0.7927313343 0.7043690326 0 0 0 0 0 0 0 0 0 0 0.6272911277 0.7481446377 0.583490259 0 0.6317602432 0.6955094353 0.6856743221 0.6885821366 0.7533701074 0.7581040526 0.7518238168 0.5261270043 0.5268594278 0.6027253389 0.6220608627 0.7838771294 0.7842880428 0.7804828491 0.7815315403 0.7917547803 0.8707524289 0.5706627055 0.8084392005 0.8718454137 0.8747008216 0.7210761493 0.6025267822 0.6056220961 0.5968686644 0.5965141143 0.604683538 0.5252502912
0 0 0 0 0 0 0 0 0 0 0 0 0 0 0 0 0 0 0 0 0 0 0 0 0 0 0 0 0 0 0 0.6371997738 0.6321339808 0.6341424273 0.6075045666 0.7163700866 0.6293497445 0.7237555578 0.7061445995 0 0 0 0 0 0 0 0 0 0 0.5234700617 0.7319509478 0 0.7343259289 0.8420819872 0.6887279949 0.6826921318 0.6962254616 0.6948306603 0.5540992014 0.7029774518 0.8836984415 0.8818453097 0.7535889137 0.7862768681 0.7786774086 0.7852630964 0.7818752071 0.787342891 0.8710102505 0.8625987103 0.8667740917 0.867108378 0.8686308093 0.84863602 0.7622655692 0.6004972455 0.5997293028 0.6010316626 0.602997308 0.8838360321
0 0 0 0 0 0 0 0 0 0 0 0 0 0 0 0 0 0 0 0 0 0 0 0 0 0 0 0 0.7299126514 0.7906520708 0.6410370832 0 0.6420070765 0 0 0 0.7158686853 0 0.5561837936 0 0 0 0 0 0 0 0 0.8859869254 0 0.5607722872 0.7289673888 0.7263926465 0.7311135094 0 0.6806708181 0.6858529246 0.6934926635 0.6941417823 0.6464110962 0.6319306829 0.879132707 0.8746038492 0.8766671268 0.7807533964 0.7880703334 0.7815288 0.7841312129 0.7915427168 0.5891988899 0.871310845 0.8622420963 0.8697272175 0.8740236338 0.7835804709 0.6012621584 0.6076523464 0.6081063709 0.6038995611 0.5293291687 0.611695336
0 0 0 0 0 0 0 0 0 0 0 0 0 0 0 0 0 0 0 0 0 0 0 0 0 0 0 0 0 0.5012495453 0.524785051 0.5059891501 0 0.7247434466 0.7153808134 0.713689108 0.7211625819 0.7193290175 0.855874906 0 0 0 0 0 0 0 0 0 0.8557770491 0 0 0 0 0.6824436691 0.6852887888 0.6860613603 0.6207061157 0.6182300234 0.6225857697 0.6248583565 0.621573354 0.6273849101 0.6192482506 0.81259696 0.7854845001 0.7890910656 0.7828131148 0.787065378 0.7954591888 0.8681595398 0.8651017043 0.8638720777 0.9066522938 0.9039063786 0.9041703051 0.6908637745 0.6275231586 0.5306580496 0.6060599878 0.6057634439
0 0 0 0 0 0 0 0 0 0 0 0 0 0 0 0 0 0 0 0 0 0 0 0 0 0 0 0.6409971494 0.8944898972 0.8963245656 0.624926556 0.6324330154 0.8129475471 0.7346688022 0.8086831178 0.7189849386 0.7148394196 0.7726449054 0.763835238 0 0 0 0 0 0 0 0 0 0 0 0 0 0 0 0.6102565109 0.8045998836 0.6202348379 0.615417971 0.6155405799 0.619706066 0.6233493214 0.6190062315 0.6282292524 0.6145316973 0.621983989 0.8655118945 0.78520761 0.7849972951 0.7904351364 0.6520028737 0.6613003747 0.894489587 0.8962932641 0.8996391807 0.5409355968 0.6239183831 0.7653944776 0.7689316176 0.7191561474 0.7184382657
0 0 0 0 0 0 0 0 0 0 0 0 0 0 0 0 0 0 0 0 0 0 0 0 0 0 0.5923772432 0.6137302732 0.8922910309 0.6281198181 0.6239633159 0.6282407479 0.8099669045 0.8051872344 0.5771657908 0.572890998 0.7329237794 0.7460848105 0.6667114223 0.6661242652 0.6047118353 0 0 0 0 0 0 0 0 0 0 0 0 0 0.5463921541 0.5486890835 0.624363475 0.6180071514 0.6174867772 0.617036893 0.6146739542 0.6211641831 0.6120422205 0.6157565015 0.6151019656 0.596308124 0.6017269113 0.8890557839 0.8115311355 0.8074556045 0.5093940499 0.8911769428 0.8903650131 0.8955993213 0.6213068925 0.6186736914 0.6325100088 0.7692031729 0.7103853709 0.7157462736
0 0 0 0 0 0 0 0 0 0 0 0 0 0 0 0 0 0 0 0 0 0 0 0 0 0 0 0.7848140671 0.8954601119 0.6279164452 0.6191910003 0.6259491811 0.8078171675 0.5777929695 0.5709330821 0.5763645764 0.582668033 0.5671777291 0.7382030891 0.6615075832 0.7633373304 0.7573653805 0.7543212881 0 0 0 0 0 0 0 0 0 0 0 0.5393288371 0.7431381911 0.6204281524 0.6207313002 0.6198240853 0.6107657355 0.6120843765 0.6117929461 0.6175287004 0.613116785 0.5931870251 0.5986608955 0.8934732144 0.8864829236 0.8885332085 0.6506121866 0.9124800627 0.8962893249 0.8983010862 0.8963570641 0.6113354451 0.6172392223 0.7343243442 0.7305904782 0.7136169478 0.7101135498
0 0 0 0 0 0 0 0 0 0 0 0 0 0 0 0 0 0 0 0 0 0 0 0 0 0 0 0.7939932329 0.770921219 0.6272946644 0.6221416933 0.6272510595 0.7763876282 0.5735030299 0.5783997265 0.5772588545 0.8501069838 0.7348398517 0.7436980847 0.7662668903 0.7540896844 0.7544324199 0.754221055 0 0 0.7104081206 0 0 0 0 0 0 0 0 0 0.6456094699 0.625552183 0.6309646784 0.6176081459 0.6136288568 0.6092007173 0.6081535535 0.6110860238 0.6205428279 0.6166846324 0.8789695087 0.8837681435 0.8845227851 0.8825903215 0.643563171 0.9050316713 0.9039409609 0.9069700767 0.9030449909 0.6209768719 0.6211138682 0.7320154179 0.726875986 0.7111727955 0.7192252778
0 0 0 0 0 0 0 0 0 0 0 0 0 0 0 0 0 0 0 0 0 0 0 0 0 0 0 0.6355300034 0.6710783993 0.7616256463 0.7642044984 0.7708207002 0.627440185 0.8577777171 0.8514124482 0.8490962049 0.8499409746 0.857816494 0.7768403041 0.7691886308 0.7605622846 0.7540316474 0.7613704841 0 0.700422991 0.7051606293 0.6509078645 0 0 0 0 0 0 0 0.5263785715 0 0.6271077442 0.6214489931 0.6120669714 0.6110807007 0.6128433904 0.6152015965 0.6158813249 0.6159964273 0.6214967759 0.8796875928 0.878647935 0.8761799255 0.8861379083 0.8923823159 0.9078479154 0.9072147133 0.9139109194 0.667811963 0.6692910288 0.7579620705 0.730533174 0.7205020411 0.7192543568 0.7279129586
