landscape/hab_quality/256/simulation_000081_p064_h070_HABMAT_patch_more_500pix_modified.asc_ac_0.5_quality.asc
NCOLS 513
NROWS 513
XLLCORNER 0
YLLCORNER 0
CELLSIZE 9.980507
NODATA_VALUE NaN
[rows 50 to 74 of 513, columns 0 to 56 of 513]
0 0.6723230407 0.710501913 0.7076977941 0.7839128324 0.6685170876 0.7832562721 0.7897996497 0.8906611967 0.8861775186 0.5084596459 0.8453019792 0.8071801995 0.718332784 0.6715429724 0.6762082701 0.5783984967 0.5807234751 0.8188035885 0.8156203437 0.8248514761 0.5833595503 0.5869081554 0.5772576767 0.60727937 0.5839631525 0.5896106892 0.797888572 0.7244630623 0.7716838941 0.7780720431 0.7755779166 0.608766289 0.626111713 0.6261288219 0.6237310645 0.6230814285 0.6235472234 0.6194206228 0.6326333011 0.6274479362 0.5710897745 0.5733431724 0.5761561436 0.8154450728 0.543980379 0.5403113179 0.5343936585 0 0.5484979128 0.7132442133 0.7074478451 0.6473563012 0.5035644411 0.50514097 0.5085097134 0.8683266559
0 0.7174327207 0.7203978803 0.7152711953 0.7870057503 0.7790916851 0.786292008 0.7917191103 0.8708118688 0.8812198882 0.5051017813 0.7475860728 0.7218401561 0.6923601928 0.6677668143 0.6670428668 0.5731846149 0.5796398885 0.5777149343 0.8219728032 0.8188749182 0.5897337074 0.5839677543 0.6942661719 0.691935494 0.6990884718 0.7899894459 0.7981022091 0.7986907431 0.7714891769 0.7710447611 0.6072953766 0.5988277149 0.6335158863 0.6241928481 0.6157449632 0.6229276033 0.6174289729 0.6239891914 0.6271786507 0.628961357 0.5765863397 0.6772106062 0.6557390803 0.8436227935 0.8420903888 0.7797086664 0.8250594362 0.5368044243 0.7536864954 0.6949067985 0.7105861563 0.7032427326 0.8972455547 0.500807537 0.5064524039 0.8646459535
0 0.7688025236 0.73016768 0.593375586 0.7802151663 0.7831823086 0.7858409791 0.5279702146 0.5275363023 0.5108436542 0.8752752054 0.8149866157 0.6438878384 0.8742937039 0.6804003369 0.6683925059 0.573611634 0.5713953664 0.5742534279 0.5824086175 0.6123921202 0.6055911609 0.6116677605 0.6989091828 0.6941137441 0.693944789 0.6022177279 0.6026672398 0.6614367933 0.6590414557 0.6653681524 0.598821322 0.5974307019 0.6265358206 0.6073120779 0.6145306031 0.6114531485 0.6182821114 0.620361017 0.6209680991 0.6363622066 0.5824148885 0.579094521 0.8474960753 0 0.8371906911 0.8470181161 0.8358897192 0.8343537238 0.8430289356 0 0.7057850886 0.7076105334 0.5068469889 0 0.5052256768 0.8686868617
0 0.5094961762 0.7236526851 0.5066714632 0.8072671406 0.8107310358 0.8063573323 0.5233176648 0.52687749 0.8844051285 0.6876491351 0.861837435 0.9081727903 0.9073667473 0.9058373156 0.8011997954 0.572245527 0.5675914314 0.5743078207 0.7526315216 0.7573419437 0.6081920817 0.6029377114 0.5722706555 0.6747238913 0.5511499136 0.5952705085 0.5917992094 0.5913544016 0.6562542878 0.6788594712 0.6052620484 0.6043023897 0.612417146 0.6095707328 0.6067546706 0.6086918664 0.6170129228 0.6213643768 0.622469963 0.6265629297 0.6615469184 0.662663991 0.6594164058 0.8117359407 0.8432596703 0.8675355499 0.7287402716 0.834265255 0.8405736459 0.8524827438 0.5658718215 0 0 0 0 0
0 0.5043588862 0.5040427221 0.5108632581 0.8064628523 0.8060160499 0.8088925786 0.5268015107 0.5225523243 0.5229611813 0.526412687 0.8959061092 0.5404301631 0.8993644588 0.7934746763 0.8374047741 0.5578405738 0.6555584394 0.5691471852 0.7503378762 0.6433228242 0.6417574666 0 0.8497367686 0.7855737786 0.7800738014 0.544962851 0.5899616052 0.5998207297 0.5482862312 0.8033111686 0.7118215714 0.7082787907 0.7158358671 0.6024480221 0.6058417596 0.6027241955 0.5983281885 0.5912076063 0.5978049776 0.7041022266 0.6590750754 0.6589890667 0.8554312937 0.6550452079 0.9031835741 0.9025950632 0.8373970376 0.8367266727 0.8367676668 0.5790073948 0.7880779374 0 0 0 0 0
0 0.5036566642 0.5077777058 0.5160228787 0.8097992216 0.8066018561 0.7998241169 0.5234580553 0.5257912887 0.5260228363 0.5317585471 0.8970971945 0.8945116016 0.9017745576 0.5437854309 0.5513272828 0.5388751027 0.5899710169 0.8784277101 0.8896034947 0.6482882323 0.6443385954 0.6431957789 0.8469744024 0.789208659 0.5453083445 0.6290416257 0.5469938706 0.538992073 0.5828186395 0.7132312615 0.709424875 0.7097990564 0.715020117 0.5972550605 0.5965311393 0.6012272414 0.5230681752 0.5897326714 0.5991531032 0.6081993848 0.6786360863 0.6585442239 0.6583961976 0 0.9008239476 0 0 0.8425812995 0.6959544097 0.5098464596 0.5131408468 0 0 0 0 0
0 0.5090619266 0.5101545944 0.5095486705 0.509958386 0.8083647637 0.8003493411 0.8062009888 0.5301982915 0.5274343345 0.5346269452 0.5106014676 0.5070536195 0.7384521708 0.7360007578 0.5382369792 0.7428607948 0.5748086863 0.5786690932 0.5806872774 0.7627078864 0.6501757484 0.6458575693 0.6289236724 0.565127478 0.637709764 0.522546417 0.522728834 0.5302065521 0.53039055 0.5329284939 0.7203484882 0.710569835 0.7536378268 0.5994492814 0.8285558816 0.6027618214 0.5976218088 0.5953626964 0.5957024678 0.7169639242 0.604218273 0.6670219572 0.8789423546 0 0.8945062985 0 0 0 0.7125667876 0.6775646013 0.507061815 0.5166601369 0 0 0 0
0 0.5081960444 0.5128105646 0.5114044618 0.6701919384 0.8078102334 0.8093138571 0.8774586565 0.6440189687 0.6299476635 0.5055528942 0.5016031827 0.5088943376 0.7385684288 0.7329028236 0.735951172 0.739531251 0.5719278086 0.5687000088 0.5725911872 0.5757047856 0.5801680941 0.6157948483 0.6191342612 0.8090464143 0.797553715 0.534356014 0.5214411331 0.5243568439 0.5500519327 0.8596960637 0.8657018259 0.8593257761 0.748363355 0.6949598577 0.6836360359 0.8310342427 0.8764245652 0.5749439189 0.5769370858 0.7817073938 0.5122582639 0.6392136555 0 0 0.8967641037 0 0.5422361989 0.709521244 0.821978924 0.6149426617 0 0.5115066455 0 0 0 0
0 0.5393029113 0.5020466862 0.8405978243 0.8946883688 0.8978655978 0.8925032349 0.6304758148 0.6240065925 0.6261585835 0.5064893537 0.5055759754 0.726841841 0.7366468809 0.7295463783 0.7359703783 0.739129833 0.5645286064 0.571298749 0.5489198742 0.5716034308 0.5767248784 0.6116526234 0.6184580111 0.6224276575 0.6890009373 0.5294739555 0.530202275 0.556168936 0.5430544402 0.8646315095 0.8591103779 0.8706826137 0.8746547337 0.6920530975 0.6984859757 0.7016439385 0.6884422495 0.5790104126 0.5713739414 0.5740177419 0.5809024283 0.5250465118 0.523441722 0.5264987544 0.5711122771 0.6791202092 0 0 0.8195928574 0.8206745364 0.619872356 0 0 0 0 0
0 0.5394812352 0.5369931564 0.7906947105 0.8954260955 0.8898074122 0.533689895 0.5348563537 0.539418624 0.548115792 0.6673758223 0.7311127504 0.6697623414 0.6678670533 0.6687191041 0.7372921454 0.8495653957 0.5730192655 0.5679243361 0.5811791132 0.5975117297 0.5778740415 0.618173521 0.6151562563 0.7501074679 0.746943482 0.7615687437 0.7624607704 0.5361826893 0.8666853913 0.8610777686 0.8690473121 0.8668772889 0.8702621195 0.6964046773 0.6995756885 0.7078681536 0.6555426567 0.5763930598 0.8467772903 0.5769446249 0.5759896355 0.5212467547 0.5187504514 0.5262122845 0.5303620679 0.6656424825 0.6694920418 0.858883707 0 0.8196425387 0.5180767054 0 0 0 0 0
0 0.5442029471 0.5329319452 0.5271347492 0.8871014831 0.5295643974 0.5335514998 0.5357335455 0.5417189552 0.5426023267 0.543505437 0.6642988848 0.6676481337 0.6613523816 0.6659937597 0.5420675283 0.7924220632 0.7903933451 0.5442407283 0.6330184607 0.5133415848 0.5016514992 0.5084649099 0.6222253783 0.7533567983 0.7490584558 0.7545726614 0.7591620827 0.8473662648 0.8691730566 0.5991394585 0.5076107427 0.7652124511 0 0 0.6517558578 0.7028181766 0.6500258857 0.6494194345 0.6486960415 0 0.6304846933 0.5215185599 0.5641120687 0.5238743878 0.6585123429 0.6760562319 0.6218890086 0.7587278484 0.5095044059 0.6224522647 0.5249230898 0 0 0 0 0
0 0.8299987075 0.5349676213 0.5357498049 0.5264496284 0.5340138165 0.5305952965 0.5341068772 0.5411326772 0.536632977 0.5370275274 0.7824988624 0.6620011253 0.6619237375 0.6697885124 0.8956054626 0.80004592 0.7938781442 0.7972368748 0.5483548723 0.8401789924 0.5039111989 0.5091731703 0.5176072138 0.5189819564 0.7582786006 0.7618242539 0.8702692434 0.8192649037 0.511124464 0.7245537926 0.7442449673 0.5088783607 0 0.7977831259 0.7070230716 0.6588702459 0.6518280151 0.6464755939 0 0.7451873307 0.7466503799 0.7430094649 0.7518960987 0.6492675139 0.6514970018 0.648439176 0.6178996441 0.6178300868 0.6130990911 0 0 0 0 0 0 0
0 0.5471711312 0.5403178143 0.5343279793 0.5298583872 0.5256846591 0.5398111106 0.5334405051 0.5345960979 0.5350360227 0.8269592489 0.7886649466 0.7816052373 0.7840276448 0.7961551191 0.6634328252 0.5899982505 0.5990203915 0.7977908903 0.8310437962 0 0.8400866446 0.5040126947 0.513627738 0.7638133912 0.7627887945 0.770823 0.7670701018 0.8720209434 0.753597869 0.5089824467 0.7507775453 0 0.7536281785 0.5951218638 0.5865432022 0.7546518161 0.7467324016 0.74349544 0.7433706459 0.7414333396 0.7422546225 0.7459043778 0.7486155322 0.6427138014 0.6451991736 0.6430139489 0.6260267401 0.622175024 0.614802056 0 0 0 0 0 0 0
0 0.5472518672 0.5442269444 0.5381560747 0.5264252674 0.5331448783 0.529622393 0.5365697074 0.5405315547 0.5403717595 0.8532710607 0.857244669 0.7874246079 0.7875375106 0.5416942074 0.5363593066 0.5917008206 0.5912684198 0.8381963016 0.8360668785 0.8348239234 0.6396473898 0.5072602618 0.7540861283 0.7551001048 0.7642153233 0.7545490697 0.7420639838 0.7447633378 0.7394016767 0.7421099709 0.7418677279 0.7508855863 0.7601779968 0.7324125081 0.7614812678 0.8002467553 0.7492120589 0.7397063515 0.7345258278 0.7439809805 0.7442249881 0.7496442142 0.7466878332 0.6447385988 0.6403563014 0.6461485085 0.8005432262 0.6490237074 0.7795526445 0 0 0 0 0 0 0
0 0.6785208467 0.5394094419 0.5295398229 0.5345016819 0.5380876636 0.5392955776 0.5430322004 0.5459024823 0.8550379767 0.8480530993 0.8554747892 0.6767758467 0.6746691713 0.790546545 0.5962843228 0.598077009 0.6001119868 0.8367708039 0.8373936846 0.7168685048 0.8426553647 0.7596450359 0.7554493254 0.7619342416 0.8579286027 0.7507949758 0.7445808681 0.7376715303 0.7323421419 0.7345997292 0.7410591431 0.7507949634 0.8377085649 0.8333854107 0.8332452795 0.7570964226 0.7426233222 0.743547758 0.7401433697 0 0.7936830763 0 0.7764393753 0.6418453725 0.6485984885 0.644947376 0.6007519624 0.5673980421 0.5585893062 0 0 0 0 0 0 0
0 0.6797073441 0.6732485605 0.5325124472 0.5360236585 0.5400014183 0.5820531175 0.5479278752 0.8592140504 0.8510545968 0.8547521845 0.8572396111 0.6700230832 0.674958988 0.6026595548 0.6029049509 0.602239408 0.602583371 0.6781985711 0.6742218913 0.5930908963 0.8517676288 0.851305152 0.8554093018 0.8641388891 0.8594327577 0.7476881159 0.5783946432 0.8957209899 0.7322720479 0.7404695665 0.7347707408 0.8087018209 0.8332547151 0.8299205336 0.6912680278 0.7645915299 0 0.7460516414 0 0 0.8479729564 0 0.5041264864 0.7077489252 0.6541358477 0.8118767856 0.8799379379 0.5654662678 0.5583043248 0 0 0 0 0 0 0
0 0.5722600289 0.6791489855 0.6747597876 0.7066634677 0.6872144561 0.7680878315 0.7748615278 0.6738742177 0.861105252 0.8629395903 0.8611381076 0.6787375838 0.6746227087 0.5893615645 0.5940581756 0.5953138036 0.6040561947 0.6785045658 0.6724555633 0.6727735275 0.8489013005 0.8454217368 0.8488141578 0.8443166193 0.8640210007 0.8667350137 0.8991031342 0.7405586804 0.8018048271 0.803476145 0.7989881596 0.8069846776 0.8110010388 0.8125407905 0.8370489213 0.696774762 0 0 0 0 0 0 0 0 0.6544694127 0.65570297 0.8025100143 0.5679533285 0 0 0 0 0 0 0 0
0 0.5758638781 0.6748446316 0.6798202402 0.6809186335 0.6883316164 0.7697198454 0.7716453188 0.5277502886 0.5262368274 0.5206699849 0.5185344799 0.6099141541 0.5897591437 0.5884107746 0.8413140315 0.6033032532 0.5931711774 0.6787947837 0.671403365 0.8456939544 0.5961978459 0.8441429576 0.8401627067 0.8391972657 0.872234257 0.8759348931 0.7422752 0.8077120305 0.8000357526 0.7987528028 0.8074684793 0.8012061852 0.8068306665 0.8105880933 0.6045523315 0.7366796012 0 0 0 0 0 0 0 0 0 0.651026389 0.5263106884 0.8598927615 0 0 0 0 0 0 0 0
0 0.5110894105 0.6828945157 0.6860965065 0.8019684269 0.689811288 0.8318582881 0.8261510781 0.5299347096 0.527471157 0.5169574443 0.518104702 0.5178754118 0.5203563385 0.8460596014 0.8491111081 0.5925953322 0.5952736283 0.628207453 0.6301017914 0.7498380254 0.8357823106 0.8351060228 0.8365743497 0.8373717803 0.8481452315 0.8115503671 0.8040391205 0 0.8052300037 0.7974350666 0.663062106 0.8000052027 0.8013449009 0.8093890335 0.6004043621 0 0.7774451473 0 0 0 0 0 0 0 0 0.5806677469 0 0.8586292972 0 0 0 0 0 0 0 0
0 0.6829636858 0.6859695779 0.5939912199 0.8724272002 0.8067651032 0.8271363432 0.823249526 0.6473017096 0.5217323709 0.5107847116 0.509557608 0.5144485844 0.5243745444 0.5263664598 0.5382279698 0.5860434001 0.5913531193 0.7713579979 0.6255309217 0.7687553881 0.8408839217 0.8355018598 0.8414192536 0.8400583108 0.8490885151 0.5020432462 0.8082924715 0.8007100212 0.7986393633 0.7945059263 0.7922713784 0.630297032 0.8096510157 0 0.8193236778 0.5945669953 0.5833705168 0 0 0 0 0 0 0.7148359049 0 0.5725188592 0 0.5836740623 0.7140796476 0 0 0 0 0 0 0
0 0.6188131701 0.6234784746 0.6000322718 0.5609357748 0.7578507566 0.8322730045 0.6503247194 0.5274549041 0.5201282908 0.5167043049 0.5106766955 0.5165187082 0.5187726708 0.5247988172 0.8517190407 0.5866500233 0.6160447499 0.7666870737 0.7654072532 0.6065009378 0.7002973834 0.6986505199 0.7012826144 0.8485201632 0.840080135 0.8121160671 0.7725595588 0.7994683134 0.8000530413 0.7958502442 0.8021024812 0.7946001521 0.6931090315 0.8188687205 0.8196875715 0.5713318156 0 0 0 0 0 0 0 0.7141140669 0.6709255365 0.571243226 0.5805039883 0.5855380157 0 0 0 0 0 0 0 0
0 0.6161982173 0.6244803924 0.5117965454 0.6555333058 0.6604256457 0.6512347483 0.5372220378 0.5274873787 0.5255454171 0.5221210665 0.521071929 0.5110048295 0.5124023395 0.5277649713 0.6501637912 0.6967358268 0.5339122837 0.5488916162 0.5407212769 0.6147939724 0.6951446594 0.6913395458 0.6851200517 0.6857101523 0.7655093685 0.7667433483 0.762807436 0.8011846903 0.7995239995 0.6795828319 0.6720409713 0.68957255 0.8086176858 0.8279764343 0.8200607088 0.5060816614 0.5664317942 0 0 0 0 0 0 0 0 0.571540106 0 0 0 0 0 0 0 0 0 0
0 0.6492068783 0.6037990688 0.662037744 0.657807971 0.6605232516 0.6631065711 0.5304463508 0.5297658226 0.726896848 0.5271281063 0.5189126944 0.5137181441 0.5198687425 0.6488868296 0.6453556854 0.648492537 0.5446556181 0.5437073245 0.5395634497 0.7899866916 0.69540346 0.6859283359 0.6839525703 0.6518569299 0.6832022399 0.7627197248 0.7707574587 0.7422418099 0.6716358213 0.6696577896 0.674607796 0.6835545554 0.6807349313 0.8314479575 0.6578968526 0.652456975 0.5739701648 0 0 0 0 0 0 0 0 0 0 0 0 0 0 0 0 0 0 0
0 0.5952044487 0.8324772881 0.5531414643 0.7766073574 0.5332661655 0.6432079633 0.7779080661 0.7680589731 0.766950836 0.5243786145 0.6367167575 0.5241690591 0.8719186033 0.6509256326 0.6410838593 0.6493392942 0.5545659408 0.7805890862 0.7850576973 0.8732041222 0.8886375972 0.6919402832 0.7923942449 0.6784881924 0.6815896038 0.7532929628 0.7603760815 0.7358223351 0.7423808659 0.670734792 0.6763620301 0.6785859497 0.6880760188 0.6459488066 0.6507148778 0.6559715363 0.5595113343 0.6803088429 0 0 0 0 0 0 0 0 0 0 0 0 0 0 0 0 0 0
0 0.8314057243 0.5953142446 0.595357112 0.6109615561 0.5259133499 0.523792129 0.787659879 0.7699107065 0.7674744159 0.768034139 0.532408132 0.5341255581 0.6846454738 0.6490409788 0.6462214704 0.8556667263 0.5416677978 0.7836234859 0.8726135625 0.8780700634 0.8841749346 0.8933857569 0.678526883 0.7866439056 0.6795147996 0.7569829176 0.7601452383 0.6713611091 0.6623403798 0.6406930399 0.5850715227 0 0.6385449498 0.6447068739 0.6496062208 0.6757422257 0.8769773302 0.8563826682 0 0 0 0 0 0 0 0 0 0 0 0 0 0 0 0 0 0
