landscape/hab_quality/256/simulation_000078_p059_h062_HABMAT_patch_more_500pix_modified.asc_ac_0.5_quality.asc
NCOLS 513
NROWS 513
XLLCORNER 0
YLLCORNER 0
CELLSIZE 9.980507
NODATA_VALUE NaN
[rows 364 to 391 of 513, columns 320 to 383 of 513]
0 0 0 0 0 0 0 0 0 0 0 0 0 0 0 0 0 0 0 0.7323517977 0.7315920629 0.5248790427 0.5194848676 0.5258739411 0 0 0 0 0 0 0 0.7821597169 0.7864935137 0.7871671672 0.8900472519 0.7605494579 0.8071797836 0.7986289234 0.7931258109 0.5772513777 0 0.679531835 0.566875758 0.6263541602 0.5447490879 0.7214410354 0.7265979149 0.8286485125 0.5209994642 0.8339902628 0.553786433 0.5568784522 0 0.8706887329 0.8676370723 0.705780297 0.6150181208 0.8028941257 0 0.8449809411 0 0 0.7017428733 0.6020115238
0 0 0 0 0 0 0 0 0 0 0 0 0 0 0 0 0 0 0.6627167457 0.8888111939 0.6370869297 0.621581651 0.5334572347 0 0 0 0 0 0 0 0 0.625739568 0 0.7214483257 0.7142472603 0.8763715198 0.8041525738 0.5815064537 0.5718072549 0.5679999069 0.8555924685 0.8265538758 0.8349718992 0.611196622 0.7264916283 0 0.7176238834 0.6495661023 0.8282193668 0.6015796297 0.5602625594 0.5583777825 0.8773374353 0.8723017599 0.8704463091 0.8719740367 0.7376573564 0 0 0 0.8340427602 0.8372738277 0.8337336871 0.7061448073
0 0 0 0 0 0 0 0 0 0 0 0 0 0 0 0 0 0 0.8127122671 0.8225563069 0 0.8230601551 0 0 0 0 0 0 0 0 0 0 0.7242825669 0.5824444912 0.7076095891 0.7073248077 0.8713711779 0.5781155947 0.573374414 0.5753777659 0.5671142016 0.6960431434 0.6089362392 0.8546617698 0 0.7239888784 0.6476012333 0.8293734135 0.504126001 0.6392650279 0.6419469364 0.880411707 0.8765840133 0.8788087104 0.6118007662 0.5810457225 0.5687261884 0.8479499564 0.8494489588 0.8305335826 0.8284780173 0.8306523642 0.8277138323 0.524787956
0 0 0 0 0 0 0 0 0 0 0 0 0 0 0 0.8023538776 0.6641109575 0 0 0 0 0 0 0.7905409515 0 0 0 0 0 0 0 0 0.7262601318 0.5293302847 0.5604544464 0.5589378345 0.5521422731 0.862736812 0.8643870938 0.5382025531 0.8067021835 0 0.8143122674 0.6242620502 0.630473485 0.72615166 0.7312799699 0.6418972685 0.6375016212 0.6330446497 0.5149843699 0.8852078619 0.8403721975 0.8681531359 0.5783406219 0.5707594033 0.5748298169 0.5597274587 0.8344357191 0.8242305931 0.8217836612 0.8275300378 0.8301510684 0.5275022521
0 0 0 0 0 0 0 0 0 0 0 0 0 0 0 0.7676921674 0.7851554084 0.5756151413 0 0 0.8168952448 0 0.8069645613 0 0 0 0 0 0 0 0 0 0.6037678326 0.688894172 0.6896905647 0.557512545 0.5515757256 0.558516847 0.863094967 0.6256376316 0.8057758076 0.8182019266 0.8148440198 0.8174510822 0.6291438563 0 0.7370026 0.7383159153 0.6399706182 0.6420419965 0.6413066769 0.7424801867 0.8779052352 0.8681585474 0.5753264447 0.5761714773 0.5763095495 0.8356730745 0 0.828005751 0.8286398357 0.82891709 0.786395479 0.8402044225
0 0 0 0 0 0 0 0 0 0 0 0 0 0 0 0.6639177263 0.7636631464 0 0.7066764011 0.8812424119 0 0.8785699049 0.8038167321 0 0 0 0 0 0 0 0.5428042236 0.5320663141 0.5252654154 0.6836514574 0.6808044291 0.5524799623 0.5549080313 0.5608669587 0.8868283318 0 0.6214113255 0.6231762995 0.6394008485 0.6383753208 0.629882303 0 0.6394076669 0.744569523 0.8972784394 0.7417010828 0.7343971983 0.7344081656 0.8762763644 0.8711814076 0.5780645079 0.5823091792 0.576487696 0.8362122149 0.8280551535 0.8364514378 0.8320634926 0.773801754 0.830137109 0.8362955902
0 0 0 0 0 0 0 0 0 0 0 0 0 0 0 0 0 0 0 0.8843084802 0.8762771554 0 0 0 0 0 0 0 0 0 0 0.5188195966 0.5321240295 0.6854388437 0.6859357672 0.6899223006 0.6712464676 0.8959561813 0.5937531394 0.6265710406 0.6383810026 0.6289734562 0.6467997026 0.643664806 0.6408622978 0.6396977284 0.571300406 0.8095765816 0.5939587887 0.5937998684 0.7900426514 0.7381058575 0.873594062 0.8801814666 0.5828540966 0.6754987788 0.5857241997 0.5867899659 0.7034570242 0.6976890334 0.6981646914 0.8338555229 0.5686744739 0.8365113229
0 0 0 0 0 0 0 0 0 0 0 0 0 0 0 0 0 0 0 0.882041614 0.5473356288 0 0 0 0 0 0 0 0.5250461892 0.5297862397 0.5383217634 0.5421382149 0.8920292823 0.6628631553 0.8425164389 0.7436140126 0.6332157557 0 0.9010872722 0.8938112265 0.9008048118 0.5301165723 0.6565597156 0.858542451 0.8589057291 0 0.8494202 0.5749650703 0.8643398847 0.5085857263 0.5467748493 0.7878881094 0.7902946569 0.537266837 0.8189471595 0.5951669194 0.5876407813 0.8459228875 0.7026354154 0.7024512406 0.7046166684 0 0.5701417811 0.7393624666
0 0 0 0 0 0 0 0 0 0 0 0 0 0 0 0 0 0 0 0.8849218049 0 0 0 0 0 0 0 0 0.5295521499 0.533411153 0.807031501 0.7715762987 0.6701305838 0.5157264368 0.6713425628 0.7906094476 0.6733534692 0.5677002073 0.5559068863 0.8965635956 0.6638099856 0.6638219294 0.6607828408 0.7306087384 0.8524110272 0.849252405 0.8471293664 0.5941097554 0.8513280671 0.8551400966 0.8533854979 0.8575087102 0.8650793685 0.790073405 0.7982138609 0.6297702214 0.621575239 0.7443298532 0.7383567964 0.6680615049 0.779243484 0.5785208996 0.680911632 0.7345002989
0 0 0 0 0 0 0 0 0 0 0 0 0 0 0 0 0 0 0 0.888836646 0 0 0 0 0 0 0 0 0 0 0 0.8754850991 0.676182592 0.6720028307 0 0.7956003772 0.7883640433 0 0 0.8155670649 0.6599231681 0.655295972 0.6640331326 0.8573641673 0.8485090633 0.8467912483 0.8561135572 0.8591016622 0.8534027161 0.8494167926 0.8506097251 0.858921687 0.6989550487 0 0.5887898748 0.5333078819 0.548577932 0.781131325 0.8261403631 0.8277032473 0.8241297406 0 0 0.5090539143
0 0.8720413811 0 0 0 0 0 0 0 0 0 0 0 0 0 0 0 0 0.5685286098 0.5754317247 0 0 0 0 0 0 0 0 0.8111537811 0 0.6271606839 0.8570658769 0.8989609118 0.8989576638 0.801364895 0.7983489453 0.7633643667 0.7529307258 0.7588782216 0.8001158337 0 0.6607059615 0.655982495 0.6914343084 0.8553480515 0.5561369061 0.849194972 0.8567600316 0.8560936109 0.8552487103 0.8512643908 0.8524865438 0.8577516309 0 0.8222816639 0.6167333984 0.5123736084 0.8247030199 0.8173784421 0.8210996714 0 0.5078685232 0 0.7167256761
0.5909198626 0.5847669114 0.579946833 0 0 0 0 0 0 0 0 0 0 0 0 0 0 0.5696632546 0.5676655038 0.6624940299 0 0 0 0 0 0 0 0.8182898669 0 0.8194103621 0.791742664 0 0.8988397149 0.9075185844 0.8083275507 0.6788777237 0.7663385203 0.7595557141 0.7527927832 0 0 0 0.9051479128 0.5152021532 0.5609659239 0 0.8505097684 0.859003153 0.5313430985 0.8519562016 0.8516448357 0.8051765468 0.8316008236 0 0.8528132511 0.67401403 0.8246505911 0.6358287753 0.817288848 0 0.8283317939 0.8299013696 0.7911460265 0.7926242651
0.523601138 0.5900160411 0 0 0 0 0 0 0 0 0 0 0 0 0 0 0 0 0.5676272493 0.570627956 0 0 0 0 0 0 0 0 0 0.5532456292 0 0 0 0 0.6846292328 0.7773955225 0.7691222139 0.756132574 0.7608640558 0 0 0 0.8984935042 0.9039451703 0.6520497295 0.5038818989 0.8823480222 0.5346942803 0.5330763344 0.713114771 0.8532186898 0.8547964678 0.8076162398 0 0 0.8539048548 0 0 0.8183899984 0.8189835601 0 0.6555978906 0.6396856189 0.7853841342
0.5964995678 0.5904874792 0 0 0 0 0 0 0 0 0 0 0 0 0 0 0 0 0 0.5720400685 0 0 0 0 0.5374838907 0 0 0 0 0 0.8557597687 0.862899594 0.8622736872 0.6858223773 0.7829082194 0 0 0 0.5246396233 0.766615942 0 0.9017835237 0.8741220862 0 0.7669133523 0 0.8469777614 0.872911445 0.5691303799 0.8559646998 0.8549229404 0.7488371769 0.7527773618 0 0 0 0 0.8218557246 0.8263076719 0.8248050577 0.8302779834 0 0 0.8318698374
0 0 0.5662207617 0.5669907867 0.7706768255 0 0 0 0 0 0 0 0 0 0 0 0 0 0.8440550622 0 0 0 0 0 0.5464504705 0.8559534231 0.7608763977 0 0.5166446529 0 0.5716929793 0.8612185392 0 0 0 0.7376625012 0.7444692686 0.6989604592 0.7705126611 0 0 0.8414291676 0.8407945856 0.848207913 0.6428296154 0.5123845431 0 0 0.7683941201 0.8573295076 0 0.7437257398 0.7530996807 0 0 0 0 0.8280191154 0.8284332026 0.8279095604 0.8252354935 0.6398636543 0.6460160636 0.8963536233
0 0 0 0 0.7006778665 0.7688536417 0 0 0 0 0 0 0 0 0 0 0 0 0 0.7290566996 0 0 0 0 0.5550112101 0.8402664164 0.8351039822 0.7704755208 0 0 0.6160982785 0.568347222 0 0 0.7446320815 0 0.6836808344 0 0 0 0.5583096538 0.5373596155 0.8387513837 0 0.6391523653 0.6451809877 0 0 0 0.5060873649 0.7438631411 0 0.7459558661 0.7617440803 0.8932412913 0.6995597835 0 0.8934424073 0 0.8717222183 0.7710414357 0.7683227864 0.771463024 0.7694380811
0.592389066 0 0.581197219 0.5813941897 0.8446554058 0.6756907899 0.667708725 0.6724196098 0 0 0 0 0 0 0 0 0 0 0 0.7419967525 0 0.559327695 0.8313375056 0.5586629754 0.792289614 0.5459148062 0.7953206971 0.8043554728 0 0 0.5683285871 0.5375030626 0.5770572356 0 0 0 0.6765580915 0.8397982438 0.8347795121 0 0.5364692547 0.5361076153 0.534363486 0 0.5839952573 0.5430229727 0 0 0.7380080362 0 0.5631073979 0 0.5565798843 0.905089291 0 0 0 0 0 0 0.7774539247 0.7708050325 0.7635125874 0.7666617392
0.5864587571 0.5843366134 0.5868958003 0.5893443439 0.6671363301 0.6739702767 0.6768405438 0.7383170143 0 0 0 0 0 0 0 0 0 0 0 0.8212673432 0 0 0 0.6504673904 0.7702713294 0.6512336884 0.8037637788 0.794973001 0.8038150799 0 0 0.5766252851 0 0.830866013 0.5803280097 0.7401937583 0.5261842378 0.516262457 0 0 0.5383863752 0.5345936408 0.5356023157 0 0.5430827678 0.5401059379 0.6228073805 0 0.7412127582 0.6049657241 0.5622018537 0 0 0 0 0 0 0 0 0 0 0.578326268 0.5779668072 0.574392089
0.6689246771 0.5392584257 0.7376215393 0.7389549331 0.8497515781 0.6652672352 0.7906642667 0.5133922857 0.5948597509 0 0 0 0 0 0 0 0 0 0.7218558264 0.7260222424 0.8798937433 0.8639141672 0.8636237709 0.8709819672 0.8759517775 0.8728376591 0 0.8009351158 0.8034078561 0.5784447789 0.8461137512 0.7240950187 0.593210233 0.7765366057 0.7750319177 0.5833651557 0 0 0 0 0.6461160967 0.7369166949 0.5392115214 0 0.5336719314 0 0 0 0.5922849472 0.5816376453 0 0 0.5641883122 0.5155957325 0 0 0 0 0 0 0.7432913593 0 0.5740956983 0.5813125105
0.5147261725 0.7316520041 0.727425783 0.7357590235 0.5673385802 0.6095474196 0.6843506678 0.6763964876 0.8533359471 0.603398896 0 0 0 0 0 0 0 0 0 0.88459969 0.7311467965 0 0 0.8710668506 0.5968454672 0.8664280122 0.6365317338 0.8539878491 0.8504982591 0.8275344184 0.6196891936 0.6228863551 0.7669972585 0.7652845096 0.7711977421 0.5870037239 0.582439136 0 0 0 0 0.6044868681 0.7090919372 0 0.7013625406 0.7054213989 0 0.6029419576 0 0.6019667624 0 0.7634072044 0 0.9180229193 0 0.6603675018 0 0 0 0.8734039923 0.5869714198 0 0.5812321773 0.6993835871
0.5482588993 0.5355280546 0.7258619157 0.7337702593 0.7383557333 0.7378268665 0.6829178338 0.6862831067 0.8501642967 0 0 0 0 0.9059071689 0 0 0 0 0 0 0.8797900137 0 0.8692893457 0.8673591095 0.7581305189 0.7632915952 0.8307116029 0.8469853764 0.8045210305 0.5570118505 0.5508578078 0.7580297627 0.8455490022 0.7626971189 0.6126412939 0.5832417213 0.5867315328 0.5919721423 0 0 0.7842202938 0 0.7095782277 0.7037638047 0.5266411961 0 0 0 0.6019281846 0 0 0 0 0.9085843189 0 0.5592664999 0 0 0 0 0 0 0.7083161511 0.5132115449
0.5447310794 0.7316392922 0.7306508621 0.8821142093 0.7299618543 0.7355135176 0.5429317431 0.7065023522 0.6818277272 0.6808641282 0.8808593917 0.8900659904 0.6287149254 0.7720861708 0.914263384 0.6566036834 0 0.6645644679 0 0 0 0 0.8764650856 0.535230597 0.7538661346 0.7499813503 0.7030479157 0.7953392208 0.87538674 0.5508198049 0.5563638947 0.7665835675 0.7577391799 0.8509586552 0.8688731466 0.7764708399 0.7735646744 0.5968972842 0.5999114802 0.7907754971 0.7077577572 0 0.7909567008 0.5841852297 0 0 0.6135810136 0.6011664218 0 0 0 0 0 0.9047425647 0.8998422974 0 0 0 0 0 0 0.7149562347 0.6282075076 0
0.8957420641 0.6624913633 0.6744603425 0.5419403272 0.6673680976 0.7325074894 0.7375731106 0.7731074515 0.6533179393 0.680727408 0.8906463375 0.6883768429 0.7069883892 0.5475548604 0.6517864907 0.5481312783 0.8679888466 0 0 0 0 0 0 0.7551874157 0.7482395907 0.7460132739 0.7484441396 0.7955860446 0.7930032865 0.8016756678 0.5606346282 0.7596560385 0.76740039 0.7633124317 0.8591272167 0.7800933784 0 0.7800305639 0.7363825422 0 0.8218598775 0 0 0 0.579892139 0 0.6863562074 0 0 0 0 0 0.5680550248 0.90035463 0 0 0 0 0 0 0 0.6247623049 0 0.6228646997
0.6124072356 0.536874161 0.6462999404 0.6676016658 0.6702212019 0.7260003849 0.7235094539 0 0.6956758724 0.6867447603 0.6806025288 0.7110167241 0.6957413823 0.5507395041 0.546055966 0.5496682022 0 0 0 0 0 0 0.829812494 0 0.7557627471 0.7519935755 0.7477651841 0.7976156649 0.7968018658 0.8013925494 0.8093421733 0.7272891484 0.7692253958 0.5721873351 0.7256462201 0.7282962155 0.5389344067 0.6026514808 0 0.8252766788 0.7191506777 0.8203457117 0 0 0.8216864484 0 0 0.6024912671 0.5403360348 0.604214125 0 0 0 0 0.6317902299 0.627117601 0 0 0.7532697183 0 0 0 0.6118486723 0.6147442041
0.5440060312 0.7241653374 0.8123691725 0.6783875112 0.8910716035 0.6337153452 0.7174602807 0.7714025534 0.692349502 0.6872923531 0.6774404111 0.6859467939 0.5601495389 0.5520885415 0.5446797587 0.547756919 0 0 0 0 0 0 0 0.5744053361 0.76132738 0.7557903861 0.7058363876 0.7890448565 0.7834923385 0.7813671555 0.6783812814 0.5118009347 0.6222604293 0.7308153309 0.8790202864 0.7234315209 0.8448588325 0.6069710741 0.6025182701 0.8805096204 0.8294621574 0.5289075662 0 0.5262822789 0 0 0.8094174447 0.5850276051 0 0 0 0 0.5514933192 0.8497396629 0.6321747218 0.6284858762 0 0 0 0.6085739164 0 0.876929157 0.6122698455 0.6078417225
0.8345530999 0.8236072966 0.8944851876 0.5867114417 0.5849942212 0.5795524898 0.6273754352 0.6712770772 0.6839090092 0.6828583094 0.6813632365 0.6870752049 0.7345260483 0.5541992787 0.7190398037 0.7132418407 0.7168293227 0.7196599721 0 0 0 0 0.828490955 0.8049703379 0 0.7548802714 0.8945390725 0.7215238434 0.7799097441 0.7839550729 0.6740344627 0.6725105576 0.7254279739 0.7282504468 0.5138708049 0.8586907692 0.8546120843 0.6115024428 0.6108182699 0.681656758 0.5294303581 0 0.6783242011 0.5319267415 0.5306037854 0.5353428821 0.5325248059 0.6477975655 0.8789048263 0 0.5769247455 0.578333253 0.8117652804 0 0.5624368232 0.6106782266 0 0 0.6280450612 0 0.7687328325 0 0.6134838433 0.6166288285
0.8353451922 0.8278437438 0.8210707489 0.5840560203 0.5775115085 0.5890498083 0.6335027567 0.6286869987 0.6899371774 0.6894236355 0.6910235246 0.8644831758 0.7318785209 0.7279821485 0.6111411735 0.7105684309 0 0.6481150927 0 0 0.8756323975 0 0.8811687413 0 0 0.6236290748 0.7965598348 0.7881170399 0 0.6664499105 0.671657627 0.6644737945 0.7247160443 0.7203589938 0.7233100517 0.5155351691 0.6824265243 0.650793446 0.6204436116 0.6285215092 0.6308163406 0.6804678919 0 0 0 0.5404135526 0.8609578866 0.7228096518 0.7282168906 0.8853456144 0.8136305967 0.8115498986 0.812858318 0.6215094276 0.6122907246 0.6202577465 0.5464581956 0.6279080023 0 0.8087430566 0.8799593715 0 0 0.7650809302
0.8347138457 0.8223884622 0.5534718235 0.5864253009 0.584165357 0.5818979018 0.6005953702 0.5909783198 0.588044731 0.6963480397 0.7661667047 0.7659095968 0.7324710635 0.5681344031 0.7142141266 0.7198271546 0.7112945517 0.8651951183 0.5049155625 0 0.8756553923 0.8798893208 0.8843461576 0 0 0 0.7932314155 0.6507902523 0.7935230959 0.6696317411 0 0.6645132268 0.7264922655 0.5732755564 0.8375573163 0.6872684489 0.6282533171 0 0.9025692791 0.8986767443 0.8988624042 0 0.6640453823 0 0.686729307 0.6869073321 0.7293456176 0.7240434816 0.7313714395 0.7204920568 0.8161370966 0.8685825998 0.8414180313 0 0 0.7730140051 0.5517629741 0 0 0 0.799633984 0.8059507868 0 0.6239386662
