landscape/hab_quality/256/simulation_000079_p034_h071_HABMAT_patch_more_500pix_modified.asc_ac_0.5_quality.asc
NCOLS 513
NROWS 513
XLLCORNER 0
YLLCORNER 0
CELLSIZE 9.980507
NODATA_VALUE NaN
[rows 324 to 359 of 513, columns 324 to 404 of 513]
0 0 0.918602924 0.7536597007 0.5484134776 0.5477504673 0.755840802 0.5562361103 0.560711473 0 0 0 0 0 0.7181766401 0.7241883892 0 0 0 0 0 0.7688332555 0.638386004 0 0 0 0 0.6633667816 0 0 0 0 0.5155860747 0.6934333471 0 0 0 0 0 0 0 0 0 0 0 0 0 0 0 0 0 0 0 0 0 0 0 0 0 0 0 0 0 0 0 0 0 0 0 0 0 0 0 0 0 0 0 0 0 0 0
0 0 0.8370950884 0.8351148937 0.6980760403 0.6634887093 0.6357719525 0 0 0.8438045129 0 0 0 0 0 0.7213253614 0 0 0 0 0 0 0 0 0 0 0 0 0 0 0 0.506864775 0.5121325907 0.5034958479 0.8010529916 0 0 0 0 0 0 0 0 0 0 0 0 0 0 0 0 0 0 0 0 0 0 0 0 0 0 0 0 0 0 0 0 0 0 0 0 0 0 0 0 0 0 0 0 0 0
0 0.8379114034 0.6942997402 0.7036057709 0.7056344515 0.6625705299 0.5025638094 0 0 0 0 0 0 0.7307130048 0.7287621205 0.720931547 0 0 0 0 0.7720270479 0.5753484408 0.569425422 0 0 0 0 0 0 0.7523690928 0.7471726332 0.5148928706 0.5110207738 0.7920859936 0.8435165786 0.7389528505 0.7392274279 0 0 0 0 0 0 0 0 0 0 0 0 0 0 0 0 0 0 0 0 0 0 0 0 0 0 0 0 0 0 0 0 0 0 0 0 0 0 0 0 0 0 0 0
0 0 0.6380661033 0.7072864519 0.6662008565 0 0.5021349674 0 0.7178770668 0 0.6093610947 0 0.7068995422 0.6976377587 0.7232522048 0.7283654427 0.7215932638 0 0 0 0.6528410238 0 0.5778825922 0 0 0 0 0 0 0 0.7517202826 0.7528947878 0.7104883138 0.7147741482 0.8955818909 0.6373447719 0.7409188236 0.7283633622 0.7253161304 0 0 0 0 0 0 0 0 0 0 0 0 0 0 0 0 0 0 0 0 0 0 0 0 0 0 0 0 0 0 0 0 0 0 0 0 0 0 0 0 0 0
0 0 0 0.6342646114 0.5143811569 0.507802968 0.5026102299 0.5031510145 0.505624865 0.5143617395 0.5219887818 0.5670798707 0.6000583495 0.702187531 0.6996017975 0.7339203149 0.5290418926 0.5926749723 0 0.5864599791 0.6607183599 0.7808485991 0.7794453094 0.69216138 0 0 0 0 0 0 0.8338658863 0.7153409534 0.8563398746 0.7128353825 0.7215991635 0.8637166135 0.6307242972 0.7070981809 0.72109355 0.7184817453 0 0.8188797694 0.6074841951 0 0 0 0 0 0 0 0 0 0 0 0 0 0 0 0 0 0 0 0 0 0 0 0 0 0 0 0 0 0 0 0 0 0 0 0 0 0
0.9009659761 0 0.6070413843 0.628503997 0.5086317283 0.5064856077 0.5125414292 0 0.5037649751 0.5153110123 0 0 0.8691611942 0.8677653312 0.8694360248 0.7544450159 0.724018365 0.5883801712 0.5836271248 0 0 0 0.7754598576 0.6967598978 0 0 0 0 0 0 0 0.6467073584 0.8642262854 0 0.882728411 0.5964170699 0.5669160269 0.8851485682 0.5223305425 0.7203744442 0.7053838472 0.8743999431 0.7027766664 0 0 0 0 0 0 0 0 0 0 0 0 0 0 0 0 0 0 0 0 0 0 0 0 0 0 0 0 0 0 0 0 0 0 0 0 0 0
0 0.8276992905 0.6307547021 0.6973881256 0.7992789023 0.5077877686 0.5083039817 0.7694946011 0.8664044378 0.5184698591 0.7984473824 0.5418588158 0.8752295431 0.5902129213 0.8481157906 0.8763168927 0.7803270292 0.589014941 0.5904916739 0 0 0 0 0.7802916264 0 0 0 0 0 0 0 0 0.6684746631 0.8739465719 0.587326218 0.7170530684 0.5936826852 0.6564166724 0.7315119449 0.6614918466 0.819763006 0.8730527945 0.6880545567 0 0 0 0 0 0 0 0 0 0 0 0 0 0 0 0 0 0 0 0 0 0 0 0 0 0 0 0 0 0 0 0 0 0 0 0 0 0
0 0.802012555 0.8234982254 0 0.6463199802 0.9000778314 0.8208300407 0.9014470906 0.5177638197 0.6754740676 0.5356095545 0.5339869772 0.5320648597 0.7891029362 0.7989188709 0 0.6628368375 0.7719271118 0.8923794639 0 0 0.5726874203 0.7113885014 0 0 0 0 0 0 0 0 0 0.6866275389 0.6829512892 0.6881364292 0.5863750817 0.5882518726 0 0.6562221314 0.6620812956 0 0.5632104666 0.8679351488 0.8585262888 0 0 0 0 0 0 0 0 0 0 0 0 0 0 0 0 0 0 0 0 0 0 0 0 0 0 0 0 0 0 0 0 0 0 0 0 0
0.7968180004 0 0 0.807270205 0.8094192964 0.8966003373 0.8932833807 0.8939805346 0.8370061437 0 0 0.5298719199 0.5867671901 0.7911539319 0.7890001279 0.7808426379 0 0 0 0.8369547639 0.767210293 0.7078077742 0.5029292215 0.7092771446 0 0.7955897712 0.7906640435 0.7814699015 0 0 0.5089165374 0.8761577433 0 0.6795074203 0.6894698666 0.6892514187 0.5929041954 0 0 0 0 0 0 0 0 0 0 0 0 0 0 0 0 0 0 0 0 0 0 0 0 0 0 0 0 0 0 0 0 0 0 0 0 0 0 0 0 0 0 0 0
0 0 0.8086068236 0.8009128177 0.807539755 0.8964035145 0.6043121654 0.7225621248 0.8655009472 0 0.8825411444 0 0.5338356223 0.7961786597 0.7795993791 0.7794228999 0.7885810571 0 0 0 0 0.712311323 0.7067861139 0.714515933 0.5607851624 0 0.7846621248 0.658746 0 0 0 0 0.6842519762 0 0.6837298766 0.6889038492 0 0 0 0 0 0 0 0 0 0 0 0 0 0 0 0 0 0 0 0 0 0 0 0 0 0 0 0 0 0 0 0 0 0 0 0 0 0 0 0 0 0 0 0 0
0 0.7891836486 0.7930147222 0.797419757 0.8073447616 0 0.6089664061 0 0.6101962511 0 0.8847597384 0.8867244699 0 0.7817949377 0.7827741545 0.789341938 0.7799164018 0.7962804868 0 0 0.8900219669 0.7096695503 0.7103736062 0.7093654288 0.5759690601 0.5708046389 0.5768298496 0.5067912033 0.8597652004 0.879343255 0 0.7563078046 0.6491216933 0.751907606 0.8363091724 0.6526858516 0 0 0 0 0 0 0 0 0 0 0 0 0 0 0 0 0 0 0 0 0 0 0 0 0 0 0 0 0 0 0 0 0 0 0 0 0 0 0 0 0 0 0 0 0
0 0.7911639306 0.7963042153 0.799443972 0.8044426691 0 0 0 0.7655651347 0.6532751756 0.7713310839 0.5936239604 0.7512394282 0 0.6500127361 0.5204784174 0.5162013965 0.5094731067 0.5107177707 0 0.8878539246 0.8896210605 0.8926664856 0 0 0.5959427062 0.5798524047 0.8590124407 0.8550906084 0.6108461007 0.8628461463 0.8670495189 0.5163888318 0.7563720247 0.7557686109 0.5015875525 0 0 0 0 0 0 0 0 0 0 0 0 0 0 0 0 0 0 0 0 0 0 0 0 0 0 0 0 0 0 0 0 0 0 0 0 0 0 0 0 0 0 0 0 0
0.7986189212 0.8024587161 0 0 0 0 0 0.8609850839 0.8545301259 0.7561387481 0.8565915637 0.7493634585 0.7083223226 0.6652432024 0.8884212087 0.884307794 0.8840685947 0.5148906543 0.5099578615 0.8967790393 0.8835341885 0.8918259984 0.8879338911 0.8977265609 0.5940957679 0.5865293831 0.590354605 0.8611327737 0.8521191862 0.8602766684 0.8274274114 0.6893358316 0.524185852 0.7366616601 0.6758721662 0.7081670405 0 0 0 0 0 0 0 0 0 0 0 0 0 0 0 0 0 0 0 0 0 0 0 0 0 0 0 0 0 0 0 0 0 0 0 0 0 0 0 0 0 0 0 0 0
0 0 0 0 0 0 0 0.855314024 0.8512111548 0.8548450772 0.8587869963 0.5371548546 0.8103023411 0.7442991121 0.8860225446 0.8802429928 0.8890284412 0.6597152237 0.5127704546 0 0.892069778 0.8856693338 0.8568298676 0.8968911423 0.591789126 0.5858261206 0.6941162185 0.8616686344 0.8663275869 0.5869374628 0.6793465076 0.6793589074 0.6622269437 0.7365589245 0.755665718 0.5449273077 0 0 0 0 0 0 0 0 0 0 0 0 0 0 0 0 0 0 0 0 0 0 0 0 0 0 0 0 0 0 0 0 0 0 0 0 0 0 0 0 0 0 0 0 0
0 0 0 0 0 0 0 0.6563759329 0.8455009814 0.8507195875 0.8523102409 0.6446260007 0.5087955093 0.8235996697 0.8856846242 0.8897059304 0.8852072123 0.7505531232 0.8971550365 0.7525783015 0.8891334802 0.8918842735 0.886904772 0.8663007677 0.587510429 0.5887243619 0.8615450355 0.860488344 0.8655996028 0.8664832991 0.8679171588 0.5518857024 0.7354717948 0.7904139752 0.7345075201 0.6530186825 0 0 0 0 0 0 0 0 0 0 0 0 0 0 0 0 0 0 0 0 0 0 0 0 0 0 0 0 0 0 0 0 0 0 0 0 0 0 0 0 0 0 0 0 0
0 0 0 0 0 0 0 0 0.8413530709 0.8398293372 0.6369672725 0.6399792469 0.5226397427 0.5387602729 0 0.5018870659 0.8853616648 0.8907323089 0.70984383 0.7066164295 0.70574488 0.7098118398 0.893332748 0.6067826865 0.5077727475 0.8738811913 0.8689467815 0.8636847647 0.8659901584 0.8273200605 0.8007571435 0.5369689759 0.5357513794 0.7374533867 0.7392663384 0.7683868921 0.7691452029 0.5501313185 0 0 0 0 0 0 0 0 0 0 0 0 0 0.7107287996 0 0 0 0 0 0 0 0 0 0 0 0 0 0 0 0 0 0 0 0 0 0 0 0 0 0 0 0 0
0 0 0 0 0 0 0 0 0.8321172267 0.7567315204 0.7244329441 0.6421310677 0.7731353292 0.7770031236 0.7859866153 0 0 0 0 0.7093729597 0.7035349011 0.7051778327 0.60515237 0.5979685483 0.6065208992 0.8709491488 0.8788035011 0.8769421972 0.8709026147 0.8679862076 0.5380344604 0.5352662923 0.5400105955 0.700861228 0.7692922274 0.7643896252 0.765305044 0.6406286101 0.8755241023 0 0 0 0 0 0 0 0 0 0.6125131457 0 0.6192045057 0.8483075923 0 0.8309439597 0.5847041093 0 0 0 0 0 0 0 0 0 0 0 0 0 0 0 0 0 0 0 0 0 0 0 0 0 0
0.7985252357 0.8073564261 0 0 0 0 0 0 0 0 0.5988472688 0 0.5561566575 0.740126737 0.7768585049 0.6520243346 0 0 0.5528518607 0.7058594817 0.5670867538 0.7069188571 0.60400071 0.6077775106 0.6079500279 0.5889189813 0.5751186121 0.8593025677 0.8771515847 0.8808885203 0.5431987691 0.6314880301 0.5385876218 0.8737897781 0.7664085662 0.7705281255 0.6636769072 0.8663725064 0.8402076652 0 0.8298028047 0 0.8362018371 0.8415223148 0 0 0 0.8867417054 0 0.6160748743 0.8293850063 0.822481106 0.8215571952 0.8299068125 0.8605935349 0.6759997098 0.7500651065 0 0 0 0 0 0 0.5695338183 0.5523523418 0.6152891093 0 0 0 0 0 0 0 0.5489841164 0 0 0 0.696697938 0 0 0
0.5059743373 0 0 0 0 0 0 0 0 0.6625537978 0.6001780353 0.6033675682 0.5409771077 0.8814810803 0.5863469604 0 0 0 0 0.576776129 0.5679857864 0.5729129127 0.6462929716 0.6462428711 0.9048926391 0.7753145281 0.7725071309 0.7759754965 0.8888946493 0.8904365376 0.7542345846 0.8372672431 0.8116297012 0.8496879451 0.8777164481 0.6449028081 0.8732501756 0.8434845838 0.8390871968 0.8369253962 0.8363772648 0.832192253 0.8349090054 0 0 0 0 0.8301620667 0.8323005349 0.8283604295 0.6422153758 0.8233405428 0.8282307395 0 0 0 0 0.7429298719 0.7439050459 0.8764973085 0 0 0 0.5327180137 0.5326487379 0 0 0 0 0 0 0 0.6157786906 0.5484671388 0 0.6917356341 0.700321474 0 0 0 0
0 0 0 0 0 0 0 0 0.6583803725 0.8660207369 0.6669569222 0 0.538858148 0.7458911836 0.8453541341 0.6146853812 0 0.7005322239 0.8195424499 0.8105629095 0.8073422738 0.8100533237 0.6372520293 0.6469260552 0.8985253891 0.8044561508 0.7683334158 0.7748895082 0.576283233 0.5744258682 0.5791222033 0.7765385009 0.8404526175 0.8477022939 0.8963966978 0.5940579518 0.5924857484 0.8427628898 0.8377101974 0.8308689658 0.8294887797 0.8344672057 0.8444038109 0.8386322104 0.8796574713 0.8810292754 0 0.7070297636 0.8291296759 0.8330672779 0.6440171891 0.6344001248 0.6372619407 0.828608517 0 0 0.7432735072 0.7463016136 0.6846440858 0.561483098 0 0 0.8057634926 0.5310590137 0.5309993872 0.5315201344 0 0 0 0 0.6099868894 0.6073457943 0.6103363399 0.6545102386 0.555250068 0.8181188011 0.5064281698 0 0 0 0
0 0 0 0 0 0 0 0 0.659855702 0.8702964324 0.7497628649 0.7422542207 0.8174275062 0.8021973789 0.6169621652 0.6071131019 0.6443412659 0.8260343739 0.5081824427 0.8138622241 0.5997979885 0.8089562792 0.6462295112 0.6446972812 0.7825396575 0.7775621072 0.772365802 0.776784362 0.6760438572 0.573285318 0.5751630909 0.5733310652 0.7858323939 0.58829332 0.5564316169 0.8424410625 0.5892049704 0.8413990239 0.8313147364 0.8381477155 0.8331102418 0 0.8379946273 0.7950062519 0.875837813 0.7928130717 0.8624650049 0.7157481593 0 0 0.6416429337 0.6409828284 0.6390884662 0.7391155549 0.5781641655 0.6147496592 0.63151232 0 0.7202043386 0.5531451799 0.7499769123 0 0 0 0.5373395054 0.5338788413 0.5414236763 0.5974365344 0.5897120662 0.5973495767 0.6108136587 0.6115353324 0.6127924071 0.6138874695 0.6932122827 0.8146852042 0.8179340008 0.8132711135 0 0 0.6761354463
0 0 0 0 0 0 0 0 0 0 0 0 0.7442593949 0.8008525175 0.7826414361 0.8049865178 0 0 0.6487026683 0.6477234459 0.6836105641 0 0 0.8342256832 0.6477667411 0.7116237151 0.6095497825 0.6902280923 0.6098054762 0.6548197547 0.5662962272 0.5679956891 0.6070102022 0.8011029457 0.573092914 0.5962215884 0.7693551329 0.7529987323 0.6353548564 0.8334483326 0.8425406975 0.6720573881 0.8436513239 0 0.7889726226 0.7936574061 0.8007150037 0.7745018188 0 0 0.6445786568 0.6441737331 0.6482529902 0.6714928099 0.7453410742 0.7574859108 0.7563754848 0 0 0.5577746347 0.5779616327 0 0 0 0.5359852343 0 0.5436372466 0 0.590798301 0.5923526652 0.6155892059 0.6187574685 0.6211177065 0.6215347544 0.6172210971 0 0.8103814248 0.5606467565 0.8089573513 0.6731047595 0.6815232446
0 0 0 0 0 0 0 0 0 0 0 0.7106119007 0.8880565144 0.6186810365 0.6965564915 0.8083502476 0.8129124607 0.5962981203 0 0.6428970934 0.651030727 0.6605286771 0.6431625941 0.8006788965 0.6385923957 0.7178746414 0.7079285249 0.6039090189 0.7057749919 0.7052408016 0.5666630259 0.5701060734 0.8374494994 0.5823478555 0.7712395188 0.7710264327 0.7668825639 0.6444012838 0.6419142199 0.6363920013 0.6744367762 0.6711744541 0.6793030021 0.7909041748 0 0.7929698752 0.7940762274 0.5813094395 0 0.7118288456 0.7718251684 0.5433378704 0.8993374514 0.9039068358 0.5760659049 0 0 0.7598748241 0.8895029986 0.8884345315 0.8966813048 0.8964738847 0 0 0 0.5597482126 0 0 0.524884476 0.5964795337 0.5992070792 0.5540219332 0.5755154916 0 0 0 0.8108547772 0.8014893091 0.8099592384 0.6811371728 0.7087954419
0 0 0 0 0 0 0 0 0 0 0.702512277 0 0 0.7237971616 0.5218861717 0.5422514486 0.7958766733 0.6806888096 0.5896545795 0.5898945323 0.646806715 0.7732320085 0.7320721384 0 0.902386863 0.8969519016 0.6994278463 0.7022561586 0.7030456424 0.711826323 0.5967655293 0.720617352 0.8090863988 0.7846118109 0.7759545641 0.8648697384 0.8648031825 0.8115187928 0.7598374176 0.8775626045 0.7499613238 0.6806913591 0.8147455955 0.893991853 0.8929168307 0.8935969849 0.7969557794 0.8066773121 0.6304308597 0.6760692787 0.7756141931 0.7702924877 0.7780858576 0.8597541066 0.5670057436 0.5424295816 0.5423249931 0.5474368837 0.886273972 0.8861491086 0.883878153 0.889545429 0.8910590758 0 0 0 0.7938956022 0.542339682 0.7955012444 0 0 0 0 0 0 0 0.8016262057 0 0.8014979742 0.6454937675 0.6989585942
0 0 0 0 0 0 0 0 0 0 0 0 0 0.7742436964 0.8270031686 0.5948512835 0.6721000438 0.6754653831 0.673587894 0.8639813945 0.593283784 0.5506134006 0.7783083959 0.7820206979 0.9017598785 0.8932399128 0.7056818851 0.6980985444 0.7023327846 0.7117132241 0.717128083 0.7771076575 0.8230940843 0.8457156704 0 0.8659767848 0.8596274725 0.8623334939 0.7114107711 0.8124713421 0.6801372209 0.727218347 0.8636303814 0.743916555 0.8910096537 0.6378367236 0 0.8472084069 0.6792289588 0.7249993463 0.7366781958 0.728412606 0.5377418362 0.5155484616 0.5143688258 0.5405612803 0.538731801 0.5401582119 0.7996808821 0.8882144583 0.8838729866 0.8817410962 0.8847270947 0.5077858715 0.5109751156 0.7809080633 0.5124873096 0.7923411497 0.7945767572 0 0 0 0.7752919345 0 0 0.6357863097 0 0.5818570613 0.5871393532 0.5077736015 0.6754279961
0 0.7491311015 0 0 0 0 0 0 0 0 0 0 0 0.7522866752 0.6934511395 0.5155444496 0.6056175805 0.6709715854 0.7779542852 0.8517171277 0.8405213725 0.5743662786 0.7711581526 0.7773749746 0.8977023279 0.9016847219 0.7045216233 0.7034754205 0.7043635041 0.7105610708 0.7188836052 0.7851785735 0.8146287612 0.8318346474 0.5267825376 0.7040861791 0.5144630413 0.5118950436 0.5142450293 0.7014721581 0.7250782616 0.7316987177 0.8562329529 0.8473674592 0.8451804391 0.8470747933 0.8428587353 0.8527025669 0.8448723956 0.7285338332 0.7224908841 0.7225975954 0.7287548112 0.7288877685 0.8222237258 0.821870663 0.5453896208 0.6057419596 0.8944809539 0.8891876319 0.8871663729 0.8847813153 0.8915099615 0.5144957192 0.5072037354 0.7016051052 0.7994194136 0.5836326632 0 0 0 0 0.7778028089 0.500969831 0.6436326086 0.5516126799 0.5798405602 0.5790182538 0.5782129367 0 0
0.5426997697 0 0 0 0 0 0 0 0 0 0 0 0 0.7556379674 0.7539972577 0.6423382313 0.6728957643 0.6794800328 0.6802851444 0.7409379365 0 0.6649684497 0.7705796631 0.7698900701 0.6430589109 0.713535809 0.7126017784 0.705435849 0.7107012106 0.8458693479 0.5172858036 0.7829606659 0.7758137555 0.5359212402 0.5472844233 0.5201348321 0.5153864378 0.5145393561 0.5199799298 0.522095745 0.7251879393 0.7264181275 0.8559474223 0.8474377477 0.8441222865 0.8397604621 0.8419448712 0.8426449528 0.6128119121 0.8125174973 0.7076077858 0.7667391049 0.7253093245 0.6024462636 0.8239040541 0.5642735326 0.8245266021 0.8502910748 0.8482523159 0.7956742948 0.7984626507 0.8564022659 0.5440110985 0.6785530533 0.8852990663 0.5077955541 0.592469596 0 0 0 0 0 0 0 0 0 0 0 0.5694102499 0 0
0 0 0 0.7281555237 0.6982920768 0.5441193092 0 0 0 0 0 0 0 0.555913524 0.8214833158 0.588661825 0.8119857433 0 0.7766914421 0.8795794678 0.5637168306 0.5659583436 0.5676114906 0.5742476414 0.7190317744 0.7181471245 0.7217047894 0.6993335386 0.6921718334 0.6986870318 0.5090076444 0.7783040417 0.8531192402 0.56487446 0.5577679352 0.5232282995 0.857162682 0.6041744222 0.8318657038 0.8340279272 0.8338941638 0.5312691012 0.8838909938 0.6485864023 0.6672531703 0.8374221554 0.8332507273 0 0.6102452398 0.5536852214 0.7576729591 0.7637412641 0.7551257752 0.8254759309 0.882533455 0.6001379277 0.5255993177 0.8571478945 0.798920025 0.7913457965 0.7992616684 0.7962259834 0.8462322868 0.7144595925 0.6280560764 0.8459410096 0.5536218763 0.744725473 0 0 0 0 0 0 0 0 0 0.5733496919 0.5672050723 0.55172007 0
0.7269885628 0.7334649509 0 0 0.5460336028 0.8177647248 0 0 0 0 0 0 0 0 0 0.5153935103 0.8102975823 0 0.5231745377 0.5721862931 0.5688778366 0.5620241709 0.5695678975 0.6748584923 0.8738334077 0.5927135485 0.6055049145 0.69846527 0.6970661827 0.6928319439 0.8178857569 0.7926560756 0.7558847116 0.5659362211 0.5567957944 0.5486918432 0.6208657556 0.61892902 0.8343506045 0.824528799 0.8272888449 0.5285088296 0.5213041772 0.5149900601 0.5212939055 0.7724805116 0.838898611 0 0.5972347337 0.8040269532 0.755320866 0.7543625762 0.5421026683 0.7527791755 0.8332207008 0.8256132177 0.8283279484 0 0.6599593197 0.8000645228 0.7917158797 0.7085116676 0.7053620014 0.708229935 0.8604414448 0.8423903497 0 0 0.5327698002 0 0 0 0 0 0 0 0 0 0 0 0
0.7436033184 0.7894321735 0.7498255459 0 0.7394799557 0 0.6522896671 0 0 0 0 0 0 0 0 0.5140268792 0.5179938842 0 0.887164098 0.5222199215 0.5636755809 0.5676651319 0.5637875578 0.8415875752 0.8427742197 0 0.7531684752 0.5976470165 0.7929416079 0.7859745733 0.7900984079 0.7944884014 0.8793756911 0.6198761176 0.5523386466 0 0.6164346122 0.8720864487 0.8286929252 0.8260848487 0.8343136681 0.5266549892 0.616424342 0.8433137152 0.5195856717 0.5279476845 0.8198987152 0.6050341043 0.6049870182 0.6175697664 0.5364751461 0.7546205735 0.7457066781 0.7525382838 0.902245404 0.8237325599 0.8329446664 0.7416179094 0.5044421245 0.5995647225 0.8004739032 0.7087905036 0.7043093946 0.7107653383 0.6696940178 0.7163881371 0 0 0 0 0 0 0 0 0 0 0 0 0 0 0
0.7399269126 0.5833311798 0.7819840631 0.6614015499 0.7340076193 0.6543153587 0.6518562381 0.6457607634 0 0 0 0 0 0 0 0 0.5179040713 0.8559525155 0.8917662445 0.5718032733 0.5771906082 0.6837159559 0.5696682711 0.7970711904 0.6483849484 0.8065456074 0.8089974872 0.8059721141 0.7880608619 0.7865075763 0.7882595101 0.5173518119 0.5050108233 0.8130555868 0.8211298386 0 0.6248027281 0.6167831865 0.6254438646 0.5210442783 0.8441413053 0.5689071827 0.534731924 0.7962189553 0.5257542416 0.7322921681 0.5591426321 0.6380193626 0.7194858997 0.688464638 0 0.8973105055 0.8982251657 0.8967219516 0.5993857134 0.8948639227 0.8265332434 0.6085128969 0.638592668 0.6904025388 0.7160309582 0.7060148437 0.7103321418 0.6353940734 0.8181262041 0.6246364953 0 0 0.6739237327 0 0 0 0 0 0 0 0 0 0 0 0
0.7399900409 0.8772643778 0.8900599014 0.5988948931 0.6538216279 0.6493776128 0.6553995943 0.6494899294 0 0 0 0 0 0 0 0 0 0 0 0 0.874897918 0.648753356 0.7472423516 0.7553459205 0.7502882389 0.8045652586 0.8033169264 0.8033723244 0.7889513031 0.7817018359 0.7908812968 0.7930363313 0.592629384 0.6250390623 0.5991360385 0.7518729519 0 0.5535625697 0.6253546346 0.7386495298 0.5899492967 0.595808385 0.5937830693 0.5582552628 0.5337221219 0.5245033476 0.5247568934 0.5401716262 0.5255267923 0.8705571368 0.8971499693 0.8948764483 0.8923810982 0 0.8944564503 0.6989194697 0.5110307167 0.7160029489 0.5049975841 0.5192905944 0.82928992 0.6325400216 0.529842083 0.6202122764 0.6150818804 0.6146462646 0 0 0 0.8685325597 0 0 0 0 0 0 0 0 0 0 0.6880457065
0.744182393 0.5484751264 0.8437732372 0.6572097717 0.6066862806 0.8806738942 0.5223297631 0.6146886356 0.6058288627 0.5411394412 0 0 0 0 0 0 0 0 0 0.5579718605 0 0 0.7520174722 0.7464836217 0.7510079911 0.8129622284 0.7642665494 0.8251538902 0.7820774659 0.7827470107 0.6045265019 0.8130237974 0.5937502001 0.592235103 0.5926815902 0.7223666709 0 0.5562665046 0.5632909925 0.5047188337 0.5894864784 0.5877521647 0.8150631187 0.5899309586 0.5320653558 0.5302106568 0.7881559734 0.5275600371 0.6650007656 0.8897109951 0.89367487 0.8916642862 0.8993572521 0.8874061122 0.907282452 0.9050969661 0.9112654145 0.5047097377 0.5118653312 0.6182992459 0.6237441479 0.8555277358 0.6198551052 0.6195237879 0.6102344498 0.6113363575 0.8593405293 0.8507836419 0.8605814511 0.8641159648 0 0 0 0 0 0 0.5757333563 0.5760813812 0.6822569263 0.6809606274 0.6852468471
0.747636857 0.5808001877 0.6404207515 0.8486591655 0.6067657394 0.611140182 0 0 0 0.5333359058 0.5321095338 0 0 0 0 0 0 0 0.7665558586 0 0 0 0 0.7482634606 0.7526671262 0.8161072192 0.821480893 0.7715726423 0.8029955999 0.8083916774 0.8079944138 0.8106464786 0.5860188905 0.5629487537 0.5436215954 0.5470256871 0.5438085628 0.5574757242 0.5537868135 0.5626552124 0.5896096379 0.5910935311 0.5854191654 0.6676644911 0.5832927706 0.5802805709 0.5247314976 0.5375224041 0.8842013416 0.8883261755 0.8981815194 0 0.886471589 0.8972854671 0.90493488 0.9106649744 0.9125825058 0.7093393748 0.5081999961 0.523217633 0.6173028924 0.6024852983 0.61357002 0.723790985 0.6132315169 0.6160163144 0.853209286 0.7844730469 0.8542727886 0.7054054292 0 0 0 0 0 0 0 0.6234152948 0.5819914217 0.6870896223 0.6933071143
0.5769723884 0.6379872909 0.6530570237 0.5100601543 0.659590293 0.7365649699 0.7077574545 0 0 0.5381005129 0.5338216412 0 0 0 0 0 0 0 0 0 0 0 0.8354553866 0 0.7103341524 0.7168358922 0 0.6309281999 0.7996713798 0.8007866027 0.6631514048 0.5548721432 0.5928420309 0.538427532 0.5479135836 0.5415584538 0.5512503475 0.5533571934 0.5553828604 0.562709977 0.5425049263 0.5903078974 0.5787019716 0.5754238426 0.578639942 0.5837755901 0.5166293365 0.5226232197 0.8836590923 0.8778108159 0.9018838831 0.9173340024 0.7339417424 0.9062938153 0.9045421748 0.9097348916 0.7025788929 0.7064182552 0.8702213224 0.6215249095 0.6173447739 0.607401174 0.6040070213 0.6012690257 0.5581869747 0.6447118132 0.7823102684 0.774246528 0 0.7029308308 0.6926681615 0 0 0 0 0 0 0 0 0.6903985479 0.6923662904
0.8105115453 0.7003851185 0.7455564928 0.6933819841 0.7483441117 0.8029079228 0.5219341719 0 0.5427861614 0.5480847185 0 0 0 0 0 0 0 0 0 0 0 0 0 0.5158995803 0.8984799195 0.5313096309 0.7924486445 0.7845980871 0 0.7990742126 0.7953656047 0.7086752716 0.5452351795 0 0.5384117591 0.5470720329 0.5484671701 0.5594581854 0.7468550291 0.5403270636 0.5420736122 0 0 0.5710158716 0.8806932365 0.5860956068 0.5211035074 0.8811649327 0.8829654741 0.8755362487 0.9086957611 0.9101615205 0.9104273279 0.9140349703 0.9139377807 0.7379267664 0.7015239562 0.7083836976 0.7039550739 0.5053508471 0.7551604737 0.745577744 0.6058933742 0.6160735095 0.6095999103 0.6195418641 0.7268713052 0.7979156248 0.7740840181 0.6967177693 0 0.6508119396 0 0 0 0 0 0 0 0.8435073347 0.6759484237
