landscape/hab_quality/256/simulation_000060_p027_h070_HABMAT_patch_more_500pix_modified.asc_ac_0.5_quality.asc
NCOLS 513
NROWS 513
XLLCORNER 0
YLLCORNER 0
CELLSIZE 9.980507
NODATA_VALUE NaN
[rows 252 to 287 of 513, columns 324 to 404 of 513]
0 0 0.6878031097 0.5112219594 0.5029554115 0.5117979177 0 0 0 0 0 0 0 0 0 0 0 0 0 0 0 0 0 0 0 0.6751899726 0.5088899369 0.6380170043 0.619786574 0.7480572792 0.7446554033 0 0 0 0.764344473 0.8107398811 0.8151204234 0.8160148858 0.7741060897 0.7637895443 0.7367800536 0.7372268363 0.7359359298 0.7381228929 0.7883466013 0.7872478609 0.8053564181 0.7977067123 0.70502783 0.5687434911 0 0.6206815917 0 0 0 0 0.8031958077 0.7622840581 0.7624401637 0.7605412742 0 0.5177872696 0.8586880442 0.5355899837 0.5031860504 0.8658259366 0.7828883442 0.6104386231 0.6154622572 0.6174686135 0.6232716714 0.6244897861 0.6257849225 0 0.7655479421 0.6400770478 0.7920156573 0.7853981298 0.7862009561 0.780027476 0.7853959894
0 0.7865692712 0.6884144539 0.5085528184 0.804945567 0.7464226507 0.7472996576 0 0 0 0 0 0 0 0 0 0 0 0 0 0 0 0 0 0 0 0 0 0 0.74647721 0.742658303 0 0.6722117917 0 0.8664004837 0.8133215982 0.8098769606 0.8079116289 0.8105703271 0.7643937735 0.7592696517 0.7519991414 0.7374652499 0.738193841 0.7461190532 0.7962625305 0.7955023759 0.8604083561 0.5384038833 0.5592012955 0.574824767 0.6159908588 0.6219454314 0.8029478221 0.7970274535 0.7675576588 0.6069848734 0.7603521951 0.7536182158 0.5469991122 0.7849674599 0.7896330612 0 0.6217132639 0 0.8335315783 0.601283266 0.6083023142 0.6166769838 0.6159903298 0.625527374 0.6247434358 0.6281417076 0.6401002012 0.6359210922 0.638829174 0.7944980524 0.7915551151 0.7828821684 0.7802938921 0.7948414655
0 0.6917472191 0.6983716657 0.6946988392 0.7550594456 0.7526422905 0 0 0 0 0 0 0 0 0 0 0 0 0 0 0 0 0 0 0 0 0 0 0 0 0 0 0.8033097538 0.6681564823 0.7964418047 0.8116778455 0.8056520694 0.8006125012 0.8082407874 0.7620310969 0.7590094771 0.5370387189 0.7451857056 0.7403786926 0.7418498044 0.7489676348 0.8574293238 0.8342839034 0.8329286518 0.8377350963 0.8427569403 0.6120218846 0.6103646543 0 0.8797364978 0.7893085531 0.5703159585 0.7544101662 0.751037862 0.8282666064 0.783602018 0 0 0 0.6070185934 0.6024543666 0.6021423753 0.6029007613 0.6179993628 0.6800273393 0.6807546751 0.6741728626 0.6472444248 0.6419459115 0.6429612416 0.6389061464 0.7229963131 0.7887234876 0.7927006879 0.7973618524 0.7985999367
0.5018887354 0.7003194322 0.7592477735 0.7071987174 0.6976496479 0 0 0 0 0 0 0 0 0 0 0 0 0 0 0 0 0 0 0 0 0 0 0 0 0 0 0 0.713768118 0.795257273 0 0 0.8019829999 0.8078397161 0.8030190162 0.7688166317 0.7664933521 0.7670791365 0.7468821747 0.6906364488 0.7498518744 0.8561604331 0.8484582478 0.8402229966 0.8305015687 0.8584196779 0 0.6072118595 0.6133937812 0 0.6073657277 0.6123872707 0.7206743723 0.6089928361 0.7518078911 0.8938636376 0.7798021118 0.7816498334 0 0.7916922935 0.7978386835 0.6123997524 0.6030103258 0.6506400863 0.6590521403 0.6656891379 0.6736103459 0.6790239739 0.6789890727 0.6784345667 0.6485897874 0.6417088235 0.6485470965 0.6528204701 0.8058126492 0.8018396416 0.871053411
0.5107705132 0.7921533787 0.6434201259 0 0.8996169958 0 0 0 0 0 0 0 0 0 0 0 0 0 0 0 0 0 0 0 0 0 0 0 0 0 0 0 0.7867201145 0.8009228591 0.7981177941 0 0.8090716226 0.8097452436 0.8085224953 0.7665498803 0.7680174913 0.5965109238 0.5940625648 0.6838973158 0.683385177 0.6323145362 0.6385784018 0.8394930755 0.6183143165 0 0.6090777891 0.7087063446 0 0 0.50290682 0.6816970174 0.7083319118 0.7116673023 0.7834156569 0.784600781 0.7764462316 0.7776174903 0.7855267006 0.7883491363 0.7976127225 0.6494046549 0.6505131444 0.6508282242 0.6632677932 0.7139790646 0.6653094259 0.6697003064 0.6739413285 0.6798093706 0.6882740586 0.6472480664 0.6570846326 0.5009774588 0.5699496512 0.768139885 0.7622667827
0.7957465113 0.7910927176 0.7901234406 0 0.8038314334 0 0 0 0 0 0 0 0 0 0 0 0 0 0 0 0 0 0 0 0 0 0 0 0 0 0 0 0.5484303237 0.7671673597 0.7753457603 0 0.8188895765 0.8176930274 0.8141957985 0.7712832418 0.7718760403 0.7783831449 0.5954738403 0.6456687516 0.7146214884 0.6387453165 0.6315218045 0.6395742726 0.8915427198 0 0.6172925731 0.6376766199 0 0 0.6953609411 0.6865663874 0.6932715903 0.7052091082 0.7847526822 0.775108641 0.7752658389 0.7860823454 0.7401805794 0.8378888539 0.6432245101 0.859784785 0.6585282012 0.6589117023 0.6623924519 0.6583526851 0.6619507259 0.6681996105 0.6753410583 0.6768103371 0.6846512075 0.5721818797 0.5701788164 0.7165828187 0.6150150058 0.762941535 0.7713754728
0.7951520581 0.7893846095 0.7990013946 0.7962246679 0.5854200601 0 0 0 0 0 0 0 0 0 0 0 0 0 0 0 0 0 0 0 0 0 0 0 0 0 0 0 0 0 0.7563275524 0 0.595518138 0.5883277936 0.5946520975 0.7782400934 0.7684009076 0.7555160632 0.7588065419 0.8467339579 0.6521076308 0.6351367902 0.7413443246 0.6347544965 0 0.6166898517 0.625873013 0.6421362584 0.6511549314 0.7047360663 0 0.6889045031 0.6816868371 0.7011129614 0.7850554015 0.7820339521 0.7783891174 0.505885281 0.7032414156 0.5345886167 0.8540532944 0.8626553323 0.8627002554 0.6558230014 0.655054258 0.6546890139 0.6548789338 0.6497920529 0.6773523233 0.6845531921 0.6792354006 0.564384683 0.5647574977 0.5848689091 0.7461576705 0.7503909364 0.7490812724
0.7859911237 0.7888017896 0.7928423878 0.8049126509 0.8029849285 0 0 0 0 0 0 0 0 0 0 0 0 0 0 0 0 0 0 0 0 0 0 0.5473165766 0 0 0.8801489882 0.596765067 0.6818210032 0 0.5277989283 0 0.5908493712 0.5920373374 0 0 0.7759473245 0 0.7501985449 0.7663119225 0.8523510501 0.6902585128 0.739591879 0.7355004136 0.6326134833 0.637542201 0.6274376362 0.6253786996 0.6329490272 0.7046834899 0.6976699771 0.6959055705 0.6917263306 0.6953921681 0.6054083644 0.7871915495 0.8250611847 0.8202141716 0.8174338863 0.5323274409 0.5323603005 0.8605296156 0.868032492 0.6499804178 0.6496348085 0.6531807772 0.6608969513 0.6700188905 0.688189171 0.6860052481 0.7459233789 0.5712822268 0.5365255552 0.5737314423 0.7453961208 0.74179362 0.7516443419
0.7946262713 0.7884902736 0.7980909917 0.870458228 0 0 0 0 0 0 0 0 0 0 0 0 0 0 0 0 0 0 0 0 0 0 0.5457663786 0.8746469433 0.5355829711 0.8710858129 0.8735956088 0 0.6371135671 0.5235078258 0.5198026602 0.5221536036 0.5316294383 0.5808253549 0 0 0 0.7668872342 0.7490123291 0.7519224356 0.8828192743 0.8909457365 0.6904527269 0.7423379455 0.627928818 0.6245003043 0.6216130882 0.6281097546 0.6247180751 0.506690157 0.6987767989 0.6972132257 0.7015521162 0.6960030741 0.8874187612 0.8157500316 0.8243404866 0.8159223007 0.8769058364 0.5367245341 0.5388851123 0.536413599 0.6039364702 0.6443013882 0.6490883634 0.6503072586 0.6666658594 0.6812635339 0.6795413863 0.6841007439 0.6285733422 0.5258562104 0.5780397349 0.7522985981 0.7500257776 0.7452059861 0.7443630167
0.7812426894 0.7961399356 0.6943704023 0.6705852174 0 0 0 0 0 0 0 0 0 0 0 0 0 0 0 0.64702355 0.8782066556 0.5675809582 0 0 0 0 0.7086213777 0.8809417055 0.848826068 0.6030633097 0.8670043104 0.8683663149 0.8655121448 0.5229559169 0.5239387035 0 0.5295057286 0.5865868473 0.5780336295 0.7722610895 0.7671182849 0.767856585 0.6758151561 0.883441839 0.8865658694 0.5635813716 0.5618547712 0.5577067917 0.6921672241 0 0.6258083353 0.6238264136 0.8548282916 0.8362284742 0.8327835353 0.8454663213 0.8255660211 0.832855412 0.8384991296 0.7665849637 0.8147651412 0.8193565057 0.8161809729 0 0.5439218182 0 0.6376430783 0.6443074864 0.6467098022 0.6570558473 0.6605775042 0.6728220214 0.6792078528 0.5171439279 0.5211170389 0.5211129981 0.7042698094 0.7280289865 0.6809747587 0.5715060058 0.7534591839
0.5207810392 0.8178776259 0 0.5618066005 0.6938426741 0 0 0 0 0 0 0 0 0 0 0 0 0 0 0.7017050025 0 0.6462112638 0 0 0 0 0 0.5315527259 0.5266157844 0 0.510795486 0.8630080901 0.8707169507 0.5321980834 0.5392731086 0.5323240608 0.5888314179 0.5847688997 0.582262017 0.7801859012 0 0.632104995 0.6638749229 0.5289079446 0.7730057236 0 0.555521849 0.5625210706 0.6456572904 0.7271157651 0.6285534309 0.628494721 0 0 0.8402551208 0.8350283093 0.5879005338 0.5799949942 0.582745 0.821307668 0.8177835784 0.8149157158 0.8228489846 0.7351872737 0.6676629259 0.5481817 0.8675045895 0.6452719214 0.6540454 0.6602734261 0.6639360824 0.5218055191 0.5195860704 0.5166484266 0.5203678193 0.6285348885 0.5259717694 0.665493616 0.5131946054 0.6797130188 0.6589028475
0.7977274987 0.7372512734 0.7351359909 0.8023241756 0.8022172464 0 0 0 0 0 0 0 0 0 0 0 0 0.6675889406 0.6766602064 0 0.8902940724 0.5225977232 0.7634716611 0.5391433978 0.6752260079 0 0 0 0 0 0.8709413723 0.7434280248 0.8298357101 0.6352745029 0.6285053506 0.6250789694 0.8110929799 0.7902112069 0.7912134841 0.7841164274 0.7802950473 0.8786950166 0.8778760354 0.8817756742 0.5267839365 0.6595330742 0.5567238974 0 0.7356656297 0.648576087 0.7277041753 0 0.6243185993 0.5703491493 0.580155068 0.5725731678 0.5760123122 0.5796216288 0.5869655693 0.5890965279 0.8234379767 0.8243425289 0.5963155099 0.6680737603 0.6775519537 0.6767269364 0.5538460045 0.6611065192 0.662743087 0.6601792934 0.6637022317 0.521929482 0.5150207189 0.5174750529 0.5230820466 0.5350392371 0.5354604604 0.7567057008 0.6453054846 0.7932936423 0.7165160208
0.5098639596 0.6890646467 0.776466804 0.8057137408 0.8011213642 0 0 0 0 0 0 0 0 0 0 0 0 0 0.6695138368 0 0.7437362519 0.5683277594 0.6630818982 0.6725156239 0.8985588704 0 0 0 0 0 0 0.7421878887 0.7363794507 0.6287364613 0.627956894 0.6192308686 0.6165303009 0.7898929671 0.7853191313 0.7852190203 0.8049663585 0.8015691268 0.8729883252 0.5299979733 0 0.5187528584 0 0.5556471323 0 0.5210458257 0.6770922887 0.5699018526 0.5651522874 0.5889563629 0.5756852702 0.5705855131 0.5762292798 0.5773351332 0.5965416214 0.5936388622 0.5976485606 0.5384247087 0.6765941905 0.6714163469 0.6778244503 0.6843025483 0.8398555664 0.6616186701 0.6666037412 0.5273059885 0.5269712055 0.5177580294 0.5215220583 0.5184361456 0.5312021835 0.5332822941 0.5360045138 0.6798693882 0.7019615963 0.5511794335 0.8001642551
0.5079103219 0.6920012386 0.7034382478 0.8122115837 0.7958435739 0 0 0 0 0 0 0 0 0 0 0 0 0.8816616169 0.880875535 0 0.763105464 0.7366240882 0.7393244506 0 0 0 0 0 0 0 0.7845830031 0.7393465738 0.8106945834 0.743025709 0.626077892 0.6170833527 0.6171240446 0.789905693 0.7925198221 0.7481356901 0.8059944971 0.6279852872 0.5344000135 0 0 0 0 0.5694882484 0.6645527361 0 0.6702186461 0.5734724779 0.6475954895 0.5823705496 0.5720579757 0.5799467513 0.5793100338 0.5919396973 0.5421902572 0.6042246866 0.5942450542 0.5477719596 0.5426671333 0.5514783593 0.6802525071 0.6804616231 0.6832498918 0 0.6712492426 0 0.532290539 0.768843168 0.5187584154 0.5342389842 0.5372478845 0.5316330974 0.5337482063 0.8826042378 0.8812903004 0.8805739055 0.6873492323
0.6602640775 0.6568565151 0.6611469094 0.803543794 0.8016426476 0.7196951693 0 0 0 0 0 0 0 0 0 0 0 0 0.8716799453 0.7041631661 0.705110027 0.8247156986 0 0.5221351529 0.5303602517 0 0 0 0.8657823422 0.636588867 0.6549632081 0.5630855525 0.5553296834 0.7767403709 0.7726242234 0.7772140781 0.8025435553 0.8016438234 0.7994091543 0.7973178151 0.6358433605 0.6295507144 0 0.5948980319 0 0 0 0.5530812531 0.5446102502 0.6610618017 0.6674124197 0.7919740724 0.5628252617 0.5578464163 0.5770182656 0.5779876704 0.587479487 0.5962607375 0.7613161381 0.762512378 0.7694319653 0.5466476161 0.5469310051 0.5509509562 0.6901052918 0.6844816356 0.6805832048 0.6892961315 0.6744964067 0.6799322002 0.7716617634 0.8035216243 0.8040616337 0.8065071679 0.7601896845 0.7672133879 0.8980396203 0.8731616027 0.8730009486 0.6774312343 0.6748260946
0.6542616775 0.6599718229 0.6322043578 0.5978023704 0.7584381475 0.7204028269 0 0 0 0 0 0.7217812718 0 0 0 0 0 0.8719809485 0.8717585192 0.8770578115 0.7106132174 0.6803923101 0.8233672915 0 0 0.5385322293 0 0 0.7915265078 0.8731783331 0.8463902742 0.6285741415 0.7726575376 0.7711118657 0.7707019532 0.7780485346 0.8077357872 0.8096364795 0 0.802014622 0 0 0 0 0 0 0 0.5548807138 0 0.6668650516 0.6599245008 0.7304880267 0.5637868276 0.5638911012 0.5594031383 0.5293972277 0.766100462 0.7650303861 0.7559773958 0.7598336866 0.7701293766 0.5500548998 0.5512540479 0.5558068315 0.687654833 0.6891926391 0.689477339 0.6810620892 0.543652819 0.7958502476 0.8029186185 0.8101646137 0.8019718332 0.8043264771 0.7661291632 0.7665296402 0.6638236134 0.5170237232 0.87899371 0.6830111237 0.6737265881
0.6461991399 0.5404542858 0.8223794187 0.5729841809 0.5701093211 0 0.7282530999 0 0 0 0.5516012797 0 0.8950999354 0 0 0.7216184023 0.6333920173 0.6430421738 0.733696703 0.6459070531 0.6847426411 0 0 0 0 0 0 0 0 0.5589305904 0 0 0.8743324103 0 0.551564911 0.7799032968 0.6467622514 0.641469467 0.649517172 0 0 0 0 0 0 0 0 0.5790337123 0 0 0 0 0 0.7271122486 0.5279443302 0.5334101046 0.7778559236 0.7615968827 0 0 0.7790255232 0.7813064131 0.501675444 0.5225262615 0.5024326281 0.6862366288 0.6884412652 0.6919759054 0.7372305009 0.6934225495 0.8088313816 0.8007700122 0.8009007673 0.8056079987 0.8102151967 0.7520863829 0.8604555402 0.6079494311 0.6685919338 0.6798791569 0.6784460427
0.5379500776 0.817564384 0.5847556042 0.5686019732 0.5746825613 0.5749163757 0.5798027918 0 0 0 0.7235048259 0 0 0 0.5299484753 0 0.5138760555 0.6418012307 0.6374135871 0.5664093207 0.5719781162 0.6138930396 0 0 0 0 0.8505605781 0 0.6294107218 0 0.5571715716 0.5578951692 0.5553951495 0 0 0 0.6494924247 0.6487885646 0.6395622419 0 0 0 0 0 0 0 0 0 0 0 0 0 0.7273798322 0.5435223718 0.5438269435 0.5355548633 0 0 0.7662001085 0.7693341804 0.7755445545 0.7765830509 0.7788133615 0.7785689876 0.5453754268 0.6810437565 0.68292562 0.6810237994 0.6834512885 0.6840948805 0.8772372247 0.8105194024 0.8072239216 0.7198370876 0.7130934137 0.7137690125 0.612858119 0.614544151 0.6085222564 0.5974716769 0.5470808337
0.647526899 0.542453914 0.8234360872 0 0.5698612322 0.5761054374 0 0 0 0 0.8608189176 0 0 0 0.6264360929 0 0.5930613107 0.6412441266 0.6434269793 0.6410189901 0 0.5738647908 0 0 0 0 0.8743773519 0 0 0.5492180074 0.5491045359 0.5479467235 0 0 0 0.8196140596 0.6492782019 0 0.6481535328 0.6544793716 0 0 0 0 0 0 0 0 0 0 0 0 0.7190216568 0.7726306826 0 0 0 0.7632372256 0.7650152541 0.7694843709 0.6868060841 0.7759680239 0.7771652672 0.7819428532 0.6916379765 0.6898109193 0.6804017921 0.6851225809 0.6814569618 0.6866176879 0.6919469357 0.7093666669 0.7111894522 0.7112460323 0.7105609873 0.7155043673 0.6143260924 0.67848602 0.6561586586 0.5312241809 0.7458820942
0.5429100235 0.5521848857 0 0 0 0 0.6538164592 0.7776027057 0 0 0 0.5385734846 0.5346886196 0.8257822032 0.5666401271 0 0.7866901064 0.5514159756 0 0 0 0.6927754453 0 0 0 0 0.8677369842 0.8724100774 0.5546624883 0.5535421787 0.5474356824 0.5462301314 0 0 0.7521732866 0.75457977 0.720186392 0 0.6520668408 0.6514168534 0 0 0 0 0 0.5743554356 0 0 0 0 0 0 0 0.7775996925 0 0 0 0.8579092201 0.7717191186 0.7654118905 0.7700425503 0.7780512496 0.8135753999 0.7808219235 0.6982903453 0.6888900594 0.6864005213 0.6786907621 0.6835670898 0.6827341558 0.705298458 0.7065873997 0.6998019711 0.7039259866 0.7098152332 0.5938732886 0.7546880246 0.5254618125 0.5256745808 0.5274901365 0.522228622
0.5502110108 0.5537885863 0 0.7324802659 0.7227726384 0.7320026114 0 0.6486195028 0 0 0.7892490551 0.5377886855 0.5008218076 0.5440446452 0.8430541709 0.8447019098 0.7863207732 0.7960662603 0 0 0 0 0.5738783558 0 0 0 0.8698558952 0 0.7984249341 0.5506070146 0.5500182234 0.5821106506 0.5546106609 0 0.7434042664 0.754051121 0 0 0 0 0 0 0 0 0 0.720370117 0.9025416254 0.8986246911 0 0 0 0.7731635274 0.7776673572 0.7827772488 0.8779893621 0 0.7454103642 0.7501982838 0.7593768945 0.7632411237 0.7724831653 0.6967266825 0.7861491675 0.7810204337 0.5118596232 0.6917420508 0.6849717325 0.6833658819 0.6800812354 0.6882151362 0.7009988723 0.7055062344 0.6978668199 0.7056413513 0.7135168501 0.7102950786 0.7198118624 0.5203429265 0.5239563125 0.5219737288 0.6116589342
0 0.5550938415 0.624085315 0.6146297077 0.7281825857 0 0 0.7717477829 0.763313459 0 0.8485882286 0.8494130119 0.5747844863 0.5691669172 0 0.8377513207 0 0 0 0 0 0 0 0 0 0 0.8712526752 0.7210456998 0 0.5522233285 0.694804045 0.538930855 0.6984933297 0 0 0.7430257232 0 0 0 0 0 0 0 0 0 0.6227111321 0.9037474143 0.9091325313 0 0 0.8942003906 0 0.6324205016 0.7836081833 0.7692897385 0 0.7497139617 0.7502444631 0 0.7675455749 0.59226212 0.6078897801 0.6137978685 0 0.6987984891 0.7004959866 0.6919550012 0.6882582608 0.6899152122 0.6832667174 0.7012103943 0.7005269396 0.7066050363 0.7064538527 0.7136762855 0.7162999711 0.5186430299 0.5171545833 0.5166956593 0.8706562004 0.5275636295
0.7659554775 0 0 0 0 0.7308047045 0 0 0.6751716672 0.7276157327 0.6967904701 0.7081902771 0.8893514634 0.7607831524 0.842068321 0.8404093674 0.8362229124 0 0 0 0 0 0 0 0 0 0.8654164001 0.7860867008 0.6703609794 0.667854379 0.6994190459 0.692175196 0.6994176172 0 0.7468072896 0 0 0 0 0 0 0 0 0 0.6213714839 0.5071089984 0.6300849401 0.5389403007 0.5435008009 0 0.8915246447 0.84227264 0.6170313222 0.6257458027 0.7627385184 0 0.7458419539 0.7397038547 0.7589300889 0.6267475075 0.630812348 0.6149339494 0.6106889751 0.6148897467 0.7089498365 0.7036770471 0.6968876604 0.696360213 0.6907128485 0.6935951531 0.702149667 0.7059947712 0.7135077089 0.7091133307 0.707002283 0.7212515715 0.5136050081 0.5125059821 0.5100043602 0.5209479067 0.5145383052
0 0.7574500654 0.7515129638 0.7579819734 0 0 0 0.6198959181 0.8338950587 0.7935112378 0 0.6984417746 0.731158946 0 0 0 0 0 0 0 0 0 0 0 0 0 0 0 0.6667727594 0.6669877394 0.6995669955 0 0.6990919118 0 0 0 0 0 0 0 0 0 0 0.6830799682 0 0.6233011571 0 0.5233203124 0.5444460716 0.6184429924 0.624271589 0.8848461933 0.6210727536 0.7658562387 0.7574959264 0.7606391034 0.8493043753 0.8696539105 0.6195408973 0.625517042 0.6297541676 0.8507742378 0.6181470602 0.617841868 0.8937378552 0 0.6969680458 0.7004678266 0.5414384529 0.5410109363 0.5498981128 0.7149187707 0.7130313178 0.7160231553 0.7134158809 0.6186857607 0.5224459997 0.5082505043 0.5080077743 0.5070376502 0.5110138317
0.8782391544 0.7509613829 0.8338945988 0.7536789681 0 0 0 0.5282498639 0 0 0 0 0 0 0 0 0 0 0 0 0 0 0 0 0 0 0.8360755211 0.6695924998 0.6600325031 0.6686368118 0.6001942573 0 0.6169711086 0 0 0 0 0 0 0 0 0 0 0 0.6886466581 0 0.5369401984 0.5277521385 0.6152468529 0.7009695572 0.6127520074 0.6191397392 0.7669558115 0.8910072877 0.8969087643 0.7632358689 0.7656639334 0.6167336517 0.6098704477 0.5577504211 0 0.571513276 0.7640826819 0.5186929397 0.5413424193 0.5423415439 0.554521971 0.5479719981 0.5451070074 0.5400574097 0.5449982853 0.7151129152 0.7166911868 0.7150505504 0.612941257 0.8363880691 0.828102968 0.5145884724 0.5059236028 0.5024565432 0.5085397769
0.8873789785 0.7565209241 0.7478579489 0 0 0 0 0 0.8149319201 0 0 0 0 0 0 0 0 0 0 0 0 0 0 0 0 0.6089710316 0.5378241087 0.776027068 0.6632990923 0.5998257883 0 0.6531628316 0.8980909874 0 0 0 0 0 0 0 0 0 0 0.5775118313 0.6943163312 0 0.7838442265 0.7866916659 0.8641683875 0.6563470776 0 0.8995770706 0.5153668178 0.8161251864 0.8955239236 0.5730057361 0.5611331377 0.5527090377 0.5523975704 0.5615184611 0.5631203334 0 0 0.6706942485 0.5415586202 0.5403472524 0.5284916101 0.534619621 0.53933117 0.6379854089 0.6355138417 0.6334846532 0 0.8522521285 0.8497779147 0.8326154932 0.8375134172 0.5183735987 0.5122774636 0.5119383242 0.507898237
0.8970095554 0.7504920714 0.7511488619 0.7524133719 0 0 0 0 0 0 0 0 0 0 0 0 0 0 0 0 0 0 0 0 0 0.5502487892 0.897691646 0 0 0 0 0 0.6415751091 0 0 0 0 0 0 0 0 0 0 0 0 0 0 0 0 0 0.5959291733 0.6337405172 0.8953939466 0.5567906362 0 0.5728551413 0.5737188466 0.5719896036 0.5548919622 0.5561812474 0.5387061379 0 0.6404825936 0.7744171985 0 0.5494128552 0.5277527465 0.5216576541 0.5299853555 0.5218529529 0.6324227872 0.6324405393 0.8482150316 0.8467256946 0.8526450841 0.8407929508 0.8419922884 0.5142753528 0.5061543409 0.5213791266 0.8378686026
0.7931780855 0.78860605 0.7960366011 0 0 0 0 0 0 0 0 0 0.7255876053 0 0 0.513796716 0 0 0 0 0 0 0 0 0 0 0 0 0 0 0 0 0 0 0 0 0 0 0 0 0 0 0 0 0 0 0 0 0 0 0 0.757429095 0 0 0 0 0.5653744033 0.5282237389 0.5288138443 0.5360055447 0 0.7039764881 0.8639110861 0.7169335723 0.5316690674 0.6516424975 0.5249304714 0.5245062094 0.5215214028 0.5240463847 0.6415541877 0.6393191993 0.5336195409 0 0 0.8490926916 0.8481334385 0.7854090228 0.5232182167 0.5679030791 0.5646680701
0.7941605655 0.622113302 0.7966242335 0 0 0 0 0 0 0.848450784 0 0 0.7234432009 0.5187339325 0.510379822 0 0 0 0 0 0 0 0 0 0 0 0 0 0 0 0 0 0 0 0 0 0 0 0 0 0 0 0 0 0 0 0 0 0 0 0 0.7252716042 0.904269896 0.9022640359 0.9054071407 0.5701473066 0.566483998 0.5201038026 0.5266274709 0 0 0 0.7090062839 0.7035134446 0.7095438562 0.5423928595 0.5403762171 0.5249129796 0.5198016276 0.5224089046 0.5295125708 0.5332592055 0 0.5088035378 0.6726403465 0.5828248685 0.595848808 0.5584943726 0.5694130643 0.5611163997 0.558274732
0.6291731345 0.6479998188 0.6293756538 0 0 0 0 0 0 0.8386571551 0.7076650539 0.716407394 0.7116689491 0.510180124 0.7912098754 0 0 0 0 0 0 0 0 0 0 0 0 0 0 0 0 0 0 0 0 0 0 0 0 0 0 0 0 0 0 0 0 0 0 0 0 0 0.9066644522 0 0 0.5668967774 0 0.5942747242 0 0 0 0 0.6993742667 0 0.7047935785 0.5458763484 0.537058148 0.5240521609 0.527108425 0 0.5212104244 0.5360081489 0.5404208562 0.6670187418 0.6703498001 0.6726070673 0.5797446052 0.5885042776 0.5674746401 0.5657231539 0.5613643263
0.8703324263 0 0 0 0 0 0 0 0 0.8422264993 0.7105745497 0.7074353138 0.7098886872 0.5192875237 0.5116371183 0 0 0 0 0 0 0 0 0 0 0 0 0 0 0 0 0 0 0 0 0 0 0 0 0 0 0 0 0 0 0 0 0 0 0 0 0 0 0.9099096266 0 0 0 0 0 0 0 0 0.7027852914 0.7011645904 0.7061942841 0.5390164843 0.5404203535 0.5355219899 0.5272069961 0.5216840379 0.5265493368 0.5286223985 0.544415704 0.6619982055 0.665739274 0.6111979121 0.5662575874 0.5802632321 0.7261718384 0.566798349 0.5725956011
0.8613282979 0.8644534855 0 0 0 0.666770594 0 0 0 0.6081451178 0.7149366366 0.7126228133 0.7139575368 0.7865218383 0.7547057625 0 0 0 0 0 0 0 0 0 0 0 0 0 0 0 0 0 0 0 0 0 0 0 0 0 0 0 0 0 0 0 0 0 0 0 0 0 0 0 0 0 0 0 0 0 0 0 0.703773383 0.7078416248 0.7271186915 0.5421288741 0.5368626497 0 0.5346065085 0.5339978296 0.5394814674 0.5537597899 0.6678166558 0.6691665948 0.669609366 0.5645871157 0.5632430439 0.8557823269 0.5070477986 0.9073006561 0.6298438458
0.8667799488 0.8672037352 0 0 0 0 0.5924591686 0 0.6934060873 0.7832174733 0.5068906084 0.7228476286 0.7165531173 0.8799709304 0 0.7523231593 0 0 0 0 0 0 0 0 0 0 0 0 0 0 0 0 0 0 0 0 0 0 0 0 0 0 0 0 0 0 0 0 0 0 0 0 0 0 0 0 0 0 0 0 0 0 0 0.8212997849 0 0.8094038778 0.8109380238 0.5391750498 0.5420988515 0.5373510841 0.544262098 0.7702194648 0.5615146009 0.5108024312 0 0.5608499562 0.5606211007 0.5670655366 0.8569965038 0.9048415343 0.8975183531
0.5228029768 0.5253290844 0.5260588283 0.5401056307 0.8469549665 0.8820263707 0 0 0.7393621057 0.6815353909 0.8247771704 0.7283796114 0.6332571161 0.5090178438 0 0 0 0 0 0 0 0 0 0 0 0 0 0 0 0 0 0 0 0 0 0 0 0 0 0 0 0 0 0 0 0 0 0 0 0 0 0 0 0 0 0 0 0 0 0 0 0 0.8030583319 0 0.8007258753 0.8088032272 0.801708537 0.813662062 0.8192999081 0.815464449 0.5448341766 0.5478563113 0.7186398159 0.7154527323 0.7140597082 0.5591597212 0.5581910389 0.5674191281 0.7349527918 0.7267197607 0.7190449248
0.5256674292 0.5165596522 0.8862267831 0.5394776232 0.5382880778 0.8380599318 0 0.7336297704 0 0.7027663311 0.6811068121 0.6864912085 0.5073044398 0.5042462894 0 0 0 0 0 0 0 0 0 0 0 0 0 0 0 0 0 0 0 0 0 0 0 0 0 0 0 0 0 0 0 0 0 0 0 0 0 0 0 0 0 0 0 0 0 0 0 0 0 0 0 0.7991378937 0.8028474153 0.8145738102 0.8109687858 0.8175444865 0.8242295953 0.8325759389 0.712198532 0.7111828584 0.7184597708 0.560549505 0 0.5637537074 0.7290277001 0.7331648878 0.7170683129
0.5247591178 0.5178436721 0.5241953734 0.5427927818 0.720927629 0.8416537391 0.6924586469 0.6992726873 0.699196606 0.8642481687 0.6741547632 0.5080216524 0.6889466258 0 0.5329695087 0.5118470483 0.77396128 0.7716912354 0 0 0 0 0 0 0 0 0 0 0 0 0 0 0 0 0 0 0 0 0 0 0 0 0 0 0 0 0 0 0 0 0 0 0 0 0 0 0 0 0 0 0 0 0 0 0 0 0.8063884263 0 0.811448366 0.818865716 0.826283923 0.8022698274 0.77812926 0.7180083414 0.7135471881 0.5702731081 0.5714679684 0.7348373968 0.7264157152 0.7203242847 0.7293850478
