landscape/hab_quality/256/simulation_000020_p054_h031_HABMAT_patch_more_500pix_modified.asc_ac_0.5_quality.asc
NCOLS 513
NROWS 513
XLLCORNER 0
YLLCORNER 0
CELLSIZE 9.980507
NODATA_VALUE NaN
[rows 390 to 419 of 513, columns 272 to 339 of 513]
0 0 0 0 0 0 0 0 0 0 0 0 0 0 0 0.8885649825 0 0.6132527714 0.6140106306 0.6708599992 0.6775932884 0.8941632669 0.8938092392 0 0.8647501574 0.8597845821 0.8602947068 0.8658518294 0.5997023078 0 0.6770401332 0.8046146841 0.802161047 0.7949465234 0 0 0.7438278151 0.8546505575 0.7372272376 0.7308926576 0.7240621468 0.7258514076 0.718301464 0 0.5341435554 0.5371826239 0 0 0 0 0.8327039486 0 0.5887783429 0 0 0 0 0.5377143761 0 0 0 0 0.8016533488 0 0 0 0 0
0 0 0 0 0 0 0 0 0 0 0 0 0 0 0 0 0 0 0.6162033789 0 0.9016762924 0.8909942484 0.8868066867 0.889884051 0.8925953462 0.8986235635 0.7047008406 0 0.7378380389 0 0.5700999166 0 0 0 0 0.7251984917 0.6154849506 0.5672024348 0.6746054072 0.7283803472 0.732601013 0 0 0.5589964518 0.6246686113 0 0 0 0 0 0 0 0.8182650926 0.8205704366 0 0 0 0 0 0.6109798801 0.8307101036 0.6770769246 0.5222592856 0 0 0 0 0
0 0 0 0 0 0 0 0 0 0 0 0 0 0 0 0 0 0 0.6210061417 0.5486370907 0.550812389 0 0.8891909863 0.8898935929 0.891050355 0.8960165063 0.7207413685 0.7365053577 0.7332894825 0 0 0 0 0 0 0 0.6146234379 0.8962912018 0.8159655895 0.8143582272 0.7434909411 0 0 0 0 0 0 0 0 0 0 0 0.8273026996 0 0 0 0 0 0.6029925669 0.6088002028 0 0 0.5141106445 0 0 0 0 0
0 0 0 0 0 0 0 0 0 0 0 0 0 0 0 0 0 0.5395915254 0 0.7689831461 0.5586076555 0 0 0.8977929676 0.8935700101 0.8929671524 0.7407439316 0.747577604 0.7293260764 0.7251994548 0.7198268997 0.7202430994 0.7117440299 0.7148151069 0.7126081608 0.9020118105 0.892913231 0.8985657729 0 0 0 0.7471346905 0 0 0 0 0 0 0 0 0 0 0 0 0 0 0.6081555699 0 0 0 0 0.5204070316 0 0 0 0 0 0
0 0 0 0 0 0 0 0 0 0 0 0 0 0 0 0 0 0.8110950217 0.8472069383 0.5644614296 0.5632693589 0.5683309967 0.5861098925 0.5546316215 0.5608228367 0.5558226263 0.7748074696 0.7300303464 0.8925297549 0.7256696134 0.7212856363 0.7175675053 0.7186698689 0.711824272 0.7155531509 0.9007364853 0.8935505156 0.7829085608 0.8376990605 0.8525425061 0 0.5354614945 0 0 0.5106185134 0 0 0 0 0 0 0 0 0 0 0.6026456376 0 0 0 0 0 0 0 0 0 0 0 0
0.7725479577 0 0 0 0 0 0 0 0 0 0 0 0 0 0 0.8861875131 0.8807648608 0.8776863079 0.8839181754 0.8854954719 0 0 0.5488514848 0.5474020542 0.5526149427 0.5574050607 0 0 0 0.7275944885 0.7217135943 0.7238605212 0.7230103401 0.7133452379 0.6319587244 0 0.7438829715 0.7787606481 0.6492826162 0.7719308289 0.799791058 0 0 0 0.5737327378 0 0 0 0 0 0 0 0 0 0 0.6065879174 0 0 0 0 0 0 0 0 0 0 0 0
0.6894804188 0.5838874368 0.7008458496 0.7687100404 0 0.7353637491 0 0.6587380924 0.6991657936 0 0.6861958588 0 0 0 0 0 0.8799754825 0.8742287846 0.8768818876 0.8734818101 0.8779831376 0 0 0.5447405257 0.546629663 0.5558042851 0 0 0.6821386451 0.8031694379 0.6874254759 0.8323270319 0.6526526003 0.7512588681 0.7719792862 0.7750338662 0.7720388324 0.7816621304 0.652717646 0.6493990635 0.7856593861 0.7821221759 0.7779001671 0.7796470169 0 0 0 0 0 0 0 0 0 0 0 0.7651347475 0 0 0.6890500144 0.5897413652 0 0.6068838398 0.7807465058 0 0 0 0 0
0.6805943771 0.5832845027 0.8322161969 0.6187738743 0.7668621115 0.6298337025 0.8612698066 0.7664143251 0.7012578771 0.6948961108 0.6878853894 0.6874728852 0 0 0.7650878285 0.8828469427 0.8771812619 0 0.8677309182 0.8715142511 0 0 0 0.547841052 0.5494908766 0.7014878013 0.5654635579 0.8004430985 0.5764291375 0.5373466143 0.56609397 0.6543177006 0.843224001 0 0 0.7654576179 0.7664671088 0.7750670337 0.7585754131 0.512199999 0.7851197198 0.7853675409 0.7023279022 0.5766709661 0 0 0 0 0 0 0 0 0 0 0.5799646973 0.6824141882 0 0.5348969879 0 0.8520034806 0 0.7431046242 0 0 0 0.6630561074 0 0
0.8838201966 0.6213623989 0.6127380846 0.5464551923 0.543678251 0.5459998254 0.5374663752 0.6367533752 0.5777777732 0.6934128635 0.6902834381 0.69617477 0 0.5411827562 0.8882421698 0.8858726178 0.663312558 0.655440755 0 0.8766037864 0 0 0 0.8089596379 0.8107443662 0.6782875087 0 0.723484162 0.7737565341 0.5672104463 0.5714753541 0.8524141349 0.5715680716 0.8492309642 0.7708607966 0.7732178306 0.7701162534 0.776689529 0.8057621899 0.6488541565 0.647689273 0.6501783526 0.5412726327 0.6340777135 0.7695633863 0 0 0 0 0 0 0 0 0.5740177236 0 0.6729542245 0 0.7743189743 0 0 0.7386492035 0 0 0 0.6008615986 0 0 0
0.8522839004 0.6190421261 0.8448230459 0.541025486 0.5415861159 0.5367451316 0.6527589146 0.6558971681 0.6961602779 0.6969095475 0.69963879 0.7851927369 0.7058856567 0.8478524361 0 0.888716288 0.6616018011 0 0.6619489989 0.662493276 0.895847793 0.8325388395 0.5611135632 0.8171648593 0.5218282775 0.5180236728 0.7331618297 0.5069636419 0 0 0.5644276292 0.746979258 0.5217750951 0.716365761 0.6640818572 0.6707032821 0.6629555023 0.6554304865 0.649113526 0.6597234425 0.6458093795 0.732391619 0.6264159799 0.6247583493 0.6716417174 0 0 0 0 0 0 0 0 0 0.6928258395 0.8238479345 0.6653345623 0 0 0.5765251246 0.737212371 0.7341130656 0.5853659774 0 0 0.7687628471 0 0.5278363039
0.7166506223 0.7291616563 0.7219987498 0.7250122191 0.5327049852 0.5406271254 0.54088256 0.7959395583 0.7015499859 0.6017794069 0.8234313706 0.7426377276 0.6761681253 0.5612946304 0 0 0 0 0 0 0 0.8860540753 0.5134368773 0.6031235688 0 0.5130217463 0.5211135988 0.5603207869 0 0.8462407179 0 0.5662694163 0.5268560604 0.5259447148 0.6621631499 0.6608709219 0.6950634419 0.6658013599 0.5462889283 0.9053032161 0.8981081474 0.9035501837 0.5695807878 0.6711701872 0.7392774907 0.7637926582 0 0 0 0 0 0 0 0.6204935796 0.5602170648 0.8329214524 0.5960651829 0.6646747112 0 0.738449793 0.729086164 0.737595189 0.5780698274 0.5875578606 0 0.7622138539 0.6591132162 0.5688574085
0.712744345 0.7130883601 0.7204261822 0.7229196417 0.5421504297 0.5323507223 0.5385209824 0.535084143 0.5472688032 0.7373431518 0.7328158425 0.7263388201 0.7277686329 0.7279470583 0 0 0 0 0 0.5757323856 0 0.7416557215 0.7457161243 0.5055870168 0.5605524615 0.8709514233 0.5147558702 0.5929504596 0.6019990421 0.7962358028 0.7940020099 0.5518045403 0.557488884 0.5576938161 0.6658226732 0.6692435397 0.6639323998 0.6657664449 0.7633782654 0.904155397 0.8955343638 0.9006437402 0.746769098 0.6547322276 0.5476497738 0.7387374435 0.7390947668 0.7438498549 0 0 0 0 0 0.5558943726 0.5641049951 0.5922215781 0.5776899462 0 0.7993825001 0.7322299827 0.7313431583 0.73618079 0.6886443263 0 0.6709775364 0.6460104665 0.7667694517 0
0.8826538442 0.7110404924 0.7178179563 0.7210399991 0.5371294721 0.5381922072 0.5383457399 0.5395699041 0.6838367626 0 0.8416301811 0.7277385469 0.7190709152 0 0 0 0 0 0 0 0.7104279622 0 0.7382664713 0.74239612 0 0 0 0.5892925485 0 0 0 0 0.5490220155 0.5492412694 0.5463138178 0.6650523167 0.679311045 0.6669618233 0.7571652374 0.7583504519 0.5562138669 0.8958899046 0.7442391804 0.7382161787 0.7360134672 0.7329843769 0.7405659964 0.7893515574 0 0.6160103918 0 0 0 0.6311901448 0 0 0.5743499252 0.5836934182 0.7832050496 0.791721315 0.7931331055 0.5624277365 0.7575368178 0.7910491239 0.8744005601 0 0.5824345619 0
0.8742905494 0.8805678302 0.7115239978 0.5390672189 0.541301826 0.5455547568 0.5421890971 0.6780641047 0.6779642098 0.8064693543 0.6234568927 0 0.8646571169 0.6824850645 0 0 0 0 0 0 0.5480469913 0 0.7474193073 0.6845104268 0.5826409432 0.5869811578 0.5816085151 0.5845188448 0.5865400749 0.5358875907 0.5285863582 0 0.5419477568 0.5461259767 0.5477943517 0.6943746514 0.8998470648 0 0.8263687403 0.751468334 0.8828997857 0.5634994503 0.7234009117 0.7209826447 0.7304245631 0 0.7349057607 0.6037081765 0.6115365061 0 0 0 0.6222904602 0.6238986672 0 0 0.5773156489 0.5107211542 0.782667024 0.782765505 0.7776252334 0.7786097011 0.7719960006 0.7762555706 0.7828761372 0.5791034154 0 0
0 0.8777755179 0.6006781335 0.6645163472 0.5649595547 0.8450383592 0.7180182293 0.7616354366 0.6711815222 0.6661600118 0.6736631705 0.6220731614 0 0 0 0 0 0 0 0 0 0.7545435811 0 0.7370712314 0.5860000526 0.5808110965 0.5857895998 0.5831399288 0.7537861681 0.5385776371 0.5347402879 0.5305735349 0.5438025711 0.5485554652 0.5503331744 0.5602618864 0.7171253422 0.8967351874 0.7567859152 0.8835029484 0.882617604 0.7289186987 0.722481927 0.7206981166 0.72123813 0.7320095161 0.7659531465 0.7936231457 0 0.6941377938 0.6791606353 0 0.6242710381 0.6892702823 0.632760022 0.8897343399 0.5919618313 0.7865036338 0.785481285 0.780163277 0.7730839801 0.7653437543 0.7634489117 0.7730020688 0 0.5838377149 0.5759123765 0
0.8813126822 0.8976116517 0.6609710025 0.6571704367 0 0.8389083585 0.8402266451 0.5165454299 0.674477397 0.6654486966 0.6666607604 0.6867064429 0.6571292753 0 0 0 0 0 0 0 0 0 0.7445263267 0.8191873427 0.5858502078 0.5856781425 0.588122226 0.816333695 0.5394477429 0.5370842628 0.5327777364 0.5308780425 0.5096156028 0.5490182889 0.5558296833 0.5636836733 0.9025983373 0 0.8948604898 0.8883456595 0.8908461333 0.8813275086 0.7274436339 0.724782191 0.7265976781 0.6949671266 0.6904488598 0.6906602152 0.6927273063 0.6951468048 0.7132635604 0 0 0 0.7975700196 0.7451198578 0.8854122821 0.7902666283 0.7851881987 0.7772002318 0.7667334539 0.763102194 0.7707974669 0.7732167169 0.7750947445 0.5808055517 0 0.5832603123
0 0 0.8460766419 0.6667065706 0.6567475994 0.7062345573 0.8120606468 0.870481718 0.6700268564 0.6741369277 0.6711231942 0.6868680098 0.8129156934 0 0 0 0.8608390712 0 0.5004842084 0 0.8692870936 0.8770845316 0.5086468889 0.5070069005 0.5152124155 0.823487599 0.8045741274 0.701815427 0.5104310482 0.8024240397 0.871713299 0.8692411783 0.5588648797 0.5548709446 0.5537624817 0.5590430875 0.6553024628 0.8966601488 0 0.582484979 0.8870439762 0.7372954708 0.7285516928 0.7351384201 0.7406587541 0.734575582 0.6919263127 0.7625358893 0.6951359339 0.7660537877 0.6060281356 0 0.6041887593 0.6053460483 0.736608535 0.5453368699 0.6813526239 0.8825115591 0.7720170856 0.7700034056 0.7659277811 0.7722710765 0.7645122799 0 0 0.7066454169 0 0
0 0.5204005601 0 0.7115706028 0 0 0 0.867966002 0.6830261096 0.6799845174 0.6771736249 0.7987259824 0.8010299773 0.7974740912 0 0.8654659829 0.8672696959 0.8699930997 0.5074567745 0.8774713722 0.8764257539 0.8722390369 0.5938251587 0.6020859954 0.593801991 0.5994201731 0.5934964511 0.5199712835 0.6381167019 0.5195070289 0 0.7694877413 0.7628994697 0.7588034439 0.5160827892 0.5563270131 0.8491990245 0.5895544715 0.6782038946 0.7532102816 0.7442482129 0.7403531519 0.7425169893 0.5062139938 0.7326700159 0.7417196798 0.8352068691 0.5610683781 0.7830083122 0.5548087838 0.8172758159 0.6108429411 0.6086198858 0.7958840453 0.6107966267 0.6997964636 0 0 0.7785047793 0 0.6804778598 0.7724041469 0.7663922151 0 0 0.8088450488 0.8536112416 0
0 0.6698041207 0 0.7094618523 0.7060050884 0.6699532927 0.8114094226 0.5354417147 0.6952289735 0.6905259085 0.6891779233 0.8002372887 0.7936618446 0.6620829522 0.8361711794 0.7661019827 0.7635503952 0.6600693919 0.64592541 0.6566878718 0.6615664396 0.6030580051 0.5969390712 0.5923006817 0.5895713847 0.5900030984 0.8326135056 0.7537716957 0.7522600737 0.7559392291 0.7583593428 0.7529667255 0.7603107607 0.756810173 0.7536970175 0.7715790497 0.7086866218 0.5600683386 0.7471674868 0.7531317598 0.7481274662 0.7406635036 0.7424236765 0.7335390418 0.7369046251 0.7400514652 0.71793844 0.6724973983 0.6671176941 0.6689257006 0.7788918787 0.5238291491 0.6940683515 0.6090894251 0 0.5426819547 0.8913705828 0.8358848838 0.8267415607 0.6684086968 0 0 0 0 0 0 0 0
0 0.6675558956 0.6698561103 0.7041447214 0.71114475 0 0 0.7004418206 0.6881515343 0.6872871041 0.6944308317 0.6573161456 0.5609559604 0 0.6696007692 0.7656354342 0.7567162036 0.6613277768 0.65659925 0.6600110829 0.6593114523 0.5841155109 0.5905174162 0.5820612229 0.5835750285 0.5884851178 0.7629314623 0.6563633958 0.746868639 0.7450021833 0.7502434817 0.7505164232 0.7494742469 0.7522519838 0.7618582991 0.765214707 0.5344804575 0.6306659192 0.7519723441 0.7437197976 0.5636029306 0.7443633514 0.5847950771 0.5094110328 0.7336491484 0 0.7027900749 0.6693888178 0.6704682864 0.6742257479 0.7002619358 0.520001558 0.5110516911 0 0 0 0.537533494 0 0 0 0 0 0 0 0 0 0.7392237851 0
0.673745032 0.6688373949 0 0 0 0 0.6604535892 0.6672182255 0.6949597832 0.692827988 0.6627734876 0.6607810384 0.6568005338 0.5817973401 0.6704829992 0.7569100897 0.7644948143 0.6505393699 0.6488365392 0.6543921499 0.6612094531 0.5789481476 0.5779949628 0.5807082343 0.5835610979 0.5914296431 0.6594825754 0.8346517787 0.7465232719 0.7411226866 0.742015857 0.7372957726 0.7453674457 0.7462017118 0.7607189344 0.7700197608 0.5874360483 0.5649011337 0.6474337616 0.6476683754 0.6386684067 0.8125938224 0.8060892388 0.8093942528 0.7894731729 0.6990418946 0.6999337212 0.7003761969 0.7532340146 0.5319800588 0.8592669028 0.5104347924 0.5182279791 0.7730841031 0 0 0.5398814745 0.6897230534 0.809834489 0 0 0 0 0 0 0 0.7343732123 0.7377240576
0.6836958082 0.682178117 0.6744500289 0 0.7307178202 0 0.6568847223 0.6599198452 0.6664262765 0.6634882903 0.6572416686 0.6547781783 0.6549643882 0.6635052852 0.6719572788 0.6672355391 0.6598794467 0.6533209275 0.6474909508 0.6402311867 0.6340135549 0.5886525482 0.5788677659 0.5779186014 0.5835622821 0.5398299583 0.6689559121 0.5154445187 0.8125725763 0.7477802891 0.7409688527 0.7353698259 0.73621403 0.7549183174 0.7559376158 0.7116424903 0.5425787686 0.5706533201 0.6395174309 0.6386485291 0.6439798009 0.8160834882 0.810064879 0.8154001227 0.7623878045 0.7029130922 0.6947273473 0.7922689122 0.5323090332 0.5342486293 0.528905745 0.5231882493 0.8477309808 0.9017497352 0.746494557 0.6136970828 0.5464365291 0.5095358549 0.6258212629 0.8782020049 0 0 0 0 0 0 0 0.7440500829
0 0.7305914718 0.5590429104 0.7340357014 0.7248266809 0.7291546247 0.6609239868 0 0.6553803045 0.7846889733 0.659725879 0.6501604619 0.653056933 0.663092697 0.6724576013 0 0.6622714149 0.6526523084 0.6483375643 0.6346295551 0.6319709353 0.5833826529 0.5825058688 0.5790069094 0.5812142548 0.8140357754 0.6277409227 0.6595357008 0.6582216022 0.7467388475 0.7413773161 0.7360073753 0.7414512271 0.7430458698 0.5291024404 0.677798906 0.6692078916 0.6695514226 0.6451031337 0.6437450704 0.6403007191 0.7499930121 0.6071495873 0.8385383094 0.8878741806 0.7313744356 0.702211044 0.7357545818 0.5323193283 0.5289368917 0.5312010571 0.5226065085 0.5302032153 0.8928082078 0.5826622008 0.5823841282 0.5385377157 0.8516506029 0.7425721819 0.5730204443 0 0 0 0 0 0 0 0
0 0.8641685261 0.7558984172 0.727106131 0 0 0.6609404854 0.6587346991 0.6559565471 0 0.6595670137 0.6556308291 0.652308497 0.6710851903 0.7152144197 0.6284243607 0.6556071109 0.6567313152 0.8168083127 0.63738731 0.6405105499 0 0.7696837777 0.6211135895 0.8124317896 0.810599334 0.6025337128 0.6666153761 0.6804872488 0.6506147923 0.68494928 0.6946378435 0.6966506377 0.7885397306 0.5248661853 0.8508692923 0.6689392896 0 0.6461011207 0.6527503042 0.647785096 0.5888347722 0.8346003372 0.6919888312 0.6942723888 0.6878632679 0.6912991541 0.6887941624 0.5300110336 0.5345661503 0.8417039445 0.5280375739 0.5233002481 0.8852777147 0.6963365281 0.575878571 0.6972194345 0.8571446124 0.5908515724 0.5826475613 0 0.8938260153 0 0 0 0 0 0
0 0.5203637042 0.7626619856 0 0.7314607962 0 0 0.7281532608 0 0.6559804109 0.6172100752 0.6597493723 0.6654282219 0.7111239041 0.720306872 0.724396868 0.7215620024 0.8186913015 0.8258524744 0.8172124574 0.8222114895 0.7718924472 0.7769537176 0.81060655 0.8053159651 0.8109076609 0.817739347 0.7426654909 0.5100578328 0.6802941168 0.6844406987 0.6919065504 0.6989813862 0.8491048566 0.8422651042 0.6704187354 0.6637987288 0.5726183399 0.5775473443 0.7699680227 0.771707369 0.767928072 0.6851613127 0.6863013818 0.6876973884 0.6835361021 0.683381432 0.6768121135 0.6883815523 0.6913310716 0.6892930579 0.88895198 0.8818687135 0.6895130137 0.6860538651 0.687462132 0.5080100826 0.6909708644 0.5878571804 0.8588615029 0 0 0.7679285682 0 0 0 0 0
0 0.8971260691 0.8975183164 0 0 0 0 0 0 0.8307028401 0.6760313626 0.6739088117 0.6725995979 0.666623418 0.7158289677 0.7177199099 0.8576638235 0.7125465661 0.825641738 0.8220737342 0.8224697174 0.7749330145 0.7740240665 0.8060519779 0.8080598238 0.8113704679 0.8067863078 0.8086060902 0.6811177068 0.6855243402 0.6883179462 0.6971679423 0.6992279177 0.841481373 0.8407113778 0.8388368753 0 0.8539217089 0.8537315658 0.8504991096 0.7672611307 0.7768277632 0.6911165099 0.6846632497 0.6804616396 0.6805397509 0.6826914079 0.6720090069 0.6694392702 0.6833872012 0.6923287736 0.828618227 0.8830621108 0.692380124 0.6829044395 0.6911487105 0.6138708757 0.6131309365 0.6102255571 0 0.8532479767 0 0 0 0 0 0 0
0 0 0.897061115 0 0 0 0 0 0 0.8261902321 0 0.6734549582 0.6748075157 0 0.6759189308 0.7221269693 0.7152181872 0.5389489565 0.5360476659 0.5364666013 0.8412169359 0.8402907138 0.8352989748 0.7779965637 0.7855973771 0.800120264 0.7999916047 0.8022726609 0.6682798241 0.6961469222 0.6931725474 0.6928665993 0.5168814259 0.5101784313 0.8419662418 0.8367178269 0.838454041 0.8560945053 0.8471661956 0.8418021212 0.8310013531 0.8396984647 0.6847575544 0.6838228579 0.6756693117 0.6850447269 0.6817097056 0.5557307204 0.6644699973 0.6727893111 0.5886443064 0.5898555576 0.6934819196 0.6885214092 0.6825047806 0.6835084938 0.6201292622 0.6128102162 0.6053774289 0.6134522263 0 0.7924009624 0.5231827136 0.8265242209 0.8228954202 0 0 0.8656881739
0 0 0 0 0 0 0 0 0 0 0 0 0.6744480823 0.6802319535 0.6837605907 0.682437465 0.527013 0.5314978521 0.5339376477 0.5412645412 0.8379689685 0.8328165345 0.8371779128 0.7745376577 0.7765369834 0.7769304966 0.5321301342 0.5351621102 0.8638452004 0.6340886222 0.6267894001 0.6357494776 0.6750836524 0.8497502907 0.8042865035 0.8428869717 0.8464891597 0 0.8447379723 0.8417749966 0.8357983818 0.8297007155 0.6871467497 0.6831707748 0.6758650187 0.6838399089 0.6890966382 0.6725559879 0.5222954974 0.6713266651 0.5888347835 0.5945844191 0.6015416746 0.6852408787 0.6829736605 0.8502927615 0.852396681 0.8503148283 0.6083296344 0.6080290822 0.6176219848 0 0 0 0.8245777488 0.8175064827 0 0.812743884
0 0 0 0 0 0 0 0 0 0 0 0 0.8425086831 0 0.5135267729 0.7451939853 0.8438795053 0.525757264 0.5339569287 0.5393348239 0.8357508924 0.8381960524 0.8343843208 0.7711608568 0.7706580875 0.7731738105 0.7782369245 0.5319098485 0.5403142744 0.5427513955 0.6312329614 0.6330755837 0.886026437 0.8099972075 0.8261748152 0.8907821082 0.8902658552 0.6346466216 0 0.8429919502 0.5097293447 0.8358516899 0.8387729276 0.8445572255 0.8112902086 0.6930894543 0.5486406015 0.5503760803 0.5500989581 0.6759933398 0.5951461432 0.5997934762 0.6019506918 0.6031871383 0.8541486702 0.8529613186 0.8484582603 0.8576800413 0.6152865529 0.6180252527 0.6106608386 0 0 0 0.8111218715 0 0.8112353234 0.7098523097
0 0 0 0 0 0 0 0 0 0 0 0.8542541774 0.8376937716 0.8409480613 0.8382200891 0.8447763491 0.5301192199 0.5342613497 0.5340479755 0.5405520057 0.5450248233 0 0.7722072973 0 0.780583364 0.7753923188 0.7826631715 0.5372331651 0.5378978893 0.5445837726 0.5512890777 0.5458351638 0.6293578674 0.882381053 0.8846060476 0.8819134433 0.8727741906 0.8751150373 0.8668043891 0.654193302 0.6548816012 0.6578850736 0.7379011268 0.7418608696 0.7420208457 0.8628955426 0.5453246596 0.5428826367 0.5432310192 0.8817244208 0.8751483901 0.5970534829 0.5934798458 0.5201634021 0.6023956867 0.8543633558 0.8558578887 0.8497854546 0.8543044463 0.8891369577 0.8897865893 0.6859753982 0.6127470935 0.7467876107 0.8137334622 0.8076591286 0.8117232225 0.8127485954
