landscape/hab_quality/256/simulation_000095_p042_h010_HABMAT_patch_more_500pix_modified.asc_ac_0.5_quality.asc
NCOLS 513
NROWS 513
XLLCORNER 0
YLLCORNER 0
CELLSIZE 9.980507
NODATA_VALUE NaN
[rows 216 to 251 of 513, columns 82 to 163 of 513]
0.8427096921 0 0 0 0 0 0 0 0 0.6935160634 0 0.5616067048 0.7027708755 0.7023715867 0.8613309855 0.8622199722 0.8210490678 0.6007110678 0.5669930918 0.6731736945 0.8296630533 0.644912843 0.6748945384 0.5017726259 0.5680744892 0.6167390558 0.5474330469 0.5429450615 0.534892203 0 0 0 0 0.514933923 0.5124516704 0.5088776861 0.509330423 0.6388180821 0.6293603811 0.6241703697 0.6246619607 0.6249212832 0.7241783632 0.7454138744 0.7500646881 0 0.6471315631 0 0.8243820136 0 0 0 0 0 0 0 0 0 0 0 0 0 0 0.6709819948 0.8844243975 0.8842044029 0.5102121955 0 0.8116530748 0.8101637269 0.8251874465 0.822748756 0.5234071509 0.5256102838 0.6877339511 0.8009109102 0 0 0 0.8726063678 0.6658459143 0.6803839252
0 0 0 0 0 0 0 0.7442893508 0.7355682706 0.7073341808 0.5707655585 0.5612090318 0.5578918321 0.699797752 0.7021845832 0.535247121 0.6098644856 0.8039408245 0 0.5746102843 0 0 0.632713601 0.7323841119 0.7607786537 0.6193903123 0.6110136949 0.5437658477 0.5358393914 0.542759706 0 0 0 0 0.5146079284 0.5141877939 0.5169160694 0.6308328552 0.6935035777 0.623995102 0.6306387598 0 0.8347216264 0.7592407422 0.7547626441 0 0.7662598743 0 0 0.8260041609 0 0 0 0 0 0 0 0 0 0 0 0 0 0.5085861123 0.881319368 0 0.5005976199 0.8511593234 0 0 0.8274309234 0.829486128 0.5239964627 0.5190127497 0.8023947855 0.7953780102 0 0 0 0 0 0
0 0 0 0 0 0 0.8882263158 0 0 0.8636944876 0.5660839695 0.5587224383 0.7064380335 0 0 0 0 0.6294653142 0.6985661192 0 0 0.5618583749 0.5585866371 0.6002865881 0.6675457456 0.616904194 0.5447524437 0.5451012962 0 0 0 0 0 0 0 0 0.5935870768 0.5139841406 0.6295761549 0.6276374728 0 0.5985923553 0 0.7610027155 0.5833551046 0.761777793 0 0 0 0.792645245 0.5140344034 0 0 0 0 0 0 0 0 0 0 0 0 0.5939261903 0.5900630348 0 0.7584767387 0 0 0 0.8059281317 0 0.5268695428 0.5228301058 0.799713189 0.8053621288 0.7968321458 0.8678403808 0 0 0 0
0.7622613224 0 0 0.7098496183 0.7125928014 0 0.7588018607 0.7555517281 0.6662293044 0 0.5299347883 0 0.5363517167 0 0 0 0 0.8810612828 0.8119025089 0 0.8372455439 0.6577022976 0.6604585937 0.6577130551 0.7862983444 0.5505792833 0.5463886332 0.750886658 0 0 0 0 0 0 0 0 0 0.5220145082 0.5144778431 0 0.6111808053 0 0 0.7622764235 0.5039946037 0.6210661839 0 0 0.6964579669 0.7981768888 0 0 0 0 0 0 0 0 0 0 0 0 0 0.5266464387 0.5920855152 0 0 0 0 0 0 0 0.8707302857 0.5605596996 0 0.8006360152 0.5228170776 0.7992207972 0 0 0 0
0.756478534 0 0 0 0.7119045354 0.6757437111 0 0.7928730036 0.7914169987 0.7937927734 0 0 0.8491495404 0 0 0 0 0.7617409369 0.6374991035 0.7384157657 0.8422430688 0.8441333949 0.6577424261 0.667230295 0 0 0.6581018774 0.5506676546 0 0 0 0 0 0 0 0 0 0.5182323006 0.6224434955 0.6066572084 0 0.6069975309 0 0.5009394642 0 0.6159250166 0 0 0.7649701352 0.8431763596 0.5926137641 0 0 0 0 0 0 0 0 0 0 0 0.8344917853 0.8688370639 0.7414518013 0 0 0 0.6366723279 0 0 0 0 0.6005099737 0.6306140301 0 0 0 0.5539144381 0 0 0
0.737778541 0.7397302913 0.7527534812 0 0 0.6671774496 0.7954138358 0.7907249757 0.7912959496 0.7869352633 0.7974777105 0.7579282816 0.6009587543 0.5974601716 0.5749714962 0 0 0.6556106871 0.7228064548 0.5154043796 0.8945441369 0.8869645957 0.6674697991 0.8490654425 0.5707657853 0 0.5771566578 0 0 0 0 0 0 0 0 0 0 0.7670638156 0.6057026468 0 0.6028255015 0.610994968 0 0 0.6179872608 0 0 0 0 0 0 0 0 0 0 0 0 0 0 0 0 0 0 0 0 0 0 0 0.5771529667 0.5766536981 0 0 0 0.6025133053 0 0.6704607994 0 0 0 0.5466807958 0.5656809449 0
0.7352106776 0.7451682463 0.7472269616 0.7564362466 0.579117497 0.6763551112 0.7983942805 0.7898744618 0.7860554107 0.7944437656 0.7976055617 0.5578144872 0.6538137466 0 0.8985288239 0.7172996164 0.7244455522 0.7158854001 0.8591139445 0.6465222045 0.8860702024 0.8891393665 0.6918758088 0.5126091909 0.702837238 0.5822711453 0 0 0 0 0 0 0 0 0 0 0.7589649646 0.6056147114 0.7943975552 0.6084228525 0 0.6121241355 0.6836615169 0 0 0 0 0 0 0 0 0 0 0 0 0 0 0 0 0 0 0 0 0.6225255372 0 0 0 0.5761711842 0.569964842 0 0 0 0 0 0.6414323393 0 0.8464035 0.8400931435 0.554057367 0.7968672494 0.5552140379 0
0.7393470894 0.7415770117 0 0.7534708679 0.6087859686 0 0.6488524454 0 0.7932309172 0.7902614764 0.8035083343 0 0 0.6901743793 0 0.808236903 0.7151678438 0.7161741763 0.8987793114 0.8932338316 0 0 0.65297764 0.8675255104 0.629762673 0 0 0 0 0 0 0 0 0 0 0 0.7246233146 0.7624014227 0.6456267953 0.7746398123 0.6752568275 0.5800802681 0.5892646511 0.5307871814 0 0 0 0 0 0 0.7372276171 0 0 0 0 0 0 0 0 0 0 0 0 0.6134298881 0.8592306145 0 0 0.8668276945 0 0.5730642179 0 0.5989468357 0 0.5114785683 0.8454693831 0.8453639662 0 0 0 0 0 0.8213657186
0 0.741677662 0.5779984748 0 0.7573000906 0.6058785871 0.6392664805 0.6445420848 0.7921018376 0 0.7675762064 0.7769738913 0 0 0 0.7199871819 0.7173235866 0 0.686315028 0 0.8382129101 0 0.7644307127 0 0.6784804362 0.7819590838 0 0 0 0 0 0 0 0 0 0.8339489556 0 0.7708906645 0.7698792589 0.7699679095 0.7553345838 0.5850954868 0.5799254541 0.5237553476 0 0 0 0 0 0 0.731106088 0.7329929663 0 0 0 0 0 0 0 0 0 0.5861383672 0.6176531476 0.8676393211 0.8580123498 0.8571310059 0.862695459 0 0 0.5812230682 0 0 0.5339507177 0.5176842642 0.7075869516 0.6814816829 0 0 0 0 0 0
0.7501954225 0.7430868215 0.7514202011 0 0.6697403252 0.6990386362 0.6414011646 0.8911419648 0.5089871613 0 0 0 0 0 0 0.5165491701 0.5090658997 0.5166818745 0 0.8296576932 0.8293814045 0 0.7585303376 0.7554573672 0 0 0 0 0 0 0 0 0 0 0 0.648223208 0.6030141889 0.7763522827 0 0.7736043104 0 0.8185362068 0 0 0 0 0 0 0 0 0.7286816322 0.7231648646 0 0.7298887789 0.7332022054 0 0.5911625423 0 0.6558601173 0 0.6442312447 0 0 0 0.8595038309 0.8566811905 0.8631035691 0 0 0 0 0 0.5315377623 0.7138718019 0.7179686282 0.614624321 0 0.5100978059 0 0 0.7978525216 0
0.6622754253 0.6634546201 0.663548894 0.6638399766 0.6696910314 0.6431872409 0.8979067597 0.7392918605 0.8914619725 0 0 0 0 0 0 0 0 0 0.7827223871 0.8372721715 0.8324682786 0.7587073708 0.5858493094 0.7539002834 0 0 0 0 0 0.6019748105 0 0 0.7067504683 0.6487757039 0.6469255595 0.8841886025 0.6477128739 0 0 0 0 0 0 0 0 0 0 0 0 0 0.7276125946 0 0.7232748063 0 0.6727018156 0 0 0 0 0.6585552864 0 0.6435338212 0.6022974977 0.8681667082 0.859903968 0 0 0 0 0 0 0.6347398897 0.6281908892 0.6289918663 0.8413077103 0.8634673828 0.5120704753 0 0 0 0.5203905442 0.8419287612
0.6597513664 0.6674950259 0.6609929499 0.6681418911 0 0 0 0 0 0 0 0 0 0 0 0 0 0.8323198529 0 0 0 0 0 0 0 0 0 0.6176620505 0.609109785 0.603508426 0.5955415984 0 0 0 0 0.6440468586 0 0 0 0 0 0 0 0 0 0 0 0 0 0 0 0 0 0 0 0.7860503803 0.7764802815 0.7808764778 0.6566188926 0.6568791171 0.6646030938 0.5988481632 0 0 0 0.8628490536 0 0.5672107835 0 0 0 0.6318673792 0.6253634355 0.6323231355 0.7792811304 0.7134337518 0 0.6578785086 0 0.7689187949 0.8410744563 0.8492823977
0.6648584725 0.6614637122 0.6694960167 0.6604896666 0 0 0.5576111044 0.5547347581 0 0 0 0 0 0.7735272007 0 0 0 0.8247084229 0 0 0.8215195762 0.9096132344 0 0 0 0.6293890888 0.6216517661 0.7087239363 0 0.5486781778 0.6053155616 0.6004547305 0 0 0 0.7426543781 0.6378359304 0.6446037335 0 0 0 0 0 0 0 0 0 0 0 0 0 0 0.5678267384 0 0 0 0.7853536198 0.7830748496 0 0.6559671658 0.5899689643 0.6325900932 0.6020975542 0.8713932268 0.8642658708 0.8714873445 0.868317154 0.7215511324 0.7194967115 0.8832751493 0.6423114116 0.6339173257 0.6290204631 0.6333964903 0.7607106924 0.7858979313 0 0.746453777 0 0.7278851226 0.8459283826 0.8433453
0.6735443893 0.7279310294 0 0.6646895566 0.6666736495 0 0.5589743829 0 0 0.5485483565 0.8450656142 0 0 0.5502713581 0 0 0 0 0.8188208857 0.8176238497 0 0.821416216 0.907780137 0.9045442501 0.904516954 0.567584959 0.5595081617 0 0.547922178 0.5575188152 0.6069088678 0.6133172223 0 0 0 0 0.6408263416 0.7703086894 0 0 0 0 0 0 0 0 0 0 0 0 0 0 0.8839316156 0 0 0.6686896066 0 0.5820209494 0 0.6639378598 0.6617444908 0.6768543879 0.6858213094 0.8668024781 0 0.8720323901 0.8804326554 0 0 0.7670539975 0.7654911568 0.7712428673 0.6397025815 0.7323805927 0.8492932823 0.8540063449 0.8490487287 0 0 0 0 0
0 0 0.6738657729 0 0 0.7320449609 0.728643189 0.731418156 0 0.7959239471 0.8700928782 0 0 0.5430457799 0 0 0 0 0 0.8128237497 0.82062657 0.8235653019 0.570227073 0.899817133 0.5672673856 0.566884817 0.5633627452 0.5554187171 0.661969698 0.5549132645 0 0.6141505326 0 0 0 0 0.7623167856 0 0.5241955295 0.8759242653 0 0 0 0 0 0 0.7238385593 0 0 0 0.8161486503 0 0 0.8152469581 0.8084445645 0.8086771011 0 0 0 0 0 0 0 0.6879158918 0 0 0 0 0.7209949154 0.8205055645 0.7638484424 0.7678886195 0.7739259191 0.8500066464 0.8494497986 0.8455877224 0 0.8155454923 0 0 0 0.7978389297
0 0 0.7588448652 0 0 0.7383514689 0.5423780684 0.7352819437 0.7442827206 0.7529273349 0 0.7292528746 0.7234868092 0.7226708894 0 0 0 0 0.548889908 0.5433308082 0.8157859232 0 0 0.5609142731 0.5648636021 0.568267993 0.5653294226 0.5555594919 0.5628899538 0.5323515286 0 0 0 0.8651412803 0 0.8814382089 0 0 0 0.581594425 0 0 0 0 0 0 0 0.7345535384 0.8213969379 0 0 0.8117208784 0.8060940961 0.8102622099 0.8101119279 0.5505266075 0 0 0 0 0 0.7537062245 0 0.6096033032 0 0 0 0 0.8269148349 0 0.766494824 0.7658267729 0.6864019669 0.6860813604 0.843904634 0.8530291408 0.8509985188 0 0.8750095101 0 0.5172087434 0
0 0 0.6202601709 0 0 0 0.7441253646 0.7395897003 0.7367583041 0 0 0.7208902296 0 0 0 0 0 0.5779485151 0.5395892311 0.5409912416 0.8246937714 0.8211926149 0 0.5665437358 0.5598309221 0.5681225161 0.5675850136 0.8823840729 0 0.5609604106 0.86798049 0 0 0 0.8571210731 0 0 0 0 0 0 0 0 0 0 0 0 0.6247331652 0.7283062539 0.8563049835 0 0.8036140106 0.8044540283 0.8128378264 0.5580101661 0.5600154071 0.6946082393 0.5026613713 0 0 0 0 0.7778163759 0 0 0 0 0 0.7779024781 0 0 0 0 0.6819242852 0.5725223029 0 0.6443372888 0.6424875025 0.6419156961 0.7986962691 0.877102502 0.7722841058
0 0 0 0 0 0 0.7722375245 0.6805320911 0 0 0.8528024991 0.7235382295 0 0.8987429139 0 0 0 0.5447600401 0.540796778 0.5457274231 0.8322202018 0.8249861815 0 0.5608132466 0.5633328021 0.5615794054 0.5700325991 0.5802830222 0.7585197464 0.5605493431 0 0 0 0.8577223312 0 0 0 0 0 0 0 0 0 0 0 0 0.7803622335 0 0.8505902573 0 0.8003752738 0.7966492424 0.801233001 0 0.564625461 0.5670802719 0.8298017397 0.8924063871 0.8483380104 0 0 0.7419260207 0 0.5635250061 0 0 0 0 0 0 0.8947089403 0.6495970252 0.6909352429 0.6835752461 0.6902411964 0.5727924222 0.8191792128 0.6511055889 0.6483681801 0 0.6014557705 0.7201905496
0 0 0 0 0 0.7303630939 0.6009937489 0.7190776384 0 0 0 0.780974679 0.9031427066 0.8952173955 0.895531049 0 0 0 0.81982334 0.8232171941 0 0.7866446815 0.6943554505 0.6882527114 0.567767638 0.5622156474 0.539359065 0.5798164083 0.5610977462 0.7654765772 0 0 0.703165699 0 0 0 0 0 0 0 0 0 0 0 0 0.8985066022 0.8972924898 0.8953638468 0.8867678379 0.8046691204 0.8025472637 0 0.7984555124 0.8019922475 0.5713326177 0.5723535058 0.879654326 0.8827188759 0.6231607841 0 0.7362801461 0.7425783087 0.7358566119 0 0 0 0 0 0 0 0 0.580072741 0.6900259982 0.6896421152 0 0.5774922381 0 0.513331154 0.7013179124 0.6322470768 0 0
0 0 0 0 0 0.5887988048 0 0.7773236863 0 0.834989082 0.6298931858 0.8977154744 0.8894399466 0.8274599944 0 0 0 0.8221347707 0.8197214553 0.815822884 0.8161633221 0.8903215788 0.6853887419 0.6849276872 0.6918973525 0.6899965204 0.6950100269 0.8172462339 0.7088615417 0 0.758912318 0 0 0 0 0 0 0 0 0 0 0 0 0 0 0.892781823 0.8913670335 0.8940717021 0 0.8960429532 0 0 0 0 0.5781874422 0.8795286326 0.8799770058 0.8783948683 0.7337399339 0 0.7337295657 0.7337421679 0.5079031177 0 0 0 0 0 0 0 0 0.7623608924 0.7712400719 0.6990453144 0.6909127638 0.6985235703 0.6965263291 0.7280676601 0.7654939118 0.7603785762 0 0.7852668925
0 0 0 0 0 0.5162133027 0 0.8552457707 0.8394128836 0 0 0.8302730874 0 0 0 0 0 0 0 0.8103291537 0.8273336965 0.8191702817 0.6863184351 0.6866951796 0.6790101674 0.6876381238 0.6969051868 0.7043413295 0.5433413731 0.7236682856 0 0 0 0 0 0 0 0 0 0 0 0 0 0 0.8926236098 0.8887486558 0.8849611739 0.8846892948 0 0.8896087136 0.764268359 0 0.8885107508 0.883320406 0.8781419552 0.8779318388 0.8752099385 0 0.7262188771 0.7244077336 0.7258316675 0.7410631308 0 0.5268446073 0.5940834835 0 0 0 0 0 0 0.6770253969 0.6787845286 0 0.7124502492 0.6914914863 0.5219708337 0.7310762289 0 0 0.7589628287 0.8128938986
0 0 0 0 0 0.5106566717 0 0.8212030381 0 0 0 0 0.5304597747 0.8272283436 0.8174449388 0 0 0 0.8084964219 0.8164336355 0.8184708528 0.8228744427 0.5756718866 0.7661570312 0.6787621282 0.681485704 0.6945439298 0.8452663402 0.5368607875 0.721978586 0.7195284877 0 0 0 0 0 0 0 0 0 0 0 0 0 0.6699654847 0.8861450686 0.8836152421 0.8841515435 0.8862429005 0 0.8983411251 0.8835918498 0.8828571388 0.8714169342 0.8765334446 0.8729513061 0.8810983824 0.7290614836 0.7242356831 0.7306891628 0.7251955859 0.7360933714 0.5355026398 0.8760532464 0.6008687974 0 0 0 0 0 0 0.8084916167 0.6818471258 0.6646340361 0.7668523211 0 0.6983019958 0 0 0.8074258454 0 0.8362717711
0 0 0 0 0 0 0 0 0 0.6795086239 0 0 0.5335287702 0 0.8182347633 0.8082853934 0.802230343 0.8001335068 0.8047288487 0.8136845424 0.5161444905 0.849148406 0.8111402736 0.808679632 0.801364727 0.8009275621 0.5826873231 0.585746847 0 0 0.7137507159 0 0 0 0 0 0.5622971007 0 0 0 0 0 0 0.6671218879 0.6761919689 0.8881825869 0 0 0 0 0.7415616407 0.8872750351 0.8876222022 0.8791127524 0.8699686733 0.8612760451 0.8634341785 0.7314378865 0.7252737676 0.7271504281 0.7281560814 0.7354956419 0.871434509 0.8791924298 0.6675376775 0 0 0 0 0 0 0 0 0 0.6804539765 0 0 0.777170847 0.8134473912 0.8129587916 0.8044243162 0.8029760121
0 0 0 0 0 0 0 0 0 0.6787095831 0.6755682043 0.5315637948 0 0 0 0 0.8048635154 0.8011455672 0.8040763178 0.8235997513 0.8191785768 0.5214679741 0.8047937304 0.802224976 0.7990130396 0.8070645038 0.5763134017 0.5791809343 0.5747989893 0 0.7187575956 0.7189619574 0.5963804078 0.5307820032 0 0 0.6139767028 0 0 0 0 0 0.7687612466 0.6676205881 0.6724554565 0.8906282994 0 0.5888383408 0 0 0.6963985457 0 0.8855763354 0.8788736782 0.8669097077 0.8618193452 0.8561026053 0.8606665042 0.7296654929 0.7331367243 0.7275947501 0.864891928 0.869494524 0.8775749583 0.6621465332 0.6305387311 0 0 0 0 0.6919274522 0 0.6690278681 0 0.6768324828 0 0.6837044286 0 0.7736400014 0.81437577 0.8077572 0
0 0 0 0 0 0 0 0 0 0.6688076632 0.6703294199 0 0.7924791292 0 0.8181542181 0.8064288947 0.8047682125 0.804129057 0.8013953706 0.7498954988 0.8112900939 0.8130941732 0.8104539237 0.8001778281 0.8047860409 0.8043224865 0.5732328202 0.5701853387 0.5747647 0 0.5801480543 0.5872921178 0.7587095572 0.5286606349 0 0.8988303072 0 0 0 0 0 0 0.7787350287 0.61057471 0.8249622502 0 0 0 0.5283483539 0 0.6985266359 0.6946455022 0.728154132 0.873565737 0.8643127047 0.8605377207 0 0 0 0.7362152638 0.7403152267 0.8668555454 0.8702072333 0.8787397376 0.6269278207 0 0 0 0 0.5105850399 0.7401852608 0.7651187348 0.5928819431 0.6781870867 0.6805737508 0.6787531478 0.6852142852 0.7796570515 0.735100526 0.8117106728 0 0
0 0 0 0 0 0 0 0 0 0.6619413445 0.6613940189 0 0.7832950299 0 0.5114834842 0.8090896151 0.8052261604 0.804361303 0.8083734745 0.8075165431 0.7947669009 0.5852458077 0.7882832968 0.8116746132 0 0.8088344623 0.574119552 0.5712026334 0.5704385456 0.5772015015 0.5858999106 0.5882535224 0.5275260739 0 0.8990671966 0 0 0 0 0.8353256995 0 0 0.7838447584 0.6968622715 0 0 0 0.5002282057 0 0 0.5319789149 0.704408289 0.6984228474 0.8654561146 0.8656227662 0.8644688865 0.5025055586 0.5035386585 0 0.5830934974 0.8723113918 0.870030902 0.8736829514 0.8796598131 0.6536002575 0.6363426547 0 0 0 0 0 0.8380922986 0.7927332451 0.7913558275 0.6844547114 0.6866268458 0.6832091083 0.775375285 0 0 0.8149245584 0
0 0 0 0 0 0 0 0 0 0.6626844897 0.657602447 0.7797500533 0.7788014219 0 0 0.5548695527 0.8147806073 0.8166573065 0.8114304529 0 0.5759537026 0.8182922824 0.8162206637 0.674484267 0.6730676856 0.6709055078 0.5786809522 0.573243324 0 0.5832618583 0.5823533659 0.5900605622 0.5289132826 0.6144807693 0.8926117329 0.5063302127 0.8257948996 0.8159889661 0.5800075587 0.8913183808 0 0 0.8056177239 0.804654487 0 0 0.5048880389 0.8841418461 0 0.8425467055 0.5391121735 0.5415723245 0.8734891729 0.5091020097 0.5067214533 0.5011522888 0 0.8988683221 0.5898595827 0.7192642839 0.8705969016 0.8900053168 0.8883039633 0.5030973108 0.5132078749 0.5016441096 0.5020278556 0 0 0 0 0 0.7883571997 0.5342410952 0.8732856537 0.8990270656 0.5481834446 0.7022171992 0.6284316614 0 0.9128489552 0.9050100088
0 0 0 0 0 0 0 0 0 0.6606095854 0.661856796 0 0.7853707282 0 0.5429574155 0.7586695447 0.6460112143 0.8141811889 0.8161781178 0.8154634025 0.8293361009 0.8137760669 0.8113013501 0.8153322919 0.6661223153 0 0 0.5755497076 0.5784085776 0.6166420078 0.8523448433 0.5839131449 0.6191077491 0.6109567367 0.6085373301 0.51842778 0 0 0 0 0.7771503082 0.7964385596 0.800224011 0.7959583236 0.7980573706 0.8018228338 0.7968213722 0 0.8759275468 0.8803003499 0.7063025048 0.5252878621 0.5157123578 0.5676304084 0.5060334404 0.5062237907 0.8239677909 0.8741344384 0.6121510741 0.7631178586 0.708152189 0.5452618954 0 0.8979488395 0.5295343326 0.816318261 0.8695098068 0.76951747 0 0 0 0.8233139396 0.8029096572 0.8104229463 0 0 0 0 0.6644463578 0.6203485435 0.6153390419 0.9030514617
0 0 0 0 0 0 0 0 0 0 0 0.5143168439 0.8349310622 0.884644323 0.658944884 0.5378808429 0.7496438446 0.6367300472 0 0 0.8343098581 0.8196871572 0.8160498345 0.8081591441 0.848856444 0.8149838725 0.7762008912 0 0.5486203256 0.5427734214 0.5449631412 0.8735279472 0.6191576298 0.61498174 0.6140564935 0.6123754062 0.5364946396 0.8629393971 0.5508393459 0.8551054345 0.7841084499 0.7748752852 0.7997289018 0.7932770945 0 0.7930628247 0.7959429364 0.8022480074 0 0.8799743275 0.7063215974 0.8058732542 0.808646928 0.8268818719 0.8258739993 0.8229198155 0.6178875887 0.8483152951 0 0.7548135739 0.7598711394 0 0 0.8608956081 0.8720065347 0.8649535968 0.8725145436 0.8764086422 0 0 0.7293316307 0.5954151873 0.8945823731 0.7705121092 0.8873696522 0.7271614994 0 0.8682205071 0 0 0.614019023 0.9021823866
0 0 0 0 0 0 0 0 0 0 0 0.5143177654 0.522973347 0.5741899384 0.543987063 0.7573157327 0.6411829551 0.6445826283 0.6373415566 0.6460511939 0.7211754372 0.8230585991 0.8070335359 0.8070096589 0.8128811118 0 0.7740112248 0.7803691494 0.5481266811 0.5400826454 0.5389080427 0 0.6801896957 0.7150825156 0.5868201603 0.8835832486 0.5383476706 0.5339117296 0.8540890335 0.862553336 0.7846151925 0.7819355381 0.8009056414 0.7953429695 0.7899069818 0 0.8021582167 0 0.571353607 0.7654958965 0.8914058148 0.8520755495 0.5689621703 0.8248658094 0.82111378 0.8242582562 0.6518810295 0 0 0.7512732956 0.7598336027 0 0 0.8362363373 0.8703877816 0.8698458102 0.8673799045 0 0 0 0.5207385892 0 0 0.5179256315 0 0.7760126161 0.545589764 0.563682443 0 0 0 0
0 0 0 0 0 0 0 0 0 0 0.6722070058 0.6693737132 0 0.7726873994 0.6120559811 0.6490639286 0.6471858447 0.5365029357 0.849327246 0.7222684391 0.8391584337 0.7153533857 0.8109154831 0.8093676941 0.8145732698 0.8180654437 0.783235499 0.7749490672 0 0.5404050896 0.5315680227 0.5411755153 0.7110765152 0.6965273803 0.7064999257 0.7015419289 0.7096042872 0.7170865019 0.7122871354 0.860307847 0.6706620009 0.5756255459 0.7954731644 0.7965711926 0.7974177553 0.7945937883 0.80325683 0.8128901875 0.7604246314 0.7465671456 0.751454733 0.7468004877 0.6709959824 0.5493557904 0.7695245375 0.5519307843 0 0.8100151593 0.7569586094 0.7515020223 0.7520635026 0 0 0.6776662792 0.6432180054 0.8597933541 0.6313291616 0 0 0 0.5205148698 0.5147831814 0.5155443068 0.522088749 0.5153300869 0.6763298776 0 0.6778680833 0 0 0.688949675 0
0 0 0 0 0 0 0 0 0 0 0 0 0.6602048914 0.6649877689 0 0.8823160947 0 0.554904851 0.560499681 0.5175449967 0.5480806493 0.5398358363 0 0 0 0 0.5362880484 0.5873357194 0 0.540181882 0.5385010865 0.5367099539 0.7495446739 0.702466891 0.7007023671 0.6998996943 0.713308501 0.7084046734 0.7117013457 0.7245883279 0.7242038481 0.6769944908 0.8014875436 0.8023377409 0.8010586474 0.8026314728 0.8027356564 0 0.8056529672 0.7539182499 0.7457489711 0.6660351849 0.6709219111 0.554871629 0.5492245876 0.60031346 0.5565935449 0.787204501 0.8885376454 0.7525400205 0.5342050826 0 0.8456466865 0 0 0.8349411042 0 0 0 0 0 0.5185696868 0.5168745447 0.5146947706 0.5231267564 0.6699092066 0.6709353895 0 0 0 0 0.7476731988
0 0 0 0 0 0 0 0 0 0 0 0.7729695666 0 0 0 0 0.6470025578 0.7634674111 0 0 0 0.7294099711 0.7308924357 0.9168481694 0.9100988123 0 0.9127369752 0.9264436442 0 0 0 0 0 0.7088508411 0.6965442635 0.6927260167 0.6868115062 0.7064610659 0.7156458319 0.7185819519 0 0.6855486917 0.686775345 0.8086197606 0 0.8099540338 0 0.7656698779 0 0.745832706 0.6716938356 0.6618488718 0 0.6672059524 0.6566233342 0.5491164655 0.5497912689 0.5452014776 0.791977306 0.5369758547 0.536414463 0.5416755622 0.7140830758 0.5154496622 0 0.7641342461 0 0 0 0 0 0 0.5161217602 0.5231122205 0.5170267841 0.6759314895 0.6666951604 0.5129750648 0.7158959355 0 0 0.6898144221
0 0 0 0 0 0 0 0 0 0 0 0 0 0 0 0.6463202162 0.6374140806 0.7277679707 0.8124828226 0.8224446704 0 0 0.9075188055 0.9104530917 0.9081544334 0.9061137988 0.9084084724 0.6611215593 0.9224807384 0.9233877446 0.9266554292 0.7640657052 0.6314544297 0.7138992153 0.7012160954 0 0.6837207981 0.6893444483 0.7144011341 0.7212433471 0.7278605135 0.7368820797 0.8219654367 0.822529417 0.8163973587 0.8103170698 0 0.7710616053 0.7717598811 0.8466862128 0.6658644763 0.6640538557 0.6577427673 0.6536057987 0.6603739707 0.5455743767 0.5419708908 0.5511427002 0.5451336976 0.7151699705 0.8942554246 0.8998507516 0.5997087718 0 0.5058780263 0.5066997184 0 0 0 0.5717898054 0 0 0.8054782993 0.5223211832 0.5243698204 0 0.6760197418 0 0 0 0.5968780467 0
0 0 0 0 0 0 0 0 0 0 0 0.8086016798 0 0 0 0.6386404553 0.6390619826 0.8171886901 0 0 0 0.8995519112 0 0.8995816334 0 0.902839934 0.9109031859 0.9175036418 0 0.9249672301 0 0.7035796278 0.6767314631 0.6702534959 0.674516948 0 0 0 0 0.7258752828 0.7226757748 0.8142732364 0.8248878493 0.8188052443 0.8306460352 0.7357992137 0.7799017124 0.7763389311 0.7765328309 0.5525980191 0.6710065339 0.663788042 0.6545522606 0.6512377379 0 0.5442886788 0.5507741487 0.5421037976 0.7123500791 0.8859452785 0.7154544502 0.5966728333 0.5654166204 0.5105226563 0.6865297291 0.5011260716 0 0.7238546169 0 0.8331564349 0.6606594735 0.7389133221 0.665793287 0.7844573548 0.5277808433 0.6794224474 0.6821371328 0 0 0 0.8405262004 0.8479744823
0 0 0 0 0 0 0 0 0.6786102477 0.7274803939 0.7811410701 0.776389803 0.7827038123 0 0.6465703438 0.5114441443 0.66683576 0 0 0 0 0.7088103295 0.8995476308 0.9006788475 0.8981461539 0 0.9104670478 0.9178454926 0.926967205 0 0.9312881258 0.8085925629 0.5862539291 0.6670856259 0 0.5848721606 0.8910413799 0.9003745698 0.8808102075 0 0.7711106681 0 0.653701447 0.8244600642 0.8244768511 0.7385149609 0.7441230814 0.8925671303 0.5850282388 0.5600807175 0.6692536461 0.6633762161 0.6573908795 0.6522306465 0.6610271944 0.5599150866 0.5513873774 0.7077822102 0.7162799934 0 0.8902759978 0.5685026568 0.5604553797 0.567860549 0.5047606864 0.5292157346 0 0.8728145169 0 0.7224964084 0.6684511193 0.659234004 0 0.7149449243 0.8518482354 0.8502495605 0.612863356 0 0 0 0.5006700141 0.5096101696
