landscape/hab_quality/256/simulation_000040_p061_h070_HABMAT_patch_more_500pix_modified.asc_ac_0.5_quality.asc
NCOLS 513
NROWS 513
XLLCORNER 0
YLLCORNER 0
CELLSIZE 9.980507
NODATA_VALUE NaN
[rows 84 to 111 of 513, columns 441 to 503 of 513]
0.5933350739 0.6450664896 0.7663299821 0.7615352336 0.7595007639 0.7557324189 0.6473545832 0.6576109713 0.6133368044 0.6209440697 0 0.5539054224 0.8663495836 0.8729372897 0.8642114153 0.8608014805 0.851504591 0.8481323495 0.8508945286 0.8443736893 0.8530028976 0.8597569052 0 0 0 0 0.5523052233 0 0.7639554449 0.768519021 0.7679909264 0.5980186096 0.6506890789 0.5975462313 0.6969684281 0 0 0 0 0.8240657827 0.8192656212 0.6231951218 0.5015179044 0.7149309889 0.9019951002 0.8959315999 0.897583467 0.6348302993 0 0.6683278571 0.8334406835 0.849896833 0.8096023721 0.8491459179 0.6002926662 0.6043625142 0.7940371664 0.7992318974 0 0.7952492927 0.7758678233 0.7758786822 0
0.7387032509 0.6429460259 0.7627303129 0.7595533049 0.7522676693 0.7607588812 0.6541513518 0.6468736982 0.7246580267 0.6215464495 0 0.538223261 0.5279447966 0.5313120269 0.8678043536 0.8598680904 0.8579928509 0.8484852987 0.8530368291 0.8601579543 0 0 0.79739946 0 0 0 0.7603946829 0.7570722857 0 0.7592511842 0.7605544231 0.5913981995 0.5919996661 0.5934352816 0 0.7051749293 0 0 0.6204871573 0 0.6154426645 0.530985685 0.6109015821 0.6124660727 0.9020515117 0.8972021989 0.8964571345 0 0.6988201208 0.6943762161 0.825101941 0.7573350659 0.8097720878 0.6538114547 0.6190428658 0.7388593242 0.8053254393 0.5580980035 0.7999059914 0.8200656996 0.7995966079 0.5141863717 0.5151492674
0.545605846 0.6471120465 0.7686065006 0.7563244696 0.7577761149 0.7570619834 0.6511390026 0.6506203297 0 0 0 0.6939338518 0.5293854229 0.5233104399 0.8692777826 0.8603060684 0.8648154269 0.8657346335 0 0 0 0 0.6302876961 0 0 0 0 0 0 0.7506422059 0.7510853986 0.5880468001 0 0 0 0 0 0 0.6135939578 0.6120945608 0.6201222404 0.6243345981 0.5236526088 0 0.524323655 0.5293087988 0 0.5647003298 0.6904090254 0.6970372129 0.6506376916 0.8165226308 0 0.6609325962 0.5179408609 0.7399335301 0.7390449695 0.746458153 0.6465036635 0.8290605461 0 0.5165239107 0.7332236939
0.7741538272 0.5551168517 0.6624292745 0.5817763082 0.7570896822 0.7600513889 0.7646423293 0.6670119054 0.669396823 0 0.6932258523 0 0.5234693145 0.8756566028 0 0.8680422965 0.8690450267 0.5389648189 0.5449347473 0 0 0.855709246 0 0 0 0 0 0 0.7450035047 0.7463236773 0.7547602174 0.589051021 0.5834959986 0.5859525405 0.5956647184 0.746872371 0.738209943 0.7445808994 0.6119347268 0.6171221471 0 0 0 0.5236018887 0.519470758 0.5245576763 0.5317578514 0 0.6999524633 0.6969406701 0.6534060303 0 0 0.511609104 0.5106951874 0.7415679536 0.7457831086 0.7414052465 0.5509661844 0.8403083277 0.8450892765 0.5259124242 0.6906043301
0.6599891673 0.6545879944 0.6583882263 0.7782540984 0.7271578109 0.8797028338 0.6655166303 0.6601561086 0 0.6697404232 0.6952460609 0.6979668249 0 0.8756421381 0.8732351231 0.8769383003 0.8701047031 0.550299306 0.5401003139 0.5459878424 0.7481146516 0 0 0 0 0 0 0 0 0.7513880094 0.7597079599 0.592984707 0.5839304971 0.5894468473 0.6816136386 0.7444019302 0.7560331052 0.6106971722 0.6192111904 0.519162083 0 0 0 0 0 0 0 0 0 0 0.7228939667 0.7280263926 0.5060613514 0.5187640881 0.5130532647 0.5113169938 0.7873501931 0.6827457431 0.8405521245 0.5501721783 0.8198124851 0.7323594378 0.5352736568
0.7530083633 0.6310667346 0.5179184044 0.6726365678 0.662766647 0.6562080634 0.6577536188 0 0 0 0.7049945602 0 0 0 0.8830504642 0 0.5529000046 0.5556762385 0.5565728185 0.7389902285 0.7472866982 0.8273881693 0.8253035574 0 0 0 0 0 0.7533689206 0.7621819406 0.7701369112 0 0 0 0.7777639064 0.7307968115 0.6082634533 0.6175494201 0.6140766422 0.8395323365 0 0 0 0 0 0 0 0 0 0 0.6333842865 0.7684943426 0.5201174224 0 0.7715085967 0 0.5882781029 0.5658136601 0.8956487301 0.829426921 0.5409914511 0.5454840997 0.553725018
0.628622965 0.842200037 0.5192284337 0.6733416484 0.6660584629 0.8689855011 0.7260532061 0.7225636884 0.7326910469 0 0 0 0.8119025999 0.8353424479 0.8306011228 0.8312839914 0 0 0 0.8414911947 0 0.7226229049 0.8324844905 0 0 0 0 0.8194950915 0.7560641848 0 0.7669160567 0 0 0.7606522827 0.5955985607 0.6020764965 0.6114160763 0.6151083641 0.8447598442 0 0 0 0 0 0 0 0 0 0 0 0 0 0 0 0 0.6748297255 0.6073143752 0.562934831 0.5688913654 0.8295221914 0.5408755409 0.5392869935 0.5427467498
0.6300341531 0.6385454703 0.7358173711 0.7796110549 0.7251257297 0.8714702101 0.7283814859 0.7228115108 0.7931384395 0.6602231139 0 0 0 0 0.8304569986 0.835605256 0.7955183714 0.7855909695 0.7785738946 0 0.6718095193 0.6784936913 0.5820120714 0.6013496222 0.6006183527 0 0.813820103 0.8146256905 0.7724955405 0.762864946 0.758680824 0.7521565066 0.752475072 0.7564505633 0.5995968923 0.5978274469 0.6086121134 0.8494940763 0.8464396297 0.8538539629 0 0.6570488075 0 0 0 0 0 0 0 0 0 0.5257394515 0.6521225556 0 0.6998736161 0.5245659011 0.5728019195 0.5629236572 0.561028571 0.5436115355 0.5400231984 0.5356394442 0.5397148011
0.6115356596 0 0 0.7703084706 0.5614455543 0.716652867 0.7244525574 0.6986554081 0.6987371726 0.7334274544 0.6700462055 0.7384781136 0.573306492 0.5131337364 0.8401403427 0.8321175779 0.7429510184 0 0.6923058226 0 0 0.750058999 0.8662740809 0.714416357 0.822474549 0.8221186337 0.8140410835 0.8154215391 0.7711820452 0.5118961037 0.7596112795 0.7608216775 0.7552366318 0.6095518027 0.8058350343 0.5999508275 0.6104315574 0.8676080709 0.8583498758 0.8596633922 0.7041367675 0 0 0 0 0 0 0 0 0 0 0 0.6608837652 0.6615570794 0.5192271654 0.8825449813 0.5098375038 0.791246594 0.5620145229 0.7575566377 0.5363917586 0.5398292176 0.6676026608
0.6656238995 0 0.760327911 0.6727250796 0.7225173789 0.7239645763 0.7177497677 0.7110564198 0.6610588447 0.7174392556 0.6748554719 0.6789096882 0.5374823033 0.7588043881 0.7547603983 0.8960430855 0 0 0 0 0 0 0 0.8363662533 0.8299920892 0.8239907859 0.823739254 0.8195507128 0.8212720372 0.7727590734 0.7633349344 0.765460953 0.7714568278 0.7727842862 0.8130332991 0.7698638545 0.8631685999 0.8586253127 0.8663075611 0.7794719294 0.8856838654 0.5106725591 0 0 0 0 0 0 0 0 0 0 0.5291953258 0.525446225 0.7826291509 0.840382941 0.7589450752 0.7411342968 0.7803485549 0.7822767882 0.7758415003 0.555043424 0.5520030147
0.5245940669 0 0.6673704548 0.6725199035 0.6726303508 0.7247225829 0.5345445963 0.53745102 0.7116669748 0.7168955563 0.83715283 0.6901542071 0.8481435902 0.8172538227 0.8607497248 0.7632237226 0 0 0 0 0 0 0.7327006231 0.8337152151 0.8333908331 0.8259436269 0.8282143206 0.8251675576 0.7481677023 0.7838653702 0.7710564232 0.5916583045 0 0.6622754088 0.6668032641 0.6157932987 0.6195395717 0.6203647547 0.6419402518 0.7853174292 0 0 0 0 0 0 0 0 0 0 0 0 0.7574584549 0.7540703146 0.7812238859 0.787426242 0.86419675 0.8661956039 0.7829814148 0.7735777732 0.5485642569 0.5481987694 0.7392339024
0 0.6316692469 0.6228358695 0.6279140518 0.6767055823 0.7331201596 0.7345892116 0.7414064934 0.696672244 0.686201269 0.6839781428 0.6913235941 0.6855248744 0.6903552351 0.6406043153 0.7685487533 0 0 0.7329635066 0 0 0.7104686083 0.8418404152 0.8390405756 0.845095958 0.8259964145 0.8298440918 0.8286918297 0.7830406647 0.7804682092 0.5297921771 0.6572681354 0.6570835365 0.6571602582 0.6645946062 0.6736445051 0.6148332276 0 0.6151878758 0.6228466706 0 0 0 0 0 0 0 0 0 0 0 0 0.7566225147 0.7483789119 0.5241164237 0 0.8627330249 0.8588084132 0 0.8591796405 0.5475403053 0.545342179 0.5521016427
0 0 0.6222000334 0.6972389877 0.6881457353 0.8524457092 0.8470674488 0.5056556908 0.5154134585 0.6780207687 0.6803226178 0.6839253121 0.6864105192 0.6356265194 0 0.5955128157 0.5333453916 0.7009113648 0.599963431 0.7055096003 0 0.700785586 0.7037309457 0.8484812443 0.8285688166 0.8358098775 0.8352856843 0.8058808389 0.8263569163 0.7991597355 0.8613040396 0.8612371268 0.8592942107 0.6632675306 0.6661180113 0.6739937672 0.616083265 0.6076759704 0.6121805481 0.6714640425 0 0 0 0 0 0 0 0 0 0 0 0 0 0.8969542843 0.6598476469 0.7510336443 0 0.8623762405 0.8584651033 0.860901794 0.5472231769 0.5528580673 0.8862045852
0.6406778311 0 0.6212744546 0.6629585762 0.8466247024 0.84562716 0.5798565543 0.5055991845 0.5070805761 0.6756788578 0.6764876568 0.685693461 0.6879732343 0.5345526729 0.534711144 0.5366165654 0.5283021212 0.5835527986 0.5549866341 0.5630061327 0.6996992881 0.6981242666 0.6985864124 0.8400203415 0.8361940881 0.8380980111 0.8363016331 0.8029811514 0.7989437928 0.804228841 0.8558912353 0.8528341017 0.6668755692 0.6671590124 0.6696447501 0.6673817468 0.6157071914 0.6091490586 0.6082165809 0.6085048461 0 0 0 0 0 0 0 0 0 0 0 0.8993922221 0.8955317669 0.8969368363 0.9100436917 0.8571259514 0.8593611019 0.854543374 0 0 0.8612491863 0.7766635047 0.817128777
0.6410975276 0.629315007 0 0.6583900681 0.6564348841 0.8471766352 0.8491973144 0.5023334859 0.6728619337 0.6777988426 0.7206168288 0.7162139946 0.7186566907 0.5324464054 0.5306074228 0.5334020516 0.5615585843 0.5616618876 0.5538582328 0.7007614123 0.6980187578 0.7037742814 0.705761677 0.8390928203 0.5084542574 0.8584770338 0.8122786564 0.8089124894 0.8080541828 0.8641425077 0.8539322818 0.8623141037 0.5275235763 0.5293695497 0.5305236576 0.6710074673 0.5112222413 0.5904197076 0.6391609979 0.6084803952 0 0.5465173853 0.5400331707 0 0 0 0 0 0 0 0.9068033409 0.9004992447 0.9052760745 0.9052097483 0 0.7803357577 0.8578367913 0.8508098648 0 0 0.9069151736 0.8720101105 0.6726369269
0 0.6318612797 0 0.6500712142 0.6595116211 0 0.8139275025 0.6679660443 0.833047414 0.6742499673 0.7251788722 0.7155901678 0.7202177371 0.5325349492 0.533464982 0.5377798216 0.5590411671 0.5547141328 0.7044529065 0.695625681 0.7037802035 0 0.7193971805 0 0 0.8138566732 0.87793809 0.8212157962 0.8535231221 0 0.8587574117 0.8665991768 0.5193882827 0.5214629013 0.5274276352 0.5371990391 0.784901538 0.705276415 0.64022503 0 0.5929196965 0 0 0 0 0 0 0 0 0 0 0.9022343145 0.6084140908 0.9142208437 0 0 0.7698443768 0.8584035047 0.9000120099 0.8978328816 0.9049703871 0 0.5974007306
0.5890990775 0.6573485853 0 0 0.6581566662 0.65448241 0.6545476518 0.6612302976 0.5291521297 0.7513184987 0.7529407336 0.748991994 0 0.534885504 0.5354865857 0.7749482054 0.5603329971 0.5596120023 0.7032013248 0.6972709639 0.7030409192 0.7129013546 0.7104043081 0 0 0 0.8707468957 0.8631042487 0.8629522996 0 0 0 0 0.521690726 0.5279501631 0.6976988858 0.6351581157 0.6379769756 0.863367662 0.6198953339 0.7325948478 0 0 0 0 0.7292152593 0 0 0 0.7188341964 0.6815224648 0.6810809301 0.6824713246 0.6816550817 0 0.7819820567 0 0 0 0.8866059453 0 0 0.8723843478
0.5891905361 0.6621044835 0.6012593891 0.6634415276 0 0.6561342105 0.647663297 0.6512974913 0.5680061829 0.5655674744 0.7442371697 0.7522871108 0.7526300974 0.7584270121 0.6457623488 0.8775451744 0.5635927615 0.5670416375 0.5642166669 0.7067647476 0.7123172974 0.7037639507 0 0 0 0 0 0.8686656102 0 0.6974842563 0 0.8733675621 0 0.5649076491 0.5654889319 0.6265291308 0.6296355252 0.6395125175 0.7019588195 0 0.6221169905 0.8024606548 0.5778675908 0.7328336591 0.7521338464 0.5258578128 0 0 0 0.5425940007 0.6780407362 0.6737779924 0.6811452648 0.6853038893 0.7751066933 0.7704479172 0.7680226258 0.7523905543 0 0.6257333964 0.8049989601 0 0.8354839878
0 0 0 0 0.664128338 0.6475134254 0.6573609337 0.6493548908 0.5662565557 0.7502908703 0.7499287805 0.7478323847 0.7606017455 0.5859435561 0.6543187516 0.6492525073 0.8822050018 0.8889975048 0.7069646975 0.7157242902 0.707138068 0.711669988 0 0.7983996919 0 0 0 0 0 0 0.7026820976 0.75198922 0 0.5707490781 0.6343755498 0.6323891114 0 0.6126678144 0.6098977101 0 0.5992229595 0.8088366163 0 0 0.5803888407 0 0 0 0 0.5716592991 0.678792681 0.6763915799 0.678187594 0.6888619583 0.8275519404 0.7665216105 0.768111034 0.8933621993 0 0.7024306867 0.6248696693 0.6254955676 0
0 0 0 0 0 0.6494839397 0.6593494954 0.6576402031 0.6536017872 0.5715780145 0.5753667312 0.7384546707 0.6044521962 0.5173728068 0.5115336251 0.6416279921 0.5381872159 0.9030133114 0.6429833589 0 0.7987672227 0.5451856321 0.6671447257 0.8615413318 0.6590747049 0.6563423722 0 0 0 0 0.7163148195 0 0 0 0 0 0 0 0 0 0 0.7998383711 0 0.7742140414 0.5740029009 0 0.8917822138 0.578203286 0.5732577197 0.6452978235 0.5711973022 0.5746373235 0.834482982 0.6625295457 0.7697378264 0.7701175524 0.7703822424 0.7393217615 0 0.6310193567 0.6317787591 0.628878928 0
0 0 0 0 0 0 0 0.6599351272 0.660077279 0.5734896653 0.5782767718 0.7811392146 0.7651827031 0.5645739823 0.7671563826 0.8314589296 0.8932220218 0.595769975 0.7110492035 0.8039695757 0.7991594066 0.8026965053 0.7045048952 0.6635061701 0.658154787 0 0 0 0 0.7225226951 0.6411967607 0 0 0 0 0 0 0 0.8226809857 0 0 0.7096790876 0 0 0.7683576297 0.7638012491 0.6014382401 0.5971448103 0.5959822649 0.5643829699 0 0.8128901217 0.8298602015 0.8289982605 0.8351243283 0.5821471878 0.8124235082 0.5373430375 0.6986347119 0.6919037061 0.6900887944 0.6717611786 0.6509408363
0 0 0 0 0 0 0 0 0.6607884385 0 0.542779596 0.7632985486 0.7587924425 0.7592972691 0.5942261936 0.7204534035 0.5887504497 0.5881988483 0.5931462677 0.6336777185 0 0.7043456223 0.6725772662 0.6649636111 0.8434565127 0 0 0 0 0.5680043695 0 0 0 0 0 0 0 0 0 0.5716593615 0.5656650978 0.5700364137 0.6322543159 0.7744713282 0.7686287797 0.7609960258 0.5920573039 0.5950461009 0.5884336413 0.5958079706 0.7134388351 0.8185214911 0.8113895376 0.8383645324 0.8356689873 0.5761153826 0.579645224 0.8250563767 0.5315422156 0.6312625662 0.6880861222 0 0.7056095469
0 0 0 0 0 0 0.8383382365 0.6682320284 0.6673555784 0.67016277 0.7518684871 0.7525397766 0.7549779548 0.7609017387 0.5923561121 0.5872662935 0.5871464601 0.591594329 0 0.7643620363 0.7719095576 0.8822298932 0.5133191828 0.5132879917 0.6226152771 0 0 0 0 0 0.7962648254 0 0 0 0 0 0.8577684313 0.8483009132 0 0.5811086191 0.5650215861 0.5636693047 0 0 0 0.7531892596 0.7522090929 0.5852555712 0.5937407273 0.5148903687 0.5082060836 0.8502868312 0.8154520918 0.8125293517 0.8458137192 0.755890652 0.6665662301 0.8236467437 0.8184445387 0.5245508443 0 0.69311304 0.7080938258
0 0 0 0 0 0 0.5174486117 0 0 0 0.7512479545 0.7490051085 0.7541234242 0.7619620295 0.5935025066 0.5886071361 0.5882124342 0.5886337937 0.5895733322 0.7733823599 0 0.747266878 0.5095744175 0.7246265892 0.7284894463 0 0 0 0 0 0 0 0 0 0 0 0.850768455 0 0.6827802853 0.6840906458 0.572475992 0.8535928864 0.5716897143 0.5819090304 0.5818954865 0.7562223885 0.590297657 0.5900016856 0.5865177271 0.5051092662 0.6289728644 0.5122981357 0.9038875446 0.6692993099 0.9005772652 0.5370130706 0.5313627962 0 0.5327634181 0 0.5313598059 0.7063415698 0.714502373
0 0 0 0 0 0 0 0 0 0.6981412661 0 0.7512262834 0 0 0.5912778632 0.5972720184 0.5959907653 0.8568705909 0.8717238292 0 0 0 0.7220566314 0.5830788046 0.7244087422 0 0 0 0 0 0 0 0 0 0 0.5666562814 0.7940713334 0.8559663357 0.6905090683 0.6810590673 0.8626845497 0.8615439299 0.8571437048 0.574462562 0.5611312369 0.5443535454 0.677130379 0.6172317615 0.6232130384 0.6228485609 0.6279114675 0.5288546366 0.9039971071 0.8979339775 0.8994727834 0 0 0 0.6448319405 0.6451416049 0.7158904605 0.7080784638 0
0.6140066981 0 0 0 0 0 0.5165212894 0.8680563329 0 0.8312321147 0.8696738024 0.8452590555 0.8216920192 0 0.5962411239 0.8570269293 0.8523644222 0.8623489134 0.7983399903 0.685740529 0.6915161965 0.7824584003 0 0 0.7291791099 0 0 0 0 0 0 0 0 0.873196984 0.8639524191 0 0.6740797923 0.6780800554 0.7239334347 0.6759472114 0.6819034391 0.8599714106 0.5834100742 0.5844612968 0.6581344874 0.6081767742 0.6078355783 0.5913063183 0.6096881759 0.6134518706 0.6327393525 0.5520097743 0.9024519984 0 0.9031589976 0 0 0 0 0 0.6311689054 0 0.8294284899
0.5415832003 0.6716871509 0 0.5643746741 0.6875752 0 0 0.5237379178 0.6515238781 0.7265883079 0.8934645868 0 0.7682834769 0 0.5764711728 0.8538408477 0.8600808084 0.858301044 0.8635693039 0.6816912124 0.688732996 0.6921624201 0 0 0.5221121492 0 0 0 0 0 0 0 0.8819620272 0.8702910993 0.8728654245 0.8689283952 0.6788592424 0.6717308209 0.6692995796 0.6760031872 0.886174065 0.6913340509 0.6593651618 0.7866262899 0.545763087 0.603155565 0.5983137939 0.6093393923 0.6072743252 0.6074884619 0.8113166722 0.6005073492 0.7111970634 0.8719738254 0 0 0 0 0 0 0 0.8268084309 0
0.7577554843 0.7567207947 0.6229334295 0.8403267702 0.7283699842 0.5847873122 0.5103639661 0.7887954695 0.7867925615 0.7894750983 0.7486669044 0.5344878259 0 0 0.6561595537 0.5677790716 0.6926084266 0.6856306269 0.6801491549 0 0.6835238917 0 0 0 0 0 0 0 0 0.610301561 0.7271638335 0.7332661923 0.6283686357 0.6031952443 0.8296275709 0.7978341588 0.7902103073 0.6740766429 0.6776682097 0.6753598105 0.6783105218 0.8908012641 0.5837467665 0.6153651676 0.7861176274 0.7829291026 0.6018702174 0.5972330805 0.6110246752 0.6140434265 0.6091516354 0 0.5475901182 0.6024698107 0 0 0 0 0 0 0.8272776358 0.8437053684 0
