landscape/hab_quality/256/simulation_000069_p054_h066_HABMAT_patch_more_500pix_modified.asc_ac_0.5_quality.asc
NCOLS 513
NROWS 513
XLLCORNER 0
YLLCORNER 0
CELLSIZE 9.980507
NODATA_VALUE NaN
[rows 384 to 415 of 513, columns 216 to 287 of 513]
0 0 0.6113033873 0.6045845236 0 0.6215771481 0.6170321363 0 0 0.8274920412 0 0.7484074653 0.7426510335 0.5946662062 0.592828531 0.5934283422 0.539685625 0.6502193009 0.8541543043 0.85601973 0.8705033102 0.86388309 0.7846110501 0.8197560303 0.8272999561 0.8344540222 0.5987884126 0.5990735971 0.692674095 0.6779960034 0.6777121934 0.687686386 0.8218563544 0.8151406648 0 0.6614042323 0 0 0 0 0 0 0 0 0 0 0 0 0 0.5760264499 0.5652721184 0.6943762267 0 0.7015554967 0.6933347501 0.7013689649 0.8603456036 0.8642401064 0.6362811581 0.5255502601 0.5137937714 0.745282892 0.7501429566 0 0.7277371917 0 0 0 0 0 0 0
0.8879112923 0.8701658197 0 0 0 0 0 0.7119692729 0.7085650335 0 0.7263532339 0.8883850896 0.6806232696 0.5933464278 0 0.5832870506 0.6485866415 0.6439655541 0.8547599211 0.8531834267 0.8554360465 0.8653373982 0.8362998336 0.8899814079 0.5584014012 0.5998442615 0.607202867 0.5536084742 0.5547456647 0.8503352484 0.6684944969 0 0.8237811616 0 0.8201807276 0 0 0.6716393178 0 0 0 0 0 0 0 0 0 0 0.6463816967 0 0 0.5415189708 0.6963474956 0.703052248 0.6957711055 0.8579266718 0.8483306072 0.8575013256 0.8867408123 0 0.7554122086 0.7443286891 0.741462925 0 0 0 0 0 0 0 0 0
0.6727485103 0 0 0.6847806874 0.6764703899 0 0.8718641633 0 0 0 0 0.7193551521 0.6809392998 0.7039456224 0.5896601464 0.5288633233 0.7205966592 0.6504822767 0.8629028399 0.862530753 0.8567305606 0.8275601913 0.685975605 0.6163797469 0.5508876135 0.5544271671 0.547100239 0.5423477448 0.5453275008 0 0.659411049 0 0 0 0.660715045 0.6494537924 0.6463813482 0.6983547046 0.7148793832 0 0 0 0 0 0 0.8002181931 0 0.8910275122 0.5372332778 0.6525403915 0 0.6083638741 0.7013796447 0.754258877 0.7473725072 0.7527993955 0.7530864435 0.8538344438 0.6490647578 0.790567404 0.7444119377 0 0 0 0 0 0 0 0 0 0 0
0 0.5070812241 0.5059097527 0.5009696859 0 0.7689751389 0.8805469933 0.8769015311 0.6279776738 0.6642765843 0.6266621744 0.6118655571 0.6028753431 0.5968057401 0.5926044017 0.5926108623 0.8465992757 0.6663965026 0.5832177536 0.8392568242 0.8303718006 0.8295338761 0.8328017802 0.6044133557 0.6124745262 0.5481261096 0.5449817251 0.5407521659 0.5458022851 0.5547311667 0.6664714929 0.6578449057 0.6524047092 0.5144635474 0.5133470003 0.6528030846 0.6932036951 0.6927542675 0.7059160146 0 0 0 0 0 0 0 0.6129238785 0.8077478393 0.8165432542 0 0 0.7596462747 0.749397956 0.6900476456 0.744664332 0.7483703997 0.7543837157 0.8546845146 0.6809487867 0.8104987907 0.8194034009 0.8492349356 0 0 0 0 0 0 0 0 0 0.7671625053
0 0 0 0 0 0.8830878641 0.5743490462 0.8869138615 0.6268297694 0.6214965586 0.7550476702 0.7000348027 0.6697333774 0.5453248424 0.6012909839 0.5909633782 0.8386096609 0.5910324403 0.8416110191 0.8366340684 0.8392774261 0.8370520714 0.6162471382 0.6072004333 0.6043891415 0.5462413668 0.5507369627 0.5476141881 0.5483056276 0.6667351275 0.6665517421 0 0 0 0.6624028681 0.6951378286 0.7023337582 0.8921029598 0.5326433096 0.5378122833 0 0 0 0.65289408 0 0.6192211865 0 0.8598745284 0.6856490819 0.5095648438 0.7583784984 0.7519686827 0.752224126 0.7424953039 0 0.7478284284 0.7510922225 0.6346122634 0.6321512906 0 0 0 0.746854387 0 0 0 0 0 0 0 0 0.871482436
0 0 0.6870120862 0 0 0 0 0.5120183729 0.6194959032 0.8083184121 0.5823990916 0.6905523226 0.6896255376 0.6693782805 0.8571438761 0.6709544272 0.5848994188 0.5933854827 0.535618835 0.8424828751 0.8387818557 0.840910943 0.8470032117 0.6075127537 0.6076671844 0.6119915271 0.5489713833 0.553500346 0.5498557398 0.6365334291 0 0 0 0 0.5130141017 0.67083826 0.5424103025 0.5388937994 0.5290638461 0 0 0 0 0.6625137834 0 0 0.6213495267 0.6913348817 0.6919310693 0.6909502395 0.7593122811 0.7493941302 0.7492686208 0.7499779695 0.743502402 0 0.7549666433 0.6085539971 0.6338166712 0 0.5344646266 0.646035814 0.7473102883 0.6831588794 0.7458433669 0.6033733527 0.6020212295 0 0 0.5872211294 0.868075252 0.7091533139
0 0.5373317396 0 0 0 0.6754914739 0 0.6749169291 0.6114976398 0.5818101639 0.8496337785 0.8288428025 0.6812234834 0.6736449086 0.6668791591 0.7188831462 0.5946617369 0.5880656518 0.5251791519 0.6883703236 0.8443109588 0.624778631 0.6230899979 0.7229274236 0.6174920016 0.6131747232 0.6165326746 0.5743608353 0.6052941054 0 0.6333077238 0 0 0 0.6709820498 0.5408589019 0.5401524737 0.5471570991 0.5370165449 0.5308601253 0.8189924781 0.7652257616 0.580484797 0.5726204838 0 0.6232156708 0.6305495729 0.628910488 0 0 0 0 0.7617414891 0.7517013291 0 0 0.7534224781 0.816839681 0.8191064328 0 0.639076106 0.6429694506 0.7123998132 0.5919159166 0.5979426318 0.5994599883 0.5943692762 0 0 0.5856725646 0 0.7043751575
0.8523178123 0.7671806229 0 0.5005814207 0.7981265449 0 0.6691652542 0.6771505593 0.764640519 0.8400409715 0.7360349806 0.7376587478 0.7354582448 0.7375646898 0.6096211555 0.6105058847 0.8489143228 0.810367479 0.6518622447 0.6949322142 0.6942959008 0.6338311179 0.6294388197 0.6226650172 0.778233172 0.6222447504 0.6164944486 0.8662389428 0.648328326 0.6351752341 0.6391344903 0.6421974807 0.6779321693 0 0.7719379483 0.7242499791 0.7259297654 0.7928109507 0 0.6421417544 0.6765553951 0.6981137411 0.6885564628 0 0 0.5680826966 0.6301978935 0.865973597 0.8136759464 0 0 0 0 0.752889002 0 0 0.7494055404 0 0.6310870896 0 0.6385213307 0.6797964115 0.6428941001 0.5972456494 0.5906901145 0.5899901344 0.5902636102 0.5980944308 0.8028416849 0.8001276057 0 0
0 0.7164162184 0 0.70515539 0.7061209153 0.6736819978 0.6742164619 0.7718407804 0.7722107525 0.7171153341 0.6710080449 0.7357115365 0.7352103403 0.7389057656 0.6086804052 0.8203140551 0.8471073279 0.8402383699 0.6776348957 0.8159372285 0.6425673066 0.6378178519 0.6301967283 0.7401751328 0.7475245491 0.5560849966 0.872490615 0.5578201429 0.5636505323 0.6394999286 0.8941351376 0.7678436929 0 0.6878290477 0 0.6786400754 0.7057453783 0.7053762711 0.8757798623 0.7085999984 0.7093251348 0.6977139104 0.6972696429 0.6662358085 0.6628366569 0.7318029774 0.5101912505 0.5610689234 0.7471489319 0 0 0 0 0 0 0 0 0 0 0.6309958293 0.7860346876 0.6771826138 0.6851413994 0.5964291057 0.5900234034 0.5822070816 0.5859924749 0 0 0.8052311056 0 0
0.8554069458 0.5641516153 0.557440075 0.7044984457 0.6443137448 0.6385954522 0.5600966359 0.6106795881 0.664062101 0.5095820734 0.6799081225 0.741925148 0.7399797637 0.7357241795 0.7089475158 0.616411252 0.6778615134 0.6760017355 0.8473313965 0.5429605167 0.5370169891 0.6367523805 0.6394691671 0.7429674743 0 0.5556932127 0.5530882997 0.554526046 0 0.7332233291 0.6890436138 0.6850205664 0 0 0 0 0.6970979383 0.7021633327 0.7036696499 0.8593311222 0.8369526577 0.5874613241 0.674900144 0.5947765457 0.8879422816 0.791898999 0.7931762989 0.7985677911 0.7025933743 0 0.6424270539 0.672523835 0 0 0 0 0 0 0.6346665134 0.6368359073 0.8193671766 0.7923744558 0.6803669799 0.5958997008 0.589283394 0.5853268935 0.5919588017 0.5936385976 0.5954393835 0.5559166774 0.8220914871 0
0.8546239081 0.8592377521 0.7116155589 0.7259074632 0.7049245664 0.5565566497 0.5481899654 0.8488574581 0.5522296923 0.5570398952 0.8531485148 0.7429836807 0.7397925569 0.7448997153 0.7364613461 0.7405812569 0.6775473264 0.6726871241 0.6067031657 0.5456064592 0.5363235256 0.8215681162 0.7470087153 0.7085213356 0.7469531536 0 0.5502244742 0.5557796021 0.7399554618 0.7324657886 0.7300292974 0.6872731989 0.6848085455 0.7477657053 0.808775935 0 0.6933977558 0.5834071959 0.7723661158 0.7112330722 0.64677505 0.6453352029 0.5887538645 0.6508334507 0.5854366613 0 0.8286058343 0.6666354174 0 0 0.8825747378 0.6644538332 0.5540828246 0 0 0 0 0 0.6412060396 0.6467749705 0.7674017684 0.7987954437 0.799149067 0.7996565696 0.5899593173 0.5915029032 0.5907145082 0.592722322 0.5956126847 0.7081340621 0.6664861093 0.7082058901
0.8580335745 0.8639403565 0.5715320768 0.8819577509 0 0.5425542613 0.5452730909 0.5494523474 0.5495395974 0.6935647739 0.7770914346 0.7600599969 0.7687937347 0.7604175032 0.7725931736 0.7716291838 0.6806226578 0.6788506354 0.6753734669 0.5299722034 0.682683474 0.5437313265 0.7474808768 0.7472671735 0.7503669048 0.7330014616 0.553740187 0.7292048994 0.729487325 0.7357076599 0.8540561958 0.7367152498 0 0 0 0 0.594898746 0.5752954193 0.7582001121 0.6361303071 0.6355595281 0.6408231467 0.6499849741 0 0.6884069159 0 0 0.8458457449 0.8450596035 0 0.5969188206 0 0 0 0 0 0 0.6018333666 0.8952909755 0.6328956239 0 0.8945148022 0 0.8079790845 0.59927631 0.59846508 0.5997598495 0.6226407361 0.6230708914 0 0.7003264961 0.8675920024
0.8632391679 0.7247852825 0.8654920875 0.8726832109 0.5740877274 0.544623445 0.5512603177 0.5561139633 0.6709002011 0.6904012737 0.6551489437 0.7672800226 0.7598143281 0.7659717237 0.7660891359 0.7684193119 0.7754652035 0.8353880568 0.53623105 0.5386377962 0.6881746969 0.6809240331 0.6888233089 0.6852751488 0.8488291007 0.7192963536 0.7186082153 0.6050086782 0.7288382786 0.8547994845 0.7421380577 0 0 0 0 0.6650666994 0.5773810529 0.5795833711 0.5792722633 0.635587637 0.6309458931 0.6405680187 0 0 0.6852772366 0.6771361941 0.6824463104 0 0.7621276414 0 0 0.595000955 0 0 0 0 0 0 0.5473985493 0.8963999659 0.8869113274 0 0 0 0.6499567861 0.6257065744 0.6251914279 0.622894445 0.6309665046 0.6278001666 0.6049667366 0.6766631349
0.8890472675 0.7082283562 0.8706665807 0.8664326041 0.5704525495 0.7921350264 0.7962009351 0.6247728107 0.6694055264 0.6634462037 0.7695218881 0.7681963814 0.7613204916 0.7626415839 0.7655963342 0.7705922018 0.7013949381 0.700052708 0.5515112218 0.6961882015 0.6874455603 0.6837543214 0.683264809 0.6906764709 0.6979293753 0.6302739817 0.696761415 0.689541597 0 0 0 0.5590727061 0 0 0 0 0 0.7040829888 0.7140329433 0.639253147 0 0 0 0 0.6758866062 0.6760940303 0.5216609742 0 0 0 0 0.5950102323 0.6031629842 0.5319047953 0 0 0 0 0.5394619876 0.8974213124 0.5876532284 0 0 0 0.5419816549 0.6302713953 0.8731318802 0.6324550578 0.5226144972 0.7142916061 0.6136013749 0.6094073998
0.7137761911 0.7131479879 0.7056013382 0.5846383167 0.8010763311 0.7944198795 0.8234422538 0.8170022879 0.6184565317 0.8125750202 0.6643002318 0.7635038207 0.7700517159 0.5558196017 0.772464461 0.7701077503 0.7461071318 0.6964762071 0.7034875123 0.688974957 0.8815571453 0.8031917324 0.806380608 0.6893532494 0.8228969038 0.7067689659 0.5519316099 0.6983531641 0 0 0 0 0 0 0 0 0 0 0.7044040561 0 0.6906409896 0.7159005261 0.6715479907 0.6711614671 0.6745060053 0.5135105757 0.5176831174 0 0 0 0 0.646969173 0.6459108879 0.6540033363 0 0.7960970717 0 0.5392757459 0 0 0 0 0 0 0.8788843996 0.7080706178 0.8587078415 0.7896899744 0.7094994886 0.7011228088 0.581956877 0.5909120246
0.7129173091 0.7074996671 0.6079406949 0.8517618437 0.6126811985 0.6345714501 0.8250322883 0.8129227203 0.8091744903 0.81705261 0.8153086996 0.721626445 0.7129331754 0.7213697401 0.5655341328 0.7423688261 0.7510424603 0.7134779676 0.6324541925 0.5143021856 0.8158006473 0.8442960801 0.7996015575 0.6940070133 0.8502978761 0.5537364659 0 0.6670142617 0 0 0 0 0 0 0 0 0 0.564673847 0 0.7074503152 0 0 0.6761009172 0.6735192817 0.5032567913 0.5079655335 0.5423961446 0.6008944441 0 0 0 0.6507102719 0.6497572851 0 0 0 0.7741869331 0 0 0 0 0 0 0 0 0.8850377994 0.5462589278 0.6660676482 0.7107139926 0.7122836976 0.7177777597 0
0 0.7101272612 0.8617391627 0.5914766924 0.8613010723 0.8618668231 0.8264132586 0.8147662569 0.8142828938 0 0.8223898457 0.7167664251 0.7118187578 0.7215965376 0.7499552264 0.7461023659 0.7499110255 0.5426838359 0.551786612 0.8161987838 0.817019516 0.8086806886 0.8053905847 0.8069520532 0.5233885105 0.5141304321 0.6634173526 0.6611482702 0 0 0 0 0 0 0 0 0.7392718396 0 0.5651484138 0.7426637029 0.7819917845 0.5249375334 0.8773907173 0.8765252563 0.5523197567 0.5104799231 0.7057264556 0.7471537463 0 0 0.7329439842 0 0 0.6557347834 0.5149743901 0 0 0.7696250511 0.7085045452 0 0.7153103411 0.5839336817 0 0 0 0.8452008583 0.649301112 0.6590221063 0.6568042133 0.7212287227 0.7190836386 0.771271561
0 0 0.6106357944 0.592683615 0.6535069357 0.8692719073 0.506192951 0.6770431054 0 0 0.8252450283 0.7210793891 0.7186598243 0.7928467865 0.7520045743 0.7821302598 0.688669855 0.5370863528 0.5447784372 0.8599588941 0.8151423281 0.6727390487 0.6645805133 0.6706971542 0.7000076731 0.7012593005 0.7020932736 0.5195980665 0.6709482552 0.5139928184 0.5051488765 0.749864354 0 0.8496929568 0 0.7337993311 0.7356746012 0.7326209031 0.720252977 0.5465051955 0.7961445907 0.8842597132 0.8840594242 0.8824929488 0.884226307 0.6954402111 0.5059043778 0.7907649932 0.6562119322 0.5393404674 0.5765510909 0 0.7946462032 0 0.8346373283 0 0 0.7724677443 0.710393963 0 0.5516844046 0.5958476859 0.830299829 0 0.6122800469 0.6538574851 0.651000555 0.6475086319 0.5403173494 0.6600782232 0.5730908773 0.5698942489
0 0.6077021388 0.6019658736 0 0.5778753501 0.5143658006 0.647137534 0.5551031403 0.5485000103 0.5566757883 0.7209758234 0.7266257743 0.7994650375 0.7932645937 0.6563286244 0.8589479587 0.5918328745 0 0.5510840026 0.5462435338 0.8320943843 0.6673724697 0.664475647 0.6614023821 0.662314012 0.6986285461 0.5222348818 0.5294332398 0.8146179023 0.5127776867 0.8117576635 0.6474320432 0.7244843909 0 0 0 0.7323635304 0 0.6727905565 0.8288000262 0.5602702718 0.5621686104 0 0 0.6880317458 0.6912341036 0.630002772 0.5515394937 0 0 0 0 0.7869806409 0.7906757327 0 0 0.7178295796 0 0.5419863334 0 0.6156615069 0.8388310818 0 0 0.6135202317 0.657677155 0 0.5381683758 0.5390478135 0.554199643 0.8149933469 0.5621316539
0.6141827156 0.610151714 0 0.5727879021 0.5760246403 0.6105836411 0 0.7768403572 0.8119751471 0.5936586106 0.6004217083 0.8067066395 0.8888536845 0.7508415417 0.7435977383 0.7518244239 0.7163864678 0 0 0.536060928 0.8962878937 0.858108434 0.6707009387 0.6671869348 0.7629831638 0.7622173178 0.7642429 0.766238301 0.8143809467 0.8062902743 0.5185923557 0.5137384893 0 0.7216599336 0 0 0.6689015509 0.6360716219 0.572615041 0.7358624429 0.5534712121 0.5528413406 0.5594429824 0 0 0.693481151 0 0.8770968043 0.5458305864 0 0 0.7929834955 0.7911508849 0.6729257034 0 0 0 0 0 0 0 0.6080868936 0.6082398785 0 0 0 0 0.5408793283 0.5444591069 0.5488430534 0.8207914821 0.5723362074
0 0.6797773145 0 0.5757429877 0.6472915309 0.6084102921 0 0 0 0.5921758291 0.6000288128 0.5948565201 0.7531539183 0.7420609003 0.7424226189 0.7520604512 0.706903479 0.7165605028 0 0 0.8650504603 0.892372827 0.856353592 0.5172528526 0.7573721737 0.7550858401 0.7600127898 0.7627234323 0.7567861947 0.5628029683 0.5097847786 0.519464602 0 0.7223256216 0 0 0.6052437602 0.7842092521 0.635701593 0.5632636551 0.5571483066 0.5624678487 0.8420954178 0 0 0 0 0 0.5743438652 0 0 0.5820186223 0 0 0 0 0.5791155878 0.5449378937 0.8879533515 0 0.8917289496 0.7759275238 0 0 0 0 0 0.5470038739 0.550262793 0.5451604569 0.8303675252 0.7208395012
0.7840709703 0.7876685743 0 0.8021015405 0.8072655466 0.8010530536 0.5564008808 0 0 0.5978912377 0.5914174855 0.5887369845 0.6304420818 0.7663853564 0.7615299971 0.6411401181 0.6376820516 0.7133653314 0.8503072144 0.8562538434 0 0.8537096282 0.8542486993 0.8576926669 0.7708665152 0.7621106249 0.7642692519 0.5572484919 0.5551162696 0.7222671307 0.8743434083 0.5136515604 0 0 0 0 0.7632745092 0.6419039394 0.7937452314 0.5630354726 0 0 0.5586757411 0 0 0 0 0 0.5874692178 0 0.5820152198 0.5853954492 0.8260140512 0.8026439753 0 0.6229079079 0.5723261763 0.5756792104 0.8807725717 0.883846597 0 0.8940746702 0 0 0 0 0 0.6072078449 0.6105971882 0.6779908522 0 0
0.7833139482 0 0 0.804499716 0.7989504059 0.8072226932 0 0 0.5892260737 0 0.6178990158 0.5937916956 0.7490625621 0.749721645 0.6269501052 0.6315621658 0.6303655324 0.6393750764 0 0.8485275983 0.8483842481 0.8481673729 0.8526923721 0.8519771495 0.7768377272 0.7746235951 0.8086658728 0.8161732394 0.582671952 0.8742025791 0.8510284434 0.8503559404 0 0.8727073122 0.8750400107 0 0.7557507758 0.8557048685 0.5639439917 0.5684376867 0 0 0.6603545522 0 0 0 0 0.5384581273 0.7225631087 0.5864026338 0.5887578315 0 0.5933891317 0.6533637012 0 0.5715134746 0.5751079134 0.570160305 0.566955632 0.5676060129 0 0 0.6015478498 0.814624408 0.8076418589 0.6169114019 0.6151565863 0.6127235695 0.608620676 0.6827359321 0.6303028981 0.6292960188
0 0 0.7853553943 0 0.7992152871 0 0 0 0 0 0 0 0.6009837542 0 0.8672199197 0.6234717479 0.6923951967 0 0 0.8578001082 0 0 0 0 0 0 0 0.8096001984 0.8838517498 0.8777292482 0.8746379527 0.8529193325 0.8453882682 0.853675402 0.8668706249 0.8675241562 0.5638899315 0.5564676298 0.5935567805 0.6859080142 0 0 0 0.6628350092 0 0.5277204665 0 0 0.5872121466 0.5959087847 0.5949950804 0.5908120597 0.6341111475 0.7203558137 0.5975090086 0.5960743168 0.5686828946 0.5682991108 0.600182304 0.5974427102 0.5876876006 0.6106923674 0.856163467 0.8134220702 0.5912379814 0 0 0 0.8800161628 0.5144615405 0 0.6249567538
0 0 0 0.7875794573 0 0 0 0 0 0 0 0 0 0 0 0.8426411631 0.8404371771 0.8422693444 0.8623234088 0 0 0 0 0 0 0 0 0 0 0.8333717142 0.8266062607 0.8200612078 0.8443521386 0.8497619448 0.8591828705 0.8646092442 0.5566626375 0.56180784 0.5519691342 0 0 0 0 0 0 0 0.665024991 0 0.7110989708 0.676056738 0.7549212371 0.7518722226 0.6563278554 0.6527420931 0.5954514924 0.589018861 0.5687383757 0.5254273084 0.5976492251 0.5871699695 0.785968793 0 0.6041916278 0 0 0 0 0 0 0 0 0
0 0 0 0 0 0 0 0 0 0 0 0 0 0 0.8448447658 0.8393331327 0 0.8478409689 0.8703985383 0.7169604724 0 0 0 0 0 0 0 0 0 0 0 0.8239898086 0 0.8503020389 0 0.8652011156 0.7240339693 0.5571170212 0 0.7451730426 0 0 0.834195211 0.7703086325 0 0 0 0 0.7710544725 0.6097422044 0.8223683259 0.7156004384 0.7034542751 0.6470673055 0.5533295878 0.8804189304 0.5890402547 0.5475226527 0.7426759964 0.8833635688 0.5908750321 0 0.7125149785 0 0.7199547054 0.7235073051 0.7868357043 0.7812431412 0.7786543973 0 0 0
0 0 0 0 0 0 0 0 0 0 0 0 0 0 0 0 0 0 0.7080207376 0.9029489129 0.6173228864 0 0 0 0 0 0 0 0 0 0.8083857552 0.8128614028 0.8115211982 0.8554917862 0.8590398011 0.8617629564 0.7230710754 0 0 0.6447997808 0 0 0.7730747072 0.76435689 0 0.7744435156 0.7645102664 0.7708636319 0.7795852111 0.7812276247 0.7052089557 0.7079677039 0.7117057229 0.6983074358 0.7081485739 0.827275173 0.7740528926 0.524699049 0.7430613643 0.7348516297 0.7468007 0.7170900573 0.7121659784 0.7108688678 0.7205357956 0.7472083079 0 0 0.7805180726 0 0 0
0 0 0 0 0 0 0 0 0 0 0 0 0 0 0 0 0.8562239615 0.8481842649 0.8967751017 0.761850091 0 0 0 0 0 0 0 0 0 0 0.8080009053 0.8072178992 0.7114535321 0.7174252809 0.7142590935 0.8670167724 0 0 0.63650981 0 0.6544902574 0.7732818327 0.7693563132 0.7687694443 0 0.7716182513 0.7662451903 0.7725556645 0.77843963 0.87045467 0.7100967535 0.7025497605 0.694179846 0 0 0 0.7645044062 0.7688955711 0.7386910964 0.7409485517 0.7436751574 0.7203961329 0.7163001262 0.8501668404 0.7128824713 0 0.6358602449 0 0 0.8649203002 0 0
0 0 0 0 0 0 0 0 0 0 0 0.8766760787 0 0 0 0 0 0.8564162265 0.8483733541 0.6630545016 0 0 0 0 0 0 0 0 0 0.8256863228 0 0.8095492812 0 0 0.7225525385 0 0.7180498528 0.6381047039 0.6388641326 0 0.5561825354 0.5101804054 0 0.5553307176 0 0.7720968085 0.6611691464 0.781196202 0.7858374835 0.7883505229 0.7048127316 0.7080012489 0.7123277469 0.6986089276 0 0 0.7728603663 0.7637932302 0.7612649879 0.752075863 0.7456284182 0.7509254801 0 0.7155248564 0.8445257763 0.7205233748 0.81325697 0.6349849195 0.8594766532 0 0.8731713902 0
0 0 0 0 0 0 0 0 0 0 0.7698880549 0 0.8063243377 0.5827001363 0.5046751238 0.6645649297 0.8647592017 0 0.7628693493 0 0 0 0 0 0 0 0 0 0 0.8327719191 0 0 0 0 0.7323445531 0 0 0 0 0 0 0 0 0 0.5990581743 0 0 0 0.5599307293 0.5597577157 0.5576221647 0.7508689325 0.8836043961 0 0.8579708546 0.5356146455 0.7712344682 0.7673853728 0.7580699999 0.7525315207 0.7602622458 0.7516156027 0.7522797233 0 0.895100566 0.8925527964 0.6495010162 0.5504175752 0.6616851325 0.7324137168 0.7264799965 0.9066994044
0 0 0 0 0 0 0 0 0 0 0 0 0 0 0.6517593948 0 0 0 0 0 0 0 0 0 0 0 0 0.7322835281 0.7349577631 0.8364194257 0.8320371748 0 0 0 0.6215299811 0 0 0 0 0 0 0 0 0 0.6839804145 0 0 0.50056257 0 0.5527801259 0.5574196885 0.8174902315 0.8903312501 0.8818271661 0.5726015864 0.8569454013 0.6593895688 0.7599532285 0.7631377004 0.7660960448 0.760723307 0.8205788847 0.9009638435 0.8943579848 0.9026758241 0.7624611714 0.7561900749 0.8947138632 0.8057865779 0.7328953094 0.89873011 0.8502185164
0 0 0 0 0 0 0 0 0 0 0 0 0 0 0 0 0 0 0 0 0 0 0 0 0 0 0 0 0 0 0 0 0 0.8464499739 0.6171691897 0 0 0 0 0 0 0 0 0 0 0 0 0.8045410308 0.5587392473 0 0.5579618509 0.7305814835 0.8892460394 0.8843546708 0.5892590553 0 0.7648757405 0.7705655493 0.7697766623 0.7683390531 0.6067952095 0.6100811066 0.6006255489 0.7796880562 0.681530159 0.7681675608 0.5014795917 0.5732105043 0.579775229 0.8391694838 0.8424905069 0.7681128405
