landscape/hab_quality/256/simulation_000054_p048_h070_HABMAT_patch_more_500pix_modified.asc_ac_0.5_quality.asc
NCOLS 513
NROWS 513
XLLCORNER 0
YLLCORNER 0
CELLSIZE 9.980507
NODATA_VALUE NaN
[rows 30 to 59 of 513, columns 408 to 475 of 513]
0.8870991163 0 0 0 0.5657048185 0.5700176587 0.5192182649 0.5110045389 0.8320702063 0.8885613036 0.8801718315 0.8751440668 0.8781945649 0.7889705963 0.6984357349 0.7863642748 0.594740275 0.5906691075 0.581188309 0.7233097557 0.7175716259 0.7143188876 0.7131263159 0.7075662981 0.7135808096 0.7239403752 0.7263620776 0.7262567057 0.6694357386 0.5210913199 0 0.8892384333 0 0 0 0 0 0 0 0 0 0 0 0 0 0 0 0 0 0 0 0 0 0 0 0 0 0 0 0 0 0 0 0 0 0 0 0
0.879766366 0 0.543168789 0.5696983887 0.5718091619 0.5659917787 0.7753106482 0.5164218139 0.5144063698 0.8837465563 0.8764945193 0.5661615985 0.8773153538 0.7867816674 0.7846715894 0.9104905017 0.9198878015 0.5884821004 0.5865364662 0.7223022326 0.7195788544 0.7170078464 0.7074393727 0.7172485937 0.7162886545 0.7192965332 0.7208258876 0.7229205004 0.7307238021 0.5141864272 0.8707923258 0.6722092505 0 0 0 0 0 0 0 0 0 0 0 0 0 0 0 0 0 0 0 0 0 0 0 0 0 0 0 0 0 0 0 0 0 0 0 0
0 0 0.5049610896 0.5741906654 0.5737422749 0.746749713 0.8488073109 0.8730643072 0.8846356935 0.8842192776 0.8931249095 0.8346604331 0.716061291 0.9065821125 0.904511651 0.9092232495 0.9102175113 0.9104799203 0.9089440794 0.7231188963 0.7226840956 0.7135347614 0.7078900419 0.7104324141 0.7120196909 0.7168791445 0.7254170167 0.7289119737 0.6739388207 0.6747078102 0.6756562471 0.6765027449 0.8830746283 0.8643100626 0 0 0 0 0 0 0 0 0 0 0 0 0 0 0 0 0 0 0 0 0 0 0 0 0 0 0 0 0 0 0 0 0 0
0.7129463337 0.6674105055 0.6672937715 0.6743172897 0.5772495532 0.532851722 0.5158684565 0.7777968708 0.8904799421 0.8853595911 0.8877053259 0.8314218352 0.7797367425 0.9104162202 0.9028751851 0.8982082231 0.9006535881 0.9039639672 0.9083729495 0.5825190667 0 0.7208759343 0.7205460317 0.7188290739 0.7186986207 0.7257033508 0.7176861049 0.5313691234 0.6757334759 0.6703799242 0 0.8843392449 0 0.769719761 0 0 0 0 0 0 0 0 0 0 0 0 0 0 0 0 0 0 0 0 0 0 0 0 0 0 0 0 0 0 0 0 0 0
0.6728637593 0.6718244396 0.6762324012 0.6716068554 0.5323906394 0.5415974192 0.8674238894 0.5963754056 0.7898499677 0.8933406214 0.8190725492 0.5149261778 0.6701857215 0.9114961446 0.9048461416 0.8967838372 0.9007006776 0.9099375421 0.9078068021 0.9137639089 0.5865657392 0.8078648703 0.7226975329 0.7260019578 0.7217416508 0 0.7220554452 0 0.674204903 0.6717860975 0.7189580081 0.6152729138 0 0.585471758 0 0 0 0 0 0 0 0 0 0 0 0 0 0 0 0 0 0 0 0 0 0 0 0 0 0 0 0 0 0 0 0 0 0
0.5339999077 0.6737880225 0.5173046103 0.5415614523 0.5327218576 0.5423173152 0.8414114794 0.6868180684 0.8381207898 0.8359504658 0.7368262499 0.6986546628 0.8073730162 0.9059953249 0.9038075415 0.9066825585 0.9027107676 0.8080509746 0.6574583289 0.7150846912 0.8178050976 0.7243289401 0.730381442 0.7269797406 0.5634016836 0.7302240932 0.6855309305 0.6128379188 0.542692147 0.5457915803 0.6813133916 0.5653256212 0 0.5664895494 0.8083681938 0 0 0 0 0 0 0 0 0 0 0 0 0 0 0 0 0 0 0 0 0 0 0 0 0 0 0 0 0 0 0 0 0
0.8165603347 0.7159651534 0.7214969527 0.7185410702 0.7227406824 0.7105149862 0.7171910361 0.8319038151 0.8341252993 0.5823304664 0.5776824964 0.5848775218 0.6530565873 0.6473493889 0.9132676816 0.8006522891 0.8048877432 0.8059483967 0.8174397281 0.7097459785 0.578106913 0.5777872461 0.7325819085 0.7357395196 0.8461511703 0 0.6309128001 0.6455024181 0.6518400769 0.6514908366 0.5734423784 0.5728772867 0.5635714184 0.5660123344 0 0 0 0 0 0 0 0 0 0 0 0.7079819489 0 0 0 0 0 0 0 0 0 0 0 0 0 0 0 0 0 0 0 0 0 0
0.7164538351 0.7208812694 0.7158601363 0.706436206 0.7028708757 0.7072406855 0.6331527737 0.8396271617 0.7282001129 0.5546323367 0.5774259249 0.7317623622 0.6562205982 0.6521109434 0.6493463841 0.7968657455 0.8050960068 0.8090104426 0.5811084861 0.5796564736 0.5774206808 0.5792981004 0.5838567627 0.7052292467 0.710183796 0.702324099 0.625993489 0.6438508569 0.6423582085 0.6451353896 0.6263223 0.5643993666 0.5687632361 0.5707072487 0 0 0 0 0 0 0 0 0 0 0.6825184673 0.6160798322 0.6625637389 0 0 0 0 0 0 0 0 0 0 0 0 0 0 0 0 0 0 0 0 0
0.5766297081 0.7126036985 0.7048634666 0.7062496672 0.6995642222 0.7004488068 0.7097905319 0.8639059201 0.5585482913 0.5859516985 0.5788809129 0.5325244468 0.8662504185 0.7299532004 0.7268269594 0.734839483 0.7987177336 0.6537650671 0.5811181127 0.5866394386 0.5813445174 0.5837346243 0.5856648258 0.646777579 0.7006977143 0.7097938577 0.634733141 0 0.6520714888 0.6449170511 0.5715013468 0.5650263212 0.5741074273 0 0 0.509247612 0 0 0 0 0 0 0 0 0 0.6115723466 0 0 0 0 0 0 0 0 0 0 0 0 0 0 0 0 0 0 0 0 0 0
0.7171460789 0.7113452749 0.7107787939 0.704301539 0.7019538172 0.7034520648 0.7056847597 0.6599742816 0.5178911318 0.5092840162 0.7044417289 0.7499761253 0.7633191561 0.7337488329 0.7316168953 0.7861763105 0.778997609 0.7810170374 0.5405691309 0.652348241 0.643337751 0.6478905473 0.6448877831 0.6524032749 0.5914874399 0.7058744222 0.72686098 0.7202936518 0.7255233819 0.7194746853 0 0 0.5062443782 0.5082799315 0 0.8934118458 0 0 0 0 0 0.5747436458 0.5801613973 0 0.5782607291 0 0 0 0 0 0 0 0 0 0 0 0 0 0 0 0 0 0 0 0 0 0 0
0.5677007623 0.7181134418 0.6547474439 0.7080927086 0.7142279475 0.8998868859 0.896604563 0.9053351661 0.8390172852 0 0.5126068994 0.8324686364 0.7674458725 0.6921082938 0.7911911451 0.7782522765 0.7771582796 0.7834703534 0.5447035904 0.6474359127 0.6420806602 0.6430490297 0.6479197176 0.683524321 0.7826630508 0.8466461474 0.8754203899 0.7189211233 0.7167553438 0.7199084948 0.8641094811 0 0.5774748459 0.511015903 0 0.8853176197 0.6094949657 0.8774512016 0 0 0.5786418982 0.5734280591 0.5779036887 0.54561358 0 0 0 0 0 0 0 0 0 0 0 0 0 0 0 0 0 0 0.6119447918 0.5102164821 0 0 0 0
0.5619916593 0.5592806749 0.9014188732 0.8971417716 0.8900617635 0.8955431983 0.8990651125 0.796945631 0 0.7969280321 0.8495782503 0.6148237582 0.6040479998 0.8441003079 0.5784533582 0.7823786454 0.782886863 0.7809094021 0.6530104529 0.7827431494 0.6370857117 0.6381248248 0.6304637406 0.6335518406 0.646803375 0.6497020037 0.8428055698 0.71814575 0.5732023122 0.7335590009 0.6569194065 0.5713084734 0.695418013 0.6945771084 0 0 0 0 0.5582105812 0.8283639241 0.5704530165 0.6987663614 0.8809581634 0 0 0 0.5966859931 0 0 0 0 0 0 0 0 0 0 0 0 0 0.5467816842 0 0 0 0 0 0 0
0.5645644273 0.5590794392 0.5530062403 0.896349271 0.8991644077 0 0.9053727944 0.7954164185 0.793251527 0.7932538091 0.6903476007 0.8355278032 0.833404286 0.8439507664 0.8364392824 0.6964157099 0.8339487039 0.8420062329 0.8648076126 0.7861584128 0.7766516799 0.6283380958 0.6331851767 0.6311732003 0.6443373095 0.6497182627 0.6581340168 0.5611226313 0.6167031803 0.6569435233 0.6507096291 0.6945764223 0.6940099558 0.7166472117 0.7100519115 0.7091853963 0.7090000337 0.7008910479 0.7040495864 0 0.6954060514 0.6945123764 0.6914243255 0.8768423724 0 0.7126248125 0.7105709146 0.7043295053 0 0.7160547579 0 0 0 0 0 0 0.7550128559 0.5853730222 0 0 0 0.5400941834 0.5411927918 0.6972577928 0 0 0 0
0.7193093104 0.5580812735 0.900119962 0.9010274528 0.9041121679 0.911685288 0.9154446097 0.7984252384 0.7992870022 0.7990803801 0.8024606117 0.8365715888 0.8323058185 0.8302201359 0.8353683198 0.832330865 0.8417805249 0.5114205846 0.859080004 0.7837744052 0.7764922238 0.7747389753 0.6264328524 0.6346845789 0.6355958089 0.6470363845 0.6624044872 0.5979072442 0.8383219079 0.8366452186 0.8379479683 0.8420085413 0.7197596887 0.7119464374 0.707776386 0.7056788214 0.699425561 0.7070297757 0.7007566609 0.7092198646 0.6953329376 0.6865559844 0.6933519565 0.8769708641 0.8847716371 0.7103809176 0.7109956267 0.7043145327 0.7111680551 0.7166847773 0.7195268683 0 0 0 0.6858609684 0 0 0.7561465735 0 0.5836892128 0 0.5471694613 0.5465867101 0.6995658218 0.6958205061 0 0 0
0.8516784631 0.8448737138 0.8693602805 0.9082225284 0.9111323782 0.9041442069 0.9214654597 0.8524204591 0.8008716283 0.7998370937 0.837285897 0 0.8279557049 0.8278770218 0.8281211308 0.8355129276 0.8407455132 0.8468216796 0.8548382179 0.8626215276 0.7805337618 0.6299738066 0.6345612523 0.6351922677 0 0.5216710844 0.5260355539 0.520160944 0.5216636512 0.8426007557 0.8328859212 0.8271799193 0.8304878911 0.7101781925 0.7125153343 0.7009877631 0.6974215907 0.6939900305 0.7001259046 0.7006865996 0.6888791295 0.6921086882 0.6951754927 0.6953382954 0.704537092 0 0.7012888955 0.7108086904 0 0.7172322537 0 0 0 0 0.8304850094 0.751647291 0.7324276673 0.7524512557 0.758933304 0.5354613003 0.7279116929 0.8838529973 0.7329930884 0.7055468384 0.6987274547 0.6972827685 0.7831615567 0
0.8500852921 0.848440905 0.8683158439 0.8621221107 0.8674230853 0.5772703498 0.9258578505 0.9309896358 0.8863211656 0 0.7775171765 0.8371408918 0.8309862054 0.822787009 0.8325663316 0.8318678644 0.8491707844 0.8163790363 0.8471494788 0.7423137468 0.7456508026 0.7371061364 0.5381452807 0.6371407304 0 0 0.5186415975 0.5160568452 0 0.8582344166 0.8275379711 0.8264026908 0.8325840788 0.7114086655 0.7158294204 0.7065614782 0.7005289068 0.6918413169 0.6981399155 0 0.7018561491 0.7029788746 0.7044232518 0.6990734233 0.7060479007 0.7011645526 0.7063671369 0 0.725521021 0 0 0 0 0 0 0.5744473168 0.7582340505 0.7498596384 0.7568002862 0.7567669508 0.7243964055 0.7239047713 0.7243131629 0.7719270783 0.7035754583 0.534104555 0 0.7765782203
0.9031711245 0.6209537079 0.8717679794 0 0.8714680534 0.7532065219 0.7066328724 0.7989101265 0.8835065009 0.7809811893 0.8463640126 0.8433827693 0.8240168452 0.8290897386 0.8275524533 0 0 0.8648711026 0.7438675408 0 0.7382656169 0.736368639 0.7413804833 0 0 0 0 0.7562635188 0.7922579981 0.7917890234 0.8301036103 0.8327657502 0.8338902093 0.8419868575 0.7112966698 0.7083464547 0.6995044086 0.7009122448 0 0 0.7324061369 0.6667227145 0.7067463693 0.7018725714 0.7016501619 0.7048152818 0.7092645134 0 0 0 0 0 0 0 0.7140551306 0 0.7559751002 0.6916658694 0.7539453672 0.7598627005 0.7212930925 0.7208333269 0.7235705799 0.7963898365 0.613388981 0.7935684934 0.7773437141 0.7829405264
0 0.9023502691 0.7824884241 0 0 0.7088795279 0.8786181184 0.8920981321 0.6013901321 0.7178139999 0.6478899137 0.6467397869 0.6514800689 0.7378814373 0.6955807067 0.6868636409 0 0 0 0.6663565777 0 0.6586402131 0 0 0 0 0.8109751651 0 0 0 0.8013180434 0.8404484865 0.8417954687 0.8398833203 0.7173566539 0 0 0 0 0.7347983421 0.7336858026 0 0 0 0 0 0 0 0 0 0 0 0 0 0 0.6481183264 0.6508748923 0.7594217199 0.7585982334 0.7584930727 0.7246055449 0.7277936983 0.7279781402 0.7964873229 0.7912148406 0.7956928709 0.5928293688 0.6301809124
0.8942470791 0.898673191 0 0 0 0.6785792126 0.6668740286 0.59167104 0.590837168 0.5992540847 0.6447388226 0.6453196636 0.6408884202 0.6935538986 0.682673043 0 0 0 0 0.6615858438 0.6581022363 0.6664614445 0 0.8270482603 0.5620975178 0 0.5127814192 0.7848090162 0.7894370782 0 0.5840456811 0.5805673739 0.5781855547 0.585577947 0 0 0 0 0 0 0 0 0 0 0 0 0 0 0 0 0 0 0 0.5891639778 0 0.6476269438 0.6490301065 0.6541971936 0.738572442 0.7672394632 0.7651004194 0.6453714546 0.5596039079 0.7699557965 0.5026306962 0.8004568328 0.5834168087 0
0.8989951015 0.897229682 0.9142093432 0 0 0 0 0.5460168002 0.5903157013 0.6500658875 0.6450113419 0.6405243685 0 0.8315538174 0.6737635158 0.824515547 0 0 0 0 0 0 0 0.5956967347 0.6684584065 0.6658011738 0.6646596105 0.6723563528 0.7836820235 0.7746014029 0.5761341541 0.577191886 0 0.578496898 0.587736045 0 0 0 0 0 0 0 0 0 0 0 0 0 0 0 0 0 0 0.6637530394 0.6553311948 0.645485914 0.6464192163 0.6414404659 0.6316885345 0.6286079294 0.6304062326 0.5629722073 0.5634746216 0.836963822 0.6229407874 0.6109094428 0.5858346213 0.7774434018
0.9034215105 0.9077231164 0 0 0.781422455 0.7769180797 0 0 0 0.6516995395 0.6462917438 0.6480557605 0.6478908609 0 0.823365287 0.695320804 0 0 0 0 0 0 0.5900520085 0 0.6588091428 0.6610275283 0.6613072888 0.7760954553 0.7745734068 0 0 0.5695295193 0.5725575901 0.5815174589 0.7339729292 0.5883860441 0.6905305198 0.525415357 0 0 0 0 0 0 0.8557911623 0.5794322176 0 0 0 0 0 0 0 0.6435223562 0.64094385 0.6415891637 0.6386991859 0.6318888019 0.6280225128 0.6282087325 0.5106157613 0.7284427194 0.5711199483 0.8838734542 0.5907400639 0.5859448643 0 0.7797186089
0.9148453626 0.9094579494 0.9153051879 0.7887710479 0 0.7714344363 0.7676442595 0 0 0.6496908486 0.6507158225 0.6565108854 0.6534235229 0.6579760653 0.567657255 0 0 0 0 0 0 0.5986618926 0 0 0.6585882915 0.6543798103 0.6614212645 0.7772620313 0.7699201021 0 0 0 0.5697839733 0.7766264365 0 0.6360089945 0.8952184352 0.5404742847 0 0.8316725322 0.7520302094 0.5897890565 0.5560822904 0.5590775025 0.553757147 0.8799346416 0 0 0 0 0 0 0 0 0.6416924396 0.636854786 0.6261508035 0.6222666194 0.6193145805 0.6205376741 0.6313935294 0.6385602408 0.6183504043 0.7201030516 0.8407546961 0.8386237167 0.8382990072 0
0.9145405328 0.9137882537 0.9190071992 0 0 0.7690574749 0 0 0 0.8003188324 0 0.6579908008 0.6593632794 0.6579306052 0.5204622742 0 0 0 0 0 0 0 0 0.7614524704 0 0.6576667821 0.6636575035 0.7735182306 0.7796344524 0 0.8712213745 0.6645034663 0.5542297254 0.5228142545 0.7621344756 0.5382884338 0.5344074175 0.6717699766 0.8288504105 0.7337603745 0.5359921553 0.5608427165 0.5522701325 0.5520446812 0.5516358966 0.7970476529 0 0.6935674065 0 0 0.532590527 0.6877023009 0 0 0.643196752 0.6365624412 0.6310058597 0.6247633852 0.6170999226 0.6192307203 0.6299358817 0.5707263141 0.5707491084 0.6251171464 0.8395393852 0.8315704973 0.8343999713 0.7389683803
0.9196465547 0.85676357 0 0.9261659255 0 0 0 0 0 0 0 0 0.6610833812 0 0 0 0 0 0 0 0 0.7613595183 0.7549869146 0 0 0.6666792782 0.7984480496 0.7885540243 0.7807819856 0.7868749836 0.5685415797 0.901875504 0 0.8977471712 0.7209055745 0.5288363339 0.8854909652 0.5204724339 0.8288857667 0.5598849378 0.7758386716 0.5531487711 0.5513776584 0.5475509194 0.5529933551 0.5566292786 0.8735294994 0.8758127419 0 0 0 0 0.7788564778 0.6442478785 0 0 0.6346798459 0.6219281474 0.6252233537 0.6222563663 0.6284995275 0.6320534335 0.5726079309 0.6159626733 0.8385321251 0 0 0.8769539045
0.7802202537 0.6132345936 0 0 0 0 0 0 0 0 0 0.8086803526 0 0 0 0 0 0 0 0 0.5801797615 0 0 0 0 0 0.7956971747 0.7894061283 0.7972350167 0.5969765267 0.5648216717 0 0.8924849779 0 0.9011803496 0.9010435643 0.5190738268 0.5210220641 0 0 0.618658719 0.5548994371 0 0 0.5501883677 0 0.8727393102 0.8723701209 0.8762900548 0.759290197 0 0.6368307108 0 0.6391940232 0 0 0.7858641323 0.73902321 0.6287349441 0.6276438272 0.5775720729 0.6296664235 0.7607394901 0.6232290157 0.6185045906 0 0.8692066439 0.8751585087
0.6905380371 0 0 0 0 0 0 0 0 0 0 0 0 0 0 0 0 0 0 0 0 0 0 0 0 0 0 0 0.8569804672 0 0 0.901582269 0.8983480773 0.8915718764 0.8977421477 0.9002644223 0.5154452471 0 0.6489517016 0 0 0 0 0.5584792626 0 0.5586082192 0.8743698045 0 0.8777673005 0.5045826249 0.8551347766 0.6361760347 0.6313689445 0.6367171396 0.6413015213 0 0.5839596408 0.6376193187 0.6358752177 0.6300293854 0 0.7188910636 0.7189738686 0.722877934 0 0.8764882253 0.8763193798 0.8702887475
0 0 0 0.7789577671 0 0 0 0 0 0 0 0 0 0 0 0 0 0 0 0 0 0 0 0 0 0 0 0 0 0.8669592186 0.6592953339 0 0.8986754812 0.9007776803 0.8919224338 0.9002475803 0.5081789675 0 0.513229788 0.671955356 0 0 0 0.8941347887 0 0 0.6713927624 0.507682767 0.5009527739 0.5013768104 0.8534607594 0.8456202476 0.6369042806 0.6333105132 0 0 0 0 0 0.733521782 0.5028958584 0.7232093404 0.7161973308 0.5068936939 0.6727477548 0.6539358312 0 0
0.8069830238 0.828057002 0.7944000373 0.8244196348 0.8377721037 0.7460530047 0 0 0 0 0 0 0 0 0 0 0 0 0 0 0 0 0 0 0.5319933115 0 0 0 0.7851883381 0.7886874142 0.7945741114 0.8994716565 0.9064346988 0.9015411456 0.9074552299 0.9123260408 0.9198054457 0.5097984889 0 0.6969153226 0 0 0 0 0 0.7036420567 0.7455428869 0.5083533932 0.8098295871 0.5092764517 0 0.8462455761 0.8420755023 0.7312694858 0.8096898522 0 0 0 0 0.7375854761 0.8006135678 0 0.8015501091 0 0.6199477898 0.609831389 0.600950958 0.6873303157
0.5828425416 0.8256940063 0.8235236455 0.8333453057 0.8376899684 0.8424278613 0 0 0 0.7277247814 0.8788993208 0.6974952176 0 0 0 0 0 0 0 0 0 0 0 0 0 0.5797711342 0.5709315589 0 0.7150885243 0 0 0.8004628831 0.9061992971 0.9055942559 0.9069517385 0.909238229 0.9207419342 0.5162166551 0 0.6927438784 0.6858124743 0 0 0 0 0.6418063927 0.7879848203 0.5046523346 0.6322580514 0.7943445268 0.8760263092 0.6578105877 0.6302977255 0 0.6390008543 0 0 0 0 0 0 0.7968587732 0 0 0.7817740446 0.5952824687 0.5286673895 0.589248231
0.5806585365 0.8251769314 0.8278210156 0.8273145391 0.8336862555 0.8834391531 0 0 0 0.7291112859 0.6166019988 0 0 0 0 0 0 0 0 0 0 0 0 0.516241332 0.7156311 0.8720377195 0.8676576603 0.8701011337 0.6124763447 0.5722652313 0.8233736085 0 0 0.9160650877 0.908554643 0.909962201 0.7259588438 0.6823744213 0.5787851801 0.5803612218 0.5823533437 0.6391711272 0 0 0 0 0.6381575554 0.5354006387 0.5194084455 0.7057511374 0.5807484127 0.5264710126 0.6347810441 0.6293992339 0 0.5045942096 0.8709113409 0 0 0 0 0 0.8035700996 0.6985823624 0.5526981737 0.7897650526 0.8406721984 0
