landscape/hab_quality/256/simulation_000043_p064_h010_HABMAT_patch_more_500pix_modified.asc_ac_0.5_quality.asc
NCOLS 513
NROWS 513
XLLCORNER 0
YLLCORNER 0
CELLSIZE 9.980507
NODATA_VALUE NaN
[rows 0 to 26 of 513, columns 61 to 121 of 513]
0 0 0 0 0 0 0 0 0 0 0 0 0 0 0 0 0 0 0 0 0 0 0 0 0 0 0 0 0 0 0 0 0 0 0 0 0 0 0 0 0 0 0 0 0 0 0 0 0 0 0 0 0 0 0 0 0 0 0 0 0
0.825205855 0.8251298661 0.8573648989 0 0.6425723954 0 0.5622938472 0.5609837266 0.5687730296 0.7435936474 0 0.7500649434 0.6747233097 0.6332245172 0.5945320951 0.5471238821 0.6936754756 0.7797705792 0.5060528052 0.8634064437 0.8736259296 0.7828409448 0.7815656916 0.8516750276 0 0 0 0 0 0 0.5859271436 0.8903310853 0.5095731987 0.5382156002 0.5374822933 0.5401111766 0.6504921448 0 0 0.6048030761 0.6068281357 0.7016888829 0.5426383835 0.8035982794 0 0 0 0 0 0 0 0 0.8232242359 0.8646310926 0.5649723709 0 0.6760287337 0.6179121839 0.9046901758 0 0
0.8157061807 0 0.5086112838 0 0.5461401607 0.6602958923 0.5667043236 0.7089252905 0 0.5601467171 0.5152930086 0.6659297184 0.6857532923 0.5140868586 0.8803122643 0.5521434881 0.8943452825 0.5840978403 0.5886454123 0.6255367012 0.8608583569 0 0.8525915432 0.8587050264 0 0 0 0 0 0.7142524707 0 0.6749195127 0.5423472646 0.873910308 0.5368304799 0.5435053889 0.8860161967 0.6051167895 0.6022445739 0.5995809568 0.6013837687 0.6726971788 0.7694369722 0 0.8080003183 0 0 0 0 0 0 0 0 0 0.763777381 0.8548248467 0.639288684 0.9038825337 0.8983018879 0 0
0 0 0.8509545954 0.5560722769 0.5559186616 0.5442680867 0.5423881828 0.8283917833 0.5661764909 0 0.7088782773 0.7573097754 0.760948614 0.8355870392 0.5197025463 0.6766284013 0.5481453184 0.8485992514 0.7770123065 0.659887872 0.6705631914 0.8173228801 0.8672320802 0.8891130414 0.8738970265 0.6603886645 0 0.6619792698 0 0.7735685994 0.7137340402 0 0.6572070202 0 0 0.7920338387 0.7884902754 0.6062503951 0.6022203919 0.5990357587 0.608227808 0.8192043236 0.7679161034 0 0 0 0 0 0 0 0 0 0.8489409431 0 0 0.8825395439 0 0.8640526371 0 0 0
0.8906820281 0 0 0.8671051117 0.8587131063 0 0.5326768263 0 0.845989751 0 0 0 0.7559383225 0.7642763607 0 0.6783008924 0 0.6242600841 0.6613822913 0.784622487 0.5991464789 0.6643207472 0.8207801868 0.8675548544 0.8694467152 0.6845634731 0.7817121025 0.7671660143 0.7812853012 0 0.6288387138 0.6581834152 0 0 0 0 0.7906280197 0.7105258856 0.6018259989 0.6148498269 0.6061738847 0.8178689555 0 0 0 0 0 0 0 0 0 0 0 0.8392450018 0.8973152024 0.8789304711 0.8276347755 0 0.9008840833 0 0
0.5488229869 0.8864630087 0.8462035591 0 0.6529776619 0 0 0 0 0.8083020052 0 0 0 0 0 0.5997284401 0.6002817408 0 0.5603264826 0.8025409195 0.6570804135 0.5740048995 0.5462252022 0.8667341995 0.8635924699 0.8570289409 0.8648393252 0.7762216856 0 0 0.8603367291 0.7508176405 0 0 0 0 0 0.7593964998 0.547803023 0.6078614406 0.5387544332 0.7654324543 0 0 0.6605204811 0 0.5928061371 0 0 0 0 0 0 0 0 0.7376360777 0.7431141311 0.8299470682 0 0 0
0 0 0.8398689126 0.7674932509 0.7056048536 0 0 0 0 0 0.8035884793 0.8090954429 0 0.7089670259 0.598943151 0 0 0 0.5846629279 0.5887475528 0.6336728438 0.6366889223 0.5319436895 0 0.860024803 0.8564598596 0.8635131384 0 0.7812958985 0.855356109 0.7322842494 0.5331351753 0.7933469584 0 0 0 0 0.7684168286 0 0 0.5838107998 0.5361771155 0 0 0 0.6001697431 0.5424371872 0.60063917 0.7211699468 0 0.7496360301 0.7467454987 0.7451092 0.848816238 0 0 0 0 0.6944879293 0 0
0 0 0 0.7012913365 0 0.558863997 0 0 0 0 0 0 0 0 0 0 0 0 0.5851313489 0.6235505554 0.6277098613 0.6278185783 0.5382402719 0.5306090932 0.545858468 0 0 0 0 0.6227224663 0.8851099285 0.5639525423 0 0 0 0 0 0.616405647 0 0.8365294667 0 0.5693526714 0 0 0.6938767238 0.8590962161 0 0.7586832695 0.7586514394 0 0 0 0.7492708147 0 0.865704198 0 0 0.5819380467 0.6924727362 0 0
0.8318330827 0 0.7029453396 0.552551616 0 0 0 0 0 0.5972056432 0.6571143182 0.5933946746 0.8108381924 0 0 0 0 0.5677109122 0 0 0.619396396 0.6244018922 0.709596176 0.6703819548 0.5342148482 0 0 0 0.8023711598 0.6168534825 0.6171807261 0.6273409417 0.5415305395 0 0 0 0.5722693056 0.6225667893 0 0 0.5719821095 0.5690881812 0.6330325254 0.5076156447 0.8677470888 0.8626615919 0.8567269807 0.7622061098 0.7525951394 0.7623004626 0 0 0.6306097057 0.6311213612 0 0 0 0.6857409326 0.6929789291 0 0
0.6474635165 0 0 0.5565657695 0 0 0 0.5271749972 0.5144744366 0 0.5906583621 0.5940534523 0.8178444366 0 0 0 0.5249421275 0.8274655887 0.631204902 0.6246016815 0 0 0.7127992939 0.8511185948 0.5714872073 0.5685228177 0.779689301 0.6113849152 0 0.6195607442 0.6224478487 0.594846835 0.6550075206 0 0 0 0.5625664652 0 0 0 0.6242927143 0.6264022997 0.6301497663 0 0.658007472 0.5380122709 0 0.7623301674 0.7539494733 0 0 0 0 0.6276267749 0 0 0 0 0.7383826337 0.6310819735 0
0.5712352991 0.6113003834 0 0.5061231356 0.8311418531 0.5848118362 0.8525472906 0.5187861624 0.5230120927 0.5299679628 0.5912303839 0.5917109268 0 0 0 0 0.7764757739 0.5178430489 0.6325831147 0.5969820838 0.5952842199 0 0.6742137635 0.6679258546 0.6698115897 0 0.6056985154 0.6124941573 0.619983577 0 0.5484120933 0.5896605892 0 0.6049338634 0 0 0 0.7608205011 0 0 0.79959999 0 0 0.6374599691 0.6103876405 0.6109640769 0.6111424529 0.5662851482 0 0 0 0 0.6344293234 0.6307478886 0 0 0 0.7279820117 0.6864327455 0.8874133609 0
0.8869923384 0 0 0 0.8251327916 0.8229573972 0.5214645124 0.5325296941 0.5211748074 0.5262505003 0.8201029724 0 0 0.5366097903 0.5381295421 0 0.6374300186 0.5117886209 0.508710253 0 0.6046397462 0.8401020546 0.6651435627 0.6663280917 0.6676779121 0.6729083089 0.6074283252 0.6084002123 0.5996280376 0.662502213 0.6265990014 0.5936199925 0.788814325 0 0 0.8069258426 0.6878268319 0 0.8934108904 0 0.7932057125 0.7999130018 0 0.8810913437 0 0.6112311185 0 0.5687015404 0 0 0 0 0 0 0 0 0 0 0.9123487972 0.8729479545 0.6659359737
0 0 0 0 0.5802598816 0 0.7641184748 0.5282000239 0.524190869 0.8817527058 0.8007300346 0.7285034763 0.5560357369 0.7406003578 0.8161562873 0.5525156015 0.5908547375 0 0.5046630445 0.5054396234 0.6080270622 0.670221243 0.6673779458 0.6611936764 0.6646268706 0.6600906577 0.6832758928 0.6139423434 0.6596715708 0.6651888673 0.5737156533 0.7984166329 0 0.5265155729 0.6239976507 0.6287355109 0 0 0.7218356998 0 0 0.544204169 0.8779100949 0.8854917131 0.8744900622 0.6013135366 0.8177815826 0.7024609905 0 0 0 0 0 0 0 0 0 0 0.9081473536 0.9171468555 0.6124111231
0 0 0 0 0 0.5440820154 0.5116695958 0.5262029442 0.5250241422 0.7307445399 0.7282336641 0.7034731112 0.7566338746 0.806276931 0.8080551113 0.5479413086 0 0.5152292523 0.5101107606 0.517088059 0.801883526 0.6724853138 0.6618501465 0.6666012719 0.6598562514 0.6664075538 0.6598953049 0.5781260035 0.5910008434 0.5943169758 0.6014927334 0.6042430752 0.6559000731 0.6459412362 0.6482755604 0.6529137939 0 0.8529894015 0.7190830452 0.8807034786 0.8757550705 0.8747004872 0.8704674763 0.8681333328 0.8753934066 0 0 0 0 0 0 0 0 0.5094032367 0.6895786548 0 0.8988679064 0.9089722757 0.9084040856 0.6065481543 0
0 0.734532673 0 0 0 0.6768635405 0.5104449667 0.5069946644 0.5161683795 0.5068681971 0.7314560744 0.7346176941 0.5320721281 0.8052694343 0 0.6142558997 0.5758405587 0.8816698798 0.5123094299 0.5150897469 0.7459698281 0.8515583607 0.6748331654 0.6658910812 0.6648221909 0.6569697282 0.5761552891 0.5805216299 0.5852732959 0.5918756201 0.5980830822 0.598617987 0.6006225944 0.5393770466 0.8095194673 0 0 0.5439912091 0.7138914617 0.8850497975 0.8773657033 0.8805673299 0.8683081182 0 0.8752935711 0 0.7861919127 0.7834366539 0 0 0 0 0.7003985484 0 0.7280437481 0 0.9019560552 0.8976355902 0 0 0
0.7860245062 0 0 0 0 0 0.5097770362 0.6577817583 0.5067294766 0.7702593922 0.7644269595 0.7500670693 0.7733517641 0.7587167886 0.629828913 0.7587780307 0.8787268407 0.872277381 0.5125073267 0.5209983618 0.6777663884 0.6803718276 0.5763754223 0 0 0.6586338154 0.660596753 0.5772821124 0.5887772999 0.5926513606 0.6068196964 0.6044529368 0.8891947797 0.5378512213 0.852909056 0.5393190237 0.5465117625 0.5392508507 0.5403551725 0.7129829421 0.7226520897 0.8920012326 0.8741708706 0.673630366 0.8809805455 0 0.7870143076 0.776192774 0 0.7792440277 0.871423663 0 0.5504980938 0.72723095 0.6667864699 0.6578884727 0.9056204199 0 0 0 0
0.8112999936 0 0 0 0 0 0 0 0.5023256349 0.7555244386 0.7232186449 0.7536600691 0.5993561451 0.7415052257 0.7389324468 0 0 0.5089187842 0.5203292088 0 0.6798878266 0.676795672 0.7945572024 0.5168244643 0.5112167859 0 0.5815154335 0 0.5834527832 0.5981340461 0 0 0.6256034323 0.5447239736 0.5342093448 0.5355745051 0.5367259641 0.5570781512 0.5944094572 0.7165204143 0.6570884105 0.8828322883 0 0.664955661 0.670455868 0.7936412247 0.8711584779 0 0.6908105112 0.7818021679 0.5659766844 0.5000630832 0.5479418779 0 0.6632287217 0.6571286425 0.7938079118 0 0.5175351159 0 0
0.7784350671 0 0 0 0 0 0 0.5803193307 0.503403101 0.7515495194 0.8381446814 0.837593885 0.7881232047 0.6570445853 0.7374371624 0.8741211079 0.8779918173 0.8797746244 0 0 0.6805646676 0 0 0.82725701 0.836447645 0.516357237 0.523768416 0.5873423463 0.71999003 0.7263838432 0 0.6236051757 0.6253227366 0.6225851933 0.5366819069 0.5274320003 0.533740254 0.5427346149 0.5485276239 0.6548220236 0 0.5423268149 0 0 0.9015117095 0.796768825 0 0.5789629887 0.5543933203 0.560913719 0.5650053333 0 0 0.6854646467 0.8009335735 0 0.5451046617 0.7452781635 0.6121051205 0 0
0.7743428627 0.7703024585 0 0 0.7079198563 0.6219315376 0.7035309229 0 0.7016087654 0.5538363914 0.7089723641 0 0.564989762 0 0.6479836011 0.6668033481 0.6672243508 0.8121145443 0 0 0.7449136598 0.8049265946 0.7890193425 0.81190709 0 0 0 0.7151633361 0.7166428235 0.7197977615 0.8533010045 0.6230593602 0.6223250371 0 0 0 0.5373566595 0 0.5503281476 0.665251368 0.8482094138 0.8510360896 0.8952504984 0.8935618357 0.8950746834 0.90487301 0.8991687848 0 0 0 0 0.6194624586 0.7588559262 0 0.6800181912 0.5423839135 0 0.52031261 0.5625852211 0.5619949104 0
0 0.8831377785 0 0.6180578396 0.6125382627 0 0.6988284291 0.695836126 0 0.7194107333 0.5680843581 0.572773285 0.573713717 0.6489648406 0.6720237381 0.6739531524 0 0 0 0 0 0 0 0.7875677049 0 0 0 0 0.7134492024 0 0 0.6263594049 0.6724091135 0.6307821611 0.514839061 0 0 0.5465113268 0.5474900077 0 0.5134213681 0.875569108 0.8987106399 0.8578936815 0.5020674377 0.8955274583 0.5709658542 0 0 0 0 0 0.679767079 0.6746853641 0.6839286383 0.5385401996 0.5381530727 0.60235734 0.5565986904 0.5535847812 0.5544348576
0.5995093946 0 0 0 0 0 0 0 0 0 0 0 0 0.6818969084 0 0 0.792350226 0.6176181971 0 0 0 0 0 0 0 0 0 0 0 0 0.7225709936 0.7836975623 0.7858047939 0.6585562309 0 0 0.6413126493 0.863372025 0 0 0.8712780817 0 0.6135057543 0.6053223304 0.7409217093 0.6408452231 0.7021377845 0.5627834566 0 0 0 0.6861034087 0 0.684204637 0.677552634 0.5380374608 0 0 0.5469728034 0.5560912363 0.7014202664
0 0 0 0 0 0 0 0 0 0 0.5628815942 0.572458006 0 0 0 0.6287543798 0 0.81308303 0.5820726664 0 0 0 0 0 0 0 0 0 0 0.8611113201 0.7247366179 0.7773044077 0.7731147283 0.7469449689 0 0 0.8680860283 0.8632243204 0.878820025 0.8700720392 0.6541646157 0.6074491929 0.6039416974 0.5988888883 0 0.6563013144 0 0 0 0 0 0 0 0 0.6849013294 0 0 0 0.6605681571 0.6929521668 0.6979166317
0 0 0 0 0 0 0 0 0 0.564320043 0 0.5707041011 0.5782546033 0.8318598891 0.627957935 0.6251103827 0 0 0 0 0.7590639068 0.718513433 0 0 0 0 0.8676123669 0 0 0.870024949 0.871834451 0.6070729454 0 0 0.6704770049 0.6838878867 0.6951548565 0.6920944275 0 0 0 0 0 0.7979068574 0.6838378846 0 0 0 0 0 0 0 0.8979989196 0.6013378963 0.6007995937 0 0 0 0 0 0.6949673511
0 0 0 0 0 0 0 0 0 0 0.5791187776 0.5783295767 0.6892300281 0.6885171948 0 0 0.6713668588 0.8161258527 0.8189848633 0 0.8389491664 0.788911683 0.912278581 0 0 0 0.8723420568 0.8666687027 0.8612749952 0.8681622707 0.6042266742 0.8919766092 0 0.7962093103 0.7572933865 0 0 0 0 0 0 0 0.605356901 0.6888609904 0 0 0 0 0 0 0 0 0 0 0 0 0 0 0.7004345272 0.6943544144 0.8249226275
0 0 0 0 0 0 0 0 0 0 0.7829235263 0.5366329035 0.5181371474 0.7485566762 0 0.6392337402 0.6726441174 0.6767862768 0.8236334787 0.7300963399 0 0.7636836457 0.9088219763 0 0 0.6733811964 0 0.6736033849 0.8702035105 0.8688645484 0.8874708224 0.8906800266 0.7169278339 0.7898479609 0.6912331279 0.7474355088 0 0 0 0 0 0 0 0.6119595152 0.6201819174 0 0 0 0 0 0 0 0 0 0 0 0 0.5514967958 0.5077200148 0.6909305514 0.8535011341
0 0 0 0 0 0 0 0 0 0 0 0.8615896746 0.5381387828 0.6411121141 0 0 0 0.5584055545 0.6817412647 0.7285148528 0 0.7272557436 0.8995492098 0 0.6741659406 0.6758451198 0 0.5390392091 0 0 0.8902244876 0 0.6212612266 0.6196715017 0.6163738376 0.690039408 0 0 0 0 0 0 0 0 0 0.7460860162 0 0 0 0 0 0 0 0 0 0 0 0 0.6881547578 0.7566634907 0
0 0 0 0 0 0 0 0 0 0 0 0.8603435725 0 0 0 0 0 0.6167696788 0.6176389277 0.6160479167 0.608403559 0 0 0.9039394853 0 0 0.6690567953 0.6746008731 0 0 0 0 0.5053765385 0.6159994845 0.6203407849 0 0 0 0 0 0 0 0 0.5283539056 0.7604482097 0 0 0 0 0 0 0 0 0 0 0 0 0 0 0.6692287249 0.7378140708
