landscape/hab_quality/256/simulation_000036_p048_h081_HABMAT_patch_more_500pix_modified.asc_ac_0.5_quality.asc
NCOLS 513
NROWS 513
XLLCORNER 0
YLLCORNER 0
CELLSIZE 9.980507
NODATA_VALUE NaN
[rows 350 to 384 of 513, columns 158 to 236 of 513]
0 0 0 0 0 0 0 0 0 0 0 0.8311628397 0.8130499446 0.8072622647 0.8031250558 0.8060246219 0.8065846242 0.7985528502 0 0 0 0 0.5082194752 0.7951839907 0.7852976138 0.7813157904 0.7841236371 0.786745692 0.6963186087 0.5369160879 0.8870402542 0.8887888143 0.8839861329 0.893410374 0.8923158631 0.5504099692 0.5405983195 0.5383667652 0.5355954684 0.5375168511 0.5544548496 0.7970805636 0.5337116711 0.8718352106 0.7421376762 0.6379178341 0.861522481 0.890141053 0.7935229062 0.6547388996 0.7337867985 0.5381319358 0.5500652272 0.9094969557 0.9038300155 0.8990804142 0.9014482191 0.7930965762 0.802587004 0.8452281539 0.5718187394 0.5661637483 0.5733470079 0.5756343232 0.5837490652 0.7385192967 0.5397437991 0.5300732021 0.5345845195 0.5412398013 0.5309830184 0.8241253492 0.5975530951 0.689569062 0.7865262659 0.5549860596 0.6260502105 0.5671548084 0.7541665293
0 0 0 0 0 0 0 0 0 0 0 0.7424217371 0.7356920898 0.815866282 0.8120520206 0.8084694722 0.8068582127 0.801279687 0 0 0 0 0 0 0.7861517673 0.6494409728 0.7909961002 0.6259120625 0.6391714824 0.8869307271 0.886023284 0.8781278846 0.883546012 0.8895936246 0.8902387423 0.6581416172 0.5426454252 0.5433690902 0.5444964234 0.5369698771 0.5175296539 0.6222802947 0.580404937 0.574076091 0.885940253 0.7106528363 0.8620866525 0.8027087661 0.5750454155 0.5386424496 0.5366722931 0.5405934919 0.5410132679 0.751017996 0.9006226675 0.8943041443 0.9030350647 0.7848054851 0.8124049637 0.6057957805 0.8432089448 0.5781879256 0.5760378133 0.5803478958 0.5773452856 0.729426964 0.5359983842 0.5388626677 0.5603309752 0.6397665238 0.6440548101 0.6655712027 0.6909370056 0.6844810412 0.8491183129 0.6761129567 0.5626554559 0.7578646233 0.7484295326
0 0 0 0 0 0 0 0 0 0 0.7404662824 0.7327091352 0.7238108145 0 0.8166934375 0.8119111547 0.8057359204 0.8019826381 0 0 0 0 0 0 0 0.7397377236 0.6893625325 0.6188024714 0.7238526006 0.8789949088 0.8771984624 0.8773345029 0.8798020497 0.8836048735 0.888836403 0.549304281 0.5455213789 0.5479834039 0.5438583625 0.5407537457 0.5438479965 0.5741669078 0.5731700248 0.5059295207 0.7117256019 0.7151375647 0.7122511824 0.7011785794 0.8260012718 0.8902059397 0.5406387839 0.538830876 0.5439312188 0.7568081294 0.8943956774 0.6860961306 0.8955083423 0.9092272158 0.5681498249 0.6502471185 0.5720603891 0.834164348 0.8350501342 0.5853975481 0.6024595675 0.6007596044 0.6200152501 0.6161201094 0.535125975 0.8942127033 0.5746309849 0.8357596348 0.6874996592 0.6864523222 0.6935599323 0.7013111649 0.6460236922 0.6664234382 0.7493557469
0 0 0 0 0 0 0 0 0 0.7498015154 0 0.7242580587 0.7231857068 0 0.8228066518 0.8513399797 0 0.8844761782 0.8050731097 0 0 0 0 0 0 0 0 0 0.6284590829 0.8862828875 0.8777195861 0.8803892513 0.8872886315 0.8864095205 0.8931911418 0.5552763447 0.5511789727 0.5490711232 0.5505199049 0.5762712873 0.5415903217 0.5759081592 0.5666977809 0.5645556035 0.7125979812 0.7102862052 0.7148780439 0.7166977711 0.6978430315 0.5419115066 0.53375658 0.5344891362 0.5472086962 0.6219586816 0.84882415 0.6749663639 0.5612126302 0.500505485 0.7115212857 0.5680605959 0.8431170674 0.8055402222 0.8415898275 0.5862345571 0.5916786782 0.5694518519 0.571134318 0.6122448253 0.6192370879 0.6193109573 0.7207774718 0.7220400498 0.6519793982 0.6940506965 0.7032133711 0.8601924711 0.6746497594 0.7505203577 0.6038695593
0 0 0 0 0 0 0 0 0 0 0 0.7271231448 0.7328287663 0 0 0.85271411 0.8454896788 0.8459942299 0.8487469969 0 0 0 0 0 0 0 0 0 0.5587005808 0.6430284618 0.8426192779 0.6704609971 0.670040148 0.8954905106 0.8985773259 0.9023589827 0.9057567563 0.9038654595 0.6273376351 0.8380167963 0.5469142175 0.5714256631 0.6219991943 0.5588487756 0.8507935453 0.712963675 0.7098937123 0.7082469607 0.6490809704 0.5380803439 0.532258249 0.5418011282 0.548484592 0.679668033 0.8567616654 0.8399900199 0.843911097 0.8969363768 0.8796465038 0.8746806752 0.870140807 0.876567844 0.5858384141 0.5856250476 0.5630941389 0.5675325942 0.5692680432 0.6159137046 0.6135399113 0.61916359 0.8895809627 0.7205968023 0.5503865234 0.6144949949 0.7096522505 0.6769699066 0.9013950525 0.9005923051 0.8990732769
0 0 0 0 0 0 0 0 0 0 0.7298841348 0 0 0 0 0 0.8490381795 0.8503502177 0 0 0 0 0 0 0 0 0 0 0.8637567166 0.509740187 0.6412013375 0.6608448875 0.6460141448 0.6431888331 0.9023914138 0.9034610619 0.9037731954 0.7416682599 0.8736327676 0.8548519804 0.6123198837 0.6084329175 0.5593851245 0.5578871297 0.5529481125 0.7161042996 0.7165181557 0.7076090417 0.699824736 0.5383263488 0.541294788 0.5330488825 0.5346106933 0.802523139 0.8427364571 0.5370647342 0.5991934041 0.8958205598 0.8710789164 0.8699648432 0.869065166 0.8785708601 0.8754094096 0.5873418871 0.562309636 0.5593324895 0.5593375203 0.864294769 0.5715793721 0.6162823554 0.729336187 0.7363869164 0.7243064807 0.5544579764 0.7440216982 0.5898055326 0.9017342013 0.8947400774 0.901104823
0 0 0 0 0 0 0 0 0 0 0 0 0 0 0 0 0 0 0.8793045178 0.8831267261 0 0 0 0 0 0 0 0 0.868657544 0.5082584909 0.5074246018 0.5102633075 0.5121966182 0.6380834368 0.646449112 0.8349040808 0.5459081255 0.869675914 0.7314696874 0.8530510879 0.5239430963 0.5124778087 0.8565605204 0.8626737914 0.7126789811 0.7118221173 0.7112943585 0.7021351858 0.7073282779 0.7013861238 0.5447899893 0.5630074077 0.5403245326 0.5980803912 0.7528555811 0.75284811 0.7500703784 0.6320643112 0.5127270413 0.8767451867 0.8713475675 0.8727441119 0.8772812799 0.55277066 0.5635915355 0.561415382 0.5583227402 0.5657695441 0.5720153601 0.7354810343 0.6093426028 0.6111236987 0.6144904931 0.6614512402 0.7854885683 0.5843501893 0.5828664091 0.8384330805 0.6410203122
0 0 0 0 0 0 0 0 0 0 0 0 0 0 0 0 0 0 0.8811097071 0 0 0 0 0 0 0 0 0 0.8679224594 0.5126389562 0.5149945028 0.5053659701 0.5085535876 0.6427347789 0.5128881587 0.8486457086 0.8055633844 0.5741534983 0.8359691557 0.8011867551 0.5155864956 0.8812599541 0.879691721 0.5165312797 0.7181606352 0.5818827974 0.7120548179 0.7652571547 0.8233655402 0.8295690334 0.8045583222 0.6835330111 0.7043601224 0.7966926037 0.7506899096 0.7473499421 0.7491224549 0.7581694867 0.6027173339 0.8052095498 0.8754952024 0.8812286172 0.8798653139 0.5502367197 0.5568972567 0.56671513 0.5615147108 0.5642123536 0.569179894 0.6513048496 0.8439784874 0.6046812074 0.6132170038 0.6671576029 0.6537626024 0.8068286023 0.8115725293 0.7715604025 0.7718365656
0 0 0 0 0 0 0 0 0 0 0 0 0 0 0 0 0 0 0 0 0 0 0 0 0 0 0 0.8718681368 0.8750390225 0.7540479702 0.5091708274 0.5096210144 0.5115606865 0.7624282522 0.883812515 0.7678011207 0.6330977302 0.6018892408 0.5170998832 0.8345815561 0.6739585576 0.8741800673 0 0.8828555313 0.5099258968 0.6122723102 0.8823595442 0.8347911705 0.8295257833 0.8210312431 0.8244171937 0.5161007465 0.6944952174 0.8671307073 0.7535357288 0.8806249962 0.7516517135 0.7519824707 0.8615471817 0.8776976936 0.8824833534 0.8838532999 0.5518337677 0.5520978291 0.7648427694 0.584112741 0.5825959908 0.5631049719 0.6496938493 0.5314679413 0.6095236268 0.6046990349 0.6047744588 0.8027275682 0.7448331221 0.8027860646 0.6432562757 0.7175243099 0.7187402695
0 0 0 0 0 0 0 0 0 0 0 0 0 0 0 0 0 0 0 0 0 0 0 0 0 0 0 0 0.7157610726 0.7210260174 0.8087598834 0.5044590565 0.8968023715 0.6299129958 0.7617500235 0.7617634747 0.5831301688 0.7274451539 0.6223801602 0.6890734241 0 0 0 0.7620138978 0.8443827969 0.7665545418 0.8859576365 0.8308858105 0.826362674 0.8248446117 0.8213239083 0.6995376151 0.6436437914 0.6999608418 0.5992356897 0.8833925951 0.8896639823 0.7573437547 0.7367662041 0.8693726101 0.874707737 0.8704089892 0.8709347421 0.8303213117 0.5807137314 0.5820430395 0.5780881838 0.8756613298 0.8794558209 0.8688697166 0.8671905991 0.8658412635 0.8625233504 0.8695677573 0.8067479234 0.8056988763 0.8046488989 0.722651843 0.7132148405
0 0 0 0 0 0 0 0 0 0 0 0 0 0 0 0 0 0 0 0 0 0 0 0 0 0 0 0.8036152871 0.7990514691 0.7996604173 0.7845703105 0.6138343198 0.9010983976 0.7639406338 0.7209359582 0.521518055 0.5268809663 0.6562371595 0 0 0.6389109067 0 0.6058445225 0.531812595 0.5367988793 0.506082033 0 0.8306981365 0.6615900448 0.8350911699 0.8938535225 0.7635097216 0.7251319926 0.7260099633 0.6678337667 0.624916541 0.8846832802 0.5814491267 0.6708238905 0.5121824817 0.8657839865 0.8704643913 0.5576727495 0.5836652441 0.5801792671 0.5766077534 0.5780335367 0.5846545659 0.8704654884 0.8619028897 0.8609726128 0.860697675 0.8621426533 0.7180359736 0.7784768922 0.806049334 0.5254312402 0.7001974451 0.7068981868
0 0 0 0 0 0 0 0 0 0 0 0 0 0 0 0 0 0 0 0 0 0 0 0 0 0 0 0.8061812527 0.7964376545 0.8015164815 0 0.798514645 0.7988487438 0.5758270894 0.5769423855 0.5735043448 0.5204015462 0 0 0 0 0 0 0 0.7045275357 0 0 0.8248403954 0.8395067501 0.626546435 0.519756935 0.5212681599 0.5847684602 0.5806876297 0.5145720464 0.5912829142 0.8109008963 0.8053067261 0.8048539492 0.8748383853 0.8754705338 0.8661396698 0.87771438 0.5784920751 0.574760914 0.5781615214 0.5807483253 0.5890501356 0.8701966115 0.8636020118 0.8624075023 0.8600702251 0.8624759164 0.8683924159 0.6170896319 0.8870020915 0.5267908253 0.5246266373 0.6996412288
0 0 0 0 0 0 0 0 0 0 0 0 0 0 0 0 0 0 0 0 0 0 0 0 0 0 0 0.8048186715 0.8051964147 0.799289319 0.752407143 0.7556777938 0.800234933 0.5729298996 0.5673948472 0 0 0.516234416 0 0 0 0.8989330882 0.7508876074 0.703757645 0.7107658061 0 0 0.762271412 0.7553760515 0.5231604649 0.5181022623 0.5847939989 0.5768557954 0.5736906576 0.5787478169 0.5835360545 0.8073866386 0.8030433295 0.7551669022 0.8783455129 0.8800368978 0.8835561164 0.717665097 0.5780329719 0.5771996259 0.8814732717 0.8794335208 0.8651956256 0.8716132132 0.8630869671 0.8609335922 0.8538790021 0.8625414992 0.8720057719 0.877049652 0.8786915854 0.7191531236 0.7055207021 0.7050532704
0 0 0 0 0 0 0 0 0 0 0 0 0 0 0 0 0 0 0 0 0 0 0 0 0 0 0.7189054182 0.8110279241 0.5808858033 0.7405509997 0.7466696707 0.8191347649 0 0 0 0.5744655595 0.5192233243 0 0.521996145 0 0.5746289859 0.7637820935 0.5748949214 0.8356818868 0.6523056501 0 0 0.7552351353 0.760610365 0.524562584 0.5850037546 0.5799934221 0.5757111119 0.5699904088 0.5781374895 0.5848270685 0.8046648373 0.8037594276 0.8097861202 0.8986448793 0.889745352 0.7672539909 0.8796941908 0.5118894121 0.8899798842 0.8899669153 0.8799770005 0.8725765684 0.8643155261 0.8614269817 0.8572364552 0.8615728539 0.863546599 0.8667092899 0.873042105 0.8815822764 0.7141008477 0.7125722464 0.7042421096
0 0 0 0 0 0 0 0 0 0 0 0 0 0 0 0 0 0 0 0 0 0 0 0 0 0 0.8644492279 0.6785529525 0.7715308798 0.7443334742 0.7374765817 0.7419823692 0 0 0 0.5760560963 0 0 0 0 0.6525074028 0.6616574214 0 0 0 0 0 0.7602491666 0.7614647999 0 0.5873328554 0.5774802385 0.5745491369 0 0.5737962902 0.5869685163 0.8039912597 0.8032335081 0.8991477636 0.5346308293 0.8994199302 0.5737601694 0.5661478391 0.8767303735 0.601267814 0.8886199533 0.8823396666 0.8688264689 0.8671698925 0.8624637675 0.863404211 0.8620181854 0.8620864413 0.8690259071 0.87263265 0.8778811092 0.7179099683 0.7052032914 0.7010862257
0 0 0 0 0 0 0 0 0 0 0 0 0 0 0 0 0 0 0 0 0 0 0 0 0 0 0.5149976258 0.5159818322 0.7505222416 0.8518179311 0.7365154702 0.7363139422 0.7450187686 0 0.6390345153 0 0 0 0.6365811683 0.7085265345 0 0 0 0.5498058161 0.5271154874 0 0 0 0 0 0.8732142718 0 0 0 0 0 0.574540274 0.602621389 0.7093010918 0.8995307436 0.6778324455 0.6304728982 0.8534247499 0.6076939179 0.6086361456 0.6107983034 0.7970153716 0.7853075659 0.8230301019 0.8689690876 0.8698728083 0.8683332677 0.843008581 0.8416104556 0.8391951826 0.7124555284 0.7089238653 0.7135985714 0.709430272
0 0 0 0 0 0 0 0 0 0 0 0 0 0 0 0 0 0 0 0 0 0 0 0 0 0.508966688 0.5084614323 0.5179387139 0 0.5038061114 0 0 0 0 0 0 0 0 0.898302288 0.8995265761 0.8867775528 0 0 0.5307875275 0 0 0 0 0.844020571 0.8467025214 0.877894317 0 0.5647628276 0.8852440786 0.8823550515 0.8580468021 0.6730111157 0.6082925642 0.6005100553 0.8472248381 0.8516625945 0.8476171119 0.8493594511 0.8445619798 0.6164606845 0.792149064 0.7822303255 0.7895844821 0.8835067385 0.722302018 0.8738239454 0.8751760214 0.8454041021 0.8378191934 0.8360292386 0.8384330548 0.7177476497 0.716318204 0.7311059677
0 0 0 0 0 0 0 0 0 0 0 0 0 0 0 0 0 0 0 0 0 0 0 0 0.845122234 0 0 0 0.6555204673 0.8790128612 0.7508010958 0 0 0 0 0 0 0.6011570464 0 0.8941474319 0.8900817822 0.8860772694 0 0.8939852975 0.8997534478 0 0 0 0.8535910468 0 0.8483374032 0.8986292114 0.8517658101 0.5955661107 0.8580257322 0.894648763 0.6148447436 0.6081552102 0.6101667046 0.8418634843 0.8522797273 0.8466081051 0.8404645228 0.8440073309 0.6333024631 0.7892509454 0.7872012956 0.7842421917 0.7127567386 0.8766493653 0.8765718482 0.8509570168 0.8455253119 0.8378804939 0.83272715 0.8331110386 0.8410996002 0.7261279586 0.7382036343
0 0 0 0 0 0 0 0 0 0 0 0 0 0 0 0 0 0 0 0 0 0 0 0 0 0 0 0 0 0 0 0 0 0 0 0 0 0 0 0.8901183475 0.8948763426 0.8871403527 0.892215196 0 0.8999691708 0 0 0 0 0 0.8486554914 0.840930805 0.8429338223 0.8481494791 0.6941016914 0.844226322 0 0.6245109885 0.8666818217 0.8525611885 0.8440957281 0.8423899054 0.8476940229 0.5158466983 0.7266646964 0.6250331465 0.5254402683 0.7912337525 0.5875640263 0.5944186632 0.5904749765 0.8465157436 0.8552051562 0.8371965515 0.839414332 0.5373309473 0.8335738593 0.8095512579 0.7339657798
0 0 0 0 0 0 0 0 0 0 0 0 0 0 0 0 0 0 0 0 0 0 0 0 0 0 0 0 0 0 0 0 0 0 0 0 0 0 0 0 0.8909355347 0.887998523 0.8930052661 0 0.6706772669 0 0 0.6430207952 0.8467368519 0.6943421025 0 0.8401747296 0 0.8433219361 0.8427920251 0.8479023842 0.8498977212 0 0.6543685027 0.8504788666 0.8430342451 0.8498465049 0 0.8488174036 0.7174179412 0.7170959297 0.7178233972 0.6754153 0.7328263401 0.5853831977 0.5903988875 0.5966050533 0.5077468945 0.8411048744 0.8434099637 0.8116412768 0.8041271267 0.8138509586 0.7376304125
0 0 0 0 0 0 0 0 0 0 0 0 0 0 0 0 0 0 0 0 0 0 0 0 0 0 0 0 0 0 0 0 0 0 0 0 0 0 0 0.8993471608 0 0.9005669106 0.9041288358 0.6730445957 0.6684532512 0 0.8280414884 0.8746213535 0.5042749609 0 0.8348265493 0.8310373609 0.8382217439 0.8399262702 0.8467563786 0.8512114394 0 0 0.8556057644 0.6758251584 0.7177341186 0 0 0.7212918357 0.7236454374 0.7137406132 0.7227699122 0.7309994491 0.7346365817 0.7427603346 0.5916957256 0.5917812193 0.8450285881 0.5751312406 0.8484865848 0.8102695509 0.8136819203 0.8128982657 0.7439683478
0 0 0 0 0 0 0 0 0 0 0 0 0 0 0 0 0 0 0 0 0 0 0 0 0 0 0 0 0 0 0 0 0 0 0 0 0.6824851559 0.7697677877 0.9049389375 0.9020165775 0.9044661089 0 0 0 0 0 0 0.8287907948 0 0.8418926011 0.8400921314 0.8337294144 0.8349844897 0.8400741349 0.8484268779 0.8542718801 0.852743237 0.7037768297 0.6760801128 0.7123502474 0.7109553631 0.7106395638 0.6220179011 0.7210132427 0.7153332013 0.7223822125 0 0.7289254537 0.7403521782 0.7418769802 0.5956365284 0.5936046516 0.5369830321 0.5797950546 0.7128977737 0.6123370363 0.6191273441 0.538510319 0.7336340483
0 0 0 0 0 0 0 0 0 0 0 0 0 0 0 0 0 0 0 0 0 0 0 0 0 0 0 0 0 0 0 0 0 0 0 0.7636414458 0.7633875679 0.901227075 0 0.9126980679 0 0.9141343619 0.9158634124 0 0 0 0 0 0.6865901935 0 0 0.8377037534 0 0 0 0 0 0 0.8759792057 0.7204804591 0.7138150526 0.709949815 0 0.7172210842 0.7251455802 0.716599144 0.7306926869 0.6268025818 0.5848101514 0.6746650043 0.6770474132 0.6729742296 0.6379179597 0.5206006567 0.670918445 0.6274039894 0.8293213246 0.8542069911 0.7271581664
0 0 0 0 0 0 0 0 0 0 0 0 0 0 0 0 0 0 0 0 0 0 0 0 0 0 0 0 0 0 0 0 0 0 0 0.7685941468 0 0.9000472775 0.8974279642 0.9061087591 0 0.9209344393 0.9179852095 0 0 0 0 0 0.6849569688 0 0.8457957955 0 0.7302382849 0 0 0 0 0 0 0 0.7432220598 0 0.7113963138 0.7337822767 0.7304104905 0.7321182671 0.7039710452 0.6759816823 0.6724291612 0.6764610198 0.6718509257 0.6783590638 0.6351302302 0.6296491965 0.729900866 0.6405011146 0.7334169565 0.7274401114 0.727597827
0 0 0 0 0 0 0 0 0 0 0 0 0 0 0 0 0 0 0 0 0 0 0 0 0 0 0 0 0 0 0 0 0 0 0 0.5414145465 0.7085377222 0 0.9015117038 0 0.9156973814 0 0 0 0 0 0 0 0 0 0 0 0 0 0 0 0 0 0 0.5769297021 0.7251125197 0.7160428456 0.736646562 0.7114430267 0.6740343707 0.6671621967 0.667811234 0.6699291319 0.6703589276 0.6709258033 0.6502068198 0.6753269501 0.5274329943 0.7026058417 0.632381973 0.8917180155 0.7371759594 0.5047154144 0.7296982989
0 0 0 0 0 0 0 0 0 0 0 0 0 0 0 0 0 0 0 0 0 0 0 0 0 0 0 0 0 0 0 0 0 0 0 0 0.5423146153 0.7910730168 0.7881922397 0 0 0 0 0 0 0 0 0 0 0 0 0 0 0 0 0 0 0 0 0 0 0.7856133193 0.7863740089 0.6697520842 0.669326047 0.6667111213 0.6624380415 0.6643794801 0.6729309903 0.6781424064 0.6745005148 0.5195457421 0.507912216 0.7963705495 0.7805110123 0.859350677 0.5168824402 0.7260019453 0.6356471491
0 0 0 0 0 0 0 0 0 0 0 0 0 0 0 0 0 0 0 0 0 0 0 0 0 0 0 0 0 0 0 0 0 0 0 0 0.550793481 0.797369026 0.8938519996 0 0 0 0 0 0 0 0 0 0.8443944476 0 0.7484386452 0 0 0 0 0.852499189 0 0 0 0.8941395116 0.8963450335 0.5058730464 0.6797807879 0.6630688169 0.6629677025 0.6632293804 0.6617895084 0.6675272798 0.6736400058 0.6799757582 0.6858483081 0.5902824856 0.5202430635 0.5798253469 0.8486994964 0.8539635775 0.6789741105 0.676479878 0.6682574732
0 0 0 0 0 0 0 0 0 0 0 0 0 0 0 0 0 0 0 0 0 0 0 0 0 0 0 0 0 0 0 0 0 0 0 0 0 0 0 0 0 0 0 0 0 0 0 0 0.8460895467 0.8953871348 0.7373060141 0.7427738852 0 0 0 0 0.6351805175 0.5295805225 0.8956393451 0.8964497192 0.9006792549 0.6462625905 0.8545504636 0.6613585828 0.6599791041 0.6595953072 0.6545294622 0.6538301607 0.8502538661 0.8539290837 0.859831609 0.639238199 0.5811877712 0.8541384945 0.8481147491 0.7675923368 0.7643201239 0.7703934798 0.6674284217
0 0 0 0 0 0 0 0 0 0 0 0 0 0 0 0 0 0 0 0 0 0 0 0 0 0 0 0 0 0 0 0 0 0 0 0 0 0 0 0 0 0 0 0 0 0 0 0 0 0.7285915383 0.7286758769 0.7355506689 0.512642304 0.5115453959 0.5214579934 0 0.8491571119 0.5393594507 0.9038484057 0.8278220029 0.9022571926 0.5379241271 0.5248649032 0.7887570462 0.6676599151 0.6604135031 0.6530555984 0.661935232 0.8054094712 0.8541209091 0.8186136286 0.8184794087 0.7665211202 0.8582407346 0.774751828 0.769702935 0.7638000971 0.7682837798 0.7705493267
0 0 0 0 0 0 0 0 0 0 0 0 0 0 0 0 0 0 0 0 0 0 0 0 0 0 0 0 0 0 0 0 0 0 0 0 0 0 0 0 0 0 0 0 0 0 0 0 0.7303222995 0.7303850595 0.7275422765 0.7353268122 0.5190854146 0.6287730362 0.5125298923 0.6408479089 0.6630303535 0.8842349114 0.7444200063 0 0 0.5331411031 0.5652636145 0.5237050353 0.6558511543 0.6540540695 0.6559301196 0.662461417 0.8281301165 0.8204042491 0.8104237359 0.8198696576 0.7333370199 0.8649835937 0.7729934468 0.7681800936 0.7703694981 0.7674386315 0.8166013907
0 0 0 0 0 0 0 0 0 0 0 0 0 0 0 0 0 0 0 0 0 0 0 0 0 0 0 0 0 0 0 0 0 0 0 0 0 0 0 0 0 0 0 0 0 0 0 0 0 0.7247928046 0.7310712172 0.7341149113 0.634846536 0.634703494 0.6373816044 0.6374289617 0.6489189526 0 0.7370140906 0.5339403442 0.7411181639 0.536541686 0.5329866907 0.5257201723 0.661878677 0.6616876803 0.6606569373 0.5337262497 0.7222568866 0.8139560836 0.8136085593 0.8155381081 0.847037499 0.6573262641 0.8380256883 0.8327141907 0.8352960051 0.7688802601 0.8750991728
0 0 0 0 0 0 0 0 0 0 0 0 0 0 0 0 0 0 0 0 0 0 0 0 0 0 0 0 0 0 0 0 0 0 0 0 0 0 0 0 0 0 0 0 0 0 0 0 0 0.7290715583 0.7243393189 0.7252260024 0.7588436456 0.642397293 0.817566547 0.6424440037 0.646022752 0.7464825355 0.745692342 0.7371112734 0.74463551 0.5353419001 0.529896947 0.6674840159 0.6679252475 0.6689954868 0.5260594189 0.6599585886 0.6036966074 0.7633157511 0.7586416595 0.7542753998 0.7540618315 0.8421088879 0.8311365135 0.829989121 0.8390852559 0.7584310214 0.7495964605
0 0 0 0 0 0 0 0 0 0 0 0 0 0 0 0 0 0 0 0 0 0 0 0 0 0 0 0 0 0 0 0 0 0 0 0 0 0 0 0 0 0 0 0 0 0 0 0 0 0 0.7318258365 0.6578367643 0.7511165112 0.7574095687 0.652416958 0.8131300902 0.6428747756 0.8392806198 0.7389812666 0.7465112557 0.7006092906 0.6011758987 0.5273908314 0.6316792744 0.6675099972 0.7721091018 0.6883929248 0.537082325 0.6338802295 0.7651663148 0.7578009488 0.750077766 0.7576240473 0.833486212 0.8321405365 0.8380661403 0.8334310559 0.845805552 0.5440852651
0 0 0 0 0 0 0 0 0 0 0 0 0 0 0 0 0 0 0 0 0 0 0 0 0 0 0 0 0 0 0 0 0 0 0 0 0 0 0 0 0 0 0 0 0 0 0 0 0 0.7363287196 0.7364411698 0.7413294299 0.5608202412 0.7363630268 0.7308172525 0.8455825784 0.8435459478 0.8482525544 0.8483534284 0.8517973856 0.5163319394 0.6042178298 0.5962348992 0.6054224052 0.5444643815 0.543697538 0.7403165062 0.771176158 0.7115444208 0.7076111986 0.7580598523 0.753890089 0.7508273211 0.8355315194 0.5038608308 0.6791140429 0.5512453765 0.546185638 0.5415094056
0 0 0 0 0 0 0 0 0 0 0 0 0 0 0 0 0 0 0 0 0 0 0 0 0 0 0 0 0 0 0 0 0 0 0 0 0 0 0 0 0 0 0 0 0 0 0.6855636998 0 0.8251854482 0.815954303 0.5668622206 0.7295696696 0.7282118725 0.7303889983 0.7402285564 0.568030533 0.8418095054 0.5480020749 0.7525535155 0.844459806 0.5808018678 0.5955905418 0.7909036871 0.5407732888 0.5360574619 0.5350605676 0.6113956516 0.6192522928 0.633030381 0.8056729982 0.764489491 0.7583895075 0.8618876825 0.7041158425 0.7040832257 0.6954922117 0.7079927664 0.7007554403 0.5751438321
