landscape/hab_quality/256/simulation_000034_p069_h089_HABMAT_patch_more_500pix_modified.asc_ac_0.5_quality.asc
NCOLS 513
NROWS 513
XLLCORNER 0
YLLCORNER 0
CELLSIZE 9.980507
NODATA_VALUE NaN
[rows 25 to 49 of 513, columns 57 to 113 of 513]
0.9284401218 0.9233055594 0.9083045404 0.9132396192 0.9085959778 0.9079548428 0.906502027 0.9185682515 0.9233773221 0.8640525143 0.8639801239 0.6372520034 0.899779244 0.7345327746 0.7333787538 0.6616167851 0.7028358675 0.7021038078 0.5018141203 0.5971174887 0.5948416679 0.5987903135 0.7755198119 0.7157684974 0.8534442151 0.8082267223 0.6359662379 0.6330566311 0.7339128018 0.751382163 0.5992949851 0.6014456716 0.7371727251 0.7150528758 0.7081120746 0.8105617039 0.6283790938 0.8122282821 0.8105377672 0.5115663701 0.8205573964 0.5532594659 0.8200181777 0.619197408 0.5119372006 0.7872486539 0.6251488226 0.7350107078 0.7374164944 0.7339724976 0.6564226222 0.6499261656 0.6555320165 0.8394958505 0.8432367147 0.8341794309 0.8345868614
0.9233761482 0.9283979164 0.9307110328 0.9162748332 0.5501205573 0.6465270854 0.6447551855 0.6499547159 0.5307818086 0.865947101 0.8699592126 0.8935852563 0.8813329133 0.7355217604 0.741847722 0.7599751075 0.7019106665 0.7024387735 0.7048163542 0.5959222855 0.6010844219 0.6033361249 0.7184508779 0.7135926041 0.7104064178 0.8525185783 0.6407178893 0.7402310609 0.6372402136 0.6696133228 0.6051595765 0.6042732589 0.7230211113 0.7175292488 0.7089814794 0.7035855909 0.7109895784 0.8289137083 0.8475808515 0.7209164557 0.62875803 0.6308952831 0.6304590792 0.8724081367 0.6217771591 0.6964784619 0.7441670852 0.7324420121 0.7315220828 0.5360319553 0.6535164731 0.6479608234 0.6458854038 0.6412994132 0.644448123 0.8437361218 0.8380446837
0.6570679422 0.7126533099 0.7164955223 0.7173236968 0.614498815 0.7499153563 0.6432318738 0.5219655555 0.525185833 0.8743029986 0.6728745684 0.8997554923 0.8962137649 0.7345858102 0.757716922 0.764588748 0.759750026 0.6976626976 0.6929505197 0.6096827684 0.6011146864 0.5515032122 0.7161212772 0.7084480776 0.7049170805 0.7057799476 0.7887815958 0.7464153109 0.7049560815 0.6212217029 0.7067947927 0.7176213981 0.7266974997 0.8108171268 0.873097456 0.7629814532 0.711102397 0.6908843677 0.8472405215 0.6399329541 0.6307511438 0.6219057992 0.6292673817 0.8275636202 0.6968446603 0.510956979 0.7425519839 0.7349814179 0.8032724996 0.7324545807 0.6533826306 0.6450014899 0.6387951105 0.644298523 0.6454897427 0.6547322561 0.7458590663
0.7199977939 0.7099024315 0.7089696121 0.7120088472 0.8557006989 0.6509376538 0.6350824496 0.6521355681 0.8943407365 0.8950646269 0.8949872921 0.7816320315 0.7573126738 0.8218284973 0.5647836848 0.7653914859 0.6910897931 0.6888311333 0.7299352793 0.7009054369 0.7078853621 0.847749359 0.8895513145 0.8828552932 0.8813538677 0.7076559352 0.7120393187 0.6078654663 0.7123127766 0.7038266432 0.7018067805 0.7027169811 0.6957899147 0.7027747059 0.8795745544 0.7116908583 0.8476477433 0.8415657483 0.8486503386 0.570611055 0.6288135151 0.6242567351 0.6274332983 0.6612521241 0.6350620767 0.7523814874 0.7415534907 0.6718887868 0.8083913607 0.8124835951 0.6467257242 0.6390475075 0.639854586 0.6429757196 0.6482145929 0.7762253596 0.6703646756
0.7178943372 0.7131611223 0.7128506291 0.7101676778 0.7188359338 0.7216611986 0.662115615 0.5452258328 0.8925850244 0.8908291542 0.8860996734 0.8911541381 0.813195902 0.6323558983 0.8853175436 0.5635984264 0.6919710533 0.6895248631 0.6974988909 0.7063099472 0.7140825762 0.8908399728 0.8858342264 0.8797593161 0.8850552498 0.896606125 0.7169086587 0.5119390068 0.703946305 0.7011908719 0.6942681404 0.6950962461 0.6985724789 0.705707688 0.7029733904 0.8513138448 0.6089280657 0.8417753348 0.8439986645 0.6290683725 0.5172892566 0.6300116983 0.6359763763 0.6289360581 0.6964224992 0.8439834838 0.6816765655 0.8001650951 0.7955590307 0.8132148265 0.8264492366 0.6437609202 0.642584229 0.6452390764 0.8947084064 0.5507951009 0.6490127573
0.7222620476 0.713341729 0.6611170019 0.7169256611 0.7253976984 0.721853589 0.575205131 0.574237319 0.5747196307 0.8927585612 0.8035517185 0.6914371154 0.5228193833 0.6994350232 0.5713045078 0.5676714537 0.5146372649 0.8573624037 0.7056220069 0.8782690592 0.7128135246 0.8883366684 0.8875590668 0.8810155943 0.8867180084 0.8917878296 0.6121755347 0.7373111636 0.7104446357 0.6962432368 0.6967054953 0.695988467 0.7012604042 0.7028535701 0.7136413502 0.8327032448 0.6085003244 0.8458104109 0.7013662879 0.6705029738 0.5163940742 0.6325510064 0.6446917683 0.6895022126 0.6913793843 0.7569463434 0.8594247194 0.8912816875 0.8229553252 0.814121094 0.8230554404 0.8589705891 0.6243862929 0.6306221836 0.9010876008 0.6551198395 0.6553234251
0.6832946074 0.683870278 0.6831751501 0.677249675 0.6779704151 0.6788576409 0.5769219527 0.5716769368 0.5770300328 0.5817467385 0.8104742951 0.6909967139 0.6820310171 0.6907242094 0.6042216018 0.7667015312 0.5980570632 0.6518689882 0.6521674315 0.7090866383 0.7117613113 0.8942592006 0.5187781078 0.8870796191 0.895354668 0.7332575732 0.740502517 0.7404784093 0.7405003886 0.7046479749 0.7026822246 0.7040458136 0.7879616153 0.8317228286 0.742534296 0.7464838593 0.571827424 0.5811427717 0.5490045252 0.5474960226 0.5904626165 0.6325623082 0.696220028 0.6908920784 0.7253921736 0.7307970693 0.7295981625 0.8323963486 0.8257200037 0.8306967236 0.8289020783 0.8276842284 0.8326091911 0.5770688008 0.8956813471 0.6532172479 0.6525022419
0.7719837952 0.6790256427 0.6837183191 0.6760790447 0.6842905331 0.6790331702 0.5726336959 0.5736561081 0.5789784774 0.5843869618 0.5935040991 0.682771482 0.618568249 0.6906502056 0.7663570463 0.7641106226 0.654813387 0.7451326154 0.5211195611 0.58849645 0.8749508665 0.8479211195 0.5187820734 0.6742415459 0.9040970033 0.7313900466 0.73087585 0.7313550634 0.7319576754 0.7351850042 0.7372635262 0.5770429984 0.5853013119 0.741638162 0.7394224127 0.5708971505 0.7843358656 0.7839673331 0.5647279592 0.5412163883 0.7452870804 0.7223641046 0.704637077 0.702263568 0.7221032465 0.7243547344 0.6752404317 0.7287174291 0.8572394418 0.7578972456 0.8332459535 0.6497959269 0.5755814617 0.5745353364 0.6561299339 0.6528402519 0.6533726011
0.7772602977 0.8999778684 0.6788446522 0.6797717514 0.6828147295 0.5648744408 0.5509449413 0.5480553394 0.6666731587 0.5834324654 0.5926679271 0.6243697211 0.6202622068 0.7487248217 0.7689834579 0.5679866129 0.7476650257 0.5663516046 0.6392911423 0.5845527377 0.8411353311 0.8629323305 0.7458941177 0.5908284768 0.7336485247 0.7329227605 0.740143204 0.6932962071 0.7380075056 0.7342809131 0.6092756953 0.5858591711 0.5801741517 0.8448071404 0.7409950078 0.8062529255 0.6492928549 0.7765325893 0.7751930171 0.7733069683 0.5365858774 0.7774327365 0.775671646 0.823357427 0.8171501703 0.7195290902 0.7278325516 0.7488136717 0.7525722638 0.7530782165 0.7529531045 0.7487200232 0.5659254292 0.5736915001 0.6566094958 0.6533462626 0.6590000367
0.6195527228 0.8980704263 0.8978177705 0.8990687729 0.9020201356 0.7223242391 0.555810472 0.5510532187 0.5566492124 0.6271307182 0.8957019374 0.758720518 0.7041459842 0.8604927524 0.8936086181 0.5369630655 0.5610626525 0.5628064026 0.5058476071 0.5770312688 0.579797888 0.5781562085 0.5840371086 0.5840907707 0.6470426524 0.5450322533 0.615792031 0.6105012046 0.6124607183 0.6216418322 0.6408033933 0.6387178071 0.8035075002 0.609087724 0.6051491854 0.6015671076 0.6014064396 0.781586939 0.7724788689 0.7706184799 0.7694270521 0.7681249436 0.772999422 0.6340795837 0.7199299172 0.7263034187 0.7286684456 0.8660817767 0.5339073778 0.5783792726 0.7479412904 0.7429801969 0.746894125 0.5743381549 0.6174710468 0.6166744551 0.6155315676
0.9087849951 0.5345340078 0.8963096518 0.8993368431 0.6189158992 0.6140603668 0.6178644958 0.7946997765 0.6252227178 0.63248576 0.787769221 0.7009086655 0.6832847031 0.6135934659 0.7168308327 0.72166832 0.7255666258 0.7748930933 0.7906125382 0.865146499 0.5719293214 0.5753378558 0.5785596547 0.7236849064 0.7603546632 0.6391294798 0.6151811224 0.6173307943 0.6152734017 0.8855542253 0.6404875535 0.6341642769 0.6011110162 0.600552778 0.5983181326 0.5975586436 0.6063854126 0.7814745757 0.7500818538 0.7616468919 0.7606735307 0.7593119804 0.7669650611 0.7667725967 0.6335462578 0.7109727173 0.7117678339 0.8817541558 0.7819626851 0.7572878496 0.7500224893 0.6430693859 0.7513259919 0.6309944115 0.893130179 0.6147522902 0.536096778
0.9053433515 0.9036474072 0.9045421498 0.9048715125 0.6162970352 0.609225253 0.7295248838 0.7347934361 0.7301293246 0.5926592856 0.6121570475 0.608980256 0.611883559 0.7159012998 0.7164811239 0.7164984176 0.722913265 0.7214442321 0.8109110718 0.6731259762 0.5789915856 0.581038852 0.728009716 0.882621923 0.8074201848 0.7449189047 0.7457250322 0 0.5746818706 0.840521583 0.5543618402 0.6387432221 0.6333429549 0.5979204295 0.5953031722 0.7050737637 0.6023016494 0.8249897449 0.7639458799 0.7610033587 0.7588386394 0.7573857978 0.7611449977 0.7071634939 0.7468514238 0.638922707 0.7066652187 0.7117409951 0.8195045265 0.779004517 0.6570294289 0.7968644874 0.7220619168 0.8594769909 0.860085763 0.6128342068 0.6113414801
0.9089094791 0.9084920002 0.9096594889 0.616752894 0.6178186361 0.6128375712 0.60333811 0.7275927953 0.7334703963 0.8680677487 0.5365967654 0.6172251253 0.6096380763 0.7087909887 0.707591264 0.7110194945 0.7205932064 0.7191625803 0.8083347873 0.8049583825 0.6887109875 0.8080557462 0.7716757689 0.6667842663 0.8134944278 0.8043648413 0.7383661619 0.7443579006 0.7462446634 0.8401424907 0.6439297107 0.6378554988 0.6362961093 0.5986599322 0.592174711 0.594596692 0.5997285522 0.7801810285 0.5550459888 0.5528751508 0.757663589 0.7638977375 0.7017294715 0.7102343079 0.7083911053 0.7140527488 0.7091727798 0.7995879439 0.7672144903 0.777339365 0.7780030986 0.9031897392 0.9038882998 0.8574657202 0.8556800317 0.7835962727 0.8557611183
0.9163137021 0.9119322103 0.9090145471 0.9123692005 0.6179464036 0.612418303 0.729144484 0.7288734047 0.7353481506 0.7416823511 0.8826110511 0.8072765194 0.7091076951 0.709030526 0.7079282095 0.87197356 0.720524176 0.7231063227 0.8128349369 0.8031265016 0.7994760214 0.7646380643 0.8140867215 0.8080781452 0.8041035365 0.8130438528 0.7433304248 0.7375724765 0.5979454135 0 0.5105988703 0.5980203956 0.5982414299 0.599035016 0.5918069723 0.5985755344 0.8156382838 0.5566592703 0.6288705454 0.547865372 0.5539170263 0.7637771482 0.7722295878 0.7107776871 0.7124974425 0.7059603929 0.7076767236 0.7848623878 0.7844040123 0.7866637645 0.7512527854 0.6470350659 0.8960827116 0.9012187531 0.8617093322 0.852938344 0.8544598005
0.5385996056 0.9173063216 0.913062265 0.7762933377 0.8234456946 0.5444679093 0.6751357987 0.7366130416 0.7432336716 0.740637268 0.6665757559 0.8054311482 0.807770184 0.8329074985 0.8681078818 0.7565278422 0.7491086094 0.8725694449 0.8723095465 0.8726058744 0.7996971339 0.788950061 0.8204103666 0.8126583665 0.7301293432 0.8058391646 0.512202956 0.5093545862 0.5113562264 0.5154733634 0.8769481026 0.598507112 0.5931679244 0.5910093435 0.5940408357 0.5976021995 0.5977776105 0.7678394569 0.5559242839 0.5550957272 0.5551806833 0.5617770237 0.7736933404 0.6227194793 0.7124285701 0.7074025213 0.7156351281 0.6863025757 0.7919417306 0.7883122993 0.7089967394 0.9025071359 0.895913425 0.8938947629 0.889654458 0.8898176737 0.8828081131
0.7003661769 0.5908518678 0.7035413175 0.6617101437 0.858796735 0.8578810224 0.6399801461 0.7879028165 0.546680757 0.5467098808 0.5464896933 0.5541894492 0.754098679 0.6145247493 0.7553973847 0 0.8650086547 0.8581965713 0.8633702326 0.86857858 0.7553574084 0.7638953184 0.8145982778 0.8152332075 0.5212750076 0.5132454543 0.511294644 0.5053027129 0.5113757318 0.5173713851 0.8811561067 0.5957537956 0.591145515 0.5984222396 0.8762972497 0.5929186145 0.5854338768 0.5931972111 0.7658441508 0.5569956819 0.5599735131 0.5577485805 0.5701095483 0.6144265769 0.7145824708 0.6953364866 0.8870811449 0.5959762259 0.7943681163 0.7078028535 0.9178216904 0.9039225105 0.8989486543 0.8896603763 0.8876658736 0.8821797325 0.8847154742
0.8467629085 0.8501483296 0.654636716 0.8569235465 0.8516671199 0.855639146 0.6301530275 0.6352829486 0.7842659189 0.5382673503 0.5451657163 0.6067648858 0.7532861616 0.7507128321 0.7595549458 0.8728400671 0 0.8580048844 0.8598104847 0.6056713981 0.8542969681 0.5968895361 0.5285814968 0.5282878789 0.5223819077 0.5155580086 0.5124805191 0.5112695459 0.5108067133 0.5116443982 0 0.6178053744 0.5839283411 0.6055957426 0.5995552495 0.5838994119 0.5920561084 0.5976888784 0.7712533875 0.7715414822 0.5689658115 0.5675691412 0.6931023444 0.6538905182 0.7056171924 0.7030598886 0.6949474855 0.7014220959 0.7067619989 0.7091776705 0.9133043769 0.9080202075 0.9050257496 0.8915763212 0.8843288518 0.8833935254 0.8896743467
0.8554232677 0.8543070888 0.609376386 0.6448476811 0.6457856961 0.6468097583 0.6461106425 0.6271278998 0.6262805813 0.6355397265 0.5992173727 0.5759363684 0.7540537614 0.7593688599 0.7514411729 0.8249822098 0.8603673934 0.8576533511 0.8519190898 0.8519231819 0.8604137995 0.8621724776 0.8637840957 0.6620440458 0 0.5178185447 0 0 0.5186577844 0.5158090227 0 0.5830493208 0.6253867478 0.6063363017 0.5940277383 0.5681938632 0.592961437 0.6175202759 0.5204248864 0.6721540963 0.8858072785 0.7006747046 0.6027438601 0.7108913901 0.7043773455 0.7019818642 0.6961274619 0.6966013816 0.7039099053 0.7133642716 0.908909221 0.9167346223 0.8918379795 0.8984693645 0.8899827491 0.8848931261 0.8884425528
0.752940363 0.7719597111 0.6455686443 0.6425060516 0.6383918493 0.6418397515 0.6452447077 0.8726508639 0.6272771987 0.6333101359 0.6067199463 0.6088499428 0.8372613188 0.8246234821 0.8232330342 0.8190714533 0.8633118188 0.8542499278 0 0.8534335925 0.855316399 0.861859806 0.8697061823 0.8918249003 0.658280543 0 0 0 0 0 0.5247785452 0.5777710892 0.8293606702 0.7971410853 0 0.895311645 0.6926360922 0.850752571 0.6710403238 0.6645263236 0.6104231803 0.6092136068 0.8094829186 0.7062020214 0.7052268354 0.7439197942 0.7430203687 0.7469588236 0.6407729333 0.757175384 0.6260932689 0.5127979005 0.8976739542 0.8929392044 0.8903242255 0.8968722077 0.6244076608
0.5094940438 0.7755818677 0.8550923884 0.6440156587 0.7127473497 0.6403856271 0.6422749562 0.5533346021 0.5614766875 0.6094833854 0.6077687263 0.611602552 0.6845664509 0.8304112197 0.8816683563 0.8187548353 0.8230436102 0.7587725796 0 0 0 0 0.8632321826 0.8878576925 0.8955419917 0 0 0 0 0 0 0.8436148033 0.723855244 0 0 0 0.691056155 0.694417898 0.6668252359 0.6081106683 0.6029564692 0.6073029836 0.6088000775 0.7141474606 0.7571958223 0.7511661495 0.7425103071 0.7492227773 0.6039797295 0.6013794878 0.6035898883 0.6065790455 0.6481091218 0.6948931786 0.6281919966 0.6199589232 0.6280905063
0.6972561847 0.5120137232 0.6022211098 0.6488811951 0.5041318811 0.6303572949 0.601828449 0.5611930637 0.557395278 0.8343841726 0.723802883 0.8234875086 0.8255684111 0.8385344411 0.6849557466 0.8234333331 0.8210028345 0.7200505296 0 0 0 0 0 0.8976946709 0 0 0 0 0 0 0 0 0 0.7173952268 0 0.6849954455 0.6781430971 0.6821089084 0.6714316663 0.6051818099 0.8710804003 0.6097028538 0.6087597124 0.6819348125 0.859839339 0.7516807345 0.7457078292 0.7426015747 0.6013823138 0.5966380062 0.6049708038 0.6131985532 0.776144908 0.872651141 0.625361007 0.6298963819 0.8427187172
0.5781090507 0.592893128 0.5962668589 0.5923858578 0.598395441 0.8314800755 0.5676556336 0.8777170203 0.7975904828 0.7937391434 0.8310069569 0.8233180562 0.8304357961 0.5463470823 0.6673912892 0.6655290721 0.8546444176 0 0 0 0 0 0 0 0 0 0 0 0 0 0.5008707482 0.8429166665 0 0 0 0.673596851 0.675588984 0.6712838261 0.667208439 0.5564153985 0.8800362381 0.8767993293 0.8180178034 0.6598139148 0.6569151947 0 0 0 0.6486893641 0.653336997 0.6536976449 0.7578633877 0.5412800257 0.7714416317 0.7715097064 0.7731028315 0.8715550782
0.5778325897 0.5784379619 0.5907049911 0.5854267214 0.5667287797 0.658945176 0.8260823829 0.859457223 0.7614085665 0.7915922855 0.7853977084 0.6485619454 0.8288841022 0.6677036924 0.6673073109 0.6629596961 0.6720847571 0 0 0 0 0 0 0 0 0 0 0 0 0 0 0 0.8778299741 0 0 0.6732650565 0.6672433352 0.6771105909 0.6633374564 0.657974544 0.660538102 0.8004270288 0.7795264749 0 0 0 0 0 0 0.6456356555 0.6513197803 0.622210611 0.862317444 0.7692530359 0.7667074462 0.7667822033 0.6559575897
0.5710841709 0.5807856031 0.581964497 0.5828553543 0.8708560332 0.5810686032 0.8850767644 0.8619102951 0.7727406466 0.7643509526 0.78617355 0.8739988993 0.7343675791 0.6617619049 0.6585305335 0.8254276881 0.6678623322 0 0 0 0 0 0 0 0 0 0 0 0 0 0 0 0 0 0.6785468311 0.6688020417 0.6753071231 0.6765731673 0.6649444147 0.7413511543 0.7430759013 0.7411702659 0 0 0 0 0 0 0 0.6516959767 0.6477666131 0.8120130428 0.8616996775 0.7747515022 0.7744704308 0.7750689047 0.7538232178
0.572233265 0.5747147828 0.5794762589 0.8280674225 0.8709275412 0.6908622873 0.787848515 0.776317595 0.7785104356 0.6773897733 0.8152071529 0.6173421593 0.7066640824 0.6612829264 0.665240426 0.6617032737 0.6333353096 0.6299481666 0.6309101364 0 0 0 0 0 0 0 0 0 0 0 0 0 0 0 0 0.6781276526 0.6732710191 0.6576115247 0.6572691917 0.7378711965 0.7369582905 0 0 0 0 0 0 0 0 0 0 0.8024877967 0.5636301929 0.5861676322 0.824513936 0.8266179314 0.8328393964
