landscape/hab_quality/256/simulation_000072_p058_h088_HABMAT_patch_more_500pix_modified.asc_ac_0.5_quality.asc
NCOLS 513
NROWS 513
XLLCORNER 0
YLLCORNER 0
CELLSIZE 9.980507
NODATA_VALUE NaN
[rows 36 to 71 of 513, columns 320 to 399 of 513]
0 0 0 0 0 0 0 0 0 0 0 0 0 0 0 0 0 0 0 0 0 0 0 0 0 0 0.6445812872 0.8677888431 0.8706552512 0.8675957991 0.6884824715 0.7991641526 0.7044631162 0.710152921 0.7114832205 0.7229522358 0.8090885926 0.8175163194 0.7346823398 0.5018097512 0.5610036825 0.6723438559 0.6609050243 0.6585397068 0.6650137135 0.875926954 0.6071194694 0.5158981273 0.522755299 0.7945352374 0.5751311758 0.5113206286 0.5130289996 0.5035207875 0.7204884584 0.7209502724 0.6149942017 0.768620934 0.7693751319 0.8554016035 0.5464205599 0.8625213217 0.5473891113 0.5252395561 0.6005870717 0.6080037648 0.6418166936 0.6452745097 0.6480316283 0.6526666672 0.7596764311 0.5839495895 0.5997975066 0.8539409972 0.8514694107 0.8501854928 0.8478977037 0.7117035247 0.5698615771 0.6398186762
0 0 0 0 0 0 0 0 0 0 0 0 0 0 0 0 0 0 0 0 0 0 0 0 0 0 0 0 0.5157260315 0.7898479359 0.5151201858 0.7112104456 0.7383869467 0.7081406568 0.883599891 0.8102342003 0.8181214397 0.5032957853 0.6524651867 0.652354315 0.6797167681 0.6726827946 0.6653643667 0.6479767272 0.6587127868 0.5184131464 0.5150703027 0.5145374077 0.686601217 0.7115995198 0.8216519362 0.5125266304 0.507549985 0.5090897646 0.6105527302 0.5194493059 0.6091668594 0.6058302464 0.76693583 0.7666779165 0.5513802036 0.5452493775 0.5501646198 0.5466238074 0.7789647732 0.702488659 0.6477881355 0.6390276276 0.6476097509 0.6508604041 0.6557972615 0.7611217271 0.7325622725 0.7003606495 0.7012685173 0.7007202913 0.7104067503 0.7146424196 0.706489879 0.8483755725
0 0 0 0 0 0 0 0 0 0 0 0 0 0 0 0 0 0 0 0 0 0 0 0 0 0 0 0.5147158091 0.7083713993 0.5132694422 0.5211091307 0.7326396854 0.5726271843 0.7895420965 0.8752759424 0.5206011285 0.6733027785 0.6427956394 0.6491835604 0.647442746 0.6568659745 0.5920660589 0.5867065762 0.5889423988 0.518921605 0.5111698087 0.5114000665 0.518708625 0.7060486613 0.7111781627 0.8729778103 0.7889903407 0.5110175617 0.6959038159 0.6118207625 0.7028222565 0.7531920009 0.7554095657 0.7569608719 0.5799384595 0.5477373791 0.5452256004 0.5432175412 0.5408821182 0.7760537725 0.648725116 0.6411913272 0.6459839596 0.6468894944 0.6493914929 0.6495671812 0.6532614554 0.7054755532 0.7282507419 0.6991998842 0.8160397943 0.7011568685 0.7061618523 0.7063062842 0.7158364804
0 0 0 0 0 0 0 0 0 0 0 0 0 0 0 0 0 0 0 0 0 0 0 0 0 0 0 0 0 0 0 0.5249664212 0.5793274845 0.673260767 0.5792145364 0.750064308 0.8322473218 0.6446009385 0.6421929693 0.6444550155 0.6479438089 0.8824021758 0.5843377268 0.5757913607 0.5170167309 0.5121400407 0.5165636066 0.6974618874 0.9227698152 0.7129494137 0.7219079863 0.7477467455 0.746669144 0.7540803539 0.7633607309 0.7616115714 0.7553604782 0.7509259784 0.7487850436 0.7511077716 0.7594465552 0.5452428938 0.5369961319 0.5469124997 0.6444803206 0.6485146988 0.6490149821 0.6502630049 0.654787223 0.5418065244 0.6583756554 0.7165367853 0.7061399641 0.7054113141 0.6975094019 0.6960074885 0.6995451436 0.7017060474 0.772981079 0.7079413938
0 0 0 0 0 0 0 0 0 0 0 0 0 0 0 0 0 0 0 0 0 0 0 0 0 0 0 0 0 0 0 0 0.5881965321 0.5456026654 0.7949598789 0.8630923019 0.6465059431 0.6452613942 0.642554871 0.6490759726 0.8102451026 0.6585415459 0.9238273121 0.911323123 0.9118419683 0.9131380373 0.920330193 0.9201926564 0.9212180497 0 0.7496791315 0.7487777036 0.7461899742 0.7463702778 0.7839964372 0.7559041781 0.7547067669 0.7544159276 0.7486695761 0.7568494395 0.5916401896 0.5460456433 0.546720393 0.5467266293 0.6419290505 0.64290108 0.6475869692 0.6497016697 0.6506023734 0.6589922523 0.6594642959 0.7183863817 0.7144841563 0.7055171954 0.6971048657 0.7038675218 0.7014521615 0.7017708952 0.7814645532 0.8586596105
0 0 0 0 0 0 0 0 0 0 0 0 0 0 0 0 0 0 0 0 0 0 0 0 0 0 0 0 0 0 0.8269229852 0.5877532609 0.5972573148 0.8208557748 0.6532971644 0.7583980489 0.6515254447 0.5550115926 0.5112713497 0.5162767481 0.9345123579 0.9249109956 0.9238325785 0.914024306 0.9094010096 0.8699763347 0.9163053934 0.9176139167 0.9229113581 0.6565500176 0.7425853501 0.7399953396 0.8927401514 0.6085645265 0.887680578 0.7763745726 0.7669015063 0.7493549874 0.755472843 0.7492374183 0.5947162661 0.5506089489 0.5487625357 0.648628863 0.6421329692 0.6482891188 0.6435381069 0.5152639839 0.6570104508 0.6586266942 0.6680474211 0.720284568 0.7151836997 0.7163104744 0.8927457275 0.74981467 0.5650854765 0.6925327761 0.5074450208 0.7943510124
0 0 0 0 0 0 0 0 0 0 0 0 0 0 0 0 0 0 0 0 0 0 0 0 0 0 0 0 0 0 0 0.5894580821 0.8147270256 0.6514748108 0.8112077209 0.7549893895 0.7550885949 0.7591659332 0.507033946 0.5168828171 0.925370298 0.9309242876 0.922875857 0.9097470718 0.9051737043 0.9076038716 0.9100737599 0.9172502648 0.9258249588 0.9062944555 0.749301877 0.7462926095 0.8905120817 0.8855616962 0.891475287 0.7716286431 0.7664937321 0.764536706 0.7629575803 0.757313627 0.7844661659 0.5526184883 0.6508658726 0.6456859219 0.6450469615 0.6494642642 0.6473465596 0.6635961407 0.8452518778 0.6685344074 0.6594348131 0.5072637405 0.537081761 0.8847370003 0.8855175695 0.6053678711 0.524641461 0.6964405606 0.7892320995 0.7951454143
0 0 0 0 0 0 0 0 0 0 0 0 0 0 0 0 0 0 0 0 0 0 0 0 0 0 0 0 0 0 0.5903101779 0.5909152192 0.810401301 0.80918371 0.8165147607 0.6008201423 0.7529079026 0.7561814512 0.5118031157 0.508296004 0.6364956062 0.9226694285 0.9150753609 0.9086444427 0.9068687585 0.9034563373 0.9044835215 0.9029375374 0.9024525261 0.9067899836 0.9029269715 0.863884919 0.8860327774 0.8914796637 0.7034821249 0.7678941227 0.7692501206 0.7713559194 0.774493794 0.7792692599 0.7881761307 0.7905954606 0.7890055312 0.651283927 0.6450853333 0.6472289227 0.6562113388 0.6586680367 0.8052579044 0.5129353337 0.5101377606 0.5081033924 0.8848204551 0.6311451486 0.6327424578 0.633136809 0.7295997647 0.7219955773 0.7245361141 0.7222321229
0 0 0 0 0 0 0 0 0 0 0 0 0 0 0 0 0 0 0 0 0 0 0 0 0 0 0 0 0 0.5939536666 0.5915482542 0.5972519858 0.81758581 0.8117846326 0.8126511953 0.8000146745 0.7581014801 0.757079909 0.7096029242 0.9256530048 0.9232511448 0.9206897841 0.9213937875 0.9162692471 0.9125541061 0.9057856272 0.8968655047 0.894681571 0.6790058181 0.8989695813 0.9077108568 0.8508127166 0.8501767497 0.8963547224 0.5570244405 0.6341693221 0.7759065813 0.7760210323 0.7753621337 0.7788071264 0.785548968 0.7861460006 0.7530397393 0.6506629061 0.61784999 0.6138308051 0.6196783732 0.6613796967 0.7180778025 0.6065841859 0.5197715607 0.5183550002 0.5449676733 0.8668974338 0.627265297 0.6273001708 0.6343913433 0.7232010669 0.7163945096 0.7201873688
0 0 0 0 0 0 0 0 0 0 0 0 0 0 0 0 0 0 0 0 0 0 0 0 0 0 0 0 0 0.826318718 0.5963854305 0.8077849927 0.8053668889 0.7963002694 0.797023377 0.800141355 0.6404412665 0.8972079674 0.8953851063 0.7480653369 0.9247678525 0.6196521305 0.9291391908 0.9159947192 0.9114745197 0.8972021114 0.8971494481 0.8880300884 0.8891539119 0.8965262547 0.9055414663 0.8477546138 0.8526203718 0.8513630336 0.849425274 0.626750672 0.6302304156 0.8109164843 0.820448533 0.7873110094 0.7944061829 0.7911164326 0.7868630671 0.6194352581 0.6190908693 0.6097601943 0.6162468272 0.6252036818 0.6649119397 0.8119510803 0.8696759023 0.797695041 0.8849890836 0.5246581636 0.6267636349 0.6264808568 0.618781575 0.6189138978 0.6197401791 0.7222416707
0 0 0 0 0 0 0 0 0 0 0 0 0 0 0 0 0 0 0 0 0 0 0 0 0 0 0 0 0 0.8197769357 0.8163688696 0.8125741477 0.7992080355 0.7955120613 0.8045785986 0.8040686431 0.7143206224 0.8818283607 0.896026143 0.7426096431 0.9210625862 0.6848569234 0.9151071864 0.9102044387 0.9105769118 0.9031944726 0.8978937127 0.8933455855 0.8920022977 0 0.8483052017 0.8524066128 0.8450155955 0.8432475726 0.8420079436 0.8129140065 0.5005478611 0.8106312702 0.8776629821 0.8804426298 0.8779736835 0.591184463 0.6357423436 0.6194278382 0.6146172465 0.6191018438 0.618433961 0.6256739951 0.6007919521 0.651622157 0.861712596 0.5290252916 0.5153971051 0.6400958028 0.6309664876 0.6228326059 0.6186201188 0.610798834 0.6168867061 0.6235574332
0 0 0 0 0 0 0 0 0 0 0 0 0 0 0 0 0 0 0 0 0 0 0 0 0 0 0 0 0 0 0.8135326384 0.8094865645 0.8041059193 0.7954725922 0.7998389072 0.8081652239 0.8110970453 0.8794363165 0.7518849894 0.9295673573 0.9254273249 0.9200525148 0.916255067 0.9126708146 0.9066455817 0.9024184863 0.8984634609 0.8920456682 0 0 0 0.8536248966 0.8271868432 0.8351866516 0.8068318496 0.8091254673 0.8012734853 0.8147822782 0.54385661 0.8713574363 0.8699291134 0.6145125682 0.5856295362 0.6221621517 0.6209007315 0.616834649 0.688045523 0.8666223175 0.856810031 0.855035629 0.8488644736 0.5096937521 0.6659289659 0.6365327724 0.6375100316 0.6240927482 0.6205573923 0.758427459 0.7555186413 0.7578887484
0 0 0 0 0 0 0 0 0 0 0 0 0 0 0 0 0 0 0 0 0 0 0 0 0 0 0 0 0 0 0.8184755438 0.8111944561 0.7962430712 0.79964844 0.797651028 0.8053294305 0.8066227253 0.8150097032 0.8858312039 0.9285005739 0.9238342582 0.9174427824 0.9137648677 0.9144504286 0.9133548411 0.9090662339 0.5950312142 0.8131040456 0 0 0 0.866285806 0.8209073703 0.8263894363 0.8069879223 0.8012168024 0.8090335218 0.8148215581 0.8560409739 0.8637851962 0.8469980913 0.8507762202 0.5771853622 0.5848059076 0.8878009931 0.6916888979 0.7486206661 0.8593775404 0.8553981429 0.848764894 0.8546367479 0.5910012275 0.6652631687 0.6582734178 0.6606238293 0.6546919679 0.7495071711 0.7512702758 0.7549064577 0.7557329303
0 0 0 0 0 0 0 0 0 0 0 0 0 0 0 0 0 0 0 0 0 0 0 0 0 0 0 0 0 0 0 0.7969074403 0.7976576556 0.8034320695 0.8077743705 0.8106642568 0.8142061949 0.8180036512 0.6998539576 0.9257245927 0.9012031775 0.8986880221 0.9011044556 0.913825143 0.9149214896 0.5477392729 0.5864296401 0.5500142042 0.7686334827 0 0 0.8266154698 0.8189878969 0.8174582438 0.8043601154 0.8075397592 0.8016907562 0.8187824281 0.8539168513 0.8520453655 0.6801930997 0.6755019753 0.6746582184 0.675581668 0.691680424 0.5247347383 0.8679218321 0.8600111127 0.8577746005 0.8499493716 0.8707945881 0.6896621628 0.6623055093 0.6556212402 0.6538234642 0.6578229263 0.7493843712 0.7476822829 0.7542972232 0.7596869992
0 0 0 0 0 0 0 0 0 0 0 0 0 0 0 0 0 0 0 0 0 0 0 0 0 0 0 0 0 0 0.7808340402 0.6409125028 0.6331044115 0.8155456472 0.7885781074 0.8210708066 0.8162006827 0.8171111587 0.8293879577 0.9011428606 0.8586216457 0.8971584528 0.9050425325 0.5114596179 0.5617124111 0.5512138562 0.547178152 0.7673655688 0.7724005733 0.7706018695 0.7748321305 0.8261930648 0.8220959241 0.8221546963 0.8163301391 0.8105338905 0.8102005529 0.8018391715 0.8479540232 0.8425036001 0.8456759228 0.6762515759 0.6711736189 0 0.6825939997 0 0.8341062198 0.8145107023 0.8195865337 0.8136396771 0.6886756527 0.6551506365 0.6563638651 0.6586245681 0.6528512777 0.6524966091 0.7511908555 0.7486726286 0.7541598419 0.5824893463
0 0 0 0 0 0 0 0 0 0 0 0 0 0 0 0 0 0 0 0 0 0 0 0 0 0 0 0 0 0 0.7817852044 0.7857676192 0.7346584474 0.6789389599 0.6815379137 0.8103522977 0.7892405164 0.8249330478 0.9089235291 0.9020899886 0.9000508926 0.9054877139 0.9007016167 0.9132073012 0.5625472826 0.5536327744 0.5496681804 0.7654430455 0.765202662 0.7639357385 0.7726251705 0.8225965815 0 0.825192619 0.826191427 0.8173427221 0.826226304 0.8325092366 0.8388523854 0.8398144245 0.8446896308 0.6776685205 0.673621814 0.6807406725 0.6828744574 0.6928360653 0.6949008551 0.8177058917 0.811593789 0.8162322701 0.8197506825 0.593446119 0.6668972704 0.6544595287 0.6509891441 0.6545442299 0.7528102339 0.7509039459 0.753766884 0.7628249525
0 0 0 0 0 0 0 0 0 0 0 0 0 0 0 0 0 0 0 0 0 0 0 0 0 0 0 0 0 0 0.7849351895 0.7785030203 0.5311919991 0.608350049 0.6760096446 0.5243129829 0.6968292764 0.85091676 0.9096630101 0.9048983408 0.9003188785 0.9070866692 0.909197832 0.772209421 0.5580819055 0.7397434209 0.7704781614 0 0.7609026849 0 0.843398733 0.8393666955 0.8307052199 0 0.8206087661 0.8258943011 0.8246449716 0.8285125364 0.8352321503 0.8364957262 0.8431185961 0.8533989596 0.8559389365 0.6900450238 0.6887651477 0.6923626006 0.6970804447 0.8193005738 0.8156479702 0.8276146436 0.8182482452 0.8105623472 0.6671754264 0.6577295656 0.6567443684 0.6563448761 0.7551366361 0.7586145204 0.7574773509 0.7597678955
0 0 0 0 0 0 0 0 0 0 0 0 0 0 0 0 0 0 0 0 0 0 0 0 0 0 0 0 0 0 0 0.7777929418 0 0.6794400694 0.5740383615 0.6929064425 0.6705971797 0.845680102 0.909916022 0.904935814 0.9088698546 0.5171708988 0.9267101301 0.5095068675 0.7639174446 0.7738082172 0.7678495172 0.7637460235 0.7699674278 0.765144748 0.8440137192 0.8374620534 0.8368218057 0 0.8388922025 0.8306077792 0 0.8253582552 0.8257629827 0.8361329312 0.8443757545 0.8498109836 0.5185847632 0.5175587125 0.5239320279 0.8279569422 0.8361639462 0.7688885508 0 0.7189080959 0.7229634731 0.6237640269 0.6645635945 0.6578574372 0.6636239794 0.6565371098 0.6602889522 0.7664478541 0.7631136973 0.7591141698
0 0 0 0 0 0 0 0 0 0 0 0 0 0 0 0 0 0 0 0 0 0 0 0 0 0 0 0 0 0.7680869145 0.7723360865 0.7736032819 0.7870793988 0.7901255433 0 0.6936722349 0.8597236798 0.5250570532 0.5167742093 0.9155083953 0.9152719389 0.9174096462 0.5200594657 0.8128498089 0.7742557884 0.7724291944 0.770531282 0.7777361939 0.7713632679 0.7753638813 0.6310556399 0.6190773174 0.8395081503 0.8455640053 0 0.8307986558 0.8333818268 0.8263696771 0.8318649799 0.8458490688 0.8430320292 0.8454344759 0.8590194647 0.5193004722 0.5265324824 0.8265473938 0.8308414733 0.6837032667 0 0.6247135528 0.6223353434 0.6217923819 0.6705533795 0.8920348558 0.5497173963 0.5120471738 0.5824283267 0.586500385 0.7656212997 0.7664688855
0 0 0 0 0 0 0 0 0 0 0 0 0 0 0 0 0 0 0 0 0 0 0 0 0 0.8588175281 0.8593794851 0.8643342689 0.8669361803 0.6888303476 0.8328366251 0.563532598 0.690045099 0 0 0 0.5198990681 0.7855159822 0.9183424404 0.9188651729 0.921881268 0.9233975827 0.9215390093 0.7502258664 0.8983871168 0.5220234327 0.653040094 0.6412358642 0.6389804138 0.6407751301 0.6376583704 0.6390675982 0.8309076519 0.7715135344 0 0.8416809675 0.8423018725 0.8379255381 0.8530819863 0.8548157522 0.8546648931 0.8607505363 0.8698604038 0.7004616357 0.5259840967 0.523685949 0.5671628487 0.6220456715 0.6582011455 0.6230647543 0.619751261 0.6293032616 0.6313671472 0 0.8180669217 0 0 0 0.5937273982 0.7390942541
0 0 0 0 0 0 0 0 0 0 0 0 0 0 0 0 0 0 0 0 0 0 0 0 0 0.8626306633 0.8676068372 0 0.5782157755 0.8259049037 0.8329511356 0.8981810873 0 0 0 0.5135387074 0.5115238721 0.5128143451 0.5136863058 0.7381126376 0.93221285 0.827439731 0.9261411606 0.746781116 0.7435707097 0.745128111 0.850566724 0.636814749 0.6405062615 0.6323014749 0.6315433023 0.6251024591 0.8888475504 0 0 0 0.6291220259 0.8611981047 0.8571212804 0.8549283794 0.6923759994 0.8527392272 0.6942603758 0.6990727531 0.7034837114 0.7159896678 0.5729614735 0 0.7082600297 0 0.6288666317 0.5133879399 0 0 0 0 0 0 0 0.6878793579
0 0 0 0 0 0 0 0 0 0 0 0 0 0 0 0 0 0 0 0 0 0 0 0 0 0 0.872227792 0 0 0 0.8308295746 0 0 0 0 0.8108075925 0.5096119689 0.5136452434 0.8830468034 0.6004161156 0.6997227629 0.5962126207 0.5938458816 0.6528582465 0.7415660536 0.7434138582 0.7578244452 0.6338663402 0.6281449426 0.6150902537 0.6237504314 0.6243171656 0.6267697216 0.6307906726 0.632584403 0 0.8705876845 0.8629422947 0.8658756674 0.6891655853 0.694549711 0.6872082552 0.6946010941 0.7028929655 0.7081248739 0.5347696838 0.8191623848 0.78230991 0.7134729513 0 0.557730888 0 0 0 0 0.7260401115 0 0.6864427259 0.6847372019 0.6888088651
0 0 0 0 0 0 0 0 0 0 0 0 0 0 0 0 0 0 0 0 0 0 0 0 0 0 0 0 0.7680750846 0 0 0 0 0 0 0 0.6321589966 0.5933722713 0.7160368935 0.5964196988 0.5980853806 0.5925202209 0.5933220316 0.6010293222 0.736694895 0.7344507483 0.6423795368 0.6347711176 0.6235911756 0.6212273057 0.6185169278 0.6200930962 0.6296950125 0.6226938237 0 0 0.8666471001 0.8270097518 0.6990939988 0 0.6866456766 0.6846733222 0.6899531484 0 0.7127594212 0.7142054107 0.6858362944 0 0 0.5436652891 0 0 0 0 0.7175439544 0.7250799823 0.5665759552 0.6922290951 0.6936124816 0.6895605194
0 0 0 0 0 0 0 0 0 0 0 0 0 0 0 0 0 0 0 0 0 0 0 0 0 0 0 0 0.7664987451 0 0 0.7858710553 0.5939272854 0.5887940768 0.590564174 0.5931395675 0.5821559834 0.5825923086 0.5885005531 0.58723309 0.5910973348 0.5922783316 0.5954228566 0.5977182916 0.7402103172 0.7372270189 0.6442463369 0.6366066017 0.6272457109 0.618053619 0.6135657347 0 0.6218405793 0 0 0 0 0 0 0.6989925937 0.6914794681 0.6900619301 0.6918413869 0.6351916411 0.6364343789 0.6951998857 0 0.6841256958 0.6905031813 0.6373233644 0 0 0 0 0.7184724563 0.5656745164 0.5751755823 0.6984141459 0.6990173788 0.6989302829
0 0 0 0 0 0 0 0 0 0 0 0 0 0 0 0 0 0 0 0 0 0 0 0 0 0 0 0 0 0.7714381395 0.7927474385 0.8159820589 0.5949177273 0.5850492476 0.5848047626 0.5768821347 0.5786933271 0.5846998357 0.5833508484 0.591213494 0.5879981603 0.5954799303 0.8925268152 0.6226130403 0.8391729696 0.6636085753 0.6394846925 0.6325460578 0.6348790313 0.615288373 0.6169990306 0 0 0 0 0 0 0 0 0.6920577344 0.6995482087 0.5964401626 0.6337911808 0.633522799 0.6324970749 0 0.6890577132 0.6846700302 0.6903090574 0.6328314832 0.6324465408 0.6297495774 0.6289490331 0 0.6473470905 0.8148249244 0.5684389983 0.5162305972 0.6994822969 0.7046848782
0 0 0 0 0 0 0 0 0 0 0 0 0 0 0 0 0 0 0 0 0 0 0 0 0 0 0 0 0 0 0.7876430264 0.8818661963 0.5882681523 0.586144076 0.5783458556 0.5752479013 0.5741594136 0.5813630258 0.5800749066 0.5840638134 0.5875506972 0.5926792925 0.601721155 0.781123368 0.6627509805 0.6444044048 0.8594174259 0.7956748199 0.6408907809 0.7431380215 0.7368311108 0 0 0 0 0 0 0 0 0.8505203634 0.8468905391 0.8462153396 0.6319661996 0.6297951266 0.6307436421 0.6928819804 0.6891916679 0.8767177905 0.7321995959 0.6330843852 0.6328982761 0.6238957706 0.6240199793 0.6394600643 0.8824656989 0.7031358637 0.8080142135 0.6275706949 0.6275239628 0.8867895704
0 0 0 0 0 0 0 0 0 0 0 0 0 0 0 0 0 0 0 0 0 0 0 0 0 0 0 0 0 0 0.7527828795 0.7445312614 0.5929218025 0.5922276003 0.5827864108 0.5773464595 0.5718665823 0.5766514541 0.5801642879 0.5862172308 0.5924550489 0.6010691766 0.6099718704 0.5124482564 0.6383943971 0.8982579686 0.5279506801 0 0.5298333277 0.7674627651 0 0 0 0 0 0 0 0 0 0.8512064398 0.8434463029 0.8281397002 0.8308715298 0.8290774422 0.832678479 0.6446179835 0.504679516 0.5030815699 0.5140749247 0.8598696658 0.6302146015 0.624935435 0.6321326514 0.6339853364 0.6374378423 0.7108869358 0.635589663 0.6274848309 0.6299114625 0.7232875934
0 0 0 0 0 0 0 0 0 0 0 0 0 0 0 0 0 0 0 0 0 0 0 0 0 0 0 0 0 0.5955935682 0.5946151796 0.5928169737 0.5817837903 0.5885144119 0.5769121714 0.5731264176 0.5705932276 0.5754641484 0.5774279041 0.5861922795 0.5955473315 0.5962475103 0.6033822191 0.6109189054 0.8869639028 0.8934664829 0.5611748415 0.7395479036 0 0 0 0 0 0 0 0 0 0.8482212318 0 0.8464419622 0.8373245587 0.8359664077 0.8269484917 0.8247301866 0.8289362561 0.5125473693 0.5009082751 0.8303982765 0.6276818911 0.8713520942 0.8769138519 0.6406455834 0.6358476705 0.6321577115 0.6358088526 0.8110579864 0.7527093469 0.6350294673 0.637259686 0.7617480924
0 0 0 0 0 0 0 0 0 0 0 0 0 0 0 0 0 0 0 0 0 0 0 0 0 0 0 0 0.6023678106 0.5954300804 0.5986435616 0.5888554624 0.5889333649 0.5746679223 0.5735916304 0.5732117021 0.5801541534 0.5738380508 0.5845773933 0.5895893387 0.5938314243 0.6026786607 0.6649505047 0.6075619709 0.7708552742 0.8432082676 0.8470319334 0.8424717288 0.8925155256 0 0 0 0 0 0 0 0 0.8420730406 0.8462280016 0.7838004782 0.8427811596 0.7457087532 0.828314985 0.8218484729 0.8244716304 0.8234202075 0.8265751246 0.8305944352 0.6328049031 0.8700982177 0.863222009 0.6428302019 0.6348798171 0.635693348 0.6364532131 0.5135597814 0.8526989803 0.6229521225 0.7062362173 0.846169004
0 0 0 0 0 0 0 0 0 0 0 0 0 0 0 0 0 0 0 0 0 0 0 0 0 0 0 0 0.8915462004 0 0.5895495023 0.5929981895 0.587709799 0.5741645252 0.5735552344 0.5896353536 0.5805533294 0.5828883455 0.5840351254 0.5853990668 0.5977739094 0.603194797 0.6059182937 0.897701276 0.8115155631 0.5248950693 0.8420479055 0 0 0 0 0 0 0 0 0.8412127911 0.8418487396 0.8380866409 0.8464086587 0.8424997967 0.8500141099 0.8517398481 0.8282325839 0.8214753679 0.8182825711 0.824321594 0.825933725 0.8340176642 0.8379341602 0.8425786057 0.5368450638 0.532513199 0.6399181066 0.513822109 0.5133689277 0.8817546329 0.8871247135 0.5392340284 0.6153367555 0.7531162001
0 0 0 0 0 0 0 0 0 0 0 0 0 0 0 0 0 0 0 0 0 0 0 0 0 0 0 0 0 0 0.5846814547 0.5843254062 0.590348386 0.597405203 0.5924161215 0.598331892 0.583256216 0.5923753867 0.5880162676 0.6054422768 0.6000046877 0.6065246582 0.8070791921 0.7409708392 0.5945083256 0.784526453 0.8511311726 0 0 0 0 0 0 0.848474507 0.8483226461 0.8474798781 0.8385016204 0.8456005367 0.8412984797 0.8451225316 0.5927181912 0.6630234141 0.8923805735 0.8851838593 0.8199529063 0.8210283947 0.55107302 0.8343485396 0.8354112521 0.836913729 0.5353803752 0.5420594007 0.5362387556 0.5230152406 0.5214453956 0.5211309524 0.6204393653 0.6147339504 0.6147852764 0.6101060267
0 0 0 0 0 0 0 0 0 0 0 0 0 0 0 0 0 0 0 0 0 0 0 0 0 0 0 0 0 0.7182941018 0.5874750054 0.5935830912 0.6109785246 0.6855445105 0.6802832915 0.6001468268 0.6049871895 0.8100138667 0.8213495802 0.7981335896 0.8008247907 0.8027036438 0.8047728785 0.6946062463 0.5815702187 0 0 0 0 0.7173348693 0 0 0 0.5343014139 0.536785146 0.5343168276 0.5323708605 0.5290393114 0.8478490023 0.8506153503 0.5970728235 0.5895446322 0.6594887529 0.8914009373 0.8287376762 0.8212975772 0.8238528529 0.8402978139 0.8379974295 0.8389760277 0.8424757122 0.6902227818 0.8669727933 0.5289040618 0.5218108618 0.5298396899 0.6156951969 0.6122010689 0.6111186493 0.6083880943
0 0 0 0 0 0 0 0 0 0 0 0 0 0 0 0 0 0 0 0 0 0 0 0 0 0 0 0 0 0.7884304645 0.7861083649 0.7780539309 0.6871051707 0.6776791451 0.8129458161 0.7639930526 0.7727392056 0.8109426919 0.8061047479 0.8013710042 0.7954828186 0.8044118685 0.8094831688 0.8881472672 0.8913857364 0 0 0 0 0.7149419042 0.7191261869 0.5439059509 0.5463640437 0.5364397925 0.5276524257 0.618356983 0.5288691561 0.527134783 0.5361274682 0.512942355 0.5964603322 0.5878240137 0.5814761072 0.5808340064 0.5046313075 0.8260715723 0.8304170256 0.8267666976 0.8411354627 0.845215036 0.8202489412 0.7697510971 0.7675134655 0.7647189823 0.8510235728 0.6786442978 0.6845225887 0.6855505827 0.604485706 0.6111317676
0 0 0 0 0 0 0 0 0 0 0 0 0 0 0 0 0 0 0 0 0 0 0 0 0 0 0 0 0 0.786936516 0.7785225316 0.7864108809 0.6864138387 0.6780160848 0.6828391013 0.7055351086 0.7652388763 0.8075756021 0.8048656976 0.803778377 0.8035899623 0.8024485902 0.8062599358 0.8851905888 0.8819712817 0 0 0 0 0.5316279878 0.7161979984 0.5393960105 0.5371555628 0.5318203983 0.5240160747 0.5239117661 0.5206563673 0.5180096904 0.6005593184 0.5985157795 0.5639860438 0.5487718401 0.6373009044 0.5803058358 0.5765090197 0.5071752772 0.6112401415 0.6264154663 0.8098628154 0.7229500616 0.7787945838 0.7598960548 0.7605206729 0.7558963641 0.6921683421 0.6824319051 0.6780018266 0.6801030089 0.6862667057 0.6117347162
0 0 0 0 0 0 0 0 0 0 0 0 0 0 0 0 0 0 0 0 0 0 0 0 0 0 0 0 0 0 0.7016535927 0.7022389412 0.6818451175 0.5427320695 0.6986297949 0.7080636226 0.5615893293 0.7910615358 0.8048139997 0.8237190557 0.8236183154 0.8228202374 0.8312199043 0.8887072229 0.6295555503 0.8805077679 0 0 0 0.7619592939 0 0.5379995733 0.5319103992 0.5400134158 0.5326831256 0.5204456773 0.5152849064 0.5206633721 0.5185825212 0.56449092 0.5647340224 0.5636292396 0.5678918824 0.5735486868 0.5772598557 0.5855925888 0.7821134548 0.8371352733 0.860923296 0.8602312803 0.6212490189 0.7558315567 0.7538601116 0.7540759202 0.6608023711 0.6572584082 0.6738743837 0.6773158855 0.6706306443 0.6805895351
0 0 0 0 0 0 0 0 0 0 0 0 0 0 0 0 0 0 0 0 0 0 0 0 0 0 0 0 0 0 0.69850082 0.7009246688 0.6534212765 0.7033060546 0.7026390652 0.6026097437 0.7792016448 0.7861799956 0.6877118023 0.824449371 0.8190401426 0.8277562044 0.8304790387 0.6303959154 0.8304512528 0.6911309551 0 0.5403085884 0 0 0 0.7406465293 0.743327563 0.5426271001 0.5359809006 0.515858339 0.5224206323 0.5174657546 0.5209604382 0.5627209502 0.5644254984 0.5602421119 0.5647976905 0.5668598704 0.5782114195 0.582465672 0.641356141 0.8559774702 0.722045159 0.6170413741 0.7507533527 0.754648542 0.7585934408 0.6537202467 0.6513866317 0.6553446981 0.6781132587 0.6699802337 0.6782987785 0.6836044462
