landscape/hab_quality/256/simulation_000043_p064_h010_HABMAT_patch_more_500pix_modified.asc_ac_0.5_quality.asc
NCOLS 513
NROWS 513
XLLCORNER 0
YLLCORNER 0
CELLSIZE 9.980507
NODATA_VALUE NaN
[rows 162 to 188 of 513, columns 122 to 182 of 513]
0 0 0 0 0 0 0 0 0 0 0 0 0 0 0 0 0.5995047828 0 0.8150891279 0.818882108 0.8251512625 0.7948127757 0.691196375 0 0 0.5613693303 0.7794461173 0.7857903343 0.7508318295 0.6987996553 0.7510175547 0.8148613762 0.6681071438 0.8082679693 0.815764128 0.5711480933 0.5720486611 0.649967891 0.5211154899 0.5137910483 0.7619153036 0.6976434214 0.7011758469 0.5584917636 0.7723296967 0.7775329793 0.7985604348 0.7464665822 0.7371735261 0 0.7459896578 0.8102645469 0.5391935752 0.5317894932 0.8702251865 0.8742352962 0.8688074616 0.6832956365 0.6827009174 0.6841723575 0
0 0 0 0 0 0 0 0.8357356211 0 0 0 0 0 0 0 0 0 0 0 0.8186806622 0 0 0 0 0 0 0 0 0.738518573 0.7428249093 0 0 0.8156453464 0.8148990343 0.8953650503 0.5720877102 0.5693644681 0.6428479577 0.5230317352 0.5131723069 0.5123345911 0.7565084148 0.7005569775 0.8779618574 0.8344253304 0.7322663215 0.7038852824 0.7481630037 0.7386130505 0.7372596102 0 0.8314122279 0 0.7416051359 0.8145964777 0.8658093875 0.587510855 0.8616595446 0 0.5022488 0
0 0 0 0 0 0.667016651 0 0.7538919646 0 0 0 0 0 0 0 0 0 0.8999300772 0.6624082709 0 0.5704844784 0 0 0 0 0 0 0 0 0.8579954563 0 0 0.8282714396 0.6852327879 0.6265953892 0.6512436671 0.5786466883 0.773421024 0.6621988467 0.6541143527 0.5143449585 0.6469726501 0.6406184433 0.8702462108 0.873114409 0.7063447429 0.7553230824 0.7460458614 0.7441716665 0.7471381095 0.7433721767 0.8856035278 0.7630508783 0 0.7594664827 0.8567154988 0.8671685709 0.861333374 0.6075497806 0.5005149666 0.5099781286
0.8204283134 0 0 0.8131503938 0 0 0.6457293504 0.7541701762 0.7506750285 0 0 0 0 0 0 0 0 0.8708271883 0 0 0 0.5647522626 0 0 0 0 0 0 0 0 0.5632320203 0 0.59463041 0.592975534 0.5956099153 0.5920665372 0.6590994059 0.7476304276 0.6483145119 0.5188506814 0.6365342653 0.6378837322 0.860556723 0.8635528127 0.8667936147 0.8702748893 0.7554481351 0.7552912813 0.752396304 0.6859263445 0.7560238153 0.7526522835 0.6556218888 0.7549925711 0.8610492512 0.8626032474 0.7353865827 0.8711606466 0.6057533937 0.6046136165 0.746485061
0.5695262575 0.7728720332 0.8097625927 0.8122696351 0.7326912557 0 0.6140582076 0.6783108804 0.7563070176 0 0 0 0 0 0 0.6663637196 0.7192969286 0 0.577181307 0.5599855453 0.5614072648 0.567969727 0 0.6950295337 0 0 0 0 0 0 0 0.5632095963 0.5995412056 0.5934681551 0.5905421316 0.5999080616 0.8849123709 0.551347103 0.7563399809 0.6411055052 0.6425404712 0.6856679742 0.8613349432 0.8647638192 0.8710188056 0.8658953167 0.8194434546 0.7118828687 0.6867284586 0.5706958608 0.5665449635 0.750159975 0.7484663978 0.7562888306 0.7403913214 0.8513603947 0.5086391786 0.620225727 0.6138504339 0.6195952527 0.6081175283
0.5597802735 0.809865395 0.8109754076 0.8153770697 0.6296484606 0.6139113555 0 0.797620945 0.8482091672 0.8476166866 0 0 0 0 0 0 0.7182448865 0.5660306681 0.5641097891 0.5661901674 0.5685766819 0.5690726813 0 0 0.5624319215 0 0.8712004981 0 0 0.8435291064 0.5176265983 0.8198549495 0.5982849227 0.5957396572 0.5941330124 0.5976797706 0.5987877585 0.7928383875 0.7873365658 0.6384959752 0.6421805647 0.7951357878 0.6811172656 0.86581429 0.8778449901 0.8715538528 0.7190960187 0.7093227319 0.8051413015 0.5706961793 0.8944079514 0.7502113599 0.751549601 0.754523963 0.8535935528 0.8561139715 0.8524624522 0.5696032681 0.6161678101 0.8710666314 0.8747860325
0.5570552295 0.558315292 0.8468764425 0.6812716182 0 0 0.794469626 0.7223231382 0.8484550907 0.8519900695 0 0.8496511746 0.85027648 0 0 0 0.7434324575 0.8875193554 0.8500534261 0.8582202157 0.6364176368 0 0 0 0 0.6554166653 0 0 0 0.5629620444 0.6652963363 0.8183804818 0.8278806292 0.6860594115 0.6063633174 0.5986552682 0.5991276318 0.6045826908 0.6426614379 0.7835090662 0.6386494687 0.6818427621 0.6893393133 0.6820378382 0.874228461 0.8693961189 0.7121624271 0.7127840912 0.8079091169 0.7994498678 0.8056715764 0.7502463123 0.7971770526 0.8695565465 0.5185641001 0.8380719219 0 0.5720727197 0.6252081719 0.6203528314 0.535428503
0.5553439614 0 0.6283191629 0.5737965719 0.672559238 0.7849269601 0.7921670114 0.7127654283 0 0.8512915538 0 0.8456243772 0.5319914058 0 0 0 0 0.7413357158 0.8576077174 0.8597691514 0 0 0 0.7472661973 0.6563810033 0.7403584639 0.5926376291 0 0.5583858934 0.5589641941 0.8187732319 0.8282554417 0.8261076645 0.846288123 0.5283696903 0.614825766 0.7728198607 0 0.6497077741 0.7735800059 0.7822831584 0.5739078654 0.7795293106 0.7745305383 0.7224371039 0.6589093199 0.6525496576 0.6517861975 0.6495855882 0.5307679769 0.8226006384 0.7566103414 0.7875876007 0.8626626757 0.8656286878 0.8321450159 0.7108562169 0 0.8068885656 0.7994467015 0.7282630118
0.5513333418 0.7388743452 0.6679197559 0.6650256428 0.6527010201 0.655194822 0.6491206213 0.6491703472 0.6536591357 0.8538181633 0 0.7118920577 0.6847565545 0.7560699282 0 0 0.5410470774 0 0 0 0.8496204487 0 0 0 0.7408036668 0.7111818229 0.5896686428 0.5927275266 0.5196971073 0.833457053 0.6758277983 0.5990929698 0 0.8685191085 0.5929053223 0.7387865293 0.7268324277 0.7384102674 0.8449834839 0.7833595942 0.7823712923 0.7708879164 0.6665024388 0.5886663354 0.7617811566 0.6365289783 0.643287037 0.6430875104 0.6525348278 0.5499013278 0.8113671332 0.8606816779 0.8501192924 0.8579969487 0.8517238746 0.8533839522 0.8609526086 0.8457810153 0.7981700694 0 0.7189730252
0.5445926403 0.5309754479 0.7340224311 0.5720224217 0.5704062401 0.6460147415 0.6489412546 0.6475277675 0.6493421189 0.6581291013 0.6646313924 0.6899646255 0.7000817914 0 0 0 0.7966373416 0 0 0 0 0 0 0 0.6032209543 0.5967081354 0.6044623075 0.5972207005 0.6038448396 0.8381131325 0.6819261841 0.6734072092 0.6661918949 0.6671183356 0.8752606128 0.7340205067 0 0.7311424787 0.5890442986 0.5914238622 0.8412261664 0.8186818238 0.8447632168 0.7641304656 0.5327764317 0.6376712017 0.6355509347 0.6427567912 0.6470821783 0.6229879594 0.8611608953 0.865623719 0.8551723694 0.8484180709 0.8525393327 0.857741115 0.8642978637 0 0 0 0
0.5250755356 0.7406202118 0 0.7857747006 0.6587410038 0.6517501354 0.6428856874 0.6450454516 0.6552519203 0.6551699972 0.65849598 0.6971996529 0 0 0.8788330451 0 0.866084293 0.6918135713 0.8638998068 0 0 0 0 0 0 0.6052294284 0.8528276876 0.5954337161 0.5143130603 0.6069240705 0.6396213291 0.7224393912 0.6714212124 0.6743499504 0.8325816586 0.7013549198 0.7189078048 0.7162708061 0.5941243232 0.5889462967 0 0.6009446367 0.7462504326 0.7455006357 0.7456271615 0.7519211013 0.8202297899 0.6075887244 0.6082670282 0.6270848387 0.5083925778 0.7100401624 0.8570985473 0.8577618088 0.8545874218 0.8560775256 0.8642599421 0.8653191626 0 0 0
0.5338110012 0.735839014 0.7860967625 0.5038783584 0.6558506418 0.6520892561 0.6481314277 0.6441502143 0.7451355304 0.8527374943 0.6606228127 0.7056728579 0.8726846867 0.8709716068 0 0.8603747312 0 0.8695648686 0.8646645798 0 0 0 0 0 0 0.8626602616 0.8546376252 0.5683658584 0.5592278509 0.531239984 0.8379576329 0 0.7312993882 0.8698432063 0.8717824395 0.8748982498 0.7106264391 0.7095760168 0.5916985075 0.5953852157 0.5947825219 0.5955530789 0.6831024405 0.7428057242 0.745937584 0.7520417972 0.7909529271 0.5793031247 0.5788997852 0.8638945709 0.8190449618 0.8624829855 0.866070656 0.8659120506 0.8617636387 0.8620249526 0.8651497056 0 0.7995539096 0.794279094 0
0 0.7750885029 0.5486469665 0.550110705 0.6615687917 0.6539515514 0.6538021635 0.6569520611 0.8162182139 0.6682339525 0.8167674891 0.6941875963 0.8755848625 0.879001255 0.8621969759 0.8576739368 0 0 0 0 0 0 0 0 0.8592616078 0.8666465065 0 0.8497750264 0.7494704234 0.8269408707 0.6854028881 0.6954596323 0 0.6126936623 0.8775665215 0.6717360558 0.7115143005 0.5887446612 0.7149984 0 0.7908011236 0.6027154619 0.7469710346 0.7512226841 0.7524608596 0.604380252 0.612622374 0.6144590004 0.8188589888 0.5861480118 0.8227966297 0.8179387386 0.8258082666 0.8705635089 0.8409858208 0.7209840323 0.7133084587 0.6857989878 0.6170982798 0.6811177245 0
0.5266029053 0.5523917381 0.5553359101 0.6653476408 0.6626027475 0.6366956115 0.8230851321 0.5843609362 0.810655166 0.8068784133 0.8070945425 0.6016259662 0.6842258133 0.7037316259 0.8670627457 0 0.7355040356 0 0 0.8799706463 0 0 0 0.8605980212 0 0.8623529166 0 0.5898649438 0.527259257 0.8143922675 0.8125302984 0.8058002914 0.7929295362 0.7952404939 0.8073090185 0.5668943774 0.5582474063 0 0.5923141368 0.7187563248 0.5511654068 0.5783775669 0.5610988814 0.7525260536 0.6073016423 0.6042563965 0.611017458 0.6153622004 0.6206685289 0.8124943288 0.8185079928 0.5207363505 0.5365965168 0.8329693681 0.5851415343 0.7738385946 0.7463336463 0.6116389112 0.6131449411 0.6173021966 0.5760578789
0.6759560485 0.7945951015 0.6759151373 0.677165968 0.6730631444 0.8249702629 0.6312438867 0.8242735166 0.8160553025 0.8060666048 0.8521016323 0.7984513311 0.69402355 0.6843962185 0.508936292 0.8581357379 0.608561764 0.6260159483 0.7400097748 0 0.8788392455 0 0 0 0 0.6690101631 0 0 0 0.8162423937 0.8045309844 0.7987759051 0.7951136227 0.8004696952 0.80574829 0.565002994 0.5582613338 0.5596557588 0 0 0.8065309611 0.8049018348 0.8039678438 0.8096413617 0.7434418227 0.877557198 0 0.8788437749 0.8122906637 0.8583073404 0.8134001471 0.7043593473 0.5437078682 0.7706127264 0.8626064724 0.6120280061 0.598277937 0.6076273696 0.6141416145 0.7775920693 0.6617638943
0.528345933 0.6452439782 0.6719121919 0.6725870138 0.7728736781 0.7244116799 0.5870583902 0.8181292161 0.8149115114 0.8927914406 0.8421875908 0.5156175359 0.6989496531 0.6991204581 0.8348817597 0.8497837099 0.5767054114 0.7753405816 0.7426538939 0 0.8690583415 0.8827913731 0 0 0.5477893408 0.6159438028 0.6199972267 0.6219949353 0.6031655388 0.6593439604 0.8075853672 0 0.6327975075 0 0.8704493952 0.8147586476 0.8984463008 0 0 0.5691032389 0.8110540419 0.8017240126 0.8804715546 0.7075441227 0.8439965425 0.5760098927 0.6391746007 0.8771640662 0.7943967662 0.6860242602 0.5920095357 0.7051258219 0.862684842 0.8431652826 0.6604753042 0.6095766049 0.6085677124 0.6153248705 0.6140022951 0.6889251511 0.6522554003
0.5333655649 0.5999026399 0.6871379394 0.6782039581 0.5728577281 0.6951658038 0.5860223655 0.5833221123 0.5903953692 0.5889349802 0.5867534831 0.518619219 0.5280323579 0.8295714198 0.8110582859 0.5383971827 0.5403458006 0.7742091176 0 0.5716882262 0.5619467438 0.8881948959 0 0 0.7710822514 0.6195517145 0.6103851067 0.6103696616 0.8921738938 0.8934156273 0.6816575908 0.8031412973 0.7871129022 0.8726319522 0.5931543871 0.7309251078 0 0.654808714 0.6510560269 0 0 0.8048166822 0.6993401461 0.7084429697 0.8417415487 0.8818595923 0.5421276076 0.8750169654 0.5111189659 0.6142792078 0.5882382198 0.595689145 0.5919241983 0.7153146924 0.7267399658 0.8167928799 0.8254474867 0.6962302526 0.6159417371 0.7022822006 0.8987631014
0.5920974156 0.5991181826 0.5519547207 0.545843088 0.9258827251 0.9164603834 0.9181101544 0.5885701343 0.5828221455 0.5865791989 0.594668706 0.5939190968 0.5704537815 0.801386948 0.8112765474 0 0.6340869053 0.6086129282 0.558923374 0.5655062012 0.5631119842 0.561737669 0.8962010739 0.7699682914 0.7688827674 0.7630137006 0.612850429 0.6120032001 0.6178297701 0.8896658215 0.8879945273 0.6892660804 0.6920749213 0.7908266819 0.7869318061 0.849099162 0 0.5587620372 0.6521636681 0.6514517811 0.8132769695 0.7019180007 0.7050862225 0.6885781381 0.841742108 0.8374174528 0.5083799569 0.7856378407 0.5064367145 0.8012734523 0.6128285645 0.5875778664 0.7110363466 0.7171603172 0.823979362 0.8157016475 0.6771775733 0.6942501928 0.6937374574 0.891263832 0.7440425567
0.5876128745 0.5850159551 0.5915298317 0.9227743537 0.919963524 0.9140208746 0.9177905813 0.5861058098 0.5910552523 0.5908598016 0.8961409206 0.6724145004 0.6799264223 0.8373263724 0.8050522127 0.6435145059 0 0.6483512869 0 0.5972531612 0.5701895151 0.5070469484 0 0 0.7689300561 0 0 0 0.8908619843 0.8832720306 0.8882604117 0.6981904823 0 0.6548181872 0 0 0 0.7998435108 0.5447911533 0.7602056859 0.8594713202 0.5088946372 0.7138069772 0.8421996116 0.7905827563 0.8446558591 0.5064266142 0.5011910493 0.503479156 0.807182489 0.7875645705 0.5895996197 0.7203060359 0.7187938706 0.8258585996 0.8187874974 0.7528503586 0.7004532152 0.7074555106 0.8882043463 0.6888416531
0.5832109002 0.5828586635 0.5833981178 0.9163898934 0.9130201672 0.7635613959 0.84426666 0.7656334694 0.9139834822 0.912593971 0.8765231999 0.5782636322 0.6757351854 0.6307014932 0.6474610669 0.5988738807 0 0 0.6518795837 0.530767658 0.8806589967 0.882493306 0.8230488328 0.5905901245 0.5978328823 0 0.5423847849 0 0.8754070127 0.8734971031 0.8840887166 0.6589677947 0.6633680717 0.6607435601 0 0.8004678379 0 0.6427105499 0 0.6502068131 0.6183002906 0.5085243041 0.5159856162 0.8488976895 0.8400296185 0.5086489302 0.8512503821 0.5943341276 0.8112221563 0.8105970147 0.8062006751 0.8115145743 0.8179229057 0.5561553246 0.5798682859 0.6848557014 0.719122142 0.7235827229 0.9056986902 0.8967091912 0.8879729525
0.5829798445 0.585685727 0.5843176484 0.9115801188 0.6651707071 0.6677478957 0.758379964 0.7601089738 0.9048669875 0.9053022121 0.9206548027 0.9224820543 0.5196598738 0.519114506 0.6015354457 0.5938650296 0.5935950066 0 0 0.8309196322 0.8235556499 0 0 0 0.5905626202 0.7854481299 0.8752466505 0.8773701826 0.8814635516 0.8748021956 0.6710907086 0.6595457303 0.657937953 0.6628439345 0 0 0.8348023145 0 0 0.5048506957 0.6196674916 0.6117349616 0.5081582502 0.7903418748 0.505250683 0.56536644 0.5617986801 0.6724823442 0.6382767132 0.5874809021 0.8157043033 0.8090927781 0.7715759105 0.552858065 0.7913189686 0.7928152351 0.7982813811 0 0 0.893046384 0
0.5929014107 0.5912684339 0.7095286202 0.8544069585 0.9017023631 0.6641110834 0.8951757283 0 0.9088010374 0.9136090382 0.9194241485 0.8956550832 0.5219097797 0.5179569119 0.524429985 0.7737478134 0.5853246561 0.5886250792 0.8289050405 0.8225795491 0.8878998478 0.8235794938 0.861191368 0.5909176159 0.5934859129 0.8828211416 0.8747284966 0.8764827329 0.6752346965 0.6705113901 0.6780513595 0.6695433976 0.667529453 0 0.6717654956 0.6650986309 0.7744276761 0 0 0 0.7806739175 0.624202749 0.6109899318 0.7810761637 0.7822849743 0 0.5826803308 0.5982152479 0.6962899701 0.9078023157 0.9027323067 0.898772265 0.8968150173 0.7667549342 0.798147927 0.7909093684 0.6979902748 0.7593631889 0.8980482947 0.9082966645 0.8966698883
0.5916261448 0.8640725298 0.5914259915 0.6184316478 0.844891605 0.8934667793 0 0.9059256054 0.9050972989 0.9183550418 0.6404182757 0.9210809683 0.5219225248 0.81132727 0.517467172 0.7433547934 0 0.6029189931 0 0.6054514978 0.8179192754 0.816184416 0.8180537451 0.6072076356 0.8838372765 0.7638713497 0.8785729071 0.6829366745 0.6737624097 0.6771472896 0.6774419803 0.6832987507 0.7650176032 0.668924746 0.6661487597 0.6736328842 0.674093491 0.7660956222 0 0.7715137693 0.7727831859 0.7898772024 0.62170801 0.782336155 0 0.5218882105 0 0.5487646697 0.6582262975 0.6449928318 0.5886702034 0.894851748 0.8999067365 0.9053845799 0 0.7909173382 0.7957629411 0.6137207311 0.8841063082 0.9118480595 0.9046382828
0.5464963212 0.8723898044 0 0 0.6211492864 0 0 0 0.9235295666 0.5324629577 0.6114270694 0.6196633359 0.5353626648 0.5247040046 0.7430258246 0.7413251412 0.7458444743 0.6036054914 0.5956297686 0.5971218448 0.8134870014 0.8148780301 0 0.5177385061 0.768005859 0.7743852338 0.7673254985 0.7138936938 0.7061432486 0.8810294085 0.7678537194 0.5956826122 0.7604973515 0.6115965912 0.6169345023 0.6782525515 0.756764297 0 0.7581185795 0.7636697296 0.7736950284 0.7864207022 0.7821287997 0.7785861708 0.7799954569 0.6886107293 0.7910397304 0.6765601948 0.6855861861 0.8430123156 0.8384226315 0.8364528261 0.8970285179 0.5932629773 0.804405821 0.8751664025 0.7885830867 0.8867869398 0.8791810996 0.880133756 0.8879177315
0.7102569803 0.6721475688 0.6207299451 0.6144676649 0.8416460169 0 0 0 0.7036781393 0.6188257805 0.68832888 0.6940810201 0.5330926712 0.5372759472 0.751046102 0.6178450715 0.7461601463 0.5975432743 0.881806317 0.8983690996 0.5352568039 0.8072221158 0.8068561723 0 0 0.7449255759 0.7556206111 0.7031874834 0.7100377999 0.7093774837 0.8201209682 0.6025667459 0.6160512753 0.6093248667 0.6100626653 0.7275880282 0.7291831069 0.76073823 0.7644797564 0.8107175613 0.7719823217 0.7913284623 0.7712727914 0.7874400443 0.7877869822 0.7818637634 0.7053798334 0.8789388195 0.8524414059 0.8437273921 0.8343314493 0 0.6522544887 0.779760814 0.8780899004 0.5303985783 0.8803893038 0.8850707748 0.8777880753 0.8871593156 0.8966182717
0.6540610206 0.6631117535 0 0.6157443454 0.8438180617 0 0 0 0.7573988375 0.6988513238 0.6951306284 0.6870104412 0.5349022342 0.7014460893 0.7017278529 0 0.6479032287 0.8788666582 0.8751100596 0.8746344449 0.8095942625 0.8039466973 0 0.8162472293 0.7462782339 0.7495042342 0.8727554514 0.7089236451 0.7088582643 0.7095999169 0.8218107308 0.6234232292 0.6117162938 0 0.727089139 0.5818792749 0.6240739255 0.6155838137 0.8085063477 0.8134951958 0.7739735336 0.7691314782 0.7765910165 0.8903591357 0.7778144783 0.7866798475 0.8239909826 0.705401013 0.6873386182 0.8364541571 0.8475023461 0.6461390809 0.6417448121 0.5515429082 0.6249352678 0.6210272349 0.6287219619 0.8839995004 0.8791770448 0.8808033 0.8899174196
0.665247907 0.668371331 0 0 0.603101338 0.6034822691 0.8598136553 0.5089992238 0 0.7960377569 0.696960031 0.6921331374 0.6918075559 0.6924099981 0.6942187415 0 0.8616982223 0 0.8714819828 0.87324377 0 0.7955314177 0.8076221413 0.5501864684 0 0.7418873886 0.7426521695 0.879707565 0.7092760795 0.8137441056 0.6851053225 0.6644648299 0.6717174784 0.7334833578 0.7302172071 0.6195399209 0.6158480157 0.616849995 0.8108202422 0.8065840488 0.8134884324 0.7691355368 0.8663806682 0.7701665619 0.7691083422 0.7857809874 0.7754712304 0.5922277216 0.5960330301 0.854115147 0.5924635632 0 0.6396913381 0.6487801317 0.6261695597 0.6243894365 0.7199837118 0.8179218167 0 0.6954560261 0.8903735117
