landscape/hab_quality/256/simulation_000094_p039_h065_HABMAT_patch_more_500pix_modified.asc_ac_0.5_quality.asc
NCOLS 513
NROWS 513
XLLCORNER 0
YLLCORNER 0
CELLSIZE 9.980507
NODATA_VALUE NaN
[rows 480 to 511 of 513, columns 288 to 359 of 513]
0.8687295673 0.8723919614 0.7492729296 0.9233240633 0.5928166513 0.7717678187 0.8930490497 0.8860090624 0 0 0 0 0 0.6589761111 0 0.6500274054 0.642769116 0.6476452555 0.6437658305 0.6466228034 0.6658015651 0.6616389228 0.6684047995 0.664481344 0.5817212436 0 0.8467837832 0.838123328 0.7338046517 0.7375381241 0.7363643124 0.8856789339 0.8801044751 0.8886580497 0.6842122093 0.6765982299 0.6713461339 0.6786884734 0.7723696338 0.7701154284 0 0.7717648345 0 0.8874467418 0.6408350173 0.5718996965 0.5779407839 0 0.7090205244 0.5390992049 0.7312061511 0.5473055162 0.8489016852 0.8517166101 0.6338801219 0.6346351248 0 0.5219757561 0.8069195403 0.8068876483 0.8046940408 0.8128387496 0.6838286973 0.9242630652 0.9130959788 0.9133997483 0.9139669445 0.9096914972 0.8989615028 0 0.9008514166 0.9072507043
0.8663688037 0.7236689271 0.71882579 0.915236843 0.5056163119 0.7929644021 0.9006977083 0 0 0 0 0 0 0.7694323326 0.7613260439 0.6476183506 0.8916685626 0.6426610041 0.6496663845 0.6478438472 0.6530940208 0.6637767897 0.6605750207 0.655965066 0.6628460072 0 0.6143025431 0.8446297699 0.5416900413 0.7587367702 0.511288418 0.8841559379 0.8871894682 0.8846200998 0.6844609201 0.6761215415 0.6784720564 0 0.7771640388 0.779799332 0.7710720356 0.7420534176 0.7604114877 0.8227795385 0 0 0.8948446043 0.897795115 0.8916818234 0.6934580005 0.6950849276 0.6966173914 0.8564899399 0.5070985134 0.7729760142 0.6258826316 0 0 0 0 0.8549522408 0 0.6013252893 0.6765745861 0.9136933013 0.9158098393 0.9117052185 0.9143640334 0.9142522345 0 0.9025047131 0.9070006562
0.7137352285 0.7181367901 0.7133960315 0.9050326724 0.9067064973 0.9069871975 0.9005592298 0 0 0 0 0 0 0.7483604462 0.6611128844 0.6537341485 0.6489620321 0.6482639438 0.6403353605 0.6500416577 0.6565386524 0.6572150326 0.6543346763 0.6619552609 0.6183406494 0.6118132977 0.6188984505 0.6170809551 0.7213496737 0.6968636872 0.7586251627 0.8279985553 0.5642418309 0.632173452 0.7963830823 0.6819910866 0.7641702628 0.7648277941 0.7606265739 0.8233753942 0.8022674676 0.8012989537 0.6118743452 0.6098847853 0.623667503 0.6056497146 0.5719405874 0.8886842303 0.8948854381 0.6957315385 0.6908772116 0.6909943834 0.6985510802 0.6976507453 0 0 0 0 0 0 0.8277499075 0.6015982188 0.6001357624 0.6079590105 0.9214918439 0.9214197601 0.920433403 0.9123240292 0 0.907681958 0.9091142758 0.9072094458
0.716897492 0.7091195234 0.7176916134 0.8984780315 0.8970489837 0.8982915662 0.9019495914 0 0 0 0.8514130654 0.6083705589 0.6010763169 0.7939723967 0 0.6580670037 0.6480731355 0.6414521141 0.6402300467 0.6460319619 0.6393496937 0.6483747562 0.6522501416 0.6587773085 0.6104137544 0.6161078285 0.6262254648 0.5449007162 0.5464812004 0.5421701357 0.5687100385 0.5686902611 0.5731344123 0.7267939167 0.6263866693 0.7520232018 0.629380501 0.7597032826 0.663821252 0.6723838594 0.8074531552 0 0 0.608508856 0.6037226138 0.6081399306 0.8934862063 0.8912342167 0.6421771873 0.6987811531 0.6902927583 0.6941222503 0.6948763195 0.6922924594 0.8175946642 0.5676303969 0.7639504445 0 0 0 0.6029740621 0.60069112 0.6065122167 0 0 0 0.9215828831 0.919417877 0.8320202003 0.7210293759 0.7299397606 0.7267413331
0.7134385366 0.709321124 0.7128480159 0.905883104 0.8928414593 0.8926970265 0.8957133272 0 0.5457835285 0.5526646955 0.6040228408 0.6752220029 0 0 0 0 0 0.6380409016 0.6384678587 0.6360752029 0.6436103588 0.6490448219 0.6583093819 0.6597608192 0 0.6196877332 0 0.7456959879 0.5375341885 0.8167191473 0.5733430527 0.5646405818 0.5727432406 0.6296943727 0.6279685364 0.6261708623 0.7584283916 0.6623870932 0.656983855 0.6653784281 0.6741627126 0.6687008346 0.7301044765 0.6073336771 0.6126421547 0.6113498681 0.5611015942 0.5675293319 0.6783882487 0.690116526 0.6822804828 0.6871448239 0.688709122 0.695559758 0.5733513856 0 0.5250697749 0 0 0 0.7366135821 0.7300032759 0.6088455723 0 0.6958101269 0.5033469512 0 0.6645116177 0.6570401201 0 0.7343543459 0
0.7159782488 0.7171063892 0.8872745427 0.8841510099 0.880464368 0.8877496361 0.8881583354 0 0.7667309793 0.7601923997 0.5566209445 0.6825352993 0.6736071281 0 0 0.7360127176 0.6455142809 0 0.6332853302 0.6348637607 0.6442121548 0 0.659402222 0 0.669246881 0.7448909212 0.6287158418 0 0 0 0.8917024839 0.5685949517 0.5110194117 0.634942975 0.626940361 0.626320826 0.6346351261 0.6546742166 0.6590695597 0.572679718 0.5758051466 0 0.7546918076 0.6183868839 0.6160804615 0 0.5696304392 0 0 0 0.6819817009 0.6878310348 0.6877324637 0.6969748281 0.698221102 0.5161773232 0 0 0.8182537461 0 0.8520206085 0.628567213 0.8499022692 0.7176881914 0 0.7327989877 0 0 0 0 0 0
0.8331006278 0.7792034409 0.8874280185 0.8799917859 0.8794085741 0.889112348 0.8962736517 0 0.560723353 0.6848286169 0.6331996541 0.6811222635 0 0.6755132969 0.7270891359 0 0 0 0.6409212371 0.6383988048 0.6409265239 0.6440254637 0.8232135554 0.8296829015 0.7478088819 0.7520290476 0 0 0.5514487429 0.5149655085 0 0.766627178 0.8427379095 0.6326420935 0.6335034986 0.6323882153 0.6277160171 0.8177496465 0.6618824128 0.5684811446 0.8952314354 0.882760227 0 0.7613722463 0.7625143214 0.7566168935 0.8668981199 0 0.5612154201 0 0 0.6919211382 0.6941074347 0.6945578345 0.5081341471 0.5243168434 0.5223579593 0.6731744638 0.5904706334 0.7858563721 0.7762674869 0.8485932565 0.8565404823 0.7112111757 0.7182586234 0.841908654 0.658612213 0 0 0 0 0
0.6437409384 0.580108931 0.8819363534 0.8845725134 0.8806114587 0.8888860209 0.8987165266 0 0.5871307232 0.8486710371 0.7669929812 0.6198675221 0.6840705901 0.6817747492 0 0.7263918788 0 0 0.6895095157 0.647062464 0.6386255268 0.6433856114 0.5245343574 0 0.7536741739 0 0.5181678071 0.6338789733 0.8419763136 0.8299695116 0.8305437385 0.8387869431 0.8395668275 0.8432320703 0.8453169891 0.5229322851 0.8707583919 0.8682677686 0.562909993 0.8696782335 0.8746458881 0 0.5545848222 0.7541572507 0.7549890049 0 0 0.8745408952 0.8095238978 0.8003057706 0.6952453967 0.7005410664 0.8133501557 0.8089090842 0.8080659335 0.8094251793 0.7031339305 0.7504237995 0.7155053015 0.7834475905 0 0 0.6054575906 0.7160998454 0.7171264786 0 0 0 0 0 0 0
0.8387847519 0.8869310911 0.8843790025 0.828474389 0.8931619055 0.8931761433 0.8943692061 0 0.6539617603 0 0.5835338045 0.7572421236 0.7479586156 0.6246232883 0 0 0 0.6630625382 0 0.6453808673 0.6475033633 0.5698653767 0 0 0 0 0 0.7611460284 0.8395115958 0.8386941183 0.829439261 0.8308581631 0.5910908786 0.7932584597 0.7910138858 0.8806405922 0.8715369417 0.8741300465 0.8649421438 0.8668280317 0.8731257181 0.8800685068 0.7595792105 0.7530136882 0.7511969983 0.7464519517 0 0 0 0.8075550796 0.7990827307 0 0.7991699007 0.8035219658 0.805440672 0.578641237 0.5870302219 0.6581083451 0.6195917195 0.6145526819 0 0.6014317329 0 0 0.7466424163 0 0 0 0 0 0 0
0.895243623 0.8962553437 0.6074543899 0.7567704289 0.7640019308 0 0 0.7930421158 0 0.7822031457 0.7813953499 0.7778936947 0.7427463404 0.6282959648 0.624109233 0 0 0.6579223213 0.533233195 0.6490161337 0.6521416905 0.6522818544 0.8808586175 0 0 0 0 0.5813836593 0.5297477086 0 0.8331191726 0.8315600102 0.8341689386 0.7905520356 0.7865866863 0.8807700161 0.8740384453 0.8680445977 0.8721822761 0.8657997334 0.8742607455 0.8748144226 0.7601073257 0.7550934308 0.8067271292 0 0.8044164429 0.80936883 0.658103354 0.8078894677 0.7980033257 0.7921055372 0.7939641874 0.7975509881 0.8128928411 0 0.7957258493 0.6233157395 0.6210498505 0 0.6073162569 0.6070699858 0 0 0 0 0 0 0 0 0 0
0.5698813647 0.7600072197 0.5094349365 0.7597155028 0.7540686405 0.76379545 0.7841864845 0.7857485129 0.819634013 0.7803213417 0.7735040598 0.7737535801 0.7755819055 0.6271065093 0.6259467988 0.6502509031 0.6524569751 0.6562261864 0 0 0.7664057233 0 0.6544515476 0 0 0 0 0.6288913575 0.7452677204 0.7405048059 0.7407613656 0.6489682096 0.8335272059 0.568115425 0.7872685803 0.8773065192 0.8768635178 0.8693794346 0 0.8819047565 0 0.8816326123 0.7554644325 0 0 0.7985306833 0.8062470304 0 0 0 0.7174753088 0 0 0 0.8228628119 0.7881139215 0.789640973 0.7866564985 0 0.6145133787 0 0 0 0 0 0 0 0 0 0 0 0
0.8222568184 0 0.5305720018 0.7604587165 0.7634306851 0.7629460716 0.7881804152 0.7846602927 0.7820280237 0.7796848208 0.7820337509 0.7753678067 0.7846620377 0.5348299416 0.6335746021 0 0.6502458978 0 0 0 0.8276012978 0 0 0 0 0 0 0 0.7407092044 0.7377141952 0.7427340389 0.5088523635 0.7500752993 0.7485521795 0.753472007 0.7530239405 0.8841078346 0.8782705666 0.8737181132 0.558273505 0 0.8889825377 0 0 0.8039799149 0.803677403 0 0 0 0 0.710610979 0 0.7007586775 0 0.7135817461 0.5059400261 0.7799512941 0 0.6241005172 0 0 0 0 0 0 0 0 0 0 0 0 0
0 0.5298921551 0.5247446142 0.5210180629 0.5214789811 0.5235845094 0.5307414151 0.7843212685 0.79984345 0.7916296091 0.788563886 0.7825064898 0.7842720158 0.662291484 0.6631839049 0.6589334881 0.6522870507 0.655008999 0 0 0.8324864916 0 0 0 0 0 0 0 0 0 0.6675168975 0.6669408733 0.7573046981 0.752055751 0.7451967118 0.746045869 0.7449175018 0.5062978149 0.8828654162 0.8789315469 0 0 0 0.8085009905 0.8498865647 0 0.6523180909 0 0 0 0.7052548204 0.7038344235 0.7017963075 0.704647405 0.8911387809 0 0.7855716816 0.7885883296 0 0 0 0 0 0 0 0 0 0 0 0 0 0
0.7379509777 0.7562350054 0.5203399096 0.5281076295 0.5227744874 0.5290071363 0.522639961 0.7843876816 0.8013459978 0.7973812499 0.7974431495 0.7832259055 0.7920277026 0.6598492371 0.6574778334 0.6599180626 0.653766671 0.6582903579 0.6552386825 0 0.5839635789 0.5441222654 0.5352101467 0 0 0 0 0 0 0 0 0.6707131741 0.6729992051 0.7487570475 0.7473868238 0.7542340939 0.7539527715 0 0.8667621376 0 0 0 0 0.8380251534 0.8554165307 0.7415290246 0.6616621698 0 0.7759680634 0.7778378283 0.7046233971 0 0.7041316769 0.7078554571 0.7049065489 0 0 0 0.6406262212 0.8764122302 0 0 0 0 0 0 0 0 0 0 0 0
0.7262983045 0.7414815715 0.5191247393 0.5181350577 0.5166610015 0.5196394191 0.519263779 0.8344996387 0.831972453 0.8268021684 0.8349950745 0.8284881808 0.8330297196 0.6671697467 0.6658138866 0.6640297258 0.8461608694 0 0 0 0 0.7100710556 0.6403798647 0.6461355237 0 0 0 0 0.8579643268 0.8619949648 0.7588262408 0 0.6652027065 0.6655041447 0.6720594878 0.673104573 0.6714500474 0.6720579824 0.8170096416 0.6434753993 0 0 0 0.6009887607 0.8728648741 0.8693966609 0.5905494569 0 0 0.7702148884 0.7801145233 0 0 0 0 0 0 0 0.8182440275 0 0 0 0 0 0 0 0 0 0 0 0 0
0.7332153795 0.7375624956 0.5163957301 0.5135103769 0.516106138 0.5162548619 0.6462221701 0.5267346808 0.8300559225 0.8354676762 0.825908617 0.8247946149 0.8228715165 0.8245654359 0.8355307553 0.8336748769 0.8432262086 0 0 0 0.6929321674 0.7387942599 0.6402462739 0.6370430615 0.6269500594 0.6261087511 0 0.8527310499 0 0 0 0.65870996 0.6641362599 0.661289839 0.6648288653 0.6662744636 0.7423275121 0.543444877 0.7941005019 0 0 0 0 0.5416115501 0.8709059502 0.8651184314 0.5373608021 0 0 0.7796055003 0.7778032864 0 0.8436363321 0 0 0 0 0 0 0 0 0 0 0 0 0 0 0 0 0 0 0
0.7313336634 0.742785573 0.5163805746 0.5070290986 0.5104441736 0.5212929217 0.5259979535 0.5291020893 0.8454503279 0.8352203892 0.8199707332 0.82037629 0.8181096476 0.8183053323 0.8242570249 0.8332582698 0 0 0.5800498398 0.7317930277 0.7302505799 0.5081985031 0.643492484 0.6396096375 0.6328151529 0.6344901133 0.6281498956 0 0 0.5384942408 0 0.6526584466 0.6587510635 0.6604353903 0.6539986097 0.67251051 0.6748913395 0.5965743553 0 0.7812143182 0 0 0 0 0.5831119696 0 0.89149261 0 0 0.7827091188 0.7825460661 0 0.5552458776 0 0 0 0 0 0 0 0 0 0 0 0 0 0 0 0 0 0 0
0.5288622114 0.5234497726 0.5164312136 0.5167869177 0.5161211166 0.5296420607 0.5329443578 0.5265505019 0.8444838335 0.6900409082 0.8117190245 0.8116083986 0.8141119518 0.819972914 0.8265049783 0.8282823969 0 0.8187912312 0.6433737693 0.8890013849 0.7621504569 0.6092775785 0.6042738417 0.6418012796 0.6419554199 0.6331359829 0.7817364911 0.781800893 0.789188526 0.5289407328 0 0 0.6513112138 0.6501013281 0.6435089458 0.6537457378 0.678769419 0.5782400714 0.7602695131 0.5711041905 0 0 0 0 0 0 0.8828337071 0.8877094153 0.7169874584 0.8305004056 0.8321370748 0 0.5085582067 0 0 0 0 0 0 0 0 0 0 0 0 0 0 0 0 0 0 0
0.526658824 0.5258324134 0.520536799 0.523016975 0.5236790643 0.5326424907 0.5388161197 0.7621727228 0.7680538218 0.6965187037 0.8196805367 0.821123984 0.8120728699 0.8298764838 0.8294323305 0 0 0.6513082917 0.8357681211 0.8540509723 0 0.6001727693 0.6037212462 0.601038836 0.6372311513 0.7858669318 0.7868770007 0.7826907384 0.5567864672 0.5381911864 0 0.6427077837 0.6391823852 0.6415060061 0.6458566661 0 0.5753479564 0.583833466 0 0 0 0 0.87559408 0 0 0 0.6335011006 0.7814920209 0.8264030519 0.8228598617 0.8181830208 0 0.8237615873 0.5936269908 0.6948994327 0 0 0 0 0 0 0 0 0 0 0 0 0 0 0 0 0
0.5327123702 0.5251954309 0.5221020826 0.5223916594 0.5311910513 0.5317137172 0.5935739869 0.5406716163 0.7587763094 0.5473827856 0.8866599225 0.5758789306 0.8356526269 0.8348870469 0.8393839448 0.8519729718 0 0.8235214614 0.8390230353 0.8379037081 0.6050744536 0.5979607042 0.5977900579 0.5996378475 0.5662055252 0.6369072127 0.6446038273 0.5607833044 0.7280730479 0.5474873613 0 0 0.6345722735 0 0.6417595829 0 0 0.5751650283 0.7906119078 0 0 0.7992644462 0.7883749403 0.5562241173 0.8418911582 0 0.8069702012 0.7723525662 0.8147420347 0.8114398479 0.8158761312 0.8177477405 0.8181578948 0.6883437643 0.5276710893 0 0 0 0 0 0 0 0 0 0 0 0 0 0 0 0 0
0.5327854137 0.5319175555 0.5347510589 0.5236633672 0.5238471053 0.5328411041 0.5367991035 0.5407638005 0.5473812027 0.5495541677 0.5568188153 0.6864220055 0.8391921078 0.8358523747 0.843411403 0.8532861632 0.8073367171 0.8124156602 0.8199993537 0.8332127308 0.6073978767 0.6015580723 0.7788422288 0.6075168926 0.7384933682 0.6463176293 0.6410579571 0.5843112948 0 0 0 0 0.6361260996 0 0 0.5752546275 0.5742010712 0 0 0.5121926404 0.5069304244 0.581237213 0.7713304334 0.7715448913 0.7744594266 0 0.5920151478 0.7979905552 0 0.8138871911 0.8083957599 0.8158423513 0.5835558377 0.5091596626 0.5298142015 0 0 0 0 0 0 0 0 0 0 0 0 0 0 0 0 0
0.5410672807 0.5374604985 0.5381969798 0 0.5259298802 0.5258911774 0.5398432124 0.8287900556 0.5494327416 0.5478029436 0.5504461574 0.7444076371 0.8439976328 0.7631002923 0.5902016559 0.8107193655 0.8046291094 0.8056756912 0.8062172181 0.8112505549 0.7157439178 0.6071103492 0.609210052 0 0.7608499142 0.7025209137 0.7253529989 0 0 0 0 0 0.6442146425 0.6442224151 0.6461303529 0.5745268379 0 0 0.6574079792 0 0.5790377534 0.8299178218 0.7731747984 0.76976646 0 0 0.8056470643 0.8023199542 0.8207412432 0.8154302974 0.8165332793 0.8157093514 0.8503577919 0.5390028314 0.6418410796 0.5390726587 0 0.6890125763 0 0 0 0 0 0 0 0 0 0 0 0 0 0
0.8112953178 0.5402990271 0.5409910992 0.5452397173 0.5305120385 0.788735827 0.709515576 0.5619348018 0.5545876345 0.5558552541 0.7009772258 0.5319689399 0.53957933 0.8364604749 0.5912969672 0.5881211014 0.8102762114 0.8027597112 0.8105595839 0 0 0.879745394 0 0 0.7294907689 0.7032575073 0 0 0 0 0 0 0 0 0.7547334371 0.651191784 0 0 0.7925280695 0.5499172385 0.7453992574 0.544731447 0 0.7758155892 0.7421984489 0 0.5251632635 0.6030592469 0.5155100563 0.8324002825 0 0.8820759222 0.5820655281 0.8462419933 0 0 0.651075423 0 0 0 0 0 0 0 0 0 0 0 0 0 0 0
0.5476517399 0.5454304299 0.5412043068 0 0.5472131567 0.6876404667 0.6733050863 0.6905671655 0.5299910117 0.5264274765 0.8819599299 0.7206040015 0.7111248501 0.6749217847 0.8953107855 0 0.809919232 0.8053039872 0.8058783935 0 0 0.7031777019 0.727594686 0.721774747 0.7235645071 0.6504810753 0 0 0 0.561639946 0 0.9136580892 0.5302702144 0.6522288538 0.6453748002 0.6546609426 0 0 0.8668178088 0.7140675973 0.5576478435 0.8788652429 0.7799645578 0.8372569712 0 0 0.534000036 0 0.5987768639 0.8236721878 0.8318042152 0 0.8320339864 0 0 0 0 0 0 0 0 0 0 0 0 0 0 0 0 0 0 0
0.5532180645 0.550377913 0.5482441697 0.5214376746 0.521262909 0 0.6862879314 0.6959871443 0.5284428706 0.5204461218 0.5136088294 0.8744307721 0.7110835664 0.7131864982 0.508725937 0.5343317204 0.5280517512 0.7127650119 0.8153409988 0.8077704275 0.814657326 0.7144914724 0.7177369613 0 0 0 0 0 0 0 0.9075111419 0.8910046279 0 0.7819070399 0.8850506126 0.8010741653 0 0 0.5142576084 0.8755735428 0 0.5904810307 0.5856785864 0.5837163145 0 0 0 0.8905509704 0.8271401627 0.5259098302 0.8277305114 0.8233814421 0 0 0 0 0 0 0 0 0 0 0 0 0 0 0 0 0 0 0 0
0 0.5243766841 0.5200203855 0.5133811099 0.5096062907 0 0.699815016 0.7007993537 0 0 0.875165321 0.6606450309 0.7162047662 0.7111204868 0.5086419693 0 0.5718122846 0.5213229532 0.5294621103 0.8080688483 0.7377399044 0.7392666297 0.7120548176 0.740843216 0 0 0 0 0 0 0.9044933754 0.7844820548 0.7772692161 0.7746131634 0.7774306698 0.877602262 0.7844663714 0.5103495418 0.6034446975 0.6087609971 0.5888333408 0.5844301414 0.587147778 0.5765082721 0.5743765752 0 0.8864489148 0 0.5217240407 0.7483896299 0.5142015414 0.7176226577 0 0 0 0 0 0 0 0 0 0 0 0 0 0 0 0 0 0 0 0
0.6451483211 0.7341978626 0.5179519208 0.5110596734 0.5062119878 0 0.7015049579 0.6940620785 0 0 0.6747792987 0.7986302529 0 0.5148701119 0.7947711133 0 0.5180074937 0.5530370084 0.7189983416 0.7542746358 0.7426250461 0.7357875679 0.7335626157 0.7403265692 0 0 0 0 0 0.8952392972 0 0.783882965 0.7815898839 0.7740828693 0.7766556625 0.874981659 0.5629179151 0 0 0 0 0.5875599571 0.585594405 0.678861862 0.5672543656 0 0.8953232943 0.8935122281 0.7502022425 0.8924599013 0.8193284056 0.7197720258 0 0 0 0 0 0 0 0 0 0 0 0 0 0 0 0 0 0 0 0
0.6361378666 0 0 0 0 0 0.7409091939 0.7039706249 0.7402514022 0 0.7468473099 0 0 0.7952201102 0.5903953757 0 0.8921530002 0.8871289995 0.7271334482 0 0.7450094639 0.7420495385 0.7355697648 0.734153288 0 0 0 0 0 0.9051049658 0.9039369961 0.7843212491 0.7780023149 0.7812645107 0.7813097374 0.8803960077 0.8503897139 0.56752002 0 0 0.8645528889 0.6224581851 0.5897947516 0.5763560942 0.5700153401 0.5733184196 0.7318574902 0.7166201175 0.6196986269 0.5866370873 0.5383662505 0.7166104306 0.716875964 0 0 0 0 0 0 0 0 0 0 0 0 0 0 0 0 0 0 0
0 0.6508608628 0 0 0 0 0.6901628261 0.8374258328 0 0.7374619461 0.737929199 0 0 0 0.7935872847 0 0.8832830387 0.5694433028 0.7714008024 0 0.7524135406 0.7521012618 0.7430736303 0 0.8439568667 0.6043919014 0 0 0.9063023044 0.9099590189 0.9133391529 0.7780717308 0.7867622749 0.7837311564 0.7850392693 0.6182012734 0.6162311932 0 0 0.5807258907 0.8638513725 0.8675854729 0 0.6603645656 0.8561046301 0.7634485635 0.5464120694 0.731611916 0.6478282705 0.6486113198 0.6450205104 0 0 0 0 0 0 0 0 0 0 0 0 0 0 0 0 0 0 0 0 0
0.6562923651 0.6718144884 0.6573123677 0 0 0.8198378585 0.553031043 0.6928160363 0.7465971079 0 0.7397251109 0.7447263907 0.7858654809 0.8088416971 0.5800353781 0 0 0 0.7712476517 0.7614903626 0.7583653526 0.7613687359 0.7583178591 0.8329215633 0 0 0.5581545276 0.6200207856 0.9158253536 0.9138753752 0.8778468582 0.787162015 0.5549964343 0.7668229207 0.6086750713 0.8177320267 0 0 0 0 0.8004554965 0.8655690216 0.8306198855 0.8287093254 0 0 0 0.6562472013 0.6484889733 0.6410579586 0 0 0 0 0 0 0 0 0 0 0 0 0 0 0 0 0 0 0 0 0 0
0 0 0 0 0 0 0 0 0 0 0 0 0 0 0 0 0 0 0 0 0 0 0 0 0 0 0 0 0 0 0 0 0 0 0 0 0 0 0 0 0 0 0 0 0 0 0 0 0 0 0 0 0 0 0 0 0 0 0 0 0 0 0 0 0 0 0 0 0 0 0 0
0 0 0 0 0 0 0 0 0 0 0 0 0 0 0 0 0 0 0 0 0 0 0 0 0 0 0 0 0 0 0 0 0 0 0 0 0 0 0 0 0 0 0 0 0 0 0 0 0 0 0 0 0 0 0 0 0 0 0 0 0 0 0 0 0 0 0 0 0 0 0 0
