landscape/hab_quality/256/simulation_000066_p058_h060_HABMAT_patch_more_500pix_modified.asc_ac_0.5_quality.asc
NCOLS 513
NROWS 513
XLLCORNER 0
YLLCORNER 0
CELLSIZE 9.980507
NODATA_VALUE NaN
[rows 407 to 443 of 513, columns 85 to 169 of 513]
0.8919363299 0.528132545 0.8718139165 0.6043206572 0.648959564 0.7868798261 0.5642074783 0.5675566747 0.5533126265 0.789532762 0.7606110938 0 0.5019892855 0 0 0 0 0 0 0 0 0 0 0 0 0 0 0 0 0 0 0 0 0 0 0 0 0 0 0 0 0 0 0 0 0 0 0 0 0 0 0 0 0 0 0 0 0 0 0 0 0 0 0 0 0 0 0 0 0 0 0 0 0 0 0 0 0 0 0 0 0 0 0 0
0.8899789226 0.5153844221 0.5148595524 0.8907880442 0.7354743739 0.6435729858 0.5659732049 0.5627349925 0.5518735755 0.5553222016 0 0 0.511600857 0 0.769382307 0.7700628436 0 0 0 0 0 0 0 0 0 0 0 0 0 0 0 0 0 0 0 0 0 0 0 0 0 0 0 0 0 0 0 0 0 0 0 0 0 0 0 0 0 0 0 0 0 0 0 0 0 0 0 0 0 0 0 0 0 0 0 0 0 0 0 0 0 0 0 0 0
0.8103056335 0.5149790532 0.5135710007 0.6957086098 0.7862360264 0.6216497844 0.5646217558 0.5599107531 0 0 0 0 0 0 0.5115180437 0.511431202 0 0 0 0 0 0 0 0 0 0 0 0 0 0 0 0 0 0 0 0 0 0 0 0 0 0 0 0 0 0 0 0 0 0 0 0 0 0 0 0 0 0 0 0 0 0 0 0 0 0 0 0 0 0 0 0 0 0 0 0 0 0 0 0 0 0 0 0 0
0.8070740358 0.6490273743 0.8597865635 0.8125623134 0.6182474934 0.6181635421 0.5629970289 0 0 0 0 0 0 0 0.5066904197 0.5075316562 0.6427986659 0 0 0 0 0 0 0 0 0 0 0 0 0 0 0 0 0 0 0 0 0 0 0 0 0 0 0 0 0 0 0 0 0 0 0 0 0 0 0 0 0 0 0 0 0 0 0 0 0 0 0 0 0 0 0 0 0 0 0 0 0 0 0 0 0 0 0 0
0.7499527865 0.8485540278 0.5651330236 0.6194808662 0.6178758579 0.776600077 0.8273458923 0 0.7821554422 0.7749635777 0 0 0.5551605988 0.7502375692 0 0 0 0 0 0 0.5959720455 0 0 0 0 0 0 0 0 0 0 0 0 0 0 0 0 0 0 0 0 0 0 0 0 0 0 0 0 0 0 0 0 0 0 0 0 0 0 0 0 0 0 0 0 0 0 0 0 0 0 0 0 0 0 0 0 0 0 0 0 0 0 0 0
0.625957475 0.7861427636 0.7179448208 0.6238835231 0.6202202361 0 0.7696168666 0.7781000313 0 0.7833140242 0.5410252707 0.541157706 0.7541893987 0.7504417908 0.5078061046 0.5956692505 0.5967899852 0 0 0 0.8973561085 0 0 0 0 0 0 0 0 0 0 0 0 0 0 0 0 0 0 0 0 0 0.7839166619 0 0 0 0 0 0.7383430851 0 0 0 0 0 0 0 0 0 0 0 0 0 0 0 0 0 0 0 0 0 0.5801896815 0.7543646941 0.759560684 0.5004417221 0 0 0 0 0 0 0 0 0 0 0
0.6227766321 0.5466509805 0.8058735693 0.57498586 0.8911508206 0 0.771987735 0.7729059128 0.7802538614 0.5462601838 0.5438332708 0.5358911247 0.7426462203 0.8316103308 0.8599228207 0.5179866865 0.5893753709 0.6930826219 0.8978202713 0.8908756355 0.8911464289 0.9040583026 0.8427408714 0 0 0 0 0 0 0 0 0 0 0 0 0 0 0 0 0.5540987118 0 0.7947030192 0.7884688501 0 0 0 0.6098597331 0 0.6965485859 0 0 0 0 0 0 0 0 0 0 0 0 0 0 0 0 0 0 0 0 0.7680303288 0.7613656547 0.7555552666 0.7626837243 0.7680788881 0.8971364683 0 0 0 0 0 0 0 0 0 0
0.715183674 0.6472544483 0.6531074352 0.8723810607 0.8659997486 0.8862971252 0.8784975791 0.7441320892 0.5626939892 0.5250746386 0.5421483037 0.8087581698 0.5404756003 0.5246938665 0.5241352788 0.5465899174 0.553137652 0.676962622 0.7940377972 0.9006422293 0 0 0 0 0 0 0 0 0 0 0 0 0 0 0 0 0 0 0 0 0.6246638172 0 0.6266919004 0.6168944514 0 0.6091817855 0.7792286062 0.5348767251 0.6970523145 0 0 0 0 0 0 0 0 0 0 0 0 0 0 0 0 0 0 0 0 0 0.7080272139 0 0 0 0 0 0 0 0 0 0 0 0 0 0
0.6494125712 0.6565632708 0.8994190666 0.723716298 0.8643367621 0 0.7232274298 0.8873058362 0.8515543817 0.521302798 0.5202543904 0.5154223875 0.5217915515 0.5019085398 0.5551162798 0.7479606671 0.5310842468 0.5368091743 0.5352363786 0.5776783618 0 0 0.6382001135 0 0 0 0 0 0 0 0 0 0 0 0 0 0.6961786819 0.6935458604 0 0 0.868618459 0.6251500604 0.6903641074 0.6168850672 0 0.6115614767 0.8796464293 0 0 0.5108165822 0 0 0 0 0 0 0 0 0 0 0 0 0 0 0 0 0 0 0 0 0.7336721375 0.7676564279 0.7602759404 0.7685084259 0.7162819532 0 0 0 0 0 0 0 0 0 0
0.7344178491 0.7312650935 0.7284374491 0.8678551172 0.6343763827 0.8876128239 0.89212275 0.8230338553 0.8048525413 0.5202554103 0.7344712902 0.5220344528 0.5214561097 0.890739808 0.8476943707 0.8713932065 0.5356889418 0.5275324498 0.5738155221 0.5728604042 0.5783656233 0.5055616581 0 0 0 0 0 0 0 0 0 0 0 0 0 0 0.7121121637 0 0 0 0 0.8465697284 0.7032612073 0.6803794368 0 0 0.883330755 0 0 0 0 0 0 0 0 0 0 0 0 0 0 0 0 0 0 0 0 0 0 0 0.772986496 0.768903531 0.8147825741 0.8801416159 0.7111595994 0 0.5733481646 0 0 0 0 0 0 0 0
0.72923094 0.7251311763 0.7223104652 0.7189974709 0.829940158 0.8242158315 0.5065507159 0.8066261209 0.6720234096 0.8044788808 0.81411128 0.6170631571 0.6145394681 0.5175170946 0.842372262 0.8523438174 0.5278686475 0.5715919645 0.5730307547 0.5694534959 0.5760534323 0.5789910629 0.5747641082 0 0 0 0 0 0 0 0 0 0 0 0.8905247464 0.7307266864 0.5766935558 0 0 0 0.8368163045 0.6685408472 0.6828390209 0.6787658145 0.674616403 0 0.5440855374 0 0.5099185598 0 0.8389823663 0.8991599155 0 0 0 0 0 0 0 0 0 0 0 0 0 0 0 0 0.8302339384 0.8228957096 0.5811452226 0 0.8382058694 0.6227622544 0.6701183318 0.7118098623 0 0 0 0 0 0 0 0 0
0.5455829709 0.6435679193 0.7156072687 0.8953489296 0.7203742838 0.505089785 0.8277401681 0.6365196541 0.5234960634 0.8075706045 0.8123654421 0.6145657973 0.608488033 0.7651873034 0.7744551108 0.8494838932 0.6409502625 0.5737830236 0.5651363572 0.6758438617 0.5756857544 0.5760184805 0 0 0 0 0 0 0 0 0 0 0 0 0.8967715938 0.7551818433 0.7618113962 0.8541998542 0.6638008402 0.8086758219 0.659271242 0.8171998429 0.5164910634 0.5150880371 0.5202457125 0.6779596108 0.686258776 0.8306174454 0 0 0.8520623079 0.847786156 0 0 0 0 0 0 0 0 0 0 0 0 0 0 0 0 0 0 0 0 0.8389342452 0.8402269427 0.6545799658 0 0.5313242967 0.6910695679 0.7489113522 0.7424076288 0.742936848 0 0 0 0
0.6868862052 0.6815317576 0.7657570146 0.7118685089 0.7552770725 0.5107259319 0.8328411369 0.6292971435 0.6299658099 0.8147602056 0.8210511693 0.6133922247 0.6141383673 0.7730699681 0.7634947378 0.7689839621 0.5795782626 0.5751218482 0.5730548038 0.5681145895 0.6765864552 0.7723122708 0.6969955526 0 0 0 0 0 0 0 0 0 0 0 0 0.754564393 0 0.825370345 0.8132119157 0.8125984638 0.8082418136 0.5822099419 0.5189283273 0.5137808745 0.5162876561 0.6821905979 0.7865946854 0 0.5600917063 0.8117806564 0.7241293431 0.6582844391 0 0 0.8114308968 0.8103335251 0 0 0 0.6278142476 0.5547397465 0 0 0 0 0 0 0 0 0 0 0.7297365117 0.8439965214 0.6469320632 0 0 0 0.6846869409 0.6820748191 0.7394605107 0.743528912 0.7163681378 0.7516969278 0 0
0.6782709296 0.6785648059 0.7184026566 0.717934181 0.7121153444 0.8588473842 0.6312805747 0.5254830117 0.6304895694 0.6450452821 0.8115080335 0.8118193731 0.7493716906 0.7660426082 0.763312842 0.6769717278 0 0.6738065441 0.5446837152 0 0.847732655 0.8127679934 0.6697778982 0.7815685583 0.6654404675 0 0.7155711544 0 0.6135476351 0.8403347212 0 0 0 0 0 0 0 0.5129648035 0.8273703413 0.8107549288 0.811990546 0.5196082544 0.5159218372 0.5217862592 0.8688000252 0.6193791031 0.7912455979 0.7957101942 0.5550953492 0.5542331024 0.5984243353 0.5951309006 0.5901056071 0.6439070974 0 0.6415145023 0 0 0 0.5867678228 0 0 0 0 0 0 0 0 0 0.6863248539 0.59190644 0.8528052043 0.650758159 0 0 0 0 0.7677030693 0.7420196529 0.7434581653 0.7462433848 0.7601990861 0 0.8949808343 0
0.6746770431 0.6787359012 0.5741730642 0.8028830883 0.6428180327 0.6383846493 0.8580209994 0.5180227834 0.8111742884 0.5654505117 0.502778385 0.8135060839 0.8355883444 0.7697873439 0.6786947047 0.6728127582 0.6693457978 0 0.7222592021 0.8451597749 0.5894186568 0.5737428776 0.8514464873 0.5898210385 0.7795765112 0 0.8719342808 0.71275952 0.61132253 0.6124904028 0 0 0 0 0 0 0 0 0.5502010098 0.7919657216 0.7873937735 0.7901046355 0.7846597083 0.5182933196 0.5507062573 0.5588467658 0.6076283801 0.6161761345 0.5618266199 0.685936682 0.6203925267 0.8347123489 0.5976522665 0.643053163 0 0.7406732359 0.6446130495 0.7308331616 0.7902854713 0.7652818217 0 0 0 0 0 0 0 0 0.8697290338 0.6920430824 0.8901049916 0.7779177874 0.7297186835 0 0 0 0 0 0.6061081034 0.5312152737 0.8027453408 0.6724833548 0 0.7060801724 0
0.6763829464 0.6750456698 0.5447193686 0.6365703677 0.6333505327 0.6372472411 0.6264446915 0.6270719966 0.8348553215 0.6208330339 0.7215782805 0.7652646776 0.7029594944 0.7064363616 0.6079402795 0.7072339028 0.79642607 0.5870058829 0.5442209208 0.5855249348 0.5930147522 0.6838280904 0.7787746413 0.6638307199 0.7765400143 0.7798128785 0.604688304 0.5973908074 0.7407267356 0.5289134269 0 0 0 0 0 0 0.7463786861 0.57738168 0.6153630895 0.6766144175 0 0.7836317926 0.7877750366 0.5320172785 0.5148260582 0.5549910288 0.7899769906 0.608967529 0.6119350723 0 0 0.545980665 0 0 0 0 0.7355823012 0.9009198946 0 0.7865849329 0 0 0 0 0 0 0 0.5442196828 0.8633026542 0.8900641457 0.7349499932 0.7406805119 0.7765153339 0.5736815888 0.7201743885 0 0.6277942306 0.8585726282 0.8626240988 0.599015464 0.6014002754 0.6045240452 0.7103548042 0.7094296853 0.7055390188
0.6732492687 0 0.6410726469 0.6331605121 0.6311594522 0.6371649832 0.6671205851 0.6210989609 0.6188478788 0.6190759652 0.7257231775 0.5397784798 0.7030990436 0.6987504647 0.7030270931 0.7243772473 0.5578984779 0.5536187918 0.5453976151 0.5483330126 0.6078054153 0.6650441371 0.8620052089 0.8596857282 0.8601629895 0.7402323402 0.7415939837 0 0 0.8564028339 0 0 0 0 0 0.8608645952 0.6264252356 0.7504248771 0.5542623703 0.6672926518 0.6734172073 0.6701899934 0 0 0.5378013563 0.6845920419 0.6160112239 0 0.6188036441 0.6161058303 0.8805645289 0.8861149426 0.8880569691 0 0 0.7439450415 0.7408104829 0 0.9029700256 0 0 0 0 0 0 0 0.7325180117 0 0 0.876767612 0.8476643442 0.7972421296 0.8109886505 0.5680306518 0 0.7110328899 0 0 0.6848426152 0.5190325194 0.7257354068 0.7209928493 0.8328627713 0.7103891005 0
0.7052706246 0.7115473802 0.6411600287 0.6325459328 0.6404502552 0.5433685494 0.6325252574 0.628579442 0.625353276 0.6279313852 0.5973236262 0.7012602178 0.7081201188 0.8696847354 0.7065849153 0 0 0.5498403856 0.8555188079 0.54821165 0.6066103879 0.6125742703 0.601810753 0 0 0.7366849275 0 0.889197399 0 0 0 0 0 0 0 0.6217058303 0 0.5508778379 0.8281447265 0.6734708243 0.6655884774 0.6748331467 0.5173189027 0 0 0.710851606 0 0.7463570168 0.6249507913 0.6256894118 0 0.8807573513 0.8786308691 0 0.8468782759 0.5528396378 0.6460721307 0.841145615 0.7952508705 0.8039743972 0 0 0 0 0 0 0 0 0 0.862321109 0.659318629 0.6502841698 0.6524802793 0.7377552894 0.8260373761 0 0 0 0 0.5624357483 0 0 0.7158539941 0 0.7183754538
0.7900351513 0.7136964366 0.6382699382 0.84215961 0.641809348 0 0.6327170401 0 0.7251074226 0.7562016866 0 0.8209114016 0.5517166054 0 0.7932312177 0.5651820381 0.8094187482 0.6252688172 0.7252259793 0.8549179586 0.6079391535 0 0 0 0 0.7352883783 0.7367435438 0.8854971624 0 0 0 0 0 0 0 0 0 0.604639219 0 0 0 0.6685244261 0 0 0 0 0 0 0 0 0.844276261 0.8425755946 0.8885342295 0.6650419152 0 0 0 0.6373309111 0.8526312376 0.692076906 0.8496120254 0 0 0 0 0 0 0 0 0.7187603706 0.6528657467 0.6503435254 0.6462947701 0.8742952747 0.5863466716 0 0 0 0.7269417006 0 0 0 0.6820249314 0.7203901689 0.7202043666
0.7199088027 0.843421428 0.7880896559 0.8738168759 0.7170571743 0.7152816441 0.593694228 0.7963147082 0.7871713018 0.8946627092 0 0 0.6177288224 0.7147323749 0.7958289285 0.8261612188 0 0 0.8955095939 0 0.660073132 0 0 0 0.7796527881 0.736308423 0.7365860869 0.8871689076 0.7728540793 0 0.7734030953 0 0 0 0 0 0.8625413708 0.8158889681 0 0.5993769664 0 0.5999378421 0 0 0 0 0 0 0 0 0 0.8367323692 0.6542909747 0.5448682847 0.5161045588 0.5171078297 0 0 0.5047432054 0.8429062042 0.708222176 0.6257473083 0 0 0 0 0 0 0 0.6584043198 0.797662506 0.6513745989 0.6161222859 0.5950170874 0.5891443888 0 0 0 0.6554508648 0.8619398349 0.5535347495 0 0 0 0
0 0.8444527686 0.8726405078 0.6839735613 0.6439913911 0.6442402429 0.6426176191 0.6426988054 0.6614037787 0.7959867734 0.7888460127 0 0.6121660092 0.8702807728 0.8503473058 0 0 0 0 0.6139243025 0.8908179019 0.8590315145 0.8559351967 0 0 0 0.8033002007 0.6017901551 0.7680122984 0.7700123802 0.8716920034 0 0 0 0 0.7473021723 0 0 0 0 0.5965251322 0.6029494859 0.6009888327 0 0 0 0 0 0 0 0 0.826795261 0.8271599063 0.6603723221 0.7577564353 0.6868921487 0 0.5419928499 0.7755570033 0.8573297051 0.8507129336 0.5300469715 0 0 0 0 0 0 0.8922954432 0.892581061 0 0.5691889589 0 0 0.7155851429 0 0.7318377458 0.7376694428 0.7740151924 0.8152115723 0 0 0 0 0.8416435406
0 0.8537582143 0.6314992471 0.6506817007 0.6391606099 0.6355976453 0.6383999382 0.6394093764 0.5665765742 0.5338721339 0 0 0.6084366853 0.6158640895 0.8490826507 0 0 0 0 0 0 0 0.6216898594 0 0 0 0 0.765719027 0.7605445809 0.7637482835 0 0 0 0 0 0 0 0 0 0.6061151328 0 0 0 0 0 0 0 0 0 0 0 0.8306791209 0.8330381642 0.7483251532 0.6098517239 0.9022212591 0.8983788128 0.8628366903 0.8644186437 0.6587494622 0 0.5113085925 0.50425791 0 0 0 0.5308613683 0.8873378582 0 0.7642238717 0.5737586625 0.5683289553 0.552622498 0.7221705671 0.8734560371 0.8708426184 0.7288443652 0.7304058551 0.5681487704 0.8336921296 0 0 0.8999330181 0 0.8445289488
0 0.8607829767 0.6219518545 0 0.6414016546 0.6404668102 0.6379267909 0.5050914416 0.5171723711 0.5092961508 0.5703861872 0.6039929622 0.6111337022 0.6215862065 0.7853945624 0 0 0 0 0 0 0.567974628 0 0 0 0 0.6159855073 0.8828840451 0.8768208389 0 0 0 0 0 0 0 0 0 0 0.5736915486 0.772190161 0.5231096527 0 0 0 0 0 0 0 0 0 0 0.6778481334 0 0.9101784053 0.9031077753 0.7526502624 0 0 0 0.5706959051 0.5150293499 0.7364113879 0 0 0 0 0.8441091552 0.7904289404 0.7880190216 0.5714344952 0.6611541496 0.8931712538 0.8202993296 0.8777899507 0.7327710105 0.8711471656 0.5672930337 0.9131068014 0 0 0 0.9051545506 0.9090867442 0.5095122984
0 0 0.6248642487 0.615979092 0.6099403933 0.6484422116 0.6406660073 0.645497681 0.6765990261 0.5780975343 0.7768307437 0.6197519055 0.6127057516 0.5834410022 0 0 0 0 0 0 0 0 0 0.7264625653 0.7620539369 0.8846486025 0.881654795 0.8744750638 0.640903095 0 0 0 0 0 0 0 0 0 0 0 0 0 0 0 0 0 0 0 0 0 0 0 0.6963806465 0.878006909 0.9060972643 0.742979437 0.7427479164 0.7448587686 0.7401684074 0.5641244113 0.6116251761 0.7546458821 0 0 0 0 0.5655428432 0.7626673736 0.7805111748 0.8956323429 0.8913455563 0.8873994097 0 0.8427721583 0 0.5316931847 0.6417374688 0 0 0.9120331536 0 0 0.8995876342 0.9055912699 0.5165556375
0 0 0.6652801887 0.6128596462 0.6109079967 0.6173306017 0.6435623035 0.6439316532 0.7729739332 0.5878336404 0.7568016271 0.5953905536 0.844130147 0.6104856534 0 0 0 0 0 0.7700690425 0.7466457773 0 0 0.6240592506 0 0.8808287511 0.8786207085 0.8761373604 0 0 0 0 0 0 0 0 0 0 0 0 0 0 0 0 0 0 0 0 0 0 0.691303336 0.6883628638 0.648576283 0.701419622 0.702414721 0.7474189216 0.7390099057 0.7412866253 0.6847457242 0.6832919935 0.8031244161 0.6062486576 0 0.7432297966 0.5641692386 0.5626968992 0.5659958152 0.7855822989 0.7817181673 0.9012882445 0.895385545 0.8971471126 0 0.8957016868 0.8924871941 0.8783682713 0 0 0 0.9066960044 0.9116309178 0.9101923672 0.6087080362 0.6189732459 0.6031809463
0.6649553297 0.6613991836 0.6617343287 0.6715334825 0.6812643501 0.6856701816 0.6528479578 0.6493199706 0.8183438747 0.6680120021 0.5953318571 0.8918358929 0.6964282319 0.6897158777 0.6983072916 0 0 0 0 0.5143765023 0 0.7772238215 0.6546867223 0.6184308404 0.5326971931 0.7008438106 0.8846687271 0 0 0 0 0 0 0 0 0 0 0 0 0 0 0 0 0 0 0 0 0 0 0.579714073 0.6911998605 0.6938239294 0.5111024144 0.6982375653 0.6231704109 0.7416158156 0.7437544748 0.7411673272 0.6800989865 0.6892382646 0.6139904159 0.7434503737 0.7402050558 0.5723749339 0.5664519323 0.5600071518 0.5678846882 0.5697090073 0 0.901463536 0.898212733 0.897858176 0 0.5755306162 0.6932354402 0.7734668153 0.5129627983 0.9176955657 0.9151122288 0.9117857255 0.9179304084 0.9141508775 0.6044828687 0.6006128491 0
0.6660094958 0 0 0.6669243292 0.6718369382 0.6846139292 0.7307030214 0.8142448089 0.8065544686 0.6540102079 0.8129848782 0 0.6966497386 0.6943388954 0.7775724429 0 0 0 0 0.6252426337 0.6233262783 0.6273110987 0.6231433757 0.6994966317 0.6964463801 0.7057096459 0.6216245171 0 0 0 0 0 0 0 0 0 0 0 0 0 0 0 0 0 0 0 0.6642775903 0.6358210657 0.5306140341 0.8573753663 0.5625873683 0.6472766319 0.7039983993 0 0.6988159666 0.567333832 0.8556859445 0.7392044525 0.750377865 0.6847342601 0.6197496905 0.8217347795 0.7449659665 0.5693557512 0.5625191627 0.6808258655 0 0.7848080497 0.7836812578 0.7788246195 0.7688016685 0 0.5761262832 0.6517266923 0.8454489112 0.7143666831 0.8604933789 0.6838970642 0.8666451404 0.9174003384 0.7217180782 0.6503623152 0.6086216322 0 0
0.6725018647 0.6719151627 0 0.8505839408 0.7216849068 0.6382119116 0.641704336 0.8060283085 0.808757297 0.8019612515 0.8015576096 0.5306077386 0.528018158 0 0.7783133693 0 0 0 0.838412815 0.517497484 0 0.5498067449 0.8263721252 0 0 0.7420496736 0.8294029345 0 0 0 0 0 0 0 0 0 0 0 0 0 0 0 0 0 0 0 0 0 0.8156258525 0.5304836993 0.5596513915 0.5655433038 0.5634793276 0 0.8842208844 0.8900848597 0.8865164208 0.894894203 0.8899385513 0.5191320002 0.7581157084 0.7525439733 0.5778265103 0.5687939796 0 0.8926957339 0.6836297752 0.7857012827 0.780582341 0 0.7688488646 0.627267676 0 0.8598111171 0.7682103316 0.8389312684 0.7052944276 0.7064863266 0 0.8169898925 0.7173574089 0.7141701353 0.6691620261 0.680150116 0
0.8491071033 0.6138264012 0 0.8452553939 0.7660157977 0.6353067257 0.6410608847 0.8056662921 0.7992164265 0.7987582182 0.8046505805 0.5323088056 0.5224673615 0.6514321583 0 0 0 0 0 0.6693390175 0.8548824539 0.5913932326 0.7862595039 0 0.5108059494 0.6908790397 0 0.5351515502 0 0 0 0 0 0 0 0 0 0 0 0 0 0 0 0 0 0.7662430948 0 0.8083625785 0.829480497 0.5653300297 0.5643804892 0.5569367296 0.5179705585 0.5186310828 0 0.8842200913 0.8857309841 0 0.6361276879 0.8803042679 0.5040070957 0.7657315216 0 0 0.5299603534 0 0.8112573899 0 0 0.5207971074 0 0 0 0.8463900991 0.8481330297 0.6380293995 0.6318400175 0.5730375811 0 0.7960894972 0.5705080989 0.5840131271 0.7303562762 0.7349489781 0.8522192459
0.800005347 0.799526528 0.8479434181 0.8425141662 0.8522923385 0.7823665974 0.780532272 0.8040634482 0.805184595 0.7957840167 0 0.5231480217 0.7410019194 0.748590466 0 0 0 0.7972820843 0.7235337331 0.8550793858 0.8534111718 0.764021677 0.816148274 0.8561500558 0.687912154 0.7437055176 0.6817902527 0.6846329813 0 0 0 0 0 0 0 0 0 0 0 0 0 0 0 0 0 0 0.8100500607 0.8029693295 0.7970357098 0.8025970832 0.5271523788 0.5258361912 0.5167765618 0.5160941909 0.5111054088 0.8464020751 0 0.677727444 0.6338513439 0.6291819251 0.6294678955 0.8766162923 0.7716263221 0.5736091586 0.7376160638 0.7467422395 0.7833931819 0.5239583857 0 0 0.5116279379 0.8405049974 0 0.5679640735 0.8508043094 0.7724455705 0.7749414898 0.6862753724 0.6807802886 0.6576990647 0.6644048866 0.7085659289 0.7297950724 0.7259051219 0.7578951574
0.7978562557 0.6026210966 0.845329057 0.8426395948 0.5688915577 0.7804493108 0.7733173763 0.7771005691 0.7958017742 0.802179708 0.7960518699 0.5666794142 0.5714745151 0.5720395129 0.844751199 0.8529612264 0.8476484375 0 0 0.8051563322 0 0.8096228914 0 0 0.8497716915 0.6843569035 0.6769498353 0.6765566801 0 0 0 0 0 0 0 0 0 0 0 0 0 0 0 0 0 0 0 0.7910181399 0.7940941121 0.7970135929 0.6168193337 0.5199092023 0.5218624878 0.6195926021 0.6798727587 0.6219706513 0.6375289824 0.6397015295 0.6282389473 0.6292537381 0.6381614931 0.7407511144 0.810964561 0 0.5442612543 0 0 0.5216213161 0.5178462876 0.5124242033 0.5191307135 0 0 0.5296054977 0.5704445903 0.7738327412 0.768361815 0.6907051007 0.6602030791 0.666099135 0.6671343334 0.6757068464 0.7299751898 0.7531021031 0.748918561
0.8074152919 0.7991832325 0.8018922192 0.6672311345 0.6760623148 0 0.7760286056 0.7776048087 0.8354505982 0.8103171176 0.8047871373 0.5744677379 0.5656793788 0.5710691395 0.853945273 0.8441856642 0.5555446228 0.7323397925 0.7367629106 0 0.8038364221 0 0.8122477216 0.8964857032 0.85461781 0.8573897269 0.8226194602 0.6847623099 0 0 0 0 0 0 0 0 0 0 0 0 0 0 0 0 0 0 0.8660779926 0.7897801514 0.7887822741 0.7904085411 0.5267839317 0.5249238247 0.6298988232 0.6225941715 0.6170373172 0.5440719644 0.6318960962 0.6229252497 0.6236172783 0.7881614651 0.8608514703 0.8035466419 0 0.6041951539 0.5319620355 0.5163510667 0.8952735755 0.5209144338 0.512819772 0.5183477078 0 0.5377012964 0.5282576069 0.5360745084 0.7941725519 0.7692795345 0.5109906856 0.6565588434 0.6694439556 0.6662349541 0.670876155 0.89297776 0.7177777929 0.7196142573 0.7219533371
0.8086110444 0.807124071 0 0 0 0.5157659983 0.7333661096 0 0.7456363945 0.5449881332 0.5787492608 0.5724371087 0.5707420976 0.6542007696 0.8496155024 0.7425111569 0.7381491205 0.7157268874 0.7300558482 0.7998657843 0 0 0.7895035309 0.7888875378 0.7958103361 0.8614311248 0.8286657268 0.6859814819 0.686284573 0.7395516873 0 0 0 0 0 0 0 0 0 0 0 0 0 0 0 0 0 0 0.7955869706 0.7909507677 0.7968574373 0.6823044229 0.5851248301 0.6231529309 0.6172983768 0.6246995743 0.6227439482 0.6229377904 0.6318538295 0.8595238931 0.8005461432 0 0.7428848382 0.7740818237 0.5259052532 0.5238540267 0.5142875961 0.5155230841 0 0.5428968614 0.5427317049 0 0.5953074073 0 0.6396355247 0 0 0.5112925719 0.6753165338 0.6782914206 0.8040824764 0.7185651564 0.7183516362 0.7139864253 0.7223431593
0 0.5702712679 0 0.8492893951 0.7755157784 0 0.6148792063 0.7395366587 0.7225622924 0 0.5415440993 0.5738118402 0.6638429625 0.7827457495 0.8362072058 0.8756124307 0.7400359415 0.734683023 0.7359710251 0.7810501984 0.7843996484 0 0.7904231107 0.7885656258 0.886156232 0.8910529571 0.5622733171 0 0 0 0 0 0 0 0 0 0 0 0 0 0 0 0 0 0 0 0 0 0.6659856154 0.7956705909 0.7965393558 0.8556107396 0.5803796422 0.6313575687 0.5273985925 0.6218217237 0.61949821 0.6247114956 0.6273513334 0.8838947999 0.8676263703 0 0 0.8080219303 0.529060231 0.5242008363 0.5156813632 0.5175363084 0.7895288205 0.5346278278 0.5363045922 0.5334976905 0 0.7148917061 0.6394564891 0 0 0 0.6755197412 0.8568913642 0.6643741087 0.8528518949 0.8497110751 0.6501923604 0.6547935343
0 0.8192046401 0.8251930005 0 0 0.7463291342 0.8718536861 0.7138496147 0.7176573171 0.6568581521 0 0.7863916787 0.783733016 0.7768809565 0.6304254954 0.8364716775 0.7443315422 0 0.7346959233 0.7798885175 0.7752046415 0.7826977673 0.7860756874 0.7875397909 0.8922220797 0.886079923 0.8837742526 0 0 0 0 0 0 0 0 0 0 0 0 0 0 0 0 0 0 0 0 0 0 0 0.8051496667 0.6410172118 0.6396420188 0.5180210427 0.5189963341 0.5196073698 0 0 0.602544969 0.8646303217 0.6590780689 0.8035601875 0 0.7964412548 0 0.5160925187 0.5247807963 0.5221148144 0.6521363683 0.7800606868 0.5309206574 0.5399954052 0 0.6500758569 0.8035018588 0 0.5632869571 0.5613995908 0.6647642628 0 0.6620710253 0.6559293241 0.8449380912 0.6470379964 0.6523122589
0 0.6956165951 0 0 0 0 0.6733129743 0.7100873801 0.7162550671 0.6886133205 0.8615780085 0 0 0.5309325309 0.7826575265 0.7848130049 0.756860013 0.7494672054 0 0 0 0.7840877582 0.7890491477 0.8253348175 0.6561890666 0.8053693 0 0 0 0 0 0 0 0 0 0 0 0 0 0 0 0 0 0 0 0.8511777297 0 0.5695401288 0 0.7502453393 0.6370890051 0.6453145812 0.5213705798 0.5271620605 0.5174134184 0 0.5113959799 0 0 0.6470580742 0.6567153028 0.7974004411 0.7950949441 0.7977323453 0.8061689003 0.8152511115 0 0.5314019971 0.7865067607 0.5381334547 0.535916183 0.5333077765 0.8638791409 0.7309322076 0.8444144322 0.5628019807 0.5543974592 0 0 0.8034577669 0.7951138998 0.6615132663 0.6533836655 0.655082455 0.6622827218
0 0 0 0 0.5647964495 0.6128079664 0.5146533702 0.8317126203 0.689365858 0.6168584686 0.6162788267 0.6113923028 0.6034369505 0 0.787316862 0.7898959092 0.6216775839 0.8583841174 0.560617787 0 0.7933631567 0.7924519732 0.7898831108 0 0 0.6930719567 0 0 0 0 0 0 0 0 0 0 0 0 0 0 0 0 0 0 0.724891376 0.725025371 0.5745710827 0.5718502063 0.5779596714 0 0.5431895525 0.7932741532 0.7476151564 0.555640674 0.6067787658 0 0.5110209348 0.6449354893 0.645330247 0.6529360428 0.6562064251 0.7995108381 0.8003887674 0.797081528 0.806979856 0.8766372655 0 0.7948629333 0.7900952858 0 0.8111181824 0.8579489234 0.8091583113 0.8145342146 0.5643119446 0.6256793668 0.5742444909 0 0.8046301572 0.8003006443 0.8252306866 0.6286774483 0.6135434833 0.8702296412 0.8702675841
