landscape/hab_quality/256/simulation_000003_p057_h041_HABMAT_patch_more_500pix_modified.asc_ac_0.5_quality.asc
NCOLS 513
NROWS 513
XLLCORNER 0
YLLCORNER 0
CELLSIZE 9.980507
NODATA_VALUE NaN
[rows 0 to 30 of 513, columns 420 to 489 of 513]
0 0 0 0 0 0 0 0 0 0 0 0 0 0 0 0 0 0 0 0 0 0 0 0 0 0 0 0 0 0 0 0 0 0 0 0 0 0 0 0 0 0 0 0 0 0 0 0 0 0 0 0 0 0 0 0 0 0 0 0 0 0 0 0 0 0 0 0 0 0
0 0 0 0.6221514055 0 0 0.5302788429 0.794199575 0.7899753021 0.544965375 0.7230750864 0.7326110427 0.7717664625 0.8218066824 0 0.8861706588 0.8078824277 0.5277974494 0.5531328723 0.6174640279 0 0 0 0.7765391563 0 0.7694379847 0.8517414479 0.8910067344 0.8906618638 0.8881490397 0.7299363356 0.7120440938 0 0.7014774473 0.5953778272 0.7829195741 0.7920313519 0.7862630839 0.6399813978 0.7248313288 0.7157184678 0 0 0 0 0 0 0.6374853062 0.6295971939 0.6268888564 0.5474662494 0.5399483695 0.5394697831 0.541848502 0.5800681991 0.5827330319 0.5885540472 0.5626461327 0.6034289928 0.6893787899 0.8557890942 0.6687564161 0.8610443231 0.8296354719 0 0 0 0 0 0
0 0 0 0.6231108016 0.6216079825 0.5385275012 0.5305669298 0.7949086763 0.5409600668 0.7884837546 0.7903834902 0.7658132991 0.6297119059 0 0.7502655893 0.891149916 0.8730827084 0.7645624973 0.619330898 0.6225534046 0.7854219645 0.7819565338 0.7873882337 0.7749373419 0.7439341781 0.746423466 0.8463077091 0 0.8827915773 0.8848884261 0.7361050914 0.5350837916 0.528602291 0.530518796 0.5363610337 0.7894199582 0.7828193799 0.845990924 0.8494418437 0.7170876005 0.7223248412 0 0 0 0 0.8308007324 0 0.8441232829 0.6288091706 0.6207636139 0.6234007185 0.5431898787 0.5432143148 0.5477399471 0.7109653408 0.5887863136 0 0.8456600822 0.7639173058 0.8495680038 0.8615484113 0.8534805694 0.8576291415 0.646007702 0 0 0 0 0 0
0 0 0.5266334606 0.7260915115 0.6309663653 0.5421791442 0.5412532408 0.6194241706 0.7915834413 0.7885666829 0.7656381369 0 0 0.745083644 0 0.7437305436 0.7511775539 0.6415714503 0.6572548203 0.6239599752 0.7798576917 0.7779036929 0.5311214658 0.7792904857 0.7828610744 0.7537342258 0.8502187695 0 0.8852840911 0.8891830637 0.5275460778 0.5570144609 0.5284185994 0.528613778 0.5275945304 0.5225640666 0.8716050889 0.7879789814 0.5541816914 0.8868996308 0.6242825482 0.8338675122 0 0 0.8277446302 0.8291574372 0.8375948272 0.5593983674 0.6275227792 0.6287703026 0.6288704831 0.6315083478 0.634804645 0.5555276729 0.7558533012 0.7063651586 0 0 0.8399761029 0.8438591023 0.8557219185 0.8516662402 0 0 0 0 0 0 0 0
0.5215339777 0.6662303985 0.7207203156 0 0 0.665681827 0.7775657391 0 0.7996913471 0.7929279204 0 0.6121504782 0.6178703183 0.5565882238 0.7398025699 0.7380905479 0.7493808065 0.5778481029 0.7895063344 0.7894919109 0.7824426617 0.5012838304 0.7827310531 0.5706380318 0.7853185834 0.842810966 0.5458701239 0.7208735221 0.5419193416 0.654125529 0.6509600776 0.52528427 0.5242883239 0.5213105503 0.5219972944 0.5273319988 0.8692548438 0.7963381961 0.5516103911 0.6671261915 0.669660489 0.6718683308 0.8049646904 0 0.8785975682 0.8050971277 0.8331847916 0.8466682146 0.6611939764 0 0.6330229321 0.6297157944 0.8649818197 0.8701216735 0.8748442739 0.8409739133 0.8621872835 0.8459973561 0.8692830095 0.8502515227 0.8477666485 0 0.8584608446 0 0 0 0 0 0 0
0.6676146711 0.7131814355 0.7201049335 0.7164579437 0 0.7754869937 0.6022789211 0.6699605606 0.8593491952 0 0 0 0.8713472553 0.7456531403 0.7377977924 0.7344528751 0.7402407603 0.7469494451 0.7162515254 0.7846262309 0.789203193 0.7909660697 0.7547568395 0.759495475 0.8679695738 0.7068591851 0.8521771115 0.8198441349 0.5661794088 0.6584874705 0 0.5349413644 0.5216388034 0.5186941669 0.527602694 0.5227799694 0.6812927548 0.7531731944 0.6615118341 0.6681705126 0.6648026508 0.6676182177 0.8047910819 0.8032003669 0.8029031236 0.8051395159 0.8121528549 0.5143951707 0 0.8664315447 0 0.8565914949 0.864614315 0.8694331757 0.667546359 0.8656858787 0.8700648677 0.8610185989 0.8579172922 0.8449513079 0.8524617795 0.8442001891 0.8560030539 0 0 0 0 0 0.6455797339 0
0.620489777 0.7215287083 0 0 0.7805017376 0.7865177346 0 0 0.8582420891 0.8510995303 0 0 0 0.8339243236 0.8329229138 0.7308882494 0.7406147196 0.5390880895 0.5454729726 0.7230747058 0.5002266901 0.7583678038 0.758407677 0.7588153946 0.893980784 0 0.9022558956 0.754265147 0.7539520557 0.7472148886 0.7304816836 0.5340039215 0.5280031759 0.5206200262 0.5222996586 0.5381235291 0.5096311773 0.5057968592 0.6616493531 0.6603874083 0.6643348551 0.7593955353 0.8991119364 0 0.8122000861 0 0.6079537713 0.5243280538 0.5214310954 0.8635229158 0 0 0.8661425213 0.6587970106 0.5508805776 0.5584948726 0.5554589757 0.8610269024 0.853545336 0.8489081586 0.8391338324 0.8468919502 0.846193619 0 0 0.7906137285 0.725004311 0 0 0.7775075355
0.8743859812 0.8646636479 0.8954229441 0 0 0.7785719214 0 0.8592824064 0.8614678963 0.6245301318 0 0 0.600472794 0.8424523426 0.8328371441 0.7340881348 0.5294139239 0.5306381864 0.5191587592 0.5286288695 0.7318166439 0.5847952541 0.854635091 0.7828795909 0.8920611997 0.8969426158 0.9002378219 0.7513341253 0.7471601857 0.6337289305 0.7575863509 0.5318202701 0.5370882961 0.5335625727 0.5285285453 0.5301670304 0.5009521468 0.503384453 0.6682913291 0.6629691083 0.7552952594 0.7590433971 0.763815484 0.8128327808 0.8143771935 0.8648926151 0.5545831936 0.5856535722 0.5796082272 0.5729925297 0.5788888106 0.87235859 0.6589183452 0.5611088638 0.5555806614 0.550514517 0.5544132772 0.8634350573 0.8569409413 0.8473704408 0.8441603626 0.842986425 0.8454122507 0.8495532124 0.8533956766 0.7197405903 0 0 0.690705334 0.7621805349
0.8735390265 0.8681585097 0.8702390243 0 0 0 0.7806566693 0 0.5978495606 0.5912020837 0.5993716938 0.5109748005 0.893026885 0.8405833195 0.7437099737 0.7374412301 0.7550282784 0.5284082018 0.6216768818 0.6193342247 0.6798294196 0.5028811166 0.8507630719 0.7559862134 0.9011104891 0.9009861023 0.896907383 0.7071988169 0.6314547735 0.7517029205 0.8351369902 0.878613963 0.5403119941 0.5317707289 0.5301385309 0.5338240586 0.5688387324 0.6091832115 0.6967270897 0.7648125699 0.7953352611 0.761936876 0.762116975 0.8629280266 0.6452693898 0.8576664793 0.8624276828 0.576538034 0.5759222046 0.5689910805 0.6489222052 0.5860143552 0 0.57006941 0 0 0.6428251156 0.8570739221 0.8548307463 0.8569941008 0.8560842418 0.5104021678 0.5152962415 0.5244534081 0.7046531729 0.7104831803 0.8566149089 0.7673905221 0.7610240632 0.7692760928
0.8752179894 0 0.7255849561 0 0 0.8190489468 0.6990042166 0.8766044892 0.5993364003 0.5700660441 0.7731286523 0.7740910448 0.8005790454 0.8830974686 0.7927822657 0.7341366854 0.608205559 0.6045657934 0.6177404846 0.6206064554 0.8860921123 0.8907346687 0.5999013222 0.8605950384 0.5192339232 0.9062225039 0.8446883259 0.8492827049 0.6687206693 0.6337058128 0.5942690934 0.8872628645 0.8668474778 0.5342988167 0.541980467 0.7058826579 0.6958983664 0.6929272185 0.7000511242 0.7729861845 0.7656071764 0.745255897 0.8269719491 0.8206174462 0.8605900817 0.8647255411 0.6217592351 0.5802571636 0 0.5854110345 0.822435993 0.6477034332 0 0.5632549692 0 0 0.526356295 0.8619477134 0.5148196991 0.5087174628 0.5101097522 0.5108062691 0.5160013607 0.8212739991 0.7055388896 0.7079824602 0.8547232713 0.7636318395 0.6967534622 0.762232689
0.8773645496 0.8800955096 0.7108653652 0.7034562021 0 0.813726916 0.8145842733 0.8118088648 0.574856936 0.5745916127 0.7632438705 0.779882501 0.7920104528 0.7914284716 0.7972672768 0.6027914811 0.5979099408 0.6002650198 0.612148188 0.621579821 0.8919188905 0.5101190065 0.5252029809 0.5269178182 0.5154354048 0.5216522017 0.8452070092 0.6642896342 0.8429728234 0.5344517562 0.6562565751 0.8151709593 0.8093726471 0.8579206371 0.8123994889 0.6972357803 0.5952269555 0.6907253602 0.6971334183 0.6959655223 0.6444299718 0.8186388165 0.8142692181 0.8222074344 0.8610825303 0.6714093585 0.8995587349 0.6235952567 0.6916737097 0.8137775014 0.6508884736 0.9051127678 0.8976580827 0.5272127477 0.8546416878 0 0.6271960303 0.5114506285 0.5144523688 0.5072433134 0.5150176121 0.5167387027 0.5257796241 0.7659660746 0.7786709227 0.6422767468 0.6525993845 0 0.5411600838 0.5579199139
0 0 0.7159996862 0.7060862637 0 0.7240324014 0.8082626348 0.813582376 0 0 0.7869592876 0.7634598415 0.8005750524 0.7981957822 0.7949233105 0.6034362444 0.5972225919 0.6048285184 0.6143402716 0.6187851281 0.5058151774 0.5970905893 0 0 0.5246739015 0.5141131441 0.5373548645 0.6644463917 0.8350810381 0.8404079513 0.8116993869 0.8084253616 0.7959027586 0.7921081669 0.7919841261 0.8089158641 0.691528183 0.6918608194 0.6919589857 0.6959319255 0.820966508 0.8364091871 0.8300178089 0.8258267149 0.8302669465 0.8974371972 0.9059009522 0.8592588953 0.599933331 0.6950997352 0.8141868596 0.9031952139 0.5671241056 0.8674289534 0 0 0.6273306888 0.8985130194 0.5103802728 0.5076082197 0.5141455652 0.5217315599 0.5225797933 0.8273582063 0.6345293012 0.8423494945 0 0.6463664898 0 0.7879292638
0.5497438957 0 0 0.740824283 0.7136533934 0.8173047053 0.8166417146 0.8118438899 0 0 0 0.7695698319 0.8095633481 0.807124443 0.6105703999 0.6012230685 0.5997383613 0.6011422799 0.6073972105 0.5946859052 0.5321137483 0.512508519 0.5137662065 0 0.7992437186 0.512123862 0.5077168115 0.5115845303 0.8264704778 0.832787995 0.8257296403 0.8078520079 0.79858456 0.789735852 0.7953871693 0.7991082828 0.8030266085 0.8069518116 0.6963082744 0.7017660141 0.7052643559 0.770407173 0.8389288303 0.8346486598 0.8404969488 0.8406373412 0.7405967152 0.595140618 0.8493603486 0.8232468591 0.8450254343 0.8460232705 0.8670824878 0 0 0 0.6256758808 0 0.8944199256 0 0.5254616294 0 0.5273537303 0.6316417438 0.6328159251 0.6297553057 0.6295981206 0 0 0.7880075139
0.5576797888 0.5555847213 0.7323929313 0.7352770354 0.8602305787 0.7655212041 0.8931338589 0.8141144747 0.8149313161 0 0.774848937 0.7769001898 0.8898992392 0.6587839448 0.7068992798 0.7070282678 0.705714017 0.5675642946 0.7795788164 0.5752914569 0.5346099265 0.5832781144 0.5558779156 0.7994490411 0.792564604 0.5082937273 0.5142312656 0.5497466694 0.8291334421 0.8240859632 0.8337549179 0.7990006479 0.7900165975 0.7914851102 0.7970932681 0.8608531883 0.8612690524 0.7369526398 0.7321773384 0.7400390111 0.7477981519 0.7540493202 0.7671071048 0.5293547522 0.8392431745 0.6155920047 0.5984059328 0.6496549313 0.8337771357 0.8318922004 0.8301512301 0.8375335395 0.7983289367 0 0.7839849558 0.8778481272 0.6664706952 0.8399429906 0.9008651229 0.6337874685 0.6900948234 0 0 0.6384700201 0.630105309 0.6242282076 0.6266905071 0.623805668 0.6256636538 0
0.847003685 0 0.7359115864 0.7401055723 0.5360425597 0.5026571661 0.6060452972 0.8642034596 0.8209926575 0.8206122575 0.8261272407 0.703228666 0.5822103811 0.7928700927 0.6991949104 0.6975079661 0.5809228524 0.5814007998 0.5667003427 0.5763344461 0.5800338658 0.5600865035 0.5533642384 0.5625934442 0.7934795057 0.7977629103 0.6579093974 0.5089027086 0.8262419271 0.8307659057 0.740755633 0.7235518809 0 0.7986604417 0.8069722876 0.847066933 0.7270279449 0.7306845105 0.7329613965 0.841655251 0.77763508 0 0.7759942652 0.8338094833 0.8460401334 0.847762631 0.8598602132 0.7143245291 0.8576173685 0.828204414 0.8310208836 0.8314847993 0.7343186675 0 0 0.8687907584 0.8774455703 0.6380399868 0.6311377621 0.6383232935 0.7140260494 0.8284291862 0.786751332 0.7805968189 0.6274694619 0.6251715948 0.6188810186 0.6239607532 0.6725242489 0
0 0.5877802567 0.7768989117 0.744770693 0.7162848672 0.8485024045 0.5928889646 0.8818454433 0.7977491511 0.8274026958 0.5707179409 0.5707048873 0.573080022 0.5670340353 0.577505522 0.5872365538 0.5789733496 0.5589068385 0.5768364231 0.5686068484 0.5816663579 0.5571063059 0.7883455408 0.5689986506 0.5156395886 0.5196747216 0.5056464063 0.5041404084 0.5123281942 0.8502963722 0.8409452462 0.7230153777 0.719511836 0.7293881376 0.797159656 0.8024622727 0.7276019701 0.7246860063 0.7347235768 0.84495731 0.8379519354 0.7748846463 0.8394215762 0.8867935095 0.8816699327 0.6913312794 0.8612520373 0.8526695436 0.8632893427 0.8306803129 0.8322893913 0.840364925 0.8004996769 0 0.7732103005 0.5113119865 0.6460790307 0.6462843202 0.6306241973 0.6402449764 0.7113735009 0.7165740535 0.7862251233 0.6351123157 0.7516926189 0.6279044287 0.6231173168 0.619779322 0 0
0.835149822 0.7348870364 0.7251957987 0.6899928713 0.6024360029 0.8857724381 0.8805006354 0.8822872567 0.8348315284 0.5724126612 0.5693501225 0.5661616154 0.5637991325 0.5699795306 0.7156532522 0.5755283968 0.5643683305 0.5679411601 0.5736554905 0.6347723259 0.6339883863 0.7808570832 0.6802360103 0.7844494965 0.5130606263 0.6294861265 0.5775043069 0.6221994006 0.5100173114 0.7377368755 0.6388084651 0.7281586106 0.7277719765 0.7285981637 0.7954774484 0.8008368217 0.7309983657 0.7285994133 0.7293007962 0.8437550272 0.8474552377 0.8379128053 0.7828336141 0.6000791061 0.6976673205 0.6902319322 0.8754090731 0.8516275264 0.8519103304 0.8547087504 0.8599458183 0.796100376 0.7923244574 0 0.6457128531 0.6407324836 0.6447566001 0.6388445569 0.6436422554 0.6311722324 0.7171223595 0.6129245715 0.7213686088 0.7094636925 0.6999595062 0.7058525977 0.6233136301 0.6216775251 0.6248592595 0
0.5519702623 0.5539156866 0.5500710438 0.6789859049 0.6807324144 0.6851797279 0.7112249065 0.6711392723 0.6384368991 0.886229991 0.7216590488 0.6809878488 0.5702677691 0.565832665 0.8055774011 0.5812767531 0.5288008389 0.5688652976 0.5690744772 0.6250701757 0.7890405362 0.7982740136 0.7751050713 0.7808313185 0.515787456 0.6209669805 0.6219413803 0.8968281224 0 0.7310971932 0 0.7313580543 0.7300748305 0.7859975444 0.7861839044 0.8030886217 0 0 0 0.7587161078 0.5828767426 0.8432395469 0.5940020155 0.5989527312 0.6864462995 0.6904361219 0.8599086175 0.8500054913 0.8467522546 0.8640467636 0.6063204683 0.8565825343 0.7933112103 0.7925001646 0 0.6492115582 0.6396122646 0.6443799734 0.6408379257 0.5418426246 0.6976101089 0.8737814285 0.762734543 0.5135748308 0.7295681043 0.7268996007 0.7265625762 0.7311718057 0.5580375033 0.8484808989
0.7098859209 0.5442763732 0.598073334 0.5710372309 0.67661375 0.7296511242 0.6813693916 0.6656056788 0.6675825415 0.8877449441 0.8779124484 0.7192320854 0.5665549431 0.5090992111 0.8451020507 0.8541701531 0.8458316098 0.6302000565 0.6225758657 0.6142744209 0.6190014519 0.7886774643 0.7739022405 0.7838297987 0.6172809109 0.6225268252 0.6190341963 0.6233483758 0 0 0.7303412022 0.7372273015 0.5108140551 0.7829187519 0.7903066206 0.7924149196 0.8370000959 0.833766211 0 0.570589108 0.8616389122 0.8529295226 0.5999641522 0.5955165561 0.6767241185 0.7051777243 0.7039017074 0.8443488108 0.8460821305 0.8434201973 0.8521095799 0.8517185717 0.6690802697 0.8280811629 0.647688369 0.6476526204 0.6507315251 0.6535677161 0.6479114566 0.6569256631 0.6627862159 0.7679965309 0.7617791155 0.7611483193 0.7298737946 0.7205249841 0.7274804759 0.8007003081 0.5546092856 0.8494834293
0.843931464 0.6060701506 0.6020107183 0.5943446749 0.6791910581 0.6739326453 0.6811826996 0.6624426692 0.6662137636 0.6192538891 0.8821283092 0.7194671845 0.6608766224 0.8247245002 0.821061951 0.841426467 0.890546678 0.73879545 0.620597931 0.61419194 0.6060893122 0.782001301 0.7787671677 0 0.5535281273 0.6133979755 0.6169187776 0.6245423784 0.5253961428 0 0 0.5442282837 0.7797559558 0.8197328094 0.8094074669 0.7677203536 0.8340339344 0.8322442691 0.5679012749 0.712828283 0.8520061323 0.8583228597 0.5400182151 0.6636488066 0.6713259773 0.705894033 0.7004276272 0.6969318087 0.8429527438 0.696266149 0.8485800609 0.8559030443 0.8748820215 0 0.6479794175 0.6555976223 0.6566636822 0 0.6520513707 0.6521795144 0.6608583041 0.7674309249 0.7619458236 0.7547070252 0.7268814677 0.7212809946 0 0 0.5827589169 0.7512112782
0.8388271867 0.6007085485 0.6003242467 0.5965785622 0.6776655314 0.6755031905 0.6810090776 0.6655877486 0.6581273061 0.625960984 0.6179124945 0.878841525 0.8836955406 0.7030510945 0.7114542192 0.7993639806 0.884051117 0.883679605 0.8750380788 0.6146603992 0.6081440665 0.6141825256 0.7449603609 0.7454124438 0.8740078874 0 0.618220686 0.525715456 0.5320473542 0.5253459186 0.7865981156 0.7793643833 0.7853976373 0.786321051 0.7922688747 0.7774619521 0.8361083693 0 0.7071873143 0.7044927556 0.7135678989 0.8522757396 0.7885204365 0.6636377485 0.7005317574 0.6934162259 0.6921246039 0.6913884244 0.6873258441 0.6913012921 0.8576803342 0.8491470659 0.6590538048 0 0 0.8742855022 0 0 0.7583817792 0.6684151843 0.6735494806 0 0.7595809643 0 0 0 0 0 0 0
0.6994172762 0.5290461381 0.6101638866 0.6501437933 0.8364840896 0.5692944866 0.6588218208 0.7591815276 0.6598201253 0.6262513985 0.8864053366 0.8854875323 0.887758515 0.6456412063 0.7024289743 0.7617905043 0.875624917 0.8746770116 0.8732167001 0.8819022254 0 0.7541673858 0.7522814016 0.7026268154 0 0 0.5284025579 0 0.5139773603 0.5160985043 0 0.7809144768 0.7828360056 0.7904831807 0.7021231956 0.850894034 0.7856353693 0.8368295359 0 0 0.7003333937 0.7113448996 0.7111791025 0.6938270864 0.6928107644 0.5746567549 0.6926011661 0.6827996182 0.689693738 0.6912355461 0.6969509404 0.6515201842 0 0 0.8988303526 0.6231024858 0.6283104449 0 0 0.6681455994 0 0.5923779576 0.7673419895 0 0.8397324355 0.8343792489 0.8418662848 0.839516656 0.665386601 0.6710179057
0.8322923794 0.8254305779 0.7582285092 0.756219929 0.7493758501 0.8225809093 0.7614730417 0.7630864192 0.6176053404 0.7437503833 0.7428319922 0.7378947356 0.7433233838 0.6369364314 0.6365861124 0.6441624108 0.8838513307 0.8677720761 0.7466232432 0.7419811913 0.7440117393 0.7478429488 0.7501640047 0.5794524259 0.5705649532 0.5385724741 0.5127279259 0.5112965937 0.5121629234 0.5127506259 0.8967248995 0.7879882672 0.5053874612 0.5999095001 0.7941334043 0 0 0.6876809037 0 0.7079036622 0.7171280925 0.7084199333 0.7118009058 0.6770093315 0.6868036196 0 0.6828505331 0.6947903166 0.6927356299 0.8626615578 0 0 0 0 0.8983957742 0.5261395996 0.5272351147 0 0.6755224069 0.6736487704 0.663408759 0 0.6628580684 0.656328716 0.8341534106 0.8322224396 0.8295961408 0.6703056076 0.6665317905 0.668419057
0.5272564342 0.8230647307 0.7475611926 0.7474356052 0.7409959701 0.593335941 0.757431724 0.7545932629 0.8959889384 0.730514189 0.7294540301 0.7354528516 0.7413238252 0.6432679358 0.8871559434 0.6452686029 0.8752657942 0.8670585585 0.8788728139 0.7462158206 0.7396081915 0.7405961851 0.7453663332 0.6650618253 0 0 0 0.5067898599 0.5180660666 0.521664842 0.7207719701 0.7245953378 0.7949750674 0.7225603697 0.5321825753 0 0 0 0.7132800598 0.7092301075 0.7125668319 0.7121749588 0.6006984636 0.6794901747 0.6768686924 0.684816581 0 0.7898616104 0.7853252399 0.7809578368 0.7801224463 0.7850962845 0.8968247774 0 0 0.5140720079 0.5178598746 0.5195231107 0.5211428836 0.5316800365 0.6652609165 0.664472202 0.6561798171 0.6589649747 0.8339342612 0.8246384719 0 0.6703341791 0.5647657482 0.5626061917
0.531971818 0.5377559375 0.7366153965 0.7382163798 0.7244249609 0.57136491 0.5844055298 0.7514070968 0.7434677347 0.7382852888 0.7293926817 0.6047070795 0.6082295532 0.6078369503 0.8370395378 0.842400907 0.8734599695 0.8720990906 0.8753804542 0.7439472451 0.7486502984 0.7453158886 0.7507551339 0 0.8707182662 0 0.5120201374 0.5532775289 0.5137254645 0.723898996 0.726564897 0.7196535885 0 0.719408424 0.5358491409 0.5354444704 0.680985017 0 0 0 0.7127072427 0.6843878116 0.5351150355 0.8125618821 0.8104512715 0.668165133 0.6712447328 0 0.7835418213 0.7795348817 0.7850007189 0 0 0.9028073032 0 0 0.5130914074 0.5182539252 0.5275491191 0.523576549 0.548586863 0.6614137565 0.6660668419 0.657446295 0.8308485261 0.8312449822 0.8334046648 0 0.5668962322 0
0.530630807 0.5389441154 0.7428679391 0.7356792005 0.7384392568 0.571303758 0.5754965575 0.7471768783 0.7453856748 0.7347466328 0.735104673 0.6043636966 0.6023114127 0.6040099986 0.8268813217 0.8293276091 0.8360618448 0.877687614 0.877858638 0.687580367 0.749132417 0 0.664402602 0.5642812754 0 0 0.5534307238 0.5483768772 0.5480095189 0.5540581882 0.7293188639 0.7260160563 0.7242312823 0 0 0 0.6915364211 0 0 0 0 0.7542615236 0.8610627472 0.8031366318 0.6682823253 0.6740993584 0 0 0.7803542254 0.7884449908 0.7838165415 0 0 0 0 0.5170356115 0.5209459906 0.5175388107 0.5216553886 0.5310524639 0.5246445655 0.6684947386 0.6694730145 0.6728906622 0 0.8364107286 0.8337649765 0.8383282425 0.8433040788 0
0.5300236117 0 0.7377610545 0.7372932224 0.7361941312 0.5748341728 0.5764088833 0.7462637184 0.613696256 0.6109780428 0.607493598 0.6086665676 0.6074303682 0.6046430642 0.8284361259 0.8266774241 0.8509625229 0.8213240077 0.8201430514 0.6724672391 0.8303288331 0.6715120297 0.656751228 0.5699629093 0.5629162777 0 0 0.5563499561 0.5511703305 0.5511717201 0.5602747139 0 0 0 0 0 0.7003596827 0 0 0 0 0 0.7407408631 0.8106777034 0 0.8691252094 0 0 0 0.5016509681 0 0 0 0.7154819577 0.6845627871 0.6841157353 0.6833689013 0.6828930663 0.5292449644 0.5309598523 0.8883278166 0.7041508654 0.674131681 0.6743491642 0.6808770942 0.7665787793 0 0.8387044507 0.8397610205 0
0.7980988248 0.534589178 0.7400084338 0.7593882593 0.8872420709 0.733541727 0.8431052695 0.5508419432 0.6146051409 0.6144669527 0.6174456915 0.7314640934 0.729736507 0.6109274145 0.8349854892 0.8286306617 0.8351366722 0.5823587955 0.5773488458 0.712409715 0.6690332153 0.6768565084 0 0.5657349958 0 0 0.5604285511 0.5612668599 0.8980519947 0.5604531284 0.5696832379 0 0 0 0 0 0 0 0 0 0 0 0.5793546276 0 0 0.6205851716 0.8757497605 0.7994402648 0.5044824852 0 0.5127166786 0 0 0.7094721329 0.6889896961 0.6825982123 0.674254657 0.6786172081 0.6812015602 0.8940936861 0.7628002415 0.7059984419 0.710158668 0 0 0.8492898871 0.8763684435 0.851576428 0 0.7042720021
0.8014752633 0.697472291 0.7777179792 0.7164600096 0.7645635377 0.6351267394 0.6357082922 0.6279305058 0.6244625492 0.6251779868 0.74349729 0.7339371891 0.8564654062 0.6211830998 0.8316633357 0.7745012546 0.8365489913 0.5806813232 0.8533892481 0.8558755765 0.7895092075 0 0.5080471772 0 0 0 0.5639193458 0.5642477143 0.9057819634 0.9040029484 0.5754987995 0 0 0 0 0 0 0 0 0 0 0 0.5807056644 0 0 0.7942139958 0.7980917659 0 0 0 0.5079315339 0.5059153445 0.5088407095 0.6517367052 0.6505543597 0.6809489269 0.6814678558 0.6755696863 0.6798812607 0.5357203042 0.6825411212 0.6804755667 0.6833035095 0 0.8505426381 0 0 0.6530328416 0.7075299359 0.5363097597
0.8011017569 0.793459658 0.7136812264 0.872594434 0.713346354 0.6340578693 0.6325073664 0.6310264339 0.6195186155 0.6173844168 0.6161213293 0.622973131 0.6198726433 0.6141780052 0.6185350926 0.6897520906 0.6324282222 0.7925361662 0.8581945496 0 0.7873732859 0 0 0 0 0 0 0.8910802237 0 0.605911992 0 0.5845362999 0 0 0 0 0 0 0 0 0 0 0 0 0 0.7963650476 0.7914232921 0.8843191389 0.8847924171 0 0.5034083985 0.7636525399 0 0.6553628326 0.6523402281 0.6525055551 0.6899210429 0.6531555721 0.6803104026 0.699164205 0.5086957609 0.834796192 0.5169926453 0.5967476076 0.8605437122 0.7103612375 0.5943361994 0.6026400196 0.7088334931 0.7060479422
0.810764209 0.5802863588 0.5731385344 0.7232934058 0.7287856376 0.6346059964 0.794047702 0.6406114538 0.6262410317 0.6167523373 0.6159502167 0.6118027046 0.6111875884 0.616821341 0.5803246443 0.6230099923 0.7096259921 0.6881985027 0.6929530612 0 0 0 0 0 0 0 0.7750522086 0 0 0.6462973329 0 0 0 0.7094620189 0 0 0 0 0 0 0 0 0 0.6987555856 0.8039198086 0 0.8796851819 0.7883277974 0.8785922696 0 0 0 0.7655027202 0.6587490017 0.7435294164 0.754728495 0.5878358925 0.6615351077 0.6620092201 0.8920732675 0.6904473622 0.5950500145 0.5887239374 0 0.6352446608 0.6397329152 0.5937516821 0.8295114133 0.7129470558 0.70864602
